39.284994 0.023283 0.026196 5.000000 2.815167 -0.031879
39.253468 0.023341 0.025536 5.000000 2.815601 -0.024871
39.285750 0.023272 0.025787 5.000000 2.817280 -0.027174
39.275662 0.023266 0.025390 5.000000 2.814880 -0.021070
39.256999 0.023125 0.025153 5.000000 2.815597 -0.020002
39.295839 0.023263 0.025281 5.000000 2.816347 -0.020214
39.282976 0.023064 0.025575 5.000000 2.814422 -0.026013
39.281211 0.023129 0.025471 5.000000 2.815787 -0.026400
39.278689 0.022974 0.025377 5.000000 2.814120 -0.026883
39.291047 0.023204 0.025812 5.000000 2.815763 -0.028872
39.266835 0.023211 0.025113 5.000000 2.816587 -0.018867
39.271627 0.023197 0.024876 5.000000 2.816529 -0.014680
39.282976 0.023348 0.025634 5.000000 2.815791 -0.025394
39.280958 0.023143 0.025964 5.000000 2.815986 -0.030618
39.290794 0.023255 0.025450 6.000000 2.816353 -0.023175
39.272131 0.023298 0.025120 5.000000 2.817984 -0.017315
39.287264 0.023193 0.025590 5.000000 2.815359 -0.025529
39.282219 0.023158 0.026117 5.000000 2.814967 -0.036429
39.284994 0.023153 0.025532 5.000000 2.813453 -0.026237
39.280958 0.023222 0.025073 5.000000 2.815544 -0.017802
39.293821 0.023160 0.025778 5.000000 2.815110 -0.030224
39.265069 0.023127 0.024935 5.000000 2.814940 -0.015347
39.282724 0.023232 0.025165 5.000000 2.815675 -0.020126
39.270618 0.023325 0.025243 5.000000 2.815476 -0.019361
39.269609 0.023059 0.025495 5.000000 2.816137 -0.024006
39.273644 0.023185 0.025346 5.000000 2.817407 -0.023599
39.264313 0.023135 0.025809 5.000000 2.815597 -0.028599
39.282976 0.023289 0.025477 5.000000 2.815647 -0.021690
39.272383 0.022999 0.025966 5.000000 2.814587 -0.034074
39.283228 0.023269 0.026609 5.000000 2.814625 -0.038830
39.283228 0.023009 0.025431 5.000000 2.815070 -0.026265
39.273392 0.023284 0.025392 5.000000 2.815782 -0.021946
39.287516 0.023198 0.024815 5.000000 2.815664 -0.013046
39.263808 0.023145 0.025247 5.000000 2.815923 -0.022589
39.272383 0.023306 0.024673 6.000000 2.816223 -0.008820
39.287011 0.023307 0.026036 5.000000 2.815841 -0.031639
39.273392 0.023242 0.025283 5.000000 2.813888 -0.020091
39.271375 0.023206 0.024977 5.000000 2.815707 -0.016408
39.290542 0.023249 0.025828 5.000000 2.814577 -0.030278
39.279697 0.023098 0.024789 5.000000 2.816820 -0.015675
39.275662 0.023268 0.025442 5.000000 2.814153 -0.022122
39.278689 0.023135 0.026215 5.000000 2.814761 -0.035062
39.267339 0.023061 0.025685 5.000000 2.814567 -0.026392
39.288525 0.023032 0.025642 5.000000 2.815438 -0.031397
39.286003 0.023177 0.025469 5.000000 2.816334 -0.025697
39.277932 0.023244 0.026174 5.000000 2.816133 -0.031736
39.261286 0.023205 0.025754 5.000000 2.815919 -0.028071
39.284741 0.023046 0.025360 5.000000 2.814481 -0.024488
39.266835 0.023172 0.026352 5.000000 2.815513 -0.038687
39.269105 0.023101 0.026560 5.000000 2.816365 -0.038495
39.280454 0.023243 0.026115 5.000000 2.815741 -0.033021
39.275410 0.022998 0.025267 5.000000 2.816116 -0.022903
39.270113 0.023050 0.025027 5.000000 2.816242 -0.019108
39.248928 0.023091 0.025504 5.000000 2.813350 -0.026998
39.273897 0.023063 0.025542 5.000000 2.814689 -0.026548
39.290794 0.023083 0.025625 5.000000 2.813880 -0.028920
39.278941 0.023202 0.025534 5.000000 2.816264 -0.025889
39.280706 0.023017 0.025527 5.000000 2.813961 -0.026160
39.273140 0.023141 0.025097 5.000000 2.816106 -0.017820
39.268600 0.023051 0.025975 5.000000 2.815402 -0.032842
39.260025 0.023211 0.024837 5.000000 2.816443 -0.013259
39.274653 0.023428 0.025648 5.000000 2.816992 -0.022964
39.274149 0.023298 0.025681 5.000000 2.816332 -0.025292
39.273897 0.023240 0.025685 5.000000 2.815137 -0.026099
39.269357 0.022912 0.024900 6.000000 2.814806 -0.019154
39.273644 0.023310 0.025870 5.000000 2.815277 -0.031082
39.282219 0.023210 0.024671 5.000000 2.815201 -0.010992
39.289786 0.023108 0.026089 5.000000 2.814193 -0.034261
39.276419 0.023418 0.025202 5.000000 2.815598 -0.015701
39.282472 0.023313 0.026574 6.000000 2.816582 -0.035528
39.280202 0.023461 0.025806 5.000000 2.816785 -0.025678
39.265069 0.023122 0.025303 5.000000 2.815610 -0.023967
39.297604 0.023204 0.024929 5.000000 2.816482 -0.013629
39.291047 0.023132 0.025128 5.000000 2.815261 -0.021280
39.280454 0.023276 0.025135 6.000000 2.813803 -0.019815
39.279445 0.023162 0.024499 5.000000 2.816625 -0.006544
39.270870 0.022998 0.025736 5.000000 2.814998 -0.031095
39.281967 0.023376 0.024811 5.000000 2.817588 -0.012733
39.270366 0.023008 0.026539 5.000000 2.815865 -0.040412
39.269861 0.023191 0.025874 5.000000 2.814530 -0.031227
39.288525 0.023385 0.025893 5.000000 2.816238 -0.028428
39.274653 0.023340 0.026167 5.000000 2.814736 -0.034076
39.274149 0.023378 0.025327 5.000000 2.816874 -0.018624
39.261034 0.023105 0.025991 5.000000 2.815672 -0.031721
39.272131 0.023125 0.025291 5.000000 2.817408 -0.021880
39.294830 0.023076 0.026215 5.000000 2.813879 -0.035827
39.265826 0.023330 0.025739 5.000000 2.816099 -0.026968
39.263304 0.023236 0.024920 5.000000 2.816470 -0.016234
39.283480 0.023378 0.025720 5.000000 2.816052 -0.025692
39.273140 0.023257 0.025872 5.000000 2.815173 -0.028076
39.273644 0.023093 0.025125 5.000000 2.816460 -0.020516
39.270618 0.023062 0.025552 5.000000 2.813734 -0.025998
39.274401 0.023120 0.025882 5.000000 2.813888 -0.030941
39.270870 0.023075 0.025382 5.000000 2.815587 -0.025846
39.275662 0.022904 0.025265 5.000000 2.814926 -0.023003
39.284994 0.023230 0.025282 5.000000 2.814930 -0.019589
39.260277 0.022978 0.025455 6.000000 2.817148 -0.025619
39.274905 0.023264 0.025229 5.000000 2.816385 -0.019908
39.284237 0.023282 0.025888 5.000000 2.815030 -0.028266
39.271122 0.023263 0.025963 5.000000 2.815508 -0.030768
