30.8889 1.0000 2941.9744 0.2427 0.0808 -0.3023 3.1355 6.0000 14.1166 0.0057 
30.8864 1.0000 2942.0207 0.2400 0.0810 -0.2977 3.1338 6.0000 13.2377 0.0065 
30.8636 1.0000 2926.2421 0.2432 0.0805 -0.3032 3.1340 6.0000 13.9451 0.0060 
30.8821 1.0000 2937.3257 0.2420 0.0800 -0.3023 3.1332 6.0000 13.9829 0.0058 
30.9003 1.0000 2943.5125 0.2437 0.0802 -0.3046 3.1257 6.0000 14.2022 0.0057 
30.9069 1.0000 2947.9284 0.2436 0.0818 -0.3017 3.1352 6.0000 13.8513 0.0057 
30.9112 1.0000 2946.6931 0.2442 0.0812 -0.3020 3.1379 6.0000 11.6557 0.0057 
30.8922 1.0000 2943.6631 0.2405 0.0795 -0.3008 3.1334 7.0000 12.2679 0.0057 
30.8587 1.0000 2920.9142 0.2441 0.0816 -0.3042 3.1357 6.0000 13.4994 0.0057 
30.9082 1.0000 2950.4104 0.2420 0.0805 -0.3016 3.1312 6.0000 13.9447 0.0058 
30.9227 1.0000 2952.1212 0.2430 0.0810 -0.2997 3.1359 6.0000 13.9385 0.0057 
30.9096 1.0000 2945.1125 0.2423 0.0798 -0.3037 3.1303 6.0000 1.6266 0.0054 
30.8848 1.0000 2935.7511 0.2425 0.0810 -0.3030 3.1331 7.0000 2.2873 0.0052 
30.9071 1.0000 2949.1296 0.2414 0.0810 -0.2989 3.1339 6.0000 2.3183 0.0060 
30.9150 1.0000 2953.5507 0.2395 0.0806 -0.2967 3.1334 6.0000 3.2024 0.0074 
30.9107 1.0000 2947.6283 0.2418 0.0805 -0.3006 3.1353 7.0000 3.0823 0.0066 
30.9129 1.0000 2944.9690 0.2402 0.0792 -0.3010 3.1314 6.0000 3.5443 0.0060 
30.8992 1.0000 2941.1212 0.2434 0.0799 -0.3035 3.1319 7.0000 3.6760 0.0060 
30.8848 1.0000 2939.7097 0.2417 0.0806 -0.3017 3.1338 6.0000 5.4005 0.0065 
30.9276 1.0000 2958.4101 0.2418 0.0795 -0.3027 3.1288 6.0000 5.8300 0.0065 
30.9183 1.0000 2954.0283 0.2381 0.0790 -0.2977 3.1278 7.0000 5.8401 0.0060 
30.9028 1.0000 2947.6705 0.2409 0.0812 -0.2968 3.1353 6.0000 5.4000 0.0048 
30.9259 1.0000 2955.6743 0.2396 0.0800 -0.2993 3.1315 7.0000 1.7042 0.0060 
30.9006 1.0000 2947.4169 0.2422 0.0800 -0.3027 3.1358 6.0000 2.3288 0.0056 
30.8821 1.0000 2934.8096 0.2417 0.0799 -0.3024 3.1351 6.0000 2.3757 0.0065 
30.8592 1.0000 2930.5994 0.2384 0.0793 -0.2989 3.1343 6.0000 2.2355 0.0065 
30.8998 1.0000 2944.0202 0.2430 0.0806 -0.3047 3.1275 6.0000 2.2900 0.0060 
30.9368 1.0000 2960.5212 0.2441 0.0794 -0.3072 3.1264 6.0000 2.6353 0.0066 
30.9011 1.0000 2948.5052 0.2409 0.0798 -0.3013 3.1340 7.0000 2.8994 0.0066 
30.8870 1.0000 2942.6413 0.2413 0.0784 -0.3026 3.1324 6.0000 3.0335 0.0066 
30.8903 1.0000 2941.1830 0.2432 0.0788 -0.3065 3.1244 6.0000 2.8489 0.0066 
30.9001 1.0000 2936.8587 0.2418 0.0805 -0.3012 3.1358 6.0000 3.0747 0.0066 
30.9022 1.0000 2949.2184 0.2415 0.0796 -0.3011 3.1322 6.0000 3.0337 0.0059 
30.9131 1.0000 2947.9213 0.2426 0.0802 -0.3030 3.1323 7.0000 1.5867 0.0060 
30.8856 1.0000 2940.4319 0.2393 0.0796 -0.2989 3.1344 6.0000 2.3188 0.0057 
30.9112 1.0000 2943.7176 0.2402 0.0802 -0.2979 3.1365 7.0000 2.4711 0.0067 
30.9025 1.0000 2949.3660 0.2416 0.0812 -0.2986 3.1363 7.0000 2.2868 0.0066 
30.8840 1.0000 2935.7426 0.2449 0.0809 -0.3054 3.1331 7.0000 2.6274 0.0057 
30.8829 1.0000 2943.5128 0.2357 0.0794 -0.2930 3.1341 6.0000 2.6680 0.0057 
30.9041 1.0000 2945.6718 0.2431 0.0805 -0.3004 3.1348 6.0000 5.2370 0.0067 
30.8821 1.0000 2940.4428 0.2393 0.0802 -0.2995 3.1349 6.0000 7.5664 0.0057 
30.8897 1.0000 2943.1255 0.2399 0.0809 -0.2988 3.1356 6.0000 7.3483 0.0061 
30.8742 1.0000 2930.5896 0.2454 0.0803 -0.3087 3.1315 6.0000 7.1715 0.0066 
30.8932 1.0000 2940.3676 0.2426 0.0796 -0.3034 3.1327 6.0000 6.0277 0.0061 
30.9109 1.0000 2949.3633 0.2403 0.0805 -0.2983 3.1327 6.0000 4.8814 0.0060 
30.8843 1.0000 2932.5272 0.2438 0.0806 -0.3037 3.1310 6.0000 1.7005 0.0063 
30.9031 1.0000 2945.8053 0.2434 0.0808 -0.3019 3.1272 6.0000 2.5063 0.0060 
30.8799 1.0000 2936.6860 0.2435 0.0809 -0.3025 3.1344 7.0000 2.4657 0.0064 
30.9096 1.0000 2948.2026 0.2422 0.0808 -0.2996 3.1374 6.0000 2.3609 0.0063 
30.8834 1.0000 2936.7770 0.2432 0.0806 -0.3024 3.1320 7.0000 2.5022 0.0057 
30.8794 1.0000 2939.7249 0.2396 0.0789 -0.3015 3.1315 6.0000 2.2854 0.0064 
30.8824 1.0000 2934.6095 0.2424 0.0801 -0.3035 3.1345 7.0000 2.5958 0.0071 
30.8981 1.0000 2944.0477 0.2417 0.0813 -0.2998 3.1386 7.0000 2.4931 0.0071 
30.9009 1.0000 2946.7797 0.2408 0.0802 -0.3013 3.1334 7.0000 2.7051 0.0071 
30.9071 1.0000 2949.5741 0.2431 0.0800 -0.3028 3.1338 7.0000 2.8083 0.0066 
30.8916 1.0000 2946.1705 0.2421 0.0798 -0.3028 3.1303 6.0000 2.9051 0.0066 
30.8892 1.0000 2943.4684 0.2423 0.0807 -0.3043 3.1333 7.0000 2.3747 0.0071 
30.8666 1.0000 2924.9589 0.2426 0.0802 -0.3039 3.1303 7.0000 2.2894 0.0055 
30.9017 1.0000 2946.1294 0.2394 0.0800 -0.2977 3.1334 7.0000 2.8164 0.0055 
30.8913 1.0000 2933.3908 0.2445 0.0798 -0.3063 3.1299 6.0000 2.3301 0.0068 
30.9099 1.0000 2945.6378 0.2451 0.0818 -0.3048 3.1343 6.0000 2.3624 0.0062 
30.8660 1.0000 2933.5199 0.2424 0.0809 -0.3020 3.1395 8.0000 2.5033 0.0065 
30.8826 1.0000 2936.1375 0.2407 0.0807 -0.3018 3.1347 6.0000 2.7982 0.0062 
30.9262 1.0000 2954.2486 0.2438 0.0793 -0.3057 3.1289 6.0000 4.0423 0.0063 
30.9066 1.0000 2945.8483 0.2402 0.0796 -0.3008 3.1327 6.0000 3.5151 0.0062 
30.8829 1.0000 2934.9148 0.2414 0.0813 -0.2993 3.1343 6.0000 2.7398 0.0062 
30.8682 1.0000 2929.4050 0.2410 0.0803 -0.3028 3.1388 6.0000 3.0287 0.0062 
30.9175 1.0000 2955.4526 0.2426 0.0817 -0.2994 3.1373 6.0000 1.6307 0.0066 
30.8829 1.0000 2937.1874 0.2438 0.0799 -0.3051 3.1269 6.0000 1.7971 0.0074 
30.8780 1.0000 2935.2075 0.2443 0.0805 -0.3037 3.1318 6.0000 2.3278 0.0049 
30.8946 1.0000 2940.6607 0.2417 0.0784 -0.3043 3.1305 6.0000 2.3772 0.0050 
30.8870 1.0000 2942.9436 0.2411 0.0798 -0.3013 3.1333 6.0000 2.3743 0.0054 
30.8905 1.0000 2944.0534 0.2435 0.0809 -0.3035 3.1350 6.0000 2.5068 0.0055 
30.8946 1.0000 2943.0463 0.2457 0.0807 -0.3056 3.1348 7.0000 2.5961 0.0049 
30.8957 1.0000 2946.4763 0.2399 0.0814 -0.2970 3.1408 6.0000 2.6793 0.0071 
30.8804 1.0000 2938.5316 0.2460 0.0812 -0.3082 3.1304 6.0000 3.9536 0.0071 
30.8685 1.0000 2928.2840 0.2415 0.0802 -0.3025 3.1337 6.0000 3.9526 0.0071 
30.8821 1.0000 2941.0068 0.2404 0.0796 -0.3000 3.1354 7.0000 3.6924 0.0052 
30.8573 1.0000 2928.8301 0.2411 0.0808 -0.3006 3.1323 6.0000 2.4180 0.0063 
30.9344 1.0000 2960.2391 0.2415 0.0799 -0.3013 3.1320 7.0000 2.3750 0.0059 
30.9316 1.0000 2960.7446 0.2388 0.0809 -0.2946 3.1350 6.0000 1.6720 0.0065 
30.9194 1.0000 2955.0038 0.2420 0.0797 -0.3011 3.1333 6.0000 2.3734 0.0070 
30.9164 1.0000 2952.5172 0.2401 0.0792 -0.2993 3.1276 6.0000 2.4175 0.0068 
30.9336 1.0000 2962.1277 0.2407 0.0817 -0.2991 3.1357 6.0000 2.4664 0.0058 
30.8666 1.0000 2932.7868 0.2416 0.0800 -0.3042 3.1361 6.0000 2.5545 0.0064 
30.8941 1.0000 2943.8627 0.2410 0.0804 -0.2998 3.1299 6.0000 2.6459 0.0062 
30.9031 1.0000 2948.5792 0.2405 0.0815 -0.2980 3.1394 6.0000 3.5696 0.0065 
30.9243 1.0000 2952.7813 0.2447 0.0805 -0.3057 3.1336 7.0000 3.2415 0.0065 
30.8853 1.0000 2940.8211 0.2386 0.0810 -0.2973 3.1345 6.0000 2.4634 0.0062 
30.8916 1.0000 2943.4297 0.2399 0.0795 -0.3005 3.1331 8.0000 1.7011 0.0054 
30.9028 1.0000 2949.1076 0.2390 0.0790 -0.2991 3.1350 6.0000 2.5062 0.0054 
30.8693 1.0000 2932.6528 0.2388 0.0797 -0.2970 3.1354 6.0000 2.5372 0.0054 
30.8764 1.0000 2936.4542 0.2423 0.0803 -0.3016 3.1330 6.0000 2.3761 0.0054 
30.9077 1.0000 2946.1792 0.2466 0.0812 -0.3044 3.1311 7.0000 2.4605 0.0054 
30.8894 1.0000 2934.7345 0.2440 0.0817 -0.3028 3.1377 6.0000 1.6303 0.0054 
30.8938 1.0000 2946.4790 0.2415 0.0813 -0.2996 3.1338 6.0000 2.4646 0.0054 
30.8851 1.0000 2940.6375 0.2393 0.0805 -0.2970 3.1385 6.0000 2.5597 0.0054 
30.9191 1.0000 2955.3194 0.2412 0.0799 -0.2997 3.1327 6.0000 4.3061 0.0054 
30.9052 1.0000 2947.9709 0.2398 0.0796 -0.2973 3.1372 7.0000 3.8263 0.0054 
30.9186 1.0000 2950.7781 0.2447 0.0803 -0.3054 3.1308 7.0000 4.2666 0.0054 
