30.9048 11.0000 2948.1106 0.2753 0.0925 -0.3041 3.1940 7.0000 13.6756 0.0059 
30.9251 11.0000 2953.5997 0.2764 0.0920 -0.3073 3.1907 7.0000 16.4442 0.0059 
30.9449 11.0000 2965.1165 0.2791 0.0932 -0.3069 3.1902 7.0000 13.7622 0.0059 
30.9281 11.0000 2959.9585 0.2732 0.0928 -0.3007 3.1944 7.0000 16.4918 0.0053 
30.9447 11.0000 2965.2418 0.2754 0.0911 -0.3068 3.1900 7.0000 16.4921 0.0053 
30.9384 11.0000 2962.2409 0.2783 0.0921 -0.3056 3.1917 6.0000 17.2326 0.0044 
30.9290 11.0000 2960.7337 0.2776 0.0942 -0.3040 3.1983 8.0000 17.3216 0.0051 
30.9304 11.0000 2960.1615 0.2745 0.0915 -0.3075 3.1916 7.0000 16.3574 0.0051 
30.9174 11.0000 2951.9729 0.2794 0.0940 -0.3096 3.2004 6.0000 16.8390 0.0059 
30.9512 11.0000 2967.4045 0.2761 0.0921 -0.3077 3.1953 7.0000 17.5389 0.0059 
30.9493 11.0000 2965.5850 0.2780 0.0925 -0.3075 3.1891 6.0000 17.2776 0.0059 
30.9293 11.0000 2959.6359 0.2751 0.0940 -0.3033 3.1939 7.0000 1.8499 0.0044 
30.9127 11.0000 2954.8294 0.2739 0.0913 -0.3059 3.1954 7.0000 2.5499 0.0044 
30.9225 11.0000 2954.9101 0.2744 0.0902 -0.3104 3.1889 7.0000 2.7288 0.0044 
30.9225 11.0000 2953.2250 0.2778 0.0923 -0.3112 3.1897 7.0000 3.2127 0.0043 
30.9031 11.0000 2949.2955 0.2756 0.0917 -0.3100 3.1966 7.0000 3.3026 0.0048 
30.9220 11.0000 2957.5782 0.2773 0.0914 -0.3121 3.1904 7.0000 3.7692 0.0052 
30.9482 11.0000 2968.3889 0.2729 0.0906 -0.3058 3.1957 7.0000 3.4225 0.0052 
30.9617 11.0000 2971.0285 0.2753 0.0912 -0.3087 3.1926 7.0000 6.2577 0.0053 
30.9379 11.0000 2958.0205 0.2752 0.0921 -0.3086 3.1916 6.0000 6.1693 0.0053 
30.9071 11.0000 2947.5359 0.2745 0.0921 -0.3048 3.1936 6.0000 6.1752 0.0052 
30.9505 11.0000 2965.0565 0.2752 0.0918 -0.3082 3.1938 8.0000 5.8462 0.0056 
30.9367 11.0000 2962.6699 0.2768 0.0912 -0.3106 3.1908 7.0000 2.7738 0.0059 
30.9528 11.0000 2971.2313 0.2766 0.0917 -0.3065 3.1849 6.0000 1.9342 0.0038 
30.9498 11.0000 2964.9846 0.2739 0.0916 -0.3048 3.1945 6.0000 2.8169 0.0052 
30.9386 11.0000 2962.2785 0.2766 0.0928 -0.3061 3.1900 7.0000 2.9443 0.0055 
30.9251 11.0000 2957.6662 0.2725 0.0901 -0.3085 3.1928 6.0000 3.0350 0.0055 
30.9232 11.0000 2952.1676 0.2760 0.0916 -0.3079 3.1931 7.0000 4.7302 0.0051 
30.9125 11.0000 2953.6723 0.2746 0.0924 -0.3067 3.1944 7.0000 3.0519 0.0051 
30.9220 11.0000 2951.8207 0.2808 0.0933 -0.3132 3.1958 7.0000 3.6227 0.0051 
30.9349 11.0000 2959.6774 0.2775 0.0911 -0.3101 3.1865 7.0000 4.5008 0.0051 
30.9549 11.0000 2969.4767 0.2741 0.0925 -0.3039 3.1958 7.0000 4.4858 0.0047 
30.9680 11.0000 2976.3835 0.2750 0.0926 -0.3026 3.1896 6.0000 4.2655 0.0047 
30.9034 11.0000 2949.7346 0.2768 0.0928 -0.3076 3.1948 7.0000 1.9823 0.0048 
30.9244 11.0000 2956.1625 0.2765 0.0903 -0.3097 3.1864 6.0000 2.9006 0.0046 
30.9164 11.0000 2954.3172 0.2747 0.0907 -0.3087 3.1941 6.0000 2.8862 0.0051 
30.9104 11.0000 2951.1048 0.2770 0.0917 -0.3109 3.1922 6.0000 3.1243 0.0050 
30.9274 11.0000 2954.5570 0.2736 0.0915 -0.3079 3.1950 7.0000 3.1691 0.0047 
30.9412 11.0000 2963.8793 0.2749 0.0913 -0.3079 3.1904 7.0000 3.4983 0.0055 
30.9181 11.0000 2954.1036 0.2758 0.0912 -0.3069 3.1904 6.0000 4.2688 0.0055 
30.9204 11.0000 2954.8919 0.2735 0.0903 -0.3057 3.1881 6.0000 5.0770 0.0045 
30.9288 11.0000 2958.2794 0.2745 0.0923 -0.3038 3.1929 7.0000 5.4685 0.0045 
30.9351 11.0000 2962.1811 0.2753 0.0911 -0.3062 3.1944 6.0000 5.3459 0.0045 
30.9370 11.0000 2964.7670 0.2708 0.0915 -0.3009 3.1933 7.0000 5.0171 0.0045 
30.9428 11.0000 2967.3025 0.2750 0.0925 -0.3019 3.1891 6.0000 1.9784 0.0045 
30.9300 11.0000 2958.6818 0.2762 0.0912 -0.3091 3.1874 7.0000 2.8623 0.0046 
30.9470 11.0000 2968.7330 0.2734 0.0914 -0.3060 3.1926 7.0000 2.8602 0.0056 
30.9328 11.0000 2960.5292 0.2714 0.0906 -0.3008 3.1930 6.0000 1.9776 0.0050 
30.9423 11.0000 2965.2598 0.2694 0.0913 -0.3001 3.1945 7.0000 2.9031 0.0047 
30.9167 11.0000 2952.3228 0.2764 0.0926 -0.3056 3.1914 6.0000 3.0330 0.0044 
30.9346 11.0000 2959.0023 0.2756 0.0918 -0.3076 3.1912 6.0000 5.9598 0.0050 
30.9486 11.0000 2967.6261 0.2781 0.0909 -0.3113 3.1917 6.0000 5.4944 0.0050 
30.9367 11.0000 2960.5873 0.2751 0.0916 -0.3059 3.1956 6.0000 3.5325 0.0053 
30.9192 11.0000 2954.3863 0.2767 0.0917 -0.3103 3.1888 7.0000 4.5870 0.0053 
30.9148 11.0000 2953.9500 0.2748 0.0908 -0.3066 3.1898 7.0000 4.6648 0.0053 
30.9444 11.0000 2959.6452 0.2755 0.0922 -0.3056 3.1901 7.0000 4.3134 0.0053 
30.9318 11.0000 2961.3021 0.2731 0.0911 -0.3055 3.1944 6.0000 2.9020 0.0061 
30.9134 11.0000 2952.9337 0.2755 0.0910 -0.3103 3.1955 7.0000 1.9368 0.0057 
30.9423 11.0000 2964.8158 0.2752 0.0909 -0.3070 3.1884 6.0000 2.9015 0.0044 
30.9510 11.0000 2969.9351 0.2680 0.0901 -0.2994 3.1931 7.0000 2.9461 0.0063 
30.9328 11.0000 2957.8758 0.2767 0.0911 -0.3107 3.1914 7.0000 2.9812 0.0051 
30.9321 11.0000 2959.4711 0.2758 0.0916 -0.3073 3.1876 7.0000 2.8154 0.0058 
30.9237 11.0000 2956.0595 0.2755 0.0931 -0.3058 3.1923 8.0000 2.9025 0.0052 
30.9442 11.0000 2965.3891 0.2779 0.0941 -0.3084 3.1935 6.0000 3.7895 0.0057 
30.9244 11.0000 2958.1660 0.2744 0.0915 -0.3051 3.1907 7.0000 3.3928 0.0057 
30.9178 11.0000 2956.5327 0.2733 0.0911 -0.3037 3.1893 6.0000 3.8170 0.0054 
30.9104 11.0000 2955.0131 0.2749 0.0926 -0.3056 3.1964 7.0000 3.7793 0.0050 
30.8982 11.0000 2945.0044 0.2768 0.0922 -0.3119 3.1878 7.0000 1.9819 0.0049 
30.9507 11.0000 2967.9134 0.2745 0.0906 -0.3103 3.1903 7.0000 2.8584 0.0053 
30.8905 11.0000 2944.0296 0.2730 0.0935 -0.3012 3.1988 6.0000 2.8592 0.0044 
30.9276 11.0000 2959.9844 0.2759 0.0931 -0.3043 3.1953 7.0000 2.9420 0.0054 
30.9339 11.0000 2957.4330 0.2734 0.0912 -0.3040 3.1937 7.0000 2.9500 0.0047 
30.9062 11.0000 2953.5822 0.2713 0.0915 -0.2999 3.1921 7.0000 2.0230 0.0044 
30.9258 11.0000 2958.2092 0.2715 0.0904 -0.3034 3.1938 6.0000 2.7750 0.0057 
30.9108 11.0000 2954.5479 0.2741 0.0899 -0.3091 3.1905 6.0000 2.9047 0.0047 
30.9202 11.0000 2957.1468 0.2761 0.0926 -0.3083 3.1917 7.0000 2.9016 0.0056 
30.9307 11.0000 2959.9750 0.2742 0.0897 -0.3112 3.1895 7.0000 3.0592 0.0056 
30.9262 11.0000 2955.3644 0.2742 0.0913 -0.3081 3.1888 7.0000 3.3819 0.0046 
30.9230 11.0000 2956.8233 0.2729 0.0912 -0.3053 3.1944 7.0000 3.5202 0.0048 
30.9493 11.0000 2968.8966 0.2737 0.0903 -0.3064 3.1910 8.0000 2.9013 0.0056 
30.9197 11.0000 2959.3252 0.2718 0.0918 -0.3007 3.1934 7.0000 2.7581 0.0051 
30.9204 11.0000 2956.1923 0.2767 0.0931 -0.3069 3.1967 6.0000 3.3834 0.0051 
30.9412 11.0000 2964.8968 0.2745 0.0910 -0.3074 3.1897 7.0000 3.2977 0.0051 
30.9115 11.0000 2951.0600 0.2738 0.0911 -0.3067 3.1873 6.0000 2.0661 0.0057 
30.9097 11.0000 2952.6534 0.2732 0.0923 -0.3021 3.1945 7.0000 2.9895 0.0053 
30.9148 11.0000 2955.1193 0.2757 0.0914 -0.3064 3.1923 7.0000 2.9666 0.0052 
30.9435 11.0000 2963.8529 0.2778 0.0915 -0.3105 3.1911 7.0000 3.1238 0.0049 
30.9391 11.0000 2961.5591 0.2736 0.0910 -0.3052 3.1866 7.0000 3.2733 0.0049 
30.9085 11.0000 2952.6685 0.2726 0.0919 -0.3039 3.1955 7.0000 3.2922 0.0049 
30.9127 11.0000 2953.4106 0.2744 0.0920 -0.3064 3.1961 7.0000 3.5154 0.0049 
30.9097 11.0000 2950.7311 0.2735 0.0898 -0.3086 3.1937 7.0000 2.9932 0.0051 
30.9283 11.0000 2957.8443 0.2772 0.0926 -0.3073 3.1925 6.0000 2.0215 0.0051 
30.9442 11.0000 2963.2752 0.2774 0.0922 -0.3107 3.1926 7.0000 3.3408 0.0051 
30.9685 11.0000 2975.3329 0.2745 0.0916 -0.3029 3.1877 7.0000 4.4426 0.0051 
30.9218 11.0000 2955.3137 0.2748 0.0917 -0.3080 3.1923 6.0000 4.0470 0.0051 
30.9255 11.0000 2957.2603 0.2720 0.0907 -0.3030 3.1904 7.0000 2.9898 0.0051 
30.9342 11.0000 2961.6678 0.2768 0.0932 -0.3054 3.1955 7.0000 2.9897 0.0051 
30.9356 11.0000 2961.1809 0.2720 0.0907 -0.3035 3.1893 7.0000 2.8603 0.0051 
30.9428 11.0000 2963.0880 0.2757 0.0909 -0.3106 3.1888 6.0000 2.6983 0.0051 
30.9302 11.0000 2959.9813 0.2757 0.0928 -0.3066 3.1932 6.0000 2.0173 0.0051 
