30.8222 1.0000 2912.6471 0.3538 0.1351 -0.3025 3.1882 7.0000 11.5697 0.0060 
30.8832 1.0000 2937.7748 0.3489 0.1328 -0.2991 3.1873 6.0000 10.6489 0.0065 
30.8456 1.0000 2919.8696 0.3538 0.1340 -0.3024 3.1864 7.0000 10.1057 0.0057 
30.9001 1.0000 2946.1016 0.3542 0.1329 -0.3004 3.1851 7.0000 10.4922 0.0061 
30.8510 1.0000 2932.1849 0.3532 0.1370 -0.2942 3.1867 6.0000 10.8092 0.0061 
30.9060 1.0000 2947.4502 0.3502 0.1340 -0.2962 3.1840 7.0000 11.6123 0.0061 
30.8802 1.0000 2937.3597 0.3480 0.1323 -0.2944 3.1855 7.0000 11.5259 0.0061 
30.8845 1.0000 2934.1313 0.3554 0.1365 -0.2972 3.1910 7.0000 11.4598 0.0058 
30.8581 1.0000 2928.0221 0.3510 0.1352 -0.2970 3.1900 7.0000 11.4559 0.0061 
30.8352 1.0000 2915.5588 0.3524 0.1349 -0.3024 3.1792 6.0000 11.5263 0.0072 
30.8366 1.0000 2918.3736 0.3547 0.1348 -0.3019 3.1860 7.0000 10.8037 0.0061 
30.8998 1.0000 2948.0852 0.3522 0.1351 -0.2953 3.1856 7.0000 1.2313 0.0067 
30.8870 1.0000 2945.4336 0.3590 0.1355 -0.3054 3.1853 7.0000 1.9783 0.0056 
30.8644 1.0000 2936.3489 0.3487 0.1343 -0.2897 3.1903 7.0000 1.3640 0.0062 
30.8995 1.0000 2951.9319 0.3498 0.1332 -0.2956 3.1862 6.0000 2.1135 0.0082 
30.9096 1.0000 2958.1506 0.3476 0.1326 -0.2936 3.1874 9.0000 3.4982 0.0064 
30.8687 1.0000 2941.7503 0.3536 0.1337 -0.2993 3.1862 7.0000 5.9431 0.0082 
30.9164 1.0000 2955.2977 0.3524 0.1353 -0.2951 3.1839 7.0000 6.9729 0.0061 
30.8886 1.0000 2947.8115 0.3461 0.1332 -0.2903 3.1839 6.0000 7.2312 0.0082 
30.8497 1.0000 2923.7666 0.3572 0.1330 -0.3118 3.1862 7.0000 7.3661 0.0066 
30.8755 1.0000 2932.3652 0.3501 0.1312 -0.3058 3.1830 6.0000 7.6294 0.0064 
30.8949 1.0000 2946.5283 0.3478 0.1326 -0.2936 3.1871 7.0000 7.2085 0.0066 
30.8796 1.0000 2940.8875 0.3548 0.1369 -0.2996 3.1855 6.0000 2.0202 0.0066 
30.9142 1.0000 2960.6639 0.3507 0.1341 -0.2942 3.1864 6.0000 2.0266 0.0068 
30.8897 1.0000 2939.3399 0.3534 0.1345 -0.3054 3.1883 6.0000 1.9350 0.0066 
30.8325 1.0000 2914.1304 0.3557 0.1339 -0.3087 3.1891 7.0000 1.4058 0.0077 
30.8903 1.0000 2947.9649 0.3530 0.1324 -0.3033 3.1826 7.0000 4.0873 0.0059 
30.8903 1.0000 2940.6885 0.3524 0.1355 -0.2941 3.1872 7.0000 4.7785 0.0050 
30.8660 1.0000 2942.9483 0.3512 0.1329 -0.2954 3.1896 6.0000 3.9378 0.0061 
30.8976 1.0000 2950.1789 0.3506 0.1335 -0.2991 3.1850 7.0000 2.2391 0.0055 
30.8815 1.0000 2943.9221 0.3535 0.1327 -0.3026 3.1832 6.0000 2.0685 0.0067 
30.8935 1.0000 2950.6776 0.3520 0.1346 -0.2931 3.1852 6.0000 1.8442 0.0074 
30.8821 1.0000 2950.3706 0.3510 0.1329 -0.2975 3.1802 7.0000 1.8906 0.0074 
30.8687 1.0000 2931.5286 0.3540 0.1350 -0.3009 3.1901 7.0000 1.9360 0.0073 
30.8478 1.0000 2926.9322 0.3489 0.1312 -0.3019 3.1828 7.0000 1.9345 0.0073 
30.8753 1.0000 2928.5801 0.3555 0.1367 -0.2998 3.1840 6.0000 1.9728 0.0069 
30.9033 1.0000 2951.9564 0.3523 0.1305 -0.3038 3.1818 6.0000 2.0247 0.0065 
30.8995 1.0000 2952.1048 0.3497 0.1325 -0.2938 3.1821 6.0000 1.3594 0.0068 
30.9330 1.0000 2957.6002 0.3497 0.1344 -0.2942 3.1823 6.0000 1.9350 0.0056 
30.8810 1.0000 2942.7228 0.3558 0.1372 -0.2984 3.1842 6.0000 2.1556 0.0077 
30.9172 1.0000 2960.5654 0.3525 0.1319 -0.3002 3.1894 6.0000 2.1539 0.0070 
30.8578 1.0000 2924.7987 0.3535 0.1338 -0.3022 3.1918 6.0000 2.1527 0.0069 
30.8873 1.0000 2938.8834 0.3538 0.1341 -0.2990 3.1886 7.0000 2.0113 0.0070 
30.8728 1.0000 2938.6127 0.3474 0.1323 -0.2944 3.1851 6.0000 1.9340 0.0070 
30.8600 1.0000 2925.6509 0.3525 0.1340 -0.3007 3.1914 6.0000 1.3635 0.0059 
30.8826 1.0000 2946.7138 0.3495 0.1338 -0.2918 3.1795 6.0000 2.0687 0.0073 
30.8772 1.0000 2945.1318 0.3488 0.1333 -0.2915 3.1800 6.0000 1.9378 0.0073 
30.8859 1.0000 2946.1585 0.3543 0.1346 -0.3036 3.1860 6.0000 2.0247 0.0061 
30.9139 1.0000 2958.4924 0.3505 0.1344 -0.2925 3.1851 7.0000 2.0677 0.0059 
30.8478 1.0000 2930.0512 0.3498 0.1344 -0.2950 3.1870 7.0000 2.0218 0.0054 
30.8717 1.0000 2941.4270 0.3521 0.1359 -0.2924 3.1889 7.0000 2.2434 0.0070 
30.8734 1.0000 2937.5210 0.3545 0.1353 -0.2973 3.1779 6.0000 2.0251 0.0076 
30.8712 1.0000 2938.8080 0.3454 0.1304 -0.2972 3.1813 7.0000 2.1974 0.0060 
30.9156 1.0000 2961.7113 0.3535 0.1338 -0.2969 3.1860 7.0000 1.8925 0.0057 
30.9058 1.0000 2949.3265 0.3515 0.1347 -0.2956 3.1882 7.0000 1.9362 0.0057 
30.8614 1.0000 2929.5477 0.3547 0.1341 -0.3020 3.1871 6.0000 1.4100 0.0072 
30.8922 1.0000 2948.4856 0.3498 0.1334 -0.2939 3.1856 7.0000 2.0663 0.0071 
30.8979 1.0000 2950.2840 0.3564 0.1356 -0.3040 3.1844 6.0000 1.9774 0.0071 
30.9039 1.0000 2952.8870 0.3502 0.1341 -0.2959 3.1856 6.0000 2.0236 0.0075 
30.9205 1.0000 2956.4281 0.3510 0.1318 -0.2990 3.1859 6.0000 2.1955 0.0069 
30.8701 1.0000 2940.4477 0.3496 0.1355 -0.2903 3.1832 6.0000 1.9786 0.0070 
30.8535 1.0000 2926.4022 0.3489 0.1321 -0.3004 3.1887 7.0000 2.1153 0.0068 
30.8641 1.0000 2936.3467 0.3510 0.1344 -0.2964 3.1876 7.0000 1.9321 0.0068 
30.9014 1.0000 2952.1141 0.3543 0.1346 -0.2980 3.1892 7.0000 1.4500 0.0064 
30.9096 1.0000 2954.2391 0.3490 0.1319 -0.3002 3.1797 6.0000 2.1578 0.0064 
30.8941 1.0000 2950.2723 0.3518 0.1339 -0.2973 3.1838 6.0000 1.9366 0.0065 
30.8682 1.0000 2936.6043 0.3516 0.1323 -0.3040 3.1776 6.0000 1.9785 0.0065 
30.8946 1.0000 2950.3777 0.3481 0.1339 -0.2920 3.1841 7.0000 1.9806 0.0070 
30.8892 1.0000 2940.9592 0.3521 0.1332 -0.2995 3.1829 6.0000 1.8923 0.0070 
30.8538 1.0000 2926.4425 0.3500 0.1348 -0.2937 3.1879 7.0000 1.4064 0.0073 
30.8745 1.0000 2938.6718 0.3480 0.1339 -0.2885 3.1813 7.0000 2.0241 0.0070 
30.8704 1.0000 2938.8295 0.3492 0.1344 -0.2937 3.1936 6.0000 2.1117 0.0063 
30.8777 1.0000 2940.5117 0.3495 0.1344 -0.2904 3.1817 6.0000 1.9792 0.0069 
30.8826 1.0000 2948.4436 0.3515 0.1334 -0.2965 3.1897 6.0000 2.2918 0.0072 
30.8881 1.0000 2943.9755 0.3516 0.1371 -0.2906 3.1985 7.0000 2.0684 0.0063 
30.8845 1.0000 2943.9752 0.3503 0.1346 -0.2928 3.1857 7.0000 2.2345 0.0056 
30.8510 1.0000 2927.0569 0.3519 0.1335 -0.2994 3.1883 7.0000 2.0163 0.0064 
30.8617 1.0000 2935.4856 0.3498 0.1361 -0.2882 3.1915 8.0000 1.9326 0.0064 
30.8709 1.0000 2939.5286 0.3527 0.1343 -0.2952 3.1830 6.0000 2.3735 0.0054 
30.8660 1.0000 2940.5025 0.3512 0.1342 -0.2957 3.1897 7.0000 4.0652 0.0065 
30.8834 1.0000 2943.9385 0.3516 0.1320 -0.3040 3.1867 7.0000 4.2657 0.0080 
30.8913 1.0000 2943.1413 0.3545 0.1349 -0.3022 3.1818 6.0000 3.7391 0.0067 
30.8911 1.0000 2950.6547 0.3524 0.1354 -0.2944 3.1832 6.0000 1.3216 0.0052 
30.8728 1.0000 2939.8660 0.3501 0.1329 -0.2969 3.1798 6.0000 2.1563 0.0067 
30.8657 1.0000 2940.4883 0.3542 0.1331 -0.3024 3.1820 7.0000 2.0232 0.0067 
30.9123 1.0000 2957.7865 0.3474 0.1341 -0.2857 3.1847 6.0000 2.1499 0.0064 
30.8892 1.0000 2941.5929 0.3509 0.1319 -0.2962 3.1823 7.0000 2.1958 0.0068 
30.8538 1.0000 2925.1166 0.3544 0.1358 -0.3002 3.1849 7.0000 1.8938 0.0073 
30.9262 1.0000 2960.2358 0.3516 0.1348 -0.2925 3.1889 6.0000 2.0237 0.0073 
30.9197 1.0000 2958.0727 0.3483 0.1328 -0.2970 3.1829 6.0000 1.3149 0.0069 
30.8404 1.0000 2920.4001 0.3548 0.1366 -0.3010 3.1914 7.0000 2.0684 0.0069 
30.8845 1.0000 2949.4077 0.3512 0.1355 -0.2948 3.1892 6.0000 2.1550 0.0069 
30.8791 1.0000 2944.8173 0.3528 0.1369 -0.2915 3.1913 6.0000 2.0623 0.0069 
30.8802 1.0000 2942.6168 0.3554 0.1346 -0.3007 3.1802 6.0000 2.0219 0.0069 
30.8799 1.0000 2939.3508 0.3488 0.1327 -0.2955 3.1795 6.0000 2.4204 0.0069 
30.8878 1.0000 2943.9221 0.3539 0.1352 -0.2999 3.1851 6.0000 2.3781 0.0069 
30.8753 1.0000 2943.7895 0.3450 0.1326 -0.2885 3.1810 6.0000 2.1092 0.0069 
30.8614 1.0000 2925.3704 0.3536 0.1333 -0.3045 3.1910 6.0000 2.2432 0.0069 
30.9063 1.0000 2956.2100 0.3472 0.1327 -0.2903 3.1883 7.0000 2.0613 0.0069 
30.8728 1.0000 2939.0022 0.3502 0.1354 -0.2924 3.1891 6.0000 1.9771 0.0069 
