30.9651 11.0000 2974.3660 0.3277 0.1129 -0.2991 3.2890 7.0000 23.8568 0.0033 
30.9720 11.0000 2975.5684 0.3320 0.1159 -0.3027 3.2924 7.0000 23.5954 0.0043 
30.9699 11.0000 2976.9847 0.3277 0.1147 -0.2972 3.2897 7.0000 23.8121 0.0034 
30.9891 11.0000 2983.8598 0.3280 0.1168 -0.2932 3.2946 7.0000 23.6423 0.0040 
30.9829 11.0000 2981.0267 0.3310 0.1145 -0.3027 3.2891 7.0000 24.0325 0.0041 
30.9479 11.0000 2966.9076 0.3279 0.1151 -0.2943 3.2864 7.0000 24.2962 0.0035 
30.9800 11.0000 2980.9355 0.3313 0.1143 -0.3008 3.2863 7.0000 24.9532 0.0033 
30.9935 11.0000 2984.7166 0.3268 0.1151 -0.2942 3.2947 8.0000 24.8671 0.0033 
30.9700 11.0000 2975.3170 0.3325 0.1163 -0.3010 3.2890 7.0000 22.6680 0.0033 
30.9749 11.0000 2977.7170 0.3285 0.1129 -0.2989 3.2913 7.0000 23.2871 0.0033 
30.9766 11.0000 2978.3050 0.3254 0.1144 -0.2933 3.2922 7.0000 24.1200 0.0033 
30.9786 11.0000 2979.0694 0.3267 0.1143 -0.2958 3.2926 7.0000 4.0883 0.0043 
30.9523 11.0000 2968.2903 0.3286 0.1159 -0.2947 3.2962 7.0000 3.6948 0.0036 
30.9610 11.0000 2973.1393 0.3288 0.1167 -0.2913 3.2915 7.0000 3.8675 0.0043 
30.9642 11.0000 2974.6881 0.3272 0.1140 -0.2957 3.2959 7.0000 3.7363 0.0044 
30.9838 11.0000 2982.7070 0.3271 0.1143 -0.2963 3.2923 8.0000 3.8647 0.0039 
30.9729 11.0000 2978.9548 0.3287 0.1144 -0.2962 3.2868 7.0000 5.5676 0.0038 
30.9628 11.0000 2973.1643 0.3279 0.1128 -0.3006 3.2884 7.0000 10.7844 0.0038 
30.9564 11.0000 2971.3235 0.3255 0.1129 -0.2969 3.2905 7.0000 12.6235 0.0038 
30.9374 11.0000 2962.9381 0.3314 0.1163 -0.3011 3.2916 8.0000 12.7112 0.0038 
30.9675 11.0000 2976.9281 0.3252 0.1146 -0.2945 3.2876 7.0000 12.5544 0.0032 
30.9755 11.0000 2980.0310 0.3288 0.1137 -0.3010 3.2911 7.0000 11.7651 0.0030 
30.9508 11.0000 2966.4804 0.3265 0.1138 -0.2992 3.2859 7.0000 2.8569 0.0042 
30.9546 11.0000 2969.2683 0.3295 0.1152 -0.2977 3.2950 7.0000 2.7728 0.0038 
30.9924 11.0000 2986.0465 0.3324 0.1162 -0.2978 3.2883 8.0000 4.7470 0.0037 
30.9947 11.0000 2985.5701 0.3364 0.1158 -0.3048 3.2937 7.0000 4.9735 0.0037 
30.9659 11.0000 2975.4956 0.3292 0.1156 -0.2983 3.2918 8.0000 2.8179 0.0039 
30.9697 11.0000 2975.3221 0.3291 0.1163 -0.2936 3.2875 8.0000 4.1122 0.0041 
30.9804 11.0000 2979.4650 0.3322 0.1175 -0.2968 3.2909 7.0000 2.7285 0.0031 
30.9886 11.0000 2983.1245 0.3308 0.1146 -0.3012 3.2903 7.0000 4.3068 0.0042 
30.9702 11.0000 2977.6336 0.3287 0.1142 -0.2974 3.2908 7.0000 3.9467 0.0035 
30.9434 11.0000 2965.1670 0.3281 0.1138 -0.3003 3.2927 7.0000 4.2231 0.0038 
30.9586 11.0000 2973.0795 0.3303 0.1160 -0.2972 3.2960 7.0000 4.3533 0.0043 
30.9555 11.0000 2970.0908 0.3223 0.1138 -0.2917 3.2882 7.0000 4.0838 0.0040 
30.9686 11.0000 2976.5882 0.3271 0.1130 -0.2970 3.2870 7.0000 4.2073 0.0036 
30.9719 11.0000 2975.6563 0.3250 0.1135 -0.2949 3.2866 7.0000 4.2068 0.0036 
30.9719 11.0000 2975.7217 0.3278 0.1147 -0.2982 3.2893 7.0000 2.9837 0.0035 
30.9650 11.0000 2975.2046 0.3269 0.1155 -0.2929 3.2886 7.0000 4.1296 0.0050 
30.9900 11.0000 2984.0801 0.3319 0.1160 -0.2999 3.2919 7.0000 4.0909 0.0037 
30.9566 11.0000 2969.5307 0.3290 0.1154 -0.2962 3.2940 7.0000 4.2665 0.0036 
30.9786 11.0000 2980.1552 0.3300 0.1129 -0.3040 3.2891 7.0000 4.3100 0.0036 
30.9530 11.0000 2969.3949 0.3294 0.1154 -0.2973 3.2896 7.0000 4.1736 0.0038 
30.9682 11.0000 2975.1423 0.3274 0.1136 -0.3005 3.2872 7.0000 4.2643 0.0038 
30.9617 11.0000 2971.1944 0.3272 0.1131 -0.2988 3.2860 7.0000 4.0388 0.0036 
30.9795 11.0000 2979.6774 0.3292 0.1166 -0.2974 3.2922 7.0000 2.8162 0.0036 
30.9759 11.0000 2978.7509 0.3281 0.1131 -0.3011 3.2899 8.0000 2.9883 0.0037 
30.9867 11.0000 2983.8175 0.3277 0.1124 -0.2981 3.2859 7.0000 5.0159 0.0040 
30.9332 11.0000 2960.8460 0.3282 0.1170 -0.2953 3.2945 8.0000 4.9294 0.0040 
30.9711 11.0000 2976.6173 0.3321 0.1167 -0.3000 3.2925 7.0000 4.0509 0.0038 
30.9762 11.0000 2977.1826 0.3259 0.1133 -0.2970 3.2887 7.0000 4.0462 0.0035 
30.9690 11.0000 2976.2881 0.3268 0.1148 -0.2957 3.2941 7.0000 5.1329 0.0033 
30.9635 11.0000 2973.9956 0.3278 0.1158 -0.2951 3.2945 7.0000 8.5483 0.0036 
30.9804 11.0000 2980.4844 0.3257 0.1137 -0.2950 3.2928 7.0000 7.4902 0.0035 
30.9695 11.0000 2975.5813 0.3271 0.1147 -0.2968 3.2921 7.0000 7.3573 0.0037 
30.9724 11.0000 2977.3627 0.3310 0.1153 -0.2984 3.2903 7.0000 7.3050 0.0042 
30.9762 11.0000 2979.6285 0.3277 0.1145 -0.2976 3.2900 7.0000 4.1221 0.0034 
30.9631 11.0000 2971.5588 0.3302 0.1140 -0.3010 3.2922 7.0000 2.9455 0.0029 
30.9880 11.0000 2981.8348 0.3274 0.1129 -0.3011 3.2838 8.0000 5.3179 0.0030 
30.9695 11.0000 2976.5677 0.3328 0.1163 -0.3008 3.2942 7.0000 5.3469 0.0030 
30.9751 11.0000 2979.1516 0.3275 0.1113 -0.3013 3.2871 7.0000 4.0997 0.0038 
30.9771 11.0000 2977.0505 0.3290 0.1151 -0.2979 3.2923 7.0000 4.0849 0.0034 
30.9708 11.0000 2974.4702 0.3279 0.1140 -0.2991 3.2886 7.0000 4.1614 0.0035 
30.9833 11.0000 2980.1885 0.3302 0.1151 -0.2981 3.2883 7.0000 4.0927 0.0034 
30.9797 11.0000 2979.4274 0.3293 0.1142 -0.3007 3.2907 7.0000 4.2749 0.0041 
30.9573 11.0000 2971.6903 0.3287 0.1144 -0.2968 3.2899 8.0000 4.2516 0.0041 
30.9817 11.0000 2980.8016 0.3296 0.1177 -0.2936 3.2927 7.0000 4.2691 0.0037 
30.9955 11.0000 2986.9481 0.3289 0.1139 -0.2967 3.2911 7.0000 4.7947 0.0040 
30.9704 11.0000 2975.0183 0.3300 0.1148 -0.2982 3.2891 7.0000 4.2526 0.0038 
30.9926 11.0000 2984.7484 0.3314 0.1145 -0.3001 3.2879 7.0000 2.9439 0.0045 
30.9666 11.0000 2974.2293 0.3321 0.1152 -0.3035 3.2900 7.0000 5.2778 0.0042 
30.9808 11.0000 2978.8308 0.3304 0.1145 -0.3000 3.2911 7.0000 5.2783 0.0029 
30.9809 11.0000 2980.6563 0.3272 0.1164 -0.2919 3.2944 8.0000 4.1310 0.0033 
30.9777 11.0000 2978.3297 0.3273 0.1150 -0.2968 3.2869 7.0000 3.9487 0.0042 
30.9590 11.0000 2970.1503 0.3288 0.1151 -0.3001 3.2920 7.0000 4.1796 0.0034 
30.9793 11.0000 2980.5494 0.3301 0.1153 -0.3001 3.2951 7.0000 4.2205 0.0040 
30.9717 11.0000 2975.5314 0.3277 0.1140 -0.2972 3.2865 7.0000 4.3420 0.0040 
30.9631 11.0000 2974.2431 0.3299 0.1159 -0.2983 3.2909 7.0000 4.2517 0.0040 
30.9690 11.0000 2974.7170 0.3329 0.1156 -0.3043 3.2939 7.0000 2.9043 0.0032 
30.9470 11.0000 2965.0218 0.3311 0.1158 -0.3033 3.2912 7.0000 4.2224 0.0039 
30.9969 11.0000 2985.2357 0.3271 0.1150 -0.2994 3.2925 7.0000 4.2182 0.0037 
30.9838 11.0000 2979.4659 0.3309 0.1152 -0.3011 3.2885 7.0000 2.8173 0.0036 
30.9575 11.0000 2966.7244 0.3282 0.1142 -0.2964 3.2881 9.0000 4.0024 0.0037 
30.9688 11.0000 2974.4931 0.3316 0.1159 -0.2986 3.2906 7.0000 8.0368 0.0039 
30.9804 11.0000 2980.9613 0.3292 0.1137 -0.2977 3.2824 7.0000 7.2921 0.0048 
30.9637 11.0000 2973.0641 0.3313 0.1158 -0.2970 3.2892 7.0000 4.1355 0.0032 
30.9521 11.0000 2970.2458 0.3295 0.1153 -0.2973 3.2922 7.0000 5.3160 0.0041 
30.9680 11.0000 2975.0022 0.3330 0.1161 -0.3028 3.2928 8.0000 6.6003 0.0039 
30.9668 11.0000 2974.7266 0.3311 0.1146 -0.2994 3.2867 7.0000 5.1904 0.0041 
30.9875 11.0000 2982.2890 0.3295 0.1171 -0.2983 3.2907 7.0000 2.9467 0.0035 
30.9749 11.0000 2978.0960 0.3284 0.1157 -0.2964 3.2921 7.0000 4.3023 0.0040 
30.9720 11.0000 2976.7115 0.3292 0.1174 -0.2919 3.2945 7.0000 4.2629 0.0040 
30.9633 11.0000 2973.7400 0.3259 0.1153 -0.2961 3.2932 7.0000 4.8707 0.0040 
30.9648 11.0000 2975.7422 0.3282 0.1169 -0.2940 3.2913 8.0000 2.9410 0.0040 
30.9383 11.0000 2959.1886 0.3263 0.1140 -0.2974 3.2883 7.0000 4.2881 0.0040 
30.9860 11.0000 2983.2338 0.3304 0.1159 -0.2986 3.2912 7.0000 4.4301 0.0040 
30.9648 11.0000 2974.4942 0.3284 0.1155 -0.2968 3.2929 8.0000 4.2138 0.0040 
30.9584 11.0000 2971.2636 0.3305 0.1135 -0.3049 3.2891 7.0000 4.2223 0.0040 
30.9869 11.0000 2984.8279 0.3276 0.1144 -0.2939 3.2925 7.0000 5.0584 0.0040 
30.9768 11.0000 2979.8381 0.3289 0.1151 -0.2962 3.2912 7.0000 5.3103 0.0040 
30.9639 11.0000 2973.6616 0.3280 0.1153 -0.2988 3.2894 8.0000 3.3078 0.0040 
