30.9720 1.0000 2966.1201 0.1345 0.0471 -0.2194 3.1821 7.0000 31.0978 0.0034 
30.9761 1.0000 2967.3329 0.1345 0.0465 -0.2218 3.1825 7.0000 31.0926 0.0034 
30.9810 1.0000 2967.4105 0.1365 0.0471 -0.2245 3.1828 7.0000 28.6801 0.0034 
30.9706 1.0000 2963.6409 0.1354 0.0470 -0.2213 3.1806 6.0000 30.1246 0.0036 
30.9681 1.0000 2963.2900 0.1320 0.0465 -0.2164 3.1830 7.0000 31.4006 0.0037 
30.9873 1.0000 2971.4306 0.1341 0.0469 -0.2209 3.1834 7.0000 31.4010 0.0035 
30.9604 1.0000 2959.4381 0.1353 0.0469 -0.2216 3.1869 7.0000 30.3973 0.0041 
30.9628 1.0000 2960.1205 0.1324 0.0471 -0.2165 3.1839 7.0000 29.1160 0.0034 
30.9608 1.0000 2958.2731 0.1349 0.0467 -0.2214 3.1823 7.0000 31.4482 0.0041 
30.9749 1.0000 2966.0748 0.1343 0.0465 -0.2213 3.1823 7.0000 29.9955 0.0034 
30.9775 1.0000 2966.5458 0.1333 0.0470 -0.2183 3.1815 7.0000 28.6345 0.0034 
30.9587 1.0000 2958.8793 0.1341 0.0470 -0.2219 3.1818 6.0000 3.1683 0.0030 
30.9712 1.0000 2963.2065 0.1341 0.0469 -0.2206 3.1844 7.0000 3.6421 0.0039 
30.9771 1.0000 2965.2770 0.1338 0.0465 -0.2209 3.1815 7.0000 3.0362 0.0042 
30.9745 1.0000 2965.6601 0.1336 0.0465 -0.2200 3.1851 7.0000 4.1900 0.0036 
30.9826 1.0000 2970.8956 0.1335 0.0466 -0.2195 3.1817 6.0000 4.1723 0.0036 
30.9726 1.0000 2965.5398 0.1329 0.0466 -0.2181 3.1825 7.0000 7.3370 0.0039 
30.9706 1.0000 2964.3368 0.1333 0.0464 -0.2201 3.1812 7.0000 9.5230 0.0037 
30.9704 1.0000 2964.5053 0.1284 0.0470 -0.2120 3.1826 7.0000 16.0110 0.0034 
30.9855 1.0000 2972.8705 0.1318 0.0465 -0.2167 3.1812 7.0000 15.9878 0.0034 
30.9565 1.0000 2956.7055 0.1324 0.0472 -0.2176 3.1839 6.0000 15.8174 0.0036 
30.9849 1.0000 2972.4935 0.1356 0.0471 -0.2215 3.1815 7.0000 15.8165 0.0036 
30.9939 1.0000 2976.9022 0.1343 0.0468 -0.2193 3.1851 7.0000 3.5255 0.0034 
30.9655 1.0000 2959.9818 0.1338 0.0466 -0.2203 3.1818 6.0000 4.4868 0.0033 
30.9647 1.0000 2960.5460 0.1347 0.0464 -0.2225 3.1816 7.0000 4.4463 0.0036 
30.9741 1.0000 2966.7490 0.1339 0.0464 -0.2204 3.1825 6.0000 4.2207 0.0034 
30.9710 1.0000 2963.7361 0.1333 0.0462 -0.2198 3.1806 7.0000 4.3106 0.0037 
30.9716 1.0000 2965.1344 0.1316 0.0461 -0.2168 3.1839 7.0000 4.3544 0.0035 
30.9765 1.0000 2966.5270 0.1344 0.0465 -0.2210 3.1821 6.0000 4.3533 0.0037 
30.9743 1.0000 2964.2040 0.1346 0.0469 -0.2210 3.1831 7.0000 5.5217 0.0037 
30.9826 1.0000 2968.6691 0.1326 0.0464 -0.2185 3.1804 7.0000 5.6806 0.0037 
30.9681 1.0000 2963.0909 0.1325 0.0466 -0.2181 3.1845 6.0000 5.5260 0.0041 
30.9802 1.0000 2968.6172 0.1303 0.0467 -0.2134 3.1844 7.0000 5.7903 0.0041 
30.9849 1.0000 2971.2431 0.1326 0.0466 -0.2183 3.1820 7.0000 3.3815 0.0041 
30.9755 1.0000 2965.5243 0.1362 0.0473 -0.2228 3.1818 7.0000 4.5305 0.0039 
30.9812 1.0000 2969.9935 0.1326 0.0468 -0.2169 3.1803 7.0000 4.4259 0.0033 
30.9734 1.0000 2964.1469 0.1348 0.0467 -0.2221 3.1839 7.0000 4.2118 0.0036 
30.9783 1.0000 2969.5929 0.1316 0.0468 -0.2157 3.1811 7.0000 4.3122 0.0036 
30.9726 1.0000 2963.5974 0.1326 0.0468 -0.2181 3.1840 7.0000 4.5304 0.0035 
30.9716 1.0000 2965.6109 0.1336 0.0471 -0.2186 3.1813 6.0000 4.3978 0.0037 
30.9722 1.0000 2962.6477 0.1358 0.0468 -0.2234 3.1837 7.0000 4.3076 0.0035 
30.9612 1.0000 2959.7433 0.1330 0.0467 -0.2187 3.1810 7.0000 4.2411 0.0036 
30.9730 1.0000 2963.1863 0.1344 0.0469 -0.2203 3.1855 7.0000 9.4641 0.0031 
30.9657 1.0000 2959.7277 0.1334 0.0465 -0.2193 3.1830 7.0000 11.0049 0.0031 
30.9661 1.0000 2961.6804 0.1376 0.0467 -0.2248 3.1821 7.0000 9.2429 0.0037 
30.9710 1.0000 2965.2774 0.1325 0.0465 -0.2191 3.1852 7.0000 4.5731 0.0035 
30.9759 1.0000 2966.3292 0.1321 0.0469 -0.2182 3.1837 6.0000 3.3692 0.0038 
30.9828 1.0000 2968.9861 0.1314 0.0469 -0.2162 3.1833 7.0000 3.2576 0.0034 
30.9737 1.0000 2963.7141 0.1369 0.0469 -0.2250 3.1815 7.0000 4.5192 0.0037 
30.9783 1.0000 2966.7141 0.1304 0.0464 -0.2153 3.1838 7.0000 4.3112 0.0037 
30.9690 1.0000 2964.8374 0.1308 0.0466 -0.2157 3.1813 7.0000 7.1215 0.0039 
30.9759 1.0000 2965.2145 0.1361 0.0471 -0.2240 3.1840 7.0000 6.9957 0.0036 
30.9728 1.0000 2963.5678 0.1346 0.0466 -0.2215 3.1854 7.0000 3.6587 0.0036 
30.9908 1.0000 2976.1070 0.1324 0.0466 -0.2166 3.1808 7.0000 4.5317 0.0035 
30.9661 1.0000 2961.8595 0.1350 0.0467 -0.2215 3.1813 6.0000 5.6316 0.0033 
30.9777 1.0000 2967.9569 0.1326 0.0468 -0.2178 3.1824 7.0000 5.8090 0.0041 
30.9714 1.0000 2965.3770 0.1328 0.0466 -0.2179 3.1828 7.0000 4.4867 0.0043 
30.9755 1.0000 2966.3313 0.1318 0.0471 -0.2161 3.1829 6.0000 3.3426 0.0036 
30.9700 1.0000 2965.2819 0.1332 0.0469 -0.2186 3.1811 6.0000 4.4584 0.0037 
30.9663 1.0000 2960.9455 0.1336 0.0467 -0.2193 3.1853 7.0000 4.4592 0.0036 
30.9820 1.0000 2968.3360 0.1334 0.0468 -0.2193 3.1798 7.0000 5.0837 0.0036 
30.9720 1.0000 2963.8915 0.1335 0.0464 -0.2190 3.1861 7.0000 4.4607 0.0036 
30.9649 1.0000 2959.8209 0.1341 0.0464 -0.2224 3.1854 7.0000 4.4413 0.0038 
30.9775 1.0000 2964.8560 0.1355 0.0465 -0.2234 3.1822 7.0000 4.3121 0.0031 
30.9610 1.0000 2955.4449 0.1342 0.0469 -0.2212 3.1866 7.0000 4.4423 0.0034 
30.9828 1.0000 2968.1579 0.1350 0.0466 -0.2220 3.1849 7.0000 3.2988 0.0034 
30.9912 1.0000 2971.4138 0.1326 0.0467 -0.2176 3.1820 7.0000 4.4865 0.0036 
30.9530 1.0000 2953.2794 0.1370 0.0469 -0.2250 3.1836 6.0000 3.2562 0.0037 
30.9755 1.0000 2967.0925 0.1323 0.0470 -0.2166 3.1824 7.0000 4.4424 0.0037 
30.9767 1.0000 2965.1260 0.1322 0.0467 -0.2170 3.1808 7.0000 4.4549 0.0037 
30.9732 1.0000 2965.6814 0.1320 0.0471 -0.2174 3.1827 7.0000 3.3413 0.0033 
30.9741 1.0000 2965.8926 0.1335 0.0464 -0.2194 3.1800 7.0000 4.3568 0.0033 
30.9512 1.0000 2954.4579 0.1355 0.0465 -0.2229 3.1807 6.0000 7.2953 0.0034 
30.9681 1.0000 2961.9105 0.1359 0.0472 -0.2223 3.1828 7.0000 6.7711 0.0039 
30.9800 1.0000 2969.4465 0.1344 0.0467 -0.2194 3.1847 6.0000 4.4855 0.0037 
30.9798 1.0000 2970.7988 0.1331 0.0467 -0.2190 3.1804 7.0000 4.4426 0.0036 
30.9759 1.0000 2966.0280 0.1317 0.0465 -0.2177 3.1816 7.0000 4.5290 0.0038 
30.9726 1.0000 2963.9191 0.1338 0.0468 -0.2206 3.1831 6.0000 4.3998 0.0038 
30.9851 1.0000 2967.8372 0.1352 0.0463 -0.2244 3.1821 7.0000 4.5278 0.0038 
30.9853 1.0000 2970.2925 0.1342 0.0469 -0.2210 3.1844 6.0000 4.4429 0.0033 
30.9710 1.0000 2964.2022 0.1329 0.0470 -0.2172 3.1835 6.0000 3.3420 0.0036 
30.9871 1.0000 2971.9565 0.1341 0.0467 -0.2201 3.1814 6.0000 8.0053 0.0035 
30.9812 1.0000 2967.3691 0.1363 0.0472 -0.2239 3.1844 7.0000 6.3380 0.0035 
30.9653 1.0000 2963.7214 0.1304 0.0472 -0.2137 3.1825 7.0000 4.5306 0.0035 
30.9706 1.0000 2964.0684 0.1345 0.0469 -0.2200 3.1826 7.0000 4.4518 0.0036 
30.9739 1.0000 2964.0194 0.1331 0.0458 -0.2199 3.1824 7.0000 4.5003 0.0035 
30.9692 1.0000 2962.9626 0.1341 0.0467 -0.2208 3.1827 7.0000 4.3979 0.0036 
30.9779 1.0000 2968.8558 0.1334 0.0471 -0.2187 3.1796 7.0000 8.7956 0.0036 
30.9749 1.0000 2965.4081 0.1336 0.0473 -0.2192 3.1863 8.0000 8.7497 0.0036 
30.9688 1.0000 2963.0696 0.1370 0.0466 -0.2253 3.1834 6.0000 3.3005 0.0034 
30.9847 1.0000 2968.4526 0.1320 0.0465 -0.2181 3.1829 7.0000 4.5727 0.0034 
30.9790 1.0000 2966.8029 0.1312 0.0465 -0.2183 3.1809 7.0000 4.5737 0.0034 
30.9781 1.0000 2966.2857 0.1312 0.0467 -0.2167 3.1835 6.0000 4.7502 0.0034 
30.9792 1.0000 2968.2680 0.1343 0.0467 -0.2204 3.1797 7.0000 4.4400 0.0034 
30.9747 1.0000 2965.4755 0.1322 0.0463 -0.2173 3.1841 7.0000 4.5754 0.0034 
30.9769 1.0000 2965.3824 0.1315 0.0469 -0.2162 3.1841 7.0000 4.5320 0.0034 
30.9745 1.0000 2966.6201 0.1332 0.0468 -0.2192 3.1827 7.0000 4.4883 0.0034 
30.9747 1.0000 2965.8499 0.1339 0.0469 -0.2199 3.1784 7.0000 4.4939 0.0034 
30.9653 1.0000 2964.0188 0.1331 0.0472 -0.2174 3.1827 7.0000 4.3975 0.0034 
30.9800 1.0000 2967.2496 0.1333 0.0467 -0.2179 3.1823 7.0000 5.7588 0.0034 
