30.8636 1.0000 2933.3243 0.3576 0.1393 -0.2984 3.1952 6.0000 9.0276 0.0067 
30.8679 1.0000 2930.5980 0.3566 0.1370 -0.2999 3.1879 7.0000 10.5445 0.0073 
30.8467 1.0000 2927.9624 0.3563 0.1366 -0.2993 3.1898 6.0000 10.3819 0.0072 
30.8829 1.0000 2947.2236 0.3537 0.1326 -0.2983 3.1886 7.0000 8.8305 0.0060 
30.8780 1.0000 2944.8276 0.3540 0.1354 -0.2948 3.1794 6.0000 11.3519 0.0067 
30.8867 1.0000 2942.5174 0.3578 0.1389 -0.2924 3.1872 7.0000 11.2684 0.0082 
30.8919 1.0000 2947.6740 0.3573 0.1371 -0.2985 3.1907 7.0000 12.0389 0.0088 
30.8897 1.0000 2944.9107 0.3537 0.1350 -0.2942 3.1809 7.0000 10.7375 0.0063 
30.8859 1.0000 2946.5370 0.3544 0.1349 -0.2913 3.1862 6.0000 11.1408 0.0075 
30.8930 1.0000 2947.0771 0.3554 0.1348 -0.2981 3.1786 7.0000 9.9922 0.0072 
30.8595 1.0000 2930.4033 0.3564 0.1352 -0.3017 3.1879 6.0000 8.9064 0.0072 
30.8565 1.0000 2933.1481 0.3582 0.1376 -0.2957 3.1865 6.0000 1.6678 0.0075 
30.8791 1.0000 2941.2078 0.3591 0.1370 -0.2969 3.1866 7.0000 1.8328 0.0071 
30.9251 1.0000 2963.7179 0.3547 0.1372 -0.2897 3.1856 6.0000 2.3426 0.0076 
30.8344 1.0000 2907.8657 0.3580 0.1369 -0.3037 3.1913 7.0000 1.3570 0.0061 
30.9003 1.0000 2953.1078 0.3531 0.1380 -0.2910 3.1882 7.0000 1.9348 0.0072 
30.8611 1.0000 2934.1190 0.3591 0.1377 -0.3003 3.1887 7.0000 2.1963 0.0063 
30.8641 1.0000 2929.1533 0.3573 0.1390 -0.2874 3.1970 6.0000 2.0608 0.0080 
30.8164 1.0000 2913.0449 0.3583 0.1395 -0.2917 3.1900 7.0000 1.9191 0.0073 
30.9191 1.0000 2959.2819 0.3595 0.1380 -0.2953 3.1814 6.0000 2.8171 0.0073 
30.9090 1.0000 2951.4997 0.3525 0.1358 -0.2926 3.1936 7.0000 2.9608 0.0074 
30.8562 1.0000 2924.4537 0.3553 0.1363 -0.2973 3.1937 7.0000 2.6784 0.0076 
30.8685 1.0000 2936.7170 0.3530 0.1352 -0.2973 3.1849 6.0000 1.4482 0.0082 
30.8968 1.0000 2953.0447 0.3518 0.1347 -0.2947 3.1838 7.0000 2.1577 0.0072 
30.8529 1.0000 2930.4398 0.3533 0.1349 -0.2924 3.1824 7.0000 1.9333 0.0058 
30.8638 1.0000 2930.1778 0.3585 0.1366 -0.2978 3.1930 7.0000 2.1994 0.0066 
30.8930 1.0000 2944.2195 0.3547 0.1339 -0.3025 3.1886 6.0000 1.8917 0.0057 
30.8404 1.0000 2924.4973 0.3588 0.1396 -0.2978 3.1923 7.0000 2.1121 0.0066 
30.8619 1.0000 2932.3069 0.3585 0.1347 -0.3077 3.1872 7.0000 2.0247 0.0066 
30.8576 1.0000 2930.1898 0.3574 0.1367 -0.2976 3.1933 6.0000 1.9372 0.0081 
30.8527 1.0000 2925.2764 0.3595 0.1404 -0.2948 3.1900 6.0000 1.7696 0.0081 
30.8649 1.0000 2935.4338 0.3568 0.1379 -0.2950 3.1856 6.0000 2.0636 0.0075 
30.8350 1.0000 2915.4289 0.3546 0.1363 -0.2998 3.1909 6.0000 2.2381 0.0075 
30.9074 1.0000 2953.2633 0.3557 0.1346 -0.2979 3.1867 6.0000 1.9791 0.0076 
30.8649 1.0000 2937.2146 0.3550 0.1367 -0.2973 3.1911 7.0000 1.3182 0.0074 
30.8824 1.0000 2943.4447 0.3553 0.1375 -0.2942 3.1897 7.0000 1.9220 0.0065 
30.9096 1.0000 2955.0809 0.3559 0.1361 -0.2900 3.1819 7.0000 1.9770 0.0077 
30.8829 1.0000 2942.3881 0.3526 0.1359 -0.2929 3.1900 6.0000 1.9364 0.0078 
30.8788 1.0000 2942.5866 0.3478 0.1335 -0.2909 3.1809 6.0000 2.0417 0.0066 
30.8366 1.0000 2923.4191 0.3558 0.1382 -0.2936 3.1877 6.0000 2.0175 0.0066 
30.8633 1.0000 2937.4420 0.3602 0.1391 -0.2959 3.1900 6.0000 2.3425 0.0078 
30.8565 1.0000 2933.7184 0.3531 0.1380 -0.2893 3.1907 6.0000 2.0168 0.0078 
30.8339 1.0000 2926.8875 0.3526 0.1344 -0.2961 3.1893 6.0000 2.3189 0.0066 
30.8524 1.0000 2932.9510 0.3565 0.1370 -0.2947 3.1913 7.0000 2.4167 0.0067 
30.8587 1.0000 2932.2925 0.3578 0.1354 -0.3046 3.1819 6.0000 2.0232 0.0069 
30.8491 1.0000 2927.7865 0.3560 0.1373 -0.2941 3.1866 6.0000 1.9767 0.0063 
30.8864 1.0000 2944.7070 0.3521 0.1353 -0.2873 3.1865 6.0000 1.9792 0.0066 
30.8445 1.0000 2924.1419 0.3568 0.1344 -0.3041 3.1770 6.0000 2.2011 0.0066 
30.8832 1.0000 2945.3178 0.3568 0.1362 -0.2994 3.1840 7.0000 1.8884 0.0070 
30.9011 1.0000 2953.6193 0.3509 0.1365 -0.2868 3.1883 7.0000 2.1786 0.0078 
30.8467 1.0000 2925.5719 0.3597 0.1408 -0.2898 3.1918 7.0000 2.1035 0.0078 
30.8783 1.0000 2943.1163 0.3521 0.1349 -0.2885 3.1888 7.0000 2.0212 0.0064 
30.8832 1.0000 2942.2710 0.3575 0.1374 -0.2965 3.1968 6.0000 1.9337 0.0064 
30.8467 1.0000 2931.2576 0.3587 0.1360 -0.3007 3.1927 7.0000 2.0301 0.0069 
30.8734 1.0000 2939.0259 0.3599 0.1385 -0.2957 3.1951 6.0000 2.1897 0.0069 
30.8913 1.0000 2946.0817 0.3573 0.1360 -0.2992 3.1849 6.0000 2.0246 0.0063 
30.8821 1.0000 2936.1639 0.3558 0.1374 -0.2973 3.1885 6.0000 1.3622 0.0062 
30.8720 1.0000 2938.2949 0.3595 0.1402 -0.2974 3.1879 6.0000 1.9812 0.0070 
30.8843 1.0000 2941.8399 0.3592 0.1365 -0.3007 3.1886 6.0000 1.8927 0.0068 
30.8459 1.0000 2923.3957 0.3623 0.1368 -0.3032 3.1948 6.0000 2.0223 0.0074 
30.8938 1.0000 2947.1618 0.3567 0.1378 -0.2915 3.1905 6.0000 1.8762 0.0078 
30.8886 1.0000 2946.9638 0.3560 0.1361 -0.2956 3.1856 6.0000 2.1960 0.0078 
30.8780 1.0000 2942.6514 0.3545 0.1350 -0.2952 3.1853 7.0000 2.0259 0.0065 
30.8728 1.0000 2929.3521 0.3564 0.1364 -0.2998 3.1904 7.0000 1.9803 0.0065 
30.9202 1.0000 2959.7026 0.3566 0.1364 -0.2950 3.1849 6.0000 2.2765 0.0059 
30.8913 1.0000 2948.7274 0.3585 0.1357 -0.2957 3.1830 6.0000 2.3668 0.0059 
30.8949 1.0000 2949.5580 0.3552 0.1375 -0.2915 3.1914 6.0000 1.9814 0.0069 
30.8766 1.0000 2936.8829 0.3542 0.1377 -0.2927 3.1932 7.0000 1.6742 0.0053 
30.8701 1.0000 2939.4292 0.3564 0.1386 -0.2961 3.1822 6.0000 1.3206 0.0076 
30.8592 1.0000 2931.2808 0.3570 0.1356 -0.3033 3.1882 6.0000 2.0640 0.0071 
30.8448 1.0000 2926.7437 0.3572 0.1367 -0.2965 3.1875 7.0000 2.0178 0.0065 
30.8600 1.0000 2939.3036 0.3551 0.1364 -0.2926 3.1915 7.0000 2.1004 0.0071 
30.8851 1.0000 2935.9319 0.3570 0.1356 -0.3013 3.1872 6.0000 2.1124 0.0071 
30.8818 1.0000 2936.4069 0.3553 0.1379 -0.2910 3.1873 6.0000 2.0682 0.0077 
30.9047 1.0000 2947.7165 0.3571 0.1375 -0.2952 3.1929 6.0000 2.0482 0.0077 
30.9167 1.0000 2952.3056 0.3572 0.1367 -0.3006 3.1933 7.0000 2.2817 0.0070 
30.8736 1.0000 2935.7908 0.3595 0.1387 -0.2958 3.1922 7.0000 2.4167 0.0070 
30.9227 1.0000 2961.8505 0.3556 0.1339 -0.2964 3.1813 7.0000 1.9793 0.0077 
30.8535 1.0000 2924.5504 0.3607 0.1383 -0.2981 3.1907 7.0000 2.0208 0.0058 
30.8660 1.0000 2929.5441 0.3541 0.1377 -0.2913 3.1846 7.0000 1.3233 0.0070 
30.8851 1.0000 2941.1830 0.3601 0.1386 -0.2948 3.1984 7.0000 2.0645 0.0066 
30.8685 1.0000 2938.8682 0.3585 0.1374 -0.2971 3.1914 7.0000 2.0658 0.0066 
30.9129 1.0000 2959.4630 0.3586 0.1378 -0.2939 3.1860 7.0000 2.2999 0.0056 
30.8499 1.0000 2929.4657 0.3507 0.1345 -0.2975 3.1886 6.0000 1.9779 0.0056 
30.8701 1.0000 2936.8739 0.3525 0.1327 -0.2957 3.1858 7.0000 2.4761 0.0063 
30.8976 1.0000 2947.1650 0.3581 0.1376 -0.2978 3.1818 6.0000 3.5104 0.0062 
30.8366 1.0000 2910.7013 0.3566 0.1383 -0.3015 3.1940 6.0000 4.9186 0.0068 
30.8720 1.0000 2939.8715 0.3546 0.1333 -0.2998 3.1883 6.0000 4.2195 0.0070 
30.9088 1.0000 2954.0261 0.3583 0.1361 -0.2971 3.1845 6.0000 3.4662 0.0070 
30.8706 1.0000 2942.6789 0.3591 0.1395 -0.2877 3.1912 6.0000 2.0017 0.0065 
30.8818 1.0000 2941.4164 0.3573 0.1373 -0.2983 3.1863 6.0000 1.9815 0.0057 
30.8843 1.0000 2938.8069 0.3578 0.1370 -0.2991 3.1954 6.0000 2.0235 0.0057 
30.8769 1.0000 2939.9322 0.3558 0.1348 -0.2971 3.1884 6.0000 2.0239 0.0057 
30.9126 1.0000 2955.4325 0.3556 0.1364 -0.2969 3.1873 7.0000 1.3216 0.0057 
30.8505 1.0000 2919.5596 0.3612 0.1400 -0.2993 3.1966 6.0000 2.2736 0.0057 
30.8864 1.0000 2945.6885 0.3545 0.1359 -0.2927 3.1838 6.0000 2.0692 0.0057 
30.8932 1.0000 2949.4439 0.3555 0.1381 -0.2884 3.1889 6.0000 1.9787 0.0057 
30.8954 1.0000 2948.3273 0.3563 0.1354 -0.2968 3.1883 6.0000 2.1099 0.0057 
30.8701 1.0000 2932.0569 0.3526 0.1354 -0.2961 3.1888 7.0000 2.1969 0.0057 
30.9112 1.0000 2953.6291 0.3579 0.1389 -0.2929 3.1910 7.0000 1.5460 0.0057 
