30.5825 1.0000 2848.7908 0.4084 0.1951 -0.2784 2.8622 5.0000 1.6458 0.0238 
30.4616 1.0000 2776.1373 0.4124 0.1956 -0.3015 2.8514 5.0000 1.6119 0.0234 
30.3676 1.0000 2736.5539 0.4039 0.1952 -0.2910 2.8739 5.0000 1.6479 0.0234 
30.2998 1.0000 2719.4477 0.4015 0.1936 -0.2910 2.8727 5.0000 1.6481 0.0227 
30.3954 1.0000 2745.0278 0.4056 0.1941 -0.2899 2.8740 5.0000 1.6519 0.0254 
30.4722 1.0000 2780.9150 0.4042 0.1949 -0.2858 2.8575 5.0000 1.5574 0.0279 
30.3480 1.0000 2730.5466 0.4019 0.1912 -0.2967 2.8575 5.0000 1.6083 0.0227 
30.3725 1.0000 2722.7034 0.4054 0.1980 -0.2948 2.8670 5.0000 1.6007 0.0279 
30.4093 1.0000 2766.3766 0.3935 0.1920 -0.2726 2.8536 5.0000 1.4729 0.0243 
30.3775 1.0000 2725.2582 0.4039 0.1960 -0.2933 2.8750 5.0000 1.4692 0.0234 
30.3799 1.0000 2724.3513 0.3937 0.1924 -0.2812 2.8690 6.0000 1.4329 0.0254 
30.2631 1.0000 2696.4730 0.3989 0.1948 -0.2878 2.8795 5.0000 0.4209 0.0229 
30.3636 1.0000 2784.7900 0.4036 0.1953 -0.2822 2.8665 5.0000 0.3795 0.0188 
30.2426 1.0000 2686.7688 0.3863 0.1886 -0.2755 2.8678 5.0000 0.3066 0.0233 
30.1691 1.0000 2697.4894 0.4031 0.1938 -0.2922 2.8672 5.0000 0.3517 0.0216 
30.3154 1.0000 2706.0523 0.4003 0.1923 -0.2991 2.8757 5.0000 0.3524 0.0233 
30.3538 1.0000 2768.9208 0.4064 0.1923 -0.2905 2.8602 5.0000 0.3057 0.0216 
30.3489 1.0000 2726.5343 0.3946 0.1938 -0.2824 2.8613 5.0000 0.3071 0.0215 
30.3758 1.0000 2754.7108 0.4028 0.1941 -0.2872 2.8695 5.0000 0.2647 0.0236 
30.1520 1.0000 2664.1822 0.3952 0.1925 -0.2839 2.8774 5.0000 0.3871 0.0236 
30.3464 1.0000 2741.9289 0.4058 0.1975 -0.2900 2.8655 5.0000 0.4408 0.0239 
30.3913 1.0000 2737.2868 0.3969 0.1936 -0.2822 2.8727 5.0000 0.3992 0.0232 
30.5123 1.0000 2794.7925 0.4020 0.1933 -0.2860 2.8602 5.0000 0.1777 0.0256 
30.3121 1.0000 2718.8603 0.4084 0.1986 -0.2920 2.8719 5.0000 0.2661 0.0206 
30.3783 1.0000 2761.5547 0.4041 0.1937 -0.2941 2.8652 5.0000 0.2189 0.0263 
30.3595 1.0000 2763.9183 0.3948 0.1904 -0.2799 2.8593 5.0000 0.3091 0.0254 
30.4297 1.0000 2775.2369 0.3965 0.1896 -0.2834 2.8462 5.0000 0.2645 0.0251 
30.3203 1.0000 2710.2565 0.3993 0.1942 -0.2843 2.8717 5.0000 0.3496 0.0221 
30.4322 1.0000 2763.0711 0.3919 0.1906 -0.2791 2.8510 5.0000 0.2652 0.0163 
30.3685 1.0000 2739.3243 0.3977 0.1927 -0.2883 2.8610 5.0000 0.2674 0.0223 
30.3807 1.0000 2735.5351 0.3969 0.1950 -0.2888 2.8740 5.0000 0.2656 0.0218 
30.3619 1.0000 2734.7827 0.3918 0.1874 -0.2931 2.8581 5.0000 0.2995 0.0218 
30.2966 1.0000 2716.7141 0.4085 0.1943 -0.3009 2.8641 5.0000 0.3474 0.0275 
30.5874 1.0000 2842.1005 0.3957 0.1906 -0.2735 2.8536 5.0000 0.3501 0.0275 
30.2892 1.0000 2708.5433 0.4002 0.1972 -0.2837 2.8634 5.0000 0.2188 0.0253 
30.4600 1.0000 2799.7680 0.3997 0.1919 -0.2797 2.8653 5.0000 0.3055 0.0243 
30.3260 1.0000 2713.5515 0.3841 0.1900 -0.2776 2.8646 5.0000 0.3059 0.0205 
30.3162 1.0000 2749.0662 0.3981 0.1896 -0.2861 2.8506 5.0000 0.2666 0.0285 
30.4142 1.0000 2776.0972 0.4022 0.1948 -0.2862 2.8724 5.0000 0.3082 0.0230 
30.3194 1.0000 2740.0588 0.3941 0.1923 -0.2703 2.8658 5.0000 0.2653 0.0230 
30.3497 1.0000 2728.3145 0.4008 0.1939 -0.2886 2.8709 5.0000 0.3069 0.0251 
30.4085 1.0000 2753.6258 0.4034 0.1925 -0.2969 2.8532 5.0000 0.2195 0.0205 
30.4224 1.0000 2769.8660 0.4008 0.1950 -0.2803 2.8567 6.0000 0.3081 0.0245 
30.3154 1.0000 2731.1144 0.3979 0.1925 -0.2848 2.8633 5.0000 0.3083 0.0233 
30.2541 1.0000 2690.3154 0.4092 0.1971 -0.3052 2.8763 5.0000 0.3067 0.0233 
30.3489 1.0000 2719.5940 0.4000 0.1939 -0.2944 2.8761 5.0000 0.3933 0.0232 
30.3243 1.0000 2716.7990 0.3986 0.1920 -0.2878 2.8671 5.0000 0.3955 0.0232 
30.4632 1.0000 2773.7141 0.4097 0.1954 -0.2991 2.8549 5.0000 0.3088 0.0213 
30.3701 1.0000 2729.2042 0.4008 0.1938 -0.2932 2.8776 6.0000 0.3501 0.0280 
30.2247 1.0000 2678.3570 0.3991 0.1954 -0.2903 2.8695 5.0000 0.2638 0.0263 
30.3889 1.0000 2733.3644 0.4036 0.1977 -0.2793 2.8659 5.0000 0.3069 0.0220 
30.2745 1.0000 2725.1127 0.3981 0.1914 -0.2857 2.8606 5.0000 0.3086 0.0197 
30.2900 1.0000 2706.5523 0.4030 0.1945 -0.2926 2.8777 5.0000 0.3068 0.0223 
30.3440 1.0000 2726.1781 0.3979 0.1951 -0.2801 2.8680 5.0000 0.2203 0.0232 
30.3775 1.0000 2747.1348 0.3911 0.1954 -0.2561 2.8666 6.0000 0.3085 0.0204 
30.2549 1.0000 2705.4265 0.3913 0.1908 -0.2756 2.8817 5.0000 0.3383 0.0187 
30.3832 1.0000 2739.8717 0.4028 0.1916 -0.3017 2.8691 5.0000 0.4150 0.0199 
30.3815 1.0000 2762.4534 0.4050 0.1973 -0.2833 2.8660 5.0000 0.6506 0.0187 
30.4011 1.0000 2760.4641 0.3999 0.1928 -0.2838 2.8689 6.0000 0.6035 0.0199 
30.4395 1.0000 2761.2337 0.4012 0.1953 -0.2789 2.8651 5.0000 0.5616 0.0208 
30.2386 1.0000 2697.6332 0.4120 0.1981 -0.2961 2.8597 6.0000 0.2944 0.0274 
30.4085 1.0000 2759.3366 0.3868 0.1891 -0.2697 2.8516 5.0000 0.3033 0.0199 
30.4183 1.0000 2786.7181 0.3918 0.1912 -0.2733 2.8614 5.0000 0.2194 0.0218 
30.4869 1.0000 2792.8007 0.3948 0.1880 -0.2893 2.8560 5.0000 0.3087 0.0257 
30.4232 1.0000 2777.7974 0.3909 0.1942 -0.2620 2.8632 5.0000 0.3082 0.0234 
30.4649 1.0000 2790.1046 0.3951 0.1944 -0.2778 2.8624 5.0000 0.2193 0.0218 
30.4240 1.0000 2767.8480 0.4112 0.1934 -0.3011 2.8544 5.0000 0.3489 0.0192 
30.5163 1.0000 2817.6961 0.4034 0.1937 -0.2829 2.8590 5.0000 0.2200 0.0224 
30.3252 1.0000 2709.3031 0.4121 0.1987 -0.3037 2.8705 5.0000 0.3523 0.0273 
30.4812 1.0000 2783.6846 0.3921 0.1883 -0.2785 2.8450 5.0000 0.3510 0.0259 
30.5139 1.0000 2819.0850 0.4021 0.1960 -0.2789 2.8552 5.0000 0.5283 0.0200 
30.4534 1.0000 2769.5989 0.4067 0.1956 -0.2974 2.8656 5.0000 0.6158 0.0259 
30.3276 1.0000 2739.5874 0.3975 0.1903 -0.2811 2.8672 5.0000 0.4822 0.0200 
30.2590 1.0000 2692.3268 0.4053 0.1978 -0.2940 2.8746 5.0000 0.3518 0.0200 
30.3072 1.0000 2719.8587 0.4105 0.1978 -0.2981 2.8667 5.0000 0.3098 0.0282 
30.4060 1.0000 2771.3578 0.4080 0.1938 -0.3016 2.8594 5.0000 0.3490 0.0282 
30.3766 1.0000 2734.5441 0.3939 0.1931 -0.2781 2.8669 5.0000 0.2193 0.0200 
30.2606 1.0000 2710.4820 0.4074 0.1934 -0.3035 2.8637 5.0000 0.3486 0.0231 
30.5000 1.0000 2808.4428 0.4032 0.1933 -0.2886 2.8476 5.0000 0.2213 0.0259 
30.3023 1.0000 2698.5997 0.4000 0.1935 -0.2967 2.8730 5.0000 0.3089 0.0229 
30.2508 1.0000 2696.5572 0.4126 0.1983 -0.3063 2.8738 5.0000 0.2234 0.0242 
30.2958 1.0000 2698.5131 0.4047 0.1928 -0.3044 2.8619 5.0000 0.5300 0.0203 
30.4763 1.0000 2805.8668 0.3996 0.1904 -0.2873 2.8526 6.0000 0.5277 0.0240 
30.2328 1.0000 2671.1078 0.4057 0.1982 -0.2984 2.8787 6.0000 0.3853 0.0250 
30.3513 1.0000 2725.2149 0.3969 0.1939 -0.2817 2.8630 5.0000 0.6901 0.0223 
30.3292 1.0000 2731.8636 0.4002 0.1961 -0.2854 2.8659 5.0000 0.7770 0.0259 
30.4036 1.0000 2778.7606 0.4072 0.1946 -0.2910 2.8577 5.0000 0.8669 0.0250 
30.4158 1.0000 2781.3056 0.4037 0.1939 -0.2869 2.8575 5.0000 0.6988 0.0250 
30.3840 1.0000 2768.4257 0.4067 0.1949 -0.2886 2.8695 5.0000 0.6580 0.0259 
30.3513 1.0000 2727.7557 0.3924 0.1925 -0.2788 2.8646 5.0000 0.3092 0.0198 
30.4837 1.0000 2777.3203 0.3979 0.1909 -0.2826 2.8549 5.0000 0.2985 0.0259 
30.3905 1.0000 2763.1242 0.4115 0.1941 -0.2966 2.8619 5.0000 0.2198 0.0239 
30.4690 1.0000 2779.6152 0.3964 0.1915 -0.2795 2.8584 5.0000 0.3080 0.0259 
30.3595 1.0000 2733.5760 0.4022 0.1929 -0.2924 2.8593 6.0000 0.3081 0.0259 
30.3619 1.0000 2711.6658 0.4096 0.1981 -0.2988 2.8689 5.0000 0.3092 0.0259 
30.3284 1.0000 2721.3145 0.4025 0.1957 -0.2835 2.8747 5.0000 0.2195 0.0259 
30.4420 1.0000 2798.2582 0.4062 0.1933 -0.2883 2.8568 5.0000 0.5214 0.0259 
30.3889 1.0000 2774.2475 0.3882 0.1896 -0.2738 2.8674 5.0000 0.5711 0.0259 
30.4093 1.0000 2784.9379 0.4075 0.1988 -0.2732 2.8701 5.0000 0.4861 0.0259 
30.3031 1.0000 2719.5809 0.4182 0.1981 -0.3124 2.8683 5.0000 0.3495 0.0259 
