29.7549 11.0000 2600.2190 0.4862 0.2634 -0.2753 2.6627 5.0000 0.5503 0.0389 
29.9281 11.0000 2631.3660 0.4782 0.2516 -0.2943 2.6295 5.0000 0.5778 0.0389 
29.8137 11.0000 2590.2353 0.4720 0.2599 -0.2659 2.6602 5.0000 0.5373 0.0389 
29.6324 11.0000 2545.7794 0.4804 0.2604 -0.2643 2.6745 5.0000 0.5675 0.0389 
29.9216 11.0000 2628.3399 0.4991 0.2715 -0.2788 2.6529 5.0000 0.5942 0.0389 
29.9657 11.0000 2654.3889 0.4961 0.2650 -0.2817 2.6298 5.0000 0.5790 0.0389 
29.8922 11.0000 2634.3725 0.4899 0.2684 -0.2584 2.6674 5.0000 0.5819 0.0389 
30.0686 11.0000 2674.7549 0.4773 0.2571 -0.2668 2.6421 5.0000 0.5334 0.0389 
29.6732 11.0000 2542.5621 0.4685 0.2620 -0.2564 2.6602 5.0000 0.5875 0.0389 
29.5082 11.0000 2469.0621 0.5018 0.2667 -0.3087 2.6796 5.0000 0.5351 0.0389 
29.9477 11.0000 2621.4706 0.5152 0.2736 -0.3042 2.6734 5.0000 0.5761 0.0389 
29.7239 11.0000 2554.4395 0.4908 0.2667 -0.2752 2.6703 5.0000 0.4555 0.0335 
29.8023 11.0000 2594.6503 0.4805 0.2548 -0.2851 2.6478 5.0000 0.2822 0.0441 
30.2908 11.0000 2729.1356 0.4719 0.2583 -0.2532 2.6280 5.0000 0.4127 0.0335 
29.5245 11.0000 2498.2451 0.4818 0.2626 -0.2793 2.6872 5.0000 0.3344 0.0335 
30.1846 11.0000 2703.9673 0.4835 0.2613 -0.2626 2.6417 5.0000 0.5269 0.0335 
29.9722 11.0000 2644.9493 0.4827 0.2609 -0.2736 2.6600 5.0000 0.4815 0.0335 
29.7141 11.0000 2576.5147 0.4819 0.2613 -0.2624 2.6580 5.0000 0.5217 0.0335 
29.7810 11.0000 2561.8350 0.4797 0.2654 -0.2700 2.6494 5.0000 0.4742 0.0335 
29.8824 11.0000 2622.8725 0.4951 0.2629 -0.2910 2.6512 5.0000 0.4595 0.0449 
30.0637 11.0000 2683.4281 0.4883 0.2580 -0.2808 2.6295 4.0000 0.4953 0.0441 
29.7729 11.0000 2584.4118 0.4713 0.2540 -0.2718 2.6536 4.0000 0.4256 0.0335 
29.6618 11.0000 2573.7565 0.4831 0.2576 -0.2852 2.6574 5.0000 0.1303 0.0384 
30.0801 11.0000 2671.5507 0.4857 0.2597 -0.2812 2.6403 5.0000 0.0883 0.0354 
29.7271 11.0000 2576.7843 0.4709 0.2581 -0.2753 2.6635 5.0000 0.3939 0.0461 
29.7239 11.0000 2561.4020 0.4864 0.2638 -0.2795 2.6500 5.0000 0.3927 0.0461 
29.6814 11.0000 2571.0147 0.4719 0.2551 -0.2652 2.6586 5.0000 0.3092 0.0461 
29.7500 11.0000 2584.9771 0.4839 0.2555 -0.2898 2.6583 5.0000 0.4380 0.0461 
29.8170 11.0000 2580.0098 0.4715 0.2544 -0.2799 2.6576 5.0000 0.5279 0.0461 
29.4853 11.0000 2468.5817 0.4600 0.2579 -0.2604 2.6649 5.0000 0.4380 0.0461 
29.7124 11.0000 2573.9020 0.4754 0.2641 -0.2641 2.6731 5.0000 0.4802 0.0461 
30.0490 11.0000 2659.4624 0.4803 0.2558 -0.2842 2.6481 5.0000 0.3974 0.0461 
30.0245 11.0000 2672.3791 0.4984 0.2627 -0.2938 2.6410 5.0000 0.1772 0.0453 
29.9363 11.0000 2651.9363 0.4927 0.2618 -0.2786 2.6359 5.0000 0.0867 0.0461 
29.7173 11.0000 2564.2222 0.4851 0.2622 -0.2869 2.6604 5.0000 0.0898 0.0356 
29.7337 11.0000 2570.1569 0.4699 0.2572 -0.2668 2.6551 5.0000 0.3852 0.0370 
30.0719 11.0000 2646.4428 0.4814 0.2598 -0.2924 2.6451 4.0000 0.3891 0.0473 
29.7402 11.0000 2589.9428 0.4801 0.2565 -0.2799 2.6569 5.0000 0.3882 0.0473 
29.7255 11.0000 2566.7761 0.4665 0.2574 -0.2621 2.6610 5.0000 0.3894 0.0383 
29.8758 11.0000 2608.1062 0.4772 0.2523 -0.2792 2.6497 5.0000 0.3993 0.0383 
29.8448 11.0000 2581.5049 0.4800 0.2642 -0.2629 2.6637 5.0000 0.4324 0.0452 
30.0719 11.0000 2664.4101 0.4675 0.2607 -0.2397 2.6492 5.0000 0.4603 0.0383 
29.7680 11.0000 2562.6928 0.4667 0.2646 -0.2587 2.6585 5.0000 0.4279 0.0383 
30.0507 11.0000 2665.4951 0.4706 0.2680 -0.2180 2.6676 5.0000 0.4236 0.0473 
30.0180 11.0000 2630.2745 0.4853 0.2711 -0.2636 2.6648 5.0000 0.3259 0.0442 
29.9771 11.0000 2645.6258 0.4853 0.2599 -0.2786 2.6358 5.0000 0.0821 0.0512 
29.6830 11.0000 2565.9265 0.4669 0.2613 -0.2570 2.6824 5.0000 0.1146 0.0442 
29.7500 11.0000 2565.1225 0.4934 0.2637 -0.2900 2.6565 5.0000 0.1244 0.0457 
29.9395 11.0000 2658.7647 0.4850 0.2643 -0.2652 2.6579 5.0000 0.1582 0.0302 
29.5735 11.0000 2535.1062 0.4601 0.2532 -0.2603 2.6625 5.0000 0.1940 0.0442 
29.7892 11.0000 2589.3954 0.4840 0.2610 -0.2876 2.6528 5.0000 0.3636 0.0394 
29.7337 11.0000 2566.8186 0.4918 0.2615 -0.2947 2.6521 5.0000 0.3591 0.0442 
29.7271 11.0000 2560.3382 0.4727 0.2605 -0.2703 2.6662 5.0000 0.3598 0.0327 
29.7320 11.0000 2568.3105 0.4637 0.2595 -0.2575 2.6598 5.0000 0.3549 0.0394 
29.7418 11.0000 2584.8758 0.4722 0.2533 -0.2712 2.6451 4.0000 0.2003 0.0432 
29.7712 11.0000 2583.0507 0.4802 0.2627 -0.2698 2.6477 5.0000 0.2420 0.0479 
29.4363 11.0000 2467.5065 0.4939 0.2713 -0.2795 2.6795 5.0000 0.1204 0.0460 
30.1748 11.0000 2707.6324 0.4673 0.2516 -0.2645 2.6278 5.0000 0.0805 0.0370 
29.7271 11.0000 2572.7402 0.4714 0.2637 -0.2594 2.6754 5.0000 0.2799 0.0393 
30.1013 11.0000 2685.7843 0.4789 0.2639 -0.2406 2.6405 4.0000 0.1199 0.0393 
29.7712 11.0000 2603.4003 0.5002 0.2626 -0.3002 2.6418 5.0000 0.2767 0.0376 
29.9069 11.0000 2629.3088 0.4665 0.2610 -0.2486 2.6499 5.0000 0.1542 0.0333 
29.7990 11.0000 2597.6503 0.4820 0.2614 -0.2721 2.6536 5.0000 0.1540 0.0460 
29.7418 11.0000 2566.3399 0.4730 0.2579 -0.2708 2.6603 5.0000 0.1651 0.0460 
29.8840 11.0000 2617.9281 0.4736 0.2616 -0.2539 2.6581 4.0000 0.2389 0.0407 
29.9788 11.0000 2664.8791 0.4713 0.2622 -0.2369 2.6585 5.0000 0.1642 0.0376 
29.6667 11.0000 2538.8758 0.5087 0.2683 -0.3162 2.6823 5.0000 0.0820 0.0440 
29.9101 11.0000 2637.0425 0.4853 0.2590 -0.2776 2.6344 4.0000 0.1216 0.0469 
29.7908 11.0000 2591.4526 0.4824 0.2609 -0.2762 2.6545 5.0000 0.1292 0.0498 
30.0833 11.0000 2702.0212 0.4945 0.2647 -0.2776 2.6355 5.0000 0.1294 0.0498 
29.7206 11.0000 2551.6814 0.4873 0.2576 -0.2901 2.6466 5.0000 0.0814 0.0469 
29.8709 11.0000 2617.0000 0.4736 0.2551 -0.2811 2.6444 5.0000 0.1733 0.0413 
29.9592 11.0000 2652.6732 0.4716 0.2628 -0.2447 2.6702 5.0000 0.1353 0.0413 
29.7974 11.0000 2589.2157 0.4875 0.2624 -0.2765 2.6440 4.0000 0.2191 0.0433 
29.8023 11.0000 2582.5768 0.4729 0.2624 -0.2706 2.6479 5.0000 0.2659 0.0433 
29.7761 11.0000 2602.8824 0.4691 0.2542 -0.2624 2.6719 4.0000 0.2656 0.0425 
29.8758 11.0000 2624.5670 0.4831 0.2613 -0.2629 2.6547 5.0000 0.2600 0.0425 
29.6944 11.0000 2563.0098 0.4893 0.2629 -0.2747 2.6696 5.0000 0.1296 0.0448 
29.7516 11.0000 2568.8611 0.4775 0.2622 -0.2753 2.6566 4.0000 0.0883 0.0433 
29.6127 11.0000 2544.0098 0.4875 0.2679 -0.2812 2.6591 5.0000 0.1341 0.0391 
29.8987 11.0000 2623.6013 0.4921 0.2562 -0.2947 2.6608 5.0000 0.1242 0.0391 
29.8546 11.0000 2607.3072 0.4953 0.2585 -0.3128 2.6336 5.0000 0.1295 0.0364 
29.7435 11.0000 2601.8824 0.4870 0.2615 -0.2729 2.6462 5.0000 0.1328 0.0383 
29.7958 11.0000 2601.1765 0.4719 0.2547 -0.2677 2.6585 5.0000 0.1347 0.0383 
29.8186 11.0000 2620.1144 0.4769 0.2615 -0.2613 2.6477 5.0000 0.0974 0.0383 
29.7533 11.0000 2590.9183 0.4799 0.2642 -0.2685 2.6483 5.0000 0.1295 0.0472 
29.7255 11.0000 2577.5229 0.4693 0.2577 -0.2659 2.6630 5.0000 0.2510 0.0488 
29.6389 11.0000 2516.8382 0.4884 0.2699 -0.2744 2.6801 5.0000 0.2160 0.0488 
29.7827 11.0000 2583.7500 0.4681 0.2542 -0.2711 2.6347 4.0000 0.2126 0.0488 
29.9167 11.0000 2646.4330 0.4791 0.2620 -0.2642 2.6540 4.0000 0.1302 0.0462 
29.7843 11.0000 2566.3039 0.4989 0.2646 -0.3054 2.6549 5.0000 0.1313 0.0522 
29.9935 11.0000 2660.8775 0.4960 0.2597 -0.3005 2.6438 5.0000 0.1321 0.0522 
29.6846 11.0000 2546.0114 0.4762 0.2634 -0.2712 2.6735 5.0000 0.1274 0.0522 
29.9412 11.0000 2641.4951 0.4760 0.2640 -0.2555 2.6460 5.0000 0.0864 0.0522 
29.7255 11.0000 2564.8219 0.4926 0.2604 -0.2834 2.6711 5.0000 0.1349 0.0522 
29.5915 11.0000 2536.4101 0.4932 0.2633 -0.2993 2.6597 5.0000 0.1739 0.0522 
29.6405 11.0000 2542.8693 0.5047 0.2683 -0.2992 2.6786 5.0000 0.1331 0.0522 
29.7124 11.0000 2580.4935 0.4729 0.2639 -0.2541 2.6464 5.0000 0.1320 0.0522 
30.1144 11.0000 2690.3497 0.4812 0.2553 -0.2791 2.6402 4.0000 0.1735 0.0522 
29.5458 11.0000 2521.3105 0.4876 0.2673 -0.2721 2.6638 5.0000 0.1325 0.0522 
