30.9336 1.0000 2959.5033 0.4097 0.1611 -0.2798 3.3007 7.0000 16.4887 0.0043 
30.9524 1.0000 2971.7079 0.4094 0.1657 -0.2669 3.3103 7.0000 16.7542 0.0050 
30.9391 1.0000 2965.4328 0.4096 0.1614 -0.2739 3.3099 7.0000 17.1524 0.0043 
30.9446 1.0000 2969.1134 0.4073 0.1614 -0.2726 3.3030 7.0000 18.6400 0.0050 
30.9226 1.0000 2958.6236 0.4088 0.1617 -0.2707 3.3010 7.0000 18.6379 0.0050 
30.9353 1.0000 2966.7821 0.4157 0.1652 -0.2789 3.3030 7.0000 16.0498 0.0050 
30.9279 1.0000 2959.8303 0.4053 0.1595 -0.2716 3.3077 8.0000 18.6832 0.0045 
30.9426 1.0000 2965.9732 0.4069 0.1623 -0.2737 3.3083 7.0000 17.0574 0.0050 
30.9412 1.0000 2966.2855 0.4094 0.1594 -0.2824 3.3017 7.0000 17.7636 0.0050 
30.9189 1.0000 2958.7761 0.4094 0.1649 -0.2703 3.3062 7.0000 17.9418 0.0050 
30.9301 1.0000 2959.5658 0.4089 0.1629 -0.2748 3.3100 8.0000 17.2865 0.0051 
30.9542 1.0000 2970.8824 0.4073 0.1604 -0.2764 3.3022 7.0000 2.0645 0.0052 
30.9328 1.0000 2960.3139 0.4077 0.1596 -0.2786 3.3027 7.0000 3.4953 0.0053 
30.9469 1.0000 2967.5327 0.4071 0.1610 -0.2748 3.3110 7.0000 5.7376 0.0053 
30.9440 1.0000 2966.2128 0.4082 0.1617 -0.2734 3.3065 7.0000 7.7234 0.0042 
30.9491 1.0000 2970.0964 0.4049 0.1634 -0.2636 3.3094 7.0000 9.1852 0.0044 
30.9449 1.0000 2967.3954 0.4092 0.1628 -0.2726 3.3075 8.0000 9.0707 0.0044 
30.9457 1.0000 2966.3844 0.4061 0.1643 -0.2656 3.3029 8.0000 6.4331 0.0050 
30.9475 1.0000 2968.5445 0.4104 0.1638 -0.2737 3.3124 7.0000 12.6827 0.0056 
30.9273 1.0000 2959.8292 0.4046 0.1605 -0.2715 3.2995 7.0000 12.2419 0.0056 
30.9489 1.0000 2969.6156 0.4071 0.1597 -0.2773 3.3053 8.0000 11.2355 0.0056 
30.9518 1.0000 2971.5312 0.4029 0.1613 -0.2657 3.3095 7.0000 11.0878 0.0045 
30.9142 1.0000 2954.0592 0.4042 0.1589 -0.2749 3.3062 8.0000 3.2369 0.0042 
30.9328 1.0000 2960.0523 0.4026 0.1569 -0.2745 3.3040 7.0000 2.1535 0.0037 
30.9500 1.0000 2969.4853 0.4050 0.1603 -0.2697 3.3099 7.0000 3.2523 0.0037 
30.9496 1.0000 2970.1548 0.4071 0.1631 -0.2694 3.3115 7.0000 2.9921 0.0044 
30.9479 1.0000 2968.4410 0.4107 0.1607 -0.2762 3.3045 8.0000 2.9907 0.0040 
30.9216 1.0000 2954.2537 0.4111 0.1614 -0.2835 3.3081 7.0000 3.1149 0.0055 
30.9561 1.0000 2972.8813 0.4079 0.1626 -0.2690 3.3140 7.0000 4.0447 0.0048 
30.9563 1.0000 2975.7349 0.4067 0.1626 -0.2679 3.3042 8.0000 3.1641 0.0040 
30.9134 1.0000 2951.6228 0.4004 0.1590 -0.2685 3.3011 7.0000 3.2964 0.0048 
30.9630 1.0000 2975.4882 0.4045 0.1614 -0.2696 3.3099 8.0000 3.6926 0.0047 
30.9557 1.0000 2966.5660 0.4137 0.1603 -0.2821 3.3133 7.0000 3.8251 0.0047 
30.9496 1.0000 2968.8873 0.4092 0.1614 -0.2759 3.3116 7.0000 3.2585 0.0050 
30.9714 1.0000 2978.4402 0.4124 0.1633 -0.2774 3.3103 7.0000 2.3308 0.0051 
30.9626 1.0000 2974.4414 0.4119 0.1631 -0.2745 3.3082 7.0000 3.0616 0.0046 
30.9728 1.0000 2979.1887 0.4034 0.1554 -0.2751 3.2959 7.0000 3.2948 0.0044 
30.9150 1.0000 2955.5627 0.4101 0.1606 -0.2782 3.3068 7.0000 3.1655 0.0047 
30.9614 1.0000 2974.5556 0.4066 0.1612 -0.2725 3.3050 7.0000 3.0339 0.0048 
30.9367 1.0000 2960.0217 0.4101 0.1650 -0.2702 3.3109 8.0000 3.2103 0.0046 
30.9183 1.0000 2956.4481 0.4065 0.1570 -0.2750 3.3020 7.0000 3.1195 0.0041 
30.9424 1.0000 2969.5570 0.4085 0.1579 -0.2792 3.2948 7.0000 3.2576 0.0041 
30.9622 1.0000 2975.3538 0.4074 0.1585 -0.2808 3.3074 7.0000 3.6913 0.0044 
30.9279 1.0000 2961.6334 0.4077 0.1627 -0.2692 3.3100 7.0000 3.7872 0.0044 
30.9308 1.0000 2963.5464 0.4079 0.1598 -0.2785 3.3023 8.0000 2.1109 0.0049 
30.9430 1.0000 2967.2915 0.4093 0.1632 -0.2716 3.3073 7.0000 3.2114 0.0041 
30.9510 1.0000 2971.4236 0.4077 0.1616 -0.2698 3.3134 7.0000 3.1651 0.0032 
30.9424 1.0000 2962.8848 0.4165 0.1623 -0.2877 3.3063 7.0000 3.2117 0.0047 
30.9381 1.0000 2963.2083 0.4122 0.1632 -0.2746 3.3144 7.0000 3.1660 0.0049 
30.9457 1.0000 2966.6742 0.4062 0.1588 -0.2759 3.2972 7.0000 2.9931 0.0054 
30.9602 1.0000 2974.9534 0.4053 0.1594 -0.2761 3.3031 7.0000 3.0807 0.0047 
30.9034 1.0000 2951.3601 0.4044 0.1580 -0.2750 3.3058 7.0000 3.6960 0.0048 
30.9510 1.0000 2970.8760 0.4095 0.1611 -0.2724 3.3108 7.0000 3.8696 0.0048 
30.9381 1.0000 2965.7136 0.4057 0.1608 -0.2700 3.2916 8.0000 3.6057 0.0040 
30.9340 1.0000 2959.9446 0.4100 0.1635 -0.2699 3.3074 7.0000 3.7359 0.0040 
30.9581 1.0000 2975.9739 0.4070 0.1605 -0.2737 3.3077 7.0000 2.1506 0.0051 
30.9888 1.0000 2983.7739 0.4070 0.1595 -0.2742 3.3068 7.0000 3.2548 0.0046 
30.9426 1.0000 2966.3531 0.4044 0.1637 -0.2665 3.3054 7.0000 3.0791 0.0038 
30.9363 1.0000 2965.0502 0.4029 0.1600 -0.2731 3.3110 8.0000 3.1673 0.0042 
30.9275 1.0000 2958.6744 0.4088 0.1601 -0.2802 3.3019 7.0000 3.1692 0.0048 
30.9205 1.0000 2957.3889 0.4059 0.1612 -0.2714 3.3051 8.0000 2.1785 0.0041 
30.9424 1.0000 2966.8501 0.4032 0.1613 -0.2671 3.3030 8.0000 3.1219 0.0050 
30.9389 1.0000 2963.6107 0.4099 0.1603 -0.2767 3.3115 7.0000 3.1223 0.0053 
30.9771 1.0000 2980.0564 0.4087 0.1598 -0.2752 3.3030 7.0000 3.6052 0.0047 
30.9630 1.0000 2974.7359 0.4064 0.1618 -0.2729 3.3106 9.0000 3.7393 0.0047 
30.9342 1.0000 2962.8658 0.4022 0.1617 -0.2669 3.3090 8.0000 3.4750 0.0047 
30.9587 1.0000 2972.1944 0.4103 0.1592 -0.2797 3.3070 7.0000 3.7389 0.0051 
30.9442 1.0000 2968.4894 0.4087 0.1626 -0.2779 3.3087 7.0000 2.1147 0.0049 
30.9683 1.0000 2976.4079 0.4065 0.1596 -0.2737 3.3052 7.0000 3.2565 0.0047 
30.9553 1.0000 2970.7786 0.4091 0.1582 -0.2815 3.3044 7.0000 3.1248 0.0042 
30.9389 1.0000 2965.8329 0.4141 0.1644 -0.2751 3.3127 7.0000 3.0812 0.0049 
30.9308 1.0000 2958.3979 0.4052 0.1612 -0.2691 3.3086 7.0000 3.2101 0.0045 
30.9228 1.0000 2958.6336 0.4134 0.1654 -0.2763 3.3137 7.0000 3.2523 0.0052 
30.9420 1.0000 2965.7590 0.4123 0.1625 -0.2773 3.3025 7.0000 3.1237 0.0049 
30.9285 1.0000 2962.0617 0.4067 0.1614 -0.2727 3.3079 8.0000 3.3370 0.0050 
30.9514 1.0000 2972.3078 0.4073 0.1600 -0.2738 3.3067 7.0000 5.2303 0.0050 
30.9267 1.0000 2959.4175 0.4056 0.1621 -0.2718 3.3156 7.0000 5.1060 0.0050 
30.9363 1.0000 2964.2941 0.4086 0.1587 -0.2777 3.3030 7.0000 4.6647 0.0050 
30.9414 1.0000 2966.6434 0.4040 0.1626 -0.2666 3.3030 8.0000 2.1572 0.0045 
30.9567 1.0000 2975.0699 0.4080 0.1638 -0.2701 3.3089 7.0000 3.2544 0.0040 
30.9336 1.0000 2959.3975 0.4086 0.1621 -0.2719 3.3093 8.0000 3.2085 0.0040 
30.9471 1.0000 2969.1730 0.4078 0.1597 -0.2728 3.3007 7.0000 3.4255 0.0051 
30.9248 1.0000 2959.2422 0.4071 0.1601 -0.2759 3.3053 8.0000 2.1116 0.0046 
30.9459 1.0000 2968.0560 0.4040 0.1617 -0.2705 3.3137 7.0000 3.2102 0.0045 
30.9340 1.0000 2961.2555 0.4106 0.1612 -0.2751 3.3049 8.0000 3.1679 0.0042 
30.9328 1.0000 2961.0337 0.4091 0.1601 -0.2800 3.3032 7.0000 3.2414 0.0047 
30.9530 1.0000 2970.1820 0.4124 0.1657 -0.2726 3.3173 7.0000 4.5100 0.0041 
30.9673 1.0000 2977.5870 0.4081 0.1621 -0.2720 3.3073 7.0000 3.6401 0.0047 
30.9671 1.0000 2973.4812 0.4063 0.1613 -0.2732 3.3058 7.0000 5.2924 0.0041 
30.9287 1.0000 2961.7976 0.4037 0.1578 -0.2730 3.2960 7.0000 4.8778 0.0047 
30.9626 1.0000 2974.3489 0.4109 0.1611 -0.2786 3.3127 7.0000 2.1579 0.0042 
30.9636 1.0000 2976.1812 0.4042 0.1619 -0.2650 3.3061 8.0000 3.2976 0.0042 
30.9446 1.0000 2965.6295 0.4068 0.1612 -0.2713 3.3142 8.0000 3.2133 0.0042 
30.9483 1.0000 2968.4626 0.4069 0.1599 -0.2778 3.3034 7.0000 3.2114 0.0042 
30.9551 1.0000 2973.6174 0.4079 0.1578 -0.2800 3.3079 7.0000 3.2535 0.0042 
30.9418 1.0000 2966.5090 0.4108 0.1597 -0.2793 3.3078 7.0000 3.2141 0.0042 
30.9594 1.0000 2971.0423 0.4085 0.1621 -0.2739 3.3091 7.0000 3.2525 0.0042 
30.9485 1.0000 2970.2968 0.4040 0.1619 -0.2687 3.3225 7.0000 3.3857 0.0042 
30.9402 1.0000 2965.6546 0.4048 0.1586 -0.2773 3.3024 7.0000 3.2582 0.0042 
30.9555 1.0000 2972.3634 0.4045 0.1591 -0.2717 3.2994 7.0000 2.1574 0.0042 
