30.9514 1.0000 2963.5121 0.2347 0.0721 -0.3012 3.2114 8.0000 21.8650 0.0037 
30.9549 1.0000 2966.9079 0.2331 0.0722 -0.2985 3.2097 7.0000 23.1238 0.0044 
30.9651 1.0000 2971.7694 0.2343 0.0725 -0.2999 3.2102 8.0000 23.9596 0.0042 
30.9616 1.0000 2971.3599 0.2334 0.0724 -0.2986 3.2102 7.0000 23.1256 0.0042 
30.9839 1.0000 2980.1961 0.2324 0.0713 -0.2980 3.2071 7.0000 22.4659 0.0037 
31.0014 1.0000 2987.8160 0.2333 0.0720 -0.2974 3.2107 7.0000 22.6853 0.0042 
30.9753 1.0000 2977.0392 0.2334 0.0728 -0.2973 3.2099 7.0000 23.2613 0.0042 
30.9551 1.0000 2967.8587 0.2330 0.0717 -0.2984 3.2113 7.0000 23.3024 0.0042 
30.9516 1.0000 2966.5623 0.2352 0.0714 -0.3033 3.2061 6.0000 24.0016 0.0037 
30.9551 1.0000 2969.4299 0.2335 0.0728 -0.2997 3.2156 8.0000 23.8290 0.0042 
30.9769 1.0000 2976.5846 0.2335 0.0721 -0.2990 3.2074 7.0000 23.0810 0.0042 
30.9716 1.0000 2975.9804 0.2324 0.0716 -0.2991 3.2098 7.0000 2.7691 0.0044 
30.9559 1.0000 2967.8054 0.2319 0.0715 -0.3003 3.2156 6.0000 4.9976 0.0037 
30.9432 1.0000 2962.3689 0.2338 0.0718 -0.3015 3.2072 7.0000 8.0852 0.0043 
30.9804 1.0000 2976.9606 0.2320 0.0723 -0.2960 3.2146 7.0000 10.7206 0.0036 
30.9612 1.0000 2970.1015 0.2325 0.0705 -0.3006 3.2079 7.0000 19.0821 0.0034 
30.9618 1.0000 2971.0478 0.2337 0.0721 -0.2997 3.2119 7.0000 15.1343 0.0036 
30.9551 1.0000 2968.3438 0.2342 0.0723 -0.2995 3.2142 6.0000 16.6179 0.0041 
30.9510 1.0000 2961.8644 0.2368 0.0727 -0.3023 3.2088 6.0000 19.5994 0.0041 
30.9516 1.0000 2968.7580 0.2324 0.0728 -0.2968 3.2110 7.0000 18.8898 0.0037 
30.9551 1.0000 2966.8393 0.2311 0.0726 -0.2973 3.2103 9.0000 16.9049 0.0033 
30.9512 1.0000 2961.8713 0.2355 0.0720 -0.3025 3.2111 7.0000 16.7711 0.0041 
30.9532 1.0000 2966.7386 0.2309 0.0710 -0.2989 3.2088 7.0000 3.9132 0.0042 
30.9708 1.0000 2974.3002 0.2312 0.0709 -0.2985 3.2073 7.0000 3.8243 0.0036 
30.9661 1.0000 2972.5014 0.2346 0.0712 -0.3036 3.2094 7.0000 3.6008 0.0043 
30.9806 1.0000 2978.6963 0.2321 0.0722 -0.2964 3.2101 7.0000 2.7305 0.0036 
30.9849 1.0000 2980.1285 0.2329 0.0723 -0.2983 3.2096 7.0000 3.6506 0.0043 
30.9751 1.0000 2974.4212 0.2343 0.0721 -0.3009 3.2088 7.0000 3.8281 0.0042 
30.9338 1.0000 2960.0202 0.2307 0.0718 -0.2970 3.2100 6.0000 4.4912 0.0048 
30.9581 1.0000 2970.6009 0.2332 0.0717 -0.2978 3.2105 7.0000 3.9579 0.0039 
30.9643 1.0000 2971.0711 0.2338 0.0720 -0.3023 3.2087 7.0000 6.8194 0.0043 
30.9395 1.0000 2960.7888 0.2322 0.0726 -0.2985 3.2115 7.0000 7.5653 0.0036 
30.9573 1.0000 2968.4167 0.2319 0.0725 -0.2974 3.2101 7.0000 6.9949 0.0036 
30.9647 1.0000 2972.2563 0.2324 0.0717 -0.3003 3.2101 7.0000 3.8608 0.0039 
30.9745 1.0000 2975.8552 0.2357 0.0723 -0.3020 3.2137 7.0000 2.7282 0.0035 
30.9663 1.0000 2973.2531 0.2306 0.0719 -0.2966 3.2158 7.0000 4.2413 0.0044 
30.9538 1.0000 2967.1050 0.2336 0.0722 -0.3001 3.2118 7.0000 4.0894 0.0037 
30.9649 1.0000 2972.4837 0.2325 0.0714 -0.3001 3.2129 7.0000 6.7298 0.0043 
30.9553 1.0000 2969.3403 0.2327 0.0721 -0.2982 3.2137 7.0000 6.8178 0.0043 
30.9383 1.0000 2957.7929 0.2309 0.0719 -0.2952 3.2128 7.0000 3.8676 0.0039 
30.9530 1.0000 2966.3480 0.2338 0.0726 -0.2984 3.2100 7.0000 3.7847 0.0042 
30.9763 1.0000 2977.9322 0.2328 0.0716 -0.2992 3.2066 6.0000 4.0013 0.0038 
30.9624 1.0000 2972.3182 0.2318 0.0710 -0.2993 3.2058 7.0000 4.5314 0.0038 
30.9653 1.0000 2971.6054 0.2319 0.0708 -0.3006 3.2116 7.0000 4.7473 0.0038 
30.9792 1.0000 2978.7028 0.2324 0.0717 -0.2995 3.2096 6.0000 3.8735 0.0036 
30.9522 1.0000 2966.5141 0.2310 0.0712 -0.2989 3.2107 8.0000 4.0909 0.0040 
30.9724 1.0000 2976.2226 0.2341 0.0719 -0.3002 3.2102 8.0000 2.7707 0.0042 
30.9512 1.0000 2966.5161 0.2324 0.0716 -0.2985 3.2089 7.0000 3.9585 0.0037 
30.9542 1.0000 2966.9706 0.2339 0.0725 -0.2980 3.2116 7.0000 3.9984 0.0044 
30.9673 1.0000 2969.9371 0.2367 0.0714 -0.3045 3.2066 7.0000 3.8614 0.0041 
30.9575 1.0000 2968.4929 0.2308 0.0712 -0.2962 3.2112 7.0000 3.8708 0.0037 
30.9696 1.0000 2972.6820 0.2322 0.0715 -0.2994 3.2083 6.0000 3.8706 0.0043 
30.9506 1.0000 2965.7921 0.2333 0.0723 -0.3008 3.2079 6.0000 7.5081 0.0039 
30.9610 1.0000 2969.7880 0.2359 0.0727 -0.3022 3.2090 7.0000 9.0574 0.0039 
30.9575 1.0000 2970.2955 0.2327 0.0715 -0.2986 3.2117 6.0000 7.6086 0.0039 
30.9761 1.0000 2975.5535 0.2311 0.0714 -0.2976 3.2081 7.0000 2.8597 0.0042 
30.9614 1.0000 2972.0069 0.2317 0.0714 -0.2975 3.2074 8.0000 3.8698 0.0038 
30.9724 1.0000 2975.1436 0.2309 0.0715 -0.2963 3.2061 7.0000 3.4653 0.0043 
30.9514 1.0000 2966.5382 0.2331 0.0728 -0.2989 3.2102 7.0000 3.9123 0.0038 
30.9604 1.0000 2969.2751 0.2311 0.0721 -0.2965 3.2078 7.0000 3.9146 0.0035 
30.9730 1.0000 2977.7751 0.2339 0.0720 -0.3002 3.2075 6.0000 3.8983 0.0042 
30.9520 1.0000 2962.3828 0.2354 0.0734 -0.2991 3.2145 7.0000 3.9143 0.0036 
30.9645 1.0000 2973.0938 0.2311 0.0707 -0.2994 3.2096 7.0000 3.8689 0.0041 
30.9630 1.0000 2970.6722 0.2344 0.0711 -0.3014 3.2084 7.0000 4.2053 0.0041 
30.9614 1.0000 2970.0155 0.2320 0.0712 -0.2998 3.2111 7.0000 5.6045 0.0038 
30.9561 1.0000 2968.0960 0.2336 0.0721 -0.2998 3.2121 7.0000 6.4178 0.0038 
30.9700 1.0000 2973.8084 0.2306 0.0717 -0.2955 3.2124 6.0000 2.7680 0.0041 
30.9528 1.0000 2965.4802 0.2350 0.0717 -0.3041 3.2093 6.0000 3.9122 0.0036 
30.9704 1.0000 2972.8297 0.2331 0.0729 -0.3007 3.2109 7.0000 2.8578 0.0039 
30.9786 1.0000 2977.7038 0.2352 0.0723 -0.3035 3.2091 7.0000 3.8692 0.0046 
30.9557 1.0000 2964.3495 0.2334 0.0722 -0.3012 3.2129 7.0000 3.8642 0.0036 
30.9743 1.0000 2976.9373 0.2335 0.0714 -0.3007 3.2067 7.0000 3.8677 0.0036 
30.9583 1.0000 2970.4477 0.2325 0.0715 -0.2995 3.2089 7.0000 4.3553 0.0044 
30.9594 1.0000 2969.1373 0.2333 0.0721 -0.2987 3.2109 7.0000 3.9149 0.0044 
30.9436 1.0000 2963.3450 0.2326 0.0714 -0.3002 3.2078 7.0000 6.2043 0.0042 
30.9681 1.0000 2974.0041 0.2315 0.0706 -0.2990 3.2110 7.0000 6.3765 0.0034 
30.9653 1.0000 2972.5227 0.2317 0.0720 -0.2962 3.2114 7.0000 4.7939 0.0043 
30.9655 1.0000 2970.2322 0.2332 0.0713 -0.3010 3.2043 7.0000 4.9272 0.0043 
30.9737 1.0000 2975.6736 0.2332 0.0709 -0.3016 3.2088 7.0000 3.2581 0.0037 
30.9457 1.0000 2961.2459 0.2321 0.0711 -0.3001 3.2102 7.0000 3.9576 0.0035 
30.9745 1.0000 2974.6957 0.2309 0.0720 -0.2936 3.2076 6.0000 3.8726 0.0036 
30.9465 1.0000 2964.4724 0.2332 0.0719 -0.3004 3.2131 7.0000 4.1789 0.0037 
30.9496 1.0000 2965.8952 0.2313 0.0716 -0.2987 3.2076 7.0000 4.3106 0.0039 
30.9506 1.0000 2965.2034 0.2331 0.0719 -0.2984 3.2114 7.0000 3.9990 0.0037 
30.9818 1.0000 2976.9524 0.2332 0.0704 -0.3023 3.2047 7.0000 3.8721 0.0040 
30.9553 1.0000 2966.5243 0.2347 0.0729 -0.3028 3.2146 7.0000 3.8547 0.0040 
30.9788 1.0000 2976.4195 0.2330 0.0719 -0.2984 3.2104 7.0000 3.9084 0.0035 
30.9532 1.0000 2965.5417 0.2358 0.0720 -0.3034 3.2094 7.0000 3.9160 0.0035 
30.9643 1.0000 2971.7318 0.2327 0.0717 -0.2995 3.2093 7.0000 4.8785 0.0046 
30.9708 1.0000 2975.4060 0.2330 0.0713 -0.3004 3.2095 6.0000 4.8788 0.0046 
30.9620 1.0000 2971.3936 0.2325 0.0719 -0.2992 3.2083 6.0000 3.9174 0.0039 
30.9737 1.0000 2974.0027 0.2345 0.0720 -0.3012 3.2081 6.0000 2.8573 0.0039 
30.9724 1.0000 2977.0112 0.2359 0.0729 -0.3019 3.2090 6.0000 3.9164 0.0039 
30.9659 1.0000 2972.9765 0.2346 0.0718 -0.3004 3.2069 7.0000 4.3022 0.0039 
30.9722 1.0000 2974.3246 0.2344 0.0713 -0.3020 3.2086 7.0000 4.4125 0.0039 
30.9618 1.0000 2971.1342 0.2313 0.0705 -0.2983 3.2079 7.0000 4.6129 0.0039 
30.9794 1.0000 2977.7939 0.2339 0.0712 -0.3029 3.2071 6.0000 3.9592 0.0039 
30.9779 1.0000 2977.5692 0.2322 0.0707 -0.2996 3.2070 7.0000 6.3822 0.0039 
30.9428 1.0000 2964.2516 0.2342 0.0724 -0.2990 3.2072 7.0000 6.5969 0.0039 
30.9663 1.0000 2973.4205 0.2337 0.0713 -0.3014 3.2070 6.0000 2.7601 0.0039 
