30.9770 1.0000 2975.5928 0.2696 0.0848 -0.3045 3.2855 7.0000 32.5726 0.0030 
30.9962 1.0000 2985.8639 0.2672 0.0838 -0.3031 3.2910 7.0000 33.9368 0.0033 
30.9855 1.0000 2979.6466 0.2687 0.0844 -0.3031 3.2860 7.0000 34.3739 0.0032 
31.0026 1.0000 2988.3433 0.2695 0.0842 -0.3040 3.2882 7.0000 32.5286 0.0032 
30.9861 1.0000 2979.5647 0.2698 0.0843 -0.3065 3.2847 8.0000 32.5281 0.0032 
30.9822 1.0000 2979.1131 0.2680 0.0846 -0.2997 3.2910 7.0000 32.0468 0.0032 
31.0052 1.0000 2989.5134 0.2703 0.0846 -0.3043 3.2881 7.0000 33.2299 0.0032 
30.9917 1.0000 2983.5832 0.2683 0.0831 -0.3050 3.2841 7.0000 31.8677 0.0027 
30.9892 1.0000 2982.1732 0.2671 0.0836 -0.3027 3.2879 7.0000 31.6940 0.0032 
30.9931 1.0000 2984.1448 0.2674 0.0850 -0.2999 3.2910 8.0000 33.9336 0.0030 
30.9966 1.0000 2985.2667 0.2696 0.0835 -0.3041 3.2869 7.0000 33.5382 0.0032 
30.9863 1.0000 2982.8817 0.2684 0.0839 -0.3012 3.2840 7.0000 4.9411 0.0025 
31.0039 1.0000 2987.9644 0.2685 0.0839 -0.3036 3.2876 7.0000 4.2525 0.0032 
30.9859 1.0000 2980.5480 0.2707 0.0840 -0.3055 3.2867 7.0000 4.5876 0.0024 
30.9993 1.0000 2986.0036 0.2687 0.0850 -0.3032 3.2898 7.0000 4.8151 0.0030 
30.9923 1.0000 2982.9080 0.2685 0.0850 -0.3018 3.2906 8.0000 4.5283 0.0030 
30.9936 1.0000 2983.5041 0.2653 0.0832 -0.3040 3.2929 7.0000 6.3055 0.0030 
30.9873 1.0000 2982.8484 0.2684 0.0840 -0.3044 3.2868 7.0000 6.3858 0.0028 
30.9886 1.0000 2981.3588 0.2705 0.0840 -0.3068 3.2854 7.0000 7.8728 0.0027 
31.0008 1.0000 2986.7330 0.2645 0.0846 -0.2969 3.2917 7.0000 10.1432 0.0027 
30.9848 1.0000 2979.9075 0.2675 0.0830 -0.3045 3.2858 7.0000 10.7987 0.0036 
30.9886 1.0000 2983.4194 0.2661 0.0828 -0.3032 3.2863 7.0000 9.9699 0.0036 
31.0106 1.0000 2990.5087 0.2665 0.0840 -0.2989 3.2882 8.0000 5.2174 0.0029 
31.0111 1.0000 2991.4529 0.2682 0.0835 -0.3024 3.2875 8.0000 4.9839 0.0029 
30.9984 1.0000 2985.9412 0.2663 0.0838 -0.3035 3.2871 7.0000 3.9508 0.0033 
30.9936 1.0000 2983.1735 0.2668 0.0843 -0.3012 3.2874 7.0000 3.7814 0.0029 
31.0072 1.0000 2989.0302 0.2679 0.0830 -0.3041 3.2875 7.0000 6.7282 0.0034 
30.9946 1.0000 2984.3340 0.2693 0.0848 -0.3019 3.2898 7.0000 6.9901 0.0029 
30.9740 1.0000 2975.1294 0.2686 0.0829 -0.3058 3.2881 7.0000 4.8701 0.0031 
30.9935 1.0000 2984.3250 0.2688 0.0842 -0.3024 3.2897 7.0000 5.9974 0.0024 
31.0025 1.0000 2988.0948 0.2670 0.0823 -0.3049 3.2864 8.0000 6.0722 0.0034 
31.0020 1.0000 2987.7105 0.2687 0.0837 -0.3021 3.2866 7.0000 7.7006 0.0034 
30.9966 1.0000 2985.4412 0.2663 0.0829 -0.3013 3.2899 7.0000 7.7864 0.0030 
30.9954 1.0000 2984.7779 0.2692 0.0840 -0.3050 3.2873 7.0000 5.3904 0.0030 
30.9958 1.0000 2984.8376 0.2668 0.0841 -0.3007 3.2880 7.0000 5.3608 0.0030 
30.9838 1.0000 2980.6551 0.2697 0.0836 -0.3042 3.2848 7.0000 6.1040 0.0030 
30.9904 1.0000 2983.2572 0.2689 0.0839 -0.3050 3.2856 7.0000 5.2802 0.0024 
30.9804 1.0000 2977.6078 0.2674 0.0835 -0.3029 3.2880 7.0000 5.3131 0.0028 
30.9972 1.0000 2986.5381 0.2654 0.0836 -0.2983 3.2882 8.0000 3.7825 0.0028 
30.9938 1.0000 2984.1699 0.2670 0.0844 -0.3008 3.2883 7.0000 5.1518 0.0033 
31.0114 1.0000 2990.8260 0.2674 0.0828 -0.3046 3.2843 7.0000 3.7415 0.0030 
30.9807 1.0000 2978.1100 0.2686 0.0832 -0.3053 3.2852 7.0000 5.0836 0.0030 
30.9944 1.0000 2985.9562 0.2679 0.0837 -0.3027 3.2873 7.0000 5.2717 0.0029 
30.9930 1.0000 2984.2714 0.2681 0.0837 -0.3029 3.2952 7.0000 5.2346 0.0029 
30.9930 1.0000 2984.1145 0.2662 0.0838 -0.2992 3.2894 7.0000 5.3666 0.0030 
31.0134 1.0000 2992.7382 0.2685 0.0837 -0.3038 3.2895 7.0000 4.1747 0.0031 
30.9922 1.0000 2982.0129 0.2698 0.0845 -0.3030 3.2843 7.0000 3.7379 0.0032 
30.9926 1.0000 2983.7062 0.2661 0.0825 -0.3045 3.2823 7.0000 5.3652 0.0031 
30.9997 1.0000 2984.6717 0.2649 0.0826 -0.3027 3.2879 8.0000 5.1060 0.0031 
30.9984 1.0000 2986.1775 0.2674 0.0830 -0.3034 3.2897 7.0000 5.4036 0.0034 
30.9851 1.0000 2980.3149 0.2672 0.0832 -0.3035 3.2829 7.0000 5.6272 0.0034 
30.9926 1.0000 2983.3889 0.2659 0.0832 -0.3020 3.2858 7.0000 5.3559 0.0034 
30.9971 1.0000 2984.4438 0.2678 0.0851 -0.3019 3.2914 8.0000 5.1045 0.0029 
31.0092 1.0000 2989.0036 0.2678 0.0843 -0.3031 3.2852 7.0000 6.3547 0.0035 
30.9912 1.0000 2983.2157 0.2689 0.0829 -0.3042 3.2856 8.0000 6.5521 0.0033 
30.9936 1.0000 2982.8018 0.2680 0.0844 -0.3002 3.2894 8.0000 5.3576 0.0027 
30.9859 1.0000 2979.9422 0.2661 0.0834 -0.3004 3.2865 7.0000 5.4549 0.0029 
30.9910 1.0000 2981.5376 0.2677 0.0845 -0.2998 3.2909 7.0000 5.2816 0.0029 
30.9917 1.0000 2983.5088 0.2695 0.0849 -0.3033 3.2857 7.0000 5.3228 0.0028 
30.9814 1.0000 2978.0492 0.2720 0.0848 -0.3057 3.2874 7.0000 5.4576 0.0034 
31.0008 1.0000 2987.5845 0.2664 0.0834 -0.3029 3.2917 7.0000 7.5034 0.0028 
31.0096 1.0000 2989.7879 0.2680 0.0839 -0.3037 3.2928 7.0000 8.8837 0.0029 
30.9966 1.0000 2985.3315 0.2680 0.0839 -0.3026 3.2872 7.0000 8.0516 0.0029 
31.0023 1.0000 2987.3775 0.2707 0.0845 -0.3040 3.2873 7.0000 4.6181 0.0033 
30.9781 1.0000 2977.9766 0.2679 0.0841 -0.3034 3.2903 7.0000 5.1787 0.0026 
30.9838 1.0000 2979.6284 0.2689 0.0839 -0.3048 3.2866 7.0000 5.4395 0.0026 
30.9974 1.0000 2985.6103 0.2679 0.0848 -0.3009 3.2869 7.0000 5.4503 0.0029 
30.9953 1.0000 2984.0708 0.2673 0.0831 -0.3029 3.2852 7.0000 5.4962 0.0028 
31.0013 1.0000 2987.3856 0.2687 0.0842 -0.3039 3.2890 7.0000 5.3678 0.0035 
30.9807 1.0000 2978.2554 0.2682 0.0834 -0.3034 3.2844 7.0000 4.2768 0.0033 
30.9966 1.0000 2985.9449 0.2655 0.0833 -0.3001 3.2890 7.0000 5.3659 0.0028 
30.9974 1.0000 2985.1835 0.2696 0.0844 -0.3038 3.2860 7.0000 5.5429 0.0028 
30.9881 1.0000 2981.9747 0.2669 0.0838 -0.3030 3.2922 7.0000 5.8939 0.0027 
30.9846 1.0000 2980.8052 0.2672 0.0849 -0.3018 3.2931 7.0000 5.8897 0.0035 
31.0064 1.0000 2989.9915 0.2676 0.0824 -0.3024 3.2863 7.0000 5.5347 0.0035 
30.9784 1.0000 2977.8990 0.2689 0.0827 -0.3055 3.2868 7.0000 8.8371 0.0029 
30.9959 1.0000 2984.7252 0.2679 0.0839 -0.3033 3.2959 7.0000 9.0708 0.0029 
31.0000 1.0000 2986.9570 0.2705 0.0849 -0.3052 3.2851 7.0000 5.3102 0.0027 
30.9796 1.0000 2978.2466 0.2690 0.0838 -0.3048 3.2868 7.0000 5.4938 0.0029 
30.9835 1.0000 2978.6023 0.2671 0.0841 -0.3027 3.2889 7.0000 5.3211 0.0030 
30.9993 1.0000 2987.1364 0.2673 0.0824 -0.3071 3.2855 7.0000 5.3571 0.0029 
30.9998 1.0000 2986.1520 0.2673 0.0831 -0.3047 3.2906 8.0000 5.3495 0.0032 
31.0028 1.0000 2987.8438 0.2688 0.0842 -0.3049 3.2837 7.0000 5.4987 0.0031 
30.9783 1.0000 2978.1324 0.2686 0.0835 -0.3075 3.2876 7.0000 4.0029 0.0028 
30.9792 1.0000 2977.7479 0.2686 0.0837 -0.3040 3.2840 7.0000 5.5471 0.0028 
30.9954 1.0000 2985.2279 0.2682 0.0820 -0.3086 3.2847 7.0000 4.9036 0.0033 
30.9889 1.0000 2981.5253 0.2680 0.0837 -0.3036 3.2868 7.0000 6.0262 0.0029 
31.0044 1.0000 2988.2124 0.2657 0.0836 -0.3001 3.2893 7.0000 6.0332 0.0025 
30.9935 1.0000 2984.0346 0.2683 0.0835 -0.3028 3.2897 7.0000 5.4913 0.0030 
30.9881 1.0000 2980.6887 0.2683 0.0831 -0.3059 3.2857 6.0000 5.4069 0.0030 
30.9975 1.0000 2984.9302 0.2676 0.0824 -0.3047 3.2836 7.0000 6.6000 0.0030 
30.9979 1.0000 2985.3528 0.2711 0.0835 -0.3064 3.2819 8.0000 5.4674 0.0030 
30.9918 1.0000 2983.9127 0.2692 0.0832 -0.3053 3.2911 7.0000 5.6269 0.0030 
30.9998 1.0000 2987.3510 0.2666 0.0825 -0.3028 3.2875 7.0000 5.5015 0.0030 
30.9840 1.0000 2980.0258 0.2685 0.0840 -0.3047 3.2914 7.0000 5.4036 0.0030 
30.9995 1.0000 2986.1912 0.2688 0.0848 -0.3028 3.2894 7.0000 5.4871 0.0030 
30.9962 1.0000 2985.5100 0.2695 0.0833 -0.3053 3.2880 7.0000 5.3973 0.0030 
31.0088 1.0000 2990.1536 0.2661 0.0817 -0.3041 3.2836 7.0000 5.4918 0.0030 
30.9922 1.0000 2983.2023 0.2671 0.0827 -0.3040 3.2857 7.0000 5.5415 0.0030 
30.9944 1.0000 2984.1119 0.2687 0.0834 -0.3041 3.2899 8.0000 5.4387 0.0030 
