30.7382 1.0000 2888.8386 0.3990 0.1779 -0.2710 3.0840 6.0000 4.1730 0.0081 
30.7484 1.0000 2895.2022 0.3974 0.1765 -0.2718 3.0908 5.0000 5.1062 0.0081 
30.7896 1.0000 2902.3599 0.3976 0.1755 -0.2718 3.0898 6.0000 4.5267 0.0081 
30.6499 1.0000 2836.4044 0.4124 0.1830 -0.2822 3.0976 6.0000 5.1421 0.0081 
30.7888 1.0000 2905.5069 0.3938 0.1800 -0.2531 3.0959 6.0000 5.0595 0.0099 
30.7610 1.0000 2874.4739 0.3902 0.1774 -0.2583 3.0850 6.0000 5.1419 0.0099 
30.6924 1.0000 2850.4024 0.4092 0.1809 -0.2857 3.0921 6.0000 5.0541 0.0099 
30.7504 1.0000 2904.4641 0.4029 0.1794 -0.2629 3.0927 6.0000 5.0531 0.0081 
30.7516 1.0000 2898.1932 0.4026 0.1794 -0.2683 3.0917 6.0000 4.9217 0.0106 
30.7618 1.0000 2884.9955 0.4060 0.1809 -0.2712 3.0922 6.0000 5.1440 0.0081 
30.6540 1.0000 2847.2341 0.4137 0.1850 -0.2825 3.1077 6.0000 5.1137 0.0121 
30.7157 1.0000 2853.3922 0.4005 0.1823 -0.2726 3.1003 6.0000 0.5317 0.0116 
30.7810 1.0000 2898.2847 0.4032 0.1808 -0.2683 3.1005 6.0000 0.7933 0.0159 
30.7149 1.0000 2874.3685 0.4004 0.1771 -0.2731 3.0803 5.0000 1.3373 0.0119 
30.7067 1.0000 2874.3292 0.4032 0.1803 -0.2713 3.0842 6.0000 1.1204 0.0104 
30.8354 1.0000 2925.0515 0.4043 0.1786 -0.2741 3.0859 6.0000 0.7854 0.0108 
30.6818 1.0000 2866.8419 0.4121 0.1797 -0.2844 3.0886 6.0000 1.2516 0.0088 
30.8096 1.0000 2909.9530 0.4069 0.1804 -0.2767 3.0970 6.0000 0.8696 0.0088 
30.7884 1.0000 2886.0658 0.4044 0.1796 -0.2784 3.0815 6.0000 2.0944 0.0110 
30.7157 1.0000 2858.7132 0.4078 0.1810 -0.2820 3.0986 6.0000 1.9586 0.0110 
30.7288 1.0000 2889.8395 0.4072 0.1801 -0.2736 3.0985 6.0000 2.0219 0.0110 
30.7108 1.0000 2863.1634 0.4124 0.1813 -0.2857 3.0988 6.0000 1.9785 0.0088 
30.7655 1.0000 2892.2958 0.3979 0.1765 -0.2739 3.0841 6.0000 0.7916 0.0113 
30.6009 1.0000 2819.1622 0.4004 0.1818 -0.2634 3.0952 6.0000 0.5711 0.0142 
30.7533 1.0000 2882.0413 0.4022 0.1770 -0.2791 3.0862 5.0000 0.8353 0.0116 
30.7206 1.0000 2862.7467 0.4071 0.1806 -0.2817 3.1005 6.0000 0.8344 0.0130 
30.8154 1.0000 2915.1042 0.4066 0.1819 -0.2672 3.0965 6.0000 0.8353 0.0101 
30.7353 1.0000 2887.3252 0.3968 0.1770 -0.2615 3.0840 6.0000 1.1835 0.0114 
30.7484 1.0000 2901.9628 0.4014 0.1774 -0.2677 3.0872 6.0000 1.1845 0.0114 
30.7431 1.0000 2889.6520 0.4085 0.1813 -0.2675 3.0923 6.0000 1.4444 0.0114 
30.7214 1.0000 2863.1364 0.4047 0.1816 -0.2791 3.0877 6.0000 1.4306 0.0114 
30.7471 1.0000 2896.6867 0.4040 0.1797 -0.2770 3.0924 6.0000 1.5852 0.0111 
30.6520 1.0000 2840.8627 0.4030 0.1813 -0.2753 3.0939 6.0000 1.4482 0.0111 
30.7377 1.0000 2875.4926 0.3997 0.1824 -0.2571 3.0919 6.0000 0.5722 0.0100 
30.7312 1.0000 2888.4314 0.4031 0.1786 -0.2704 3.0979 6.0000 0.8367 0.0097 
30.6875 1.0000 2843.2292 0.4017 0.1787 -0.2747 3.0987 5.0000 0.8302 0.0109 
30.7753 1.0000 2907.7157 0.3997 0.1794 -0.2629 3.0877 6.0000 0.8377 0.0121 
30.7349 1.0000 2887.5490 0.4109 0.1790 -0.2820 3.0889 6.0000 0.8362 0.0127 
30.6900 1.0000 2851.4690 0.4037 0.1780 -0.2786 3.0898 6.0000 1.2021 0.0118 
30.7439 1.0000 2891.0539 0.3979 0.1785 -0.2622 3.0951 6.0000 1.1587 0.0118 
30.7263 1.0000 2878.4849 0.4042 0.1818 -0.2657 3.1013 6.0000 2.0231 0.0118 
30.7998 1.0000 2904.5498 0.4097 0.1813 -0.2711 3.0920 7.0000 1.1604 0.0118 
30.7729 1.0000 2900.6324 0.3945 0.1767 -0.2650 3.0865 6.0000 1.4968 0.0118 
30.7786 1.0000 2902.0368 0.4111 0.1817 -0.2794 3.0963 6.0000 1.5310 0.0118 
30.7884 1.0000 2909.6095 0.4012 0.1779 -0.2691 3.0924 6.0000 0.5733 0.0119 
30.7525 1.0000 2895.3456 0.4054 0.1780 -0.2782 3.0991 6.0000 0.8358 0.0104 
30.7153 1.0000 2868.3946 0.4075 0.1788 -0.2775 3.0923 5.0000 0.7944 0.0117 
30.6957 1.0000 2867.7149 0.4108 0.1829 -0.2775 3.0893 6.0000 0.8366 0.0146 
30.7202 1.0000 2870.8803 0.4043 0.1818 -0.2674 3.1044 6.0000 0.7943 0.0150 
30.7255 1.0000 2857.5600 0.4031 0.1799 -0.2802 3.0981 6.0000 0.6175 0.0157 
30.6842 1.0000 2848.4069 0.4000 0.1796 -0.2719 3.0969 6.0000 1.4574 0.0097 
30.7308 1.0000 2870.2283 0.4055 0.1805 -0.2682 3.0886 6.0000 1.7856 0.0097 
30.7463 1.0000 2883.3064 0.4065 0.1811 -0.2718 3.0916 6.0000 1.9632 0.0097 
30.7149 1.0000 2854.5580 0.4067 0.1813 -0.2764 3.0955 6.0000 2.1860 0.0132 
30.7467 1.0000 2888.3166 0.3991 0.1750 -0.2713 3.0849 6.0000 2.0648 0.0132 
30.7651 1.0000 2887.7504 0.4070 0.1794 -0.2837 3.0905 6.0000 1.8333 0.0132 
30.6054 1.0000 2810.2512 0.4094 0.1820 -0.2859 3.1113 6.0000 0.8328 0.0125 
30.7283 1.0000 2862.8440 0.4060 0.1854 -0.2636 3.0982 6.0000 0.7396 0.0105 
30.6283 1.0000 2833.0351 0.4073 0.1811 -0.2771 3.1048 6.0000 0.9213 0.0151 
30.6381 1.0000 2824.2533 0.4072 0.1833 -0.2747 3.1064 6.0000 0.5751 0.0143 
30.7884 1.0000 2903.3415 0.4029 0.1792 -0.2717 3.0828 6.0000 0.7893 0.0119 
30.6801 1.0000 2836.9232 0.4001 0.1758 -0.2770 3.0907 6.0000 0.9513 0.0102 
30.7042 1.0000 2865.0654 0.4048 0.1815 -0.2665 3.0961 6.0000 1.5565 0.0102 
30.7059 1.0000 2871.0478 0.4009 0.1792 -0.2727 3.0932 6.0000 1.7319 0.0102 
30.7312 1.0000 2889.2627 0.4036 0.1778 -0.2665 3.0906 6.0000 1.8851 0.0102 
30.5462 1.0000 2778.8031 0.4071 0.1847 -0.2787 3.1131 6.0000 1.8774 0.0102 
30.7034 1.0000 2866.5874 0.4068 0.1801 -0.2791 3.0955 6.0000 1.8843 0.0102 
30.7647 1.0000 2891.6875 0.4054 0.1791 -0.2743 3.0936 6.0000 0.8804 0.0125 
30.6471 1.0000 2836.0106 0.3988 0.1800 -0.2700 3.0881 6.0000 0.6167 0.0139 
30.6238 1.0000 2825.8775 0.4090 0.1793 -0.2862 3.1013 6.0000 0.6164 0.0133 
30.7218 1.0000 2860.6291 0.4145 0.1832 -0.2883 3.0937 6.0000 0.9220 0.0133 
30.7712 1.0000 2883.6013 0.4023 0.1787 -0.2735 3.0933 7.0000 0.8800 0.0119 
30.7165 1.0000 2859.0037 0.4080 0.1813 -0.2823 3.0931 6.0000 1.3581 0.0101 
30.7361 1.0000 2893.2974 0.4032 0.1795 -0.2690 3.0909 6.0000 1.3573 0.0101 
30.7373 1.0000 2885.6826 0.4055 0.1807 -0.2693 3.0914 6.0000 1.5778 0.0101 
30.7582 1.0000 2897.0719 0.4048 0.1770 -0.2812 3.0794 6.0000 2.0752 0.0125 
30.7418 1.0000 2899.7271 0.3915 0.1753 -0.2609 3.0890 6.0000 1.8864 0.0125 
30.6597 1.0000 2844.0723 0.4096 0.1831 -0.2805 3.1003 5.0000 1.8782 0.0125 
30.7042 1.0000 2875.9763 0.4073 0.1817 -0.2741 3.0897 6.0000 0.6983 0.0106 
30.6785 1.0000 2860.3252 0.4110 0.1810 -0.2852 3.0810 6.0000 0.8822 0.0153 
30.7210 1.0000 2892.8795 0.4023 0.1801 -0.2622 3.0966 6.0000 1.2341 0.0113 
30.7655 1.0000 2901.1295 0.4033 0.1786 -0.2659 3.0849 6.0000 0.9231 0.0137 
30.7749 1.0000 2890.2729 0.4059 0.1798 -0.2773 3.0956 6.0000 0.8803 0.0144 
30.7026 1.0000 2863.0527 0.4044 0.1794 -0.2797 3.0909 6.0000 0.9967 0.0125 
30.7443 1.0000 2895.0249 0.4029 0.1820 -0.2593 3.0946 6.0000 1.4922 0.0125 
30.6900 1.0000 2868.1850 0.4104 0.1844 -0.2776 3.0974 6.0000 1.8038 0.0117 
30.7173 1.0000 2881.4371 0.4088 0.1819 -0.2725 3.0901 6.0000 1.9425 0.0124 
30.6622 1.0000 2857.1499 0.4036 0.1793 -0.2745 3.0973 6.0000 1.9122 0.0110 
30.7606 1.0000 2887.2614 0.4069 0.1790 -0.2816 3.0872 6.0000 1.8895 0.0124 
30.6172 1.0000 2815.5935 0.4060 0.1815 -0.2765 3.1098 6.0000 0.6161 0.0125 
30.6658 1.0000 2848.5650 0.3941 0.1769 -0.2657 3.0889 6.0000 0.6570 0.0120 
30.7390 1.0000 2888.3730 0.3958 0.1765 -0.2675 3.0834 6.0000 0.6148 0.0120 
30.6462 1.0000 2842.5172 0.4041 0.1796 -0.2749 3.0962 6.0000 0.9219 0.0120 
30.7030 1.0000 2848.3705 0.4039 0.1837 -0.2665 3.1030 6.0000 0.9660 0.0120 
30.7475 1.0000 2890.7357 0.4057 0.1814 -0.2757 3.0922 6.0000 0.9685 0.0120 
30.7014 1.0000 2865.2467 0.4053 0.1823 -0.2725 3.0977 6.0000 0.6159 0.0120 
30.7263 1.0000 2891.8795 0.4069 0.1768 -0.2802 3.0880 6.0000 1.3169 0.0120 
30.7067 1.0000 2853.4975 0.4087 0.1837 -0.2787 3.0972 6.0000 1.3608 0.0120 
30.8031 1.0000 2918.4616 0.4011 0.1768 -0.2666 3.0833 6.0000 0.9104 0.0120 
30.7169 1.0000 2878.9220 0.4042 0.1800 -0.2733 3.0877 6.0000 0.8601 0.0120 
