30.4662 11.0000 2761.7092 0.3859 0.1787 -0.2852 2.9973 6.0000 3.1739 0.0190 
30.6095 11.0000 2831.1057 0.3840 0.1757 -0.2795 2.9944 5.0000 3.0495 0.0161 
30.6084 11.0000 2826.5969 0.3866 0.1765 -0.2749 2.9971 5.0000 3.1712 0.0161 
30.5686 11.0000 2807.4069 0.3887 0.1740 -0.2930 2.9951 6.0000 3.2208 0.0162 
30.5801 11.0000 2802.2108 0.3881 0.1749 -0.2945 2.9892 6.0000 3.2170 0.0162 
30.5964 11.0000 2826.0223 0.3878 0.1779 -0.2715 2.9998 5.0000 2.9487 0.0166 
30.6345 11.0000 2838.1117 0.3859 0.1751 -0.2807 2.9837 6.0000 2.6199 0.0169 
30.5501 11.0000 2781.2113 0.3844 0.1751 -0.2855 2.9910 5.0000 2.9869 0.0166 
30.5577 11.0000 2809.1487 0.3888 0.1784 -0.2865 2.9909 5.0000 2.8822 0.0190 
30.6117 11.0000 2834.6302 0.3800 0.1737 -0.2771 2.9905 5.0000 2.8067 0.0166 
30.5773 11.0000 2823.7642 0.3840 0.1754 -0.2793 3.0025 5.0000 2.7781 0.0166 
30.5942 11.0000 2829.5158 0.3864 0.1746 -0.2876 2.9859 6.0000 0.5279 0.0144 
30.5071 11.0000 2769.1084 0.3828 0.1764 -0.2777 3.0041 7.0000 0.5645 0.0189 
30.6100 11.0000 2831.7277 0.3849 0.1754 -0.2791 2.9911 6.0000 0.5490 0.0144 
30.6596 11.0000 2857.0583 0.3855 0.1745 -0.2781 2.9900 5.0000 0.6014 0.0152 
30.5779 11.0000 2808.7587 0.3886 0.1783 -0.2805 2.9963 5.0000 0.6573 0.0144 
30.5915 11.0000 2818.1138 0.3814 0.1730 -0.2803 2.9942 6.0000 0.6146 0.0176 
30.6334 11.0000 2844.3279 0.3869 0.1796 -0.2741 2.9975 7.0000 0.8255 0.0171 
30.5975 11.0000 2829.9031 0.3825 0.1760 -0.2780 2.9937 5.0000 1.1239 0.0171 
30.5969 11.0000 2826.1596 0.3798 0.1729 -0.2741 2.9896 5.0000 1.1793 0.0171 
30.5033 11.0000 2773.8284 0.3883 0.1787 -0.2881 3.0010 6.0000 1.0952 0.0171 
30.5114 11.0000 2790.4472 0.3858 0.1759 -0.2880 2.9848 6.0000 0.8392 0.0127 
30.6460 11.0000 2846.9297 0.3896 0.1749 -0.2861 2.9847 6.0000 0.5265 0.0165 
30.6345 11.0000 2846.9210 0.3839 0.1791 -0.2648 3.0006 6.0000 0.7881 0.0145 
30.6411 11.0000 2836.6242 0.3887 0.1763 -0.2863 2.9886 5.0000 0.6130 0.0164 
30.6215 11.0000 2845.5920 0.4021 0.1812 -0.3011 2.9865 5.0000 0.5737 0.0174 
30.5490 11.0000 2785.8279 0.3822 0.1730 -0.2915 3.0021 5.0000 0.5283 0.0172 
30.5637 11.0000 2818.2522 0.3935 0.1797 -0.2896 3.0039 6.0000 0.5713 0.0154 
30.5822 11.0000 2799.8529 0.3871 0.1784 -0.2834 3.0018 6.0000 0.7408 0.0166 
30.6977 11.0000 2882.5534 0.3843 0.1746 -0.2764 2.9795 6.0000 0.8264 0.0166 
30.5752 11.0000 2801.8475 0.3857 0.1735 -0.2913 2.9924 5.0000 0.8296 0.0166 
30.4417 11.0000 2753.5163 0.3922 0.1787 -0.2917 3.0057 5.0000 0.7846 0.0166 
30.5855 11.0000 2806.8170 0.3824 0.1735 -0.2883 2.9937 6.0000 0.6142 0.0166 
30.5539 11.0000 2804.6841 0.3865 0.1780 -0.2753 2.9961 5.0000 0.4834 0.0159 
30.5812 11.0000 2818.6155 0.3854 0.1784 -0.2775 2.9934 6.0000 0.5682 0.0174 
30.6422 11.0000 2857.2446 0.3874 0.1760 -0.2845 2.9994 6.0000 0.4648 0.0147 
30.5610 11.0000 2792.2141 0.3805 0.1756 -0.2789 2.9996 5.0000 0.5587 0.0151 
30.6144 11.0000 2833.2653 0.3767 0.1705 -0.2752 2.9822 5.0000 0.5295 0.0171 
30.5790 11.0000 2835.7925 0.3820 0.1752 -0.2772 2.9911 6.0000 0.5671 0.0139 
30.5664 11.0000 2816.5016 0.3922 0.1804 -0.2874 3.0005 5.0000 1.0028 0.0158 
30.6253 11.0000 2843.0408 0.3840 0.1791 -0.2730 2.9956 5.0000 0.9586 0.0158 
30.5719 11.0000 2814.0561 0.3861 0.1796 -0.2710 2.9962 5.0000 0.9618 0.0158 
30.5931 11.0000 2808.6144 0.4001 0.1798 -0.3049 2.9937 6.0000 0.9564 0.0171 
30.5539 11.0000 2806.8230 0.3854 0.1767 -0.2876 2.9999 5.0000 0.7504 0.0184 
30.5991 11.0000 2829.8529 0.3951 0.1781 -0.2927 2.9929 5.0000 0.3959 0.0178 
30.6367 11.0000 2844.1748 0.3850 0.1754 -0.2818 2.9954 5.0000 0.5720 0.0171 
30.6247 11.0000 2820.6443 0.3946 0.1807 -0.2880 3.0043 6.0000 0.5297 0.0168 
30.5648 11.0000 2797.9978 0.3857 0.1758 -0.2822 2.9887 5.0000 0.5292 0.0180 
30.5430 11.0000 2804.8028 0.3872 0.1775 -0.2841 2.9926 5.0000 0.5692 0.0177 
30.6596 11.0000 2865.1639 0.3841 0.1753 -0.2716 2.9908 6.0000 0.3958 0.0160 
30.6019 11.0000 2831.1345 0.3840 0.1773 -0.2751 2.9922 6.0000 0.5715 0.0146 
30.5632 11.0000 2799.6481 0.3797 0.1749 -0.2791 2.9919 5.0000 0.8963 0.0189 
30.5245 11.0000 2773.0196 0.3836 0.1779 -0.2825 3.0020 6.0000 0.6027 0.0189 
30.5163 11.0000 2791.9036 0.3850 0.1760 -0.2871 2.9917 5.0000 0.6900 0.0143 
30.6405 11.0000 2830.5703 0.3781 0.1782 -0.2635 2.9942 6.0000 0.7915 0.0143 
30.5632 11.0000 2816.3241 0.3707 0.1716 -0.2630 3.0010 6.0000 0.7026 0.0143 
30.5719 11.0000 2835.6427 0.3857 0.1791 -0.2624 3.0079 6.0000 0.4354 0.0147 
30.5359 11.0000 2802.9766 0.3871 0.1776 -0.2837 2.9964 5.0000 0.5701 0.0158 
30.5474 11.0000 2795.9248 0.3893 0.1784 -0.2844 2.9907 6.0000 0.5296 0.0152 
30.5975 11.0000 2813.5343 0.3870 0.1742 -0.2904 2.9900 6.0000 0.5702 0.0183 
30.6394 11.0000 2833.8524 0.3824 0.1739 -0.2843 2.9965 6.0000 0.5656 0.0139 
30.5103 11.0000 2791.1808 0.3867 0.1789 -0.2786 3.0067 5.0000 0.5712 0.0176 
30.6019 11.0000 2815.9690 0.3829 0.1731 -0.2804 2.9900 6.0000 0.6164 0.0188 
30.6476 11.0000 2862.0163 0.3808 0.1753 -0.2765 2.9905 6.0000 0.6162 0.0161 
30.6351 11.0000 2836.0403 0.3874 0.1776 -0.2781 2.9901 6.0000 0.5634 0.0171 
30.6830 11.0000 2870.4842 0.3789 0.1734 -0.2764 2.9800 5.0000 1.0022 0.0171 
30.5588 11.0000 2799.1683 0.3871 0.1786 -0.2808 3.0032 5.0000 1.2231 0.0171 
30.6035 11.0000 2849.7266 0.3825 0.1754 -0.2764 2.9865 6.0000 1.1005 0.0153 
30.6596 11.0000 2848.0359 0.3825 0.1723 -0.2842 2.9876 6.0000 0.5706 0.0175 
30.6209 11.0000 2834.1678 0.3840 0.1741 -0.2808 2.9858 5.0000 0.3954 0.0158 
30.5283 11.0000 2816.2375 0.3911 0.1762 -0.2921 2.9915 5.0000 0.5272 0.0170 
30.6176 11.0000 2849.2658 0.3840 0.1752 -0.2751 2.9835 5.0000 0.5694 0.0168 
30.5496 11.0000 2802.4989 0.3764 0.1714 -0.2762 2.9869 6.0000 0.3958 0.0186 
30.5131 11.0000 2798.0414 0.3915 0.1800 -0.2830 2.9983 6.0000 0.5726 0.0181 
30.5931 11.0000 2830.1422 0.3880 0.1725 -0.2983 2.9804 5.0000 0.5308 0.0175 
30.5637 11.0000 2803.9167 0.3857 0.1748 -0.2837 2.9877 5.0000 0.5712 0.0171 
30.6547 11.0000 2816.9461 0.3868 0.1755 -0.2957 2.9877 6.0000 0.5725 0.0159 
30.5191 11.0000 2786.3382 0.3854 0.1777 -0.2788 3.0009 6.0000 0.7895 0.0159 
30.5534 11.0000 2797.3355 0.3847 0.1734 -0.2896 2.9841 6.0000 0.7452 0.0159 
30.5675 11.0000 2820.0719 0.3806 0.1752 -0.2779 2.9866 6.0000 0.5656 0.0156 
30.6029 11.0000 2831.1345 0.3850 0.1751 -0.2804 2.9843 5.0000 0.3956 0.0156 
30.5735 11.0000 2809.3971 0.3818 0.1766 -0.2756 2.9913 5.0000 0.5702 0.0176 
30.5191 11.0000 2780.9455 0.3832 0.1756 -0.2897 2.9944 5.0000 0.5715 0.0185 
30.5354 11.0000 2806.8562 0.3874 0.1773 -0.2859 2.9944 5.0000 0.5658 0.0156 
30.5523 11.0000 2790.7135 0.3879 0.1813 -0.2811 3.0070 5.0000 0.5720 0.0150 
30.5648 11.0000 2806.4058 0.3858 0.1741 -0.2845 2.9936 5.0000 0.5633 0.0163 
30.5986 11.0000 2823.2086 0.3881 0.1738 -0.2928 2.9888 6.0000 0.5675 0.0172 
30.6759 11.0000 2864.3796 0.3807 0.1736 -0.2772 2.9805 5.0000 0.8313 0.0152 
30.6269 11.0000 2825.6563 0.3838 0.1732 -0.2830 2.9740 5.0000 0.8338 0.0172 
30.6106 11.0000 2830.7249 0.3884 0.1823 -0.2711 3.0076 6.0000 0.7920 0.0173 
30.5044 11.0000 2768.0000 0.3780 0.1720 -0.2856 2.9911 6.0000 0.8307 0.0173 
30.6481 11.0000 2873.4646 0.3875 0.1743 -0.2805 2.9773 6.0000 0.9225 0.0173 
30.5496 11.0000 2784.3448 0.3868 0.1763 -0.2866 2.9965 5.0000 0.8808 0.0152 
30.5207 11.0000 2826.9891 0.3779 0.1722 -0.2676 2.9877 6.0000 0.5699 0.0173 
30.6280 11.0000 2840.2070 0.3881 0.1784 -0.2812 2.9913 6.0000 0.5711 0.0173 
30.5871 11.0000 2806.8606 0.3885 0.1751 -0.2901 2.9930 5.0000 0.5730 0.0173 
30.5621 11.0000 2807.4755 0.3878 0.1773 -0.2858 3.0003 5.0000 0.5732 0.0173 
30.5615 11.0000 2798.1275 0.3878 0.1775 -0.2883 2.9954 5.0000 0.7485 0.0173 
30.6198 11.0000 2838.1895 0.3891 0.1782 -0.2800 2.9949 6.0000 0.7468 0.0173 
30.5594 11.0000 2791.0289 0.3715 0.1758 -0.2613 2.9970 6.0000 0.5105 0.0173 
