30.9660 11.0000 2976.3920 0.3943 0.1527 -0.2772 3.3319 7.0000 20.8213 0.0045 
30.9512 11.0000 2968.4528 0.4001 0.1548 -0.2788 3.3363 7.0000 21.3092 0.0045 
30.9831 11.0000 2984.3135 0.3965 0.1517 -0.2779 3.3349 7.0000 21.2170 0.0045 
30.9759 11.0000 2981.8341 0.3957 0.1527 -0.2752 3.3266 8.0000 23.3683 0.0043 
30.9971 11.0000 2987.6460 0.3966 0.1511 -0.2769 3.3234 7.0000 23.2827 0.0035 
30.9541 11.0000 2968.5316 0.3932 0.1516 -0.2745 3.3320 7.0000 23.2387 0.0045 
30.9688 11.0000 2975.4615 0.3969 0.1538 -0.2740 3.3374 7.0000 21.9686 0.0034 
30.9880 11.0000 2983.5899 0.3948 0.1533 -0.2716 3.3252 7.0000 21.3488 0.0037 
30.9717 11.0000 2978.0434 0.3967 0.1551 -0.2744 3.3397 7.0000 23.5880 0.0045 
30.9815 11.0000 2981.0844 0.3976 0.1561 -0.2718 3.3404 7.0000 23.6765 0.0045 
30.9394 11.0000 2963.7504 0.3975 0.1551 -0.2714 3.3359 7.0000 21.7913 0.0045 
30.9720 11.0000 2979.5570 0.3990 0.1558 -0.2741 3.3329 8.0000 2.5057 0.0041 
30.9459 11.0000 2969.3348 0.4013 0.1531 -0.2853 3.3349 8.0000 3.6934 0.0040 
30.9548 11.0000 2972.0114 0.3943 0.1527 -0.2745 3.3305 7.0000 3.6114 0.0045 
30.9775 11.0000 2980.1672 0.3959 0.1541 -0.2749 3.3266 8.0000 3.1310 0.0044 
30.9475 11.0000 2967.9103 0.3976 0.1530 -0.2782 3.3357 7.0000 2.5049 0.0041 
30.9628 11.0000 2972.2711 0.3975 0.1526 -0.2794 3.3289 7.0000 4.3746 0.0045 
30.9831 11.0000 2980.6977 0.3953 0.1533 -0.2761 3.3328 8.0000 4.4662 0.0034 
30.9833 11.0000 2983.9423 0.3985 0.1544 -0.2770 3.3370 7.0000 6.9303 0.0034 
30.9680 11.0000 2975.2662 0.3996 0.1555 -0.2752 3.3373 8.0000 8.8845 0.0034 
30.9473 11.0000 2971.0592 0.3928 0.1509 -0.2750 3.3322 8.0000 9.1005 0.0037 
30.9610 11.0000 2973.8146 0.3955 0.1512 -0.2795 3.3280 7.0000 9.2292 0.0038 
30.9622 11.0000 2973.6084 0.3949 0.1522 -0.2777 3.3364 7.0000 2.5961 0.0034 
30.9475 11.0000 2963.9414 0.3990 0.1502 -0.2851 3.3316 7.0000 2.5521 0.0033 
30.9582 11.0000 2971.9455 0.4011 0.1543 -0.2827 3.3376 7.0000 2.8463 0.0035 
30.9512 11.0000 2968.2878 0.3999 0.1535 -0.2806 3.3345 7.0000 3.1324 0.0033 
30.9483 11.0000 2966.1587 0.4047 0.1553 -0.2821 3.3265 8.0000 3.9117 0.0040 
30.9695 11.0000 2977.1645 0.3965 0.1535 -0.2760 3.3382 7.0000 3.7764 0.0042 
30.9826 11.0000 2982.9737 0.3992 0.1541 -0.2769 3.3419 8.0000 2.5542 0.0036 
30.9706 11.0000 2976.1383 0.3971 0.1529 -0.2784 3.3355 8.0000 3.7786 0.0044 
30.9798 11.0000 2979.9018 0.3968 0.1544 -0.2730 3.3363 7.0000 3.8672 0.0043 
30.9746 11.0000 2975.3184 0.3968 0.1513 -0.2795 3.3365 7.0000 4.3016 0.0031 
30.9824 11.0000 2982.2680 0.3996 0.1558 -0.2761 3.3424 7.0000 4.4389 0.0031 
30.9858 11.0000 2983.3871 0.4004 0.1539 -0.2783 3.3293 7.0000 4.0303 0.0037 
30.9464 11.0000 2964.8833 0.3977 0.1512 -0.2847 3.3288 8.0000 4.4222 0.0035 
30.9795 11.0000 2981.7616 0.3951 0.1516 -0.2785 3.3304 8.0000 4.4685 0.0035 
30.9562 11.0000 2972.1638 0.3947 0.1520 -0.2762 3.3383 7.0000 3.9092 0.0039 
30.9766 11.0000 2979.5708 0.3946 0.1527 -0.2742 3.3323 7.0000 3.9540 0.0045 
30.9633 11.0000 2975.1961 0.4002 0.1541 -0.2800 3.3310 7.0000 2.6414 0.0039 
30.9501 11.0000 2970.9555 0.3973 0.1548 -0.2699 3.3389 7.0000 3.9563 0.0040 
30.9546 11.0000 2973.0839 0.4016 0.1505 -0.2873 3.3314 7.0000 3.8618 0.0044 
30.9897 11.0000 2984.1244 0.3958 0.1530 -0.2748 3.3333 7.0000 3.8255 0.0044 
30.9653 11.0000 2973.8056 0.3946 0.1482 -0.2815 3.3280 7.0000 5.4100 0.0046 
30.9706 11.0000 2976.2275 0.3979 0.1517 -0.2819 3.3325 8.0000 5.4530 0.0041 
30.9789 11.0000 2980.4078 0.3981 0.1526 -0.2773 3.3319 7.0000 3.7844 0.0040 
30.9784 11.0000 2981.5318 0.3964 0.1525 -0.2750 3.3326 7.0000 3.6880 0.0037 
30.9483 11.0000 2967.2264 0.3957 0.1535 -0.2737 3.3346 7.0000 2.5961 0.0038 
30.9668 11.0000 2973.9628 0.3936 0.1501 -0.2776 3.3246 7.0000 3.8282 0.0038 
30.9713 11.0000 2977.3798 0.3955 0.1525 -0.2751 3.3351 8.0000 5.3205 0.0043 
30.9430 11.0000 2967.3615 0.3982 0.1540 -0.2749 3.3366 7.0000 3.9973 0.0038 
30.9633 11.0000 2973.3954 0.3978 0.1561 -0.2737 3.3332 7.0000 2.6788 0.0035 
30.9497 11.0000 2967.9168 0.3977 0.1516 -0.2806 3.3333 7.0000 3.8898 0.0045 
30.9710 11.0000 2976.8597 0.3986 0.1547 -0.2749 3.3324 8.0000 6.3643 0.0035 
30.9592 11.0000 2972.6708 0.3953 0.1539 -0.2732 3.3294 8.0000 6.4523 0.0037 
30.9628 11.0000 2974.2507 0.4018 0.1556 -0.2785 3.3287 7.0000 3.9129 0.0038 
30.9728 11.0000 2978.3448 0.3968 0.1515 -0.2798 3.3411 7.0000 4.0041 0.0047 
30.9675 11.0000 2972.4539 0.3969 0.1518 -0.2786 3.3307 7.0000 2.7266 0.0031 
30.9780 11.0000 2982.1687 0.3992 0.1515 -0.2837 3.3361 7.0000 3.9129 0.0032 
30.9677 11.0000 2976.1149 0.3932 0.1515 -0.2718 3.3331 8.0000 2.6418 0.0038 
30.9985 11.0000 2987.2907 0.4002 0.1550 -0.2752 3.3348 8.0000 3.9072 0.0038 
30.9523 11.0000 2970.1422 0.3931 0.1500 -0.2782 3.3321 7.0000 3.9735 0.0046 
30.9724 11.0000 2980.2182 0.3951 0.1550 -0.2719 3.3384 7.0000 3.9571 0.0039 
30.9475 11.0000 2965.1701 0.3972 0.1519 -0.2849 3.3311 8.0000 2.6827 0.0033 
30.9789 11.0000 2982.0962 0.3951 0.1529 -0.2727 3.3359 8.0000 3.9577 0.0031 
30.9690 11.0000 2975.9907 0.3971 0.1535 -0.2787 3.3273 7.0000 3.8670 0.0045 
30.9421 11.0000 2964.6242 0.3999 0.1536 -0.2808 3.3336 7.0000 3.9983 0.0041 
30.9913 11.0000 2986.2878 0.3990 0.1535 -0.2813 3.3310 7.0000 3.9589 0.0039 
30.9688 11.0000 2976.5389 0.3958 0.1555 -0.2723 3.3389 8.0000 2.7263 0.0042 
30.9864 11.0000 2985.0305 0.3977 0.1515 -0.2796 3.3287 7.0000 2.6839 0.0043 
30.9695 11.0000 2975.8624 0.3934 0.1488 -0.2823 3.3280 7.0000 4.9162 0.0045 
30.9454 11.0000 2966.5162 0.3934 0.1532 -0.2734 3.3352 8.0000 3.9142 0.0045 
30.9671 11.0000 2976.4542 0.3945 0.1507 -0.2773 3.3262 7.0000 3.9604 0.0043 
30.9844 11.0000 2981.7798 0.3967 0.1535 -0.2762 3.3391 8.0000 3.9027 0.0032 
30.9463 11.0000 2968.8934 0.3978 0.1540 -0.2773 3.3304 7.0000 3.9130 0.0034 
30.9895 11.0000 2985.2349 0.3959 0.1552 -0.2707 3.3316 8.0000 2.8011 0.0043 
30.9584 11.0000 2973.1432 0.3954 0.1541 -0.2706 3.3369 7.0000 4.0457 0.0041 
30.9572 11.0000 2971.9570 0.3984 0.1531 -0.2776 3.3404 7.0000 4.0435 0.0036 
30.9664 11.0000 2975.8669 0.3946 0.1502 -0.2789 3.3335 7.0000 3.7753 0.0037 
30.9526 11.0000 2969.1895 0.3969 0.1522 -0.2825 3.3349 7.0000 4.0030 0.0045 
30.9546 11.0000 2969.6983 0.3984 0.1527 -0.2801 3.3378 7.0000 3.9142 0.0039 
30.9464 11.0000 2968.3891 0.3957 0.1529 -0.2785 3.3354 8.0000 2.7277 0.0035 
30.9655 11.0000 2974.8272 0.3934 0.1519 -0.2752 3.3303 8.0000 6.7574 0.0042 
30.9544 11.0000 2973.8388 0.3956 0.1517 -0.2776 3.3232 7.0000 5.4338 0.0046 
30.9798 11.0000 2980.5759 0.3917 0.1498 -0.2759 3.3314 7.0000 4.0033 0.0045 
30.9866 11.0000 2983.1013 0.3992 0.1539 -0.2779 3.3366 7.0000 3.9155 0.0041 
30.9610 11.0000 2973.8873 0.3978 0.1521 -0.2789 3.3295 8.0000 3.9945 0.0043 
30.9740 11.0000 2977.0815 0.3975 0.1549 -0.2726 3.3344 8.0000 4.0325 0.0041 
30.9726 11.0000 2977.8785 0.3992 0.1508 -0.2827 3.3352 7.0000 4.0048 0.0034 
30.9662 11.0000 2974.8858 0.3955 0.1503 -0.2779 3.3291 8.0000 4.0443 0.0044 
30.9488 11.0000 2967.7718 0.3989 0.1542 -0.2807 3.3315 8.0000 2.7661 0.0038 
30.9768 11.0000 2978.2008 0.3990 0.1535 -0.2774 3.3324 8.0000 4.0390 0.0038 
30.9452 11.0000 2965.7126 0.4036 0.1549 -0.2827 3.3266 8.0000 2.6829 0.0038 
30.9601 11.0000 2971.9194 0.3964 0.1534 -0.2738 3.3355 8.0000 4.0238 0.0038 
30.9566 11.0000 2972.5367 0.3966 0.1538 -0.2750 3.3376 7.0000 3.9600 0.0038 
30.9463 11.0000 2967.6897 0.3950 0.1516 -0.2759 3.3402 7.0000 4.8320 0.0038 
30.9539 11.0000 2972.5439 0.3949 0.1512 -0.2780 3.3298 8.0000 4.0460 0.0038 
30.9608 11.0000 2973.0241 0.3988 0.1530 -0.2765 3.3310 8.0000 4.0046 0.0038 
30.9818 11.0000 2980.5352 0.3928 0.1497 -0.2753 3.3272 7.0000 4.0463 0.0038 
30.9497 11.0000 2970.6060 0.3945 0.1503 -0.2789 3.3315 7.0000 4.0482 0.0038 
30.9684 11.0000 2976.4486 0.3987 0.1550 -0.2749 3.3365 7.0000 3.8680 0.0038 
