29.8873 11.0000 2601.6634 0.4081 0.2270 -0.2722 2.6255 5.0000 0.6853 0.0397 
30.2042 11.0000 2703.7059 0.4257 0.2218 -0.3108 2.6153 5.0000 0.6659 0.0397 
29.9167 11.0000 2617.1650 0.4223 0.2211 -0.3080 2.6272 4.0000 0.6798 0.0397 
30.0294 11.0000 2638.3219 0.4251 0.2227 -0.2982 2.6349 4.0000 0.6617 0.0397 
29.9722 11.0000 2628.5556 0.4135 0.2173 -0.3061 2.6263 5.0000 0.6596 0.0397 
29.9984 11.0000 2668.4869 0.4113 0.2157 -0.2854 2.6017 5.0000 0.6682 0.0397 
29.7271 11.0000 2562.1095 0.4287 0.2226 -0.3233 2.6175 4.0000 0.6837 0.0397 
29.9526 11.0000 2641.7206 0.4099 0.2204 -0.2846 2.6197 5.0000 0.6239 0.0397 
29.9869 11.0000 2635.5098 0.4113 0.2209 -0.2879 2.6139 5.0000 0.6885 0.0397 
29.9444 11.0000 2626.8693 0.3889 0.2158 -0.2543 2.6142 4.0000 0.6965 0.0397 
30.1095 11.0000 2681.8725 0.4123 0.2217 -0.2812 2.6191 4.0000 0.6206 0.0381 
29.9003 11.0000 2616.6487 0.4053 0.2205 -0.2828 2.6167 4.0000 0.1311 0.0417 
29.7042 11.0000 2559.3219 0.4048 0.2228 -0.2775 2.6282 5.0000 0.5128 0.0412 
29.8595 11.0000 2606.9036 0.4210 0.2176 -0.3105 2.6139 5.0000 0.5486 0.0378 
29.8709 11.0000 2613.8203 0.4173 0.2205 -0.2937 2.6222 5.0000 0.4543 0.0412 
29.7647 11.0000 2574.7141 0.4086 0.2240 -0.2793 2.6325 4.0000 0.6083 0.0412 
29.8415 11.0000 2586.8464 0.4157 0.2209 -0.2909 2.6139 5.0000 0.6474 0.0412 
29.9935 11.0000 2644.9428 0.4105 0.2158 -0.2905 2.6112 5.0000 0.4738 0.0412 
29.9804 11.0000 2631.4216 0.4189 0.2167 -0.3073 2.6150 5.0000 0.4864 0.0412 
29.7680 11.0000 2575.7958 0.4142 0.2267 -0.2832 2.6258 4.0000 0.5741 0.0412 
29.9101 11.0000 2606.6127 0.4205 0.2254 -0.2966 2.6263 5.0000 0.5238 0.0412 
30.0245 11.0000 2648.6683 0.4165 0.2204 -0.2935 2.6086 5.0000 0.5365 0.0412 
29.9542 11.0000 2612.5310 0.4168 0.2243 -0.2920 2.6329 4.0000 0.1298 0.0428 
29.8562 11.0000 2618.0016 0.4093 0.2217 -0.2846 2.6254 4.0000 0.0878 0.0428 
29.7941 11.0000 2554.8170 0.4173 0.2252 -0.2932 2.6287 5.0000 0.4828 0.0374 
29.7631 11.0000 2570.5768 0.4030 0.2180 -0.2887 2.6274 4.0000 0.3905 0.0374 
30.0817 11.0000 2667.0948 0.3924 0.2267 -0.2373 2.6197 5.0000 0.4403 0.0418 
29.7925 11.0000 2572.6258 0.4173 0.2212 -0.3004 2.6226 5.0000 0.4851 0.0374 
29.8121 11.0000 2591.6503 0.4122 0.2169 -0.2998 2.6172 4.0000 0.4855 0.0374 
29.8023 11.0000 2601.9902 0.4105 0.2175 -0.2854 2.6265 4.0000 0.6583 0.0393 
29.8333 11.0000 2609.8497 0.4234 0.2271 -0.3002 2.6272 4.0000 0.6573 0.0393 
30.0245 11.0000 2654.3987 0.4131 0.2201 -0.2995 2.6117 5.0000 0.5296 0.0393 
29.8611 11.0000 2602.2141 0.4184 0.2188 -0.3136 2.6254 4.0000 0.5271 0.0393 
29.9657 11.0000 2624.0278 0.4132 0.2206 -0.2939 2.6195 5.0000 0.2609 0.0393 
30.1536 11.0000 2692.1928 0.4317 0.2189 -0.3192 2.5983 5.0000 0.2545 0.0374 
30.1422 11.0000 2689.2435 0.4232 0.2236 -0.2948 2.6034 4.0000 0.1769 0.0468 
29.9673 11.0000 2630.8922 0.4197 0.2174 -0.3132 2.6090 5.0000 0.2187 0.0468 
29.8382 11.0000 2598.6144 0.4093 0.2226 -0.2819 2.6173 5.0000 0.1338 0.0407 
29.9101 11.0000 2616.7484 0.4142 0.2189 -0.2973 2.6287 5.0000 0.1282 0.0433 
29.8382 11.0000 2596.5964 0.4222 0.2197 -0.3102 2.6287 5.0000 0.4459 0.0426 
30.0523 11.0000 2649.3840 0.4106 0.2218 -0.2797 2.6130 5.0000 0.3249 0.0426 
29.7304 11.0000 2555.2190 0.4121 0.2199 -0.3019 2.6285 4.0000 0.4867 0.0387 
29.9755 11.0000 2642.3219 0.4004 0.2159 -0.2759 2.6300 5.0000 0.4430 0.0426 
29.9918 11.0000 2625.8480 0.4140 0.2226 -0.3038 2.6268 5.0000 0.4531 0.0469 
29.9085 11.0000 2613.2794 0.4069 0.2206 -0.2866 2.6215 5.0000 0.4365 0.0469 
29.8709 11.0000 2610.3873 0.4243 0.2210 -0.3121 2.6146 5.0000 0.4356 0.0416 
29.7974 11.0000 2586.8350 0.4184 0.2213 -0.3028 2.6184 5.0000 0.1286 0.0387 
29.6961 11.0000 2550.0114 0.4194 0.2248 -0.2970 2.6290 5.0000 0.1244 0.0354 
29.7386 11.0000 2555.6471 0.4098 0.2181 -0.3002 2.6316 4.0000 0.1341 0.0445 
29.8170 11.0000 2587.8415 0.4039 0.2194 -0.2832 2.6239 4.0000 0.1718 0.0354 
29.8742 11.0000 2594.5392 0.4171 0.2171 -0.3067 2.6264 5.0000 0.1341 0.0454 
29.6928 11.0000 2553.4150 0.4184 0.2265 -0.3004 2.6215 5.0000 0.2164 0.0385 
29.8464 11.0000 2595.4657 0.4072 0.2168 -0.2882 2.6118 4.0000 0.1800 0.0454 
29.8317 11.0000 2591.1373 0.4162 0.2227 -0.3009 2.6373 5.0000 0.1598 0.0371 
29.8971 11.0000 2607.3693 0.4168 0.2247 -0.2908 2.6245 5.0000 0.1616 0.0371 
29.9281 11.0000 2621.7467 0.4093 0.2182 -0.2918 2.6244 4.0000 0.1940 0.0371 
30.0245 11.0000 2640.8562 0.4022 0.2157 -0.2852 2.6238 4.0000 0.3097 0.0484 
29.8987 11.0000 2608.3824 0.4093 0.2254 -0.2776 2.6391 5.0000 0.1543 0.0371 
29.7614 11.0000 2581.8856 0.4008 0.2197 -0.2719 2.6190 5.0000 0.1992 0.0406 
30.0098 11.0000 2646.3431 0.4178 0.2157 -0.2998 2.6036 5.0000 0.1930 0.0484 
29.7369 11.0000 2554.9461 0.4130 0.2223 -0.3010 2.6398 5.0000 0.1248 0.0368 
29.7745 11.0000 2571.5964 0.4167 0.2227 -0.2993 2.6375 5.0000 0.1323 0.0418 
29.9739 11.0000 2633.1078 0.4153 0.2162 -0.2994 2.6245 4.0000 0.1328 0.0418 
29.8105 11.0000 2594.7533 0.4197 0.2231 -0.2955 2.6049 4.0000 0.2117 0.0357 
29.9330 11.0000 2638.1961 0.4092 0.2215 -0.2770 2.6170 5.0000 0.1756 0.0349 
29.8546 11.0000 2607.8954 0.3952 0.2154 -0.2754 2.6273 5.0000 0.2181 0.0349 
29.9167 11.0000 2607.1324 0.4146 0.2209 -0.3004 2.6196 5.0000 0.2630 0.0393 
29.6520 11.0000 2548.9281 0.4191 0.2175 -0.3102 2.6352 4.0000 0.2165 0.0393 
29.9003 11.0000 2610.3268 0.4198 0.2187 -0.2990 2.6177 5.0000 0.0876 0.0357 
29.8725 11.0000 2605.4134 0.4134 0.2199 -0.2955 2.6102 4.0000 0.1273 0.0323 
29.9820 11.0000 2625.3856 0.3946 0.2223 -0.2592 2.6330 5.0000 0.1310 0.0401 
29.8399 11.0000 2599.7435 0.4158 0.2206 -0.3040 2.6145 5.0000 0.1318 0.0364 
30.1193 11.0000 2664.6258 0.4111 0.2220 -0.2890 2.6192 4.0000 0.1321 0.0456 
30.0147 11.0000 2639.1732 0.4274 0.2250 -0.3117 2.6113 5.0000 0.1308 0.0456 
30.0376 11.0000 2657.4592 0.4164 0.2178 -0.2998 2.6176 5.0000 0.0508 0.0364 
29.9395 11.0000 2611.6797 0.4107 0.2208 -0.2920 2.6212 5.0000 0.1729 0.0390 
29.8742 11.0000 2604.4542 0.4140 0.2188 -0.3006 2.6264 4.0000 0.1747 0.0390 
29.9101 11.0000 2613.6928 0.4075 0.2228 -0.2789 2.6276 5.0000 0.1736 0.0390 
29.8709 11.0000 2607.5212 0.4203 0.2211 -0.3089 2.6343 5.0000 0.2192 0.0357 
30.1127 11.0000 2680.2958 0.4220 0.2230 -0.3006 2.5994 5.0000 0.2198 0.0357 
29.8873 11.0000 2611.6471 0.4139 0.2221 -0.2951 2.6199 4.0000 0.1305 0.0397 
29.9935 11.0000 2625.9853 0.4129 0.2213 -0.2943 2.6229 5.0000 0.1318 0.0436 
29.8464 11.0000 2585.0163 0.4228 0.2228 -0.3154 2.6330 5.0000 0.1762 0.0465 
29.7320 11.0000 2555.0801 0.4114 0.2244 -0.2871 2.6295 5.0000 0.1318 0.0357 
30.0458 11.0000 2649.2320 0.4093 0.2233 -0.2794 2.6196 5.0000 0.1352 0.0432 
29.9199 11.0000 2622.0180 0.4096 0.2182 -0.2874 2.6213 5.0000 0.1332 0.0432 
29.8905 11.0000 2617.9739 0.3870 0.2158 -0.2523 2.6288 5.0000 0.1337 0.0375 
30.0163 11.0000 2643.1029 0.4287 0.2183 -0.3244 2.6198 5.0000 0.1779 0.0375 
29.9624 11.0000 2625.1797 0.3993 0.2185 -0.2692 2.6189 4.0000 0.1743 0.0375 
29.9003 11.0000 2625.5784 0.4095 0.2197 -0.2912 2.6267 5.0000 0.1335 0.0429 
29.7157 11.0000 2562.0049 0.4110 0.2178 -0.3029 2.6298 4.0000 0.2635 0.0429 
29.7876 11.0000 2563.6650 0.4346 0.2209 -0.3398 2.6275 5.0000 0.2182 0.0375 
30.0523 11.0000 2675.3644 0.4057 0.2156 -0.2820 2.6103 5.0000 0.2176 0.0429 
29.7059 11.0000 2554.9265 0.4042 0.2203 -0.2789 2.6306 4.0000 0.1331 0.0429 
29.8007 11.0000 2590.3333 0.4026 0.2181 -0.2888 2.6270 5.0000 0.1316 0.0429 
30.0376 11.0000 2672.5359 0.4001 0.2162 -0.2675 2.6092 4.0000 0.1330 0.0429 
29.9641 11.0000 2634.1160 0.4134 0.2205 -0.2935 2.6161 5.0000 0.1332 0.0429 
30.0359 11.0000 2662.1699 0.3873 0.2155 -0.2514 2.6195 5.0000 0.1315 0.0429 
29.9592 11.0000 2626.5376 0.4154 0.2155 -0.3057 2.6066 4.0000 0.1707 0.0429 
29.8072 11.0000 2571.3971 0.4233 0.2247 -0.3091 2.6287 4.0000 0.1271 0.0429 
