30.8526 11.0000 2932.2340 0.4059 0.1715 -0.2731 3.1531 6.0000 5.9243 0.0077 
30.8353 11.0000 2926.6033 0.4156 0.1760 -0.2836 3.1573 6.0000 6.5982 0.0077 
30.8225 11.0000 2916.7088 0.4074 0.1733 -0.2728 3.1569 6.0000 6.0554 0.0084 
30.8190 11.0000 2911.3866 0.4031 0.1691 -0.2813 3.1550 7.0000 5.8864 0.0077 
30.7788 11.0000 2912.2928 0.4093 0.1713 -0.2808 3.1624 6.0000 7.4972 0.0077 
30.8454 11.0000 2929.8706 0.4137 0.1745 -0.2811 3.1588 6.0000 7.4997 0.0091 
30.8670 11.0000 2936.6637 0.4095 0.1758 -0.2729 3.1689 7.0000 7.5367 0.0077 
30.8402 11.0000 2931.5984 0.4104 0.1753 -0.2756 3.1642 6.0000 7.6666 0.0079 
30.7961 11.0000 2906.8810 0.4140 0.1753 -0.2812 3.1725 7.0000 7.8366 0.0077 
30.8444 11.0000 2926.0363 0.4134 0.1755 -0.2787 3.1751 7.0000 7.9725 0.0077 
30.8062 11.0000 2905.4095 0.4100 0.1744 -0.2834 3.1626 7.0000 6.8378 0.0077 
30.8052 11.0000 2907.3157 0.4072 0.1760 -0.2736 3.1658 6.0000 1.3190 0.0077 
30.8265 11.0000 2911.2523 0.4081 0.1727 -0.2793 3.1630 6.0000 0.8354 0.0089 
30.8503 11.0000 2933.6203 0.4088 0.1745 -0.2726 3.1748 6.0000 0.8253 0.0073 
30.8101 11.0000 2921.7141 0.4078 0.1746 -0.2704 3.1595 6.0000 3.2416 0.0091 
30.7925 11.0000 2904.9771 0.4100 0.1749 -0.2769 3.1696 6.0000 3.7908 0.0091 
30.8199 11.0000 2929.5748 0.4050 0.1728 -0.2678 3.1652 7.0000 6.2040 0.0071 
30.7801 11.0000 2905.7784 0.4041 0.1728 -0.2686 3.1589 6.0000 3.9782 0.0093 
30.8157 11.0000 2913.9944 0.4092 0.1753 -0.2742 3.1615 6.0000 4.1915 0.0093 
30.8301 11.0000 2928.5644 0.4043 0.1748 -0.2627 3.1577 6.0000 4.5509 0.0093 
30.8046 11.0000 2908.1523 0.4102 0.1765 -0.2744 3.1629 6.0000 4.2899 0.0093 
30.8614 11.0000 2936.2755 0.4048 0.1711 -0.2697 3.1678 6.0000 4.0899 0.0093 
30.8477 11.0000 2932.3150 0.4083 0.1717 -0.2773 3.1649 6.0000 0.8775 0.0084 
30.8127 11.0000 2913.1699 0.4148 0.1763 -0.2843 3.1613 6.0000 1.3186 0.0087 
30.8049 11.0000 2922.0954 0.4032 0.1736 -0.2633 3.1666 6.0000 1.3204 0.0082 
30.8680 11.0000 2936.3608 0.4095 0.1715 -0.2861 3.1608 6.0000 1.7146 0.0099 
30.8275 11.0000 2926.8627 0.3999 0.1740 -0.2627 3.1619 7.0000 2.1809 0.0099 
30.8003 11.0000 2912.0889 0.4085 0.1780 -0.2685 3.1580 6.0000 1.4529 0.0099 
30.8049 11.0000 2908.2588 0.4071 0.1763 -0.2717 3.1642 6.0000 2.1482 0.0098 
30.8039 11.0000 2884.2190 0.4091 0.1745 -0.2830 3.1697 6.0000 1.8862 0.0098 
30.8461 11.0000 2920.9846 0.4133 0.1796 -0.2707 3.1754 6.0000 2.1948 0.0099 
30.8595 11.0000 2936.8239 0.4071 0.1735 -0.2762 3.1589 7.0000 2.0338 0.0088 
30.8291 11.0000 2918.9693 0.4067 0.1746 -0.2686 3.1696 6.0000 1.9375 0.0107 
30.8199 11.0000 2909.2183 0.4125 0.1779 -0.2700 3.1703 6.0000 0.8791 0.0067 
30.8337 11.0000 2921.7281 0.4059 0.1736 -0.2714 3.1554 6.0000 1.3192 0.0085 
30.7833 11.0000 2904.8523 0.4117 0.1794 -0.2720 3.1714 6.0000 1.3116 0.0081 
30.8307 11.0000 2923.7745 0.4122 0.1783 -0.2716 3.1653 6.0000 2.6710 0.0084 
30.8131 11.0000 2917.7395 0.4037 0.1733 -0.2666 3.1602 6.0000 3.2008 0.0080 
30.8510 11.0000 2922.8203 0.4125 0.1763 -0.2800 3.1609 6.0000 3.1264 0.0106 
30.7846 11.0000 2905.8876 0.4123 0.1748 -0.2831 3.1616 7.0000 3.1669 0.0096 
30.7588 11.0000 2888.7735 0.4122 0.1772 -0.2777 3.1619 6.0000 1.3619 0.0096 
30.7938 11.0000 2904.5307 0.4081 0.1731 -0.2807 3.1665 6.0000 1.3207 0.0096 
30.8147 11.0000 2917.6993 0.4114 0.1732 -0.2816 3.1633 7.0000 1.4028 0.0094 
30.8791 11.0000 2946.8536 0.4031 0.1735 -0.2633 3.1672 6.0000 1.3204 0.0095 
30.8373 11.0000 2932.1761 0.4109 0.1734 -0.2811 3.1643 7.0000 1.3189 0.0106 
30.8252 11.0000 2921.2631 0.4056 0.1762 -0.2674 3.1677 6.0000 1.3205 0.0080 
30.8386 11.0000 2933.5255 0.4089 0.1731 -0.2753 3.1666 6.0000 1.3185 0.0087 
30.7611 11.0000 2889.0471 0.4067 0.1736 -0.2749 3.1658 6.0000 1.3219 0.0097 
30.8402 11.0000 2931.7033 0.4065 0.1755 -0.2697 3.1675 7.0000 1.5349 0.0104 
30.8281 11.0000 2924.9451 0.4047 0.1737 -0.2672 3.1698 6.0000 1.1827 0.0080 
30.7922 11.0000 2901.9131 0.4042 0.1774 -0.2671 3.1687 6.0000 1.3627 0.0099 
30.7853 11.0000 2890.9673 0.4130 0.1771 -0.2808 3.1739 6.0000 1.6597 0.0073 
30.7974 11.0000 2908.5464 0.4089 0.1767 -0.2705 3.1717 6.0000 1.7521 0.0073 
30.8480 11.0000 2934.8395 0.4135 0.1746 -0.2808 3.1529 6.0000 1.4002 0.0073 
30.7941 11.0000 2904.6131 0.4107 0.1750 -0.2735 3.1610 6.0000 1.4083 0.0096 
30.8412 11.0000 2922.3343 0.4127 0.1760 -0.2818 3.1605 6.0000 1.3610 0.0079 
30.8386 11.0000 2929.7487 0.4119 0.1737 -0.2798 3.1661 7.0000 1.6667 0.0083 
30.8190 11.0000 2926.2199 0.4163 0.1769 -0.2822 3.1822 6.0000 1.6245 0.0074 
30.7876 11.0000 2892.3046 0.4107 0.1767 -0.2725 3.1739 6.0000 1.2663 0.0104 
30.7804 11.0000 2889.5788 0.4055 0.1761 -0.2652 3.1580 7.0000 1.3175 0.0099 
30.7657 11.0000 2885.0082 0.4169 0.1794 -0.2830 3.1752 6.0000 1.4457 0.0095 
30.8605 11.0000 2942.8526 0.4104 0.1726 -0.2757 3.1647 7.0000 1.2746 0.0102 
30.8418 11.0000 2934.2657 0.4074 0.1737 -0.2724 3.1517 6.0000 1.5788 0.0083 
30.7908 11.0000 2911.5775 0.4091 0.1752 -0.2751 3.1704 6.0000 1.8184 0.0102 
30.8020 11.0000 2908.8856 0.4077 0.1746 -0.2743 3.1689 6.0000 1.3875 0.0071 
30.8288 11.0000 2927.2042 0.4148 0.1776 -0.2759 3.1707 8.0000 2.0173 0.0080 
30.8572 11.0000 2937.9016 0.4014 0.1706 -0.2654 3.1593 6.0000 1.8498 0.0071 
30.8314 11.0000 2917.2657 0.4132 0.1747 -0.2810 3.1630 6.0000 1.4051 0.0090 
30.7673 11.0000 2885.9167 0.4109 0.1778 -0.2788 3.1637 7.0000 1.4040 0.0091 
30.7719 11.0000 2895.8670 0.4077 0.1767 -0.2721 3.1709 6.0000 1.4083 0.0089 
30.7810 11.0000 2908.3395 0.4074 0.1728 -0.2717 3.1725 6.0000 0.8810 0.0069 
30.7739 11.0000 2893.9621 0.4147 0.1764 -0.2803 3.1565 6.0000 1.3594 0.0088 
30.7938 11.0000 2902.4196 0.4134 0.1749 -0.2836 3.1763 7.0000 1.5364 0.0094 
30.8320 11.0000 2914.9441 0.4071 0.1750 -0.2723 3.1613 6.0000 1.4519 0.0094 
30.8667 11.0000 2947.7438 0.4036 0.1722 -0.2631 3.1503 7.0000 1.4503 0.0088 
30.8386 11.0000 2932.7268 0.4066 0.1751 -0.2680 3.1595 6.0000 1.3970 0.0095 
30.8261 11.0000 2924.6781 0.4117 0.1744 -0.2773 3.1693 6.0000 1.2457 0.0095 
30.8062 11.0000 2914.3248 0.4156 0.1757 -0.2842 3.1681 7.0000 1.3661 0.0080 
30.8085 11.0000 2920.3141 0.4013 0.1731 -0.2621 3.1639 7.0000 0.9237 0.0074 
30.8742 11.0000 2928.0101 0.4148 0.1766 -0.2773 3.1638 7.0000 1.3211 0.0092 
30.8124 11.0000 2916.3085 0.4081 0.1716 -0.2774 3.1565 6.0000 1.3639 0.0089 
30.8144 11.0000 2909.2477 0.4066 0.1776 -0.2670 3.1641 6.0000 1.3210 0.0093 
30.7958 11.0000 2912.8337 0.4085 0.1746 -0.2737 3.1683 6.0000 1.4057 0.0087 
30.7696 11.0000 2899.9098 0.4127 0.1748 -0.2820 3.1721 6.0000 1.4545 0.0074 
30.8147 11.0000 2916.7333 0.4028 0.1704 -0.2755 3.1641 7.0000 1.4547 0.0074 
30.7928 11.0000 2907.8222 0.4131 0.1759 -0.2774 3.1570 6.0000 1.5326 0.0085 
30.8405 11.0000 2932.0431 0.4148 0.1751 -0.2810 3.1615 6.0000 1.3199 0.0070 
30.8451 11.0000 2929.9722 0.4089 0.1749 -0.2750 3.1653 7.0000 1.3595 0.0070 
30.8582 11.0000 2940.6082 0.4141 0.1725 -0.2810 3.1719 7.0000 1.3606 0.0071 
30.8042 11.0000 2917.3121 0.4071 0.1729 -0.2729 3.1643 6.0000 1.4070 0.0097 
30.8127 11.0000 2906.7706 0.4101 0.1748 -0.2790 3.1637 6.0000 1.4479 0.0097 
30.8199 11.0000 2907.5268 0.4141 0.1748 -0.2820 3.1700 6.0000 1.4083 0.0097 
30.7993 11.0000 2912.6075 0.4073 0.1722 -0.2723 3.1597 6.0000 0.9236 0.0097 
30.8578 11.0000 2934.7092 0.4093 0.1777 -0.2671 3.1656 6.0000 1.3638 0.0097 
30.8386 11.0000 2934.6284 0.4103 0.1730 -0.2749 3.1623 6.0000 1.8894 0.0097 
30.8242 11.0000 2921.2418 0.4091 0.1750 -0.2724 3.1604 6.0000 1.8475 0.0097 
30.8709 11.0000 2944.7644 0.4122 0.1742 -0.2772 3.1580 6.0000 1.5391 0.0097 
30.8660 11.0000 2943.7882 0.4094 0.1749 -0.2700 3.1645 7.0000 1.3183 0.0097 
30.8059 11.0000 2888.3206 0.4112 0.1745 -0.2829 3.1635 6.0000 1.4467 0.0097 
30.7873 11.0000 2908.2327 0.4115 0.1762 -0.2798 3.1614 6.0000 1.4959 0.0097 
