30.4232 1.0000 2762.4583 0.4074 0.1923 -0.2997 2.8597 5.0000 1.6283 0.0213 
30.3227 1.0000 2709.5891 0.3944 0.1931 -0.2814 2.8777 5.0000 1.5517 0.0257 
30.3399 1.0000 2724.8685 0.4021 0.1949 -0.2888 2.8709 5.0000 1.5767 0.0208 
30.3856 1.0000 2741.9289 0.3965 0.1934 -0.2783 2.8599 5.0000 1.5729 0.0240 
30.4469 1.0000 2784.6503 0.4135 0.1979 -0.2905 2.8639 5.0000 1.6141 0.0233 
30.2377 1.0000 2692.1789 0.4034 0.1959 -0.2853 2.8778 5.0000 1.6188 0.0202 
30.4886 1.0000 2805.7810 0.3961 0.1974 -0.2566 2.8612 6.0000 1.3736 0.0202 
30.2263 1.0000 2686.3391 0.4073 0.1986 -0.2901 2.8888 5.0000 1.4922 0.0257 
30.3570 1.0000 2724.4583 0.4050 0.1983 -0.2851 2.8707 5.0000 1.7655 0.0202 
30.3848 1.0000 2776.4477 0.4058 0.1970 -0.2758 2.8591 5.0000 1.6131 0.0257 
30.3922 1.0000 2745.6168 0.4135 0.1948 -0.3108 2.8579 5.0000 1.6248 0.0202 
30.3799 1.0000 2741.7721 0.4046 0.1976 -0.2926 2.8576 5.0000 0.3061 0.0248 
30.4395 1.0000 2772.0629 0.3971 0.1905 -0.2839 2.8593 5.0000 0.2181 0.0241 
30.3080 1.0000 2723.0351 0.3881 0.1923 -0.2639 2.8763 5.0000 0.2639 0.0260 
30.4273 1.0000 2760.7124 0.4175 0.2014 -0.2969 2.8812 5.0000 0.4639 0.0230 
30.4346 1.0000 2749.2843 0.3901 0.1931 -0.2657 2.8638 5.0000 0.5962 0.0243 
30.4722 1.0000 2791.2443 0.4100 0.1975 -0.2849 2.8629 5.0000 0.5691 0.0243 
30.4542 1.0000 2758.4861 0.4080 0.1927 -0.2993 2.8600 5.0000 0.4285 0.0233 
30.4706 1.0000 2805.3913 0.4014 0.1924 -0.2864 2.8651 5.0000 0.4758 0.0233 
30.4338 1.0000 2772.6201 0.4083 0.1977 -0.2854 2.8700 5.0000 0.5215 0.0233 
30.3905 1.0000 2744.9069 0.4038 0.1922 -0.2925 2.8665 6.0000 0.4357 0.0236 
30.3889 1.0000 2746.7623 0.4062 0.2013 -0.2875 2.8713 5.0000 0.4366 0.0248 
30.3546 1.0000 2731.1078 0.3953 0.1921 -0.2791 2.8651 5.0000 0.1787 0.0233 
30.3358 1.0000 2719.8864 0.4064 0.1963 -0.2990 2.8672 5.0000 0.2638 0.0254 
30.2998 1.0000 2720.7598 0.3942 0.1958 -0.2766 2.8697 5.0000 0.2185 0.0236 
30.3497 1.0000 2739.5106 0.3951 0.1959 -0.2695 2.8734 5.0000 0.3072 0.0223 
30.3448 1.0000 2755.7484 0.3979 0.1934 -0.2764 2.8617 5.0000 0.3493 0.0263 
30.3701 1.0000 2770.9575 0.4069 0.1943 -0.2837 2.8614 5.0000 0.3497 0.0263 
30.4526 1.0000 2774.6740 0.4028 0.1976 -0.2742 2.8758 5.0000 0.3120 0.0263 
30.3799 1.0000 2739.0441 0.3966 0.1934 -0.2808 2.8641 5.0000 0.4373 0.0243 
30.3342 1.0000 2712.4510 0.3978 0.1951 -0.2792 2.8685 5.0000 0.3341 0.0243 
30.3423 1.0000 2726.2810 0.4027 0.1966 -0.2846 2.8694 5.0000 0.6552 0.0232 
30.3162 1.0000 2756.7688 0.3915 0.1915 -0.2644 2.8726 5.0000 0.8360 0.0229 
30.3636 1.0000 2746.0899 0.3974 0.1983 -0.2688 2.8678 5.0000 0.7462 0.0220 
30.3521 1.0000 2739.4763 0.4146 0.1997 -0.2992 2.8664 5.0000 0.7059 0.0232 
30.3897 1.0000 2739.6348 0.3944 0.1964 -0.2701 2.8667 5.0000 0.3014 0.0249 
30.4093 1.0000 2769.2141 0.3997 0.1932 -0.2779 2.8680 5.0000 0.1794 0.0253 
30.2892 1.0000 2701.9355 0.3946 0.1890 -0.2904 2.8547 5.0000 0.3047 0.0240 
30.3578 1.0000 2734.7516 0.4055 0.1958 -0.2903 2.8655 5.0000 0.5666 0.0281 
30.3015 1.0000 2726.5580 0.4073 0.1963 -0.2904 2.8621 5.0000 0.6123 0.0228 
30.3186 1.0000 2715.0433 0.3955 0.1917 -0.2829 2.8553 5.0000 0.5277 0.0254 
30.3480 1.0000 2729.9109 0.4074 0.1966 -0.2909 2.8671 5.0000 0.2198 0.0237 
30.3252 1.0000 2738.7998 0.4044 0.1993 -0.2743 2.8752 6.0000 0.2652 0.0235 
30.3807 1.0000 2733.6283 0.4107 0.1969 -0.2970 2.8644 5.0000 0.2664 0.0235 
30.4673 1.0000 2778.5809 0.3956 0.1984 -0.2595 2.8624 5.0000 0.3950 0.0228 
30.4175 1.0000 2739.6201 0.3943 0.1945 -0.2790 2.8626 5.0000 0.3936 0.0228 
30.3676 1.0000 2747.1528 0.4050 0.1925 -0.2926 2.8589 5.0000 0.3075 0.0258 
30.3317 1.0000 2729.8170 0.4090 0.1962 -0.2995 2.8654 5.0000 0.3445 0.0230 
30.2369 1.0000 2679.8431 0.4019 0.1928 -0.2981 2.8743 5.0000 0.2620 0.0277 
30.3578 1.0000 2735.2516 0.4002 0.1966 -0.2788 2.8676 5.0000 0.2191 0.0236 
30.3938 1.0000 2725.7859 0.3905 0.1962 -0.2666 2.8760 5.0000 0.3081 0.0228 
30.3170 1.0000 2727.6748 0.4070 0.1947 -0.2931 2.8810 5.0000 0.3075 0.0274 
30.3693 1.0000 2754.2582 0.3930 0.1920 -0.2703 2.8650 5.0000 0.3058 0.0230 
30.2475 1.0000 2692.9109 0.4004 0.1930 -0.2927 2.8675 5.0000 0.3469 0.0274 
30.3734 1.0000 2752.3709 0.4104 0.1958 -0.2986 2.8573 5.0000 0.2190 0.0248 
30.4632 1.0000 2787.2141 0.4097 0.1962 -0.2958 2.8691 5.0000 0.3070 0.0244 
30.3946 1.0000 2756.6324 0.3933 0.1943 -0.2667 2.8660 5.0000 0.3087 0.0290 
30.3938 1.0000 2759.5204 0.3952 0.1908 -0.2802 2.8599 5.0000 0.3079 0.0254 
30.3047 1.0000 2720.3399 0.3978 0.1924 -0.2934 2.8734 5.0000 0.2654 0.0254 
30.3881 1.0000 2757.4355 0.4047 0.1918 -0.2933 2.8630 6.0000 0.3065 0.0210 
30.3333 1.0000 2724.1511 0.3875 0.1912 -0.2755 2.8681 5.0000 0.3487 0.0254 
30.3946 1.0000 2742.0923 0.4108 0.2002 -0.2839 2.8761 5.0000 0.2193 0.0244 
30.2582 1.0000 2717.2614 0.3955 0.1946 -0.2750 2.8659 5.0000 0.3075 0.0271 
30.3211 1.0000 2711.6209 0.3916 0.1961 -0.2710 2.8706 6.0000 0.3934 0.0249 
30.3889 1.0000 2777.1119 0.3920 0.1888 -0.2741 2.8636 5.0000 0.3081 0.0290 
30.2100 1.0000 2677.5433 0.3989 0.1970 -0.2873 2.8793 5.0000 0.3080 0.0184 
30.4330 1.0000 2789.4632 0.3989 0.1860 -0.2892 2.8604 5.0000 0.2991 0.0250 
30.3448 1.0000 2733.0825 0.3993 0.1932 -0.2863 2.8602 5.0000 0.3035 0.0230 
30.2157 1.0000 2701.5931 0.3834 0.1888 -0.2626 2.8620 5.0000 0.5572 0.0250 
30.3170 1.0000 2715.1716 0.3945 0.1934 -0.2781 2.8713 5.0000 0.5281 0.0222 
30.4477 1.0000 2751.2230 0.4098 0.1977 -0.3002 2.8645 5.0000 0.3836 0.0290 
30.3480 1.0000 2711.1691 0.3916 0.1942 -0.2827 2.8746 5.0000 0.6510 0.0290 
30.2704 1.0000 2710.6005 0.3940 0.1931 -0.2762 2.8698 5.0000 0.6141 0.0240 
30.2655 1.0000 2704.4698 0.3942 0.1928 -0.2796 2.8662 6.0000 0.5267 0.0229 
30.3284 1.0000 2709.4109 0.3962 0.1952 -0.2829 2.8802 5.0000 0.3362 0.0233 
30.3301 1.0000 2716.8333 0.3971 0.1936 -0.2862 2.8661 5.0000 0.2196 0.0241 
30.5245 1.0000 2818.4518 0.3971 0.1917 -0.2801 2.8640 5.0000 0.3089 0.0218 
30.3546 1.0000 2719.4183 0.3964 0.1931 -0.2807 2.8826 5.0000 0.3086 0.0234 
30.3292 1.0000 2734.4240 0.3938 0.1901 -0.2844 2.8595 5.0000 0.2202 0.0229 
30.3889 1.0000 2748.4526 0.4002 0.1980 -0.2715 2.8655 5.0000 0.3079 0.0240 
30.4109 1.0000 2748.6446 0.3867 0.1909 -0.2624 2.8743 5.0000 0.3081 0.0168 
30.2092 1.0000 2681.1781 0.4019 0.1945 -0.2953 2.8758 5.0000 0.3087 0.0241 
30.3791 1.0000 2733.9175 0.4079 0.1955 -0.3039 2.8665 5.0000 0.3963 0.0241 
30.3595 1.0000 2750.0662 0.4019 0.1954 -0.2867 2.8596 5.0000 0.3956 0.0239 
30.3905 1.0000 2766.6405 0.4050 0.1946 -0.2884 2.8621 5.0000 0.5274 0.0241 
30.1969 1.0000 2695.2345 0.3932 0.1916 -0.2745 2.8710 5.0000 0.5281 0.0220 
30.3121 1.0000 2729.0809 0.3963 0.1930 -0.2880 2.8624 5.0000 0.3981 0.0267 
30.4232 1.0000 2752.0082 0.3894 0.1914 -0.2753 2.8630 5.0000 0.4439 0.0249 
30.2778 1.0000 2739.1577 0.4034 0.1917 -0.2930 2.8656 5.0000 0.3081 0.0234 
30.3758 1.0000 2720.7075 0.4006 0.1948 -0.2914 2.8850 6.0000 0.2200 0.0234 
30.3578 1.0000 2712.3366 0.4063 0.1998 -0.2890 2.8772 5.0000 0.3041 0.0234 
30.3619 1.0000 2720.3145 0.3922 0.1939 -0.2767 2.8712 5.0000 0.2192 0.0220 
30.5735 1.0000 2818.5507 0.3938 0.1919 -0.2661 2.8613 5.0000 0.3086 0.0234 
30.3554 1.0000 2732.4052 0.3886 0.1951 -0.2636 2.8795 5.0000 0.3075 0.0234 
30.4183 1.0000 2779.2794 0.3960 0.1931 -0.2658 2.8654 5.0000 0.4391 0.0234 
30.2320 1.0000 2679.0261 0.4104 0.1961 -0.3122 2.8728 5.0000 0.7449 0.0234 
30.5033 1.0000 2789.4551 0.4057 0.1954 -0.2801 2.8683 6.0000 0.7518 0.0234 
30.3840 1.0000 2750.1716 0.3949 0.1933 -0.2740 2.8699 5.0000 0.5276 0.0234 
30.3317 1.0000 2768.3611 0.3948 0.1906 -0.2721 2.8660 5.0000 0.3504 0.0234 
30.3750 1.0000 2737.1340 0.4057 0.1950 -0.2920 2.8678 5.0000 0.3068 0.0234 
