30.9208 1.0000 2936.6957 0.1906 0.0754 -0.2548 3.0002 6.0000 9.6618 0.0063 
30.9367 1.0000 2949.6667 0.1886 0.0762 -0.2488 2.9952 6.0000 8.1757 0.0063 
30.9069 1.0000 2935.2610 0.1859 0.0762 -0.2453 2.9979 6.0000 8.5730 0.0063 
30.9248 1.0000 2941.1230 0.1839 0.0755 -0.2445 2.9975 6.0000 9.3084 0.0047 
30.9195 1.0000 2937.9212 0.1880 0.0756 -0.2478 2.9978 6.0000 8.5700 0.0047 
30.9060 1.0000 2933.9375 0.1888 0.0763 -0.2510 2.9994 6.0000 9.2303 0.0047 
30.9252 1.0000 2942.0110 0.1838 0.0764 -0.2392 3.0025 6.0000 9.4714 0.0064 
30.9163 1.0000 2938.5870 0.1825 0.0757 -0.2373 2.9986 6.0000 7.8358 0.0063 
30.9036 1.0000 2937.6695 0.1878 0.0761 -0.2492 2.9947 5.0000 9.5826 0.0064 
30.9105 1.0000 2935.1675 0.1832 0.0759 -0.2411 2.9996 5.0000 9.4676 0.0059 
30.9506 1.0000 2955.0699 0.1851 0.0750 -0.2434 2.9954 6.0000 9.2335 0.0063 
30.8917 1.0000 2927.0976 0.1852 0.0755 -0.2459 3.0020 6.0000 1.3217 0.0047 
30.8893 1.0000 2925.8035 0.1884 0.0755 -0.2511 3.0001 6.0000 1.3203 0.0058 
30.9273 1.0000 2944.0118 0.1833 0.0758 -0.2402 2.9998 6.0000 1.4059 0.0058 
30.9400 1.0000 2952.3100 0.1834 0.0761 -0.2392 3.0004 6.0000 1.4089 0.0058 
30.8926 1.0000 2926.8909 0.1852 0.0751 -0.2451 3.0007 6.0000 1.3878 0.0052 
30.9220 1.0000 2939.5715 0.1877 0.0758 -0.2489 3.0027 6.0000 3.2008 0.0052 
30.9146 1.0000 2936.3023 0.1866 0.0754 -0.2481 3.0000 6.0000 3.5111 0.0055 
30.9175 1.0000 2937.3762 0.1868 0.0758 -0.2458 2.9991 6.0000 3.7082 0.0052 
30.9134 1.0000 2936.7149 0.1875 0.0763 -0.2478 2.9967 6.0000 3.8907 0.0052 
30.8766 1.0000 2920.2439 0.1863 0.0751 -0.2479 3.0016 7.0000 3.8227 0.0058 
30.9077 1.0000 2933.0564 0.1857 0.0748 -0.2467 2.9970 6.0000 3.6073 0.0052 
30.9408 1.0000 2949.6119 0.1845 0.0766 -0.2411 2.9990 5.0000 1.0131 0.0058 
30.9065 1.0000 2930.0539 0.1875 0.0758 -0.2488 3.0021 6.0000 1.4032 0.0055 
30.9065 1.0000 2931.6491 0.1848 0.0747 -0.2472 2.9968 6.0000 1.4060 0.0056 
30.9163 1.0000 2937.1283 0.1851 0.0749 -0.2466 3.0001 5.0000 1.4954 0.0057 
30.9044 1.0000 2929.6977 0.1891 0.0753 -0.2517 2.9979 6.0000 1.4953 0.0057 
30.9265 1.0000 2945.4694 0.1836 0.0758 -0.2403 2.9971 5.0000 1.3501 0.0057 
30.9257 1.0000 2941.0233 0.1860 0.0749 -0.2481 3.0012 6.0000 1.4043 0.0059 
30.9220 1.0000 2936.0678 0.1841 0.0758 -0.2427 3.0014 6.0000 2.3672 0.0059 
30.9355 1.0000 2945.5813 0.1873 0.0750 -0.2482 2.9975 6.0000 3.3801 0.0056 
30.8967 1.0000 2928.0923 0.1857 0.0762 -0.2460 2.9983 6.0000 3.8298 0.0061 
30.9081 1.0000 2933.1066 0.1885 0.0751 -0.2504 2.9998 6.0000 3.7007 0.0060 
30.9171 1.0000 2938.4408 0.1872 0.0767 -0.2460 3.0006 6.0000 1.0549 0.0059 
30.9142 1.0000 2937.7471 0.1867 0.0763 -0.2450 2.9970 6.0000 1.4076 0.0064 
30.9109 1.0000 2933.1471 0.1862 0.0762 -0.2448 2.9979 6.0000 1.5056 0.0055 
30.9175 1.0000 2940.0302 0.1841 0.0756 -0.2427 3.0013 6.0000 2.1115 0.0055 
30.8967 1.0000 2928.4273 0.1906 0.0764 -0.2531 3.0003 6.0000 2.6350 0.0062 
30.9032 1.0000 2931.4510 0.1850 0.0744 -0.2445 2.9999 6.0000 2.1578 0.0055 
30.9138 1.0000 2940.6328 0.1827 0.0758 -0.2399 2.9983 6.0000 1.6284 0.0059 
30.8995 1.0000 2933.9681 0.1845 0.0756 -0.2435 3.0000 6.0000 1.6268 0.0062 
30.9395 1.0000 2945.6675 0.1835 0.0765 -0.2402 3.0055 6.0000 1.7857 0.0057 
30.8999 1.0000 2928.8207 0.1868 0.0765 -0.2465 2.9986 6.0000 1.1881 0.0062 
30.9032 1.0000 2935.7263 0.1856 0.0756 -0.2461 3.0026 6.0000 1.4515 0.0062 
30.8881 1.0000 2925.1736 0.1837 0.0769 -0.2407 3.0015 6.0000 1.4982 0.0067 
30.9179 1.0000 2938.5899 0.1865 0.0757 -0.2466 3.0018 6.0000 1.3662 0.0061 
30.9195 1.0000 2938.3954 0.1844 0.0754 -0.2438 3.0001 6.0000 1.9304 0.0057 
30.8962 1.0000 2930.2218 0.1860 0.0757 -0.2462 2.9967 6.0000 2.1060 0.0057 
30.8938 1.0000 2925.9473 0.1905 0.0754 -0.2547 3.0007 6.0000 1.2328 0.0057 
30.9048 1.0000 2930.8648 0.1872 0.0759 -0.2466 2.9974 6.0000 3.4725 0.0054 
30.9318 1.0000 2944.8109 0.1853 0.0762 -0.2420 3.0027 6.0000 4.8781 0.0054 
30.9109 1.0000 2934.0735 0.1851 0.0759 -0.2450 2.9960 6.0000 4.8383 0.0054 
30.9203 1.0000 2939.3207 0.1836 0.0762 -0.2432 3.0041 6.0000 4.6147 0.0059 
30.9252 1.0000 2939.5425 0.1887 0.0760 -0.2506 2.9983 6.0000 3.3807 0.0054 
30.8811 1.0000 2920.5315 0.1879 0.0770 -0.2476 3.0023 6.0000 2.1936 0.0056 
30.9122 1.0000 2938.6021 0.1866 0.0758 -0.2458 3.0034 6.0000 1.4974 0.0055 
30.8971 1.0000 2925.2022 0.1864 0.0757 -0.2476 3.0034 6.0000 1.0119 0.0052 
30.9097 1.0000 2934.7778 0.1846 0.0760 -0.2430 3.0031 6.0000 1.4062 0.0057 
30.9179 1.0000 2937.3084 0.1884 0.0760 -0.2491 2.9980 6.0000 2.3669 0.0048 
30.9089 1.0000 2932.5605 0.1891 0.0750 -0.2516 2.9995 6.0000 2.2792 0.0059 
30.9208 1.0000 2939.4330 0.1838 0.0764 -0.2396 3.0024 6.0000 2.1894 0.0059 
30.9056 1.0000 2933.5564 0.1867 0.0760 -0.2471 2.9963 6.0000 1.5653 0.0051 
30.9203 1.0000 2939.4457 0.1839 0.0751 -0.2431 2.9985 6.0000 1.4929 0.0057 
30.9277 1.0000 2940.4714 0.1828 0.0753 -0.2420 3.0004 5.0000 2.0074 0.0048 
30.9220 1.0000 2942.3133 0.1825 0.0754 -0.2421 2.9990 6.0000 2.0035 0.0060 
30.9158 1.0000 2937.2876 0.1832 0.0752 -0.2423 2.9981 5.0000 1.6299 0.0060 
30.9244 1.0000 2938.8337 0.1878 0.0758 -0.2493 2.9982 6.0000 1.3651 0.0056 
30.9093 1.0000 2932.0948 0.1850 0.0760 -0.2447 3.0020 6.0000 1.0121 0.0052 
30.9387 1.0000 2945.3231 0.1838 0.0754 -0.2426 2.9987 5.0000 1.4081 0.0050 
30.9052 1.0000 2932.9301 0.1878 0.0762 -0.2482 2.9991 5.0000 1.6299 0.0053 
30.9048 1.0000 2930.4808 0.1867 0.0756 -0.2492 2.9968 5.0000 1.7579 0.0058 
30.9277 1.0000 2943.1638 0.1873 0.0754 -0.2486 2.9996 6.0000 1.6268 0.0055 
30.9089 1.0000 2930.8076 0.1883 0.0758 -0.2500 2.9967 5.0000 1.6660 0.0055 
30.9228 1.0000 2940.1944 0.1868 0.0765 -0.2449 3.0008 6.0000 2.7263 0.0055 
30.9024 1.0000 2931.7806 0.1841 0.0749 -0.2447 3.0008 6.0000 2.7213 0.0055 
30.9060 1.0000 2932.2373 0.1841 0.0760 -0.2426 3.0017 6.0000 1.5398 0.0044 
30.9248 1.0000 2941.6944 0.1844 0.0755 -0.2433 2.9931 6.0000 1.5841 0.0044 
30.9142 1.0000 2934.3497 0.1844 0.0765 -0.2408 2.9971 5.0000 1.0549 0.0051 
30.9322 1.0000 2945.8248 0.1891 0.0763 -0.2490 2.9944 5.0000 1.4090 0.0050 
30.9289 1.0000 2936.8721 0.1908 0.0751 -0.2551 3.0018 6.0000 1.4488 0.0059 
30.9220 1.0000 2938.9886 0.1821 0.0756 -0.2382 3.0016 6.0000 1.0543 0.0049 
30.9069 1.0000 2934.0670 0.1852 0.0765 -0.2432 3.0027 6.0000 1.4077 0.0054 
30.9154 1.0000 2936.0086 0.1852 0.0759 -0.2429 2.9959 6.0000 1.4947 0.0046 
30.8832 1.0000 2924.3211 0.1845 0.0760 -0.2425 3.0027 6.0000 2.2763 0.0046 
30.8877 1.0000 2925.9093 0.1845 0.0768 -0.2430 3.0000 6.0000 3.0271 0.0054 
30.8909 1.0000 2922.4391 0.1903 0.0774 -0.2530 3.0009 6.0000 3.5833 0.0046 
30.9518 1.0000 2953.4800 0.1869 0.0767 -0.2452 2.9987 6.0000 2.8563 0.0054 
30.9077 1.0000 2936.5952 0.1888 0.0764 -0.2483 2.9977 6.0000 1.5833 0.0047 
30.9318 1.0000 2944.8897 0.1834 0.0764 -0.2418 2.9998 6.0000 1.6274 0.0047 
30.9350 1.0000 2944.4722 0.1867 0.0760 -0.2452 3.0018 6.0000 1.4078 0.0063 
30.9056 1.0000 2934.7757 0.1862 0.0741 -0.2485 3.0037 6.0000 1.0555 0.0063 
30.9195 1.0000 2938.1605 0.1857 0.0745 -0.2461 3.0011 6.0000 1.4930 0.0063 
30.9457 1.0000 2951.7218 0.1867 0.0762 -0.2457 2.9961 6.0000 1.4063 0.0063 
30.9371 1.0000 2945.8505 0.1902 0.0751 -0.2541 3.0004 6.0000 3.3743 0.0063 
30.9052 1.0000 2935.5719 0.1825 0.0761 -0.2396 3.0024 6.0000 3.6041 0.0063 
30.9187 1.0000 2938.7288 0.1832 0.0751 -0.2426 2.9941 6.0000 3.4286 0.0063 
30.9028 1.0000 2929.6176 0.1849 0.0759 -0.2445 2.9985 6.0000 1.8928 0.0063 
30.9424 1.0000 2946.7234 0.1844 0.0764 -0.2426 2.9959 5.0000 1.9369 0.0063 
30.9212 1.0000 2938.5274 0.1879 0.0752 -0.2515 2.9987 6.0000 1.6276 0.0063 
30.8934 1.0000 2927.6528 0.1882 0.0767 -0.2492 2.9964 6.0000 1.6718 0.0063 
