30.9935 1.0000 2985.1497 0.3402 0.1181 -0.2974 3.3288 7.0000 29.6178 0.0026 
30.9743 1.0000 2977.8770 0.3391 0.1192 -0.2956 3.3224 8.0000 28.5614 0.0034 
30.9791 1.0000 2980.3507 0.3393 0.1186 -0.2954 3.3231 7.0000 28.2547 0.0033 
30.9755 1.0000 2975.2142 0.3383 0.1200 -0.2929 3.3261 7.0000 30.5404 0.0033 
30.9871 1.0000 2981.8408 0.3411 0.1207 -0.2932 3.3266 7.0000 28.6600 0.0034 
30.9943 1.0000 2983.7814 0.3396 0.1204 -0.2920 3.3262 8.0000 28.1214 0.0030 
31.0111 1.0000 2991.6649 0.3429 0.1214 -0.2934 3.3280 7.0000 28.6499 0.0033 
30.9886 1.0000 2982.5363 0.3357 0.1165 -0.2955 3.3265 7.0000 29.8801 0.0034 
31.0075 1.0000 2991.3193 0.3382 0.1194 -0.2946 3.3236 7.0000 30.6280 0.0034 
31.0005 1.0000 2987.9526 0.3386 0.1197 -0.2909 3.3255 7.0000 30.5838 0.0033 
30.9833 1.0000 2979.4613 0.3383 0.1206 -0.2902 3.3303 7.0000 30.2311 0.0026 
30.9856 1.0000 2981.0248 0.3416 0.1221 -0.2928 3.3322 8.0000 4.5423 0.0030 
30.9941 1.0000 2986.0047 0.3380 0.1184 -0.2911 3.3212 7.0000 4.4570 0.0032 
30.9925 1.0000 2986.4974 0.3381 0.1184 -0.2962 3.3280 7.0000 4.7928 0.0029 
30.9842 1.0000 2982.2609 0.3399 0.1213 -0.2912 3.3285 7.0000 5.2049 0.0030 
31.0056 1.0000 2990.0080 0.3418 0.1210 -0.2907 3.3305 8.0000 6.1072 0.0031 
30.9773 1.0000 2978.3324 0.3393 0.1183 -0.2935 3.3269 7.0000 6.4206 0.0031 
30.9797 1.0000 2978.9833 0.3434 0.1192 -0.2998 3.3285 7.0000 3.4302 0.0029 
30.9724 1.0000 2976.6208 0.3409 0.1207 -0.2972 3.3215 7.0000 6.2781 0.0036 
30.9761 1.0000 2976.0941 0.3370 0.1180 -0.2937 3.3239 7.0000 6.7233 0.0036 
30.9989 1.0000 2987.5855 0.3385 0.1191 -0.2896 3.3235 7.0000 7.1488 0.0036 
30.9881 1.0000 2981.7072 0.3407 0.1217 -0.2914 3.3277 7.0000 6.6987 0.0036 
30.9933 1.0000 2984.3172 0.3400 0.1194 -0.2958 3.3273 9.0000 3.3433 0.0030 
30.9918 1.0000 2983.0820 0.3394 0.1184 -0.2963 3.3277 7.0000 4.9526 0.0033 
30.9940 1.0000 2986.4423 0.3432 0.1190 -0.3006 3.3238 7.0000 3.1611 0.0035 
30.9962 1.0000 2986.0196 0.3385 0.1180 -0.2951 3.3244 7.0000 4.6681 0.0037 
30.9985 1.0000 2987.1742 0.3374 0.1189 -0.2929 3.3299 7.0000 7.4333 0.0037 
30.9894 1.0000 2982.7598 0.3400 0.1187 -0.2955 3.3219 7.0000 7.4304 0.0032 
30.9739 1.0000 2976.7748 0.3389 0.1195 -0.2940 3.3251 8.0000 4.3103 0.0032 
30.9765 1.0000 2978.5815 0.3404 0.1178 -0.2957 3.3280 8.0000 4.4889 0.0034 
30.9915 1.0000 2983.9002 0.3412 0.1208 -0.2935 3.3256 7.0000 9.5638 0.0029 
30.9792 1.0000 2978.6930 0.3382 0.1195 -0.2936 3.3267 7.0000 6.6174 0.0034 
30.9941 1.0000 2985.8366 0.3385 0.1185 -0.2948 3.3256 8.0000 7.8661 0.0032 
30.9840 1.0000 2981.6683 0.3417 0.1209 -0.2935 3.3288 7.0000 4.8373 0.0031 
30.9776 1.0000 2977.7820 0.3385 0.1194 -0.2907 3.3246 8.0000 3.4739 0.0028 
30.9709 1.0000 2974.8848 0.3413 0.1209 -0.2929 3.3280 7.0000 4.9196 0.0035 
30.9891 1.0000 2982.5348 0.3420 0.1192 -0.2987 3.3281 7.0000 5.4072 0.0030 
30.9886 1.0000 2983.2944 0.3424 0.1225 -0.2924 3.3276 7.0000 4.8214 0.0036 
30.9886 1.0000 2982.0796 0.3388 0.1214 -0.2897 3.3293 8.0000 5.0457 0.0034 
30.9863 1.0000 2981.8319 0.3378 0.1188 -0.2910 3.3272 7.0000 5.1047 0.0032 
30.9966 1.0000 2987.6245 0.3379 0.1189 -0.2919 3.3256 8.0000 4.7959 0.0034 
30.9827 1.0000 2982.2750 0.3380 0.1179 -0.2933 3.3162 6.0000 4.7074 0.0032 
30.9828 1.0000 2980.6778 0.3412 0.1198 -0.2976 3.3221 7.0000 5.8921 0.0031 
30.9993 1.0000 2988.0495 0.3367 0.1191 -0.2914 3.3239 7.0000 6.1129 0.0031 
30.9918 1.0000 2983.3502 0.3384 0.1185 -0.2947 3.3211 7.0000 4.8826 0.0030 
30.9926 1.0000 2983.8149 0.3419 0.1183 -0.2992 3.3202 7.0000 4.8343 0.0034 
30.9784 1.0000 2979.3515 0.3393 0.1190 -0.2942 3.3267 8.0000 3.3875 0.0030 
30.9757 1.0000 2979.1654 0.3436 0.1218 -0.2927 3.3218 7.0000 4.8283 0.0032 
30.9819 1.0000 2980.8748 0.3419 0.1205 -0.2969 3.3275 8.0000 4.8717 0.0034 
30.9874 1.0000 2981.0493 0.3434 0.1206 -0.2971 3.3260 7.0000 4.9188 0.0033 
30.9815 1.0000 2979.8619 0.3389 0.1214 -0.2887 3.3345 7.0000 4.9267 0.0026 
30.9886 1.0000 2982.0114 0.3377 0.1195 -0.2893 3.3264 7.0000 4.7663 0.0035 
30.9897 1.0000 2982.8139 0.3421 0.1204 -0.2938 3.3319 7.0000 4.8381 0.0035 
30.9895 1.0000 2983.2364 0.3396 0.1187 -0.2958 3.3252 7.0000 5.7907 0.0033 
30.9940 1.0000 2983.1881 0.3426 0.1204 -0.2961 3.3206 7.0000 5.9681 0.0033 
30.9827 1.0000 2981.5268 0.3419 0.1196 -0.2966 3.3216 7.0000 3.5180 0.0032 
30.9887 1.0000 2981.4031 0.3378 0.1183 -0.2918 3.3269 8.0000 4.9711 0.0034 
30.9944 1.0000 2984.8466 0.3391 0.1198 -0.2941 3.3227 7.0000 4.8810 0.0037 
30.9814 1.0000 2980.1317 0.3370 0.1204 -0.2897 3.3273 7.0000 5.0149 0.0027 
30.9848 1.0000 2979.9817 0.3375 0.1196 -0.2893 3.3279 7.0000 3.6046 0.0034 
30.9784 1.0000 2979.0708 0.3427 0.1217 -0.2912 3.3309 8.0000 5.0818 0.0032 
31.0046 1.0000 2988.8474 0.3394 0.1205 -0.2906 3.3319 8.0000 4.8414 0.0032 
30.9933 1.0000 2983.2559 0.3432 0.1226 -0.2898 3.3303 7.0000 6.0397 0.0028 
30.9861 1.0000 2981.4797 0.3404 0.1196 -0.2969 3.3275 7.0000 5.0244 0.0023 
30.9840 1.0000 2979.2899 0.3432 0.1208 -0.2961 3.3214 7.0000 5.0841 0.0032 
30.9908 1.0000 2983.5850 0.3413 0.1198 -0.2971 3.3273 7.0000 5.8449 0.0034 
30.9822 1.0000 2979.7330 0.3364 0.1181 -0.2916 3.3216 7.0000 6.1112 0.0034 
30.9954 1.0000 2986.8021 0.3384 0.1189 -0.2937 3.3270 8.0000 4.6677 0.0034 
30.9730 1.0000 2976.6196 0.3399 0.1188 -0.2972 3.3290 7.0000 4.3973 0.0034 
31.0042 1.0000 2990.8531 0.3403 0.1205 -0.2907 3.3282 8.0000 4.9690 0.0034 
30.9861 1.0000 2982.0998 0.3364 0.1180 -0.2897 3.3273 7.0000 5.0517 0.0032 
30.9676 1.0000 2974.6369 0.3398 0.1197 -0.2942 3.3308 7.0000 7.2972 0.0029 
30.9990 1.0000 2987.2078 0.3403 0.1212 -0.2901 3.3269 7.0000 7.2908 0.0030 
31.0144 1.0000 2993.6389 0.3413 0.1201 -0.2947 3.3303 8.0000 4.8831 0.0031 
30.9882 1.0000 2982.4459 0.3366 0.1183 -0.2934 3.3264 8.0000 5.0984 0.0029 
30.9801 1.0000 2978.8908 0.3412 0.1208 -0.2940 3.3268 7.0000 4.8767 0.0034 
30.9778 1.0000 2977.9928 0.3388 0.1210 -0.2912 3.3276 8.0000 5.9350 0.0037 
30.9825 1.0000 2980.5358 0.3390 0.1197 -0.2942 3.3258 7.0000 6.1098 0.0037 
30.9894 1.0000 2981.8792 0.3407 0.1190 -0.2989 3.3221 7.0000 6.8023 0.0026 
30.9825 1.0000 2980.9042 0.3404 0.1197 -0.2952 3.3216 7.0000 6.8620 0.0031 
30.9882 1.0000 2982.8064 0.3417 0.1201 -0.2949 3.3258 7.0000 3.5618 0.0033 
30.9979 1.0000 2986.8067 0.3374 0.1183 -0.2943 3.3217 7.0000 5.0473 0.0032 
30.9923 1.0000 2983.5891 0.3404 0.1185 -0.2955 3.3274 8.0000 4.1730 0.0037 
30.9899 1.0000 2984.9583 0.3401 0.1190 -0.2937 3.3272 8.0000 5.0177 0.0031 
30.9954 1.0000 2984.7740 0.3423 0.1188 -0.2991 3.3274 7.0000 3.6401 0.0029 
30.9827 1.0000 2980.9328 0.3418 0.1207 -0.2930 3.3273 8.0000 5.1393 0.0028 
31.0059 1.0000 2990.7484 0.3431 0.1221 -0.2921 3.3246 7.0000 4.9678 0.0027 
30.9729 1.0000 2975.0003 0.3399 0.1202 -0.2949 3.3253 7.0000 3.5650 0.0034 
30.9801 1.0000 2978.4523 0.3392 0.1191 -0.2955 3.3252 7.0000 6.0179 0.0030 
30.9833 1.0000 2981.2172 0.3407 0.1200 -0.2964 3.3247 7.0000 6.1528 0.0030 
30.9913 1.0000 2984.5057 0.3382 0.1203 -0.2919 3.3321 7.0000 3.5625 0.0034 
30.9886 1.0000 2983.0449 0.3413 0.1189 -0.2960 3.3270 8.0000 5.2736 0.0030 
30.9712 1.0000 2977.9247 0.3419 0.1207 -0.2918 3.3234 7.0000 5.0601 0.0030 
30.9975 1.0000 2988.8734 0.3429 0.1218 -0.2922 3.3276 7.0000 3.5626 0.0030 
30.9908 1.0000 2983.7092 0.3388 0.1195 -0.2932 3.3291 8.0000 4.9717 0.0030 
30.9993 1.0000 2989.6974 0.3419 0.1204 -0.2945 3.3256 7.0000 5.1012 0.0030 
30.9801 1.0000 2980.2462 0.3389 0.1181 -0.2965 3.3222 8.0000 4.7802 0.0030 
31.0026 1.0000 2988.1155 0.3393 0.1187 -0.2937 3.3313 7.0000 5.0602 0.0030 
30.9827 1.0000 2981.0516 0.3393 0.1195 -0.2929 3.3243 7.0000 4.8831 0.0030 
30.9936 1.0000 2984.8493 0.3378 0.1180 -0.2936 3.3249 7.0000 4.7092 0.0030 
