30.9341 11.0000 2962.4958 0.3885 0.1477 -0.2812 3.3206 8.0000 23.6912 0.0037 
30.9673 11.0000 2975.5684 0.3892 0.1491 -0.2792 3.3353 7.0000 21.4128 0.0041 
30.9630 11.0000 2974.4357 0.3897 0.1488 -0.2820 3.3253 7.0000 21.1980 0.0040 
30.9766 11.0000 2979.7048 0.3910 0.1501 -0.2786 3.3362 8.0000 23.2972 0.0040 
30.9786 11.0000 2979.9722 0.3934 0.1496 -0.2826 3.3286 7.0000 21.6396 0.0035 
30.9809 11.0000 2980.6890 0.3877 0.1467 -0.2765 3.3243 7.0000 22.1123 0.0040 
30.9951 11.0000 2986.3882 0.3910 0.1493 -0.2768 3.3268 8.0000 22.1158 0.0040 
30.9628 11.0000 2973.3464 0.3907 0.1477 -0.2836 3.3347 7.0000 21.8968 0.0037 
30.9452 11.0000 2965.4729 0.3853 0.1459 -0.2784 3.3241 7.0000 23.7392 0.0040 
30.9566 11.0000 2971.7110 0.3899 0.1479 -0.2843 3.3304 8.0000 23.7363 0.0040 
30.9590 11.0000 2972.7605 0.3929 0.1494 -0.2868 3.3203 7.0000 22.6818 0.0046 
30.9582 11.0000 2971.2765 0.3947 0.1494 -0.2850 3.3252 7.0000 2.5935 0.0038 
30.9769 11.0000 2979.6534 0.3924 0.1509 -0.2784 3.3353 8.0000 3.7669 0.0036 
30.9708 11.0000 2980.2509 0.3871 0.1488 -0.2758 3.3211 8.0000 2.6354 0.0037 
30.9724 11.0000 2976.7939 0.3905 0.1494 -0.2808 3.3338 7.0000 3.5089 0.0038 
30.9619 11.0000 2972.7041 0.3884 0.1477 -0.2809 3.3263 7.0000 3.5587 0.0043 
30.9499 11.0000 2969.4844 0.3890 0.1503 -0.2772 3.3309 7.0000 5.1174 0.0047 
30.9893 11.0000 2984.6091 0.3893 0.1479 -0.2804 3.3314 7.0000 7.3262 0.0042 
30.9760 11.0000 2980.0129 0.3899 0.1485 -0.2757 3.3262 7.0000 9.5606 0.0039 
30.9642 11.0000 2974.9729 0.3916 0.1487 -0.2805 3.3276 7.0000 10.7158 0.0047 
30.9668 11.0000 2974.9757 0.3944 0.1501 -0.2853 3.3278 7.0000 11.5669 0.0047 
30.9726 11.0000 2977.8544 0.3906 0.1498 -0.2767 3.3262 7.0000 11.2557 0.0044 
30.9675 11.0000 2976.0127 0.3909 0.1511 -0.2770 3.3268 7.0000 2.5523 0.0036 
30.9710 11.0000 2976.9119 0.3852 0.1473 -0.2761 3.3308 8.0000 6.0955 0.0036 
30.9766 11.0000 2980.0436 0.3878 0.1493 -0.2739 3.3331 7.0000 6.1820 0.0047 
30.9512 11.0000 2969.0766 0.3888 0.1467 -0.2808 3.3203 7.0000 3.6859 0.0035 
30.9539 11.0000 2967.9477 0.3898 0.1468 -0.2849 3.3266 8.0000 3.8678 0.0035 
30.9426 11.0000 2963.6852 0.3928 0.1481 -0.2868 3.3371 7.0000 4.2226 0.0038 
30.9552 11.0000 2971.9849 0.3923 0.1519 -0.2794 3.3309 7.0000 3.7270 0.0037 
30.9659 11.0000 2974.0977 0.3919 0.1471 -0.2838 3.3219 7.0000 3.9162 0.0039 
30.9403 11.0000 2962.9472 0.3876 0.1484 -0.2809 3.3282 7.0000 3.8230 0.0041 
30.9766 11.0000 2980.5430 0.3898 0.1464 -0.2815 3.3354 7.0000 4.6139 0.0035 
30.9759 11.0000 2977.7451 0.3895 0.1481 -0.2802 3.3275 7.0000 4.6322 0.0040 
30.9423 11.0000 2968.5906 0.3861 0.1494 -0.2725 3.3271 7.0000 2.7257 0.0045 
30.9784 11.0000 2982.5902 0.3916 0.1499 -0.2819 3.3268 7.0000 4.1759 0.0041 
30.9740 11.0000 2978.4410 0.3848 0.1453 -0.2830 3.3241 7.0000 3.6430 0.0040 
30.9784 11.0000 2979.9508 0.3938 0.1505 -0.2793 3.3255 7.0000 3.9907 0.0041 
30.9735 11.0000 2978.7111 0.3907 0.1484 -0.2797 3.3297 7.0000 2.7297 0.0042 
30.9702 11.0000 2977.4608 0.3888 0.1481 -0.2814 3.3346 8.0000 3.8701 0.0040 
30.9666 11.0000 2971.8533 0.3944 0.1517 -0.2821 3.3396 7.0000 4.3944 0.0042 
30.9604 11.0000 2972.7019 0.3928 0.1492 -0.2843 3.3346 7.0000 3.8715 0.0042 
30.9626 11.0000 2972.1712 0.3864 0.1478 -0.2782 3.3252 7.0000 3.8253 0.0038 
30.9769 11.0000 2979.4067 0.3925 0.1498 -0.2788 3.3355 7.0000 3.9216 0.0038 
30.9595 11.0000 2973.2362 0.3866 0.1482 -0.2796 3.3272 8.0000 3.9521 0.0040 
30.9466 11.0000 2967.6937 0.3905 0.1477 -0.2840 3.3231 7.0000 2.6848 0.0041 
30.9630 11.0000 2976.3651 0.3902 0.1501 -0.2784 3.3312 7.0000 3.9117 0.0043 
30.9570 11.0000 2969.9497 0.3877 0.1492 -0.2750 3.3267 7.0000 2.5528 0.0040 
30.9601 11.0000 2971.8651 0.3904 0.1500 -0.2789 3.3309 7.0000 3.8616 0.0046 
30.9617 11.0000 2974.5394 0.3891 0.1473 -0.2815 3.3298 8.0000 3.9980 0.0044 
30.9577 11.0000 2972.7395 0.3916 0.1525 -0.2743 3.3298 7.0000 3.6511 0.0037 
30.9780 11.0000 2980.9385 0.3886 0.1504 -0.2762 3.3328 7.0000 3.8216 0.0041 
30.9702 11.0000 2978.7349 0.3851 0.1472 -0.2741 3.3236 7.0000 3.7257 0.0038 
30.9695 11.0000 2976.7674 0.3900 0.1483 -0.2840 3.3257 7.0000 6.4818 0.0041 
30.9641 11.0000 2975.2400 0.3894 0.1469 -0.2832 3.3245 7.0000 6.5013 0.0035 
30.9606 11.0000 2973.5236 0.3880 0.1461 -0.2817 3.3258 7.0000 3.9593 0.0038 
30.9450 11.0000 2966.8056 0.3872 0.1493 -0.2757 3.3243 7.0000 3.7815 0.0029 
30.9539 11.0000 2970.5056 0.3904 0.1477 -0.2800 3.3330 7.0000 2.9491 0.0041 
30.9613 11.0000 2973.6371 0.3852 0.1499 -0.2696 3.3292 7.0000 3.9183 0.0029 
30.9510 11.0000 2970.6674 0.3882 0.1476 -0.2784 3.3262 8.0000 3.8728 0.0047 
30.9717 11.0000 2979.1109 0.3846 0.1471 -0.2783 3.3290 7.0000 3.9555 0.0041 
30.9769 11.0000 2977.7627 0.3886 0.1453 -0.2825 3.3243 7.0000 3.8139 0.0033 
30.9597 11.0000 2973.8197 0.3873 0.1506 -0.2753 3.3243 7.0000 3.8269 0.0045 
30.9691 11.0000 2975.0503 0.3874 0.1492 -0.2790 3.3291 7.0000 4.8392 0.0042 
30.9599 11.0000 2972.6736 0.3925 0.1480 -0.2823 3.3276 7.0000 4.7698 0.0046 
30.9710 11.0000 2978.6988 0.3911 0.1496 -0.2789 3.3352 7.0000 5.8429 0.0046 
30.9608 11.0000 2972.9622 0.3894 0.1480 -0.2815 3.3291 8.0000 5.1427 0.0044 
30.9967 11.0000 2987.2876 0.3924 0.1470 -0.2840 3.3199 7.0000 3.9203 0.0036 
30.9956 11.0000 2986.8756 0.3840 0.1479 -0.2752 3.3246 8.0000 2.7682 0.0035 
30.9421 11.0000 2966.2698 0.3859 0.1487 -0.2742 3.3256 7.0000 3.9120 0.0041 
30.9601 11.0000 2973.2375 0.3895 0.1486 -0.2800 3.3248 7.0000 3.9167 0.0035 
30.9463 11.0000 2967.6875 0.3886 0.1504 -0.2730 3.3311 8.0000 4.0376 0.0038 
30.9835 11.0000 2981.4849 0.3899 0.1473 -0.2803 3.3298 7.0000 3.9560 0.0040 
30.9557 11.0000 2971.7565 0.3887 0.1480 -0.2796 3.3284 7.0000 3.8730 0.0039 
30.9490 11.0000 2968.4370 0.3910 0.1479 -0.2854 3.3214 8.0000 3.8305 0.0029 
30.9441 11.0000 2967.2342 0.3868 0.1457 -0.2795 3.3288 8.0000 4.0834 0.0029 
30.9668 11.0000 2974.0701 0.3881 0.1481 -0.2808 3.3194 7.0000 4.2126 0.0042 
30.9739 11.0000 2977.0694 0.3942 0.1490 -0.2866 3.3280 8.0000 4.5777 0.0042 
30.9782 11.0000 2981.0490 0.3884 0.1481 -0.2795 3.3202 7.0000 2.7284 0.0044 
30.9601 11.0000 2974.1590 0.3875 0.1480 -0.2804 3.3296 7.0000 3.0684 0.0040 
30.9793 11.0000 2979.2845 0.3921 0.1517 -0.2814 3.3309 8.0000 3.9146 0.0042 
30.9686 11.0000 2978.1467 0.3899 0.1504 -0.2784 3.3231 7.0000 3.9114 0.0043 
30.9639 11.0000 2974.0180 0.3903 0.1515 -0.2727 3.3277 7.0000 4.2212 0.0041 
30.9655 11.0000 2975.0935 0.3880 0.1460 -0.2820 3.3288 7.0000 3.9164 0.0049 
30.9501 11.0000 2969.7729 0.3928 0.1505 -0.2814 3.3326 7.0000 3.9559 0.0039 
30.9953 11.0000 2986.8851 0.3927 0.1502 -0.2794 3.3306 7.0000 3.9558 0.0048 
30.9744 11.0000 2977.9027 0.3934 0.1487 -0.2839 3.3301 7.0000 3.8915 0.0034 
30.9564 11.0000 2975.1373 0.3859 0.1483 -0.2767 3.3262 7.0000 3.9924 0.0035 
30.9800 11.0000 2979.7099 0.3932 0.1503 -0.2826 3.3349 8.0000 4.4764 0.0038 
30.9641 11.0000 2975.1661 0.3930 0.1489 -0.2838 3.3250 7.0000 4.4860 0.0038 
30.9561 11.0000 2972.0459 0.3895 0.1477 -0.2814 3.3257 7.0000 4.7845 0.0035 
30.9542 11.0000 2969.1037 0.3840 0.1473 -0.2750 3.3260 8.0000 3.9544 0.0034 
30.9363 11.0000 2964.3584 0.3856 0.1473 -0.2802 3.3265 8.0000 3.8993 0.0038 
30.9597 11.0000 2974.7006 0.3956 0.1501 -0.2863 3.3314 7.0000 4.0033 0.0038 
30.9388 11.0000 2964.5154 0.3917 0.1487 -0.2823 3.3384 8.0000 4.0026 0.0038 
30.9659 11.0000 2977.0559 0.3873 0.1478 -0.2768 3.3320 8.0000 3.9142 0.0038 
30.9817 11.0000 2981.7665 0.3915 0.1502 -0.2782 3.3238 7.0000 4.0816 0.0038 
30.9795 11.0000 2979.9837 0.3901 0.1464 -0.2848 3.3222 7.0000 6.7635 0.0038 
30.9766 11.0000 2979.3277 0.3896 0.1464 -0.2835 3.3295 7.0000 5.5229 0.0038 
30.9777 11.0000 2980.6770 0.3896 0.1499 -0.2774 3.3241 7.0000 3.9592 0.0038 
30.9700 11.0000 2977.9960 0.3920 0.1501 -0.2785 3.3315 8.0000 2.6831 0.0038 
