30.9039 1.0000 2934.5474 0.1808 0.0612 -0.2643 3.1147 6.0000 16.9120 0.0047 
30.9011 1.0000 2935.9425 0.1809 0.0613 -0.2638 3.1109 7.0000 17.4442 0.0057 
30.9060 1.0000 2936.5882 0.1782 0.0612 -0.2586 3.1177 6.0000 15.9140 0.0060 
30.9118 1.0000 2942.1019 0.1799 0.0619 -0.2614 3.1107 6.0000 17.5314 0.0052 
30.9284 1.0000 2948.8845 0.1805 0.0609 -0.2620 3.1142 6.0000 15.4681 0.0052 
30.9167 1.0000 2944.8192 0.1804 0.0617 -0.2617 3.1118 6.0000 14.8139 0.0047 
30.9382 1.0000 2951.9197 0.1791 0.0619 -0.2602 3.1142 6.0000 16.2985 0.0059 
30.8878 1.0000 2929.2053 0.1769 0.0608 -0.2590 3.1125 6.0000 17.1752 0.0059 
30.9292 1.0000 2951.9338 0.1808 0.0617 -0.2626 3.1143 6.0000 17.4816 0.0059 
30.9082 1.0000 2936.4523 0.1792 0.0612 -0.2604 3.1090 6.0000 17.0888 0.0047 
30.8905 1.0000 2931.9537 0.1813 0.0611 -0.2659 3.1133 6.0000 17.1782 0.0060 
30.9033 1.0000 2933.0566 0.1776 0.0601 -0.2619 3.1115 6.0000 1.8452 0.0054 
30.9017 1.0000 2932.5479 0.1799 0.0610 -0.2627 3.1162 6.0000 2.6670 0.0056 
30.9398 1.0000 2954.0251 0.1803 0.0618 -0.2623 3.1104 6.0000 2.8157 0.0056 
30.9009 1.0000 2938.3440 0.1808 0.0617 -0.2631 3.1130 6.0000 3.0269 0.0059 
30.9033 1.0000 2937.2296 0.1791 0.0612 -0.2601 3.1142 7.0000 4.1824 0.0059 
30.9270 1.0000 2945.9319 0.1794 0.0617 -0.2609 3.1131 6.0000 5.1068 0.0049 
30.9199 1.0000 2940.7582 0.1811 0.0614 -0.2629 3.1135 6.0000 5.9965 0.0062 
30.9060 1.0000 2940.8834 0.1772 0.0624 -0.2558 3.1157 6.0000 6.4592 0.0055 
30.9251 1.0000 2944.4221 0.1780 0.0611 -0.2607 3.1115 6.0000 6.5243 0.0055 
30.9194 1.0000 2945.4090 0.1756 0.0611 -0.2551 3.1146 7.0000 6.0655 0.0063 
30.9208 1.0000 2943.4161 0.1784 0.0618 -0.2582 3.1150 6.0000 5.6774 0.0063 
30.9355 1.0000 2954.6974 0.1807 0.0611 -0.2642 3.1093 6.0000 1.8490 0.0054 
30.9145 1.0000 2943.3113 0.1789 0.0612 -0.2602 3.1170 7.0000 2.7258 0.0058 
30.9216 1.0000 2946.0256 0.1795 0.0615 -0.2614 3.1102 6.0000 4.7379 0.0053 
30.9058 1.0000 2940.0359 0.1778 0.0613 -0.2593 3.1138 6.0000 4.6052 0.0052 
30.8815 1.0000 2929.0332 0.1787 0.0611 -0.2621 3.1151 6.0000 2.4631 0.0058 
30.8935 1.0000 2928.5520 0.1798 0.0611 -0.2637 3.1132 6.0000 2.5490 0.0051 
30.9164 1.0000 2936.4229 0.1779 0.0608 -0.2607 3.1125 6.0000 2.8607 0.0054 
30.9194 1.0000 2946.9597 0.1764 0.0609 -0.2573 3.1118 6.0000 3.1237 0.0051 
30.8930 1.0000 2936.9869 0.1764 0.0612 -0.2556 3.1118 6.0000 2.9863 0.0051 
30.9096 1.0000 2936.1411 0.1793 0.0616 -0.2613 3.1136 7.0000 3.2213 0.0054 
30.9186 1.0000 2947.3527 0.1787 0.0612 -0.2601 3.1113 6.0000 3.3007 0.0054 
30.9074 1.0000 2937.8456 0.1781 0.0613 -0.2595 3.1135 6.0000 2.6812 0.0055 
30.9213 1.0000 2946.0460 0.1771 0.0613 -0.2585 3.1124 6.0000 2.7161 0.0050 
30.9267 1.0000 2949.5896 0.1773 0.0611 -0.2587 3.1126 6.0000 2.6746 0.0056 
30.9077 1.0000 2939.7677 0.1772 0.0611 -0.2583 3.1111 6.0000 2.5957 0.0065 
30.9284 1.0000 2949.6127 0.1800 0.0616 -0.2618 3.1132 6.0000 2.8093 0.0064 
30.9208 1.0000 2945.9804 0.1799 0.0619 -0.2629 3.1142 6.0000 2.5946 0.0064 
30.9284 1.0000 2947.1264 0.1791 0.0612 -0.2599 3.1130 7.0000 2.9473 0.0059 
30.9316 1.0000 2951.6302 0.1764 0.0610 -0.2574 3.1108 6.0000 2.9019 0.0055 
30.9197 1.0000 2944.0833 0.1813 0.0619 -0.2617 3.1108 7.0000 2.9918 0.0056 
30.8900 1.0000 2928.3745 0.1805 0.0607 -0.2645 3.1135 7.0000 2.9437 0.0060 
30.9169 1.0000 2939.3687 0.1800 0.0611 -0.2633 3.1141 6.0000 2.9463 0.0060 
30.9308 1.0000 2951.7669 0.1790 0.0609 -0.2604 3.1084 6.0000 1.8933 0.0058 
30.9142 1.0000 2939.0741 0.1819 0.0616 -0.2648 3.1127 6.0000 2.7575 0.0066 
30.8859 1.0000 2930.8238 0.1778 0.0604 -0.2614 3.1157 6.0000 2.7239 0.0056 
30.8903 1.0000 2932.1294 0.1769 0.0612 -0.2591 3.1131 6.0000 2.7257 0.0059 
30.9082 1.0000 2937.7105 0.1782 0.0607 -0.2625 3.1091 6.0000 2.5920 0.0057 
30.9050 1.0000 2938.4804 0.1807 0.0617 -0.2621 3.1107 6.0000 2.5789 0.0057 
30.9050 1.0000 2938.1871 0.1772 0.0613 -0.2593 3.1127 7.0000 1.9371 0.0061 
30.9175 1.0000 2939.1176 0.1786 0.0607 -0.2602 3.1115 7.0000 2.8601 0.0061 
30.9120 1.0000 2943.0196 0.1797 0.0606 -0.2626 3.1123 6.0000 2.7995 0.0060 
30.9003 1.0000 2933.9041 0.1797 0.0611 -0.2641 3.1158 8.0000 2.7281 0.0060 
30.8976 1.0000 2937.1373 0.1781 0.0615 -0.2590 3.1109 6.0000 2.7700 0.0059 
30.8843 1.0000 2928.9077 0.1790 0.0610 -0.2616 3.1116 6.0000 2.6396 0.0059 
30.9142 1.0000 2938.4850 0.1791 0.0611 -0.2630 3.1120 6.0000 2.1089 0.0059 
30.8979 1.0000 2934.6555 0.1793 0.0616 -0.2615 3.1123 6.0000 2.5814 0.0061 
30.9033 1.0000 2933.0624 0.1777 0.0608 -0.2609 3.1109 6.0000 2.6841 0.0060 
30.9109 1.0000 2940.9918 0.1796 0.0612 -0.2633 3.1128 6.0000 2.7179 0.0056 
30.9058 1.0000 2939.1095 0.1787 0.0612 -0.2600 3.1122 6.0000 2.9849 0.0057 
30.8976 1.0000 2935.7906 0.1789 0.0615 -0.2604 3.1160 7.0000 3.1660 0.0056 
30.9009 1.0000 2935.0629 0.1792 0.0615 -0.2612 3.1132 6.0000 2.8584 0.0066 
30.9028 1.0000 2939.3069 0.1789 0.0608 -0.2602 3.1131 6.0000 3.0449 0.0066 
30.9047 1.0000 2941.5084 0.1788 0.0614 -0.2604 3.1138 6.0000 2.7201 0.0066 
30.8886 1.0000 2928.5512 0.1789 0.0614 -0.2620 3.1136 6.0000 2.6837 0.0057 
30.9047 1.0000 2939.4651 0.1767 0.0611 -0.2586 3.1130 6.0000 2.8569 0.0057 
30.8984 1.0000 2935.7628 0.1796 0.0617 -0.2613 3.1118 6.0000 2.7286 0.0061 
30.9022 1.0000 2934.8788 0.1797 0.0615 -0.2622 3.1144 6.0000 1.9807 0.0060 
30.9115 1.0000 2935.9924 0.1786 0.0609 -0.2627 3.1157 7.0000 2.6758 0.0059 
30.9137 1.0000 2941.3227 0.1788 0.0605 -0.2597 3.1115 7.0000 2.7279 0.0049 
30.9137 1.0000 2940.9017 0.1789 0.0607 -0.2623 3.1084 6.0000 2.0244 0.0044 
30.8826 1.0000 2922.2475 0.1794 0.0602 -0.2650 3.1132 6.0000 2.7711 0.0054 
30.8837 1.0000 2928.1231 0.1803 0.0613 -0.2638 3.1146 6.0000 2.9060 0.0060 
30.8856 1.0000 2925.8096 0.1780 0.0611 -0.2610 3.1130 6.0000 2.9625 0.0058 
30.9099 1.0000 2939.6563 0.1809 0.0617 -0.2622 3.1104 6.0000 2.7652 0.0058 
30.9341 1.0000 2950.3775 0.1774 0.0609 -0.2590 3.1125 6.0000 3.0322 0.0053 
30.8984 1.0000 2933.9523 0.1789 0.0608 -0.2629 3.1152 7.0000 3.1575 0.0058 
30.9006 1.0000 2932.3551 0.1785 0.0616 -0.2596 3.1121 6.0000 2.9134 0.0066 
30.9031 1.0000 2940.5300 0.1808 0.0609 -0.2644 3.1100 7.0000 2.7292 0.0059 
30.9496 1.0000 2958.3214 0.1794 0.0612 -0.2620 3.1092 6.0000 2.8157 0.0066 
30.9344 1.0000 2948.3535 0.1793 0.0608 -0.2613 3.1128 6.0000 2.8122 0.0063 
30.9199 1.0000 2948.6381 0.1776 0.0613 -0.2580 3.1119 6.0000 2.7284 0.0064 
30.9011 1.0000 2934.5874 0.1784 0.0614 -0.2603 3.1158 6.0000 2.7241 0.0057 
30.9063 1.0000 2935.7448 0.1799 0.0608 -0.2637 3.1085 6.0000 2.8127 0.0053 
30.9074 1.0000 2943.4085 0.1806 0.0617 -0.2623 3.1111 6.0000 2.7980 0.0064 
30.9063 1.0000 2940.2429 0.1772 0.0617 -0.2596 3.1117 6.0000 2.7743 0.0064 
30.9240 1.0000 2944.2072 0.1784 0.0611 -0.2594 3.1129 7.0000 2.7602 0.0052 
30.8813 1.0000 2930.9809 0.1797 0.0612 -0.2640 3.1116 6.0000 2.8159 0.0060 
30.9036 1.0000 2931.1059 0.1803 0.0608 -0.2649 3.1144 6.0000 2.7702 0.0055 
30.8826 1.0000 2925.5528 0.1787 0.0618 -0.2603 3.1138 6.0000 2.7592 0.0055 
30.8875 1.0000 2927.6432 0.1808 0.0610 -0.2652 3.1079 6.0000 1.9355 0.0055 
30.8916 1.0000 2932.5730 0.1759 0.0610 -0.2576 3.1134 6.0000 2.1527 0.0055 
30.9115 1.0000 2940.1027 0.1772 0.0615 -0.2583 3.1119 6.0000 2.7701 0.0055 
30.9218 1.0000 2947.5577 0.1779 0.0615 -0.2581 3.1122 6.0000 2.8150 0.0055 
30.8875 1.0000 2925.0561 0.1801 0.0616 -0.2649 3.1132 6.0000 2.7274 0.0055 
30.8990 1.0000 2933.7623 0.1789 0.0613 -0.2606 3.1122 6.0000 3.6469 0.0055 
30.9267 1.0000 2943.4251 0.1797 0.0611 -0.2623 3.1111 7.0000 3.6019 0.0055 
30.9014 1.0000 2938.0436 0.1800 0.0612 -0.2623 3.1126 6.0000 2.7587 0.0055 
30.9158 1.0000 2943.6901 0.1785 0.0612 -0.2613 3.1123 6.0000 2.8515 0.0055 
