30.4044 1.0000 2729.7214 0.3125 0.1459 -0.2984 2.8264 5.0000 2.0354 0.0234 
30.4420 1.0000 2752.8709 0.3077 0.1421 -0.2991 2.8339 5.0000 2.0355 0.0244 
30.3922 1.0000 2732.5940 0.3142 0.1424 -0.3048 2.8339 5.0000 2.0419 0.0234 
30.4420 1.0000 2759.6225 0.3129 0.1432 -0.3017 2.8293 5.0000 2.0301 0.0234 
30.4232 1.0000 2734.5074 0.3051 0.1439 -0.2874 2.8313 5.0000 1.8165 0.0234 
30.3276 1.0000 2710.9289 0.3148 0.1429 -0.3086 2.8349 5.0000 1.8558 0.0234 
30.4420 1.0000 2756.6446 0.3125 0.1442 -0.2958 2.8324 5.0000 2.0395 0.0209 
30.4379 1.0000 2749.8260 0.3163 0.1481 -0.2945 2.8349 5.0000 2.0323 0.0228 
30.5033 1.0000 2763.9788 0.3172 0.1404 -0.3128 2.8225 5.0000 2.0309 0.0221 
30.3750 1.0000 2741.9101 0.3119 0.1444 -0.2956 2.8384 5.0000 1.9446 0.0221 
30.4093 1.0000 2745.9469 0.3139 0.1408 -0.3041 2.8253 5.0000 2.0374 0.0234 
30.4150 1.0000 2736.9616 0.3087 0.1437 -0.2939 2.8326 5.0000 0.3028 0.0213 
30.4510 1.0000 2751.9118 0.3173 0.1428 -0.3144 2.8295 5.0000 0.3086 0.0227 
30.3766 1.0000 2726.3415 0.3078 0.1417 -0.2934 2.8401 5.0000 0.5171 0.0199 
30.3472 1.0000 2718.1454 0.3086 0.1445 -0.2969 2.8367 5.0000 0.7293 0.0193 
30.3979 1.0000 2742.0172 0.3146 0.1444 -0.2982 2.8233 5.0000 1.1317 0.0219 
30.4158 1.0000 2752.8227 0.3112 0.1413 -0.2988 2.8252 5.0000 1.1396 0.0219 
30.3962 1.0000 2725.2672 0.3080 0.1438 -0.2954 2.8300 5.0000 1.5773 0.0242 
30.4632 1.0000 2751.3342 0.3167 0.1436 -0.3078 2.8276 5.0000 1.1879 0.0219 
30.3121 1.0000 2698.2337 0.3109 0.1417 -0.3045 2.8291 5.0000 1.1455 0.0219 
30.2892 1.0000 2703.4248 0.3086 0.1421 -0.2990 2.8329 5.0000 1.0995 0.0219 
30.3538 1.0000 2714.5735 0.3091 0.1431 -0.2944 2.8285 5.0000 0.9681 0.0227 
30.4379 1.0000 2745.5065 0.3170 0.1450 -0.3027 2.8270 5.0000 0.2628 0.0232 
30.3824 1.0000 2745.3399 0.3132 0.1435 -0.2978 2.8266 5.0000 0.3509 0.0232 
30.4804 1.0000 2757.4469 0.3156 0.1456 -0.3017 2.8242 5.0000 0.3438 0.0227 
30.4975 1.0000 2764.3489 0.3069 0.1434 -0.2877 2.8275 5.0000 0.3510 0.0232 
30.3513 1.0000 2726.7418 0.3091 0.1433 -0.2971 2.8304 5.0000 0.3520 0.0213 
30.4216 1.0000 2740.8211 0.3137 0.1412 -0.3059 2.8230 5.0000 0.3477 0.0255 
30.3954 1.0000 2748.4951 0.3169 0.1449 -0.3054 2.8314 5.0000 0.5240 0.0235 
30.3881 1.0000 2736.6961 0.3210 0.1475 -0.3102 2.8335 5.0000 0.6495 0.0236 
30.4641 1.0000 2763.7966 0.3160 0.1458 -0.3059 2.8159 5.0000 0.6576 0.0223 
30.3170 1.0000 2711.2190 0.3077 0.1425 -0.2967 2.8324 5.0000 0.6573 0.0223 
30.3734 1.0000 2722.3325 0.3116 0.1452 -0.2978 2.8375 5.0000 0.5695 0.0236 
30.3824 1.0000 2730.2770 0.3183 0.1421 -0.3128 2.8337 5.0000 0.5288 0.0236 
30.3546 1.0000 2720.9355 0.3181 0.1426 -0.3157 2.8364 5.0000 0.4406 0.0199 
30.3954 1.0000 2746.0940 0.3176 0.1417 -0.3123 2.8264 5.0000 0.3511 0.0197 
30.4387 1.0000 2760.8783 0.3054 0.1409 -0.2908 2.8211 5.0000 0.2224 0.0199 
30.4853 1.0000 2794.9551 0.3054 0.1440 -0.2782 2.8263 5.0000 0.3933 0.0209 
30.3145 1.0000 2719.0989 0.3099 0.1427 -0.2971 2.8320 5.0000 0.3526 0.0221 
30.4796 1.0000 2765.5359 0.3131 0.1435 -0.2949 2.8246 5.0000 0.3532 0.0252 
30.3301 1.0000 2714.7288 0.3067 0.1432 -0.2897 2.8361 5.0000 0.3937 0.0205 
30.3734 1.0000 2729.6087 0.3056 0.1411 -0.2889 2.8299 5.0000 0.3086 0.0238 
30.4093 1.0000 2747.1413 0.3068 0.1435 -0.2897 2.8371 5.0000 0.3540 0.0236 
30.3709 1.0000 2727.5858 0.3118 0.1434 -0.3003 2.8342 5.0000 0.3504 0.0246 
30.3440 1.0000 2715.5343 0.3113 0.1421 -0.3040 2.8300 5.0000 0.3937 0.0247 
30.4346 1.0000 2762.7908 0.3122 0.1427 -0.2985 2.8226 5.0000 0.6575 0.0247 
30.3791 1.0000 2728.9853 0.3138 0.1438 -0.3042 2.8274 5.0000 0.5714 0.0182 
30.3219 1.0000 2698.8766 0.3032 0.1396 -0.2931 2.8449 5.0000 0.4867 0.0218 
30.4346 1.0000 2766.9739 0.3095 0.1429 -0.2917 2.8264 5.0000 0.2226 0.0214 
30.4493 1.0000 2746.3023 0.3140 0.1427 -0.3070 2.8314 6.0000 0.2230 0.0264 
30.4142 1.0000 2733.2255 0.3081 0.1433 -0.2969 2.8336 5.0000 0.3931 0.0212 
30.3644 1.0000 2720.7394 0.3056 0.1412 -0.2951 2.8332 5.0000 0.3533 0.0218 
30.4624 1.0000 2755.9714 0.3057 0.1416 -0.2922 2.8263 5.0000 0.3468 0.0234 
30.2884 1.0000 2690.5180 0.3098 0.1460 -0.2994 2.8376 5.0000 0.3541 0.0259 
30.3685 1.0000 2729.9077 0.3111 0.1415 -0.3046 2.8346 5.0000 0.3930 0.0267 
30.3399 1.0000 2717.5645 0.3007 0.1405 -0.2833 2.8275 5.0000 0.3543 0.0262 
30.3374 1.0000 2717.2835 0.3107 0.1422 -0.3025 2.8334 5.0000 0.3557 0.0260 
30.5310 1.0000 2796.9502 0.3104 0.1423 -0.2950 2.8262 5.0000 0.4831 0.0214 
30.4232 1.0000 2759.7075 0.3097 0.1432 -0.2936 2.8289 5.0000 0.4817 0.0203 
30.3480 1.0000 2732.9183 0.3064 0.1434 -0.2900 2.8254 5.0000 0.3894 0.0214 
30.3815 1.0000 2737.5882 0.3191 0.1431 -0.3113 2.8335 5.0000 0.4290 0.0214 
30.4404 1.0000 2750.0784 0.3107 0.1414 -0.3026 2.8306 5.0000 0.2623 0.0212 
30.4395 1.0000 2756.4052 0.3102 0.1428 -0.2952 2.8260 5.0000 0.3078 0.0262 
30.3766 1.0000 2723.8554 0.3086 0.1432 -0.3002 2.8334 5.0000 0.3984 0.0258 
30.3031 1.0000 2710.6103 0.3131 0.1424 -0.3065 2.8373 6.0000 0.3535 0.0209 
30.2778 1.0000 2689.5441 0.3049 0.1434 -0.2939 2.8348 5.0000 0.3532 0.0196 
30.2925 1.0000 2717.9444 0.3109 0.1428 -0.3046 2.8361 5.0000 0.3544 0.0264 
30.3693 1.0000 2717.7761 0.3048 0.1420 -0.2901 2.8350 5.0000 0.2624 0.0238 
30.2990 1.0000 2692.6544 0.3161 0.1419 -0.3135 2.8285 5.0000 0.3899 0.0226 
30.4690 1.0000 2782.9420 0.3065 0.1422 -0.2813 2.8293 5.0000 0.3948 0.0226 
30.4363 1.0000 2748.8162 0.3083 0.1412 -0.3002 2.8318 5.0000 0.3529 0.0259 
30.4297 1.0000 2742.1062 0.3034 0.1411 -0.2864 2.8242 5.0000 0.5673 0.0251 
30.2288 1.0000 2682.5482 0.3167 0.1443 -0.3070 2.8376 5.0000 0.5288 0.0228 
30.3627 1.0000 2732.2647 0.3081 0.1432 -0.2929 2.8395 5.0000 0.4844 0.0226 
30.3039 1.0000 2707.9477 0.3060 0.1423 -0.2944 2.8349 5.0000 0.2238 0.0224 
30.4052 1.0000 2755.6356 0.3053 0.1402 -0.2933 2.8272 6.0000 0.3943 0.0204 
30.4493 1.0000 2747.5866 0.3153 0.1446 -0.3060 2.8278 5.0000 0.2637 0.0253 
30.4902 1.0000 2762.4616 0.3076 0.1411 -0.2973 2.8311 5.0000 0.3542 0.0210 
30.2859 1.0000 2728.9739 0.3036 0.1415 -0.2885 2.8274 5.0000 0.3934 0.0208 
30.3995 1.0000 2740.9886 0.3102 0.1426 -0.2956 2.8271 5.0000 0.3946 0.0211 
30.3636 1.0000 2731.6511 0.3053 0.1444 -0.2881 2.8324 5.0000 0.3534 0.0222 
30.3799 1.0000 2758.3064 0.3089 0.1443 -0.2909 2.8264 5.0000 0.5305 0.0243 
30.3007 1.0000 2706.7990 0.3092 0.1405 -0.3061 2.8292 5.0000 0.4829 0.0243 
30.3243 1.0000 2715.6144 0.3085 0.1389 -0.3033 2.8286 5.0000 0.3527 0.0227 
30.3930 1.0000 2747.5106 0.3049 0.1442 -0.2845 2.8301 5.0000 0.3938 0.0261 
30.4118 1.0000 2737.6487 0.3193 0.1448 -0.3112 2.8356 5.0000 0.3526 0.0228 
30.4657 1.0000 2762.8366 0.3154 0.1433 -0.3048 2.8239 5.0000 0.2643 0.0253 
30.3194 1.0000 2717.0270 0.3115 0.1415 -0.3026 2.8320 5.0000 0.3929 0.0220 
30.3276 1.0000 2721.4485 0.3099 0.1425 -0.2973 2.8273 5.0000 0.4018 0.0220 
30.4477 1.0000 2753.8317 0.3124 0.1439 -0.2992 2.8232 5.0000 0.2690 0.0211 
30.4518 1.0000 2754.0964 0.3174 0.1449 -0.3073 2.8280 5.0000 0.3949 0.0220 
30.4453 1.0000 2757.4216 0.3036 0.1432 -0.2819 2.8292 5.0000 0.3942 0.0220 
30.3480 1.0000 2721.3031 0.3105 0.1413 -0.3048 2.8234 5.0000 0.3939 0.0220 
30.3252 1.0000 2702.9134 0.3063 0.1392 -0.3035 2.8302 5.0000 0.3556 0.0220 
30.3979 1.0000 2737.7034 0.3131 0.1405 -0.3093 2.8254 5.0000 0.3522 0.0220 
30.4436 1.0000 2759.5057 0.3139 0.1420 -0.3042 2.8286 5.0000 0.3539 0.0220 
30.2966 1.0000 2692.0466 0.3161 0.1445 -0.3111 2.8368 5.0000 0.2632 0.0275 
30.3930 1.0000 2737.1536 0.3066 0.1421 -0.2959 2.8274 5.0000 0.3944 0.0220 
30.2549 1.0000 2694.2982 0.3144 0.1422 -0.3110 2.8323 5.0000 0.3540 0.0220 
30.4183 1.0000 2759.7614 0.3089 0.1420 -0.2930 2.8316 5.0000 0.2637 0.0220 
