30.9729 11.0000 2975.7936 0.2477 0.0765 -0.3023 3.2477 7.0000 29.1604 0.0036 
30.9671 11.0000 2972.7179 0.2443 0.0747 -0.3012 3.2505 8.0000 28.7237 0.0036 
30.9818 11.0000 2979.7099 0.2478 0.0768 -0.3015 3.2477 7.0000 28.7652 0.0033 
30.9815 11.0000 2978.6540 0.2472 0.0755 -0.3017 3.2488 6.0000 26.3977 0.0031 
30.9740 11.0000 2974.7999 0.2454 0.0758 -0.3002 3.2483 7.0000 29.3383 0.0036 
30.9808 11.0000 2978.4724 0.2452 0.0747 -0.3024 3.2489 7.0000 26.4808 0.0031 
30.9791 11.0000 2977.3154 0.2467 0.0753 -0.3036 3.2497 7.0000 25.9514 0.0036 
30.9946 11.0000 2983.9446 0.2463 0.0758 -0.3009 3.2468 7.0000 25.8215 0.0031 
30.9904 11.0000 2981.7155 0.2441 0.0755 -0.2975 3.2488 6.0000 28.7691 0.0031 
30.9956 11.0000 2981.6948 0.2505 0.0760 -0.3081 3.2449 7.0000 28.5914 0.0030 
30.9764 11.0000 2977.7418 0.2459 0.0757 -0.2986 3.2478 7.0000 24.8085 0.0029 
30.9846 11.0000 2980.4020 0.2450 0.0755 -0.3000 3.2466 7.0000 3.1671 0.0035 
30.9964 11.0000 2984.3749 0.2451 0.0751 -0.3011 3.2490 7.0000 3.2069 0.0031 
30.9944 11.0000 2982.4207 0.2460 0.0752 -0.3023 3.2502 7.0000 4.5255 0.0032 
30.9757 11.0000 2973.7037 0.2450 0.0753 -0.3028 3.2493 7.0000 4.0464 0.0034 
30.9853 11.0000 2979.7932 0.2460 0.0758 -0.3010 3.2477 7.0000 6.0610 0.0030 
30.9759 11.0000 2977.5674 0.2459 0.0759 -0.3021 3.2505 7.0000 6.4282 0.0030 
30.9897 11.0000 2982.6512 0.2459 0.0755 -0.3017 3.2471 8.0000 4.7053 0.0030 
30.9817 11.0000 2979.2081 0.2452 0.0752 -0.3016 3.2484 7.0000 6.6884 0.0036 
30.9789 11.0000 2977.4955 0.2433 0.0745 -0.3004 3.2457 7.0000 8.7184 0.0033 
30.9895 11.0000 2982.5786 0.2484 0.0764 -0.3045 3.2478 7.0000 8.8723 0.0035 
30.9768 11.0000 2976.6895 0.2435 0.0750 -0.2998 3.2499 7.0000 8.3544 0.0035 
30.9898 11.0000 2983.4227 0.2467 0.0753 -0.3056 3.2452 6.0000 3.9565 0.0028 
30.9884 11.0000 2981.2727 0.2438 0.0754 -0.2976 3.2489 7.0000 3.2921 0.0035 
30.9804 11.0000 2977.1928 0.2429 0.0743 -0.3003 3.2471 8.0000 4.4824 0.0033 
30.9940 11.0000 2983.6258 0.2473 0.0758 -0.3028 3.2479 8.0000 4.4866 0.0032 
30.9748 11.0000 2977.6029 0.2441 0.0741 -0.3015 3.2467 7.0000 8.9548 0.0031 
30.9777 11.0000 2977.3420 0.2455 0.0754 -0.3002 3.2478 7.0000 10.3876 0.0036 
30.9926 11.0000 2983.1069 0.2461 0.0759 -0.3022 3.2505 7.0000 10.6045 0.0036 
30.9833 11.0000 2980.9851 0.2452 0.0757 -0.2990 3.2478 7.0000 5.8054 0.0036 
30.9773 11.0000 2977.3001 0.2433 0.0755 -0.2976 3.2502 7.0000 4.3907 0.0036 
30.9906 11.0000 2981.9946 0.2458 0.0749 -0.3017 3.2459 7.0000 5.6282 0.0031 
30.9788 11.0000 2976.9504 0.2457 0.0749 -0.3034 3.2497 7.0000 5.7629 0.0031 
30.9984 11.0000 2985.5721 0.2458 0.0756 -0.3020 3.2443 7.0000 3.4285 0.0029 
30.9851 11.0000 2980.7551 0.2455 0.0744 -0.3012 3.2453 7.0000 4.3041 0.0040 
30.9764 11.0000 2974.3989 0.2482 0.0756 -0.3047 3.2525 7.0000 4.6506 0.0029 
30.9920 11.0000 2980.8807 0.2474 0.0754 -0.3041 3.2503 6.0000 4.5276 0.0029 
30.9866 11.0000 2981.9679 0.2460 0.0754 -0.3021 3.2505 7.0000 4.5311 0.0042 
30.9762 11.0000 2976.2001 0.2478 0.0758 -0.3052 3.2519 7.0000 5.1012 0.0034 
30.9862 11.0000 2980.3923 0.2458 0.0749 -0.3028 3.2497 7.0000 5.2046 0.0037 
30.9913 11.0000 2983.3012 0.2445 0.0745 -0.3019 3.2491 7.0000 5.4405 0.0035 
30.9895 11.0000 2981.9076 0.2431 0.0740 -0.3003 3.2467 7.0000 5.6461 0.0037 
30.9907 11.0000 2981.6391 0.2452 0.0756 -0.2999 3.2486 7.0000 5.7263 0.0032 
30.9621 11.0000 2970.2698 0.2434 0.0748 -0.3006 3.2470 7.0000 5.7242 0.0032 
30.9956 11.0000 2984.7544 0.2449 0.0748 -0.3026 3.2428 7.0000 4.5663 0.0037 
30.9966 11.0000 2985.2743 0.2429 0.0747 -0.2998 3.2465 7.0000 4.6162 0.0034 
30.9822 11.0000 2978.5060 0.2440 0.0746 -0.3015 3.2496 7.0000 4.4894 0.0028 
30.9975 11.0000 2985.8800 0.2448 0.0748 -0.2995 3.2524 7.0000 4.6114 0.0030 
30.9786 11.0000 2977.7763 0.2465 0.0759 -0.3006 3.2520 7.0000 4.7024 0.0033 
30.9570 11.0000 2968.9009 0.2462 0.0760 -0.3020 3.2485 7.0000 4.0660 0.0033 
30.9726 11.0000 2974.9779 0.2434 0.0747 -0.2998 3.2498 8.0000 4.4846 0.0035 
30.9670 11.0000 2970.6244 0.2459 0.0753 -0.3040 3.2478 7.0000 4.5232 0.0038 
30.9887 11.0000 2981.5857 0.2493 0.0770 -0.3022 3.2491 7.0000 4.5533 0.0038 
30.9764 11.0000 2976.6338 0.2451 0.0751 -0.3021 3.2435 7.0000 4.3489 0.0030 
30.9720 11.0000 2972.9797 0.2460 0.0750 -0.3037 3.2471 6.0000 4.4806 0.0030 
30.9813 11.0000 2979.1632 0.2450 0.0745 -0.3042 3.2438 6.0000 4.7076 0.0037 
30.9998 11.0000 2986.0392 0.2467 0.0754 -0.3040 3.2489 7.0000 4.5774 0.0037 
30.9793 11.0000 2978.4437 0.2437 0.0747 -0.3013 3.2503 7.0000 4.6020 0.0029 
30.9924 11.0000 2983.6331 0.2464 0.0762 -0.3030 3.2496 7.0000 4.7053 0.0033 
30.9855 11.0000 2980.0396 0.2477 0.0755 -0.3024 3.2519 7.0000 4.7056 0.0035 
30.9853 11.0000 2980.5813 0.2428 0.0745 -0.2986 3.2490 7.0000 4.4165 0.0033 
30.9704 11.0000 2973.3221 0.2462 0.0744 -0.3059 3.2481 7.0000 4.5321 0.0033 
30.9895 11.0000 2981.8259 0.2431 0.0749 -0.2981 3.2507 7.0000 5.5854 0.0038 
30.9924 11.0000 2982.6792 0.2437 0.0739 -0.3006 3.2457 7.0000 5.7901 0.0038 
30.9782 11.0000 2978.0229 0.2454 0.0754 -0.3001 3.2478 7.0000 5.6847 0.0037 
30.9719 11.0000 2975.2304 0.2452 0.0749 -0.3005 3.2480 7.0000 5.6893 0.0031 
30.9731 11.0000 2975.3210 0.2460 0.0753 -0.3021 3.2492 7.0000 4.6604 0.0037 
30.9855 11.0000 2979.4897 0.2456 0.0745 -0.3021 3.2483 7.0000 4.5387 0.0031 
30.9967 11.0000 2985.4336 0.2448 0.0760 -0.3008 3.2484 7.0000 4.7440 0.0031 
30.9846 11.0000 2980.2901 0.2455 0.0750 -0.3018 3.2476 7.0000 4.6759 0.0034 
30.9831 11.0000 2980.0810 0.2440 0.0755 -0.2986 3.2524 7.0000 4.6582 0.0040 
30.9780 11.0000 2978.8361 0.2450 0.0740 -0.3016 3.2460 7.0000 4.6579 0.0030 
30.9675 11.0000 2973.9572 0.2445 0.0744 -0.3009 3.2467 7.0000 4.7888 0.0030 
30.9933 11.0000 2983.3647 0.2440 0.0755 -0.2988 3.2500 7.0000 5.5792 0.0030 
30.9735 11.0000 2976.2182 0.2432 0.0732 -0.3037 3.2481 8.0000 5.5904 0.0030 
30.9904 11.0000 2982.4437 0.2461 0.0748 -0.3048 3.2476 7.0000 4.7080 0.0035 
30.9897 11.0000 2981.6195 0.2474 0.0753 -0.3045 3.2442 7.0000 4.7494 0.0032 
30.9708 11.0000 2975.0194 0.2440 0.0749 -0.3025 3.2466 7.0000 3.3443 0.0031 
30.9911 11.0000 2983.0886 0.2435 0.0754 -0.2957 3.2466 7.0000 4.6181 0.0032 
30.9826 11.0000 2978.8713 0.2444 0.0746 -0.3035 3.2465 7.0000 4.7920 0.0028 
30.9617 11.0000 2970.6189 0.2455 0.0758 -0.3032 3.2497 7.0000 4.7500 0.0035 
30.9947 11.0000 2986.0764 0.2455 0.0756 -0.2996 3.2509 7.0000 4.7940 0.0033 
30.9944 11.0000 2984.7235 0.2469 0.0752 -0.3055 3.2442 7.0000 4.7088 0.0036 
30.9891 11.0000 2983.3978 0.2453 0.0745 -0.3045 3.2475 7.0000 4.7483 0.0037 
30.9933 11.0000 2984.0396 0.2433 0.0757 -0.2973 3.2506 7.0000 3.3401 0.0039 
30.9837 11.0000 2981.6747 0.2477 0.0749 -0.3054 3.2427 6.0000 5.5277 0.0032 
30.9769 11.0000 2977.1354 0.2494 0.0766 -0.3067 3.2499 7.0000 5.6732 0.0039 
30.9869 11.0000 2980.8097 0.2474 0.0750 -0.3043 3.2460 7.0000 4.7078 0.0033 
30.9886 11.0000 2981.8744 0.2472 0.0745 -0.3054 3.2423 7.0000 4.7529 0.0033 
30.9989 11.0000 2985.5861 0.2442 0.0751 -0.3007 3.2448 7.0000 4.6588 0.0042 
30.9782 11.0000 2976.5285 0.2435 0.0758 -0.2980 3.2492 8.0000 4.6748 0.0042 
30.9847 11.0000 2979.5027 0.2479 0.0765 -0.3032 3.2480 7.0000 4.6466 0.0042 
30.9759 11.0000 2976.4486 0.2465 0.0754 -0.3026 3.2505 7.0000 3.3402 0.0042 
30.9729 11.0000 2975.4085 0.2474 0.0754 -0.3043 3.2486 7.0000 4.7923 0.0042 
30.9673 11.0000 2972.9889 0.2467 0.0747 -0.3046 3.2485 7.0000 4.7058 0.0042 
30.9751 11.0000 2976.9114 0.2435 0.0744 -0.3005 3.2494 8.0000 4.5109 0.0042 
30.9884 11.0000 2982.7026 0.2458 0.0756 -0.3011 3.2432 7.0000 4.7043 0.0042 
30.9840 11.0000 2979.5810 0.2484 0.0758 -0.3030 3.2473 7.0000 4.7045 0.0042 
30.9833 11.0000 2980.2816 0.2474 0.0752 -0.3041 3.2483 7.0000 4.7435 0.0042 
30.9577 11.0000 2971.3874 0.2459 0.0755 -0.3014 3.2503 7.0000 4.7496 0.0042 
