30.9815 11.0000 2977.7279 0.2049 0.0598 -0.2909 3.2311 7.0000 32.4812 0.0033 
30.9916 11.0000 2982.4034 0.2053 0.0607 -0.2879 3.2308 7.0000 32.4356 0.0028 
31.0004 11.0000 2984.1429 0.2066 0.0604 -0.2901 3.2307 8.0000 32.4807 0.0028 
30.9871 11.0000 2980.7066 0.2073 0.0608 -0.2882 3.2306 6.0000 32.4381 0.0028 
30.9800 11.0000 2976.6204 0.2086 0.0615 -0.2925 3.2308 7.0000 28.9651 0.0028 
30.9849 11.0000 2977.5610 0.2071 0.0612 -0.2882 3.2328 7.0000 30.1071 0.0032 
30.9960 11.0000 2984.8007 0.2089 0.0610 -0.2907 3.2329 6.0000 31.4307 0.0034 
30.9831 11.0000 2978.8150 0.2094 0.0616 -0.2924 3.2344 7.0000 32.3557 0.0028 
30.9864 11.0000 2979.5303 0.2076 0.0605 -0.2896 3.2277 7.0000 29.5800 0.0031 
30.9955 11.0000 2984.0185 0.2083 0.0609 -0.2908 3.2320 7.0000 30.9851 0.0028 
30.9809 11.0000 2976.4294 0.2079 0.0614 -0.2908 3.2332 8.0000 29.4472 0.0028 
30.9855 11.0000 2980.4544 0.2046 0.0603 -0.2885 3.2316 7.0000 4.7391 0.0038 
30.9996 11.0000 2985.7847 0.2052 0.0606 -0.2885 3.2298 7.0000 4.3936 0.0039 
30.9869 11.0000 2981.3297 0.2068 0.0602 -0.2902 3.2296 6.0000 4.3974 0.0027 
30.9916 11.0000 2981.6707 0.2065 0.0607 -0.2900 3.2302 7.0000 4.4723 0.0031 
31.0009 11.0000 2986.1865 0.2050 0.0599 -0.2897 3.2307 8.0000 3.4729 0.0034 
30.9849 11.0000 2979.9078 0.2037 0.0602 -0.2856 3.2320 7.0000 10.1167 0.0036 
30.9820 11.0000 2978.4241 0.2051 0.0604 -0.2890 3.2295 7.0000 11.4029 0.0029 
30.9873 11.0000 2979.6692 0.2061 0.0603 -0.2882 3.2313 7.0000 15.8587 0.0029 
30.9779 11.0000 2976.3751 0.2072 0.0605 -0.2904 3.2277 7.0000 14.5466 0.0033 
30.9809 11.0000 2978.1082 0.2041 0.0604 -0.2875 3.2370 7.0000 16.4713 0.0029 
30.9693 11.0000 2972.1970 0.2062 0.0604 -0.2885 3.2300 7.0000 13.2145 0.0036 
31.0029 11.0000 2986.1187 0.2062 0.0605 -0.2909 3.2288 7.0000 4.8830 0.0028 
30.9851 11.0000 2977.2941 0.2059 0.0600 -0.2895 3.2318 7.0000 5.3655 0.0034 
30.9966 11.0000 2984.8214 0.2046 0.0594 -0.2876 3.2293 7.0000 4.3888 0.0031 
30.9664 11.0000 2970.3172 0.2073 0.0608 -0.2903 3.2305 7.0000 4.6988 0.0029 
30.9751 11.0000 2975.3876 0.2061 0.0605 -0.2898 3.2281 7.0000 4.7421 0.0033 
30.9918 11.0000 2982.1173 0.2046 0.0596 -0.2884 3.2298 7.0000 3.4256 0.0030 
30.9909 11.0000 2981.8526 0.2051 0.0598 -0.2866 3.2312 7.0000 4.7911 0.0030 
30.9804 11.0000 2976.5971 0.2037 0.0601 -0.2874 3.2317 7.0000 4.8349 0.0029 
30.9980 11.0000 2985.2467 0.2054 0.0599 -0.2893 3.2287 7.0000 4.7062 0.0029 
30.9846 11.0000 2979.0853 0.2055 0.0599 -0.2883 3.2326 7.0000 6.0268 0.0032 
30.9893 11.0000 2980.9646 0.2060 0.0600 -0.2899 3.2263 7.0000 6.1172 0.0032 
30.9984 11.0000 2984.1543 0.2053 0.0608 -0.2877 3.2297 7.0000 3.5599 0.0027 
30.9802 11.0000 2976.1808 0.2078 0.0610 -0.2922 3.2308 7.0000 4.9719 0.0029 
30.9833 11.0000 2977.7042 0.2054 0.0602 -0.2897 3.2304 7.0000 4.9155 0.0030 
30.9927 11.0000 2983.0681 0.2074 0.0602 -0.2898 3.2284 7.0000 5.5847 0.0031 
31.0038 11.0000 2987.6681 0.2078 0.0606 -0.2909 3.2320 7.0000 4.0089 0.0033 
30.9955 11.0000 2981.1747 0.2045 0.0602 -0.2865 3.2296 7.0000 4.8311 0.0030 
30.9982 11.0000 2985.3402 0.2055 0.0605 -0.2877 3.2349 8.0000 4.8877 0.0026 
30.9895 11.0000 2982.6756 0.2057 0.0605 -0.2884 3.2317 8.0000 5.8436 0.0035 
30.9880 11.0000 2981.4083 0.2038 0.0599 -0.2870 3.2326 7.0000 5.9209 0.0035 
30.9835 11.0000 2978.3591 0.2029 0.0599 -0.2868 3.2317 7.0000 6.1489 0.0032 
31.0033 11.0000 2984.7997 0.2044 0.0600 -0.2875 3.2314 6.0000 6.3258 0.0032 
30.9846 11.0000 2979.6029 0.2037 0.0600 -0.2856 3.2339 7.0000 4.7908 0.0030 
30.9947 11.0000 2983.5133 0.2036 0.0602 -0.2858 3.2303 7.0000 3.3846 0.0032 
30.9902 11.0000 2979.9991 0.2067 0.0599 -0.2915 3.2286 7.0000 5.0148 0.0030 
30.9956 11.0000 2984.2273 0.2038 0.0604 -0.2853 3.2330 7.0000 5.1433 0.0033 
30.9893 11.0000 2981.6523 0.2058 0.0604 -0.2894 3.2320 7.0000 4.9282 0.0030 
31.0071 11.0000 2988.6905 0.2052 0.0605 -0.2878 3.2305 7.0000 4.8284 0.0030 
30.9795 11.0000 2978.0614 0.2082 0.0611 -0.2913 3.2331 7.0000 5.0482 0.0027 
30.9893 11.0000 2981.4662 0.2041 0.0599 -0.2865 3.2283 8.0000 6.0561 0.0033 
30.9889 11.0000 2981.4597 0.2056 0.0602 -0.2882 3.2321 7.0000 6.1895 0.0033 
30.9916 11.0000 2981.4660 0.2055 0.0602 -0.2882 3.2315 7.0000 6.1986 0.0032 
30.9951 11.0000 2983.3631 0.2054 0.0595 -0.2886 3.2298 7.0000 6.2880 0.0032 
30.9882 11.0000 2978.8847 0.2071 0.0604 -0.2907 3.2317 7.0000 3.5380 0.0032 
30.9847 11.0000 2981.4891 0.2048 0.0599 -0.2875 3.2300 7.0000 3.5214 0.0030 
30.9929 11.0000 2982.0131 0.2057 0.0605 -0.2876 3.2295 7.0000 4.8432 0.0037 
30.9976 11.0000 2985.5514 0.2024 0.0602 -0.2846 3.2303 7.0000 6.8198 0.0028 
30.9922 11.0000 2981.3399 0.2047 0.0608 -0.2862 3.2292 7.0000 8.0045 0.0031 
31.0020 11.0000 2985.7930 0.2043 0.0601 -0.2868 3.2290 7.0000 4.9669 0.0031 
30.9829 11.0000 2978.5664 0.2060 0.0608 -0.2891 3.2332 7.0000 4.9266 0.0029 
30.9853 11.0000 2979.2458 0.2059 0.0599 -0.2910 3.2315 7.0000 5.9811 0.0031 
30.9862 11.0000 2980.9011 0.2054 0.0598 -0.2898 3.2312 7.0000 6.2463 0.0031 
30.9980 11.0000 2984.0078 0.2054 0.0599 -0.2894 3.2313 7.0000 6.2008 0.0027 
30.9926 11.0000 2982.4288 0.2036 0.0603 -0.2857 3.2302 7.0000 6.3367 0.0027 
30.9860 11.0000 2980.2476 0.2047 0.0596 -0.2882 3.2344 7.0000 3.5620 0.0029 
31.0011 11.0000 2986.2830 0.2053 0.0603 -0.2868 3.2309 7.0000 4.9178 0.0029 
30.9717 11.0000 2973.3633 0.2062 0.0603 -0.2900 3.2303 7.0000 4.6123 0.0033 
30.9902 11.0000 2981.8086 0.2067 0.0603 -0.2894 3.2252 7.0000 4.9652 0.0029 
30.9891 11.0000 2981.3887 0.2055 0.0595 -0.2893 3.2341 6.0000 5.9337 0.0027 
30.9969 11.0000 2984.0875 0.2038 0.0598 -0.2866 3.2296 7.0000 4.9578 0.0034 
30.9955 11.0000 2983.3867 0.2055 0.0603 -0.2892 3.2321 7.0000 5.0168 0.0028 
30.9911 11.0000 2981.1536 0.2066 0.0605 -0.2892 3.2324 7.0000 3.5180 0.0031 
30.9829 11.0000 2979.0904 0.2052 0.0606 -0.2883 3.2330 7.0000 5.8250 0.0034 
31.0018 11.0000 2986.3811 0.2048 0.0602 -0.2884 3.2295 7.0000 6.0414 0.0030 
30.9889 11.0000 2980.9227 0.2059 0.0605 -0.2900 3.2312 7.0000 7.3917 0.0032 
30.9964 11.0000 2984.4149 0.2069 0.0604 -0.2915 3.2310 7.0000 7.2599 0.0028 
30.9842 11.0000 2977.5278 0.2063 0.0600 -0.2904 3.2280 7.0000 4.8833 0.0031 
30.9966 11.0000 2984.4546 0.2078 0.0604 -0.2916 3.2308 7.0000 4.4844 0.0031 
31.0016 11.0000 2986.4225 0.2059 0.0613 -0.2866 3.2319 7.0000 5.0899 0.0031 
30.9820 11.0000 2978.0278 0.2042 0.0591 -0.2873 3.2313 7.0000 5.0107 0.0031 
30.9991 11.0000 2984.8295 0.2054 0.0605 -0.2876 3.2346 8.0000 5.0974 0.0030 
30.9900 11.0000 2981.2288 0.2066 0.0600 -0.2903 3.2302 7.0000 3.5626 0.0030 
30.9940 11.0000 2982.1763 0.2054 0.0599 -0.2883 3.2291 6.0000 4.9705 0.0028 
30.9820 11.0000 2977.2467 0.2058 0.0598 -0.2904 3.2327 7.0000 3.6798 0.0028 
30.9884 11.0000 2981.0456 0.2052 0.0594 -0.2890 3.2283 7.0000 4.9120 0.0030 
30.9991 11.0000 2985.9341 0.2059 0.0607 -0.2885 3.2310 7.0000 5.0556 0.0035 
30.9909 11.0000 2981.8440 0.2051 0.0602 -0.2888 3.2355 8.0000 5.0995 0.0028 
30.9898 11.0000 2981.6451 0.2052 0.0600 -0.2892 3.2327 7.0000 3.5638 0.0023 
30.9895 11.0000 2980.4731 0.2046 0.0601 -0.2878 3.2304 7.0000 5.1425 0.0023 
30.9920 11.0000 2982.2549 0.2040 0.0602 -0.2870 3.2327 7.0000 5.1302 0.0023 
30.9924 11.0000 2981.2013 0.2054 0.0605 -0.2875 3.2320 7.0000 4.9694 0.0023 
30.9944 11.0000 2982.7257 0.2042 0.0599 -0.2877 3.2285 7.0000 4.9294 0.0023 
30.9987 11.0000 2985.2852 0.2051 0.0599 -0.2881 3.2319 7.0000 4.7881 0.0023 
30.9779 11.0000 2975.3533 0.2068 0.0596 -0.2922 3.2275 7.0000 5.1454 0.0023 
31.0013 11.0000 2986.7422 0.2066 0.0597 -0.2899 3.2316 6.0000 5.0140 0.0023 
30.9742 11.0000 2974.2170 0.2047 0.0598 -0.2884 3.2289 7.0000 10.8806 0.0023 
30.9936 11.0000 2982.4201 0.2074 0.0606 -0.2896 3.2297 7.0000 10.3551 0.0023 
31.0154 11.0000 2991.5423 0.2047 0.0601 -0.2873 3.2291 7.0000 5.0617 0.0023 
