30.9694 1.0000 2979.1681 0.3539 0.1298 -0.2909 3.2732 7.0000 18.4768 0.0041 
30.9400 1.0000 2964.1530 0.3506 0.1285 -0.2962 3.2676 7.0000 18.4730 0.0042 
30.9410 1.0000 2961.9589 0.3537 0.1307 -0.2919 3.2611 7.0000 19.2210 0.0042 
30.9171 1.0000 2953.1203 0.3528 0.1299 -0.2934 3.2751 6.0000 19.3127 0.0042 
30.9163 1.0000 2953.5525 0.3510 0.1295 -0.2941 3.2746 7.0000 18.4752 0.0042 
30.9373 1.0000 2964.0296 0.3508 0.1301 -0.2895 3.2712 7.0000 19.8342 0.0047 
30.9475 1.0000 2964.5790 0.3513 0.1290 -0.2965 3.2724 7.0000 17.9889 0.0040 
30.9397 1.0000 2964.6620 0.3487 0.1271 -0.2952 3.2643 7.0000 20.0116 0.0042 
30.9571 1.0000 2971.5942 0.3557 0.1301 -0.2972 3.2645 7.0000 19.5286 0.0042 
30.9189 1.0000 2957.8374 0.3441 0.1271 -0.2885 3.2714 7.0000 18.5608 0.0042 
30.9369 1.0000 2965.0116 0.3569 0.1310 -0.2962 3.2751 7.0000 18.4797 0.0042 
30.9585 1.0000 2972.7253 0.3498 0.1261 -0.2994 3.2598 7.0000 2.1986 0.0048 
30.9622 1.0000 2972.6309 0.3541 0.1306 -0.2920 3.2686 7.0000 3.1249 0.0040 
30.9559 1.0000 2971.2780 0.3527 0.1320 -0.2895 3.2734 6.0000 3.0765 0.0050 
30.9483 1.0000 2969.2782 0.3468 0.1277 -0.2908 3.2679 7.0000 6.5111 0.0037 
30.9406 1.0000 2966.4109 0.3530 0.1293 -0.2964 3.2696 7.0000 14.6546 0.0035 
30.9254 1.0000 2956.9969 0.3494 0.1297 -0.2892 3.2766 8.0000 10.8380 0.0037 
30.9355 1.0000 2961.8807 0.3524 0.1288 -0.2961 3.2753 7.0000 11.7832 0.0037 
30.9630 1.0000 2972.4432 0.3547 0.1260 -0.3005 3.2679 7.0000 10.3944 0.0049 
30.9369 1.0000 2962.0439 0.3511 0.1298 -0.2932 3.2716 6.0000 13.3867 0.0044 
30.9679 1.0000 2975.9250 0.3538 0.1295 -0.2964 3.2735 7.0000 11.0288 0.0044 
30.9528 1.0000 2971.9853 0.3543 0.1298 -0.2968 3.2721 7.0000 11.0033 0.0044 
30.9500 1.0000 2969.6661 0.3496 0.1283 -0.2925 3.2731 7.0000 3.3458 0.0039 
30.9630 1.0000 2973.9230 0.3491 0.1276 -0.2919 3.2673 7.0000 3.2997 0.0041 
30.9718 1.0000 2975.9408 0.3509 0.1279 -0.2966 3.2719 8.0000 3.2457 0.0050 
30.9322 1.0000 2960.0780 0.3520 0.1270 -0.2979 3.2694 7.0000 2.2005 0.0050 
30.9775 1.0000 2978.7269 0.3514 0.1291 -0.2917 3.2785 7.0000 3.2128 0.0041 
30.9346 1.0000 2962.6215 0.3475 0.1270 -0.2937 3.2725 7.0000 3.2092 0.0037 
30.9710 1.0000 2976.8074 0.3531 0.1297 -0.2946 3.2731 7.0000 3.2801 0.0050 
30.9493 1.0000 2969.8772 0.3528 0.1257 -0.3020 3.2666 7.0000 3.4727 0.0050 
30.9342 1.0000 2961.9334 0.3515 0.1260 -0.2991 3.2613 7.0000 3.3849 0.0042 
30.9122 1.0000 2954.7908 0.3488 0.1289 -0.2893 3.2668 8.0000 3.8403 0.0034 
30.9645 1.0000 2973.9289 0.3555 0.1315 -0.2924 3.2727 7.0000 4.0907 0.0034 
30.9312 1.0000 2961.3785 0.3494 0.1267 -0.2965 3.2752 7.0000 3.3433 0.0045 
30.9598 1.0000 2973.8587 0.3554 0.1298 -0.2986 3.2677 7.0000 3.3897 0.0056 
30.9326 1.0000 2959.8084 0.3539 0.1311 -0.2943 3.2668 8.0000 3.3700 0.0043 
30.9571 1.0000 2969.6667 0.3557 0.1295 -0.2999 3.2666 7.0000 3.2456 0.0039 
30.9600 1.0000 2971.3830 0.3484 0.1268 -0.2907 3.2720 8.0000 2.2459 0.0040 
30.9730 1.0000 2977.9945 0.3530 0.1279 -0.2957 3.2685 7.0000 3.3005 0.0034 
30.9328 1.0000 2963.1691 0.3501 0.1284 -0.2936 3.2739 8.0000 3.2578 0.0041 
30.9700 1.0000 2979.0425 0.3497 0.1281 -0.2904 3.2715 7.0000 3.9162 0.0042 
30.9818 1.0000 2982.6693 0.3519 0.1291 -0.2892 3.2646 7.0000 4.0043 0.0045 
30.9614 1.0000 2974.9969 0.3520 0.1273 -0.2949 3.2686 8.0000 4.0004 0.0042 
30.9673 1.0000 2975.7831 0.3557 0.1305 -0.2978 3.2771 7.0000 4.0884 0.0042 
30.9477 1.0000 2967.9510 0.3526 0.1286 -0.2986 3.2704 7.0000 2.2427 0.0035 
30.9128 1.0000 2956.1530 0.3510 0.1285 -0.2947 3.2718 7.0000 3.3845 0.0050 
30.9532 1.0000 2971.0868 0.3520 0.1298 -0.2914 3.2686 8.0000 3.3313 0.0046 
30.9822 1.0000 2981.3934 0.3509 0.1293 -0.2902 3.2726 7.0000 3.2111 0.0043 
30.9620 1.0000 2973.7363 0.3515 0.1271 -0.2969 3.2681 6.0000 3.2970 0.0042 
30.9606 1.0000 2973.8246 0.3508 0.1267 -0.3000 3.2708 7.0000 3.2879 0.0037 
30.9571 1.0000 2970.5096 0.3529 0.1290 -0.2974 3.2689 7.0000 3.2965 0.0042 
30.9463 1.0000 2964.6430 0.3554 0.1288 -0.3018 3.2744 7.0000 2.3763 0.0042 
30.9579 1.0000 2971.1904 0.3518 0.1272 -0.2974 3.2719 7.0000 3.3422 0.0044 
30.9773 1.0000 2979.1893 0.3549 0.1300 -0.2952 3.2737 7.0000 3.7376 0.0040 
30.9781 1.0000 2978.5545 0.3519 0.1265 -0.2971 3.2655 7.0000 3.2334 0.0040 
30.9310 1.0000 2960.8991 0.3525 0.1293 -0.2958 3.2666 7.0000 3.2984 0.0035 
30.9457 1.0000 2967.1542 0.3544 0.1304 -0.2956 3.2679 7.0000 3.4323 0.0048 
30.9565 1.0000 2970.1015 0.3530 0.1267 -0.2970 3.2677 7.0000 2.3715 0.0043 
30.9524 1.0000 2969.9469 0.3495 0.1286 -0.2899 3.2764 8.0000 3.4297 0.0041 
30.9734 1.0000 2976.0266 0.3516 0.1293 -0.2922 3.2725 7.0000 3.3850 0.0038 
30.9569 1.0000 2971.7958 0.3497 0.1278 -0.2907 3.2681 7.0000 3.3917 0.0046 
30.9483 1.0000 2968.0672 0.3505 0.1278 -0.2948 3.2739 7.0000 3.3857 0.0049 
30.9514 1.0000 2968.7772 0.3509 0.1309 -0.2924 3.2778 7.0000 3.3878 0.0046 
30.9618 1.0000 2973.6691 0.3519 0.1271 -0.3003 3.2668 7.0000 3.1696 0.0051 
30.9694 1.0000 2974.7539 0.3493 0.1286 -0.2908 3.2713 7.0000 3.8249 0.0041 
30.9530 1.0000 2969.6548 0.3539 0.1274 -0.3025 3.2783 7.0000 3.9571 0.0041 
30.9767 1.0000 2980.5157 0.3532 0.1294 -0.2915 3.2717 7.0000 3.3836 0.0036 
30.9367 1.0000 2962.3685 0.3513 0.1280 -0.2956 3.2753 7.0000 3.3432 0.0055 
30.9604 1.0000 2973.9559 0.3499 0.1299 -0.2905 3.2744 7.0000 3.3874 0.0040 
30.9702 1.0000 2975.0737 0.3553 0.1292 -0.2954 3.2643 7.0000 3.3890 0.0048 
30.9428 1.0000 2963.9459 0.3489 0.1263 -0.2964 3.2686 8.0000 3.4292 0.0041 
30.9357 1.0000 2963.8554 0.3524 0.1274 -0.2968 3.2684 7.0000 3.4336 0.0048 
30.9436 1.0000 2966.6881 0.3527 0.1277 -0.2946 3.2725 7.0000 3.4746 0.0042 
30.9287 1.0000 2961.4585 0.3479 0.1275 -0.2864 3.2699 7.0000 3.3899 0.0040 
30.9753 1.0000 2976.7790 0.3514 0.1290 -0.2927 3.2730 7.0000 3.5206 0.0042 
30.9587 1.0000 2971.9592 0.3493 0.1261 -0.2932 3.2668 7.0000 2.3311 0.0042 
30.9592 1.0000 2971.3331 0.3492 0.1264 -0.2933 3.2756 7.0000 3.4306 0.0043 
30.9167 1.0000 2954.0127 0.3518 0.1296 -0.2920 3.2758 8.0000 3.3445 0.0041 
30.9622 1.0000 2972.1454 0.3484 0.1265 -0.2964 3.2682 7.0000 3.3014 0.0048 
30.9381 1.0000 2964.6808 0.3498 0.1289 -0.2901 3.2745 8.0000 3.4744 0.0041 
30.9608 1.0000 2974.6902 0.3527 0.1282 -0.2937 3.2690 8.0000 3.4714 0.0041 
30.9514 1.0000 2968.0560 0.3495 0.1273 -0.2956 3.2719 7.0000 3.2067 0.0044 
30.9395 1.0000 2966.8942 0.3484 0.1280 -0.2903 3.2685 7.0000 4.2227 0.0048 
30.9563 1.0000 2970.9142 0.3514 0.1283 -0.2939 3.2674 7.0000 3.4744 0.0041 
30.9641 1.0000 2974.4324 0.3518 0.1268 -0.2974 3.2647 7.0000 5.0695 0.0045 
30.9583 1.0000 2971.7292 0.3534 0.1322 -0.2919 3.2678 7.0000 7.2284 0.0045 
30.9573 1.0000 2973.2569 0.3501 0.1280 -0.2918 3.2674 7.0000 6.9380 0.0043 
30.9547 1.0000 2973.8331 0.3484 0.1275 -0.2926 3.2708 7.0000 4.1743 0.0045 
30.9375 1.0000 2964.3237 0.3518 0.1288 -0.2953 3.2659 7.0000 3.3433 0.0044 
30.9506 1.0000 2968.6232 0.3545 0.1319 -0.2920 3.2777 7.0000 3.3866 0.0040 
30.9587 1.0000 2971.3111 0.3492 0.1280 -0.2919 3.2683 8.0000 2.3767 0.0040 
30.9612 1.0000 2974.7823 0.3499 0.1285 -0.2929 3.2704 7.0000 3.5194 0.0040 
30.9377 1.0000 2967.0184 0.3490 0.1277 -0.2913 3.2627 7.0000 3.4750 0.0040 
30.9598 1.0000 2972.1197 0.3522 0.1286 -0.2915 3.2762 8.0000 3.3443 0.0040 
30.9522 1.0000 2969.3482 0.3518 0.1270 -0.2992 3.2729 7.0000 3.5152 0.0040 
30.9479 1.0000 2967.8538 0.3560 0.1299 -0.2998 3.2720 7.0000 3.3865 0.0040 
30.9496 1.0000 2970.5182 0.3518 0.1281 -0.2971 3.2664 7.0000 4.5759 0.0040 
30.9610 1.0000 2973.4737 0.3496 0.1277 -0.2936 3.2722 7.0000 5.2091 0.0040 
30.9451 1.0000 2967.8529 0.3523 0.1283 -0.2933 3.2698 7.0000 4.5928 0.0040 
30.9620 1.0000 2973.3533 0.3521 0.1280 -0.2983 3.2662 7.0000 3.7369 0.0040 
