30.9671 1.0000 2971.9001 0.3394 0.1228 -0.2967 3.2640 7.0000 18.6456 0.0046 
30.9493 1.0000 2967.8004 0.3406 0.1222 -0.2977 3.2621 7.0000 18.2794 0.0042 
30.9730 1.0000 2977.7447 0.3388 0.1197 -0.2992 3.2658 7.0000 18.3696 0.0046 
30.9610 1.0000 2973.9538 0.3452 0.1242 -0.3013 3.2643 7.0000 19.4195 0.0040 
30.9534 1.0000 2972.5948 0.3390 0.1219 -0.2981 3.2648 7.0000 19.9902 0.0046 
30.9449 1.0000 2965.0061 0.3383 0.1204 -0.2983 3.2639 7.0000 19.7280 0.0036 
30.9618 1.0000 2972.7439 0.3374 0.1207 -0.2985 3.2659 7.0000 20.0355 0.0047 
30.9453 1.0000 2969.5911 0.3375 0.1239 -0.2878 3.2671 7.0000 20.0336 0.0046 
30.9418 1.0000 2964.7561 0.3384 0.1207 -0.2966 3.2596 7.0000 18.7610 0.0046 
30.9285 1.0000 2960.0715 0.3407 0.1231 -0.2966 3.2669 7.0000 19.8642 0.0046 
30.9522 1.0000 2969.9310 0.3391 0.1234 -0.2929 3.2638 7.0000 18.0138 0.0046 
30.9561 1.0000 2969.4440 0.3414 0.1230 -0.2993 3.2668 7.0000 2.1988 0.0040 
30.9430 1.0000 2966.1115 0.3429 0.1236 -0.2980 3.2661 7.0000 3.2954 0.0042 
30.9739 1.0000 2977.9542 0.3381 0.1221 -0.2946 3.2603 7.0000 3.1666 0.0043 
30.9426 1.0000 2966.5145 0.3379 0.1229 -0.2954 3.2669 7.0000 2.9919 0.0052 
30.9436 1.0000 2965.4918 0.3387 0.1225 -0.2944 3.2699 7.0000 3.0734 0.0043 
30.9628 1.0000 2975.1989 0.3409 0.1247 -0.2908 3.2604 7.0000 5.7032 0.0053 
30.9953 1.0000 2986.0043 0.3423 0.1241 -0.2972 3.2651 7.0000 9.4537 0.0053 
30.9755 1.0000 2978.4128 0.3421 0.1231 -0.2963 3.2660 7.0000 9.8467 0.0053 
30.9624 1.0000 2972.8623 0.3390 0.1210 -0.2982 3.2651 7.0000 10.6342 0.0053 
30.9263 1.0000 2958.6710 0.3381 0.1193 -0.3003 3.2646 7.0000 11.5885 0.0051 
30.9361 1.0000 2965.5390 0.3415 0.1233 -0.2989 3.2685 7.0000 10.5263 0.0044 
30.9624 1.0000 2972.0298 0.3398 0.1211 -0.3003 3.2552 7.0000 2.2443 0.0046 
30.9573 1.0000 2973.1799 0.3428 0.1233 -0.2963 3.2701 7.0000 3.3816 0.0044 
30.9532 1.0000 2969.1940 0.3399 0.1241 -0.2951 3.2648 7.0000 3.2573 0.0044 
30.9252 1.0000 2958.4277 0.3397 0.1223 -0.2996 3.2652 7.0000 2.3675 0.0044 
30.9279 1.0000 2961.1046 0.3403 0.1247 -0.2926 3.2601 7.0000 3.1650 0.0049 
30.9512 1.0000 2971.4575 0.3354 0.1197 -0.2965 3.2637 7.0000 3.2984 0.0045 
30.9224 1.0000 2958.3021 0.3450 0.1216 -0.3059 3.2665 7.0000 3.3883 0.0048 
30.9242 1.0000 2958.5482 0.3435 0.1234 -0.3007 3.2681 7.0000 3.3384 0.0047 
30.9389 1.0000 2963.3213 0.3395 0.1229 -0.2968 3.2661 7.0000 6.5514 0.0047 
30.9485 1.0000 2966.6509 0.3438 0.1235 -0.3007 3.2688 7.0000 5.7790 0.0047 
30.9500 1.0000 2970.5037 0.3391 0.1204 -0.2993 3.2639 7.0000 5.6259 0.0047 
30.9430 1.0000 2966.0913 0.3413 0.1224 -0.2976 3.2612 7.0000 3.4295 0.0042 
30.9514 1.0000 2967.5964 0.3436 0.1220 -0.3034 3.2576 7.0000 2.2870 0.0049 
30.9424 1.0000 2966.1136 0.3413 0.1259 -0.2913 3.2640 7.0000 5.6105 0.0043 
30.9359 1.0000 2960.9191 0.3432 0.1233 -0.2987 3.2695 7.0000 5.7185 0.0047 
30.9469 1.0000 2965.0368 0.3401 0.1229 -0.2959 3.2623 7.0000 3.3390 0.0046 
30.9377 1.0000 2964.1787 0.3393 0.1219 -0.2955 3.2604 7.0000 2.2878 0.0039 
30.9408 1.0000 2964.7608 0.3422 0.1223 -0.2998 3.2681 7.0000 3.3835 0.0048 
30.9522 1.0000 2969.1916 0.3418 0.1225 -0.2999 3.2669 7.0000 6.2158 0.0043 
30.9463 1.0000 2965.5774 0.3423 0.1216 -0.3017 3.2627 7.0000 5.4627 0.0043 
30.9165 1.0000 2953.1646 0.3410 0.1231 -0.2950 3.2660 8.0000 4.9702 0.0046 
30.9553 1.0000 2973.8217 0.3348 0.1200 -0.2966 3.2611 7.0000 4.5296 0.0046 
30.9342 1.0000 2961.0323 0.3382 0.1214 -0.2936 3.2631 7.0000 3.3376 0.0038 
30.9663 1.0000 2977.7884 0.3442 0.1256 -0.2947 3.2682 7.0000 2.2872 0.0044 
30.9540 1.0000 2971.7586 0.3425 0.1249 -0.2940 3.2678 7.0000 3.4333 0.0047 
30.9451 1.0000 2968.2228 0.3408 0.1247 -0.2935 3.2618 7.0000 3.3846 0.0047 
30.9426 1.0000 2964.4759 0.3428 0.1209 -0.3032 3.2603 8.0000 2.8001 0.0044 
30.9385 1.0000 2964.8578 0.3387 0.1228 -0.2932 3.2651 7.0000 3.4307 0.0049 
30.9526 1.0000 2967.6317 0.3413 0.1236 -0.2968 3.2679 8.0000 3.2995 0.0046 
30.9416 1.0000 2965.8956 0.3423 0.1243 -0.2928 3.2738 7.0000 4.6620 0.0046 
30.9438 1.0000 2967.0462 0.3431 0.1231 -0.3000 3.2592 7.0000 4.5155 0.0044 
30.9645 1.0000 2974.9931 0.3405 0.1214 -0.2995 3.2567 7.0000 3.9737 0.0053 
30.9683 1.0000 2978.3595 0.3418 0.1222 -0.2978 3.2670 7.0000 4.0912 0.0053 
30.9502 1.0000 2967.9297 0.3405 0.1222 -0.2967 3.2617 7.0000 3.3863 0.0052 
30.9514 1.0000 2968.7379 0.3394 0.1216 -0.2982 3.2602 6.0000 2.4549 0.0038 
30.9416 1.0000 2962.8056 0.3411 0.1205 -0.3007 3.2659 7.0000 3.3857 0.0046 
30.9540 1.0000 2969.9810 0.3423 0.1225 -0.3018 3.2608 7.0000 3.5978 0.0044 
30.9363 1.0000 2964.5940 0.3387 0.1219 -0.2958 3.2659 7.0000 3.4771 0.0046 
30.9449 1.0000 2965.6636 0.3406 0.1235 -0.2973 3.2656 7.0000 3.4549 0.0044 
30.9518 1.0000 2970.2210 0.3370 0.1214 -0.2918 3.2618 7.0000 4.2649 0.0046 
30.9665 1.0000 2974.9350 0.3411 0.1228 -0.2950 3.2681 7.0000 5.0125 0.0042 
30.9226 1.0000 2959.9692 0.3403 0.1236 -0.2956 3.2670 7.0000 3.8706 0.0046 
30.9520 1.0000 2970.6902 0.3472 0.1226 -0.3067 3.2619 7.0000 3.9951 0.0040 
30.9696 1.0000 2974.6826 0.3390 0.1225 -0.2941 3.2650 7.0000 4.1301 0.0040 
30.9271 1.0000 2959.3246 0.3373 0.1217 -0.2949 3.2664 7.0000 2.5041 0.0047 
30.9498 1.0000 2968.2647 0.3429 0.1233 -0.3012 3.2606 8.0000 3.4278 0.0053 
30.9444 1.0000 2962.8184 0.3437 0.1220 -0.3048 3.2620 8.0000 2.4603 0.0044 
30.9673 1.0000 2977.9900 0.3407 0.1211 -0.3013 3.2614 7.0000 4.8318 0.0048 
30.9496 1.0000 2968.9060 0.3363 0.1222 -0.2921 3.2610 7.0000 4.7911 0.0045 
30.9438 1.0000 2964.9052 0.3375 0.1209 -0.3007 3.2641 7.0000 3.4756 0.0036 
30.9402 1.0000 2964.7502 0.3391 0.1216 -0.2958 3.2566 7.0000 3.4191 0.0039 
30.9430 1.0000 2965.4289 0.3391 0.1230 -0.2940 3.2649 7.0000 2.2870 0.0052 
30.9579 1.0000 2973.1411 0.3406 0.1213 -0.2986 3.2635 7.0000 3.4286 0.0049 
30.9630 1.0000 2975.0108 0.3380 0.1197 -0.2981 3.2568 7.0000 3.2059 0.0042 
30.9314 1.0000 2961.0517 0.3423 0.1238 -0.2984 3.2653 7.0000 3.6884 0.0054 
30.9230 1.0000 2959.4534 0.3430 0.1223 -0.3036 3.2608 7.0000 3.6795 0.0052 
30.9498 1.0000 2968.3850 0.3445 0.1234 -0.2988 3.2619 7.0000 3.4260 0.0045 
30.9463 1.0000 2966.8942 0.3395 0.1221 -0.2959 3.2684 7.0000 2.4176 0.0040 
30.9389 1.0000 2965.1252 0.3379 0.1234 -0.2930 3.2694 7.0000 3.3857 0.0045 
30.9741 1.0000 2979.3462 0.3424 0.1229 -0.2993 3.2655 7.0000 3.5181 0.0050 
30.9661 1.0000 2974.0451 0.3377 0.1224 -0.2917 3.2609 7.0000 3.5217 0.0043 
30.9265 1.0000 2959.5268 0.3394 0.1202 -0.2993 3.2678 7.0000 3.4295 0.0049 
30.9714 1.0000 2977.4085 0.3431 0.1238 -0.2970 3.2622 7.0000 5.7938 0.0041 
30.9340 1.0000 2961.3311 0.3412 0.1231 -0.2989 3.2688 7.0000 5.9262 0.0048 
30.9577 1.0000 2971.8742 0.3424 0.1229 -0.2971 3.2671 7.0000 3.8257 0.0048 
30.9210 1.0000 2957.1089 0.3440 0.1242 -0.3010 3.2629 7.0000 3.5625 0.0051 
30.9473 1.0000 2968.2214 0.3419 0.1229 -0.2982 3.2692 7.0000 3.5613 0.0045 
30.9622 1.0000 2973.7960 0.3396 0.1226 -0.2957 3.2587 7.0000 3.4729 0.0051 
30.9459 1.0000 2965.1573 0.3424 0.1222 -0.2995 3.2663 7.0000 3.5089 0.0045 
30.9357 1.0000 2963.3119 0.3406 0.1209 -0.2984 3.2569 7.0000 2.4203 0.0045 
30.9322 1.0000 2961.9549 0.3384 0.1215 -0.2936 3.2654 8.0000 2.4204 0.0045 
30.9526 1.0000 2971.3787 0.3400 0.1219 -0.2979 3.2643 7.0000 3.5625 0.0045 
30.9592 1.0000 2970.0331 0.3407 0.1227 -0.2932 3.2671 7.0000 3.5194 0.0045 
30.9383 1.0000 2964.4126 0.3435 0.1243 -0.3002 3.2675 7.0000 3.4198 0.0045 
30.9387 1.0000 2962.4935 0.3403 0.1216 -0.2986 3.2657 7.0000 3.4750 0.0045 
30.9281 1.0000 2960.2471 0.3397 0.1221 -0.2954 3.2609 7.0000 3.6928 0.0045 
30.9379 1.0000 2966.6934 0.3431 0.1228 -0.3003 3.2671 7.0000 3.0681 0.0045 
30.9459 1.0000 2963.7100 0.3408 0.1229 -0.2990 3.2670 7.0000 3.5575 0.0045 
