30.4902 11.0000 2781.7004 0.3977 0.1780 -0.3052 2.9911 5.0000 3.1700 0.0175 
30.5403 11.0000 2800.6138 0.3963 0.1785 -0.2910 2.9955 5.0000 3.1262 0.0150 
30.5931 11.0000 2796.4651 0.3919 0.1781 -0.2923 2.9911 5.0000 3.1719 0.0150 
30.6481 11.0000 2856.2691 0.3864 0.1753 -0.2705 2.9824 5.0000 2.7586 0.0187 
30.5991 11.0000 2827.6166 0.3879 0.1775 -0.2788 2.9897 6.0000 2.7129 0.0187 
30.5779 11.0000 2823.9003 0.3848 0.1761 -0.2806 2.9906 6.0000 3.0427 0.0175 
30.5403 11.0000 2801.5223 0.3844 0.1790 -0.2727 2.9957 5.0000 2.8450 0.0187 
30.7195 11.0000 2876.5403 0.3895 0.1796 -0.2749 2.9999 6.0000 3.1764 0.0165 
30.6596 11.0000 2837.7767 0.3887 0.1793 -0.2790 3.0009 5.0000 3.2097 0.0139 
30.4499 11.0000 2775.8284 0.3901 0.1786 -0.2795 2.9967 5.0000 3.1740 0.0150 
30.4837 11.0000 2769.1465 0.3915 0.1774 -0.2948 2.9996 5.0000 2.8848 0.0187 
30.5833 11.0000 2803.0408 0.3895 0.1785 -0.2839 2.9995 5.0000 0.5293 0.0171 
30.6275 11.0000 2835.1928 0.3897 0.1783 -0.2771 2.9903 6.0000 0.3526 0.0161 
30.6275 11.0000 2839.0349 0.3851 0.1749 -0.2832 2.9903 6.0000 0.4821 0.0161 
30.5910 11.0000 2819.2919 0.3960 0.1817 -0.2838 2.9991 5.0000 0.4859 0.0180 
30.5158 11.0000 2776.2985 0.3845 0.1780 -0.2796 3.0044 6.0000 0.4863 0.0189 
30.5512 11.0000 2798.1993 0.3879 0.1789 -0.2803 2.9958 6.0000 0.4464 0.0189 
30.6182 11.0000 2838.0332 0.3856 0.1745 -0.2838 2.9924 5.0000 1.9642 0.0169 
30.5251 11.0000 2779.0534 0.3912 0.1779 -0.2914 3.0022 5.0000 1.9668 0.0198 
30.6688 11.0000 2859.2794 0.3884 0.1755 -0.2791 2.9937 6.0000 1.8395 0.0198 
30.5599 11.0000 2786.8480 0.3937 0.1802 -0.2938 2.9983 5.0000 1.7994 0.0171 
30.5937 11.0000 2827.4940 0.3891 0.1768 -0.2834 2.9944 5.0000 1.4457 0.0171 
30.5398 11.0000 2784.1716 0.3840 0.1770 -0.2782 3.0018 6.0000 0.5273 0.0132 
30.5632 11.0000 2814.0980 0.3870 0.1793 -0.2798 2.9981 6.0000 0.6618 0.0186 
30.4924 11.0000 2776.3562 0.3880 0.1777 -0.2887 3.0006 6.0000 0.5690 0.0173 
30.5376 11.0000 2782.1171 0.3908 0.1793 -0.2851 3.0001 5.0000 0.6069 0.0173 
30.5109 11.0000 2774.5289 0.3917 0.1817 -0.2819 2.9999 5.0000 0.3934 0.0163 
30.4880 11.0000 2762.8154 0.3907 0.1801 -0.2955 2.9958 5.0000 0.6095 0.0196 
30.5692 11.0000 2804.5022 0.3927 0.1774 -0.2946 2.9894 5.0000 0.5714 0.0133 
30.4826 11.0000 2762.3115 0.3822 0.1739 -0.2841 3.0035 6.0000 0.5277 0.0132 
30.5637 11.0000 2806.6062 0.3803 0.1760 -0.2814 2.9903 6.0000 0.7022 0.0132 
30.5615 11.0000 2789.5174 0.3873 0.1753 -0.2876 2.9978 6.0000 0.6911 0.0132 
30.5185 11.0000 2797.1601 0.3840 0.1764 -0.2762 2.9852 5.0000 0.5604 0.0157 
30.6808 11.0000 2875.1672 0.3799 0.1714 -0.2722 2.9842 6.0000 0.3541 0.0193 
30.5893 11.0000 2839.4319 0.3775 0.1777 -0.2596 2.9860 5.0000 0.5302 0.0186 
30.5583 11.0000 2779.0114 0.3860 0.1790 -0.2867 2.9927 5.0000 0.5654 0.0205 
30.5550 11.0000 2801.9760 0.3887 0.1798 -0.2808 3.0013 5.0000 0.6119 0.0153 
30.6797 11.0000 2865.7473 0.3836 0.1736 -0.2799 2.9796 6.0000 0.6561 0.0205 
30.4891 11.0000 2771.0419 0.3837 0.1753 -0.2899 3.0014 5.0000 0.5265 0.0146 
30.6819 11.0000 2878.8143 0.3814 0.1761 -0.2667 2.9872 5.0000 0.4861 0.0162 
30.5196 11.0000 2802.0615 0.3854 0.1768 -0.2789 2.9980 5.0000 0.9655 0.0184 
30.6057 11.0000 2838.8715 0.3871 0.1757 -0.2822 2.9953 5.0000 1.0534 0.0184 
30.6786 11.0000 2864.3894 0.3876 0.1766 -0.2795 2.9904 5.0000 0.5613 0.0173 
30.4967 11.0000 2792.4281 0.3852 0.1754 -0.2825 2.9914 5.0000 0.5289 0.0145 
30.6182 11.0000 2813.0915 0.3992 0.1809 -0.2909 2.9989 5.0000 0.6513 0.0120 
30.5185 11.0000 2790.6307 0.3863 0.1766 -0.2814 2.9951 5.0000 0.3951 0.0148 
30.4624 11.0000 2750.8676 0.3880 0.1776 -0.2886 2.9986 6.0000 0.5711 0.0162 
30.5899 11.0000 2827.1160 0.3907 0.1763 -0.2889 2.9829 5.0000 0.6123 0.0158 
30.5904 11.0000 2813.7827 0.3842 0.1755 -0.2843 2.9928 6.0000 0.7914 0.0182 
30.6378 11.0000 2855.2375 0.3858 0.1759 -0.2823 2.9891 6.0000 0.5310 0.0161 
30.5240 11.0000 2786.6656 0.3874 0.1782 -0.2837 2.9949 6.0000 0.5710 0.0167 
30.5572 11.0000 2786.5496 0.3897 0.1782 -0.2875 3.0027 5.0000 0.6795 0.0156 
30.6781 11.0000 2872.8034 0.3913 0.1792 -0.2760 3.0007 6.0000 0.6980 0.0156 
30.6432 11.0000 2858.1296 0.3886 0.1792 -0.2714 2.9977 6.0000 0.5689 0.0156 
30.7168 11.0000 2876.2783 0.3812 0.1761 -0.2686 2.9944 5.0000 0.5712 0.0153 
30.6334 11.0000 2857.6688 0.3805 0.1738 -0.2693 2.9930 5.0000 0.3546 0.0167 
30.5305 11.0000 2793.6999 0.3826 0.1784 -0.2790 2.9924 5.0000 0.5719 0.0162 
30.5899 11.0000 2821.5212 0.3940 0.1813 -0.2821 3.0045 6.0000 0.3958 0.0161 
30.6029 11.0000 2825.6454 0.3831 0.1767 -0.2773 3.0015 5.0000 0.5720 0.0181 
30.5948 11.0000 2822.5991 0.3980 0.1822 -0.2869 3.0034 5.0000 0.5717 0.0150 
30.5746 11.0000 2806.1073 0.3912 0.1805 -0.2857 2.9992 6.0000 0.5593 0.0155 
30.6106 11.0000 2832.6176 0.3876 0.1746 -0.2832 2.9940 5.0000 0.5303 0.0194 
30.6084 11.0000 2840.3976 0.3869 0.1803 -0.2678 2.9954 6.0000 0.8270 0.0181 
30.5539 11.0000 2787.1171 0.3856 0.1764 -0.2857 3.0001 5.0000 0.8236 0.0158 
30.6193 11.0000 2846.0452 0.3865 0.1743 -0.2753 2.9943 5.0000 0.6139 0.0135 
30.5763 11.0000 2788.2734 0.3920 0.1779 -0.2852 3.0008 6.0000 0.5706 0.0181 
30.5937 11.0000 2806.7271 0.3962 0.1782 -0.2998 2.9936 5.0000 0.5730 0.0189 
30.5910 11.0000 2798.0534 0.3837 0.1758 -0.2785 2.9910 6.0000 0.3958 0.0166 
30.5349 11.0000 2788.8017 0.3929 0.1801 -0.2912 2.9965 5.0000 0.6107 0.0138 
30.6258 11.0000 2843.6819 0.3862 0.1757 -0.2768 2.9974 5.0000 0.5710 0.0163 
30.6117 11.0000 2827.3420 0.3921 0.1792 -0.2855 2.9952 6.0000 0.5720 0.0176 
30.6716 11.0000 2858.5926 0.3856 0.1805 -0.2690 2.9996 6.0000 0.5694 0.0175 
30.4940 11.0000 2770.8671 0.3834 0.1766 -0.2856 2.9938 6.0000 0.3554 0.0163 
30.6024 11.0000 2853.5784 0.3807 0.1787 -0.2609 2.9974 7.0000 0.5308 0.0170 
30.5338 11.0000 2794.0392 0.3856 0.1788 -0.2731 2.9971 6.0000 0.5714 0.0176 
30.5147 11.0000 2771.6498 0.3946 0.1794 -0.2900 2.9988 6.0000 0.6518 0.0125 
30.5795 11.0000 2809.3154 0.3868 0.1769 -0.2893 2.9826 5.0000 0.5300 0.0182 
30.5103 11.0000 2782.1721 0.3915 0.1782 -0.2894 2.9951 5.0000 0.3961 0.0156 
30.6623 11.0000 2847.6481 0.3899 0.1791 -0.2808 2.9923 5.0000 0.5717 0.0176 
30.6078 11.0000 2838.4450 0.3918 0.1807 -0.2815 2.9884 6.0000 0.5717 0.0152 
30.5877 11.0000 2838.3322 0.3860 0.1776 -0.2780 2.9943 6.0000 0.3955 0.0199 
30.5806 11.0000 2810.3388 0.3845 0.1775 -0.2757 2.9985 6.0000 0.6576 0.0166 
30.5485 11.0000 2807.6443 0.3859 0.1749 -0.2832 2.9946 6.0000 0.7004 0.0186 
30.5528 11.0000 2789.7124 0.3877 0.1774 -0.2840 3.0030 5.0000 0.5720 0.0142 
30.5664 11.0000 2813.9243 0.3896 0.1794 -0.2851 2.9899 6.0000 0.5308 0.0158 
30.5490 11.0000 2778.6269 0.3950 0.1778 -0.2990 3.0000 5.0000 0.5640 0.0166 
30.5305 11.0000 2812.4417 0.3917 0.1795 -0.2837 2.9895 5.0000 0.5297 0.0151 
30.7037 11.0000 2850.9455 0.3909 0.1780 -0.2880 2.9878 6.0000 0.5701 0.0173 
30.5501 11.0000 2800.6443 0.3994 0.1825 -0.2993 3.0097 5.0000 0.5716 0.0186 
30.4798 11.0000 2778.2097 0.3885 0.1795 -0.2802 2.9957 6.0000 0.5719 0.0186 
30.6204 11.0000 2819.8720 0.3874 0.1754 -0.2836 2.9856 6.0000 0.3945 0.0151 
30.5784 11.0000 2829.7974 0.3904 0.1788 -0.2788 2.9889 6.0000 0.5727 0.0186 
30.5196 11.0000 2773.0218 0.3828 0.1743 -0.2891 3.0045 6.0000 0.5311 0.0186 
30.6509 11.0000 2843.1236 0.3905 0.1753 -0.2884 2.9914 6.0000 0.5714 0.0186 
30.6029 11.0000 2807.8540 0.3904 0.1775 -0.2935 2.9959 5.0000 0.5301 0.0186 
30.5801 11.0000 2814.3431 0.3875 0.1790 -0.2771 3.0079 6.0000 0.5280 0.0186 
30.6231 11.0000 2833.8791 0.3943 0.1757 -0.2955 2.9932 6.0000 0.5307 0.0186 
30.5643 11.0000 2801.6541 0.3944 0.1799 -0.2874 3.0043 6.0000 0.4854 0.0186 
30.5566 11.0000 2823.1776 0.3863 0.1779 -0.2781 2.9944 5.0000 0.6594 0.0186 
30.5180 11.0000 2780.3611 0.3837 0.1741 -0.2925 2.9877 5.0000 0.5706 0.0186 
