30.9845 1.0000 2982.6580 0.3612 0.1309 -0.2886 3.3391 8.0000 29.0863 0.0041 
30.9881 1.0000 2983.1041 0.3634 0.1327 -0.2877 3.3398 7.0000 28.4721 0.0040 
30.9748 1.0000 2977.6984 0.3625 0.1342 -0.2819 3.3441 7.0000 27.9421 0.0040 
30.9732 1.0000 2977.1786 0.3605 0.1324 -0.2838 3.3431 8.0000 29.4366 0.0040 
30.9601 1.0000 2971.3172 0.3602 0.1299 -0.2902 3.3390 8.0000 29.4789 0.0036 
30.9786 1.0000 2979.0941 0.3623 0.1322 -0.2896 3.3382 7.0000 27.9878 0.0033 
30.9936 1.0000 2985.4436 0.3621 0.1320 -0.2875 3.3460 8.0000 29.0405 0.0033 
30.9972 1.0000 2986.1940 0.3627 0.1328 -0.2863 3.3418 7.0000 29.2616 0.0031 
30.9809 1.0000 2979.0673 0.3639 0.1298 -0.2962 3.3320 7.0000 27.5895 0.0033 
30.9791 1.0000 2981.0634 0.3598 0.1310 -0.2861 3.3359 7.0000 27.1951 0.0033 
30.9850 1.0000 2978.0897 0.3603 0.1315 -0.2869 3.3405 7.0000 27.3726 0.0040 
30.9616 1.0000 2974.2792 0.3605 0.1329 -0.2833 3.3410 7.0000 3.0797 0.0032 
30.9997 1.0000 2986.2441 0.3599 0.1324 -0.2800 3.3397 7.0000 7.0295 0.0032 
30.9815 1.0000 2980.3737 0.3612 0.1329 -0.2852 3.3446 8.0000 8.3509 0.0037 
30.9977 1.0000 2986.5239 0.3657 0.1337 -0.2890 3.3428 7.0000 8.8993 0.0028 
30.9905 1.0000 2983.2544 0.3571 0.1307 -0.2852 3.3390 8.0000 7.1336 0.0038 
30.9750 1.0000 2977.4183 0.3633 0.1314 -0.2897 3.3386 7.0000 3.1661 0.0038 
30.9840 1.0000 2982.6150 0.3625 0.1329 -0.2905 3.3456 8.0000 4.0940 0.0038 
30.9851 1.0000 2981.5982 0.3625 0.1322 -0.2883 3.3388 7.0000 7.9550 0.0035 
30.9894 1.0000 2982.3810 0.3604 0.1310 -0.2879 3.3336 8.0000 7.6878 0.0035 
30.9884 1.0000 2982.4582 0.3623 0.1315 -0.2880 3.3354 7.0000 8.1847 0.0035 
30.9873 1.0000 2985.5260 0.3624 0.1336 -0.2838 3.3398 8.0000 7.4560 0.0035 
30.9871 1.0000 2983.1345 0.3619 0.1308 -0.2881 3.3412 7.0000 3.2487 0.0027 
30.9680 1.0000 2974.7444 0.3627 0.1322 -0.2882 3.3349 7.0000 3.1222 0.0039 
30.9675 1.0000 2975.5904 0.3637 0.1326 -0.2882 3.3431 8.0000 4.7905 0.0027 
30.9729 1.0000 2977.5103 0.3628 0.1308 -0.2917 3.3398 7.0000 4.6531 0.0035 
30.9985 1.0000 2985.2505 0.3613 0.1305 -0.2898 3.3387 8.0000 3.2999 0.0035 
30.9685 1.0000 2974.4137 0.3623 0.1320 -0.2865 3.3347 8.0000 5.4533 0.0033 
30.9788 1.0000 2979.3832 0.3639 0.1320 -0.2903 3.3383 7.0000 4.0780 0.0033 
30.9843 1.0000 2980.9064 0.3669 0.1347 -0.2908 3.3457 8.0000 5.7140 0.0037 
30.9882 1.0000 2984.2196 0.3648 0.1341 -0.2868 3.3469 7.0000 7.9616 0.0037 
30.9887 1.0000 2983.1284 0.3588 0.1297 -0.2875 3.3438 8.0000 7.9382 0.0037 
31.0039 1.0000 2990.7225 0.3649 0.1332 -0.2868 3.3356 7.0000 7.3414 0.0037 
30.9761 1.0000 2977.9690 0.3602 0.1329 -0.2824 3.3385 7.0000 4.6977 0.0029 
30.9775 1.0000 2979.0547 0.3612 0.1298 -0.2923 3.3384 7.0000 4.9317 0.0030 
30.9657 1.0000 2974.7979 0.3629 0.1321 -0.2902 3.3386 8.0000 4.7035 0.0035 
30.9781 1.0000 2979.1348 0.3629 0.1324 -0.2899 3.3406 7.0000 3.5350 0.0037 
30.9830 1.0000 2981.0977 0.3646 0.1324 -0.2902 3.3389 7.0000 4.6641 0.0029 
30.9598 1.0000 2970.1904 0.3591 0.1301 -0.2882 3.3400 8.0000 5.4139 0.0034 
30.9719 1.0000 2978.8327 0.3635 0.1335 -0.2846 3.3431 7.0000 5.7400 0.0034 
30.9912 1.0000 2983.7101 0.3625 0.1318 -0.2881 3.3406 7.0000 5.5416 0.0037 
30.9657 1.0000 2975.0239 0.3645 0.1340 -0.2892 3.3430 7.0000 7.5641 0.0037 
30.9964 1.0000 2985.9297 0.3630 0.1314 -0.2906 3.3401 7.0000 7.6822 0.0037 
30.9778 1.0000 2978.6614 0.3657 0.1326 -0.2898 3.3377 7.0000 7.2500 0.0037 
30.9956 1.0000 2985.2603 0.3592 0.1305 -0.2883 3.3326 7.0000 3.4303 0.0029 
30.9926 1.0000 2985.3608 0.3627 0.1335 -0.2853 3.3434 7.0000 4.9117 0.0035 
30.9972 1.0000 2988.0106 0.3632 0.1323 -0.2859 3.3417 8.0000 4.7051 0.0034 
30.9725 1.0000 2974.3008 0.3658 0.1326 -0.2921 3.3440 7.0000 3.2133 0.0038 
30.9797 1.0000 2980.2926 0.3625 0.1321 -0.2899 3.3383 7.0000 4.6627 0.0031 
30.9891 1.0000 2984.5569 0.3607 0.1309 -0.2877 3.3370 7.0000 5.6658 0.0032 
30.9735 1.0000 2977.3247 0.3627 0.1317 -0.2881 3.3414 7.0000 5.8442 0.0032 
30.9979 1.0000 2986.4877 0.3621 0.1308 -0.2894 3.3354 8.0000 6.0318 0.0036 
30.9873 1.0000 2984.6020 0.3609 0.1319 -0.2846 3.3394 7.0000 8.3669 0.0032 
31.0016 1.0000 2988.9028 0.3618 0.1295 -0.2903 3.3413 7.0000 8.6127 0.0039 
30.9974 1.0000 2986.9708 0.3614 0.1324 -0.2844 3.3406 7.0000 8.0037 0.0039 
30.9789 1.0000 2979.6993 0.3623 0.1333 -0.2870 3.3404 7.0000 5.0117 0.0035 
30.9676 1.0000 2973.6809 0.3604 0.1316 -0.2879 3.3351 7.0000 4.8740 0.0028 
30.9895 1.0000 2984.8366 0.3618 0.1327 -0.2845 3.3376 7.0000 3.2551 0.0037 
30.9827 1.0000 2980.6809 0.3586 0.1306 -0.2846 3.3390 7.0000 4.6201 0.0029 
30.9869 1.0000 2983.0420 0.3657 0.1334 -0.2915 3.3447 7.0000 3.4273 0.0029 
30.9935 1.0000 2985.2711 0.3616 0.1307 -0.2881 3.3346 7.0000 9.0445 0.0038 
30.9792 1.0000 2979.1966 0.3604 0.1289 -0.2914 3.3304 7.0000 10.0021 0.0029 
30.9761 1.0000 2979.3448 0.3633 0.1319 -0.2880 3.3360 7.0000 9.3293 0.0029 
30.9654 1.0000 2973.4788 0.3623 0.1312 -0.2891 3.3336 7.0000 4.7050 0.0032 
30.9757 1.0000 2978.0374 0.3599 0.1317 -0.2859 3.3432 7.0000 5.7475 0.0030 
30.9729 1.0000 2975.0796 0.3642 0.1323 -0.2873 3.3393 7.0000 6.0147 0.0030 
30.9776 1.0000 2976.5961 0.3633 0.1325 -0.2883 3.3383 7.0000 4.1868 0.0028 
30.9993 1.0000 2985.2714 0.3620 0.1330 -0.2842 3.3403 9.0000 4.6544 0.0035 
30.9980 1.0000 2986.2907 0.3640 0.1336 -0.2863 3.3452 7.0000 4.9213 0.0032 
30.9696 1.0000 2976.5003 0.3638 0.1327 -0.2885 3.3394 7.0000 7.3589 0.0034 
30.9907 1.0000 2984.0114 0.3616 0.1302 -0.2897 3.3292 7.0000 5.4501 0.0039 
30.9962 1.0000 2985.7634 0.3618 0.1274 -0.2928 3.3369 7.0000 4.7058 0.0030 
31.0137 1.0000 2994.3454 0.3630 0.1325 -0.2901 3.3372 7.0000 5.6160 0.0041 
30.9879 1.0000 2983.0306 0.3641 0.1330 -0.2883 3.3381 8.0000 5.8421 0.0031 
31.0010 1.0000 2987.5472 0.3630 0.1318 -0.2871 3.3393 7.0000 4.6602 0.0034 
30.9771 1.0000 2978.1446 0.3663 0.1325 -0.2906 3.3416 8.0000 3.2525 0.0033 
30.9949 1.0000 2985.4652 0.3589 0.1326 -0.2850 3.3402 7.0000 3.7386 0.0031 
31.0005 1.0000 2987.2500 0.3605 0.1330 -0.2809 3.3433 8.0000 5.9047 0.0025 
30.9647 1.0000 2973.9739 0.3652 0.1333 -0.2893 3.3416 7.0000 6.0327 0.0025 
30.9809 1.0000 2979.0859 0.3594 0.1311 -0.2845 3.3342 7.0000 4.7322 0.0026 
30.9861 1.0000 2982.3392 0.3623 0.1325 -0.2853 3.3395 7.0000 4.7888 0.0033 
30.9930 1.0000 2985.2418 0.3610 0.1309 -0.2855 3.3385 8.0000 4.9187 0.0031 
30.9582 1.0000 2969.4971 0.3593 0.1318 -0.2873 3.3417 7.0000 5.0099 0.0031 
30.9842 1.0000 2981.8807 0.3609 0.1317 -0.2888 3.3386 8.0000 4.6180 0.0039 
30.9891 1.0000 2983.7820 0.3626 0.1330 -0.2839 3.3419 7.0000 4.0428 0.0037 
30.9832 1.0000 2982.1026 0.3602 0.1304 -0.2868 3.3344 7.0000 7.9144 0.0035 
30.9804 1.0000 2976.3588 0.3656 0.1338 -0.2873 3.3434 7.0000 8.0954 0.0035 
31.0093 1.0000 2992.8070 0.3612 0.1332 -0.2820 3.3394 7.0000 4.7917 0.0034 
30.9690 1.0000 2976.7229 0.3604 0.1304 -0.2870 3.3388 7.0000 5.7037 0.0026 
31.0074 1.0000 2990.6551 0.3631 0.1302 -0.2920 3.3437 7.0000 5.9709 0.0026 
30.9853 1.0000 2982.4237 0.3629 0.1302 -0.2926 3.3352 7.0000 4.8803 0.0024 
30.9899 1.0000 2983.9933 0.3617 0.1317 -0.2873 3.3369 8.0000 4.8760 0.0026 
30.9899 1.0000 2984.9696 0.3634 0.1310 -0.2914 3.3389 7.0000 5.0106 0.0026 
30.9670 1.0000 2975.6098 0.3608 0.1328 -0.2840 3.3394 7.0000 5.0094 0.0026 
30.9709 1.0000 2976.4755 0.3641 0.1314 -0.2914 3.3454 7.0000 5.2071 0.0026 
30.9783 1.0000 2979.3923 0.3620 0.1325 -0.2848 3.3460 7.0000 3.9855 0.0026 
30.9794 1.0000 2979.8627 0.3603 0.1309 -0.2871 3.3414 8.0000 4.9271 0.0026 
30.9804 1.0000 2978.5933 0.3639 0.1329 -0.2884 3.3392 8.0000 4.8794 0.0026 
31.0109 1.0000 2992.0485 0.3617 0.1303 -0.2886 3.3364 7.0000 5.1031 0.0026 
31.0056 1.0000 2991.0663 0.3640 0.1316 -0.2903 3.3332 8.0000 4.7504 0.0026 
