30.6934 11.0000 2854.2947 0.2739 0.1110 -0.3051 2.9354 6.0000 4.3140 0.0165 
30.6275 11.0000 2826.0577 0.2673 0.1110 -0.2975 2.9442 5.0000 4.2831 0.0128 
30.6814 11.0000 2839.3524 0.2726 0.1102 -0.3024 2.9362 5.0000 3.6862 0.0165 
30.5659 11.0000 2793.9325 0.2701 0.1139 -0.2988 2.9510 5.0000 4.3114 0.0165 
30.6988 11.0000 2852.2228 0.2664 0.1128 -0.2876 2.9453 6.0000 3.7262 0.0165 
30.6694 11.0000 2836.7249 0.2664 0.1103 -0.2943 2.9420 5.0000 4.0910 0.0165 
30.6661 11.0000 2828.2015 0.2664 0.1118 -0.2946 2.9488 6.0000 3.5924 0.0128 
30.6215 11.0000 2826.5452 0.2670 0.1092 -0.2970 2.9369 5.0000 4.1808 0.0165 
30.6084 11.0000 2808.8704 0.2751 0.1117 -0.3082 2.9400 6.0000 4.2227 0.0165 
30.5714 11.0000 2797.7004 0.2726 0.1107 -0.3067 2.9423 5.0000 3.9583 0.0165 
30.6340 11.0000 2813.9608 0.2688 0.1103 -0.3013 2.9429 5.0000 3.6841 0.0165 
30.6928 11.0000 2839.5174 0.2690 0.1091 -0.3018 2.9376 6.0000 0.4838 0.0165 
30.5833 11.0000 2790.7527 0.2641 0.1105 -0.2971 2.9449 5.0000 0.6619 0.0131 
30.6035 11.0000 2806.1460 0.2616 0.1091 -0.2906 2.9457 5.0000 2.1062 0.0171 
30.5507 11.0000 2789.8175 0.2650 0.1102 -0.2980 2.9432 5.0000 2.8199 0.0152 
30.5539 11.0000 2788.4150 0.2612 0.1100 -0.2921 2.9449 5.0000 3.7471 0.0136 
30.5828 11.0000 2802.5986 0.2695 0.1111 -0.3000 2.9411 6.0000 4.1907 0.0139 
30.5790 11.0000 2798.5468 0.2688 0.1117 -0.2988 2.9407 5.0000 2.9589 0.0132 
30.6198 11.0000 2818.4444 0.2691 0.1111 -0.2975 2.9431 6.0000 3.0101 0.0132 
30.6111 11.0000 2815.9493 0.2652 0.1105 -0.2917 2.9424 5.0000 2.8450 0.0132 
30.6149 11.0000 2810.6362 0.2652 0.1092 -0.2951 2.9411 5.0000 2.9815 0.0132 
30.5866 11.0000 2796.3671 0.2643 0.1089 -0.3000 2.9448 5.0000 2.8107 0.0132 
30.6836 11.0000 2844.0174 0.2685 0.1089 -0.3033 2.9342 6.0000 0.7035 0.0152 
30.6204 11.0000 2817.8644 0.2650 0.1099 -0.2927 2.9401 5.0000 0.4835 0.0138 
30.5637 11.0000 2787.4118 0.2697 0.1091 -0.3092 2.9396 5.0000 0.4837 0.0149 
30.6688 11.0000 2852.3371 0.2660 0.1106 -0.2917 2.9391 5.0000 0.7030 0.0166 
30.6618 11.0000 2834.0975 0.2680 0.1087 -0.2998 2.9412 6.0000 0.7017 0.0136 
30.6830 11.0000 2841.6204 0.2712 0.1100 -0.3032 2.9369 6.0000 0.6617 0.0136 
30.5468 11.0000 2789.9248 0.2701 0.1102 -0.3047 2.9422 5.0000 0.8618 0.0147 
30.5724 11.0000 2802.2266 0.2666 0.1116 -0.2958 2.9449 5.0000 1.5599 0.0147 
30.6917 11.0000 2857.0861 0.2671 0.1107 -0.2961 2.9413 6.0000 1.4770 0.0159 
30.6481 11.0000 2824.4575 0.2643 0.1080 -0.2966 2.9377 5.0000 1.4455 0.0159 
30.6634 11.0000 2846.4815 0.2648 0.1100 -0.2929 2.9343 5.0000 1.4476 0.0159 
30.6215 11.0000 2818.6432 0.2628 0.1092 -0.2912 2.9433 5.0000 0.4846 0.0156 
30.6302 11.0000 2815.4172 0.2664 0.1105 -0.3004 2.9425 6.0000 0.7042 0.0156 
30.5795 11.0000 2807.5899 0.2662 0.1072 -0.3015 2.9382 5.0000 0.7774 0.0151 
30.6694 11.0000 2848.2941 0.2670 0.1107 -0.2942 2.9430 5.0000 0.7054 0.0162 
30.6351 11.0000 2826.0093 0.2723 0.1101 -0.3064 2.9436 6.0000 0.9643 0.0148 
30.6133 11.0000 2819.8192 0.2639 0.1083 -0.2982 2.9413 6.0000 0.7459 0.0171 
30.5997 11.0000 2808.3110 0.2655 0.1113 -0.2976 2.9387 5.0000 0.7891 0.0165 
30.6040 11.0000 2808.9466 0.2668 0.1095 -0.2996 2.9416 5.0000 0.9300 0.0165 
30.6465 11.0000 2831.6841 0.2694 0.1105 -0.3014 2.9396 6.0000 1.0219 0.0143 
30.6236 11.0000 2813.0234 0.2665 0.1101 -0.2974 2.9427 6.0000 1.1314 0.0143 
30.6242 11.0000 2809.4156 0.2642 0.1086 -0.2990 2.9426 5.0000 1.1436 0.0143 
30.6089 11.0000 2810.9897 0.2634 0.1100 -0.2921 2.9458 5.0000 0.7456 0.0158 
30.5833 11.0000 2810.5049 0.2680 0.1077 -0.2991 2.9354 5.0000 0.5255 0.0144 
30.5648 11.0000 2799.9913 0.2652 0.1103 -0.2953 2.9420 5.0000 0.6982 0.0145 
30.5920 11.0000 2817.0038 0.2680 0.1097 -0.2988 2.9388 5.0000 0.5260 0.0147 
30.6324 11.0000 2838.3622 0.2637 0.1078 -0.2930 2.9397 5.0000 0.7081 0.0160 
30.5812 11.0000 2800.2228 0.2683 0.1106 -0.3012 2.9524 5.0000 0.7042 0.0167 
30.6699 11.0000 2840.4254 0.2675 0.1081 -0.3014 2.9363 6.0000 0.7471 0.0163 
30.6487 11.0000 2838.0648 0.2637 0.1096 -0.2893 2.9412 5.0000 0.7487 0.0163 
30.6062 11.0000 2813.8045 0.2671 0.1098 -0.2981 2.9351 6.0000 1.0508 0.0165 
30.5871 11.0000 2803.0490 0.2660 0.1083 -0.3026 2.9422 5.0000 1.0566 0.0139 
30.6465 11.0000 2822.5408 0.2712 0.1084 -0.3094 2.9341 5.0000 0.9234 0.0165 
30.6019 11.0000 2806.9450 0.2668 0.1093 -0.3008 2.9441 6.0000 0.7046 0.0167 
30.6367 11.0000 2839.8023 0.2602 0.1090 -0.2850 2.9423 5.0000 0.7038 0.0135 
30.6422 11.0000 2828.4989 0.2638 0.1099 -0.2946 2.9408 5.0000 0.5259 0.0143 
30.5975 11.0000 2816.1525 0.2661 0.1101 -0.2985 2.9395 6.0000 0.7042 0.0166 
30.5768 11.0000 2803.5300 0.2626 0.1095 -0.2907 2.9476 6.0000 0.7468 0.0140 
30.5893 11.0000 2805.1432 0.2701 0.1107 -0.3024 2.9420 5.0000 1.0017 0.0162 
30.6220 11.0000 2810.4929 0.2690 0.1135 -0.2976 2.9479 5.0000 0.7847 0.0168 
30.6231 11.0000 2824.8170 0.2648 0.1097 -0.2986 2.9350 5.0000 0.8311 0.0157 
30.5817 11.0000 2804.3998 0.2658 0.1077 -0.3003 2.9458 5.0000 0.8301 0.0157 
30.6607 11.0000 2835.3393 0.2655 0.1092 -0.2965 2.9393 6.0000 0.7847 0.0126 
30.6383 11.0000 2835.4880 0.2669 0.1118 -0.2922 2.9397 5.0000 0.7927 0.0159 
30.6721 11.0000 2844.7870 0.2575 0.1083 -0.2841 2.9435 5.0000 0.8357 0.0159 
30.6471 11.0000 2833.8039 0.2635 0.1090 -0.2900 2.9418 5.0000 0.7057 0.0160 
30.5790 11.0000 2796.8676 0.2670 0.1089 -0.3049 2.9418 6.0000 0.7029 0.0156 
30.5724 11.0000 2797.1367 0.2646 0.1091 -0.2975 2.9495 5.0000 0.7410 0.0156 
30.6563 11.0000 2820.5812 0.2657 0.1096 -0.2963 2.9417 6.0000 0.7040 0.0185 
30.5920 11.0000 2815.2740 0.2668 0.1079 -0.3011 2.9384 6.0000 0.7471 0.0170 
30.6993 11.0000 2843.4951 0.2697 0.1103 -0.3037 2.9374 5.0000 0.7055 0.0161 
30.6078 11.0000 2813.9989 0.2647 0.1074 -0.2976 2.9366 5.0000 0.7045 0.0172 
30.6073 11.0000 2810.4532 0.2696 0.1097 -0.3039 2.9416 5.0000 0.5259 0.0152 
30.6024 11.0000 2809.9717 0.2678 0.1096 -0.3004 2.9430 5.0000 0.9637 0.0177 
30.5997 11.0000 2807.3824 0.2695 0.1107 -0.3009 2.9375 5.0000 0.8754 0.0177 
30.6215 11.0000 2815.6394 0.2657 0.1095 -0.2940 2.9412 6.0000 0.7890 0.0167 
30.5964 11.0000 2824.0125 0.2621 0.1095 -0.2907 2.9416 5.0000 0.8740 0.0167 
30.6106 11.0000 2817.9711 0.2723 0.1118 -0.3024 2.9424 5.0000 0.7058 0.0167 
30.5218 11.0000 2772.8878 0.2648 0.1083 -0.2994 2.9415 6.0000 0.7441 0.0141 
30.5615 11.0000 2796.4684 0.2705 0.1114 -0.3040 2.9379 5.0000 0.4865 0.0167 
30.5675 11.0000 2804.3775 0.2635 0.1092 -0.2924 2.9452 5.0000 0.7048 0.0138 
30.5942 11.0000 2809.2331 0.2655 0.1104 -0.2957 2.9398 5.0000 0.7062 0.0152 
30.6198 11.0000 2825.6966 0.2659 0.1087 -0.2990 2.9411 5.0000 0.7448 0.0140 
30.5474 11.0000 2780.9586 0.2649 0.1107 -0.2997 2.9444 5.0000 0.7405 0.0177 
30.5741 11.0000 2806.2990 0.2693 0.1102 -0.3026 2.9370 5.0000 0.7907 0.0169 
30.5773 11.0000 2795.3878 0.2630 0.1103 -0.2945 2.9389 5.0000 0.7944 0.0169 
30.5757 11.0000 2793.4869 0.2656 0.1095 -0.2983 2.9438 5.0000 0.7485 0.0169 
30.6291 11.0000 2815.5207 0.2651 0.1094 -0.2968 2.9473 5.0000 0.9225 0.0148 
30.6661 11.0000 2852.2151 0.2683 0.1102 -0.2977 2.9421 6.0000 1.3200 0.0148 
30.6552 11.0000 2824.4205 0.2708 0.1099 -0.3033 2.9425 5.0000 0.9678 0.0177 
30.6645 11.0000 2836.3322 0.2668 0.1096 -0.3004 2.9407 5.0000 0.7038 0.0148 
30.6225 11.0000 2822.2424 0.2675 0.1101 -0.2991 2.9395 6.0000 0.5268 0.0148 
30.6580 11.0000 2826.0011 0.2688 0.1113 -0.2990 2.9463 6.0000 0.7513 0.0148 
30.5447 11.0000 2784.6220 0.2648 0.1093 -0.2950 2.9431 5.0000 0.7487 0.0148 
30.6225 11.0000 2816.4619 0.2618 0.1096 -0.2908 2.9430 5.0000 0.5622 0.0148 
30.5692 11.0000 2796.3110 0.2664 0.1108 -0.2987 2.9402 5.0000 0.8253 0.0148 
30.6117 11.0000 2813.8998 0.2675 0.1093 -0.3013 2.9377 5.0000 0.9648 0.0148 
30.6345 11.0000 2831.8039 0.2616 0.1086 -0.2906 2.9403 6.0000 1.0271 0.0148 
