30.9244 11.0000 2959.1835 0.3259 0.1178 -0.3012 3.2208 7.0000 15.7244 0.0057 
30.9321 11.0000 2964.3884 0.3246 0.1163 -0.3029 3.2183 7.0000 15.6382 0.0057 
30.9197 11.0000 2956.7806 0.3156 0.1155 -0.2906 3.2153 7.0000 12.9079 0.0057 
30.9472 11.0000 2965.4412 0.3248 0.1155 -0.3035 3.2147 7.0000 15.1077 0.0057 
30.9330 11.0000 2963.0275 0.3246 0.1154 -0.3064 3.2177 7.0000 15.8155 0.0050 
30.9344 11.0000 2962.6277 0.3205 0.1143 -0.3017 3.2172 7.0000 16.1201 0.0057 
30.9127 11.0000 2955.4003 0.3224 0.1166 -0.2971 3.2132 6.0000 15.6359 0.0050 
30.9328 11.0000 2959.3763 0.3255 0.1168 -0.3041 3.2115 7.0000 14.7117 0.0049 
30.9395 11.0000 2965.5929 0.3222 0.1151 -0.2989 3.2209 7.0000 14.8478 0.0051 
30.8980 11.0000 2944.9750 0.3216 0.1145 -0.3006 3.2121 6.0000 15.5929 0.0053 
30.9344 11.0000 2961.1937 0.3268 0.1140 -0.3116 3.2116 7.0000 13.8795 0.0057 
30.9295 11.0000 2960.6127 0.3256 0.1157 -0.3040 3.2237 6.0000 1.8036 0.0053 
30.9241 11.0000 2957.8779 0.3240 0.1171 -0.3001 3.2169 7.0000 2.4644 0.0048 
30.9318 11.0000 2962.3751 0.3235 0.1175 -0.2957 3.2225 7.0000 2.5506 0.0050 
30.9176 11.0000 2957.5726 0.3218 0.1130 -0.3035 3.2165 7.0000 2.7759 0.0052 
30.9118 11.0000 2953.9293 0.3225 0.1149 -0.3052 3.2127 6.0000 2.9457 0.0052 
30.9153 11.0000 2954.0572 0.3230 0.1167 -0.3028 3.2188 7.0000 3.9734 0.0061 
30.9209 11.0000 2958.2661 0.3235 0.1158 -0.3003 3.2208 7.0000 3.8009 0.0048 
30.9197 11.0000 2955.1835 0.3222 0.1149 -0.3029 3.2143 6.0000 4.8479 0.0052 
30.9183 11.0000 2955.0243 0.3233 0.1150 -0.3007 3.2111 7.0000 5.3483 0.0048 
30.9197 11.0000 2957.7460 0.3222 0.1144 -0.3043 3.2126 6.0000 5.9120 0.0061 
30.9230 11.0000 2960.5226 0.3238 0.1149 -0.3018 3.2157 6.0000 5.5743 0.0048 
30.9374 11.0000 2964.2435 0.3242 0.1158 -0.3034 3.2178 6.0000 2.6413 0.0065 
30.9325 11.0000 2964.1951 0.3195 0.1136 -0.3005 3.2116 6.0000 1.7616 0.0052 
30.9251 11.0000 2961.9946 0.3237 0.1167 -0.2996 3.2156 7.0000 2.6369 0.0056 
30.9393 11.0000 2964.7834 0.3262 0.1151 -0.3067 3.2138 7.0000 2.2889 0.0059 
30.8982 11.0000 2950.1753 0.3240 0.1159 -0.3034 3.2164 7.0000 2.4630 0.0059 
30.9258 11.0000 2959.9237 0.3240 0.1143 -0.3076 3.2114 7.0000 2.9581 0.0047 
30.9379 11.0000 2962.6569 0.3255 0.1182 -0.2987 3.2213 6.0000 2.7237 0.0052 
30.9402 11.0000 2964.5556 0.3246 0.1163 -0.3025 3.2159 7.0000 2.9867 0.0038 
30.9325 11.0000 2964.0724 0.3226 0.1168 -0.2984 3.2104 6.0000 4.7326 0.0052 
30.9321 11.0000 2957.8287 0.3286 0.1158 -0.3110 3.2164 7.0000 4.7833 0.0052 
30.9267 11.0000 2956.9608 0.3225 0.1168 -0.2979 3.2152 7.0000 4.4851 0.0053 
30.8873 11.0000 2941.8189 0.3220 0.1160 -0.2994 3.2230 6.0000 2.4624 0.0054 
30.9213 11.0000 2957.2603 0.3221 0.1143 -0.3067 3.2138 6.0000 2.8146 0.0050 
30.9148 11.0000 2948.6578 0.3244 0.1151 -0.3064 3.2217 6.0000 1.8692 0.0054 
30.9055 11.0000 2943.2318 0.3230 0.1166 -0.3048 3.2201 7.0000 1.8467 0.0056 
30.9104 11.0000 2957.4788 0.3226 0.1154 -0.2996 3.2140 7.0000 3.0772 0.0051 
30.9423 11.0000 2967.5215 0.3227 0.1161 -0.2983 3.2154 7.0000 2.5487 0.0051 
30.9699 11.0000 2976.7355 0.3244 0.1147 -0.3043 3.2136 7.0000 2.9452 0.0045 
30.9251 11.0000 2954.4872 0.3262 0.1161 -0.3058 3.2241 6.0000 2.6385 0.0054 
30.9552 11.0000 2970.1653 0.3229 0.1153 -0.3035 3.2180 7.0000 3.6527 0.0045 
30.9174 11.0000 2954.4211 0.3211 0.1152 -0.3014 3.2202 7.0000 5.2362 0.0054 
30.9188 11.0000 2951.6041 0.3224 0.1169 -0.2984 3.2180 6.0000 4.6614 0.0054 
30.9332 11.0000 2959.1970 0.3259 0.1160 -0.3067 3.2222 7.0000 2.7276 0.0057 
30.9134 11.0000 2951.0159 0.3254 0.1177 -0.3011 3.2199 7.0000 2.8163 0.0052 
30.9197 11.0000 2955.7997 0.3230 0.1152 -0.3050 3.2143 7.0000 1.8911 0.0059 
30.9290 11.0000 2957.7993 0.3237 0.1155 -0.3020 3.2201 7.0000 2.8149 0.0046 
30.9430 11.0000 2966.6622 0.3203 0.1182 -0.2912 3.2247 7.0000 2.8175 0.0059 
30.9190 11.0000 2955.9811 0.3203 0.1129 -0.3049 3.2171 7.0000 2.9928 0.0048 
30.9465 11.0000 2969.6218 0.3233 0.1140 -0.3046 3.2091 6.0000 2.7279 0.0047 
30.9183 11.0000 2952.9760 0.3237 0.1154 -0.3029 3.2217 7.0000 2.9012 0.0053 
30.9311 11.0000 2960.5782 0.3268 0.1157 -0.3088 3.2141 6.0000 2.8322 0.0054 
30.9419 11.0000 2965.0329 0.3246 0.1143 -0.3058 3.2140 7.0000 3.8719 0.0054 
30.9031 11.0000 2949.3749 0.3261 0.1144 -0.3095 3.2139 8.0000 3.6963 0.0053 
30.9115 11.0000 2950.9993 0.3235 0.1165 -0.3024 3.2188 7.0000 1.8481 0.0057 
30.9269 11.0000 2958.0735 0.3264 0.1162 -0.3061 3.2137 7.0000 2.7254 0.0051 
30.9034 11.0000 2952.4143 0.3224 0.1149 -0.3025 3.2165 7.0000 2.8128 0.0039 
30.9442 11.0000 2966.1646 0.3209 0.1154 -0.2994 3.2138 7.0000 1.8478 0.0057 
30.9386 11.0000 2964.2278 0.3226 0.1144 -0.3000 3.2160 6.0000 2.8149 0.0054 
30.9416 11.0000 2966.6464 0.3202 0.1131 -0.3029 3.2094 6.0000 2.8440 0.0058 
30.9232 11.0000 2960.2045 0.3240 0.1154 -0.3013 3.2183 7.0000 1.8902 0.0054 
30.9118 11.0000 2955.3315 0.3203 0.1144 -0.2987 3.2125 7.0000 3.2190 0.0056 
30.9190 11.0000 2957.9900 0.3246 0.1158 -0.3038 3.2168 7.0000 2.8535 0.0056 
30.8926 11.0000 2946.9386 0.3213 0.1159 -0.2987 3.2166 7.0000 2.9053 0.0054 
30.9101 11.0000 2952.4792 0.3248 0.1139 -0.3072 3.2117 7.0000 3.0802 0.0054 
30.9288 11.0000 2962.2890 0.3195 0.1154 -0.2943 3.2152 7.0000 2.7695 0.0042 
30.9650 11.0000 2978.1193 0.3212 0.1140 -0.3002 3.2128 6.0000 2.6399 0.0053 
30.9111 11.0000 2947.1538 0.3250 0.1169 -0.3052 3.2208 7.0000 2.8139 0.0062 
30.9202 11.0000 2956.0390 0.3254 0.1182 -0.3035 3.2212 6.0000 1.8050 0.0052 
30.9209 11.0000 2956.9239 0.3256 0.1158 -0.3065 3.2129 7.0000 2.7704 0.0058 
30.9078 11.0000 2951.8126 0.3237 0.1155 -0.3055 3.2167 7.0000 2.6840 0.0058 
30.9143 11.0000 2953.5691 0.3263 0.1175 -0.3022 3.2131 7.0000 2.7279 0.0054 
30.9120 11.0000 2954.8651 0.3225 0.1158 -0.2990 3.2145 7.0000 2.7725 0.0050 
30.9204 11.0000 2956.4288 0.3252 0.1143 -0.3089 3.2191 7.0000 2.8566 0.0050 
30.9650 11.0000 2974.9739 0.3270 0.1153 -0.3073 3.2120 6.0000 2.9892 0.0056 
30.9552 11.0000 2970.1688 0.3226 0.1143 -0.3041 3.2109 6.0000 2.9465 0.0056 
30.9220 11.0000 2956.2070 0.3228 0.1142 -0.3039 3.2151 6.0000 1.9788 0.0051 
30.9262 11.0000 2960.9776 0.3267 0.1151 -0.3054 3.2156 6.0000 2.8157 0.0048 
30.8954 11.0000 2942.9206 0.3278 0.1147 -0.3125 3.2170 7.0000 2.6844 0.0050 
30.9087 11.0000 2947.2752 0.3263 0.1173 -0.3048 3.2109 7.0000 2.8144 0.0046 
30.9015 11.0000 2946.0301 0.3227 0.1142 -0.3044 3.2097 7.0000 4.7919 0.0046 
30.9192 11.0000 2956.5198 0.3248 0.1181 -0.2990 3.2217 7.0000 4.8809 0.0055 
30.9297 11.0000 2959.5500 0.3258 0.1171 -0.3028 3.2197 7.0000 2.7255 0.0055 
30.9335 11.0000 2963.8609 0.3195 0.1147 -0.2962 3.2166 7.0000 1.9790 0.0049 
30.9216 11.0000 2955.8275 0.3263 0.1162 -0.3045 3.2161 7.0000 3.4025 0.0051 
30.9139 11.0000 2955.6363 0.3225 0.1142 -0.3038 3.2172 7.0000 2.7691 0.0052 
30.9216 11.0000 2958.6380 0.3231 0.1158 -0.3015 3.2182 8.0000 3.0327 0.0052 
30.9377 11.0000 2963.3207 0.3268 0.1158 -0.3085 3.2169 6.0000 3.2500 0.0052 
30.9328 11.0000 2961.1853 0.3261 0.1177 -0.3008 3.2224 6.0000 2.8167 0.0042 
30.9454 11.0000 2965.7299 0.3263 0.1164 -0.3047 3.2177 7.0000 2.6409 0.0042 
30.9351 11.0000 2964.2533 0.3238 0.1158 -0.3012 3.2181 6.0000 2.0624 0.0042 
30.9444 11.0000 2963.0840 0.3190 0.1132 -0.3028 3.2108 6.0000 2.8609 0.0042 
30.9164 11.0000 2953.9111 0.3247 0.1139 -0.3061 3.2167 6.0000 2.8131 0.0042 
30.9225 11.0000 2959.1769 0.3283 0.1170 -0.3060 3.2142 7.0000 3.8709 0.0042 
30.9265 11.0000 2956.9050 0.3219 0.1145 -0.3021 3.2207 7.0000 3.7825 0.0042 
30.9293 11.0000 2960.6396 0.3232 0.1142 -0.3062 3.2115 7.0000 1.8899 0.0042 
30.9244 11.0000 2959.9767 0.3256 0.1167 -0.3019 3.2147 7.0000 2.8188 0.0042 
30.9157 11.0000 2956.7173 0.3213 0.1141 -0.3004 3.2140 7.0000 3.2967 0.0042 
30.9575 11.0000 2970.6468 0.3182 0.1139 -0.2987 3.2202 7.0000 2.8575 0.0042 
