30.9953 1.0000 2984.7964 0.2865 0.0919 -0.3049 3.2927 7.0000 32.9206 0.0029 
30.9998 1.0000 2986.7712 0.2872 0.0924 -0.3054 3.2982 7.0000 33.0889 0.0033 
31.0021 1.0000 2986.9521 0.2865 0.0918 -0.3052 3.2929 8.0000 32.9129 0.0035 
30.9712 1.0000 2975.4511 0.2860 0.0928 -0.3018 3.3000 8.0000 32.9552 0.0032 
30.9987 1.0000 2987.8930 0.2869 0.0932 -0.3006 3.2966 7.0000 30.6689 0.0026 
30.9905 1.0000 2983.5082 0.2822 0.0928 -0.2964 3.2976 7.0000 30.4530 0.0029 
31.0064 1.0000 2989.4507 0.2852 0.0916 -0.3026 3.2940 7.0000 30.3192 0.0029 
30.9812 1.0000 2981.3946 0.2855 0.0922 -0.3038 3.2956 8.0000 30.5816 0.0032 
31.0046 1.0000 2989.0397 0.2875 0.0923 -0.3026 3.2926 7.0000 32.9561 0.0029 
30.9997 1.0000 2985.6709 0.2890 0.0925 -0.3071 3.2975 7.0000 33.0880 0.0029 
30.9801 1.0000 2977.4340 0.2880 0.0931 -0.3044 3.2982 7.0000 30.7686 0.0028 
30.9856 1.0000 2982.2835 0.2889 0.0923 -0.3057 3.2975 8.0000 3.6899 0.0036 
30.9979 1.0000 2986.5627 0.2853 0.0932 -0.3002 3.3040 7.0000 5.1545 0.0025 
30.9773 1.0000 2977.1395 0.2883 0.0936 -0.3045 3.2977 8.0000 3.7300 0.0030 
31.0046 1.0000 2989.0603 0.2847 0.0915 -0.3015 3.2908 8.0000 4.3502 0.0026 
30.9871 1.0000 2980.3320 0.2874 0.0929 -0.3042 3.2967 7.0000 4.8821 0.0024 
31.0114 1.0000 2991.3761 0.2834 0.0924 -0.2960 3.2958 7.0000 4.8613 0.0026 
30.9956 1.0000 2985.8993 0.2841 0.0907 -0.3044 3.2962 7.0000 4.5702 0.0029 
31.0096 1.0000 2992.0074 0.2831 0.0916 -0.2996 3.2984 8.0000 16.0921 0.0032 
30.9954 1.0000 2984.4547 0.2868 0.0935 -0.3009 3.3009 7.0000 14.7274 0.0033 
31.0082 1.0000 2990.2650 0.2848 0.0914 -0.3026 3.2930 7.0000 15.7339 0.0033 
30.9897 1.0000 2982.4420 0.2903 0.0939 -0.3015 3.2939 8.0000 14.2880 0.0030 
31.0052 1.0000 2990.0904 0.2826 0.0917 -0.2963 3.2971 7.0000 3.6019 0.0028 
30.9935 1.0000 2983.5949 0.2864 0.0921 -0.3035 3.2987 7.0000 5.0476 0.0031 
30.9757 1.0000 2975.9359 0.2840 0.0919 -0.3024 3.2969 7.0000 5.0413 0.0024 
31.0129 1.0000 2992.2399 0.2882 0.0915 -0.3053 3.2911 7.0000 5.0975 0.0032 
31.0069 1.0000 2987.9369 0.2890 0.0935 -0.3070 3.2943 7.0000 5.7984 0.0030 
30.9969 1.0000 2985.7812 0.2880 0.0934 -0.3058 3.2958 7.0000 4.7502 0.0029 
30.9943 1.0000 2985.0211 0.2877 0.0922 -0.3047 3.2939 7.0000 4.8384 0.0029 
30.9873 1.0000 2982.2498 0.2869 0.0929 -0.3037 3.2981 7.0000 4.9949 0.0033 
30.9845 1.0000 2981.3211 0.2865 0.0924 -0.3036 3.2998 7.0000 5.1455 0.0032 
30.9938 1.0000 2982.5461 0.2836 0.0899 -0.3020 3.2937 7.0000 6.1495 0.0033 
30.9985 1.0000 2986.1953 0.2843 0.0925 -0.3012 3.3003 7.0000 6.3080 0.0028 
30.9892 1.0000 2981.1046 0.2859 0.0912 -0.3032 3.2959 7.0000 5.2771 0.0031 
31.0129 1.0000 2992.3619 0.2857 0.0925 -0.3012 3.2958 7.0000 3.6508 0.0026 
30.9884 1.0000 2980.9062 0.2850 0.0930 -0.2982 3.2969 7.0000 5.1777 0.0032 
30.9926 1.0000 2984.1605 0.2851 0.0920 -0.3017 3.2976 7.0000 5.1870 0.0032 
30.9982 1.0000 2986.7042 0.2836 0.0903 -0.3025 3.2901 7.0000 5.6301 0.0037 
30.9858 1.0000 2980.9592 0.2873 0.0925 -0.3039 3.2980 7.0000 6.2334 0.0032 
30.9853 1.0000 2980.4802 0.2863 0.0933 -0.3016 3.3011 7.0000 5.3115 0.0027 
31.0029 1.0000 2988.2067 0.2866 0.0917 -0.3056 3.2959 7.0000 6.3872 0.0026 
30.9886 1.0000 2982.9364 0.2861 0.0927 -0.3025 3.3014 8.0000 5.1905 0.0033 
30.9997 1.0000 2986.6835 0.2882 0.0932 -0.3024 3.2979 8.0000 5.0232 0.0034 
30.9910 1.0000 2983.8623 0.2858 0.0899 -0.3066 3.2910 8.0000 5.3216 0.0026 
31.0051 1.0000 2989.0051 0.2891 0.0935 -0.3041 3.2970 7.0000 5.1434 0.0034 
30.9874 1.0000 2983.0167 0.2829 0.0909 -0.2993 3.2961 7.0000 5.1461 0.0030 
31.0162 1.0000 2993.3598 0.2843 0.0915 -0.3015 3.2943 7.0000 5.2346 0.0033 
31.0039 1.0000 2990.0508 0.2839 0.0903 -0.3033 3.2944 8.0000 5.3454 0.0033 
30.9708 1.0000 2975.8905 0.2847 0.0914 -0.3015 3.2966 7.0000 5.0174 0.0031 
30.9859 1.0000 2981.5328 0.2867 0.0933 -0.3029 3.3030 7.0000 6.1423 0.0030 
31.0065 1.0000 2989.3049 0.2882 0.0921 -0.3044 3.2958 7.0000 4.9266 0.0033 
30.9832 1.0000 2980.5472 0.2864 0.0922 -0.3036 3.2976 7.0000 5.1483 0.0030 
30.9825 1.0000 2979.1235 0.2845 0.0920 -0.3016 3.2948 7.0000 5.1862 0.0033 
31.0051 1.0000 2989.5327 0.2826 0.0914 -0.2976 3.2952 7.0000 5.1036 0.0030 
30.9825 1.0000 2979.6904 0.2842 0.0931 -0.2980 3.2934 7.0000 5.2329 0.0024 
30.9946 1.0000 2983.9949 0.2862 0.0914 -0.3033 3.2946 7.0000 3.9577 0.0031 
30.9848 1.0000 2980.3850 0.2851 0.0923 -0.3020 3.2961 7.0000 5.1899 0.0035 
30.9807 1.0000 2978.8503 0.2866 0.0932 -0.2985 3.2987 7.0000 6.5098 0.0026 
30.9904 1.0000 2983.2897 0.2847 0.0919 -0.2995 3.2993 7.0000 6.5095 0.0029 
30.9915 1.0000 2984.9842 0.2863 0.0923 -0.3031 3.2976 7.0000 3.7398 0.0032 
30.9938 1.0000 2984.2172 0.2838 0.0909 -0.3020 3.2966 7.0000 5.1861 0.0026 
30.9837 1.0000 2979.3106 0.2866 0.0917 -0.3043 3.2951 7.0000 6.1096 0.0026 
30.9930 1.0000 2984.3371 0.2865 0.0925 -0.3025 3.2944 7.0000 5.2743 0.0026 
30.9853 1.0000 2980.3673 0.2887 0.0921 -0.3074 3.2980 7.0000 5.0598 0.0026 
30.9946 1.0000 2984.2351 0.2890 0.0930 -0.3032 3.2951 7.0000 5.2340 0.0027 
31.0118 1.0000 2992.0234 0.2862 0.0920 -0.3045 3.2952 7.0000 5.1934 0.0030 
30.9861 1.0000 2981.6766 0.2875 0.0939 -0.3015 3.3005 7.0000 5.3645 0.0033 
30.9776 1.0000 2977.6915 0.2868 0.0919 -0.3050 3.2981 7.0000 4.7706 0.0027 
30.9958 1.0000 2985.5925 0.2868 0.0941 -0.3003 3.3001 7.0000 5.1872 0.0032 
31.0057 1.0000 2988.2425 0.2881 0.0921 -0.3058 3.2983 8.0000 3.7803 0.0032 
31.0064 1.0000 2988.6587 0.2856 0.0918 -0.3016 3.2925 7.0000 5.3225 0.0032 
31.0064 1.0000 2989.1163 0.2850 0.0930 -0.2985 3.2971 7.0000 5.1454 0.0029 
31.0070 1.0000 2988.8039 0.2860 0.0927 -0.3020 3.2982 8.0000 5.0141 0.0027 
30.9971 1.0000 2986.0539 0.2865 0.0919 -0.3043 3.2991 7.0000 5.9389 0.0036 
31.0036 1.0000 2988.3859 0.2851 0.0919 -0.3039 3.2948 8.0000 5.6310 0.0029 
30.9941 1.0000 2985.1090 0.2848 0.0917 -0.3015 3.2932 8.0000 5.1457 0.0029 
30.9856 1.0000 2981.1971 0.2859 0.0919 -0.3052 3.2955 7.0000 5.2767 0.0029 
30.9884 1.0000 2982.6791 0.2872 0.0935 -0.3038 3.3021 7.0000 5.4102 0.0028 
31.0020 1.0000 2986.7000 0.2877 0.0911 -0.3064 3.2990 8.0000 5.4074 0.0031 
30.9873 1.0000 2981.2652 0.2870 0.0920 -0.3041 3.2961 7.0000 3.7373 0.0029 
30.9820 1.0000 2978.7601 0.2848 0.0922 -0.3006 3.2952 7.0000 5.2796 0.0026 
30.9966 1.0000 2986.6423 0.2898 0.0938 -0.3027 3.2993 7.0000 4.0033 0.0029 
31.0044 1.0000 2989.5570 0.2859 0.0941 -0.2992 3.2950 7.0000 3.7829 0.0029 
30.9742 1.0000 2976.8637 0.2889 0.0939 -0.3029 3.3006 7.0000 5.0148 0.0032 
30.9959 1.0000 2986.4655 0.2869 0.0928 -0.3049 3.2956 7.0000 5.0161 0.0027 
30.9982 1.0000 2985.2711 0.2839 0.0918 -0.3023 3.3020 8.0000 6.6179 0.0033 
30.9802 1.0000 2978.0922 0.2853 0.0916 -0.3039 3.2960 8.0000 5.0140 0.0033 
30.9990 1.0000 2987.1588 0.2854 0.0919 -0.3035 3.2947 7.0000 5.2725 0.0028 
30.9962 1.0000 2985.5044 0.2843 0.0929 -0.2994 3.2975 7.0000 5.3225 0.0029 
30.9913 1.0000 2986.0856 0.2854 0.0927 -0.3017 3.3004 7.0000 5.4499 0.0028 
31.0046 1.0000 2988.9446 0.2858 0.0914 -0.3044 3.2939 8.0000 5.6126 0.0028 
30.9982 1.0000 2986.0284 0.2832 0.0913 -0.3018 3.2976 7.0000 3.8263 0.0028 
30.9974 1.0000 2986.7149 0.2842 0.0915 -0.3021 3.2970 7.0000 5.4094 0.0028 
30.9871 1.0000 2981.2621 0.2816 0.0919 -0.2972 3.2968 7.0000 4.0031 0.0028 
31.0016 1.0000 2986.9507 0.2852 0.0913 -0.3037 3.2945 7.0000 5.1331 0.0028 
31.0003 1.0000 2987.3060 0.2877 0.0932 -0.3041 3.2950 7.0000 5.2945 0.0028 
30.9855 1.0000 2980.8320 0.2874 0.0921 -0.3049 3.2967 8.0000 5.1691 0.0028 
30.9905 1.0000 2982.4007 0.2889 0.0935 -0.3029 3.3011 7.0000 8.9712 0.0028 
30.9979 1.0000 2985.3614 0.2875 0.0928 -0.3041 3.2971 7.0000 9.2045 0.0028 
30.9987 1.0000 2986.3969 0.2857 0.0932 -0.2996 3.2980 7.0000 5.3681 0.0028 
