30.8297 11.0000 2918.3252 0.3926 0.1689 -0.2640 3.1696 6.0000 6.7671 0.0083 
30.8219 11.0000 2919.8062 0.3896 0.1652 -0.2762 3.1609 6.0000 7.9399 0.0090 
30.8278 11.0000 2916.9141 0.3972 0.1664 -0.2809 3.1526 6.0000 7.4329 0.0090 
30.8425 11.0000 2924.9578 0.3976 0.1688 -0.2792 3.1485 6.0000 6.9458 0.0093 
30.8039 11.0000 2907.0363 0.3963 0.1660 -0.2812 3.1655 6.0000 7.7396 0.0090 
30.7997 11.0000 2917.4526 0.3978 0.1647 -0.2853 3.1583 7.0000 8.0110 0.0090 
30.8219 11.0000 2923.1562 0.3942 0.1655 -0.2752 3.1524 6.0000 7.1095 0.0090 
30.8301 11.0000 2930.0529 0.3941 0.1670 -0.2782 3.1542 6.0000 7.7058 0.0090 
30.7912 11.0000 2904.0458 0.3955 0.1674 -0.2784 3.1567 6.0000 7.6984 0.0071 
30.8598 11.0000 2931.5967 0.3909 0.1655 -0.2738 3.1528 6.0000 6.9815 0.0090 
30.8353 11.0000 2929.7827 0.3900 0.1646 -0.2715 3.1461 6.0000 6.5627 0.0093 
30.8471 11.0000 2929.8556 0.3961 0.1651 -0.2770 3.1542 7.0000 0.9262 0.0079 
30.8663 11.0000 2935.0843 0.4004 0.1671 -0.2878 3.1606 6.0000 1.4491 0.0068 
30.8297 11.0000 2919.7487 0.3937 0.1645 -0.2872 3.1536 6.0000 1.2757 0.0074 
30.8095 11.0000 2920.7837 0.3924 0.1639 -0.2781 3.1602 7.0000 1.4080 0.0077 
30.8467 11.0000 2931.5111 0.3920 0.1649 -0.2771 3.1554 6.0000 2.7771 0.0091 
30.8291 11.0000 2917.5418 0.3985 0.1655 -0.2934 3.1505 6.0000 3.8356 0.0094 
30.8379 11.0000 2933.4265 0.3935 0.1643 -0.2752 3.1445 6.0000 5.1098 0.0091 
30.7820 11.0000 2894.0016 0.4003 0.1689 -0.2824 3.1650 7.0000 5.5473 0.0091 
30.8013 11.0000 2903.6820 0.3966 0.1665 -0.2864 3.1587 6.0000 4.8337 0.0094 
30.8425 11.0000 2936.6709 0.3922 0.1656 -0.2732 3.1688 6.0000 5.1543 0.0077 
30.8088 11.0000 2920.0641 0.3929 0.1664 -0.2753 3.1492 6.0000 4.8341 0.0094 
30.8585 11.0000 2945.5889 0.3968 0.1654 -0.2814 3.1534 7.0000 0.8805 0.0087 
30.8755 11.0000 2937.7918 0.3981 0.1651 -0.2862 3.1582 6.0000 1.3588 0.0087 
30.8503 11.0000 2929.0229 0.3919 0.1650 -0.2792 3.1594 6.0000 1.3649 0.0084 
30.8075 11.0000 2908.0392 0.3962 0.1653 -0.2860 3.1539 6.0000 2.4161 0.0081 
30.7853 11.0000 2885.8863 0.3993 0.1691 -0.2878 3.1533 6.0000 1.8043 0.0092 
30.7977 11.0000 2901.0637 0.3964 0.1663 -0.2864 3.1611 6.0000 1.3645 0.0105 
30.8075 11.0000 2906.6585 0.3980 0.1661 -0.2851 3.1528 7.0000 1.3588 0.0087 
30.8134 11.0000 2910.4173 0.3994 0.1659 -0.2895 3.1532 6.0000 1.5543 0.0106 
30.7964 11.0000 2904.5245 0.4007 0.1680 -0.2858 3.1563 6.0000 1.4067 0.0106 
30.7912 11.0000 2901.5062 0.4015 0.1672 -0.2911 3.1586 7.0000 1.3633 0.0100 
30.8186 11.0000 2915.8258 0.3995 0.1673 -0.2834 3.1586 6.0000 1.4940 0.0100 
30.8196 11.0000 2925.3448 0.3926 0.1642 -0.2716 3.1558 6.0000 1.3225 0.0093 
30.8268 11.0000 2927.4438 0.3925 0.1650 -0.2727 3.1637 6.0000 0.8793 0.0094 
30.8026 11.0000 2918.0556 0.3952 0.1654 -0.2803 3.1530 6.0000 1.2716 0.0084 
30.8199 11.0000 2911.7846 0.3913 0.1661 -0.2759 3.1575 7.0000 1.3200 0.0104 
30.8366 11.0000 2918.3585 0.3957 0.1646 -0.2836 3.1534 6.0000 1.3202 0.0098 
30.7644 11.0000 2896.4990 0.3992 0.1673 -0.2805 3.1689 6.0000 1.4497 0.0098 
30.7611 11.0000 2893.5866 0.3988 0.1688 -0.2840 3.1502 6.0000 1.3629 0.0079 
30.8180 11.0000 2917.4023 0.3939 0.1645 -0.2787 3.1489 6.0000 2.2897 0.0083 
30.7791 11.0000 2910.8333 0.3929 0.1650 -0.2734 3.1499 6.0000 2.3748 0.0088 
30.7993 11.0000 2907.0147 0.3921 0.1647 -0.2803 3.1523 6.0000 1.4086 0.0075 
30.8007 11.0000 2916.5732 0.3921 0.1654 -0.2757 3.1459 6.0000 1.5401 0.0075 
30.7967 11.0000 2904.6801 0.3939 0.1661 -0.2800 3.1561 6.0000 1.4065 0.0090 
30.7850 11.0000 2917.0523 0.3922 0.1667 -0.2728 3.1506 6.0000 1.4083 0.0099 
30.8265 11.0000 2908.7958 0.3975 0.1676 -0.2853 3.1693 6.0000 1.8847 0.0094 
30.8343 11.0000 2931.0346 0.3931 0.1633 -0.2818 3.1523 6.0000 1.4071 0.0091 
30.7673 11.0000 2886.0670 0.3954 0.1663 -0.2835 3.1498 6.0000 1.4023 0.0094 
30.8422 11.0000 2924.1036 0.3965 0.1664 -0.2773 3.1543 6.0000 1.4512 0.0084 
30.8307 11.0000 2916.2614 0.3966 0.1649 -0.2845 3.1505 6.0000 1.3629 0.0098 
30.8167 11.0000 2916.4448 0.3960 0.1656 -0.2833 3.1583 6.0000 1.3662 0.0082 
30.8559 11.0000 2935.0853 0.3975 0.1673 -0.2768 3.1514 6.0000 1.4106 0.0101 
30.8343 11.0000 2934.3304 0.3954 0.1625 -0.2837 3.1511 6.0000 1.4083 0.0086 
30.8095 11.0000 2916.9997 0.3905 0.1642 -0.2737 3.1505 6.0000 1.4520 0.0086 
30.7961 11.0000 2912.2523 0.4010 0.1697 -0.2817 3.1496 6.0000 1.3201 0.0102 
30.8072 11.0000 2914.5340 0.3940 0.1656 -0.2758 3.1585 6.0000 0.9232 0.0074 
30.7807 11.0000 2895.6794 0.3998 0.1688 -0.2838 3.1554 6.0000 1.3201 0.0074 
30.7980 11.0000 2907.2686 0.3928 0.1645 -0.2792 3.1519 6.0000 1.4945 0.0090 
30.8275 11.0000 2908.8520 0.3943 0.1670 -0.2744 3.1577 7.0000 1.3638 0.0085 
30.7837 11.0000 2901.0163 0.3986 0.1679 -0.2826 3.1680 6.0000 1.3058 0.0090 
30.8337 11.0000 2929.3307 0.3999 0.1676 -0.2783 3.1572 6.0000 1.3590 0.0098 
30.7745 11.0000 2902.3078 0.3918 0.1649 -0.2779 3.1531 6.0000 1.2782 0.0094 
30.8206 11.0000 2910.8408 0.3955 0.1677 -0.2837 3.1721 6.0000 1.4940 0.0084 
30.7853 11.0000 2906.2098 0.4051 0.1699 -0.2856 3.1571 6.0000 1.3178 0.0082 
30.7732 11.0000 2902.0000 0.3927 0.1652 -0.2827 3.1521 6.0000 1.3639 0.0082 
30.8595 11.0000 2940.4141 0.3917 0.1653 -0.2788 3.1517 6.0000 1.4515 0.0082 
30.8572 11.0000 2932.6624 0.4001 0.1684 -0.2823 3.1516 6.0000 1.4755 0.0087 
30.8101 11.0000 2918.0075 0.3915 0.1616 -0.2847 3.1537 6.0000 0.8823 0.0087 
30.8886 11.0000 2950.5575 0.4011 0.1681 -0.2869 3.1466 6.0000 2.1954 0.0076 
30.8239 11.0000 2928.9761 0.3925 0.1658 -0.2770 3.1579 6.0000 2.1518 0.0089 
30.7850 11.0000 2904.3954 0.3906 0.1640 -0.2769 3.1498 6.0000 1.4499 0.0080 
30.7984 11.0000 2902.7382 0.3946 0.1629 -0.2875 3.1523 6.0000 1.3207 0.0073 
30.8288 11.0000 2915.7242 0.4047 0.1681 -0.2911 3.1575 6.0000 1.4080 0.0088 
30.8327 11.0000 2922.1781 0.3934 0.1663 -0.2788 3.1574 7.0000 1.4934 0.0083 
30.7330 11.0000 2869.1441 0.3987 0.1682 -0.2893 3.1633 6.0000 1.3126 0.0085 
30.8186 11.0000 2925.4993 0.4008 0.1692 -0.2805 3.1631 6.0000 1.4051 0.0085 
30.8183 11.0000 2911.8977 0.3970 0.1676 -0.2780 3.1577 6.0000 1.3216 0.0076 
30.8327 11.0000 2920.4209 0.3961 0.1675 -0.2811 3.1643 6.0000 1.4058 0.0101 
30.8510 11.0000 2933.0163 0.3981 0.1651 -0.2882 3.1611 6.0000 1.4953 0.0110 
30.8114 11.0000 2912.1598 0.3932 0.1653 -0.2827 3.1546 6.0000 1.3663 0.0083 
30.8389 11.0000 2924.0804 0.3954 0.1655 -0.2841 3.1506 6.0000 1.4537 0.0092 
30.8154 11.0000 2920.9624 0.3957 0.1667 -0.2784 3.1552 6.0000 1.4498 0.0079 
30.8605 11.0000 2929.4627 0.3942 0.1623 -0.2880 3.1612 6.0000 1.4069 0.0082 
30.8297 11.0000 2927.4101 0.3989 0.1687 -0.2813 3.1581 6.0000 1.2771 0.0092 
30.8239 11.0000 2925.1895 0.4015 0.1702 -0.2813 3.1625 6.0000 1.4473 0.0079 
30.8435 11.0000 2930.7346 0.3946 0.1659 -0.2774 3.1533 6.0000 1.2640 0.0102 
30.8523 11.0000 2937.5752 0.3882 0.1630 -0.2710 3.1571 6.0000 1.4048 0.0102 
30.7771 11.0000 2900.2007 0.3973 0.1668 -0.2781 3.1587 6.0000 0.9242 0.0102 
30.7471 11.0000 2882.3173 0.3973 0.1650 -0.2835 3.1524 6.0000 1.4074 0.0096 
30.8310 11.0000 2924.2232 0.3992 0.1672 -0.2846 3.1524 6.0000 1.4934 0.0096 
30.8039 11.0000 2906.0075 0.3919 0.1674 -0.2753 3.1632 6.0000 1.4079 0.0096 
30.7480 11.0000 2876.3092 0.3951 0.1677 -0.2832 3.1551 6.0000 2.7666 0.0096 
30.8435 11.0000 2924.7755 0.3986 0.1666 -0.2813 3.1570 6.0000 1.7627 0.0096 
30.8327 11.0000 2928.8595 0.3889 0.1626 -0.2746 3.1514 6.0000 1.3547 0.0096 
30.8428 11.0000 2928.7314 0.3953 0.1630 -0.2890 3.1573 6.0000 1.3661 0.0096 
30.7742 11.0000 2902.9529 0.3955 0.1645 -0.2812 3.1498 6.0000 1.5372 0.0096 
30.7830 11.0000 2900.3435 0.3911 0.1653 -0.2767 3.1525 6.0000 1.6714 0.0096 
30.7990 11.0000 2910.3706 0.3952 0.1662 -0.2830 3.1564 6.0000 2.7618 0.0096 
30.7895 11.0000 2911.1556 0.3884 0.1652 -0.2710 3.1514 7.0000 2.7330 0.0096 
