30.9743 1.0000 2974.9175 0.2558 0.0810 -0.3068 3.2194 8.0000 21.2798 0.0044 
30.9941 1.0000 2984.6158 0.2560 0.0820 -0.3046 3.2186 7.0000 20.5722 0.0044 
30.9500 1.0000 2965.5513 0.2560 0.0805 -0.3077 3.2211 7.0000 21.2801 0.0039 
30.9661 1.0000 2972.9261 0.2505 0.0799 -0.2996 3.2186 7.0000 22.4570 0.0041 
30.9377 1.0000 2963.3229 0.2523 0.0795 -0.3037 3.2192 7.0000 23.1166 0.0039 
30.9753 1.0000 2979.2114 0.2530 0.0803 -0.3023 3.2197 7.0000 23.3784 0.0037 
30.9612 1.0000 2970.9810 0.2534 0.0801 -0.3023 3.2175 7.0000 22.2825 0.0044 
30.9587 1.0000 2969.6669 0.2544 0.0791 -0.3065 3.2246 6.0000 23.4657 0.0038 
30.9720 1.0000 2976.3846 0.2552 0.0808 -0.3038 3.2200 7.0000 22.6761 0.0043 
30.9596 1.0000 2970.5590 0.2519 0.0806 -0.3005 3.2218 7.0000 22.2389 0.0047 
30.9246 1.0000 2956.5008 0.2558 0.0806 -0.3063 3.2224 7.0000 22.2808 0.0041 
30.9600 1.0000 2970.9424 0.2522 0.0795 -0.3024 3.2214 7.0000 2.8031 0.0044 
30.9424 1.0000 2960.6736 0.2531 0.0805 -0.3032 3.2239 7.0000 2.4180 0.0039 
30.9696 1.0000 2974.1438 0.2494 0.0809 -0.2958 3.2189 6.0000 2.5499 0.0038 
30.9524 1.0000 2966.9602 0.2530 0.0796 -0.3046 3.2219 7.0000 3.5627 0.0039 
30.9673 1.0000 2971.5355 0.2570 0.0811 -0.3068 3.2194 6.0000 3.4676 0.0040 
30.9728 1.0000 2976.6479 0.2545 0.0809 -0.3034 3.2161 7.0000 3.3820 0.0039 
30.9610 1.0000 2970.1019 0.2537 0.0797 -0.3058 3.2177 6.0000 4.3353 0.0036 
30.9498 1.0000 2965.6918 0.2545 0.0804 -0.3042 3.2214 7.0000 3.4628 0.0036 
30.9512 1.0000 2966.8154 0.2530 0.0807 -0.3032 3.2215 7.0000 9.2985 0.0039 
30.9500 1.0000 2965.9291 0.2556 0.0818 -0.3029 3.2230 7.0000 9.3403 0.0039 
30.9853 1.0000 2981.3133 0.2520 0.0797 -0.3010 3.2212 7.0000 8.3960 0.0039 
30.9671 1.0000 2974.1996 0.2541 0.0803 -0.3054 3.2183 6.0000 2.5525 0.0036 
30.9579 1.0000 2969.4565 0.2545 0.0799 -0.3059 3.2204 7.0000 4.0049 0.0040 
30.9685 1.0000 2974.2992 0.2546 0.0804 -0.3051 3.2214 7.0000 5.2352 0.0031 
30.9671 1.0000 2974.0323 0.2557 0.0801 -0.3057 3.2172 7.0000 3.8577 0.0036 
30.9616 1.0000 2971.7596 0.2528 0.0797 -0.3032 3.2226 7.0000 2.5506 0.0036 
30.9647 1.0000 2971.7228 0.2569 0.0812 -0.3059 3.2176 6.0000 3.6503 0.0040 
30.9643 1.0000 2973.1808 0.2537 0.0796 -0.3042 3.2183 7.0000 3.9215 0.0031 
30.9761 1.0000 2977.7373 0.2533 0.0793 -0.3039 3.2160 7.0000 3.7679 0.0039 
30.9528 1.0000 2967.2500 0.2539 0.0803 -0.3033 3.2185 7.0000 4.5250 0.0037 
30.9663 1.0000 2972.0149 0.2536 0.0788 -0.3065 3.2149 7.0000 4.4865 0.0037 
30.9757 1.0000 2977.1017 0.2535 0.0800 -0.3031 3.2209 7.0000 3.6937 0.0037 
30.9739 1.0000 2976.1560 0.2548 0.0796 -0.3084 3.2157 7.0000 3.7366 0.0039 
30.9630 1.0000 2968.5852 0.2556 0.0801 -0.3069 3.2135 7.0000 3.5203 0.0041 
30.9616 1.0000 2971.4463 0.2541 0.0807 -0.3042 3.2211 7.0000 3.7957 0.0041 
30.9914 1.0000 2985.1769 0.2550 0.0799 -0.3038 3.2188 7.0000 3.8670 0.0037 
30.9822 1.0000 2980.3401 0.2527 0.0791 -0.3054 3.2177 7.0000 4.3018 0.0037 
30.9628 1.0000 2972.0145 0.2548 0.0802 -0.3062 3.2199 6.0000 4.2204 0.0042 
30.9663 1.0000 2972.7067 0.2527 0.0805 -0.3041 3.2234 7.0000 3.7677 0.0037 
30.9734 1.0000 2978.1111 0.2524 0.0811 -0.3021 3.2212 7.0000 3.7353 0.0049 
30.9759 1.0000 2978.7275 0.2515 0.0791 -0.3033 3.2160 7.0000 3.5310 0.0040 
30.9730 1.0000 2975.6791 0.2530 0.0801 -0.3040 3.2174 6.0000 5.4470 0.0040 
30.9667 1.0000 2973.8119 0.2513 0.0786 -0.3047 3.2177 7.0000 5.3238 0.0041 
30.9600 1.0000 2971.9592 0.2516 0.0798 -0.3017 3.2182 7.0000 3.7382 0.0038 
30.9638 1.0000 2970.5027 0.2566 0.0801 -0.3079 3.2174 7.0000 5.4400 0.0039 
30.9734 1.0000 2975.4649 0.2509 0.0797 -0.3020 3.2227 7.0000 5.1353 0.0043 
30.9722 1.0000 2977.5972 0.2553 0.0805 -0.3031 3.2174 7.0000 3.8244 0.0042 
30.9561 1.0000 2968.3679 0.2560 0.0804 -0.3073 3.2166 7.0000 3.8682 0.0040 
30.9361 1.0000 2960.5913 0.2517 0.0794 -0.3019 3.2209 6.0000 3.7251 0.0037 
30.9724 1.0000 2975.2020 0.2540 0.0798 -0.3042 3.2197 6.0000 3.7349 0.0047 
30.9612 1.0000 2970.7804 0.2556 0.0804 -0.3062 3.2187 7.0000 3.7839 0.0037 
30.9628 1.0000 2973.5071 0.2541 0.0781 -0.3071 3.2142 7.0000 3.8542 0.0041 
30.9598 1.0000 2971.6634 0.2527 0.0794 -0.3032 3.2157 7.0000 4.1781 0.0047 
30.9692 1.0000 2973.8529 0.2519 0.0812 -0.3013 3.2200 7.0000 4.1792 0.0047 
30.9645 1.0000 2972.7224 0.2545 0.0805 -0.3045 3.2209 7.0000 3.7840 0.0042 
30.9545 1.0000 2968.5790 0.2526 0.0786 -0.3054 3.2157 7.0000 2.7656 0.0040 
30.9420 1.0000 2964.9169 0.2509 0.0803 -0.3003 3.2190 7.0000 3.7379 0.0040 
30.9553 1.0000 2969.2445 0.2552 0.0805 -0.3053 3.2174 7.0000 2.5542 0.0034 
30.9643 1.0000 2972.7804 0.2544 0.0802 -0.3047 3.2168 7.0000 3.9872 0.0044 
30.9706 1.0000 2976.4536 0.2524 0.0795 -0.3023 3.2195 6.0000 3.7818 0.0039 
30.9722 1.0000 2975.9001 0.2491 0.0800 -0.2983 3.2181 7.0000 3.8133 0.0041 
30.9592 1.0000 2971.9079 0.2532 0.0788 -0.3058 3.2199 7.0000 3.7405 0.0042 
30.9400 1.0000 2962.3440 0.2550 0.0798 -0.3062 3.2207 7.0000 3.7732 0.0042 
30.9551 1.0000 2970.0984 0.2516 0.0803 -0.3024 3.2209 7.0000 4.5996 0.0041 
30.9565 1.0000 2969.4724 0.2525 0.0788 -0.3054 3.2212 7.0000 4.6925 0.0045 
30.9643 1.0000 2972.8809 0.2539 0.0792 -0.3056 3.2166 7.0000 3.8644 0.0043 
30.9638 1.0000 2971.3047 0.2508 0.0791 -0.3000 3.2213 7.0000 4.1197 0.0043 
30.9800 1.0000 2977.5018 0.2544 0.0799 -0.3052 3.2168 7.0000 5.6819 0.0042 
30.9655 1.0000 2972.9330 0.2528 0.0798 -0.3044 3.2178 7.0000 3.7844 0.0043 
30.9493 1.0000 2967.4402 0.2527 0.0803 -0.3010 3.2191 7.0000 3.5728 0.0044 
30.9600 1.0000 2969.1546 0.2524 0.0798 -0.3026 3.2196 7.0000 3.3840 0.0043 
30.9561 1.0000 2968.2100 0.2520 0.0790 -0.3041 3.2178 6.0000 3.9032 0.0041 
30.9828 1.0000 2980.1883 0.2547 0.0803 -0.3037 3.2163 6.0000 6.2697 0.0048 
30.9604 1.0000 2971.2588 0.2557 0.0805 -0.3066 3.2181 7.0000 6.2262 0.0042 
30.9487 1.0000 2965.6074 0.2529 0.0798 -0.3029 3.2202 7.0000 3.3701 0.0045 
30.9526 1.0000 2967.0723 0.2541 0.0802 -0.3056 3.2204 7.0000 3.7715 0.0046 
30.9534 1.0000 2968.6930 0.2515 0.0792 -0.3012 3.2168 6.0000 3.1589 0.0042 
30.9571 1.0000 2969.3983 0.2529 0.0804 -0.3015 3.2229 7.0000 3.5984 0.0040 
30.9532 1.0000 2967.4536 0.2542 0.0810 -0.3039 3.2228 7.0000 3.8947 0.0047 
30.9516 1.0000 2967.0831 0.2526 0.0801 -0.3017 3.2200 7.0000 2.7190 0.0043 
30.9524 1.0000 2968.1420 0.2520 0.0806 -0.3014 3.2166 7.0000 3.7840 0.0039 
30.9602 1.0000 2970.0129 0.2553 0.0803 -0.3074 3.2158 6.0000 3.8792 0.0039 
30.9379 1.0000 2961.5882 0.2523 0.0801 -0.3035 3.2221 7.0000 4.1984 0.0037 
30.9577 1.0000 2970.0774 0.2527 0.0805 -0.3019 3.2232 7.0000 3.9475 0.0041 
30.9449 1.0000 2964.4199 0.2495 0.0792 -0.3013 3.2227 7.0000 3.8504 0.0041 
30.9477 1.0000 2966.2028 0.2524 0.0800 -0.3044 3.2183 7.0000 3.8098 0.0036 
30.9569 1.0000 2969.6158 0.2526 0.0790 -0.3033 3.2205 7.0000 4.1217 0.0037 
30.9628 1.0000 2973.5472 0.2528 0.0795 -0.3045 3.2172 7.0000 3.7577 0.0039 
30.9404 1.0000 2964.0345 0.2549 0.0806 -0.3069 3.2144 7.0000 3.7471 0.0034 
30.9534 1.0000 2966.7598 0.2562 0.0805 -0.3066 3.2202 7.0000 3.7865 0.0034 
30.9669 1.0000 2972.8397 0.2540 0.0812 -0.3017 3.2226 7.0000 3.7770 0.0034 
30.9665 1.0000 2972.3317 0.2551 0.0802 -0.3063 3.2192 6.0000 5.3589 0.0034 
30.9726 1.0000 2972.8809 0.2525 0.0808 -0.3035 3.2239 7.0000 5.8066 0.0034 
30.9759 1.0000 2977.1287 0.2518 0.0797 -0.3014 3.2184 7.0000 3.7365 0.0034 
30.9602 1.0000 2969.5362 0.2521 0.0801 -0.3036 3.2185 6.0000 3.4190 0.0034 
30.9734 1.0000 2975.1963 0.2522 0.0794 -0.3056 3.2186 7.0000 4.1382 0.0034 
30.9710 1.0000 2974.8969 0.2537 0.0794 -0.3063 3.2185 7.0000 4.6424 0.0034 
30.9651 1.0000 2974.4863 0.2505 0.0798 -0.3021 3.2184 7.0000 3.6853 0.0034 
30.9800 1.0000 2978.1871 0.2515 0.0789 -0.3027 3.2206 6.0000 3.6277 0.0034 
