30.9530 1.0000 2949.8632 0.1757 0.0734 -0.2324 2.9949 6.0000 8.0649 0.0045 
30.9395 1.0000 2947.0204 0.1811 0.0760 -0.2369 2.9977 6.0000 9.3199 0.0045 
30.9314 1.0000 2941.6193 0.1768 0.0747 -0.2347 3.0014 6.0000 8.8548 0.0045 
30.9224 1.0000 2937.1528 0.1778 0.0739 -0.2344 2.9981 6.0000 8.5254 0.0046 
30.9101 1.0000 2935.7741 0.1737 0.0747 -0.2280 3.0006 6.0000 8.8557 0.0045 
30.9297 1.0000 2945.3905 0.1790 0.0750 -0.2362 3.0012 6.0000 9.5573 0.0045 
30.9265 1.0000 2943.1822 0.1780 0.0754 -0.2355 3.0023 5.0000 9.1900 0.0045 
30.9236 1.0000 2939.1148 0.1777 0.0748 -0.2332 3.0008 6.0000 9.5553 0.0046 
30.9534 1.0000 2954.8399 0.1769 0.0745 -0.2325 2.9929 6.0000 9.2884 0.0045 
30.9984 1.0000 2972.8619 0.1799 0.0758 -0.2350 2.9946 6.0000 9.4397 0.0040 
30.9628 1.0000 2960.3967 0.1793 0.0748 -0.2364 3.0025 7.0000 9.7691 0.0045 
30.9428 1.0000 2945.8554 0.1760 0.0740 -0.2333 2.9960 6.0000 1.4060 0.0049 
30.9714 1.0000 2962.0511 0.1780 0.0756 -0.2320 2.9966 6.0000 1.5001 0.0049 
30.9485 1.0000 2951.0731 0.1788 0.0750 -0.2347 2.9966 6.0000 1.0115 0.0050 
30.9428 1.0000 2947.8538 0.1808 0.0746 -0.2387 2.9961 6.0000 5.2805 0.0039 
30.9375 1.0000 2947.0208 0.1792 0.0754 -0.2352 2.9996 6.0000 7.0847 0.0040 
30.9457 1.0000 2947.0654 0.1778 0.0743 -0.2358 3.0026 6.0000 6.2921 0.0044 
30.9575 1.0000 2952.8701 0.1823 0.0763 -0.2386 2.9997 6.0000 7.6655 0.0040 
30.9759 1.0000 2963.7467 0.1805 0.0759 -0.2370 2.9951 6.0000 6.7921 0.0047 
30.9518 1.0000 2950.1005 0.1804 0.0755 -0.2347 3.0009 6.0000 7.3849 0.0040 
30.9326 1.0000 2943.0743 0.1793 0.0732 -0.2378 2.9963 5.0000 7.4269 0.0040 
30.9289 1.0000 2940.2941 0.1742 0.0736 -0.2307 2.9959 6.0000 6.3757 0.0047 
30.9350 1.0000 2945.8950 0.1763 0.0737 -0.2367 2.9985 6.0000 1.4480 0.0041 
30.9359 1.0000 2943.1499 0.1742 0.0737 -0.2291 2.9953 6.0000 1.0112 0.0045 
30.9661 1.0000 2956.5613 0.1765 0.0748 -0.2324 2.9976 6.0000 1.4072 0.0042 
30.9518 1.0000 2952.1360 0.1761 0.0746 -0.2319 2.9991 6.0000 1.3643 0.0042 
30.9416 1.0000 2950.4453 0.1780 0.0753 -0.2342 2.9922 5.0000 1.0143 0.0053 
30.9424 1.0000 2949.4796 0.1722 0.0753 -0.2245 2.9978 6.0000 1.6706 0.0049 
30.9641 1.0000 2958.1446 0.1799 0.0743 -0.2377 2.9934 6.0000 1.7143 0.0049 
30.9518 1.0000 2952.8693 0.1769 0.0746 -0.2334 2.9964 6.0000 2.2782 0.0041 
30.9310 1.0000 2940.6209 0.1791 0.0748 -0.2359 2.9990 6.0000 2.6406 0.0041 
30.9224 1.0000 2940.1928 0.1769 0.0750 -0.2323 2.9999 7.0000 2.6368 0.0041 
30.9592 1.0000 2954.1095 0.1751 0.0746 -0.2291 2.9973 6.0000 2.2876 0.0041 
30.9461 1.0000 2951.1528 0.1776 0.0746 -0.2333 2.9970 6.0000 1.4497 0.0048 
30.9555 1.0000 2955.3489 0.1791 0.0753 -0.2359 2.9981 6.0000 1.4932 0.0048 
30.9244 1.0000 2937.1430 0.1777 0.0747 -0.2351 2.9954 6.0000 1.8967 0.0042 
30.9224 1.0000 2939.7357 0.1783 0.0741 -0.2353 2.9991 6.0000 1.8156 0.0048 
30.9338 1.0000 2940.8468 0.1760 0.0739 -0.2331 2.9993 7.0000 1.4918 0.0049 
30.9547 1.0000 2951.9910 0.1809 0.0740 -0.2407 3.0000 6.0000 1.8674 0.0048 
30.9608 1.0000 2955.6405 0.1774 0.0744 -0.2322 2.9962 6.0000 1.7774 0.0049 
30.9485 1.0000 2948.7292 0.1774 0.0738 -0.2356 3.0003 6.0000 2.5071 0.0048 
30.9444 1.0000 2948.2659 0.1808 0.0746 -0.2399 2.9934 6.0000 2.7302 0.0048 
30.9714 1.0000 2962.2055 0.1783 0.0747 -0.2358 2.9971 6.0000 2.7283 0.0052 
30.9379 1.0000 2948.8558 0.1740 0.0745 -0.2275 2.9979 7.0000 2.4627 0.0048 
30.9395 1.0000 2946.0225 0.1794 0.0758 -0.2346 3.0007 6.0000 1.4070 0.0050 
30.9551 1.0000 2952.7982 0.1755 0.0743 -0.2310 2.9939 6.0000 1.4080 0.0044 
30.9391 1.0000 2944.9081 0.1808 0.0751 -0.2398 2.9981 6.0000 1.4104 0.0055 
30.9481 1.0000 2951.3472 0.1784 0.0757 -0.2322 2.9966 6.0000 1.4910 0.0046 
30.9350 1.0000 2946.2410 0.1773 0.0751 -0.2340 2.9996 6.0000 1.4894 0.0046 
30.9338 1.0000 2943.7079 0.1743 0.0749 -0.2283 2.9993 6.0000 1.4525 0.0042 
30.9248 1.0000 2941.9641 0.1787 0.0743 -0.2369 2.9975 6.0000 1.4084 0.0046 
30.9367 1.0000 2945.9616 0.1751 0.0744 -0.2308 2.9991 6.0000 1.4016 0.0046 
30.9371 1.0000 2944.9971 0.1788 0.0744 -0.2367 2.9957 6.0000 1.6606 0.0051 
30.9518 1.0000 2952.2565 0.1768 0.0747 -0.2330 3.0003 5.0000 2.0547 0.0051 
30.9163 1.0000 2936.1622 0.1777 0.0744 -0.2359 2.9972 6.0000 1.8467 0.0042 
30.9322 1.0000 2943.2141 0.1774 0.0744 -0.2331 2.9975 6.0000 1.0546 0.0043 
30.9514 1.0000 2951.3893 0.1782 0.0743 -0.2363 2.9994 6.0000 1.4526 0.0049 
30.9444 1.0000 2952.9097 0.1742 0.0753 -0.2269 2.9970 6.0000 1.4517 0.0046 
30.9579 1.0000 2955.9101 0.1799 0.0739 -0.2376 2.9930 5.0000 2.8150 0.0046 
30.9277 1.0000 2941.1168 0.1794 0.0751 -0.2372 3.0014 6.0000 2.2439 0.0048 
30.9444 1.0000 2946.4837 0.1775 0.0738 -0.2350 2.9951 6.0000 1.4877 0.0053 
30.9350 1.0000 2944.1430 0.1791 0.0743 -0.2361 2.9974 6.0000 1.4512 0.0038 
30.9563 1.0000 2956.1679 0.1801 0.0733 -0.2410 2.9975 6.0000 1.4001 0.0040 
30.9301 1.0000 2941.6732 0.1788 0.0741 -0.2386 2.9982 6.0000 1.4501 0.0045 
30.9400 1.0000 2946.9289 0.1767 0.0743 -0.2337 2.9993 6.0000 1.0539 0.0038 
30.9547 1.0000 2954.6520 0.1813 0.0743 -0.2419 2.9924 6.0000 1.3639 0.0038 
30.9338 1.0000 2944.6377 0.1781 0.0754 -0.2347 2.9964 7.0000 1.4529 0.0049 
30.9444 1.0000 2949.3946 0.1768 0.0747 -0.2323 2.9984 6.0000 1.4944 0.0038 
30.9444 1.0000 2952.2831 0.1794 0.0743 -0.2378 2.9977 6.0000 1.4532 0.0039 
30.9375 1.0000 2946.8913 0.1782 0.0744 -0.2355 2.9966 6.0000 1.4937 0.0041 
30.9477 1.0000 2950.3660 0.1788 0.0752 -0.2363 2.9982 6.0000 1.4489 0.0048 
30.9232 1.0000 2937.8938 0.1781 0.0742 -0.2370 2.9987 5.0000 1.4059 0.0053 
30.9620 1.0000 2955.1524 0.1768 0.0752 -0.2313 2.9978 6.0000 1.4932 0.0048 
30.9677 1.0000 2960.0408 0.1797 0.0749 -0.2369 2.9980 6.0000 1.4499 0.0053 
30.9346 1.0000 2943.0253 0.1774 0.0744 -0.2364 2.9985 7.0000 3.3423 0.0041 
30.9555 1.0000 2952.5241 0.1782 0.0756 -0.2344 2.9990 6.0000 3.8266 0.0047 
30.9359 1.0000 2944.7553 0.1774 0.0743 -0.2357 2.9961 6.0000 3.4316 0.0041 
30.9702 1.0000 2961.1842 0.1761 0.0752 -0.2300 2.9988 6.0000 1.4913 0.0038 
30.9661 1.0000 2961.2071 0.1781 0.0743 -0.2345 2.9974 6.0000 1.4720 0.0042 
30.9224 1.0000 2940.5964 0.1745 0.0740 -0.2316 3.0011 6.0000 1.4906 0.0040 
30.9596 1.0000 2955.9604 0.1780 0.0753 -0.2350 2.9965 6.0000 1.0574 0.0048 
30.9387 1.0000 2945.1940 0.1798 0.0745 -0.2379 2.9997 6.0000 1.4083 0.0048 
30.9367 1.0000 2944.2651 0.1764 0.0741 -0.2327 2.9995 6.0000 1.4496 0.0046 
30.9224 1.0000 2935.8770 0.1763 0.0731 -0.2354 2.9961 6.0000 1.4518 0.0038 
30.9604 1.0000 2956.7063 0.1811 0.0747 -0.2379 2.9959 6.0000 1.4106 0.0038 
30.9526 1.0000 2950.8525 0.1797 0.0746 -0.2372 2.9972 6.0000 1.7065 0.0046 
30.9424 1.0000 2947.9228 0.1764 0.0753 -0.2321 2.9985 6.0000 1.7545 0.0044 
30.9698 1.0000 2960.5376 0.1793 0.0748 -0.2374 2.9945 6.0000 1.4522 0.0048 
30.9367 1.0000 2946.9498 0.1750 0.0737 -0.2336 3.0030 6.0000 1.5373 0.0035 
30.9555 1.0000 2955.1385 0.1791 0.0752 -0.2343 2.9954 6.0000 1.4362 0.0043 
30.9620 1.0000 2957.1949 0.1796 0.0761 -0.2352 2.9973 6.0000 1.4960 0.0043 
30.9379 1.0000 2948.9628 0.1785 0.0744 -0.2362 2.9981 6.0000 1.5377 0.0043 
30.9436 1.0000 2950.4902 0.1802 0.0749 -0.2387 2.9924 6.0000 1.4486 0.0043 
30.9702 1.0000 2961.4518 0.1741 0.0754 -0.2266 2.9977 6.0000 2.8637 0.0043 
30.9600 1.0000 2958.0715 0.1767 0.0750 -0.2309 3.0006 6.0000 2.2850 0.0043 
30.9408 1.0000 2948.3166 0.1772 0.0751 -0.2322 3.0023 6.0000 1.4935 0.0043 
30.9502 1.0000 2948.3166 0.1768 0.0743 -0.2336 2.9984 6.0000 1.4524 0.0043 
30.9367 1.0000 2944.8566 0.1813 0.0751 -0.2398 2.9990 6.0000 1.4518 0.0043 
30.9783 1.0000 2968.9101 0.1776 0.0745 -0.2343 2.9944 6.0000 1.4534 0.0043 
30.9542 1.0000 2954.1013 0.1763 0.0747 -0.2298 2.9997 6.0000 1.4814 0.0043 
