30.9657 1.0000 2976.0823 0.3122 0.1074 -0.3029 3.2518 6.0000 19.7674 0.0048 
30.9630 1.0000 2974.5650 0.3093 0.1070 -0.2989 3.2411 7.0000 18.7115 0.0043 
30.9359 1.0000 2962.5715 0.3086 0.1065 -0.3002 3.2488 8.0000 19.2368 0.0043 
30.9391 1.0000 2963.4514 0.3075 0.1050 -0.3017 3.2479 7.0000 21.2188 0.0043 
30.9428 1.0000 2964.0464 0.3121 0.1074 -0.3059 3.2483 7.0000 20.9108 0.0048 
30.9636 1.0000 2973.3533 0.3080 0.1062 -0.3017 3.2463 7.0000 19.5879 0.0043 
30.9622 1.0000 2972.1025 0.3081 0.1072 -0.2993 3.2525 7.0000 20.9945 0.0048 
30.9506 1.0000 2968.9034 0.3102 0.1067 -0.3027 3.2491 7.0000 21.0812 0.0038 
30.9594 1.0000 2973.5880 0.3095 0.1055 -0.3034 3.2436 7.0000 19.5882 0.0051 
30.9467 1.0000 2967.6462 0.3124 0.1089 -0.3016 3.2501 7.0000 18.7132 0.0043 
30.9355 1.0000 2962.4728 0.3090 0.1065 -0.3012 3.2506 8.0000 21.1273 0.0043 
30.9391 1.0000 2963.3824 0.3083 0.1065 -0.3014 3.2424 7.0000 4.4835 0.0041 
30.9446 1.0000 2965.3313 0.3105 0.1062 -0.3042 3.2480 7.0000 3.6927 0.0041 
30.9295 1.0000 2960.1242 0.3131 0.1075 -0.3084 3.2449 7.0000 3.2527 0.0039 
30.9690 1.0000 2976.1963 0.3151 0.1097 -0.3026 3.2495 7.0000 3.1019 0.0043 
30.9530 1.0000 2966.6497 0.3108 0.1063 -0.3036 3.2474 7.0000 3.2060 0.0038 
30.9422 1.0000 2964.6593 0.3116 0.1072 -0.3054 3.2476 7.0000 6.6742 0.0048 
30.9604 1.0000 2972.9510 0.3166 0.1067 -0.3120 3.2474 7.0000 8.3005 0.0048 
30.9773 1.0000 2980.5507 0.3103 0.1066 -0.3025 3.2499 7.0000 8.2703 0.0048 
30.9708 1.0000 2975.7588 0.3117 0.1073 -0.3048 3.2476 7.0000 8.6722 0.0048 
30.9630 1.0000 2971.1767 0.3088 0.1057 -0.3027 3.2469 7.0000 8.5303 0.0048 
30.9667 1.0000 2977.6187 0.3090 0.1062 -0.3026 3.2438 7.0000 8.6655 0.0048 
30.9604 1.0000 2973.8342 0.3082 0.1087 -0.2985 3.2555 8.0000 3.5857 0.0039 
30.9608 1.0000 2971.8734 0.3120 0.1061 -0.3049 3.2415 7.0000 3.4323 0.0039 
30.9692 1.0000 2973.6648 0.3104 0.1060 -0.3037 3.2481 7.0000 3.3401 0.0046 
30.9534 1.0000 2968.8664 0.3149 0.1081 -0.3077 3.2484 7.0000 2.3239 0.0042 
30.9373 1.0000 2962.4732 0.3095 0.1063 -0.3004 3.2473 7.0000 3.4126 0.0037 
30.9700 1.0000 2974.8331 0.3075 0.1060 -0.3016 3.2481 8.0000 3.1712 0.0046 
30.9481 1.0000 2967.1375 0.3085 0.1068 -0.2984 3.2439 7.0000 11.0788 0.0044 
30.9624 1.0000 2974.7637 0.3123 0.1071 -0.3045 3.2458 7.0000 5.2004 0.0044 
30.9332 1.0000 2962.1920 0.3083 0.1078 -0.2984 3.2523 7.0000 8.0297 0.0044 
30.9491 1.0000 2967.0576 0.3094 0.1045 -0.3063 3.2455 6.0000 9.4536 0.0044 
30.9667 1.0000 2975.3756 0.3080 0.1075 -0.2966 3.2470 7.0000 8.9922 0.0044 
30.9451 1.0000 2966.2598 0.3112 0.1066 -0.3052 3.2467 7.0000 3.4749 0.0048 
30.9553 1.0000 2971.6489 0.3057 0.1050 -0.2985 3.2451 6.0000 2.6375 0.0054 
30.9659 1.0000 2973.8599 0.3101 0.1066 -0.3032 3.2515 6.0000 3.5039 0.0043 
30.9720 1.0000 2976.2829 0.3151 0.1091 -0.3048 3.2478 7.0000 3.5158 0.0048 
30.9455 1.0000 2964.5690 0.3122 0.1045 -0.3102 3.2464 8.0000 2.4204 0.0051 
30.9512 1.0000 2968.5053 0.3095 0.1062 -0.3034 3.2463 7.0000 3.4735 0.0037 
30.9332 1.0000 2958.2179 0.3114 0.1102 -0.3001 3.2571 7.0000 4.4076 0.0055 
30.9340 1.0000 2957.4671 0.3136 0.1073 -0.3093 3.2501 7.0000 7.4451 0.0055 
30.9600 1.0000 2971.2365 0.3131 0.1062 -0.3087 3.2453 7.0000 7.5045 0.0055 
30.9195 1.0000 2955.3209 0.3069 0.1036 -0.3052 3.2407 6.0000 7.9492 0.0055 
30.9371 1.0000 2962.2234 0.3105 0.1065 -0.3021 3.2510 7.0000 7.2518 0.0055 
30.9534 1.0000 2969.7998 0.3121 0.1057 -0.3071 3.2450 6.0000 3.4307 0.0041 
30.9195 1.0000 2953.4263 0.3121 0.1068 -0.3062 3.2487 7.0000 3.5619 0.0042 
30.9393 1.0000 2964.3154 0.3101 0.1072 -0.3016 3.2476 7.0000 3.5144 0.0046 
30.9299 1.0000 2958.2663 0.3081 0.1054 -0.3030 3.2522 7.0000 3.4745 0.0044 
30.9716 1.0000 2976.3705 0.3128 0.1070 -0.3039 3.2455 7.0000 3.3893 0.0046 
30.9177 1.0000 2953.6334 0.3107 0.1062 -0.3072 3.2413 7.0000 3.3452 0.0052 
30.9547 1.0000 2972.4849 0.3099 0.1075 -0.3006 3.2461 6.0000 5.2953 0.0052 
30.9622 1.0000 2972.6168 0.3131 0.1071 -0.3053 3.2506 7.0000 5.3644 0.0045 
30.9475 1.0000 2966.5415 0.3085 0.1062 -0.3006 3.2458 7.0000 6.3535 0.0045 
30.9604 1.0000 2969.6366 0.3157 0.1073 -0.3086 3.2452 7.0000 6.3558 0.0045 
30.9561 1.0000 2969.8513 0.3096 0.1062 -0.3034 3.2466 7.0000 6.0789 0.0045 
30.9598 1.0000 2975.8145 0.3120 0.1068 -0.3031 3.2449 7.0000 3.4337 0.0038 
30.9444 1.0000 2967.2333 0.3172 0.1092 -0.3107 3.2414 7.0000 3.5525 0.0038 
30.9504 1.0000 2968.9671 0.3128 0.1072 -0.3056 3.2495 7.0000 3.5187 0.0036 
30.9428 1.0000 2966.1438 0.3084 0.1056 -0.3017 3.2530 7.0000 3.4742 0.0050 
30.9265 1.0000 2958.8599 0.3112 0.1061 -0.3046 3.2461 6.0000 3.4699 0.0046 
30.9269 1.0000 2958.6242 0.3130 0.1090 -0.3027 3.2470 7.0000 3.3731 0.0043 
30.9463 1.0000 2969.5453 0.3096 0.1075 -0.3020 3.2466 7.0000 3.5182 0.0055 
30.9547 1.0000 2971.3748 0.3125 0.1080 -0.3041 3.2502 7.0000 3.5691 0.0041 
30.9636 1.0000 2972.4910 0.3090 0.1050 -0.3056 3.2461 8.0000 5.7747 0.0041 
30.9528 1.0000 2966.4912 0.3171 0.1096 -0.3067 3.2495 6.0000 6.2314 0.0041 
30.9675 1.0000 2977.0709 0.3127 0.1084 -0.3050 3.2528 7.0000 5.8306 0.0041 
30.9402 1.0000 2964.3433 0.3102 0.1057 -0.3050 3.2444 7.0000 3.3862 0.0047 
30.9759 1.0000 2978.5343 0.3105 0.1070 -0.3036 3.2447 7.0000 2.3774 0.0038 
30.9312 1.0000 2960.1881 0.3102 0.1071 -0.3025 3.2502 7.0000 3.5513 0.0033 
30.9432 1.0000 2963.9163 0.3115 0.1068 -0.3034 3.2480 7.0000 2.5063 0.0051 
30.9530 1.0000 2967.5688 0.3124 0.1071 -0.3047 3.2476 7.0000 3.4766 0.0045 
30.9165 1.0000 2954.9326 0.3085 0.1045 -0.3048 3.2441 7.0000 3.1659 0.0036 
30.9585 1.0000 2972.2337 0.3123 0.1084 -0.3017 3.2449 6.0000 3.4610 0.0036 
30.9583 1.0000 2972.4706 0.3088 0.1076 -0.3008 3.2493 7.0000 3.0744 0.0048 
30.9581 1.0000 2969.2020 0.3121 0.1063 -0.3073 3.2504 7.0000 4.9857 0.0048 
30.9569 1.0000 2967.0398 0.3110 0.1057 -0.3047 3.2418 8.0000 5.6156 0.0045 
30.9426 1.0000 2966.6460 0.3112 0.1067 -0.3038 3.2455 7.0000 5.4366 0.0045 
30.9690 1.0000 2977.1105 0.3114 0.1064 -0.3060 3.2448 7.0000 2.5476 0.0048 
30.9853 1.0000 2981.4426 0.3078 0.1077 -0.2970 3.2485 7.0000 2.3780 0.0044 
30.9299 1.0000 2957.0707 0.3112 0.1067 -0.3046 3.2497 6.0000 3.4746 0.0036 
30.9477 1.0000 2965.7016 0.3099 0.1066 -0.3020 3.2475 7.0000 3.5631 0.0042 
30.9369 1.0000 2964.5588 0.3119 0.1063 -0.3085 3.2454 7.0000 3.5178 0.0046 
30.9755 1.0000 2978.5935 0.3123 0.1057 -0.3065 3.2444 7.0000 2.5085 0.0048 
30.9622 1.0000 2971.9067 0.3075 0.1061 -0.2986 3.2473 7.0000 3.8600 0.0047 
30.9694 1.0000 2974.3433 0.3124 0.1060 -0.3100 3.2434 7.0000 5.3643 0.0047 
30.9369 1.0000 2961.5462 0.3083 0.1049 -0.3032 3.2485 7.0000 5.1754 0.0048 
30.9471 1.0000 2966.9502 0.3081 0.1057 -0.3035 3.2450 7.0000 3.6448 0.0035 
30.9506 1.0000 2968.5844 0.3116 0.1076 -0.3048 3.2482 7.0000 3.4413 0.0035 
30.9608 1.0000 2975.1944 0.3126 0.1085 -0.3026 3.2524 7.0000 5.8241 0.0035 
30.9575 1.0000 2972.0319 0.3081 0.1059 -0.3022 3.2428 7.0000 7.8011 0.0035 
30.9728 1.0000 2977.9677 0.3095 0.1061 -0.3006 3.2458 7.0000 5.9320 0.0043 
30.9438 1.0000 2964.4118 0.3116 0.1084 -0.3006 3.2527 7.0000 3.6077 0.0041 
30.9379 1.0000 2962.6824 0.3106 0.1085 -0.3007 3.2466 7.0000 3.5216 0.0041 
30.9538 1.0000 2967.2202 0.3099 0.1067 -0.3030 3.2447 7.0000 3.5619 0.0041 
30.9375 1.0000 2963.5972 0.3121 0.1073 -0.3035 3.2480 7.0000 2.5060 0.0041 
30.9424 1.0000 2964.4538 0.3117 0.1067 -0.3042 3.2470 7.0000 3.5583 0.0041 
30.9663 1.0000 2975.0897 0.3110 0.1075 -0.3030 3.2503 8.0000 4.0804 0.0041 
30.9775 1.0000 2980.1168 0.3122 0.1077 -0.3015 3.2456 7.0000 4.2226 0.0041 
30.9655 1.0000 2976.5029 0.3107 0.1059 -0.3053 3.2452 7.0000 4.4738 0.0041 
30.9585 1.0000 2969.3770 0.3115 0.1069 -0.3049 3.2490 7.0000 3.6273 0.0041 
