30.7283 1.0000 2872.9685 0.4280 0.2022 -0.2521 3.1234 6.0000 4.8005 0.0114 
30.8297 1.0000 2917.6569 0.4352 0.1965 -0.2697 3.1014 6.0000 4.8425 0.0132 
30.6385 1.0000 2820.2966 0.4249 0.1948 -0.2702 3.1141 6.0000 4.5804 0.0098 
30.7426 1.0000 2899.3105 0.4293 0.1973 -0.2561 3.1072 6.0000 4.7094 0.0114 
30.7864 1.0000 2924.2202 0.4232 0.1920 -0.2584 3.0955 6.0000 5.0265 0.0136 
30.6556 1.0000 2839.7945 0.4266 0.1986 -0.2628 3.1107 6.0000 4.9301 0.0114 
30.6409 1.0000 2822.2439 0.4374 0.2012 -0.2672 3.1164 6.0000 4.3169 0.0122 
30.7868 1.0000 2893.5919 0.4245 0.1947 -0.2580 3.1006 6.0000 4.3147 0.0133 
30.7500 1.0000 2880.3730 0.4182 0.1943 -0.2506 3.1117 6.0000 4.9341 0.0133 
30.7725 1.0000 2887.0727 0.4357 0.1967 -0.2684 3.1199 6.0000 4.9318 0.0114 
30.7569 1.0000 2896.7194 0.4274 0.1965 -0.2542 3.1029 6.0000 5.0176 0.0114 
30.6830 1.0000 2858.8145 0.4285 0.1990 -0.2542 3.1124 6.0000 0.5693 0.0125 
30.7357 1.0000 2888.9465 0.4289 0.1959 -0.2639 3.1049 6.0000 0.9213 0.0140 
30.6773 1.0000 2858.1716 0.4349 0.2019 -0.2567 3.1157 6.0000 1.5502 0.0100 
30.6965 1.0000 2860.8264 0.4225 0.1933 -0.2616 3.1074 6.0000 1.3127 0.0135 
30.6708 1.0000 2844.3362 0.4282 0.1970 -0.2650 3.1027 6.0000 1.8087 0.0121 
30.7181 1.0000 2867.6732 0.4303 0.1992 -0.2633 3.1154 6.0000 2.0494 0.0136 
30.7190 1.0000 2879.8378 0.4276 0.1959 -0.2603 3.1122 6.0000 1.7642 0.0094 
30.7888 1.0000 2889.8587 0.4322 0.2005 -0.2539 3.1062 6.0000 1.7532 0.0105 
30.7214 1.0000 2862.1050 0.4270 0.1953 -0.2692 3.1142 6.0000 1.6699 0.0140 
30.7120 1.0000 2857.3358 0.4257 0.1965 -0.2558 3.1103 6.0000 1.0987 0.0136 
30.7034 1.0000 2855.8378 0.4288 0.1981 -0.2616 3.1167 6.0000 0.7869 0.0105 
30.7786 1.0000 2896.2949 0.4280 0.1967 -0.2653 3.0996 6.0000 0.7500 0.0123 
30.6736 1.0000 2848.0400 0.4311 0.1968 -0.2740 3.1216 6.0000 0.8363 0.0094 
30.6585 1.0000 2842.2647 0.4328 0.1999 -0.2623 3.1116 6.0000 0.8364 0.0093 
30.7092 1.0000 2846.3942 0.4270 0.1968 -0.2642 3.1105 6.0000 0.8335 0.0137 
30.7639 1.0000 2882.1560 0.4308 0.1979 -0.2620 3.1190 6.0000 0.7937 0.0122 
30.7145 1.0000 2856.8795 0.4252 0.1963 -0.2616 3.1148 6.0000 0.5700 0.0089 
30.7982 1.0000 2900.4657 0.4370 0.1930 -0.2755 3.1140 6.0000 0.7901 0.0095 
30.6708 1.0000 2848.0498 0.4229 0.1962 -0.2564 3.1239 6.0000 0.8366 0.0152 
30.7038 1.0000 2865.3815 0.4228 0.1931 -0.2635 3.1026 6.0000 0.9216 0.0152 
30.7647 1.0000 2892.2169 0.4328 0.2002 -0.2551 3.1204 6.0000 1.0093 0.0152 
30.7100 1.0000 2871.6565 0.4317 0.2004 -0.2609 3.1128 6.0000 0.7887 0.0121 
30.8109 1.0000 2914.8484 0.4241 0.1937 -0.2518 3.1065 6.0000 0.8762 0.0117 
30.7962 1.0000 2910.9461 0.4298 0.1937 -0.2622 3.0968 6.0000 0.5719 0.0123 
30.6671 1.0000 2843.7643 0.4256 0.1991 -0.2538 3.1213 6.0000 0.8684 0.0105 
30.8011 1.0000 2929.8619 0.4226 0.1948 -0.2467 3.1067 6.0000 0.7948 0.0114 
30.7108 1.0000 2863.1871 0.4272 0.1942 -0.2626 3.1134 6.0000 0.8751 0.0069 
30.7933 1.0000 2908.6062 0.4298 0.2009 -0.2478 3.1207 6.0000 0.8749 0.0118 
30.6221 1.0000 2820.9093 0.4360 0.1989 -0.2658 3.1199 6.0000 0.8747 0.0140 
30.7141 1.0000 2878.8991 0.4365 0.2022 -0.2571 3.1182 7.0000 1.3454 0.0121 
30.7275 1.0000 2888.3942 0.4256 0.1942 -0.2591 3.1100 6.0000 1.9714 0.0096 
30.6977 1.0000 2856.6503 0.4288 0.1952 -0.2649 3.1084 6.0000 1.7586 0.0118 
30.7279 1.0000 2873.9792 0.4298 0.1948 -0.2678 3.1007 6.0000 0.9246 0.0096 
30.7100 1.0000 2870.4767 0.4239 0.1924 -0.2542 3.1019 6.0000 0.8373 0.0114 
30.7631 1.0000 2895.6123 0.4291 0.1997 -0.2480 3.1085 6.0000 0.7924 0.0092 
30.7361 1.0000 2882.5306 0.4253 0.1963 -0.2541 3.1052 6.0000 0.8356 0.0126 
30.7153 1.0000 2871.7198 0.4236 0.1956 -0.2579 3.1145 6.0000 0.8362 0.0115 
30.8738 1.0000 2954.4065 0.4178 0.1904 -0.2475 3.0886 6.0000 0.7908 0.0106 
30.7239 1.0000 2870.1033 0.4207 0.1960 -0.2500 3.1013 6.0000 0.8785 0.0144 
30.7341 1.0000 2892.1732 0.4299 0.1983 -0.2550 3.1060 6.0000 0.9583 0.0114 
30.6577 1.0000 2861.9690 0.4414 0.2016 -0.2656 3.1096 6.0000 0.7890 0.0113 
30.7896 1.0000 2915.7647 0.4220 0.1936 -0.2472 3.0967 5.0000 0.8804 0.0117 
30.7382 1.0000 2885.3239 0.4258 0.1957 -0.2584 3.1136 6.0000 1.0556 0.0124 
30.8035 1.0000 2912.9097 0.4302 0.1964 -0.2604 3.1029 6.0000 1.0114 0.0124 
30.7349 1.0000 2884.0670 0.4337 0.1979 -0.2565 3.1063 6.0000 0.8365 0.0114 
30.7610 1.0000 2881.8648 0.4199 0.1953 -0.2502 3.1098 6.0000 0.8796 0.0137 
30.6998 1.0000 2850.8309 0.4271 0.2006 -0.2526 3.1185 6.0000 0.5738 0.0116 
30.7328 1.0000 2889.9481 0.4196 0.1930 -0.2515 3.1079 6.0000 0.8354 0.0113 
30.6446 1.0000 2840.0670 0.4273 0.1974 -0.2564 3.1156 6.0000 0.8782 0.0112 
30.7402 1.0000 2889.1475 0.4213 0.1938 -0.2511 3.1031 6.0000 0.8747 0.0101 
30.7353 1.0000 2879.3060 0.4232 0.1944 -0.2526 3.0952 6.0000 0.8345 0.0112 
30.7279 1.0000 2887.1565 0.4325 0.2013 -0.2556 3.1136 6.0000 0.8791 0.0096 
30.7063 1.0000 2870.0237 0.4287 0.1956 -0.2644 3.1037 6.0000 0.9229 0.0122 
30.7868 1.0000 2904.0837 0.4260 0.1938 -0.2533 3.1014 6.0000 0.9616 0.0094 
30.7369 1.0000 2894.5768 0.4182 0.1912 -0.2553 3.1025 6.0000 0.9025 0.0094 
30.7316 1.0000 2873.3599 0.4303 0.1972 -0.2664 3.1163 6.0000 0.8308 0.0110 
30.6671 1.0000 2850.6618 0.4295 0.1963 -0.2640 3.0943 6.0000 0.7770 0.0102 
30.7431 1.0000 2884.2267 0.4339 0.1974 -0.2621 3.1090 6.0000 0.9629 0.0105 
30.7406 1.0000 2870.2075 0.4308 0.1961 -0.2630 3.1156 7.0000 0.7463 0.0142 
30.7431 1.0000 2882.5429 0.4252 0.1930 -0.2596 3.0904 6.0000 0.8327 0.0098 
30.7745 1.0000 2889.5527 0.4244 0.1935 -0.2618 3.1079 6.0000 0.8777 0.0118 
30.7917 1.0000 2895.4669 0.4308 0.2013 -0.2514 3.1154 6.0000 0.9247 0.0106 
30.7124 1.0000 2878.0658 0.4268 0.1975 -0.2544 3.1010 6.0000 0.8801 0.0114 
30.7978 1.0000 2917.2896 0.4235 0.1931 -0.2539 3.1153 6.0000 0.9693 0.0107 
30.7594 1.0000 2880.7864 0.4306 0.1981 -0.2632 3.1103 6.0000 0.8360 0.0107 
30.7729 1.0000 2908.6417 0.4170 0.1922 -0.2471 3.1077 6.0000 0.8783 0.0107 
30.7488 1.0000 2881.4371 0.4269 0.1984 -0.2605 3.1163 6.0000 0.8771 0.0150 
30.7635 1.0000 2896.7181 0.4250 0.1926 -0.2578 3.1007 6.0000 0.8871 0.0123 
30.6524 1.0000 2844.9444 0.4245 0.1984 -0.2504 3.1136 6.0000 0.6121 0.0143 
30.7835 1.0000 2899.7439 0.4257 0.1966 -0.2545 3.1089 6.0000 0.8795 0.0143 
30.7373 1.0000 2848.0862 0.4168 0.1943 -0.2511 3.1097 6.0000 0.9635 0.0097 
30.7230 1.0000 2888.1871 0.4339 0.2015 -0.2514 3.1179 6.0000 0.6147 0.0117 
30.7594 1.0000 2908.7757 0.4219 0.1952 -0.2447 3.0980 6.0000 0.8360 0.0118 
30.7582 1.0000 2881.4890 0.4278 0.1942 -0.2619 3.1057 6.0000 0.9205 0.0097 
30.7206 1.0000 2882.0723 0.4320 0.1932 -0.2710 3.0995 6.0000 1.1797 0.0111 
30.7590 1.0000 2886.9101 0.4244 0.1932 -0.2647 3.1062 6.0000 1.1863 0.0111 
30.6279 1.0000 2820.9375 0.4343 0.2008 -0.2675 3.1260 6.0000 0.8750 0.0097 
30.7083 1.0000 2865.9175 0.4256 0.1969 -0.2582 3.1035 6.0000 0.9212 0.0089 
30.6471 1.0000 2837.4685 0.4221 0.1944 -0.2612 3.1084 6.0000 0.8799 0.0134 
30.7892 1.0000 2918.3652 0.4308 0.1968 -0.2563 3.1143 6.0000 1.5818 0.0134 
30.7659 1.0000 2899.7349 0.4308 0.1955 -0.2614 3.1119 6.0000 1.1874 0.0134 
30.7275 1.0000 2866.0082 0.4346 0.2034 -0.2552 3.1167 6.0000 0.6154 0.0134 
30.7255 1.0000 2886.0891 0.4226 0.1945 -0.2525 3.0968 6.0000 0.8367 0.0134 
30.7892 1.0000 2903.7525 0.4349 0.1972 -0.2672 3.1024 5.0000 0.9231 0.0134 
30.7455 1.0000 2881.1687 0.4333 0.2012 -0.2545 3.1084 6.0000 0.9230 0.0134 
30.7888 1.0000 2912.2038 0.4296 0.1950 -0.2599 3.1068 6.0000 1.0822 0.0134 
30.8113 1.0000 2922.3942 0.4208 0.1939 -0.2466 3.0931 6.0000 0.8343 0.0134 
30.8137 1.0000 2919.8656 0.4316 0.1923 -0.2716 3.0960 6.0000 0.8794 0.0134 
30.6761 1.0000 2847.3803 0.4224 0.1938 -0.2649 3.0975 6.0000 0.8765 0.0134 
