30.5466 1.0000 2783.1315 0.2764 0.1270 -0.2858 2.8252 5.0000 2.2828 0.0162 
30.6005 1.0000 2800.2729 0.2801 0.1277 -0.2897 2.8165 5.0000 2.3204 0.0169 
30.6005 1.0000 2798.4959 0.2816 0.1286 -0.2951 2.8135 5.0000 2.3241 0.0182 
30.6127 1.0000 2805.5907 0.2813 0.1296 -0.2880 2.8140 5.0000 2.2883 0.0162 
30.5302 1.0000 2782.4248 0.2672 0.1282 -0.2662 2.8262 5.0000 2.5275 0.0165 
30.6503 1.0000 2827.0458 0.2697 0.1277 -0.2701 2.8172 5.0000 2.5249 0.0162 
30.5907 1.0000 2797.9510 0.2767 0.1264 -0.2854 2.8080 5.0000 2.4913 0.0162 
30.5147 1.0000 2772.0441 0.2761 0.1268 -0.2881 2.8174 5.0000 2.4884 0.0162 
30.5449 1.0000 2788.1920 0.2698 0.1292 -0.2672 2.8153 5.0000 2.5352 0.0165 
30.5343 1.0000 2784.1185 0.2746 0.1257 -0.2834 2.8083 5.0000 2.2882 0.0162 
30.4681 1.0000 2749.3627 0.2721 0.1278 -0.2770 2.8226 5.0000 2.5287 0.0165 
30.5694 1.0000 2793.6495 0.2739 0.1268 -0.2811 2.8223 6.0000 0.2811 0.0180 
30.5899 1.0000 2793.7067 0.2758 0.1257 -0.2876 2.8070 5.0000 0.3973 0.0135 
30.5809 1.0000 2794.6405 0.2787 0.1289 -0.2886 2.8201 6.0000 0.6045 0.0197 
30.5703 1.0000 2792.0768 0.2767 0.1267 -0.2895 2.8162 5.0000 1.3784 0.0186 
30.5629 1.0000 2792.3423 0.2705 0.1256 -0.2803 2.8177 5.0000 1.6834 0.0149 
30.5776 1.0000 2786.9542 0.2748 0.1262 -0.2850 2.8127 5.0000 1.4669 0.0186 
30.5711 1.0000 2792.7729 0.2851 0.1288 -0.2960 2.8183 5.0000 1.6511 0.0157 
30.5196 1.0000 2765.1087 0.2714 0.1279 -0.2776 2.8249 5.0000 1.7416 0.0160 
30.5286 1.0000 2779.2034 0.2727 0.1283 -0.2770 2.8159 5.0000 1.6143 0.0160 
30.5359 1.0000 2774.7443 0.2770 0.1269 -0.2894 2.8179 5.0000 1.5788 0.0160 
30.5940 1.0000 2809.2525 0.2691 0.1276 -0.2704 2.8231 5.0000 1.5393 0.0160 
30.4853 1.0000 2761.5694 0.2735 0.1237 -0.2881 2.8149 5.0000 0.3965 0.0156 
30.6291 1.0000 2813.2614 0.2739 0.1256 -0.2829 2.8092 5.0000 0.4380 0.0151 
30.6740 1.0000 2834.7623 0.2739 0.1259 -0.2799 2.8105 5.0000 0.3068 0.0157 
30.6054 1.0000 2805.3881 0.2697 0.1284 -0.2680 2.8177 5.0000 0.3970 0.0168 
30.5196 1.0000 2766.3946 0.2689 0.1275 -0.2742 2.8163 5.0000 0.3888 0.0185 
30.5989 1.0000 2805.3562 0.2777 0.1280 -0.2867 2.8128 5.0000 0.4283 0.0181 
30.6070 1.0000 2815.6806 0.2713 0.1263 -0.2741 2.8093 5.0000 0.5592 0.0148 
30.5980 1.0000 2793.8276 0.2794 0.1310 -0.2854 2.8200 5.0000 0.4396 0.0164 
30.5507 1.0000 2784.5858 0.2722 0.1271 -0.2818 2.8164 5.0000 0.7486 0.0153 
30.5972 1.0000 2808.1136 0.2749 0.1280 -0.2806 2.8128 5.0000 0.7464 0.0155 
30.5891 1.0000 2795.9592 0.2690 0.1272 -0.2730 2.8198 5.0000 0.7452 0.0168 
30.6078 1.0000 2811.6708 0.2717 0.1280 -0.2759 2.8108 5.0000 0.6170 0.0164 
30.6242 1.0000 2816.2843 0.2759 0.1302 -0.2803 2.8121 5.0000 0.3973 0.0167 
30.5229 1.0000 2771.9363 0.2691 0.1263 -0.2764 2.8178 5.0000 0.4363 0.0145 
30.5735 1.0000 2790.6920 0.2748 0.1264 -0.2833 2.8176 5.0000 0.3979 0.0168 
30.5458 1.0000 2788.8211 0.2704 0.1279 -0.2748 2.8209 5.0000 0.3500 0.0161 
30.6185 1.0000 2811.2337 0.2767 0.1306 -0.2790 2.8109 5.0000 0.4810 0.0156 
30.5335 1.0000 2782.1544 0.2692 0.1250 -0.2799 2.8232 5.0000 0.2663 0.0167 
30.6332 1.0000 2826.7100 0.2748 0.1265 -0.2819 2.8157 5.0000 0.3983 0.0170 
30.5842 1.0000 2790.6887 0.2762 0.1282 -0.2826 2.8134 5.0000 0.4377 0.0164 
30.6536 1.0000 2823.1111 0.2773 0.1264 -0.2846 2.8190 5.0000 0.4832 0.0163 
30.6119 1.0000 2810.1585 0.2759 0.1273 -0.2806 2.8077 5.0000 0.4844 0.0162 
30.5752 1.0000 2793.1119 0.2748 0.1281 -0.2803 2.8147 5.0000 0.3983 0.0162 
30.6152 1.0000 2804.7516 0.2735 0.1273 -0.2825 2.8159 6.0000 0.3529 0.0156 
30.5940 1.0000 2795.6887 0.2730 0.1270 -0.2814 2.8175 5.0000 0.5260 0.0173 
30.6413 1.0000 2820.4551 0.2744 0.1290 -0.2808 2.8142 5.0000 0.4397 0.0175 
30.5727 1.0000 2789.9118 0.2728 0.1278 -0.2795 2.8145 5.0000 0.4399 0.0162 
30.6095 1.0000 2811.5964 0.2732 0.1271 -0.2793 2.8084 5.0000 0.4384 0.0177 
30.5874 1.0000 2794.7328 0.2863 0.1270 -0.3015 2.8150 5.0000 0.7897 0.0174 
30.6152 1.0000 2816.4673 0.2714 0.1306 -0.2688 2.8151 5.0000 0.6147 0.0140 
30.6585 1.0000 2833.8832 0.2729 0.1286 -0.2740 2.8128 5.0000 0.4389 0.0153 
30.5678 1.0000 2787.4600 0.2746 0.1287 -0.2833 2.8220 5.0000 0.3092 0.0177 
30.5858 1.0000 2791.3039 0.2776 0.1274 -0.2897 2.8180 5.0000 0.4389 0.0186 
30.5923 1.0000 2801.7149 0.2689 0.1279 -0.2695 2.8140 5.0000 0.4367 0.0186 
30.5408 1.0000 2785.3333 0.2733 0.1228 -0.2851 2.8116 5.0000 0.5295 0.0175 
30.5588 1.0000 2788.9894 0.2719 0.1290 -0.2746 2.8218 5.0000 0.5265 0.0175 
30.5531 1.0000 2784.6863 0.2678 0.1279 -0.2669 2.8129 5.0000 0.4396 0.0175 
30.5907 1.0000 2793.3497 0.2784 0.1266 -0.2910 2.8146 5.0000 0.4313 0.0174 
30.5449 1.0000 2775.1275 0.2739 0.1267 -0.2852 2.8178 5.0000 0.5200 0.0175 
30.5123 1.0000 2765.1822 0.2738 0.1270 -0.2840 2.8229 5.0000 0.6625 0.0175 
30.5539 1.0000 2783.6806 0.2715 0.1279 -0.2748 2.8209 5.0000 0.6599 0.0189 
30.6193 1.0000 2815.7892 0.2725 0.1265 -0.2803 2.8080 5.0000 0.8330 0.0167 
30.6373 1.0000 2831.3840 0.2719 0.1281 -0.2700 2.8134 5.0000 0.6161 0.0175 
30.5196 1.0000 2768.6969 0.2783 0.1281 -0.2894 2.8229 5.0000 0.4397 0.0152 
30.5278 1.0000 2774.0433 0.2798 0.1280 -0.2880 2.8124 5.0000 0.3969 0.0143 
30.5531 1.0000 2793.0229 0.2738 0.1270 -0.2795 2.8190 5.0000 0.4347 0.0169 
30.5319 1.0000 2766.3431 0.2778 0.1269 -0.2926 2.8164 5.0000 1.2292 0.0162 
30.5948 1.0000 2811.0131 0.2784 0.1268 -0.2896 2.8165 5.0000 1.9287 0.0167 
30.5114 1.0000 2767.9771 0.2685 0.1266 -0.2734 2.8147 5.0000 1.8435 0.0174 
30.4935 1.0000 2759.8595 0.2738 0.1282 -0.2814 2.8247 5.0000 1.2720 0.0156 
30.5817 1.0000 2795.3023 0.2766 0.1278 -0.2866 2.8123 5.0000 1.5339 0.0174 
30.5335 1.0000 2778.8431 0.2754 0.1270 -0.2872 2.8198 5.0000 1.4953 0.0139 
30.6209 1.0000 2815.7100 0.2755 0.1288 -0.2815 2.8175 5.0000 0.4369 0.0187 
30.5752 1.0000 2789.5989 0.2747 0.1265 -0.2863 2.8106 5.0000 0.3066 0.0169 
30.6087 1.0000 2801.0163 0.2763 0.1253 -0.2905 2.8148 5.0000 0.4403 0.0182 
30.6495 1.0000 2810.8464 0.2772 0.1268 -0.2881 2.8123 5.0000 0.3075 0.0143 
30.5482 1.0000 2782.7100 0.2769 0.1289 -0.2836 2.8174 5.0000 0.4900 0.0169 
30.5694 1.0000 2797.3832 0.2782 0.1264 -0.2904 2.8188 5.0000 0.6612 0.0171 
30.5923 1.0000 2812.3399 0.2770 0.1301 -0.2803 2.8113 6.0000 0.4801 0.0172 
30.6593 1.0000 2818.9575 0.2661 0.1255 -0.2696 2.8099 5.0000 0.4403 0.0165 
30.5564 1.0000 2786.4306 0.2777 0.1275 -0.2896 2.8158 5.0000 0.4394 0.0172 
30.5752 1.0000 2784.7565 0.2724 0.1274 -0.2816 2.8199 5.0000 0.8294 0.0161 
30.5212 1.0000 2769.5556 0.2724 0.1264 -0.2836 2.8168 5.0000 0.8325 0.0162 
30.5703 1.0000 2785.7729 0.2697 0.1243 -0.2798 2.8146 5.0000 0.4772 0.0180 
30.6324 1.0000 2817.4542 0.2768 0.1304 -0.2776 2.8207 5.0000 0.5303 0.0162 
30.5155 1.0000 2773.7900 0.2818 0.1287 -0.2933 2.8223 5.0000 0.3965 0.0172 
30.5319 1.0000 2776.9943 0.2812 0.1283 -0.2914 2.8191 6.0000 0.4814 0.0168 
30.5809 1.0000 2789.8007 0.2712 0.1289 -0.2773 2.8178 5.0000 0.4765 0.0168 
30.5654 1.0000 2789.6111 0.2755 0.1266 -0.2858 2.8163 5.0000 0.3079 0.0172 
30.5621 1.0000 2797.4592 0.2709 0.1266 -0.2734 2.8157 5.0000 0.4407 0.0168 
30.5907 1.0000 2805.3342 0.2765 0.1252 -0.2865 2.8144 5.0000 0.6992 0.0168 
30.6201 1.0000 2805.9575 0.2742 0.1266 -0.2845 2.8179 5.0000 1.4496 0.0168 
30.4559 1.0000 2750.7092 0.2721 0.1282 -0.2795 2.8162 5.0000 1.2282 0.0168 
30.5319 1.0000 2780.7614 0.2767 0.1264 -0.2889 2.8128 5.0000 0.9205 0.0168 
30.5155 1.0000 2763.7663 0.2694 0.1265 -0.2795 2.8207 5.0000 0.9171 0.0168 
30.5931 1.0000 2796.0792 0.2753 0.1265 -0.2846 2.8125 5.0000 0.8817 0.0168 
30.5359 1.0000 2782.7745 0.2684 0.1258 -0.2747 2.8178 5.0000 0.4405 0.0168 
30.5719 1.0000 2790.0008 0.2709 0.1261 -0.2761 2.8145 5.0000 0.4402 0.0168 
