30.7621 11.0000 2884.1520 0.4107 0.1758 -0.2789 3.1679 6.0000 7.2578 0.0090 
30.8399 11.0000 2929.5464 0.4179 0.1765 -0.2783 3.1658 6.0000 7.5237 0.0090 
30.8275 11.0000 2922.4042 0.4185 0.1782 -0.2785 3.1725 6.0000 7.7788 0.0096 
30.8252 11.0000 2915.1098 0.4082 0.1749 -0.2704 3.1605 6.0000 7.4269 0.0098 
30.7853 11.0000 2895.2654 0.4150 0.1780 -0.2799 3.1678 6.0000 7.7983 0.0088 
30.7618 11.0000 2884.2382 0.4162 0.1810 -0.2778 3.1741 6.0000 7.7783 0.0088 
30.8663 11.0000 2941.0307 0.4086 0.1757 -0.2707 3.1649 6.0000 6.3812 0.0096 
30.8108 11.0000 2919.6863 0.4106 0.1756 -0.2735 3.1602 6.0000 7.0574 0.0099 
30.7467 11.0000 2888.8405 0.4070 0.1737 -0.2750 3.1663 7.0000 6.8187 0.0099 
30.8111 11.0000 2900.4016 0.4071 0.1743 -0.2760 3.1647 6.0000 7.3480 0.0092 
30.8016 11.0000 2919.0572 0.4142 0.1761 -0.2756 3.1565 6.0000 7.3434 0.0090 
30.8163 11.0000 2922.7670 0.4113 0.1757 -0.2774 3.1679 7.0000 0.7944 0.0098 
30.8029 11.0000 2914.6526 0.4099 0.1763 -0.2723 3.1661 6.0000 1.3315 0.0091 
30.8186 11.0000 2911.0549 0.4124 0.1758 -0.2731 3.1674 6.0000 1.1782 0.0091 
30.7810 11.0000 2904.7833 0.4142 0.1785 -0.2723 3.1629 6.0000 1.2291 0.0093 
30.8065 11.0000 2917.6627 0.4122 0.1783 -0.2699 3.1637 7.0000 1.4051 0.0079 
30.7922 11.0000 2910.0977 0.4218 0.1795 -0.2829 3.1779 6.0000 1.4534 0.0072 
30.8082 11.0000 2907.5892 0.4099 0.1745 -0.2757 3.1671 6.0000 1.7578 0.0079 
30.8281 11.0000 2930.0147 0.4193 0.1793 -0.2747 3.1814 6.0000 1.9779 0.0100 
30.8611 11.0000 2933.2010 0.4143 0.1764 -0.2733 3.1673 6.0000 1.9993 0.0100 
30.8124 11.0000 2909.8667 0.4055 0.1753 -0.2692 3.1518 6.0000 2.0692 0.0090 
30.7850 11.0000 2912.2242 0.4128 0.1781 -0.2706 3.1700 7.0000 2.0630 0.0090 
30.7990 11.0000 2911.7467 0.4107 0.1753 -0.2706 3.1666 6.0000 1.2765 0.0085 
30.8052 11.0000 2905.1163 0.4118 0.1779 -0.2736 3.1633 6.0000 0.8376 0.0084 
30.7958 11.0000 2898.0493 0.4129 0.1788 -0.2717 3.1641 6.0000 1.2341 0.0091 
30.8441 11.0000 2931.5386 0.4106 0.1742 -0.2727 3.1573 6.0000 1.2769 0.0091 
30.8503 11.0000 2925.0752 0.4145 0.1780 -0.2791 3.1730 6.0000 1.3507 0.0084 
30.8631 11.0000 2935.0549 0.4187 0.1799 -0.2758 3.1705 6.0000 1.3562 0.0084 
30.7781 11.0000 2891.3235 0.4089 0.1759 -0.2717 3.1733 6.0000 1.3658 0.0082 
30.8549 11.0000 2938.5196 0.4056 0.1733 -0.2644 3.1610 6.0000 1.3213 0.0101 
30.8085 11.0000 2910.8438 0.4172 0.1769 -0.2810 3.1688 6.0000 1.4480 0.0093 
30.7948 11.0000 2916.7042 0.4134 0.1755 -0.2794 3.1699 6.0000 1.4041 0.0078 
30.8245 11.0000 2925.3111 0.4130 0.1768 -0.2756 3.1640 6.0000 1.5021 0.0078 
30.8275 11.0000 2917.2330 0.4160 0.1787 -0.2764 3.1720 6.0000 0.8386 0.0097 
30.7768 11.0000 2896.4343 0.4139 0.1762 -0.2781 3.1650 6.0000 1.3193 0.0074 
30.8075 11.0000 2915.4435 0.4155 0.1782 -0.2732 3.1572 7.0000 1.2510 0.0072 
30.8271 11.0000 2927.0232 0.4071 0.1731 -0.2692 3.1563 7.0000 1.2305 0.0084 
30.8275 11.0000 2913.5699 0.4136 0.1780 -0.2747 3.1590 6.0000 1.3199 0.0084 
30.8549 11.0000 2934.1330 0.4127 0.1764 -0.2769 3.1598 6.0000 1.3117 0.0109 
30.8346 11.0000 2926.1033 0.4045 0.1740 -0.2651 3.1670 6.0000 1.4019 0.0109 
30.8013 11.0000 2920.8428 0.4187 0.1799 -0.2699 3.1739 6.0000 1.3507 0.0071 
30.8464 11.0000 2930.3203 0.4181 0.1772 -0.2803 3.1691 7.0000 1.4913 0.0079 
30.8376 11.0000 2924.4516 0.4154 0.1777 -0.2748 3.1728 6.0000 1.4957 0.0077 
30.8572 11.0000 2937.1627 0.4096 0.1735 -0.2743 3.1643 6.0000 1.5838 0.0077 
30.7866 11.0000 2901.5712 0.4093 0.1784 -0.2648 3.1669 6.0000 0.8772 0.0082 
30.8654 11.0000 2931.2193 0.4107 0.1726 -0.2746 3.1686 6.0000 1.3609 0.0098 
30.8275 11.0000 2918.0415 0.4137 0.1786 -0.2740 3.1689 7.0000 1.3628 0.0087 
30.8337 11.0000 2922.2873 0.4087 0.1765 -0.2702 3.1536 6.0000 1.1434 0.0089 
30.7507 11.0000 2895.8748 0.4069 0.1758 -0.2664 3.1642 6.0000 1.2303 0.0078 
30.8288 11.0000 2914.5804 0.4096 0.1784 -0.2681 3.1675 7.0000 1.2726 0.0084 
30.8660 11.0000 2939.5958 0.4143 0.1776 -0.2764 3.1641 6.0000 1.4517 0.0084 
30.8418 11.0000 2929.0395 0.4116 0.1749 -0.2738 3.1702 6.0000 1.4081 0.0088 
30.8493 11.0000 2927.5206 0.4062 0.1723 -0.2716 3.1623 6.0000 1.5396 0.0086 
30.7850 11.0000 2904.8255 0.4114 0.1781 -0.2684 3.1676 6.0000 1.4959 0.0100 
30.8340 11.0000 2924.4356 0.4145 0.1762 -0.2804 3.1651 7.0000 1.6259 0.0100 
30.7856 11.0000 2906.4797 0.4095 0.1763 -0.2708 3.1679 7.0000 0.9219 0.0089 
30.8176 11.0000 2915.3676 0.4190 0.1781 -0.2849 3.1660 7.0000 1.4062 0.0073 
30.8121 11.0000 2919.5703 0.4076 0.1782 -0.2648 3.1569 6.0000 1.3193 0.0078 
30.8448 11.0000 2933.1755 0.4202 0.1788 -0.2797 3.1695 6.0000 0.9683 0.0077 
30.8438 11.0000 2926.0644 0.4124 0.1741 -0.2852 3.1651 6.0000 1.3135 0.0090 
30.8284 11.0000 2925.6359 0.4089 0.1740 -0.2680 3.1590 6.0000 1.2608 0.0090 
30.9042 11.0000 2954.8699 0.4089 0.1746 -0.2712 3.1693 7.0000 1.2741 0.0088 
30.8144 11.0000 2907.2784 0.4077 0.1750 -0.2724 3.1653 6.0000 1.3600 0.0088 
30.8216 11.0000 2914.5503 0.4098 0.1747 -0.2732 3.1648 7.0000 1.4515 0.0083 
30.7801 11.0000 2898.8235 0.4175 0.1795 -0.2747 3.1695 6.0000 1.3201 0.0082 
30.8095 11.0000 2916.8712 0.4117 0.1769 -0.2722 3.1639 6.0000 1.5407 0.0089 
30.8624 11.0000 2942.3471 0.4128 0.1754 -0.2743 3.1657 6.0000 1.6706 0.0089 
30.8484 11.0000 2924.9954 0.4109 0.1776 -0.2677 3.1682 6.0000 1.3175 0.0081 
30.8451 11.0000 2934.2745 0.4092 0.1730 -0.2704 3.1568 6.0000 0.9213 0.0099 
30.8095 11.0000 2924.6288 0.4147 0.1787 -0.2744 3.1626 7.0000 1.3629 0.0081 
30.8072 11.0000 2909.4127 0.4089 0.1775 -0.2693 3.1593 6.0000 1.4502 0.0073 
30.8147 11.0000 2909.7739 0.4124 0.1778 -0.2738 3.1719 7.0000 1.4543 0.0073 
30.7775 11.0000 2905.6196 0.4079 0.1759 -0.2692 3.1671 7.0000 1.4355 0.0094 
30.8304 11.0000 2922.4516 0.4117 0.1800 -0.2676 3.1617 6.0000 1.3217 0.0073 
30.8324 11.0000 2916.7722 0.4088 0.1747 -0.2780 3.1709 6.0000 1.3192 0.0107 
30.8127 11.0000 2911.8752 0.4155 0.1760 -0.2798 3.1710 6.0000 1.4089 0.0076 
30.8186 11.0000 2914.9562 0.4071 0.1750 -0.2734 3.1631 6.0000 1.2745 0.0095 
30.7814 11.0000 2899.2938 0.4094 0.1740 -0.2783 3.1537 6.0000 1.4043 0.0095 
30.8382 11.0000 2915.7069 0.4096 0.1759 -0.2724 3.1688 6.0000 0.9150 0.0091 
30.8353 11.0000 2926.7722 0.4104 0.1734 -0.2706 3.1697 7.0000 1.3613 0.0095 
30.8627 11.0000 2937.1549 0.4085 0.1760 -0.2730 3.1673 6.0000 1.4517 0.0074 
30.8866 11.0000 2948.3046 0.4092 0.1731 -0.2739 3.1590 6.0000 1.4812 0.0074 
30.8101 11.0000 2915.0520 0.4123 0.1782 -0.2721 3.1596 6.0000 2.1426 0.0074 
30.7964 11.0000 2914.3801 0.4106 0.1780 -0.2635 3.1753 6.0000 1.5831 0.0099 
30.7582 11.0000 2892.6595 0.4156 0.1762 -0.2823 3.1730 6.0000 1.3638 0.0086 
30.8510 11.0000 2923.0193 0.4122 0.1757 -0.2784 3.1708 6.0000 1.4455 0.0074 
30.7935 11.0000 2908.8124 0.4122 0.1772 -0.2722 3.1727 7.0000 1.4080 0.0098 
30.8458 11.0000 2937.9072 0.4122 0.1765 -0.2765 3.1575 6.0000 1.3959 0.0074 
30.8059 11.0000 2920.0663 0.4123 0.1764 -0.2708 3.1697 6.0000 1.3173 0.0101 
30.7944 11.0000 2895.3314 0.4139 0.1801 -0.2747 3.1719 6.0000 1.4505 0.0081 
30.8222 11.0000 2917.8170 0.4159 0.1768 -0.2795 3.1762 7.0000 1.3998 0.0081 
30.8572 11.0000 2939.4137 0.4139 0.1740 -0.2837 3.1584 6.0000 0.9236 0.0081 
30.8582 11.0000 2940.5549 0.4133 0.1761 -0.2721 3.1569 6.0000 1.2691 0.0081 
30.8353 11.0000 2920.2428 0.4127 0.1770 -0.2784 3.1746 6.0000 1.2743 0.0081 
30.7827 11.0000 2895.3493 0.4165 0.1787 -0.2779 3.1889 6.0000 1.3608 0.0081 
30.8595 11.0000 2936.3340 0.4125 0.1779 -0.2652 3.1783 6.0000 1.4110 0.0081 
30.7853 11.0000 2902.6905 0.4123 0.1781 -0.2747 3.1689 6.0000 1.4526 0.0081 
30.8572 11.0000 2930.7402 0.4143 0.1761 -0.2710 3.1591 6.0000 1.4062 0.0081 
30.7765 11.0000 2901.5307 0.4141 0.1773 -0.2781 3.1680 6.0000 1.5820 0.0081 
30.8373 11.0000 2921.8696 0.4177 0.1805 -0.2777 3.1639 6.0000 1.3204 0.0081 
