30.8709 11.0000 2931.3663 0.3555 0.1391 -0.3061 3.1268 6.0000 8.3724 0.0082 
30.8405 11.0000 2929.2931 0.3477 0.1393 -0.2908 3.1268 6.0000 6.9520 0.0082 
30.8026 11.0000 2894.4268 0.3512 0.1392 -0.3061 3.1462 6.0000 8.2571 0.0085 
30.8114 11.0000 2915.3356 0.3470 0.1380 -0.2926 3.1272 6.0000 8.0512 0.0082 
30.8284 11.0000 2924.0520 0.3457 0.1378 -0.2937 3.1316 7.0000 8.2126 0.0097 
30.8761 11.0000 2935.4016 0.3506 0.1365 -0.2984 3.1251 6.0000 8.3715 0.0095 
30.8578 11.0000 2934.7167 0.3496 0.1394 -0.2941 3.1286 6.0000 7.7049 0.0082 
30.7967 11.0000 2909.4252 0.3426 0.1338 -0.2955 3.1252 6.0000 7.9232 0.0082 
30.7935 11.0000 2903.6454 0.3525 0.1373 -0.3045 3.1305 6.0000 8.3753 0.0097 
30.7882 11.0000 2907.2618 0.3493 0.1390 -0.2955 3.1359 6.0000 7.3958 0.0097 
30.7987 11.0000 2912.1670 0.3455 0.1346 -0.2980 3.1272 6.0000 8.2523 0.0097 
30.8245 11.0000 2922.7147 0.3428 0.1361 -0.2897 3.1308 6.0000 0.8806 0.0087 
30.7889 11.0000 2904.6284 0.3526 0.1386 -0.3001 3.1327 6.0000 1.5368 0.0102 
30.8333 11.0000 2915.8807 0.3519 0.1381 -0.3018 3.1321 6.0000 1.4362 0.0084 
30.8271 11.0000 2917.7020 0.3505 0.1389 -0.2952 3.1388 6.0000 3.7963 0.0100 
30.8438 11.0000 2923.2660 0.3529 0.1383 -0.3053 3.1293 7.0000 7.7391 0.0089 
30.8046 11.0000 2910.0144 0.3514 0.1377 -0.2999 3.1282 6.0000 7.5637 0.0089 
30.8176 11.0000 2913.5206 0.3466 0.1361 -0.2965 3.1316 6.0000 4.4925 0.0089 
30.8114 11.0000 2912.7588 0.3488 0.1365 -0.2999 3.1268 6.0000 4.8547 0.0089 
30.8206 11.0000 2916.4271 0.3488 0.1391 -0.2943 3.1335 6.0000 5.3250 0.0081 
30.8183 11.0000 2922.5065 0.3530 0.1384 -0.3020 3.1308 6.0000 5.3061 0.0086 
30.7709 11.0000 2891.5951 0.3494 0.1396 -0.2970 3.1362 6.0000 5.1321 0.0086 
30.7722 11.0000 2882.5781 0.3497 0.1391 -0.3010 3.1331 6.0000 0.9648 0.0081 
30.8268 11.0000 2922.2918 0.3529 0.1385 -0.3012 3.1258 6.0000 1.3520 0.0083 
30.7797 11.0000 2895.8366 0.3551 0.1397 -0.3014 3.1295 6.0000 1.4067 0.0084 
30.8114 11.0000 2908.1072 0.3518 0.1393 -0.3003 3.1350 6.0000 1.5397 0.0092 
30.8206 11.0000 2918.8059 0.3469 0.1368 -0.2978 3.1301 6.0000 2.2737 0.0092 
30.8369 11.0000 2919.3402 0.3458 0.1381 -0.2909 3.1316 6.0000 2.8231 0.0094 
30.8141 11.0000 2916.2193 0.3489 0.1392 -0.2958 3.1291 7.0000 3.1080 0.0091 
30.7706 11.0000 2902.7902 0.3478 0.1388 -0.2937 3.1354 6.0000 3.0426 0.0091 
30.8386 11.0000 2932.7683 0.3461 0.1374 -0.2894 3.1371 6.0000 3.1369 0.0091 
30.7931 11.0000 2914.0958 0.3534 0.1372 -0.3050 3.1331 6.0000 3.2976 0.0091 
30.8353 11.0000 2924.3660 0.3473 0.1383 -0.2932 3.1286 6.0000 2.9310 0.0091 
30.8265 11.0000 2921.3075 0.3487 0.1369 -0.3011 3.1277 6.0000 0.9251 0.0084 
30.8307 11.0000 2924.9141 0.3497 0.1360 -0.2971 3.1289 6.0000 1.0123 0.0096 
30.8271 11.0000 2917.4203 0.3512 0.1371 -0.3031 3.1309 6.0000 0.9620 0.0100 
30.8029 11.0000 2903.6631 0.3439 0.1357 -0.2927 3.1302 6.0000 1.4075 0.0087 
30.7824 11.0000 2901.7739 0.3494 0.1361 -0.3009 3.1295 7.0000 1.2682 0.0085 
30.7964 11.0000 2914.4007 0.3465 0.1366 -0.2992 3.1262 6.0000 1.4097 0.0077 
30.8056 11.0000 2916.8791 0.3478 0.1363 -0.2998 3.1296 6.0000 1.3628 0.0077 
30.8507 11.0000 2928.1373 0.3526 0.1357 -0.3074 3.1246 6.0000 2.2411 0.0075 
30.7987 11.0000 2897.4490 0.3547 0.1374 -0.3113 3.1320 6.0000 2.8155 0.0075 
30.8206 11.0000 2917.6444 0.3516 0.1383 -0.3034 3.1299 6.0000 3.6026 0.0086 
30.7781 11.0000 2888.1552 0.3516 0.1369 -0.3069 3.1376 6.0000 3.2067 0.0086 
30.8196 11.0000 2923.2395 0.3480 0.1399 -0.2907 3.1307 6.0000 2.8919 0.0086 
30.7902 11.0000 2899.6444 0.3485 0.1355 -0.3048 3.1259 6.0000 0.9686 0.0086 
30.7778 11.0000 2897.8859 0.3505 0.1359 -0.3032 3.1301 7.0000 1.4527 0.0071 
30.8252 11.0000 2910.3987 0.3462 0.1384 -0.2985 3.1390 6.0000 1.4514 0.0099 
30.8484 11.0000 2927.5712 0.3525 0.1400 -0.2969 3.1304 6.0000 1.4501 0.0072 
30.8206 11.0000 2918.5069 0.3507 0.1414 -0.2943 3.1343 7.0000 1.7569 0.0084 
30.8556 11.0000 2931.7507 0.3529 0.1368 -0.3035 3.1237 7.0000 1.7164 0.0083 
30.8229 11.0000 2917.6712 0.3506 0.1375 -0.3057 3.1309 6.0000 1.6262 0.0083 
30.8101 11.0000 2906.3007 0.3563 0.1395 -0.3099 3.1320 6.0000 1.6720 0.0084 
30.7984 11.0000 2900.6271 0.3507 0.1389 -0.2974 3.1258 6.0000 1.8634 0.0084 
30.8395 11.0000 2926.7118 0.3520 0.1387 -0.2978 3.1313 6.0000 2.3442 0.0092 
30.8209 11.0000 2926.9020 0.3478 0.1374 -0.2969 3.1259 6.0000 2.3259 0.0087 
30.8673 11.0000 2937.8520 0.3487 0.1380 -0.2936 3.1161 6.0000 0.9658 0.0096 
30.7824 11.0000 2900.2359 0.3486 0.1383 -0.2999 3.1301 6.0000 1.4061 0.0081 
30.8654 11.0000 2946.0281 0.3522 0.1363 -0.3014 3.1247 6.0000 1.4922 0.0088 
30.8268 11.0000 2923.7363 0.3475 0.1377 -0.2940 3.1298 7.0000 0.9677 0.0088 
30.8317 11.0000 2922.3781 0.3520 0.1387 -0.3002 3.1247 6.0000 1.2586 0.0093 
30.8310 11.0000 2927.3879 0.3492 0.1383 -0.2980 3.1332 6.0000 1.4508 0.0072 
30.8281 11.0000 2926.3680 0.3510 0.1380 -0.2967 3.1242 6.0000 1.5332 0.0089 
30.8039 11.0000 2903.2134 0.3494 0.1390 -0.3016 3.1278 6.0000 1.3645 0.0101 
30.8176 11.0000 2912.0412 0.3484 0.1369 -0.3005 3.1239 6.0000 1.1630 0.0101 
30.7958 11.0000 2911.0686 0.3515 0.1380 -0.2965 3.1243 7.0000 1.9491 0.0101 
30.7915 11.0000 2911.4183 0.3458 0.1364 -0.2987 3.1297 6.0000 1.9761 0.0101 
30.7997 11.0000 2897.7003 0.3534 0.1406 -0.3018 3.1339 6.0000 1.4467 0.0082 
30.8376 11.0000 2923.1941 0.3504 0.1361 -0.3025 3.1301 6.0000 1.0125 0.0093 
30.8144 11.0000 2916.1732 0.3535 0.1399 -0.3028 3.1347 6.0000 1.4518 0.0107 
30.8693 11.0000 2937.4559 0.3499 0.1361 -0.3004 3.1233 7.0000 1.7040 0.0085 
30.8647 11.0000 2934.6013 0.3490 0.1384 -0.2967 3.1220 6.0000 1.7512 0.0085 
30.8134 11.0000 2905.9840 0.3543 0.1389 -0.3043 3.1365 6.0000 1.5377 0.0081 
30.7755 11.0000 2892.5340 0.3491 0.1390 -0.2988 3.1380 6.0000 1.5839 0.0094 
30.8163 11.0000 2910.6690 0.3475 0.1384 -0.2928 3.1381 7.0000 2.7907 0.0089 
30.7866 11.0000 2904.2683 0.3453 0.1354 -0.2971 3.1304 6.0000 2.2845 0.0089 
30.8317 11.0000 2921.5752 0.3505 0.1393 -0.2972 3.1322 6.0000 2.7679 0.0089 
30.8340 11.0000 2921.0500 0.3468 0.1360 -0.2962 3.1182 6.0000 2.5938 0.0086 
30.8013 11.0000 2896.4859 0.3499 0.1377 -0.3031 3.1341 6.0000 1.4526 0.0063 
30.7588 11.0000 2899.8621 0.3478 0.1372 -0.2994 3.1317 6.0000 0.9676 0.0082 
30.8235 11.0000 2919.4101 0.3501 0.1357 -0.3070 3.1309 6.0000 1.4954 0.0075 
30.8376 11.0000 2916.6219 0.3474 0.1371 -0.2954 3.1279 6.0000 2.1348 0.0081 
30.8278 11.0000 2917.6219 0.3476 0.1357 -0.2985 3.1337 6.0000 1.6247 0.0102 
30.7964 11.0000 2908.8359 0.3535 0.1398 -0.3026 3.1395 6.0000 1.4973 0.0089 
30.8124 11.0000 2918.8281 0.3455 0.1361 -0.2951 3.1382 6.0000 1.4960 0.0069 
30.8222 11.0000 2913.1170 0.3550 0.1381 -0.3043 3.1308 6.0000 2.0990 0.0083 
30.7944 11.0000 2901.1101 0.3522 0.1379 -0.3026 3.1304 6.0000 2.2325 0.0058 
30.7980 11.0000 2902.6948 0.3487 0.1375 -0.2996 3.1262 6.0000 1.8372 0.0083 
30.8918 11.0000 2942.1268 0.3474 0.1362 -0.2969 3.1321 6.0000 1.7148 0.0077 
30.8324 11.0000 2921.4775 0.3498 0.1339 -0.3076 3.1241 7.0000 1.4503 0.0094 
30.8363 11.0000 2927.3559 0.3529 0.1386 -0.3009 3.1355 6.0000 1.4545 0.0094 
30.8539 11.0000 2934.9294 0.3455 0.1370 -0.2938 3.1300 6.0000 1.4972 0.0094 
30.7712 11.0000 2888.4415 0.3449 0.1369 -0.2957 3.1356 6.0000 1.0161 0.0094 
30.8118 11.0000 2901.6572 0.3489 0.1383 -0.2985 3.1301 6.0000 1.5404 0.0094 
30.8748 11.0000 2947.4755 0.3477 0.1382 -0.2932 3.1266 6.0000 1.5826 0.0094 
30.9085 11.0000 2956.4180 0.3491 0.1354 -0.2977 3.1242 6.0000 1.5256 0.0094 
30.8314 11.0000 2919.7415 0.3471 0.1363 -0.2988 3.1269 6.0000 1.0134 0.0094 
30.8503 11.0000 2933.1990 0.3488 0.1392 -0.2955 3.1312 6.0000 1.5762 0.0094 
30.7908 11.0000 2899.2889 0.3474 0.1374 -0.2979 3.1276 6.0000 1.3651 0.0094 
30.7967 11.0000 2914.3118 0.3500 0.1370 -0.3010 3.1292 6.0000 1.5802 0.0094 
