30.7431 1.0000 2889.6634 0.3654 0.1536 -0.2895 3.0708 6.0000 5.1710 0.0133 
30.7071 1.0000 2852.9065 0.3738 0.1588 -0.2959 3.0805 5.0000 5.0055 0.0132 
30.6797 1.0000 2856.1136 0.3638 0.1554 -0.2820 3.0750 6.0000 5.3487 0.0120 
30.7488 1.0000 2899.9857 0.3669 0.1518 -0.2880 3.0628 7.0000 4.6597 0.0133 
30.7484 1.0000 2884.0315 0.3679 0.1568 -0.2838 3.0724 6.0000 5.1336 0.0138 
30.7921 1.0000 2904.2533 0.3713 0.1578 -0.2880 3.0671 6.0000 5.3914 0.0133 
30.7304 1.0000 2877.1895 0.3702 0.1582 -0.2894 3.0800 7.0000 5.3461 0.0133 
30.7124 1.0000 2863.2978 0.3741 0.1595 -0.2976 3.0759 6.0000 5.3056 0.0133 
30.7214 1.0000 2874.9158 0.3685 0.1554 -0.2933 3.0733 6.0000 5.3993 0.0133 
30.6830 1.0000 2858.4232 0.3746 0.1570 -0.3031 3.0630 5.0000 5.3990 0.0133 
30.7406 1.0000 2887.3807 0.3743 0.1558 -0.3008 3.0599 6.0000 5.3054 0.0133 
30.6634 1.0000 2839.3860 0.3685 0.1566 -0.2949 3.0744 6.0000 0.5785 0.0124 
30.7169 1.0000 2866.0306 0.3730 0.1598 -0.2936 3.0736 6.0000 0.6140 0.0104 
30.6777 1.0000 2863.3574 0.3720 0.1558 -0.3000 3.0663 6.0000 0.8384 0.0099 
30.7357 1.0000 2873.6368 0.3687 0.1579 -0.2874 3.0701 6.0000 0.8341 0.0138 
30.6777 1.0000 2860.8292 0.3729 0.1576 -0.2963 3.0752 6.0000 0.8367 0.0138 
30.6781 1.0000 2847.8676 0.3623 0.1561 -0.2802 3.0725 6.0000 1.2775 0.0104 
30.7222 1.0000 2865.9649 0.3754 0.1584 -0.2968 3.0725 6.0000 1.9498 0.0138 
30.6924 1.0000 2862.5359 0.3690 0.1591 -0.2853 3.0729 6.0000 1.3870 0.0104 
30.7606 1.0000 2900.0592 0.3731 0.1582 -0.2942 3.0790 6.0000 1.8318 0.0113 
30.6573 1.0000 2848.4252 0.3652 0.1540 -0.2902 3.0705 5.0000 1.8403 0.0113 
30.7819 1.0000 2907.7337 0.3686 0.1545 -0.2880 3.0654 6.0000 1.9272 0.0113 
30.7055 1.0000 2871.9690 0.3746 0.1606 -0.2933 3.0727 6.0000 0.6164 0.0107 
30.7659 1.0000 2882.1405 0.3706 0.1570 -0.2909 3.0771 7.0000 0.8789 0.0121 
30.6642 1.0000 2845.1319 0.3696 0.1592 -0.2903 3.0789 6.0000 0.6166 0.0121 
30.7631 1.0000 2905.0944 0.3692 0.1569 -0.2875 3.0699 6.0000 0.7496 0.0102 
30.7659 1.0000 2889.6977 0.3644 0.1566 -0.2850 3.0692 6.0000 0.8361 0.0113 
30.6626 1.0000 2842.2986 0.3688 0.1552 -0.2936 3.0743 6.0000 0.9214 0.0121 
30.7398 1.0000 2879.3958 0.3702 0.1564 -0.2896 3.0687 6.0000 0.9246 0.0125 
30.7402 1.0000 2878.0482 0.3702 0.1534 -0.2975 3.0661 6.0000 1.1189 0.0125 
30.7831 1.0000 2895.7390 0.3633 0.1535 -0.2827 3.0668 6.0000 1.1605 0.0116 
30.7520 1.0000 2893.4007 0.3634 0.1542 -0.2851 3.0657 7.0000 1.2462 0.0137 
30.7136 1.0000 2864.8080 0.3692 0.1568 -0.2961 3.0720 5.0000 1.2714 0.0137 
30.7586 1.0000 2893.7647 0.3692 0.1581 -0.2920 3.0632 6.0000 0.6163 0.0110 
30.7145 1.0000 2876.0727 0.3709 0.1581 -0.2916 3.0643 6.0000 0.9248 0.0137 
30.7729 1.0000 2903.7226 0.3707 0.1571 -0.2909 3.0641 6.0000 0.8694 0.0137 
30.7402 1.0000 2885.3623 0.3677 0.1544 -0.2916 3.0701 6.0000 0.6134 0.0137 
30.7153 1.0000 2866.9065 0.3690 0.1589 -0.2868 3.0747 6.0000 0.8381 0.0139 
30.7014 1.0000 2861.5233 0.3664 0.1562 -0.2915 3.0816 6.0000 0.9090 0.0139 
30.7308 1.0000 2876.5208 0.3667 0.1539 -0.2957 3.0713 5.0000 1.0522 0.0108 
30.7802 1.0000 2902.2386 0.3667 0.1560 -0.2805 3.0713 6.0000 0.9701 0.0108 
30.6667 1.0000 2833.8542 0.3713 0.1582 -0.2967 3.0804 7.0000 0.9228 0.0095 
30.7426 1.0000 2891.3607 0.3784 0.1600 -0.2981 3.0752 6.0000 0.9921 0.0105 
30.7475 1.0000 2886.0502 0.3687 0.1574 -0.2851 3.0750 6.0000 1.0944 0.0105 
30.6667 1.0000 2844.9722 0.3724 0.1577 -0.2982 3.0867 6.0000 1.0092 0.0111 
30.7533 1.0000 2878.9203 0.3713 0.1572 -0.2934 3.0795 6.0000 1.1821 0.0099 
30.7729 1.0000 2885.1708 0.3664 0.1558 -0.2864 3.0709 6.0000 1.2751 0.0116 
30.7945 1.0000 2915.9346 0.3679 0.1557 -0.2840 3.0668 6.0000 1.0089 0.0099 
30.6593 1.0000 2844.2594 0.3697 0.1582 -0.2881 3.0862 6.0000 0.6587 0.0136 
30.6748 1.0000 2853.1348 0.3733 0.1577 -0.2978 3.0753 6.0000 1.1401 0.0110 
30.7549 1.0000 2889.4604 0.3715 0.1586 -0.2931 3.0711 6.0000 1.1248 0.0133 
30.7092 1.0000 2866.8664 0.3691 0.1574 -0.2922 3.0681 6.0000 1.0133 0.0113 
30.7643 1.0000 2898.0453 0.3727 0.1599 -0.2879 3.0728 6.0000 1.0995 0.0113 
30.7520 1.0000 2888.9914 0.3727 0.1598 -0.2890 3.0727 6.0000 1.0542 0.0094 
30.7451 1.0000 2882.8905 0.3680 0.1592 -0.2825 3.0800 6.0000 1.1005 0.0094 
30.7304 1.0000 2867.9935 0.3682 0.1590 -0.2804 3.0688 6.0000 0.9660 0.0142 
30.7819 1.0000 2907.3640 0.3720 0.1588 -0.2889 3.0695 6.0000 0.9227 0.0142 
30.7402 1.0000 2889.0118 0.3684 0.1565 -0.2820 3.0745 6.0000 0.8772 0.0100 
30.6703 1.0000 2857.6332 0.3734 0.1586 -0.2970 3.0852 7.0000 0.8810 0.0100 
30.7488 1.0000 2889.6949 0.3722 0.1568 -0.2938 3.0712 6.0000 0.9170 0.0113 
30.6785 1.0000 2848.7075 0.3680 0.1550 -0.2996 3.0796 7.0000 0.7419 0.0125 
30.7377 1.0000 2873.7729 0.3734 0.1601 -0.2916 3.0775 6.0000 0.9682 0.0127 
30.7815 1.0000 2892.2623 0.3646 0.1560 -0.2847 3.0687 6.0000 1.0544 0.0107 
30.7958 1.0000 2912.4694 0.3692 0.1602 -0.2757 3.0667 6.0000 1.1833 0.0107 
30.6458 1.0000 2832.7725 0.3655 0.1547 -0.2891 3.0775 6.0000 1.0557 0.0120 
30.6520 1.0000 2840.9060 0.3729 0.1589 -0.2928 3.0706 6.0000 1.1436 0.0120 
30.6985 1.0000 2851.2161 0.3709 0.1598 -0.2908 3.0708 6.0000 1.4518 0.0147 
30.7018 1.0000 2859.4224 0.3728 0.1588 -0.2995 3.0764 6.0000 1.3627 0.0147 
30.7778 1.0000 2882.3856 0.3746 0.1621 -0.2891 3.0822 6.0000 0.6595 0.0096 
30.7377 1.0000 2874.2741 0.3719 0.1588 -0.2897 3.0724 6.0000 1.0498 0.0136 
30.7480 1.0000 2878.8056 0.3704 0.1547 -0.2959 3.0677 6.0000 0.6944 0.0116 
30.6981 1.0000 2866.8607 0.3702 0.1587 -0.2829 3.0828 6.0000 0.8779 0.0109 
30.7561 1.0000 2881.7398 0.3730 0.1613 -0.2920 3.0836 6.0000 0.9680 0.0122 
30.7508 1.0000 2885.3239 0.3715 0.1569 -0.2929 3.0716 7.0000 0.8804 0.0121 
30.7173 1.0000 2876.4734 0.3655 0.1551 -0.2858 3.0624 6.0000 1.0127 0.0126 
30.6716 1.0000 2839.4849 0.3711 0.1570 -0.2940 3.0666 6.0000 1.0520 0.0114 
30.7308 1.0000 2890.8109 0.3725 0.1605 -0.2896 3.0697 6.0000 1.1022 0.0114 
30.6377 1.0000 2821.5515 0.3675 0.1549 -0.2941 3.0739 6.0000 0.7060 0.0123 
30.7888 1.0000 2915.7810 0.3669 0.1576 -0.2790 3.0763 5.0000 1.2069 0.0097 
30.7904 1.0000 2900.5200 0.3725 0.1598 -0.2847 3.0782 6.0000 0.9662 0.0085 
30.6695 1.0000 2857.7480 0.3712 0.1575 -0.2906 3.0734 6.0000 0.8816 0.0125 
30.7504 1.0000 2877.5278 0.3731 0.1566 -0.2969 3.0770 6.0000 0.9655 0.0141 
30.7132 1.0000 2878.1953 0.3696 0.1577 -0.2888 3.0724 6.0000 0.9207 0.0117 
30.7141 1.0000 2873.7827 0.3692 0.1585 -0.2811 3.0815 6.0000 1.0108 0.0123 
30.6985 1.0000 2856.8811 0.3712 0.1567 -0.2962 3.0753 6.0000 0.9243 0.0123 
30.7373 1.0000 2890.8297 0.3702 0.1559 -0.2891 3.0698 6.0000 0.9615 0.0100 
30.7279 1.0000 2866.1266 0.3642 0.1562 -0.2851 3.0740 6.0000 1.0995 0.0121 
30.7083 1.0000 2857.1234 0.3635 0.1552 -0.2861 3.0848 6.0000 1.1427 0.0121 
30.7038 1.0000 2869.8493 0.3684 0.1572 -0.2868 3.0694 6.0000 0.6583 0.0130 
30.7888 1.0000 2904.2283 0.3751 0.1573 -0.2927 3.0709 6.0000 1.0104 0.0098 
30.8260 1.0000 2913.3991 0.3688 0.1553 -0.2932 3.0700 5.0000 1.0107 0.0098 
30.6540 1.0000 2849.0016 0.3624 0.1555 -0.2860 3.0706 6.0000 1.0110 0.0098 
30.7263 1.0000 2889.4101 0.3669 0.1564 -0.2878 3.0859 6.0000 0.9686 0.0098 
30.7092 1.0000 2854.9673 0.3630 0.1558 -0.2830 3.0754 6.0000 0.9650 0.0098 
30.7333 1.0000 2884.7034 0.3710 0.1587 -0.2876 3.0739 6.0000 0.7493 0.0098 
30.6891 1.0000 2858.5261 0.3609 0.1535 -0.2837 3.0709 5.0000 0.9691 0.0098 
30.7774 1.0000 2892.4779 0.3657 0.1547 -0.2888 3.0737 6.0000 0.6602 0.0098 
30.7161 1.0000 2868.1622 0.3648 0.1560 -0.2846 3.0751 6.0000 0.9674 0.0098 
30.7271 1.0000 2877.4726 0.3727 0.1577 -0.2898 3.0762 6.0000 1.0096 0.0098 
30.7851 1.0000 2899.9767 0.3615 0.1523 -0.2843 3.0724 6.0000 1.0104 0.0098 
