30.8968 1.0000 2948.6005 0.2805 0.0987 -0.3007 3.1470 6.0000 13.1591 0.0064 
30.8796 1.0000 2938.4747 0.2791 0.0978 -0.3023 3.1525 7.0000 13.0737 0.0064 
30.8745 1.0000 2931.1285 0.2813 0.0983 -0.3079 3.1566 6.0000 13.1156 0.0068 
30.9099 1.0000 2949.7021 0.2823 0.0985 -0.3052 3.1548 6.0000 12.9240 0.0059 
30.8764 1.0000 2940.4572 0.2848 0.0984 -0.3070 3.1512 6.0000 12.0273 0.0068 
30.9031 1.0000 2950.5711 0.2812 0.0982 -0.3059 3.1517 6.0000 11.8878 0.0061 
30.8965 1.0000 2951.3554 0.2811 0.0968 -0.3072 3.1469 6.0000 12.1091 0.0068 
30.8943 1.0000 2946.7702 0.2808 0.0991 -0.3030 3.1525 6.0000 11.5404 0.0059 
30.8859 1.0000 2943.5961 0.2819 0.0985 -0.3056 3.1521 7.0000 12.2395 0.0064 
30.8783 1.0000 2941.0210 0.2807 0.0973 -0.3054 3.1508 6.0000 12.2403 0.0064 
30.8804 1.0000 2939.7906 0.2846 0.0965 -0.3137 3.1463 7.0000 12.8572 0.0061 
30.8761 1.0000 2938.0618 0.2830 0.0976 -0.3101 3.1505 6.0000 1.6274 0.0058 
30.8990 1.0000 2944.1479 0.2835 0.0983 -0.3120 3.1541 7.0000 4.0841 0.0076 
30.9090 1.0000 2946.8450 0.2818 0.0978 -0.3077 3.1541 7.0000 4.2103 0.0076 
30.8750 1.0000 2938.1539 0.2794 0.0973 -0.3080 3.1526 7.0000 4.2501 0.0077 
30.9028 1.0000 2951.1364 0.2838 0.0980 -0.3091 3.1500 6.0000 3.2009 0.0070 
30.8679 1.0000 2929.4074 0.2801 0.0985 -0.3049 3.1578 7.0000 2.1479 0.0077 
30.8881 1.0000 2937.3472 0.2836 0.0992 -0.3091 3.1513 6.0000 2.2874 0.0064 
30.8892 1.0000 2944.6441 0.2830 0.0979 -0.3108 3.1542 6.0000 3.1705 0.0067 
30.8870 1.0000 2938.5779 0.2783 0.0971 -0.3041 3.1577 6.0000 3.7650 0.0059 
30.9156 1.0000 2952.3723 0.2828 0.0971 -0.3145 3.1519 6.0000 4.6804 0.0059 
30.9085 1.0000 2952.6928 0.2819 0.0974 -0.3092 3.1543 6.0000 3.9553 0.0059 
30.8516 1.0000 2930.2620 0.2826 0.0969 -0.3088 3.1541 7.0000 1.4509 0.0059 
30.8690 1.0000 2936.2170 0.2789 0.0975 -0.3047 3.1522 7.0000 2.7696 0.0070 
30.8499 1.0000 2915.5207 0.2788 0.0974 -0.3045 3.1511 6.0000 3.4980 0.0062 
30.8878 1.0000 2943.9673 0.2848 0.0997 -0.3105 3.1504 6.0000 3.3796 0.0070 
30.8747 1.0000 2938.3894 0.2864 0.0979 -0.3145 3.1495 7.0000 4.6586 0.0070 
30.9009 1.0000 2951.6773 0.2832 0.0995 -0.3051 3.1541 6.0000 4.0025 0.0065 
30.8783 1.0000 2938.7563 0.2826 0.0960 -0.3108 3.1447 6.0000 2.8151 0.0064 
30.9047 1.0000 2948.3682 0.2785 0.0970 -0.3025 3.1536 7.0000 2.3284 0.0056 
30.8554 1.0000 2925.1991 0.2808 0.0974 -0.3063 3.1470 6.0000 2.4196 0.0063 
30.9039 1.0000 2944.8080 0.2841 0.0984 -0.3110 3.1477 6.0000 4.2613 0.0072 
30.9031 1.0000 2949.7233 0.2818 0.0972 -0.3097 3.1490 6.0000 3.4191 0.0063 
30.8636 1.0000 2933.9001 0.2819 0.0969 -0.3077 3.1501 7.0000 1.5302 0.0069 
30.8706 1.0000 2938.1152 0.2804 0.0963 -0.3058 3.1468 7.0000 1.5375 0.0069 
30.8962 1.0000 2943.6008 0.2824 0.0987 -0.3096 3.1519 6.0000 3.4585 0.0064 
30.8671 1.0000 2933.3701 0.2823 0.0969 -0.3102 3.1514 6.0000 3.4989 0.0062 
30.8853 1.0000 2944.8641 0.2831 0.0967 -0.3132 3.1483 6.0000 3.6191 0.0064 
30.8892 1.0000 2939.5054 0.2819 0.0977 -0.3097 3.1489 6.0000 3.8165 0.0064 
30.8875 1.0000 2940.1762 0.2807 0.0970 -0.3092 3.1559 7.0000 2.0212 0.0064 
30.8911 1.0000 2944.4981 0.2788 0.0964 -0.3058 3.1484 6.0000 2.2419 0.0064 
30.9148 1.0000 2956.1882 0.2833 0.0980 -0.3072 3.1452 6.0000 2.5651 0.0062 
30.8734 1.0000 2939.9311 0.2809 0.0965 -0.3049 3.1457 7.0000 2.1438 0.0058 
30.8745 1.0000 2931.8159 0.2820 0.0990 -0.3052 3.1547 7.0000 2.2822 0.0058 
30.8725 1.0000 2925.3693 0.2817 0.0983 -0.3064 3.1496 7.0000 2.2879 0.0068 
30.8962 1.0000 2949.9368 0.2779 0.0971 -0.3024 3.1495 6.0000 1.4547 0.0067 
30.8889 1.0000 2941.9374 0.2802 0.0967 -0.3080 3.1503 7.0000 2.2467 0.0058 
30.8875 1.0000 2943.4327 0.2814 0.0970 -0.3082 3.1439 6.0000 3.8950 0.0061 
30.9055 1.0000 2950.1983 0.2809 0.0973 -0.3058 3.1495 6.0000 7.0306 0.0066 
30.8949 1.0000 2946.6296 0.2834 0.0994 -0.3069 3.1545 6.0000 7.0380 0.0058 
30.8935 1.0000 2942.0044 0.2798 0.0965 -0.3089 3.1475 6.0000 6.5078 0.0066 
30.9099 1.0000 2948.1340 0.2848 0.0988 -0.3082 3.1565 6.0000 5.4944 0.0062 
30.9088 1.0000 2950.7481 0.2830 0.0965 -0.3091 3.1445 6.0000 2.2852 0.0059 
30.8924 1.0000 2944.9474 0.2819 0.0974 -0.3116 3.1460 6.0000 3.6081 0.0075 
30.8764 1.0000 2937.7162 0.2806 0.0972 -0.3071 3.1539 6.0000 2.7714 0.0077 
30.8810 1.0000 2943.2565 0.2822 0.0969 -0.3105 3.1464 6.0000 2.2892 0.0058 
30.8483 1.0000 2917.5245 0.2806 0.0968 -0.3094 3.1499 7.0000 2.3301 0.0071 
30.9069 1.0000 2952.2993 0.2815 0.0970 -0.3083 3.1441 6.0000 1.4959 0.0058 
30.8971 1.0000 2947.1048 0.2768 0.0959 -0.3006 3.1488 6.0000 2.7980 0.0058 
30.8886 1.0000 2945.8107 0.2806 0.0987 -0.3037 3.1500 6.0000 2.6943 0.0067 
30.8832 1.0000 2935.0899 0.2800 0.0980 -0.3076 3.1506 6.0000 2.2801 0.0069 
30.9050 1.0000 2945.1827 0.2819 0.0967 -0.3109 3.1462 6.0000 2.7254 0.0060 
30.8938 1.0000 2951.3391 0.2809 0.0993 -0.3041 3.1497 7.0000 2.2826 0.0067 
30.9058 1.0000 2945.9183 0.2835 0.0973 -0.3085 3.1487 7.0000 2.3007 0.0067 
30.8565 1.0000 2928.7279 0.2793 0.0975 -0.3065 3.1524 7.0000 2.5088 0.0066 
30.9060 1.0000 2950.6574 0.2839 0.0960 -0.3139 3.1469 6.0000 2.1553 0.0066 
30.8666 1.0000 2933.5964 0.2829 0.0973 -0.3132 3.1525 6.0000 2.3721 0.0060 
30.9071 1.0000 2951.9657 0.2786 0.0987 -0.2976 3.1526 6.0000 2.3292 0.0058 
30.8783 1.0000 2932.4014 0.2827 0.0966 -0.3115 3.1487 6.0000 2.3322 0.0079 
30.9001 1.0000 2945.1797 0.2811 0.0973 -0.3079 3.1480 6.0000 1.4958 0.0077 
30.9085 1.0000 2950.9676 0.2821 0.0964 -0.3095 3.1486 6.0000 2.2855 0.0068 
30.8725 1.0000 2935.5561 0.2806 0.0961 -0.3082 3.1489 6.0000 1.6258 0.0061 
30.8807 1.0000 2932.8126 0.2812 0.0965 -0.3092 3.1523 7.0000 2.3301 0.0061 
30.8761 1.0000 2938.9695 0.2823 0.0967 -0.3124 3.1512 6.0000 2.2865 0.0071 
30.8824 1.0000 2944.2105 0.2775 0.0961 -0.3048 3.1450 7.0000 2.2827 0.0055 
30.8932 1.0000 2944.8099 0.2794 0.0962 -0.3074 3.1466 7.0000 2.3308 0.0066 
30.9006 1.0000 2948.3990 0.2807 0.0975 -0.3088 3.1515 7.0000 2.3775 0.0066 
30.9085 1.0000 2950.6721 0.2830 0.0980 -0.3066 3.1522 7.0000 2.2894 0.0069 
30.8491 1.0000 2924.4322 0.2780 0.0953 -0.3059 3.1523 6.0000 2.3323 0.0065 
30.8431 1.0000 2927.2013 0.2801 0.0968 -0.3078 3.1489 6.0000 1.5364 0.0053 
30.8758 1.0000 2937.7987 0.2831 0.0979 -0.3096 3.1506 6.0000 1.5390 0.0059 
30.8968 1.0000 2949.6400 0.2794 0.0977 -0.3048 3.1513 7.0000 2.1995 0.0058 
30.8938 1.0000 2947.1983 0.2836 0.0981 -0.3094 3.1473 6.0000 2.6006 0.0071 
30.9158 1.0000 2955.8965 0.2802 0.0972 -0.3086 3.1486 6.0000 2.1509 0.0055 
30.8676 1.0000 2932.6367 0.2807 0.0985 -0.3049 3.1554 7.0000 2.2887 0.0075 
30.8840 1.0000 2939.1691 0.2841 0.0981 -0.3102 3.1482 6.0000 2.3110 0.0068 
30.8813 1.0000 2938.9243 0.2828 0.0985 -0.3088 3.1539 6.0000 2.0504 0.0063 
30.8725 1.0000 2934.4085 0.2814 0.0975 -0.3090 3.1493 6.0000 2.1791 0.0063 
30.8867 1.0000 2936.8916 0.2797 0.0967 -0.3080 3.1507 6.0000 2.3314 0.0068 
30.9232 1.0000 2957.5033 0.2809 0.0969 -0.3081 3.1470 6.0000 2.4631 0.0062 
30.9036 1.0000 2945.8655 0.2804 0.0984 -0.3026 3.1494 6.0000 2.2410 0.0068 
30.9066 1.0000 2952.7623 0.2819 0.0969 -0.3075 3.1447 8.0000 2.2359 0.0068 
30.9153 1.0000 2955.5621 0.2815 0.0971 -0.3064 3.1493 7.0000 2.2414 0.0068 
30.8668 1.0000 2934.9041 0.2849 0.0988 -0.3125 3.1597 7.0000 2.2871 0.0068 
30.8540 1.0000 2930.8521 0.2802 0.0973 -0.3057 3.1507 6.0000 2.5505 0.0068 
30.8758 1.0000 2941.8815 0.2776 0.0957 -0.3032 3.1520 7.0000 2.3238 0.0068 
30.8908 1.0000 2939.0969 0.2863 0.0989 -0.3133 3.1497 6.0000 2.3305 0.0068 
30.8663 1.0000 2934.3715 0.2818 0.0966 -0.3099 3.1481 6.0000 2.1565 0.0068 
30.8949 1.0000 2947.0888 0.2803 0.0958 -0.3088 3.1461 7.0000 2.1963 0.0068 
30.8764 1.0000 2934.2497 0.2839 0.0983 -0.3089 3.1551 7.0000 2.2881 0.0068 
