30.8183 11.0000 2920.3742 0.3806 0.1580 -0.2860 3.1483 6.0000 7.0820 0.0078 
30.7931 11.0000 2905.7199 0.3747 0.1539 -0.2852 3.1377 6.0000 8.0427 0.0087 
30.8020 11.0000 2915.6719 0.3754 0.1545 -0.2858 3.1411 6.0000 8.1256 0.0087 
30.7703 11.0000 2887.2732 0.3775 0.1533 -0.2960 3.1403 6.0000 7.2308 0.0087 
30.7676 11.0000 2885.6350 0.3811 0.1590 -0.2857 3.1549 7.0000 7.4018 0.0090 
30.8748 11.0000 2942.2752 0.3848 0.1580 -0.2879 3.1449 6.0000 6.8845 0.0072 
30.7458 11.0000 2881.3905 0.3853 0.1578 -0.2941 3.1561 7.0000 7.9966 0.0090 
30.8650 11.0000 2949.0768 0.3764 0.1526 -0.2823 3.1366 7.0000 8.1246 0.0090 
30.8588 11.0000 2926.8696 0.3811 0.1554 -0.2919 3.1367 7.0000 7.8389 0.0090 
30.8683 11.0000 2925.8791 0.3759 0.1544 -0.2868 3.1471 6.0000 7.7510 0.0090 
30.7892 11.0000 2905.8369 0.3803 0.1564 -0.2897 3.1523 6.0000 7.2264 0.0078 
30.8448 11.0000 2935.6882 0.3781 0.1521 -0.2888 3.1451 7.0000 1.3660 0.0079 
30.8105 11.0000 2919.0778 0.3767 0.1537 -0.2847 3.1513 6.0000 2.7010 0.0088 
30.7817 11.0000 2901.2817 0.3760 0.1570 -0.2800 3.1458 6.0000 1.8017 0.0102 
30.8183 11.0000 2906.2075 0.3834 0.1577 -0.2898 3.1518 6.0000 2.1725 0.0095 
30.8154 11.0000 2913.8480 0.3734 0.1535 -0.2824 3.1393 6.0000 3.3117 0.0075 
30.8327 11.0000 2915.0170 0.3833 0.1580 -0.2882 3.1540 6.0000 4.8744 0.0075 
30.8454 11.0000 2924.4408 0.3765 0.1548 -0.2818 3.1449 6.0000 5.4630 0.0075 
30.8101 11.0000 2916.6069 0.3768 0.1567 -0.2823 3.1447 6.0000 5.5780 0.0075 
30.8343 11.0000 2921.0971 0.3763 0.1564 -0.2830 3.1460 6.0000 5.4001 0.0096 
30.8307 11.0000 2925.8183 0.3832 0.1547 -0.2990 3.1467 6.0000 5.0564 0.0096 
30.8435 11.0000 2927.9784 0.3846 0.1578 -0.2923 3.1427 6.0000 4.8358 0.0077 
30.7742 11.0000 2894.6105 0.3832 0.1562 -0.2929 3.1494 6.0000 1.3653 0.0088 
30.8167 11.0000 2918.0297 0.3827 0.1551 -0.2958 3.1448 6.0000 0.9553 0.0085 
30.7948 11.0000 2903.8085 0.3788 0.1575 -0.2877 3.1526 6.0000 1.4094 0.0083 
30.8546 11.0000 2935.0464 0.3738 0.1556 -0.2784 3.1467 7.0000 1.4069 0.0089 
30.8565 11.0000 2934.6546 0.3799 0.1563 -0.2889 3.1433 6.0000 2.6813 0.0084 
30.7925 11.0000 2894.6895 0.3773 0.1557 -0.2904 3.1458 6.0000 2.9042 0.0084 
30.8487 11.0000 2934.5225 0.3794 0.1566 -0.2861 3.1417 6.0000 2.9212 0.0094 
30.7709 11.0000 2895.7314 0.3744 0.1535 -0.2911 3.1458 7.0000 3.2312 0.0072 
30.8441 11.0000 2934.8595 0.3718 0.1545 -0.2791 3.1386 6.0000 3.0119 0.0098 
30.8225 11.0000 2918.9948 0.3848 0.1590 -0.2847 3.1547 6.0000 2.6409 0.0098 
30.8235 11.0000 2914.9229 0.3816 0.1559 -0.2909 3.1402 6.0000 2.3761 0.0069 
30.8154 11.0000 2913.5029 0.3820 0.1558 -0.2948 3.1491 6.0000 0.9250 0.0081 
30.8310 11.0000 2914.9235 0.3816 0.1580 -0.2886 3.1448 6.0000 1.3622 0.0091 
30.8114 11.0000 2916.0873 0.3809 0.1559 -0.2899 3.1403 6.0000 1.4473 0.0100 
30.8634 11.0000 2940.6958 0.3808 0.1545 -0.2877 3.1432 6.0000 1.3637 0.0077 
30.7984 11.0000 2913.6324 0.3844 0.1559 -0.2899 3.1442 6.0000 0.9245 0.0078 
30.8275 11.0000 2928.6144 0.3813 0.1562 -0.2933 3.1409 6.0000 1.3032 0.0082 
30.7863 11.0000 2906.7863 0.3737 0.1547 -0.2782 3.1533 7.0000 1.7132 0.0099 
30.8732 11.0000 2941.0337 0.3814 0.1545 -0.2889 3.1409 6.0000 1.8572 0.0099 
30.7840 11.0000 2900.2680 0.3778 0.1540 -0.2930 3.1502 7.0000 2.1137 0.0099 
30.8059 11.0000 2913.7650 0.3783 0.1544 -0.2913 3.1483 6.0000 2.1106 0.0099 
30.8356 11.0000 2927.8395 0.3774 0.1547 -0.2864 3.1369 6.0000 2.0248 0.0099 
30.8069 11.0000 2913.8353 0.3791 0.1557 -0.2881 3.1457 6.0000 1.3642 0.0089 
30.7794 11.0000 2904.9085 0.3760 0.1544 -0.2863 3.1445 6.0000 0.9210 0.0079 
30.8454 11.0000 2930.4248 0.3839 0.1599 -0.2849 3.1466 7.0000 1.4065 0.0087 
30.8487 11.0000 2927.7944 0.3744 0.1539 -0.2848 3.1371 6.0000 1.3656 0.0080 
30.8324 11.0000 2928.7160 0.3784 0.1546 -0.2860 3.1495 7.0000 1.4041 0.0098 
30.7804 11.0000 2896.5291 0.3777 0.1543 -0.2903 3.1439 6.0000 1.3217 0.0085 
30.7824 11.0000 2894.4196 0.3768 0.1546 -0.2885 3.1501 6.0000 1.7161 0.0084 
30.8559 11.0000 2934.5631 0.3771 0.1578 -0.2783 3.1512 6.0000 1.9301 0.0085 
30.8281 11.0000 2915.2971 0.3799 0.1574 -0.2893 3.1574 6.0000 2.3670 0.0084 
30.8683 11.0000 2935.6771 0.3796 0.1554 -0.2934 3.1481 6.0000 2.1069 0.0098 
30.8124 11.0000 2904.5023 0.3821 0.1567 -0.2954 3.1480 6.0000 1.9789 0.0100 
30.8415 11.0000 2933.4343 0.3772 0.1539 -0.2889 3.1423 7.0000 1.3652 0.0091 
30.8176 11.0000 2915.5935 0.3789 0.1552 -0.2909 3.1408 6.0000 0.9240 0.0089 
30.8405 11.0000 2930.2474 0.3777 0.1541 -0.2828 3.1434 6.0000 1.4072 0.0087 
30.7840 11.0000 2890.4680 0.3856 0.1572 -0.2966 3.1497 6.0000 1.4089 0.0094 
30.8258 11.0000 2922.5507 0.3831 0.1565 -0.2835 3.1488 6.0000 1.4962 0.0077 
30.7690 11.0000 2881.6065 0.3802 0.1569 -0.2907 3.1503 6.0000 1.3144 0.0102 
30.8288 11.0000 2921.3667 0.3842 0.1578 -0.2911 3.1584 6.0000 1.4056 0.0077 
30.7853 11.0000 2910.9778 0.3828 0.1586 -0.2904 3.1498 6.0000 1.4000 0.0078 
30.7784 11.0000 2893.6902 0.3850 0.1590 -0.2902 3.1529 6.0000 1.6524 0.0078 
30.8206 11.0000 2908.4974 0.3707 0.1517 -0.2822 3.1426 7.0000 1.4515 0.0093 
30.8072 11.0000 2923.4069 0.3774 0.1550 -0.2822 3.1494 6.0000 1.6256 0.0093 
30.8118 11.0000 2917.9752 0.3814 0.1573 -0.2859 3.1547 6.0000 1.3626 0.0099 
30.8173 11.0000 2914.3124 0.3796 0.1558 -0.2852 3.1511 7.0000 0.9252 0.0092 
30.7980 11.0000 2909.6908 0.3789 0.1580 -0.2817 3.1576 6.0000 1.4541 0.0088 
30.8477 11.0000 2923.7258 0.3800 0.1575 -0.2869 3.1479 7.0000 1.4934 0.0088 
30.7716 11.0000 2893.8631 0.3792 0.1579 -0.2838 3.1512 6.0000 1.4496 0.0087 
30.8464 11.0000 2928.9271 0.3790 0.1541 -0.2938 3.1446 6.0000 1.7252 0.0072 
30.8340 11.0000 2920.8474 0.3763 0.1544 -0.2839 3.1428 6.0000 2.8080 0.0084 
30.7964 11.0000 2908.7363 0.3811 0.1555 -0.2897 3.1403 6.0000 2.2426 0.0074 
30.8003 11.0000 2909.6275 0.3860 0.1571 -0.2963 3.1418 6.0000 2.0671 0.0072 
30.7797 11.0000 2889.6101 0.3840 0.1549 -0.2987 3.1475 6.0000 1.5419 0.0071 
30.7810 11.0000 2901.8248 0.3820 0.1579 -0.2859 3.1456 7.0000 1.5850 0.0071 
30.8046 11.0000 2914.6278 0.3763 0.1557 -0.2839 3.1436 6.0000 1.4539 0.0080 
30.8163 11.0000 2918.5526 0.3786 0.1563 -0.2832 3.1501 7.0000 1.4050 0.0076 
30.8569 11.0000 2940.2458 0.3773 0.1515 -0.2936 3.1386 7.0000 0.9257 0.0077 
30.8180 11.0000 2918.2634 0.3797 0.1544 -0.2886 3.1379 6.0000 1.3622 0.0095 
30.8167 11.0000 2925.2441 0.3780 0.1560 -0.2813 3.1450 6.0000 1.3634 0.0086 
30.8275 11.0000 2920.4278 0.3767 0.1547 -0.2832 3.1413 6.0000 1.4542 0.0079 
30.8637 11.0000 2939.5529 0.3790 0.1546 -0.2874 3.1444 7.0000 1.4487 0.0074 
30.7961 11.0000 2906.5722 0.3847 0.1602 -0.2861 3.1483 6.0000 1.4540 0.0072 
30.8686 11.0000 2928.4520 0.3746 0.1543 -0.2857 3.1501 6.0000 1.9910 0.0085 
30.8121 11.0000 2907.8418 0.3765 0.1570 -0.2821 3.1472 6.0000 1.5399 0.0088 
30.8408 11.0000 2933.1069 0.3846 0.1574 -0.2896 3.1479 6.0000 1.5793 0.0088 
30.8516 11.0000 2926.7422 0.3842 0.1576 -0.2910 3.1448 6.0000 1.5386 0.0078 
30.8484 11.0000 2932.1745 0.3705 0.1508 -0.2807 3.1434 6.0000 1.4511 0.0085 
30.7938 11.0000 2897.4222 0.3778 0.1542 -0.2911 3.1479 7.0000 1.4518 0.0085 
30.8222 11.0000 2916.5624 0.3798 0.1581 -0.2831 3.1439 6.0000 1.4936 0.0085 
30.8441 11.0000 2926.5278 0.3832 0.1562 -0.2930 3.1406 6.0000 0.9647 0.0085 
30.8582 11.0000 2931.0418 0.3791 0.1548 -0.2862 3.1410 6.0000 1.5808 0.0085 
30.8650 11.0000 2941.2775 0.3820 0.1581 -0.2845 3.1424 6.0000 1.4957 0.0085 
30.8242 11.0000 2922.7078 0.3820 0.1547 -0.2883 3.1433 6.0000 1.4942 0.0085 
30.8147 11.0000 2914.5304 0.3753 0.1539 -0.2862 3.1325 6.0000 1.3672 0.0085 
30.8350 11.0000 2928.3572 0.3755 0.1550 -0.2846 3.1434 6.0000 1.4992 0.0085 
30.8458 11.0000 2926.1484 0.3812 0.1566 -0.2879 3.1574 6.0000 1.5873 0.0085 
30.8242 11.0000 2926.5346 0.3796 0.1557 -0.2907 3.1482 6.0000 1.4517 0.0085 
