29.8889 11.0000 2591.1569 0.4272 0.2245 -0.3063 2.6238 4.0000 0.6760 0.0426 
30.0212 11.0000 2644.4690 0.4193 0.2260 -0.2836 2.6288 5.0000 0.6367 0.0426 
29.9395 11.0000 2615.5229 0.4321 0.2298 -0.2922 2.6283 5.0000 0.6772 0.0426 
29.8284 11.0000 2590.9069 0.4237 0.2291 -0.2853 2.6164 5.0000 0.6784 0.0426 
29.7745 11.0000 2579.9036 0.4196 0.2233 -0.2874 2.6270 5.0000 0.6583 0.0434 
29.8415 11.0000 2583.0621 0.4273 0.2298 -0.2977 2.6353 5.0000 0.6694 0.0426 
30.1029 11.0000 2672.1209 0.4180 0.2194 -0.2961 2.6074 4.0000 0.6798 0.0434 
29.8448 11.0000 2600.2369 0.4170 0.2247 -0.2818 2.6285 5.0000 0.6416 0.0434 
29.7941 11.0000 2583.4101 0.4244 0.2300 -0.2847 2.6338 5.0000 0.6813 0.0426 
29.9788 11.0000 2646.6422 0.4294 0.2208 -0.3062 2.6152 4.0000 0.6376 0.0426 
29.9314 11.0000 2617.3954 0.4393 0.2292 -0.3076 2.6244 5.0000 0.6617 0.0426 
29.8154 11.0000 2570.9967 0.4166 0.2266 -0.2916 2.6268 5.0000 0.1230 0.0473 
30.1193 11.0000 2688.8840 0.4247 0.2201 -0.3004 2.6207 5.0000 0.4253 0.0526 
29.6291 11.0000 2534.3627 0.4063 0.2216 -0.2713 2.6415 5.0000 0.5612 0.0426 
29.8431 11.0000 2598.9984 0.4314 0.2270 -0.3017 2.6257 4.0000 0.4382 0.0426 
29.8235 11.0000 2572.5147 0.4305 0.2294 -0.3073 2.6415 5.0000 0.4725 0.0426 
29.8693 11.0000 2597.9542 0.4193 0.2269 -0.2876 2.6384 4.0000 0.5632 0.0345 
29.9804 11.0000 2646.6569 0.4316 0.2277 -0.2897 2.6228 5.0000 0.4445 0.0426 
29.6830 11.0000 2543.4673 0.4323 0.2296 -0.3117 2.6368 5.0000 0.6041 0.0345 
29.9428 11.0000 2634.0474 0.4321 0.2217 -0.3067 2.6143 5.0000 0.5662 0.0345 
29.8431 11.0000 2606.7075 0.4061 0.2250 -0.2562 2.6296 5.0000 0.5217 0.0413 
29.7598 11.0000 2563.6569 0.4339 0.2288 -0.3030 2.6362 5.0000 0.4760 0.0345 
29.5327 11.0000 2507.8399 0.4043 0.2254 -0.2712 2.6378 4.0000 0.0868 0.0412 
29.8154 11.0000 2585.7173 0.4269 0.2241 -0.3044 2.6262 5.0000 0.0869 0.0446 
30.0507 11.0000 2654.8709 0.4335 0.2251 -0.3073 2.6130 5.0000 0.1324 0.0393 
29.8529 11.0000 2594.7647 0.4155 0.2250 -0.2818 2.6194 5.0000 0.4718 0.0425 
30.0000 11.0000 2638.1340 0.4301 0.2241 -0.2940 2.6180 4.0000 0.2991 0.0398 
29.7582 11.0000 2566.0425 0.4081 0.2222 -0.2721 2.6360 5.0000 0.4721 0.0408 
29.8807 11.0000 2607.5670 0.4341 0.2239 -0.3108 2.6181 5.0000 0.4716 0.0408 
29.8562 11.0000 2605.5719 0.4076 0.2206 -0.2716 2.6141 5.0000 0.4408 0.0408 
29.9444 11.0000 2634.5180 0.4145 0.2217 -0.2795 2.6236 4.0000 0.5170 0.0408 
29.7941 11.0000 2559.2696 0.4006 0.2258 -0.2505 2.6465 5.0000 0.4805 0.0432 
29.8382 11.0000 2570.7402 0.4276 0.2309 -0.2957 2.6352 5.0000 0.3471 0.0432 
29.9150 11.0000 2611.0343 0.4092 0.2293 -0.2614 2.6237 4.0000 0.2614 0.0398 
29.9118 11.0000 2625.8105 0.4415 0.2203 -0.3300 2.6094 5.0000 0.3063 0.0432 
29.8971 11.0000 2604.1487 0.4211 0.2206 -0.2972 2.6280 4.0000 0.1308 0.0406 
29.8186 11.0000 2586.6389 0.4256 0.2273 -0.3009 2.6284 4.0000 0.1316 0.0406 
29.8693 11.0000 2596.9624 0.4406 0.2289 -0.3186 2.6327 5.0000 0.1761 0.0491 
29.8007 11.0000 2569.3350 0.4251 0.2286 -0.2944 2.6287 4.0000 0.2230 0.0444 
29.5539 11.0000 2503.4559 0.4316 0.2357 -0.2988 2.6519 5.0000 0.3390 0.0295 
29.8121 11.0000 2563.8072 0.4154 0.2246 -0.2808 2.6425 5.0000 0.5049 0.0471 
29.8529 11.0000 2592.3464 0.4418 0.2309 -0.3086 2.6164 5.0000 0.3397 0.0471 
29.8840 11.0000 2597.9150 0.4216 0.2287 -0.2871 2.6212 4.0000 0.3798 0.0471 
29.8742 11.0000 2622.8709 0.4119 0.2281 -0.2591 2.6340 5.0000 0.4579 0.0471 
29.8513 11.0000 2626.1160 0.4055 0.2217 -0.2615 2.6115 5.0000 0.3328 0.0471 
29.6879 11.0000 2545.6454 0.4346 0.2299 -0.3089 2.6321 5.0000 0.3330 0.0471 
29.8203 11.0000 2584.4052 0.4372 0.2277 -0.3053 2.6361 4.0000 0.1297 0.0414 
29.6307 11.0000 2533.3676 0.4220 0.2253 -0.2963 2.6444 5.0000 0.1287 0.0414 
29.7647 11.0000 2571.4575 0.4111 0.2288 -0.2704 2.6360 5.0000 0.1273 0.0424 
30.1961 11.0000 2690.1471 0.4198 0.2273 -0.2697 2.6159 4.0000 0.0787 0.0424 
29.6895 11.0000 2549.1503 0.4181 0.2269 -0.2901 2.6369 5.0000 0.0799 0.0391 
29.8987 11.0000 2630.1405 0.4159 0.2217 -0.2780 2.6211 5.0000 0.2824 0.0425 
29.9297 11.0000 2607.1275 0.4322 0.2279 -0.3002 2.6228 4.0000 0.4179 0.0392 
29.7794 11.0000 2576.7859 0.4173 0.2209 -0.3004 2.6352 4.0000 0.3725 0.0428 
29.8513 11.0000 2591.8856 0.4116 0.2287 -0.2619 2.6329 4.0000 0.4276 0.0392 
29.5915 11.0000 2505.0229 0.4251 0.2315 -0.2933 2.6459 4.0000 0.3414 0.0425 
29.7974 11.0000 2580.8235 0.4237 0.2261 -0.2878 2.6271 4.0000 0.3421 0.0425 
29.6797 11.0000 2546.3840 0.4231 0.2271 -0.2920 2.6237 4.0000 0.1326 0.0392 
29.8235 11.0000 2573.0703 0.4218 0.2224 -0.3036 2.6338 5.0000 0.1230 0.0425 
29.9167 11.0000 2601.1618 0.4176 0.2287 -0.2779 2.6370 5.0000 0.2885 0.0381 
29.6961 11.0000 2554.6209 0.4225 0.2266 -0.2980 2.6492 4.0000 0.1287 0.0420 
29.8105 11.0000 2566.7925 0.4144 0.2254 -0.2863 2.6232 4.0000 0.0956 0.0420 
29.8186 11.0000 2571.9706 0.4208 0.2243 -0.2934 2.6396 4.0000 0.1145 0.0355 
29.8938 11.0000 2593.8415 0.4172 0.2306 -0.2731 2.6334 4.0000 0.5810 0.0397 
29.9134 11.0000 2620.0425 0.4229 0.2284 -0.2867 2.6228 5.0000 0.1188 0.0448 
30.0997 11.0000 2670.3824 0.4445 0.2251 -0.3270 2.6127 4.0000 0.3564 0.0397 
29.9020 11.0000 2605.8137 0.4275 0.2229 -0.3044 2.6126 5.0000 0.3211 0.0397 
29.8791 11.0000 2591.9003 0.4175 0.2230 -0.2871 2.6357 5.0000 0.3479 0.0442 
29.9461 11.0000 2625.1225 0.4308 0.2300 -0.3062 2.6385 5.0000 0.3478 0.0397 
29.7712 11.0000 2556.3562 0.4211 0.2276 -0.2899 2.6413 5.0000 0.2755 0.0442 
29.8350 11.0000 2597.8497 0.4265 0.2244 -0.3057 2.6258 5.0000 0.1201 0.0437 
29.8284 11.0000 2610.2647 0.4204 0.2248 -0.2883 2.6163 5.0000 0.1749 0.0412 
30.0212 11.0000 2669.0719 0.4160 0.2242 -0.2740 2.6245 5.0000 0.1754 0.0414 
29.7533 11.0000 2582.9428 0.4175 0.2200 -0.2911 2.6313 5.0000 0.0847 0.0417 
29.8987 11.0000 2604.1471 0.4152 0.2293 -0.2652 2.6284 4.0000 0.1300 0.0425 
29.7712 11.0000 2586.6013 0.4211 0.2323 -0.2795 2.6399 5.0000 0.2585 0.0432 
29.8578 11.0000 2586.2059 0.4299 0.2338 -0.2965 2.6420 4.0000 0.3902 0.0478 
29.7859 11.0000 2581.7059 0.4206 0.2263 -0.2897 2.6218 5.0000 0.3010 0.0425 
29.6895 11.0000 2527.5523 0.4265 0.2303 -0.2991 2.6402 4.0000 0.3953 0.0410 
29.8513 11.0000 2606.4592 0.4198 0.2286 -0.2696 2.6245 5.0000 0.3500 0.0410 
29.7206 11.0000 2573.3954 0.4174 0.2283 -0.2803 2.6326 5.0000 0.3984 0.0410 
29.8137 11.0000 2573.1781 0.4275 0.2252 -0.3055 2.6246 5.0000 0.3519 0.0410 
29.7876 11.0000 2589.5980 0.4163 0.2238 -0.2842 2.6383 4.0000 0.3078 0.0410 
29.8415 11.0000 2591.5049 0.4287 0.2250 -0.3036 2.6172 4.0000 0.1748 0.0410 
29.8186 11.0000 2595.7941 0.4368 0.2228 -0.3212 2.6200 5.0000 0.1305 0.0279 
29.7729 11.0000 2580.6209 0.4320 0.2260 -0.3148 2.6325 4.0000 0.0885 0.0410 
29.8007 11.0000 2578.5458 0.4247 0.2311 -0.2790 2.6322 5.0000 0.0910 0.0433 
29.6683 11.0000 2531.9788 0.4142 0.2278 -0.2800 2.6456 5.0000 0.1305 0.0433 
29.8627 11.0000 2606.3627 0.4346 0.2241 -0.3154 2.6237 5.0000 0.1310 0.0424 
30.2418 11.0000 2731.5572 0.4246 0.2193 -0.2934 2.6052 5.0000 0.2203 0.0364 
29.7173 11.0000 2561.2402 0.4244 0.2247 -0.2970 2.6261 5.0000 0.3959 0.0364 
29.9265 11.0000 2608.8873 0.4095 0.2295 -0.2590 2.6472 4.0000 0.4821 0.0364 
30.0196 11.0000 2636.3660 0.4206 0.2253 -0.2827 2.6249 5.0000 0.5264 0.0364 
29.8873 11.0000 2625.7990 0.4189 0.2236 -0.2810 2.6107 5.0000 0.5267 0.0364 
29.7255 11.0000 2528.9199 0.4226 0.2314 -0.2945 2.6374 5.0000 0.4437 0.0364 
29.8170 11.0000 2577.0588 0.4224 0.2285 -0.2891 2.6339 5.0000 0.3925 0.0364 
29.7974 11.0000 2579.7565 0.4246 0.2302 -0.2879 2.6243 5.0000 0.3499 0.0364 
29.9918 11.0000 2655.7108 0.4193 0.2232 -0.2912 2.6193 5.0000 0.1307 0.0364 
29.8235 11.0000 2598.9134 0.4091 0.2222 -0.2674 2.6157 4.0000 0.1309 0.0364 
29.9951 11.0000 2625.9592 0.4340 0.2250 -0.3121 2.6209 4.0000 0.1314 0.0364 
