30.8284 11.0000 2922.8127 0.3630 0.1448 -0.2901 3.1345 7.0000 7.0278 0.0063 
30.7650 11.0000 2893.1824 0.3597 0.1465 -0.2885 3.1395 6.0000 7.1148 0.0091 
30.8418 11.0000 2916.5288 0.3657 0.1470 -0.2985 3.1364 6.0000 7.1913 0.0098 
30.8516 11.0000 2930.4922 0.3592 0.1440 -0.2853 3.1327 6.0000 7.4859 0.0087 
30.8131 11.0000 2910.4010 0.3639 0.1448 -0.2993 3.1360 6.0000 8.2892 0.0098 
30.7974 11.0000 2913.0755 0.3576 0.1437 -0.2925 3.1331 6.0000 7.7220 0.0098 
30.8500 11.0000 2933.3023 0.3620 0.1429 -0.2957 3.1357 6.0000 7.6821 0.0098 
30.8507 11.0000 2926.6095 0.3606 0.1434 -0.2976 3.1344 6.0000 7.3861 0.0063 
30.8265 11.0000 2920.5735 0.3598 0.1442 -0.2893 3.1438 6.0000 7.6595 0.0096 
30.8190 11.0000 2918.6183 0.3554 0.1415 -0.2891 3.1368 6.0000 8.3712 0.0098 
30.7902 11.0000 2906.4781 0.3565 0.1441 -0.2922 3.1401 6.0000 7.4277 0.0098 
30.8059 11.0000 2916.8997 0.3612 0.1456 -0.2895 3.1397 6.0000 1.4055 0.0079 
30.8915 11.0000 2943.2889 0.3614 0.1443 -0.2958 3.1336 6.0000 0.9216 0.0079 
30.7585 11.0000 2891.1866 0.3620 0.1441 -0.3000 3.1383 6.0000 1.4914 0.0084 
30.7863 11.0000 2892.2824 0.3577 0.1425 -0.2959 3.1455 6.0000 1.4502 0.0100 
30.7918 11.0000 2894.7856 0.3590 0.1436 -0.2959 3.1374 7.0000 1.9606 0.0068 
30.7971 11.0000 2904.1248 0.3624 0.1439 -0.3015 3.1293 6.0000 4.8314 0.0085 
30.8069 11.0000 2908.2742 0.3631 0.1451 -0.2986 3.1347 6.0000 4.5668 0.0085 
30.8023 11.0000 2914.6193 0.3590 0.1452 -0.2883 3.1356 6.0000 5.2691 0.0090 
30.8471 11.0000 2929.3052 0.3588 0.1440 -0.2908 3.1434 6.0000 5.1264 0.0090 
30.8049 11.0000 2914.5036 0.3585 0.1469 -0.2836 3.1418 6.0000 5.0504 0.0085 
30.7791 11.0000 2899.1712 0.3592 0.1439 -0.2943 3.1424 6.0000 4.5158 0.0085 
30.8435 11.0000 2925.8301 0.3693 0.1478 -0.3031 3.1386 6.0000 0.9230 0.0079 
30.8418 11.0000 2927.3131 0.3623 0.1449 -0.2964 3.1328 6.0000 1.2652 0.0081 
30.8265 11.0000 2915.8993 0.3615 0.1459 -0.2948 3.1386 6.0000 1.3216 0.0089 
30.8765 11.0000 2942.8219 0.3653 0.1441 -0.3013 3.1363 6.0000 1.4489 0.0105 
30.8095 11.0000 2903.4310 0.3567 0.1450 -0.2877 3.1359 6.0000 1.4507 0.0088 
30.8203 11.0000 2925.1366 0.3587 0.1433 -0.2940 3.1402 7.0000 1.5814 0.0088 
30.8235 11.0000 2914.1912 0.3638 0.1429 -0.3030 3.1286 6.0000 1.4905 0.0088 
30.8395 11.0000 2911.0912 0.3595 0.1451 -0.2943 3.1380 6.0000 1.6858 0.0102 
30.7863 11.0000 2895.8641 0.3676 0.1470 -0.3008 3.1397 6.0000 2.0078 0.0085 
30.8196 11.0000 2908.6065 0.3607 0.1462 -0.2882 3.1382 7.0000 2.2413 0.0102 
30.8418 11.0000 2924.9105 0.3628 0.1471 -0.2924 3.1382 7.0000 2.1123 0.0085 
30.8131 11.0000 2916.3190 0.3589 0.1458 -0.2919 3.1327 6.0000 1.4507 0.0091 
30.8356 11.0000 2926.6941 0.3572 0.1414 -0.2916 3.1280 6.0000 0.9665 0.0089 
30.7624 11.0000 2890.7127 0.3611 0.1465 -0.2936 3.1416 6.0000 1.3593 0.0106 
30.8147 11.0000 2913.5359 0.3609 0.1448 -0.2965 3.1317 6.0000 1.4389 0.0087 
30.8229 11.0000 2919.7294 0.3591 0.1430 -0.2892 3.1272 6.0000 1.7213 0.0087 
30.8582 11.0000 2927.7314 0.3557 0.1463 -0.2842 3.1420 6.0000 1.5562 0.0094 
30.7742 11.0000 2894.0556 0.3597 0.1423 -0.3007 3.1327 6.0000 1.6249 0.0094 
30.8258 11.0000 2913.2598 0.3598 0.1455 -0.2901 3.1407 6.0000 1.5700 0.0091 
30.8010 11.0000 2909.4755 0.3624 0.1433 -0.3002 3.1394 6.0000 1.5579 0.0091 
30.8363 11.0000 2917.5784 0.3629 0.1443 -0.3028 3.1366 6.0000 1.9685 0.0070 
30.8072 11.0000 2910.2922 0.3660 0.1440 -0.3072 3.1306 6.0000 1.8391 0.0084 
30.8114 11.0000 2911.1082 0.3576 0.1432 -0.2962 3.1348 6.0000 1.4454 0.0086 
30.7605 11.0000 2899.4631 0.3603 0.1458 -0.2920 3.1395 6.0000 0.9255 0.0084 
30.8190 11.0000 2920.4196 0.3612 0.1439 -0.2935 3.1356 6.0000 1.3217 0.0069 
30.7974 11.0000 2902.0033 0.3598 0.1442 -0.2984 3.1427 8.0000 1.4082 0.0095 
30.8199 11.0000 2917.4725 0.3623 0.1448 -0.2907 3.1385 7.0000 1.2719 0.0095 
30.8542 11.0000 2939.5569 0.3607 0.1439 -0.2923 3.1322 6.0000 1.4116 0.0094 
30.8056 11.0000 2902.0758 0.3663 0.1445 -0.3061 3.1347 6.0000 1.4948 0.0099 
30.8703 11.0000 2929.4206 0.3624 0.1432 -0.2969 3.1362 6.0000 1.6265 0.0105 
30.8261 11.0000 2918.8082 0.3629 0.1442 -0.2983 3.1263 6.0000 1.7106 0.0105 
30.8098 11.0000 2911.5026 0.3609 0.1426 -0.3058 3.1372 6.0000 1.4010 0.0105 
30.8212 11.0000 2917.0007 0.3610 0.1439 -0.2974 3.1359 6.0000 1.6659 0.0088 
30.8729 11.0000 2935.0507 0.3582 0.1433 -0.2935 3.1344 6.0000 0.9251 0.0099 
30.8271 11.0000 2916.3484 0.3585 0.1433 -0.2947 3.1281 6.0000 1.4082 0.0073 
30.7948 11.0000 2907.9693 0.3613 0.1438 -0.2928 3.1339 6.0000 1.4522 0.0076 
30.7971 11.0000 2908.2222 0.3623 0.1464 -0.2927 3.1367 6.0000 1.6262 0.0087 
30.8265 11.0000 2921.8029 0.3613 0.1442 -0.2971 3.1387 6.0000 1.5287 0.0087 
30.7820 11.0000 2891.0042 0.3625 0.1456 -0.2983 3.1449 6.0000 1.5228 0.0087 
30.7650 11.0000 2891.6993 0.3584 0.1451 -0.2903 3.1375 6.0000 1.4950 0.0084 
30.8147 11.0000 2918.3863 0.3634 0.1478 -0.2929 3.1398 7.0000 1.6186 0.0084 
30.8127 11.0000 2911.5637 0.3658 0.1457 -0.3049 3.1343 6.0000 2.0255 0.0085 
30.8203 11.0000 2914.5569 0.3667 0.1487 -0.2977 3.1404 6.0000 1.9872 0.0085 
30.7810 11.0000 2891.0464 0.3618 0.1439 -0.3012 3.1403 7.0000 1.7547 0.0085 
30.8621 11.0000 2936.2487 0.3607 0.1437 -0.2943 3.1380 6.0000 1.4926 0.0084 
30.8533 11.0000 2930.1010 0.3602 0.1443 -0.2930 3.1346 6.0000 1.4079 0.0081 
30.8199 11.0000 2916.2941 0.3575 0.1433 -0.2881 3.1289 6.0000 0.9235 0.0094 
30.8173 11.0000 2922.6252 0.3603 0.1437 -0.2933 3.1330 6.0000 1.3869 0.0095 
30.8337 11.0000 2925.9327 0.3697 0.1453 -0.3141 3.1387 6.0000 2.1395 0.0095 
30.8271 11.0000 2928.2157 0.3526 0.1419 -0.2790 3.1367 6.0000 2.2832 0.0082 
30.7918 11.0000 2899.0886 0.3631 0.1463 -0.3013 3.1414 6.0000 1.7573 0.0095 
30.8242 11.0000 2921.8147 0.3573 0.1432 -0.2935 3.1347 6.0000 2.8121 0.0096 
30.8186 11.0000 2913.9314 0.3544 0.1424 -0.2941 3.1294 6.0000 1.8951 0.0095 
30.8595 11.0000 2928.7709 0.3601 0.1429 -0.3005 3.1348 6.0000 2.7686 0.0096 
30.8275 11.0000 2924.4284 0.3636 0.1452 -0.2954 3.1345 6.0000 3.3418 0.0079 
30.7964 11.0000 2897.6549 0.3636 0.1459 -0.2982 3.1380 6.0000 3.0802 0.0096 
30.8353 11.0000 2911.2693 0.3596 0.1434 -0.2982 3.1313 6.0000 0.9640 0.0073 
30.7948 11.0000 2888.4556 0.3627 0.1457 -0.2972 3.1407 6.0000 1.4926 0.0084 
30.8075 11.0000 2904.9020 0.3642 0.1482 -0.2961 3.1383 6.0000 1.6282 0.0098 
30.8373 11.0000 2929.8000 0.3564 0.1410 -0.2965 3.1348 6.0000 2.2006 0.0089 
30.8343 11.0000 2919.4516 0.3589 0.1421 -0.2982 3.1387 6.0000 1.8884 0.0090 
30.7918 11.0000 2904.5974 0.3654 0.1467 -0.3017 3.1354 6.0000 1.5395 0.0081 
30.7938 11.0000 2903.2510 0.3555 0.1424 -0.2921 3.1280 6.0000 1.5374 0.0081 
30.8425 11.0000 2925.3990 0.3683 0.1476 -0.3008 3.1381 6.0000 1.4912 0.0081 
30.7925 11.0000 2911.7657 0.3625 0.1448 -0.2953 3.1372 6.0000 1.6255 0.0077 
30.8386 11.0000 2921.3049 0.3565 0.1451 -0.2848 3.1367 6.0000 1.3532 0.0092 
30.8261 11.0000 2918.1565 0.3578 0.1430 -0.2923 3.1291 6.0000 1.4257 0.0092 
30.8614 11.0000 2929.5216 0.3602 0.1437 -0.2964 3.1312 6.0000 1.4955 0.0081 
30.7856 11.0000 2902.9572 0.3635 0.1469 -0.2956 3.1345 7.0000 1.4496 0.0087 
30.8124 11.0000 2909.1778 0.3606 0.1438 -0.2934 3.1340 6.0000 1.4941 0.0087 
30.8105 11.0000 2912.3399 0.3622 0.1434 -0.2988 3.1354 6.0000 0.9637 0.0087 
30.8359 11.0000 2925.8552 0.3597 0.1423 -0.2938 3.1362 7.0000 1.4085 0.0087 
30.8500 11.0000 2929.0448 0.3607 0.1442 -0.2956 3.1339 6.0000 2.2407 0.0087 
30.8167 11.0000 2917.1431 0.3604 0.1432 -0.2995 3.1309 6.0000 2.5476 0.0087 
30.8353 11.0000 2922.6977 0.3640 0.1439 -0.3036 3.1352 6.0000 1.7126 0.0087 
30.8497 11.0000 2930.7840 0.3595 0.1436 -0.2914 3.1370 6.0000 1.4983 0.0087 
30.8029 11.0000 2911.3912 0.3639 0.1454 -0.2938 3.1384 6.0000 1.4515 0.0087 
30.8193 11.0000 2921.6565 0.3586 0.1423 -0.2973 3.1333 6.0000 1.2707 0.0087 
