30.3480 1.0000 2734.5768 0.3623 0.1663 -0.3125 2.8462 5.0000 1.5805 0.0269 
30.3007 1.0000 2707.7435 0.3584 0.1645 -0.3144 2.8403 6.0000 1.7638 0.0256 
30.4518 1.0000 2754.0654 0.3597 0.1647 -0.3154 2.8401 5.0000 1.7718 0.0274 
30.3423 1.0000 2723.0923 0.3587 0.1696 -0.3030 2.8525 5.0000 1.7970 0.0269 
30.2565 1.0000 2693.3489 0.3492 0.1641 -0.2978 2.8535 5.0000 1.8402 0.0256 
30.3178 1.0000 2724.8105 0.3480 0.1650 -0.2956 2.8450 5.0000 1.8403 0.0244 
30.4673 1.0000 2784.0997 0.3482 0.1618 -0.2948 2.8264 5.0000 1.8030 0.0269 
30.4052 1.0000 2759.1160 0.3516 0.1631 -0.2989 2.8392 5.0000 1.6650 0.0269 
30.3162 1.0000 2733.1430 0.3493 0.1639 -0.2974 2.8451 5.0000 1.7093 0.0269 
30.4134 1.0000 2757.8505 0.3386 0.1623 -0.2769 2.8450 6.0000 1.8028 0.0269 
30.3962 1.0000 2743.1405 0.3425 0.1615 -0.2942 2.8494 5.0000 1.6667 0.0269 
30.3096 1.0000 2725.3750 0.3484 0.1637 -0.2920 2.8385 5.0000 0.3073 0.0268 
30.3162 1.0000 2720.8864 0.3570 0.1647 -0.3102 2.8431 5.0000 0.3086 0.0247 
30.2729 1.0000 2706.5752 0.3552 0.1671 -0.3085 2.8447 5.0000 0.2193 0.0209 
30.3881 1.0000 2759.4060 0.3513 0.1613 -0.2942 2.8429 5.0000 1.5937 0.0195 
30.3881 1.0000 2738.7851 0.3448 0.1636 -0.2886 2.8515 5.0000 0.8391 0.0209 
30.3472 1.0000 2736.6356 0.3474 0.1614 -0.2970 2.8439 5.0000 1.0378 0.0209 
30.3464 1.0000 2728.7533 0.3475 0.1616 -0.2952 2.8462 5.0000 1.5203 0.0238 
30.4052 1.0000 2762.8701 0.3548 0.1620 -0.3033 2.8318 5.0000 1.2300 0.0260 
30.3440 1.0000 2704.0842 0.3628 0.1649 -0.3255 2.8541 6.0000 1.1436 0.0209 
30.3864 1.0000 2735.1127 0.3606 0.1648 -0.3146 2.8426 5.0000 0.9680 0.0218 
30.4248 1.0000 2755.1528 0.3522 0.1641 -0.3004 2.8400 5.0000 0.5272 0.0238 
30.2745 1.0000 2700.5891 0.3473 0.1622 -0.2959 2.8498 6.0000 0.2203 0.0209 
30.3366 1.0000 2726.7908 0.3527 0.1653 -0.3032 2.8508 5.0000 0.3494 0.0283 
30.4510 1.0000 2778.2010 0.3525 0.1648 -0.2935 2.8384 5.0000 0.3081 0.0252 
30.3897 1.0000 2751.7549 0.3521 0.1644 -0.3027 2.8320 5.0000 0.6530 0.0252 
30.3489 1.0000 2718.8309 0.3483 0.1643 -0.2975 2.8458 5.0000 0.6609 0.0252 
30.2974 1.0000 2704.0703 0.3433 0.1624 -0.2886 2.8537 5.0000 0.6607 0.0233 
30.2982 1.0000 2714.9886 0.3516 0.1611 -0.3084 2.8423 5.0000 0.6088 0.0252 
30.4534 1.0000 2755.8922 0.3510 0.1643 -0.2964 2.8445 5.0000 0.4831 0.0248 
30.4918 1.0000 2789.7721 0.3520 0.1653 -0.2930 2.8353 5.0000 0.3495 0.0252 
30.3627 1.0000 2719.7255 0.3529 0.1640 -0.3050 2.8468 5.0000 0.3094 0.0233 
30.3807 1.0000 2737.7288 0.3474 0.1624 -0.2979 2.8368 5.0000 0.3959 0.0223 
30.3350 1.0000 2731.4069 0.3466 0.1617 -0.2960 2.8479 5.0000 0.4383 0.0223 
30.2998 1.0000 2701.6242 0.3517 0.1652 -0.3032 2.8508 5.0000 0.2606 0.0260 
30.2304 1.0000 2682.7328 0.3588 0.1652 -0.3143 2.8516 5.0000 0.2594 0.0265 
30.3227 1.0000 2713.3987 0.3451 0.1602 -0.2911 2.8429 5.0000 0.3514 0.0223 
30.3791 1.0000 2730.2761 0.3652 0.1655 -0.3236 2.8353 5.0000 0.6140 0.0228 
30.2034 1.0000 2695.7288 0.3608 0.1677 -0.3089 2.8533 5.0000 0.8295 0.0228 
30.4199 1.0000 2762.2631 0.3511 0.1649 -0.3009 2.8490 6.0000 0.6998 0.0240 
30.3235 1.0000 2711.0637 0.3417 0.1617 -0.2925 2.8415 5.0000 0.5690 0.0240 
30.2688 1.0000 2699.3350 0.3558 0.1673 -0.3046 2.8578 5.0000 0.4816 0.0217 
30.3799 1.0000 2746.0752 0.3486 0.1632 -0.2978 2.8343 5.0000 0.3507 0.0280 
30.2843 1.0000 2693.6675 0.3601 0.1670 -0.3105 2.8520 5.0000 0.3488 0.0238 
30.4093 1.0000 2756.4804 0.3525 0.1631 -0.3046 2.8433 5.0000 0.3070 0.0246 
30.3922 1.0000 2759.8791 0.3521 0.1646 -0.2991 2.8454 5.0000 0.3936 0.0288 
30.4257 1.0000 2768.3815 0.3537 0.1665 -0.2948 2.8379 5.0000 0.3548 0.0222 
30.2402 1.0000 2693.3072 0.3423 0.1622 -0.2932 2.8430 5.0000 0.3501 0.0251 
30.4093 1.0000 2755.5605 0.3452 0.1612 -0.2925 2.8396 5.0000 0.2207 0.0228 
30.3930 1.0000 2745.8366 0.3505 0.1630 -0.2941 2.8378 5.0000 0.3509 0.0261 
30.2639 1.0000 2683.3137 0.3581 0.1640 -0.3181 2.8425 5.0000 0.3095 0.0216 
30.3578 1.0000 2740.5384 0.3518 0.1607 -0.3055 2.8433 5.0000 0.3502 0.0260 
30.3922 1.0000 2749.4828 0.3608 0.1660 -0.3129 2.8398 5.0000 0.3085 0.0260 
30.3636 1.0000 2732.9649 0.3569 0.1650 -0.3067 2.8483 5.0000 0.3506 0.0241 
30.4134 1.0000 2775.9461 0.3546 0.1677 -0.2911 2.8452 6.0000 0.2615 0.0238 
30.2157 1.0000 2665.2361 0.3536 0.1680 -0.2995 2.8583 5.0000 0.3525 0.0198 
30.3407 1.0000 2708.5433 0.3518 0.1639 -0.3023 2.8425 5.0000 0.3023 0.0254 
30.4101 1.0000 2753.0931 0.3517 0.1626 -0.3038 2.8394 5.0000 0.3506 0.0266 
30.3652 1.0000 2742.0049 0.3637 0.1647 -0.3189 2.8413 5.0000 0.2891 0.0266 
30.3243 1.0000 2716.2786 0.3489 0.1649 -0.2971 2.8509 5.0000 0.2214 0.0216 
30.2966 1.0000 2722.0727 0.3517 0.1618 -0.3037 2.8371 5.0000 0.3100 0.0239 
30.4297 1.0000 2766.9812 0.3494 0.1604 -0.2986 2.8335 5.0000 0.3510 0.0272 
30.3873 1.0000 2749.2876 0.3565 0.1684 -0.2965 2.8520 5.0000 0.4403 0.0261 
30.4828 1.0000 2779.7418 0.3444 0.1619 -0.2860 2.8443 5.0000 0.3120 0.0266 
30.2990 1.0000 2710.7933 0.3471 0.1638 -0.2945 2.8534 5.0000 0.3471 0.0261 
30.3554 1.0000 2742.6699 0.3514 0.1635 -0.3003 2.8412 5.0000 0.3527 0.0232 
30.3154 1.0000 2694.6675 0.3525 0.1646 -0.3079 2.8480 5.0000 0.3527 0.0232 
30.4265 1.0000 2754.9093 0.3564 0.1644 -0.3082 2.8409 5.0000 0.5262 0.0232 
30.2810 1.0000 2704.4093 0.3497 0.1627 -0.3022 2.8581 5.0000 0.5278 0.0235 
30.3505 1.0000 2723.2116 0.3484 0.1642 -0.2964 2.8467 5.0000 0.6601 0.0260 
30.3619 1.0000 2733.1275 0.3627 0.1641 -0.3227 2.8442 5.0000 0.7025 0.0227 
30.3848 1.0000 2753.2108 0.3381 0.1635 -0.2744 2.8476 5.0000 0.5714 0.0272 
30.2631 1.0000 2691.6797 0.3469 0.1633 -0.3011 2.8481 5.0000 0.3505 0.0218 
30.2933 1.0000 2703.2917 0.3504 0.1644 -0.2980 2.8456 5.0000 0.3521 0.0218 
30.2949 1.0000 2716.5596 0.3561 0.1643 -0.3088 2.8375 5.0000 0.2206 0.0232 
30.2851 1.0000 2698.6054 0.3622 0.1688 -0.3124 2.8503 5.0000 0.3068 0.0219 
30.3742 1.0000 2733.9796 0.3527 0.1673 -0.2949 2.8426 5.0000 0.3495 0.0219 
30.3824 1.0000 2745.7516 0.3516 0.1659 -0.2940 2.8415 5.0000 0.3506 0.0264 
30.4828 1.0000 2789.6413 0.3455 0.1622 -0.2868 2.8389 5.0000 0.7418 0.0229 
30.3309 1.0000 2728.0735 0.3569 0.1633 -0.3124 2.8388 5.0000 0.5232 0.0281 
30.3652 1.0000 2736.0417 0.3586 0.1643 -0.3111 2.8433 5.0000 0.5305 0.0229 
30.3971 1.0000 2753.2271 0.3472 0.1635 -0.2888 2.8421 5.0000 0.5259 0.0229 
30.2982 1.0000 2705.8178 0.3464 0.1640 -0.2989 2.8524 5.0000 0.3500 0.0264 
30.2377 1.0000 2694.1389 0.3602 0.1660 -0.3175 2.8398 5.0000 0.3502 0.0263 
30.4240 1.0000 2769.6152 0.3497 0.1665 -0.2881 2.8401 5.0000 0.2214 0.0230 
30.3260 1.0000 2714.5997 0.3598 0.1667 -0.3078 2.8533 5.0000 0.3885 0.0232 
30.4199 1.0000 2753.7116 0.3523 0.1637 -0.2990 2.8401 5.0000 0.3955 0.0269 
30.3309 1.0000 2739.0025 0.3564 0.1660 -0.3038 2.8428 5.0000 0.3488 0.0237 
30.2859 1.0000 2707.8775 0.3502 0.1648 -0.2918 2.8504 5.0000 0.3075 0.0237 
30.3015 1.0000 2721.9502 0.3480 0.1670 -0.2856 2.8533 5.0000 0.2615 0.0233 
30.3905 1.0000 2733.8243 0.3648 0.1658 -0.3249 2.8460 5.0000 0.3506 0.0237 
30.2958 1.0000 2710.4575 0.3535 0.1648 -0.3015 2.8505 6.0000 0.3892 0.0237 
30.1887 1.0000 2665.5000 0.3604 0.1695 -0.3076 2.8522 5.0000 0.3426 0.0237 
30.3799 1.0000 2727.3693 0.3516 0.1651 -0.3009 2.8443 5.0000 0.3484 0.0237 
30.2908 1.0000 2704.6626 0.3547 0.1685 -0.3010 2.8492 5.0000 0.2614 0.0232 
30.3873 1.0000 2748.4502 0.3535 0.1644 -0.3011 2.8455 5.0000 0.3523 0.0237 
30.3824 1.0000 2771.0686 0.3507 0.1637 -0.2879 2.8461 5.0000 0.3515 0.0237 
30.3521 1.0000 2743.0915 0.3433 0.1620 -0.2877 2.8464 5.0000 0.3953 0.0237 
30.2729 1.0000 2712.6618 0.3441 0.1633 -0.2913 2.8473 5.0000 0.2642 0.0237 
30.3668 1.0000 2719.0980 0.3477 0.1623 -0.2989 2.8493 5.0000 0.3440 0.0237 
