30.5403 11.0000 2800.2685 0.3434 0.1528 -0.2817 2.9757 5.0000 3.1284 0.0137 
30.6525 11.0000 2855.6743 0.3467 0.1518 -0.2864 2.9657 5.0000 3.3475 0.0168 
30.7233 11.0000 2848.2925 0.3451 0.1527 -0.2938 2.9761 5.0000 3.1180 0.0149 
30.6138 11.0000 2805.8824 0.3535 0.1514 -0.3108 2.9734 6.0000 3.3399 0.0183 
30.5708 11.0000 2800.0022 0.3504 0.1516 -0.3062 2.9767 5.0000 3.1808 0.0149 
30.5300 11.0000 2790.7549 0.3469 0.1537 -0.2928 2.9747 6.0000 3.0232 0.0183 
30.6438 11.0000 2839.4216 0.3554 0.1576 -0.2903 2.9782 6.0000 3.3791 0.0137 
30.5174 11.0000 2780.9390 0.3463 0.1510 -0.3005 2.9754 5.0000 3.4541 0.0143 
30.6176 11.0000 2826.4483 0.3500 0.1536 -0.2997 2.9803 6.0000 3.1143 0.0137 
30.5953 11.0000 2824.3867 0.3531 0.1542 -0.3007 2.9727 6.0000 3.1227 0.0183 
30.5861 11.0000 2836.0436 0.3544 0.1523 -0.3023 2.9643 5.0000 3.2684 0.0187 
30.6296 11.0000 2833.1155 0.3564 0.1550 -0.3056 2.9712 5.0000 0.4812 0.0136 
30.5349 11.0000 2791.0087 0.3486 0.1555 -0.2931 2.9811 5.0000 0.7496 0.0144 
30.5741 11.0000 2796.1443 0.3504 0.1533 -0.3027 2.9795 5.0000 0.7498 0.0173 
30.5283 11.0000 2805.8317 0.3461 0.1505 -0.2944 2.9702 5.0000 0.3545 0.0160 
30.6661 11.0000 2862.0893 0.3442 0.1500 -0.2919 2.9638 5.0000 0.6258 0.0144 
30.6481 11.0000 2842.0490 0.3553 0.1554 -0.2957 2.9820 6.0000 0.7615 0.0140 
30.6073 11.0000 2829.5817 0.3460 0.1511 -0.2897 2.9752 5.0000 1.7469 0.0169 
30.5643 11.0000 2794.0806 0.3521 0.1537 -0.3046 2.9781 5.0000 1.6426 0.0169 
30.5626 11.0000 2796.3295 0.3493 0.1524 -0.3006 2.9812 5.0000 1.5655 0.0169 
30.6481 11.0000 2852.9820 0.3434 0.1469 -0.2968 2.9657 6.0000 1.3982 0.0169 
30.6443 11.0000 2859.2919 0.3484 0.1495 -0.2964 2.9653 6.0000 0.6182 0.0169 
30.5964 11.0000 2823.2298 0.3532 0.1543 -0.2996 2.9708 6.0000 0.3961 0.0176 
30.6699 11.0000 2849.4869 0.3471 0.1519 -0.2890 2.9788 6.0000 0.5734 0.0185 
30.5583 11.0000 2821.8126 0.3547 0.1545 -0.3031 2.9763 5.0000 0.3960 0.0186 
30.6465 11.0000 2845.2478 0.3457 0.1511 -0.2928 2.9748 6.0000 0.5306 0.0167 
30.6585 11.0000 2858.9052 0.3534 0.1556 -0.2928 2.9652 6.0000 0.5689 0.0138 
30.5708 11.0000 2806.4330 0.3480 0.1500 -0.3022 2.9771 6.0000 0.5289 0.0184 
30.6100 11.0000 2841.7696 0.3469 0.1513 -0.2929 2.9720 5.0000 0.8712 0.0153 
30.5626 11.0000 2790.5038 0.3497 0.1503 -0.3070 2.9705 6.0000 1.2009 0.0153 
30.6394 11.0000 2817.8524 0.3466 0.1522 -0.2916 2.9748 6.0000 1.5207 0.0153 
30.5790 11.0000 2807.9820 0.3496 0.1546 -0.2930 2.9765 6.0000 1.5790 0.0153 
30.5223 11.0000 2782.9837 0.3421 0.1530 -0.2905 2.9706 5.0000 1.4529 0.0153 
30.5180 11.0000 2782.0926 0.3564 0.1543 -0.3044 2.9750 5.0000 0.6133 0.0176 
30.5501 11.0000 2808.6808 0.3540 0.1556 -0.2991 2.9715 6.0000 0.5727 0.0176 
30.5752 11.0000 2800.7048 0.3459 0.1523 -0.2955 2.9742 5.0000 0.5208 0.0150 
30.6623 11.0000 2850.9946 0.3460 0.1487 -0.2952 2.9676 5.0000 0.6122 0.0162 
30.5251 11.0000 2787.7631 0.3503 0.1518 -0.3035 2.9698 6.0000 0.5306 0.0191 
30.6187 11.0000 2841.5637 0.3450 0.1504 -0.2923 2.9732 6.0000 0.5702 0.0191 
30.5746 11.0000 2797.4624 0.3507 0.1516 -0.3047 2.9685 5.0000 0.7939 0.0196 
30.5223 11.0000 2781.3045 0.3478 0.1523 -0.2979 2.9708 5.0000 1.2485 0.0196 
30.5795 11.0000 2804.9782 0.3449 0.1501 -0.2940 2.9773 6.0000 1.2980 0.0196 
30.4493 11.0000 2750.8758 0.3478 0.1520 -0.3023 2.9821 5.0000 1.3082 0.0196 
30.6269 11.0000 2840.4129 0.3537 0.1525 -0.3017 2.9680 5.0000 1.2348 0.0196 
30.5479 11.0000 2790.5953 0.3570 0.1550 -0.3042 2.9725 6.0000 0.5738 0.0184 
30.6416 11.0000 2852.3911 0.3477 0.1534 -0.2851 2.9740 5.0000 0.7461 0.0176 
30.5910 11.0000 2828.7527 0.3424 0.1536 -0.2816 2.9872 7.0000 0.7000 0.0176 
30.5044 11.0000 2791.8557 0.3519 0.1535 -0.2985 2.9751 6.0000 0.4374 0.0181 
30.6258 11.0000 2827.7516 0.3532 0.1558 -0.3012 2.9773 5.0000 0.5689 0.0156 
30.4886 11.0000 2762.3072 0.3522 0.1541 -0.3048 2.9780 5.0000 0.5709 0.0163 
30.5251 11.0000 2786.2271 0.3502 0.1548 -0.2953 2.9833 6.0000 0.7691 0.0166 
30.5408 11.0000 2777.2571 0.3473 0.1553 -0.2981 2.9848 6.0000 1.1592 0.0166 
30.4548 11.0000 2753.3922 0.3496 0.1513 -0.3051 2.9740 5.0000 1.4369 0.0205 
30.5920 11.0000 2842.0458 0.3431 0.1527 -0.2841 2.9804 6.0000 1.4444 0.0205 
30.5850 11.0000 2812.7413 0.3484 0.1547 -0.2954 2.9694 5.0000 1.4475 0.0162 
30.5349 11.0000 2791.8911 0.3555 0.1580 -0.2999 2.9808 5.0000 1.0107 0.0177 
30.5496 11.0000 2813.1236 0.3490 0.1541 -0.2907 2.9774 5.0000 0.5732 0.0172 
30.4804 11.0000 2767.5861 0.3486 0.1511 -0.3017 2.9729 5.0000 0.6597 0.0137 
30.5882 11.0000 2817.3671 0.3486 0.1533 -0.2980 2.9748 5.0000 0.6170 0.0172 
30.6089 11.0000 2807.0022 0.3513 0.1571 -0.2958 2.9783 5.0000 0.5734 0.0169 
30.5474 11.0000 2801.1242 0.3443 0.1511 -0.2892 2.9738 5.0000 0.6507 0.0175 
30.5784 11.0000 2829.6171 0.3562 0.1557 -0.3024 2.9770 5.0000 0.5739 0.0175 
30.5893 11.0000 2834.3922 0.3449 0.1536 -0.2798 2.9730 5.0000 0.6416 0.0191 
30.4608 11.0000 2765.0844 0.3492 0.1547 -0.2996 2.9813 6.0000 0.6062 0.0191 
30.4695 11.0000 2762.5681 0.3504 0.1531 -0.3035 2.9774 6.0000 0.7843 0.0185 
30.5899 11.0000 2800.3666 0.3449 0.1532 -0.2885 2.9747 5.0000 0.7485 0.0191 
30.5599 11.0000 2803.3867 0.3448 0.1501 -0.2952 2.9773 6.0000 0.5699 0.0172 
30.6454 11.0000 2863.4319 0.3487 0.1525 -0.2969 2.9640 6.0000 0.5718 0.0186 
30.6672 11.0000 2851.7663 0.3514 0.1513 -0.3014 2.9669 5.0000 0.4387 0.0148 
30.5507 11.0000 2782.0882 0.3444 0.1511 -0.2939 2.9778 6.0000 0.6149 0.0172 
30.5714 11.0000 2820.5539 0.3457 0.1513 -0.2907 2.9759 6.0000 0.6144 0.0191 
30.5534 11.0000 2799.9194 0.3489 0.1488 -0.3015 2.9676 5.0000 0.5721 0.0161 
30.6345 11.0000 2857.0763 0.3406 0.1498 -0.2830 2.9639 6.0000 0.5724 0.0144 
30.5033 11.0000 2766.0637 0.3467 0.1531 -0.2971 2.9734 6.0000 0.4376 0.0170 
30.5223 11.0000 2773.2282 0.3489 0.1515 -0.2989 2.9797 5.0000 0.6971 0.0187 
30.5664 11.0000 2799.0577 0.3489 0.1521 -0.3024 2.9729 5.0000 0.9143 0.0187 
30.6291 11.0000 2823.5528 0.3434 0.1529 -0.2870 2.9792 6.0000 1.0062 0.0142 
30.5599 11.0000 2812.5234 0.3392 0.1507 -0.2844 2.9723 6.0000 0.9181 0.0142 
30.5202 11.0000 2797.1073 0.3437 0.1513 -0.2931 2.9800 6.0000 0.5748 0.0143 
30.5599 11.0000 2794.0261 0.3523 0.1526 -0.3031 2.9752 5.0000 0.5743 0.0186 
30.5659 11.0000 2816.5861 0.3509 0.1538 -0.2944 2.9779 5.0000 0.5741 0.0154 
30.5038 11.0000 2781.7478 0.3532 0.1546 -0.3026 2.9812 6.0000 0.4385 0.0168 
30.5953 11.0000 2820.6705 0.3523 0.1547 -0.2923 2.9800 5.0000 0.6134 0.0182 
30.6460 11.0000 2835.7075 0.3503 0.1506 -0.3003 2.9699 6.0000 0.6131 0.0193 
30.5153 11.0000 2798.3159 0.3471 0.1532 -0.2911 2.9798 6.0000 0.6146 0.0160 
30.6525 11.0000 2842.8513 0.3456 0.1468 -0.2950 2.9717 5.0000 0.6462 0.0164 
30.6471 11.0000 2835.4777 0.3457 0.1543 -0.2864 2.9756 6.0000 0.8173 0.0142 
30.6525 11.0000 2826.5169 0.3459 0.1500 -0.2982 2.9702 5.0000 1.0026 0.0142 
30.6476 11.0000 2851.0005 0.3447 0.1522 -0.2869 2.9740 5.0000 0.9211 0.0142 
30.5202 11.0000 2771.4782 0.3502 0.1535 -0.3018 2.9809 5.0000 0.5749 0.0196 
30.5724 11.0000 2800.2751 0.3417 0.1490 -0.2922 2.9720 6.0000 0.5740 0.0196 
30.6166 11.0000 2833.8676 0.3497 0.1535 -0.2912 2.9760 5.0000 0.5710 0.0180 
30.5305 11.0000 2788.8404 0.3483 0.1526 -0.2925 2.9813 6.0000 0.6162 0.0196 
30.4978 11.0000 2779.9619 0.3500 0.1526 -0.3009 2.9732 6.0000 0.6141 0.0196 
30.5969 11.0000 2815.8905 0.3546 0.1570 -0.2955 2.9850 6.0000 0.5736 0.0196 
30.5365 11.0000 2775.4673 0.3500 0.1555 -0.3036 2.9748 5.0000 0.5734 0.0196 
30.5839 11.0000 2820.2865 0.3489 0.1551 -0.2902 2.9722 6.0000 0.4387 0.0196 
30.6525 11.0000 2822.1084 0.3547 0.1555 -0.3040 2.9813 5.0000 0.6144 0.0196 
30.5387 11.0000 2800.4259 0.3547 0.1553 -0.2967 2.9825 6.0000 0.7779 0.0196 
30.4886 11.0000 2769.9020 0.3515 0.1562 -0.3002 2.9857 5.0000 0.6819 0.0196 
