30.3391 1.0000 2726.5629 0.3693 0.1714 -0.3048 2.8484 5.0000 1.7153 0.0242 
30.3292 1.0000 2729.4747 0.3627 0.1726 -0.2991 2.8483 5.0000 1.5014 0.0203 
30.4044 1.0000 2737.9510 0.3634 0.1701 -0.3039 2.8549 5.0000 1.7184 0.0231 
30.4485 1.0000 2752.2132 0.3682 0.1690 -0.3079 2.8451 5.0000 1.7246 0.0216 
30.3521 1.0000 2718.2884 0.3640 0.1733 -0.3022 2.8540 5.0000 1.7683 0.0230 
30.3423 1.0000 2750.2092 0.3682 0.1714 -0.3011 2.8407 5.0000 1.7684 0.0232 
30.4175 1.0000 2763.5163 0.3644 0.1715 -0.2926 2.8550 5.0000 1.7305 0.0203 
30.2794 1.0000 2714.3448 0.3738 0.1710 -0.3176 2.8516 5.0000 1.6272 0.0249 
30.3243 1.0000 2713.6511 0.3640 0.1715 -0.2970 2.8524 5.0000 1.7633 0.0230 
30.3627 1.0000 2738.5637 0.3707 0.1732 -0.3063 2.8497 5.0000 1.7589 0.0231 
30.3513 1.0000 2723.2435 0.3620 0.1679 -0.2981 2.8470 5.0000 1.4974 0.0217 
30.4297 1.0000 2763.4175 0.3738 0.1698 -0.3197 2.8460 5.0000 0.2974 0.0244 
30.3881 1.0000 2725.5025 0.3608 0.1726 -0.2933 2.8471 5.0000 0.2223 0.0269 
30.3807 1.0000 2741.3358 0.3678 0.1698 -0.3143 2.8492 5.0000 0.3059 0.0241 
30.4257 1.0000 2744.8260 0.3653 0.1719 -0.2977 2.8465 5.0000 0.3960 0.0264 
30.2908 1.0000 2695.5989 0.3696 0.1717 -0.3124 2.8499 5.0000 0.3537 0.0201 
30.4673 1.0000 2791.2631 0.3638 0.1692 -0.2984 2.8392 5.0000 0.2671 0.0250 
30.3309 1.0000 2718.3889 0.3576 0.1697 -0.2940 2.8538 5.0000 0.2655 0.0266 
30.3391 1.0000 2727.8284 0.3690 0.1750 -0.3073 2.8561 5.0000 0.3450 0.0250 
30.3856 1.0000 2777.3783 0.3586 0.1704 -0.2848 2.8475 5.0000 0.3030 0.0266 
30.3922 1.0000 2777.9828 0.3552 0.1700 -0.2807 2.8480 5.0000 0.3109 0.0248 
30.2729 1.0000 2722.2843 0.3684 0.1741 -0.2977 2.8641 5.0000 0.3111 0.0266 
30.2876 1.0000 2713.7647 0.3651 0.1676 -0.3096 2.8485 5.0000 0.3078 0.0250 
30.3472 1.0000 2730.3072 0.3726 0.1703 -0.3172 2.8434 5.0000 0.2190 0.0258 
30.4739 1.0000 2780.8578 0.3676 0.1750 -0.3003 2.8520 6.0000 0.3081 0.0224 
30.3554 1.0000 2721.9109 0.3664 0.1719 -0.3055 2.8591 5.0000 0.3076 0.0267 
30.3056 1.0000 2724.7614 0.3606 0.1711 -0.2916 2.8566 5.0000 0.3093 0.0248 
30.3284 1.0000 2720.0989 0.3608 0.1693 -0.3017 2.8433 5.0000 0.2184 0.0257 
30.4828 1.0000 2771.2851 0.3609 0.1693 -0.2975 2.8405 5.0000 0.2208 0.0244 
30.2810 1.0000 2711.2778 0.3661 0.1700 -0.3028 2.8533 5.0000 0.3080 0.0241 
30.3971 1.0000 2767.0809 0.3576 0.1663 -0.2902 2.8423 5.0000 0.3496 0.0282 
30.3480 1.0000 2732.0670 0.3701 0.1772 -0.3001 2.8449 6.0000 0.4853 0.0242 
30.3358 1.0000 2723.5899 0.3669 0.1721 -0.2994 2.8459 5.0000 0.3522 0.0284 
30.3276 1.0000 2725.3088 0.3605 0.1707 -0.2970 2.8523 5.0000 0.3060 0.0241 
30.4060 1.0000 2751.4444 0.3619 0.1691 -0.2996 2.8450 5.0000 0.3081 0.0191 
30.3080 1.0000 2734.0817 0.3645 0.1736 -0.2895 2.8536 5.0000 0.3470 0.0224 
30.2353 1.0000 2710.8129 0.3592 0.1706 -0.2921 2.8561 5.0000 0.2575 0.0220 
30.2770 1.0000 2696.8121 0.3663 0.1713 -0.3061 2.8526 5.0000 0.3484 0.0251 
30.3333 1.0000 2721.8235 0.3663 0.1669 -0.3062 2.8490 5.0000 0.3099 0.0251 
30.3456 1.0000 2732.2941 0.3681 0.1705 -0.3081 2.8447 5.0000 0.3094 0.0264 
30.3562 1.0000 2733.5237 0.3640 0.1667 -0.3104 2.8416 5.0000 0.3489 0.0236 
30.2279 1.0000 2680.6462 0.3576 0.1696 -0.3000 2.8617 5.0000 0.2643 0.0231 
30.2819 1.0000 2695.0180 0.3670 0.1750 -0.2997 2.8503 5.0000 0.3959 0.0236 
30.3513 1.0000 2730.5768 0.3574 0.1682 -0.2933 2.8464 5.0000 0.3508 0.0287 
30.5033 1.0000 2800.2345 0.3661 0.1720 -0.2950 2.8387 5.0000 0.3498 0.0193 
30.3856 1.0000 2773.5253 0.3585 0.1692 -0.2832 2.8526 5.0000 0.3093 0.0251 
30.4175 1.0000 2765.4477 0.3645 0.1733 -0.2955 2.8466 5.0000 0.2197 0.0236 
30.4044 1.0000 2743.8979 0.3627 0.1697 -0.2985 2.8516 5.0000 0.3452 0.0226 
30.3268 1.0000 2719.8660 0.3764 0.1739 -0.3184 2.8470 5.0000 0.3450 0.0220 
30.3080 1.0000 2721.8750 0.3621 0.1679 -0.3067 2.8482 5.0000 0.2658 0.0236 
30.2876 1.0000 2716.6095 0.3726 0.1708 -0.3134 2.8450 5.0000 0.3951 0.0261 
30.3685 1.0000 2727.4395 0.3561 0.1705 -0.2881 2.8457 6.0000 0.3499 0.0241 
30.2190 1.0000 2685.1225 0.3608 0.1726 -0.2987 2.8606 5.0000 0.4359 0.0222 
30.4649 1.0000 2768.7010 0.3550 0.1746 -0.2746 2.8600 6.0000 0.5692 0.0222 
30.4967 1.0000 2780.9616 0.3577 0.1680 -0.2980 2.8453 5.0000 0.5672 0.0226 
30.2917 1.0000 2709.6348 0.3597 0.1722 -0.2897 2.8589 6.0000 0.7867 0.0230 
30.2614 1.0000 2698.8096 0.3729 0.1740 -0.3116 2.8544 5.0000 0.7008 0.0251 
30.3260 1.0000 2708.5278 0.3639 0.1731 -0.3002 2.8654 5.0000 0.3978 0.0251 
30.3987 1.0000 2740.4534 0.3676 0.1720 -0.3073 2.8456 5.0000 0.3086 0.0241 
30.3088 1.0000 2732.1985 0.3567 0.1704 -0.2793 2.8493 6.0000 0.4816 0.0196 
30.2966 1.0000 2690.2092 0.3756 0.1710 -0.3270 2.8463 5.0000 0.3500 0.0230 
30.4175 1.0000 2738.6748 0.3659 0.1714 -0.3046 2.8529 5.0000 0.3504 0.0196 
30.3546 1.0000 2714.9477 0.3693 0.1743 -0.3044 2.8627 5.0000 0.3504 0.0293 
30.3562 1.0000 2723.5408 0.3753 0.1721 -0.3225 2.8489 5.0000 0.3476 0.0209 
30.3873 1.0000 2746.7802 0.3643 0.1693 -0.2921 2.8443 5.0000 0.2220 0.0293 
30.2721 1.0000 2718.7884 0.3639 0.1712 -0.3022 2.8561 5.0000 0.3947 0.0229 
30.4126 1.0000 2757.4020 0.3633 0.1696 -0.2973 2.8406 5.0000 0.3576 0.0271 
30.4167 1.0000 2759.6029 0.3656 0.1702 -0.2987 2.8457 5.0000 0.4380 0.0289 
30.3260 1.0000 2718.7026 0.3612 0.1733 -0.2902 2.8587 5.0000 0.3968 0.0289 
30.3995 1.0000 2736.7966 0.3652 0.1707 -0.3032 2.8491 5.0000 0.3968 0.0241 
30.2663 1.0000 2689.8570 0.3786 0.1768 -0.3190 2.8671 5.0000 0.3958 0.0241 
30.4902 1.0000 2783.4314 0.3655 0.1697 -0.2982 2.8424 5.0000 0.2212 0.0223 
30.3668 1.0000 2744.9142 0.3583 0.1719 -0.2854 2.8540 5.0000 0.5277 0.0223 
30.2010 1.0000 2696.9363 0.3687 0.1743 -0.3096 2.8557 5.0000 0.5280 0.0250 
30.2271 1.0000 2683.2034 0.3622 0.1733 -0.2884 2.8607 5.0000 0.3979 0.0207 
30.4493 1.0000 2778.0278 0.3609 0.1687 -0.2880 2.8402 5.0000 0.3979 0.0256 
30.4093 1.0000 2774.2958 0.3647 0.1692 -0.2933 2.8462 5.0000 0.3153 0.0234 
30.3897 1.0000 2741.6806 0.3602 0.1688 -0.2992 2.8448 5.0000 0.2209 0.0241 
30.2149 1.0000 2677.8243 0.3624 0.1745 -0.3017 2.8547 5.0000 0.3508 0.0227 
30.4199 1.0000 2767.5842 0.3632 0.1695 -0.2967 2.8440 5.0000 0.3969 0.0233 
30.3546 1.0000 2731.5008 0.3658 0.1734 -0.2987 2.8539 5.0000 0.3970 0.0270 
30.3775 1.0000 2759.3505 0.3645 0.1702 -0.2935 2.8539 5.0000 0.4808 0.0207 
30.3554 1.0000 2749.4959 0.3554 0.1692 -0.2825 2.8480 5.0000 0.6177 0.0272 
30.4085 1.0000 2733.1495 0.3645 0.1669 -0.3121 2.8420 5.0000 0.5724 0.0246 
30.3276 1.0000 2741.5801 0.3505 0.1675 -0.2753 2.8402 5.0000 0.3503 0.0230 
30.4559 1.0000 2782.3121 0.3614 0.1707 -0.2822 2.8443 5.0000 0.3503 0.0215 
30.3440 1.0000 2726.2892 0.3612 0.1670 -0.2993 2.8521 5.0000 0.2236 0.0222 
30.3766 1.0000 2764.8088 0.3566 0.1690 -0.2798 2.8436 5.0000 0.3487 0.0270 
30.3121 1.0000 2727.8154 0.3697 0.1727 -0.3063 2.8512 5.0000 0.3510 0.0240 
30.4118 1.0000 2778.1119 0.3675 0.1685 -0.3020 2.8398 5.0000 0.3511 0.0240 
30.3954 1.0000 2764.4020 0.3530 0.1704 -0.2739 2.8461 5.0000 0.2207 0.0240 
30.3791 1.0000 2754.1029 0.3488 0.1688 -0.2720 2.8523 5.0000 0.3505 0.0234 
30.2680 1.0000 2695.4044 0.3601 0.1699 -0.3030 2.8531 5.0000 0.3108 0.0240 
30.4583 1.0000 2760.6544 0.3616 0.1702 -0.2979 2.8411 5.0000 0.3518 0.0240 
30.2647 1.0000 2705.8219 0.3652 0.1745 -0.2963 2.8580 5.0000 0.3075 0.0240 
30.3407 1.0000 2725.9624 0.3577 0.1694 -0.2907 2.8506 5.0000 0.3504 0.0240 
30.3889 1.0000 2776.9706 0.3611 0.1699 -0.2945 2.8420 5.0000 0.3493 0.0240 
30.3758 1.0000 2734.9739 0.3635 0.1721 -0.2988 2.8581 5.0000 0.3094 0.0240 
30.4322 1.0000 2763.3595 0.3647 0.1706 -0.2919 2.8426 5.0000 0.2202 0.0240 
30.3570 1.0000 2752.9559 0.3521 0.1676 -0.2820 2.8343 5.0000 0.3098 0.0240 
