30.9472 11.0000 2967.5257 0.2274 0.0725 -0.2941 3.1728 7.0000 19.0707 0.0050 
30.9330 11.0000 2958.8392 0.2307 0.0728 -0.2992 3.1717 6.0000 17.2631 0.0052 
30.9624 11.0000 2971.5801 0.2238 0.0711 -0.2920 3.1700 6.0000 18.8949 0.0047 
30.9573 11.0000 2970.8667 0.2300 0.0724 -0.2977 3.1755 7.0000 17.7512 0.0047 
30.9097 11.0000 2944.1947 0.2309 0.0736 -0.2980 3.1730 7.0000 18.8471 0.0050 
30.9351 11.0000 2956.3219 0.2261 0.0724 -0.2933 3.1732 6.0000 18.0141 0.0055 
30.9388 11.0000 2961.3364 0.2264 0.0720 -0.2943 3.1691 6.0000 19.3731 0.0055 
30.9500 11.0000 2966.1375 0.2274 0.0725 -0.2956 3.1705 7.0000 18.0119 0.0048 
30.9139 11.0000 2951.6020 0.2288 0.0725 -0.2980 3.1735 7.0000 19.0279 0.0046 
30.9563 11.0000 2967.9874 0.2292 0.0726 -0.2970 3.1715 6.0000 18.8955 0.0055 
30.9349 11.0000 2960.6216 0.2272 0.0723 -0.2962 3.1695 7.0000 18.6716 0.0049 
30.9260 11.0000 2958.5334 0.2296 0.0719 -0.2999 3.1710 6.0000 2.0630 0.0051 
30.9437 11.0000 2962.0413 0.2279 0.0721 -0.2985 3.1662 6.0000 3.0783 0.0061 
30.9342 11.0000 2959.4778 0.2270 0.0712 -0.2974 3.1679 8.0000 2.9445 0.0043 
30.9171 11.0000 2954.5096 0.2273 0.0721 -0.2957 3.1685 7.0000 2.8149 0.0061 
30.9400 11.0000 2961.3623 0.2261 0.0710 -0.2984 3.1669 6.0000 3.3750 0.0042 
30.9309 11.0000 2958.1319 0.2262 0.0716 -0.2960 3.1684 7.0000 6.4243 0.0047 
30.9517 11.0000 2966.5128 0.2266 0.0732 -0.2927 3.1769 6.0000 7.4023 0.0048 
30.9500 11.0000 2963.9613 0.2269 0.0712 -0.2969 3.1710 6.0000 5.9497 0.0052 
30.9475 11.0000 2965.7365 0.2293 0.0725 -0.2996 3.1665 6.0000 6.4698 0.0052 
30.9288 11.0000 2958.6727 0.2279 0.0715 -0.2983 3.1708 6.0000 5.6983 0.0052 
30.9295 11.0000 2957.6683 0.2268 0.0724 -0.2957 3.1704 6.0000 5.4561 0.0052 
30.9521 11.0000 2967.6879 0.2265 0.0715 -0.2965 3.1665 6.0000 2.3744 0.0042 
30.8994 11.0000 2940.8683 0.2287 0.0725 -0.2984 3.1727 7.0000 3.2988 0.0044 
30.9339 11.0000 2958.3408 0.2279 0.0722 -0.2978 3.1733 7.0000 5.2732 0.0044 
30.9568 11.0000 2970.0191 0.2260 0.0721 -0.2933 3.1706 7.0000 5.3240 0.0052 
30.9416 11.0000 2960.3233 0.2265 0.0709 -0.2990 3.1713 6.0000 3.2130 0.0044 
30.9377 11.0000 2962.0451 0.2301 0.0722 -0.3011 3.1724 6.0000 2.8541 0.0043 
30.9272 11.0000 2958.9631 0.2268 0.0719 -0.2975 3.1688 7.0000 3.0781 0.0044 
30.9449 11.0000 2964.5296 0.2270 0.0715 -0.2957 3.1703 7.0000 4.3032 0.0044 
30.9498 11.0000 2968.3985 0.2275 0.0724 -0.2967 3.1715 7.0000 4.9892 0.0044 
30.9414 11.0000 2963.2486 0.2282 0.0722 -0.2986 3.1671 6.0000 4.9259 0.0044 
30.9570 11.0000 2969.5546 0.2258 0.0713 -0.2937 3.1641 6.0000 4.6610 0.0044 
30.9535 11.0000 2967.3618 0.2286 0.0724 -0.2976 3.1690 6.0000 3.1210 0.0046 
30.9517 11.0000 2968.4932 0.2282 0.0720 -0.2975 3.1703 6.0000 2.1151 0.0048 
30.9519 11.0000 2965.3387 0.2272 0.0724 -0.2949 3.1726 8.0000 3.4457 0.0046 
30.9493 11.0000 2965.2239 0.2270 0.0709 -0.2986 3.1693 6.0000 3.0286 0.0040 
30.9255 11.0000 2955.3317 0.2288 0.0716 -0.2993 3.1687 7.0000 2.9920 0.0046 
30.9505 11.0000 2967.7278 0.2294 0.0731 -0.2972 3.1711 8.0000 3.2097 0.0040 
30.9507 11.0000 2967.4255 0.2275 0.0714 -0.2983 3.1649 7.0000 3.1694 0.0045 
30.9337 11.0000 2961.5159 0.2262 0.0715 -0.2956 3.1693 6.0000 4.5984 0.0048 
30.9545 11.0000 2966.8420 0.2281 0.0717 -0.2990 3.1671 6.0000 4.0973 0.0048 
30.9330 11.0000 2959.3105 0.2285 0.0724 -0.2983 3.1728 6.0000 4.4291 0.0048 
30.9451 11.0000 2965.0955 0.2288 0.0717 -0.3005 3.1696 6.0000 4.3082 0.0048 
30.9384 11.0000 2962.5791 0.2248 0.0711 -0.2958 3.1688 7.0000 3.1655 0.0039 
30.9433 11.0000 2963.3296 0.2304 0.0722 -0.3001 3.1720 6.0000 2.1533 0.0050 
30.9451 11.0000 2965.1095 0.2289 0.0733 -0.2965 3.1710 6.0000 3.1676 0.0049 
30.9638 11.0000 2973.5019 0.2277 0.0717 -0.2964 3.1696 6.0000 3.1208 0.0047 
30.9629 11.0000 2972.2859 0.2250 0.0727 -0.2910 3.1745 6.0000 3.1637 0.0047 
30.9468 11.0000 2965.5287 0.2291 0.0715 -0.2999 3.1679 6.0000 3.2106 0.0042 
30.9391 11.0000 2961.4372 0.2261 0.0715 -0.2958 3.1669 6.0000 3.2977 0.0049 
30.9528 11.0000 2966.6590 0.2276 0.0713 -0.2965 3.1673 6.0000 4.9510 0.0050 
30.9500 11.0000 2966.0980 0.2280 0.0716 -0.2989 3.1703 7.0000 5.1606 0.0052 
30.9328 11.0000 2959.1942 0.2289 0.0734 -0.2980 3.1703 6.0000 5.1015 0.0049 
30.9673 11.0000 2972.8042 0.2250 0.0725 -0.2940 3.1699 6.0000 4.8394 0.0050 
30.9328 11.0000 2956.5649 0.2291 0.0722 -0.2992 3.1745 6.0000 3.2926 0.0049 
30.9339 11.0000 2961.4274 0.2279 0.0708 -0.2990 3.1673 6.0000 3.1134 0.0055 
30.9398 11.0000 2960.3434 0.2280 0.0719 -0.3013 3.1738 7.0000 3.2048 0.0048 
30.9620 11.0000 2968.9531 0.2258 0.0717 -0.2959 3.1695 7.0000 3.1452 0.0039 
30.9575 11.0000 2969.8333 0.2256 0.0714 -0.2951 3.1696 6.0000 2.9872 0.0039 
30.9346 11.0000 2956.8959 0.2285 0.0731 -0.2964 3.1719 7.0000 3.2376 0.0038 
30.9454 11.0000 2965.0917 0.2255 0.0722 -0.2939 3.1674 6.0000 3.1471 0.0054 
30.9360 11.0000 2951.9783 0.2276 0.0719 -0.2975 3.1698 7.0000 3.0753 0.0047 
30.9255 11.0000 2953.7719 0.2298 0.0726 -0.3008 3.1703 6.0000 3.4327 0.0057 
30.9325 11.0000 2956.2134 0.2270 0.0720 -0.2958 3.1733 7.0000 3.2091 0.0048 
30.9332 11.0000 2959.1482 0.2289 0.0716 -0.3015 3.1691 6.0000 3.1254 0.0045 
30.9171 11.0000 2948.5873 0.2275 0.0724 -0.2988 3.1742 7.0000 3.1689 0.0045 
30.9391 11.0000 2958.7869 0.2268 0.0718 -0.2962 3.1701 6.0000 3.2971 0.0042 
30.9197 11.0000 2955.7516 0.2289 0.0720 -0.2986 3.1751 7.0000 3.2572 0.0045 
30.9652 11.0000 2972.5493 0.2247 0.0722 -0.2935 3.1703 6.0000 2.2858 0.0051 
30.9477 11.0000 2963.7780 0.2268 0.0706 -0.2975 3.1664 7.0000 3.6058 0.0049 
30.9694 11.0000 2974.6088 0.2277 0.0719 -0.2969 3.1679 7.0000 3.5206 0.0040 
30.9419 11.0000 2962.9045 0.2276 0.0714 -0.3008 3.1690 6.0000 3.2575 0.0055 
30.9108 11.0000 2945.5728 0.2269 0.0714 -0.2986 3.1691 6.0000 3.2555 0.0046 
30.9377 11.0000 2962.0992 0.2260 0.0720 -0.2952 3.1668 6.0000 3.0804 0.0044 
30.9475 11.0000 2961.6951 0.2286 0.0723 -0.2984 3.1690 6.0000 2.9881 0.0044 
30.9400 11.0000 2963.1566 0.2275 0.0711 -0.2983 3.1696 6.0000 3.1164 0.0048 
30.9552 11.0000 2970.3063 0.2277 0.0712 -0.2981 3.1688 6.0000 3.0778 0.0048 
30.9288 11.0000 2958.1900 0.2277 0.0721 -0.2972 3.1687 7.0000 3.1231 0.0050 
30.9472 11.0000 2966.4022 0.2261 0.0714 -0.2959 3.1690 7.0000 3.3399 0.0046 
30.9353 11.0000 2961.7066 0.2268 0.0718 -0.2941 3.1700 6.0000 3.1671 0.0046 
30.9620 11.0000 2971.4622 0.2258 0.0711 -0.2947 3.1679 6.0000 2.1972 0.0053 
30.9430 11.0000 2961.7383 0.2265 0.0716 -0.2965 3.1704 7.0000 3.1678 0.0041 
30.9162 11.0000 2950.5163 0.2258 0.0716 -0.2955 3.1709 6.0000 3.1243 0.0052 
30.9500 11.0000 2967.7502 0.2279 0.0720 -0.2975 3.1711 7.0000 3.2479 0.0055 
30.9552 11.0000 2967.1270 0.2291 0.0720 -0.2998 3.1683 7.0000 3.6749 0.0050 
30.9384 11.0000 2960.5731 0.2244 0.0713 -0.2942 3.1694 6.0000 3.7827 0.0050 
30.9489 11.0000 2966.1468 0.2299 0.0724 -0.2989 3.1712 7.0000 3.9432 0.0047 
30.9307 11.0000 2955.7836 0.2279 0.0716 -0.2978 3.1678 6.0000 4.0341 0.0046 
30.9437 11.0000 2965.2901 0.2269 0.0724 -0.2965 3.1698 7.0000 2.1981 0.0050 
30.9398 11.0000 2962.0420 0.2282 0.0717 -0.2982 3.1674 7.0000 3.7649 0.0048 
30.9237 11.0000 2957.1751 0.2285 0.0721 -0.2992 3.1740 7.0000 3.2576 0.0048 
30.9601 11.0000 2970.5875 0.2295 0.0728 -0.2962 3.1701 7.0000 3.1691 0.0048 
30.9267 11.0000 2957.2372 0.2278 0.0716 -0.2978 3.1670 7.0000 3.1682 0.0048 
30.9164 11.0000 2951.8007 0.2270 0.0717 -0.3007 3.1698 6.0000 3.2102 0.0048 
30.9318 11.0000 2956.9307 0.2288 0.0729 -0.2974 3.1702 7.0000 3.2545 0.0048 
30.9323 11.0000 2960.8242 0.2300 0.0729 -0.2981 3.1775 6.0000 2.1954 0.0048 
30.9398 11.0000 2960.7951 0.2273 0.0718 -0.2989 3.1740 6.0000 3.8301 0.0048 
30.9440 11.0000 2963.5812 0.2259 0.0707 -0.2980 3.1682 7.0000 4.5587 0.0048 
30.9388 11.0000 2961.0574 0.2271 0.0723 -0.2956 3.1708 7.0000 2.5454 0.0048 
