30.3603 1.0000 2765.0727 0.4003 0.1906 -0.2958 2.8605 5.0000 1.6675 0.0220 
30.4330 1.0000 2766.1536 0.3801 0.1837 -0.2734 2.8615 5.0000 1.6690 0.0267 
30.4722 1.0000 2783.5850 0.3833 0.1816 -0.2856 2.8489 5.0000 1.5796 0.0250 
30.3145 1.0000 2729.6438 0.3960 0.1895 -0.2980 2.8621 5.0000 1.5444 0.0186 
30.4167 1.0000 2751.6250 0.3944 0.1915 -0.2789 2.8636 5.0000 1.5400 0.0186 
30.4877 1.0000 2814.3203 0.3921 0.1912 -0.2770 2.8637 5.0000 1.6241 0.0227 
30.3031 1.0000 2701.6904 0.3851 0.1897 -0.2892 2.8671 5.0000 1.5815 0.0223 
30.2835 1.0000 2709.0694 0.3925 0.1882 -0.2918 2.8613 5.0000 1.6292 0.0220 
30.3578 1.0000 2735.8415 0.4032 0.1901 -0.3044 2.8650 5.0000 1.6240 0.0220 
30.4338 1.0000 2757.8578 0.4089 0.1931 -0.3104 2.8570 5.0000 1.6758 0.0214 
30.2590 1.0000 2696.9788 0.3854 0.1870 -0.2882 2.8630 5.0000 1.6712 0.0250 
30.3971 1.0000 2742.1789 0.4013 0.1896 -0.3131 2.8642 5.0000 0.2610 0.0238 
30.4175 1.0000 2761.8391 0.3912 0.1879 -0.2873 2.8569 6.0000 0.2565 0.0258 
30.3840 1.0000 2777.3489 0.3819 0.1831 -0.2720 2.8507 5.0000 0.3439 0.0199 
30.3194 1.0000 2727.9918 0.3838 0.1848 -0.2910 2.8590 5.0000 0.5127 0.0246 
30.4085 1.0000 2749.9085 0.3883 0.1868 -0.2863 2.8600 5.0000 0.4814 0.0249 
30.5196 1.0000 2810.8922 0.4007 0.1878 -0.2996 2.8532 6.0000 0.3036 0.0280 
30.4779 1.0000 2771.6560 0.3971 0.1897 -0.2920 2.8656 5.0000 0.3894 0.0232 
30.3276 1.0000 2727.6013 0.3906 0.1872 -0.2907 2.8628 5.0000 0.3897 0.0254 
30.4289 1.0000 2756.3203 0.3929 0.1876 -0.2954 2.8521 5.0000 0.3525 0.0232 
30.2778 1.0000 2731.0997 0.3902 0.1875 -0.2899 2.8500 5.0000 0.3502 0.0232 
30.3644 1.0000 2728.1593 0.3906 0.1858 -0.2987 2.8586 5.0000 0.3079 0.0266 
30.3039 1.0000 2696.9853 0.3888 0.1860 -0.2974 2.8633 5.0000 0.3026 0.0266 
30.4788 1.0000 2811.4257 0.3909 0.1918 -0.2704 2.8508 5.0000 0.2191 0.0249 
30.3325 1.0000 2731.9837 0.3822 0.1876 -0.2733 2.8603 5.0000 0.3072 0.0251 
30.2394 1.0000 2706.3562 0.3932 0.1870 -0.2993 2.8714 5.0000 0.2172 0.0235 
30.3562 1.0000 2718.2165 0.3970 0.1863 -0.3077 2.8666 5.0000 0.3041 0.0278 
30.3407 1.0000 2720.0907 0.4020 0.1904 -0.3128 2.8713 5.0000 0.3086 0.0278 
30.3170 1.0000 2730.7737 0.3824 0.1868 -0.2731 2.8591 5.0000 0.3069 0.0263 
30.3824 1.0000 2751.5850 0.3966 0.1889 -0.2929 2.8573 5.0000 0.2162 0.0246 
30.2819 1.0000 2703.5972 0.3854 0.1869 -0.2885 2.8676 5.0000 0.2626 0.0235 
30.4967 1.0000 2785.3652 0.3985 0.1881 -0.3002 2.8577 5.0000 0.6122 0.0276 
30.4199 1.0000 2758.2925 0.3919 0.1868 -0.2965 2.8589 5.0000 0.5680 0.0276 
30.2002 1.0000 2669.6667 0.3904 0.1905 -0.2947 2.8738 5.0000 0.5702 0.0252 
30.3391 1.0000 2733.4526 0.3944 0.1892 -0.2929 2.8613 5.0000 0.3482 0.0252 
30.3260 1.0000 2721.8938 0.3890 0.1861 -0.2953 2.8604 5.0000 0.2157 0.0263 
30.3717 1.0000 2725.8137 0.3909 0.1861 -0.2959 2.8610 5.0000 0.3072 0.0217 
30.2908 1.0000 2708.1536 0.3769 0.1860 -0.2671 2.8637 5.0000 0.3093 0.0238 
30.4069 1.0000 2747.3423 0.3834 0.1878 -0.2789 2.8515 5.0000 0.3090 0.0251 
30.2459 1.0000 2699.9224 0.3851 0.1840 -0.2833 2.8664 6.0000 0.2610 0.0252 
30.3824 1.0000 2750.4657 0.3943 0.1857 -0.2977 2.8610 5.0000 0.3068 0.0262 
30.3725 1.0000 2740.5114 0.3858 0.1828 -0.2930 2.8648 5.0000 0.3092 0.0235 
30.2508 1.0000 2682.7696 0.3878 0.1845 -0.2974 2.8607 5.0000 0.3083 0.0235 
30.2574 1.0000 2700.1405 0.3933 0.1866 -0.3044 2.8640 5.0000 0.3940 0.0235 
30.3235 1.0000 2721.8252 0.3916 0.1900 -0.2872 2.8567 5.0000 0.4373 0.0235 
30.3358 1.0000 2728.6675 0.3936 0.1869 -0.2949 2.8502 5.0000 0.3495 0.0227 
30.4257 1.0000 2765.0106 0.3755 0.1807 -0.2731 2.8705 5.0000 0.5693 0.0233 
30.4926 1.0000 2822.7819 0.3923 0.1860 -0.2923 2.8443 5.0000 0.3957 0.0251 
30.3652 1.0000 2772.8154 0.3986 0.1890 -0.2948 2.8581 5.0000 0.2620 0.0202 
30.3268 1.0000 2725.7565 0.3952 0.1830 -0.3075 2.8578 5.0000 0.3080 0.0253 
30.2827 1.0000 2736.9592 0.3972 0.1888 -0.2991 2.8543 6.0000 0.3505 0.0236 
30.3954 1.0000 2758.5441 0.3804 0.1846 -0.2800 2.8597 5.0000 0.3091 0.0236 
30.2917 1.0000 2720.8881 0.3872 0.1825 -0.2978 2.8529 5.0000 0.2190 0.0233 
30.3725 1.0000 2749.9861 0.3863 0.1873 -0.2830 2.8578 5.0000 0.3083 0.0239 
30.2337 1.0000 2712.8807 0.3901 0.1846 -0.2973 2.8696 5.0000 0.4784 0.0205 
30.3750 1.0000 2754.5458 0.3887 0.1868 -0.2839 2.8678 5.0000 0.4002 0.0222 
30.5425 1.0000 2815.2557 0.3860 0.1895 -0.2634 2.8606 5.0000 0.3954 0.0265 
30.3783 1.0000 2738.5572 0.3801 0.1862 -0.2737 2.8714 5.0000 0.3971 0.0265 
30.4714 1.0000 2756.7598 0.3995 0.1894 -0.3056 2.8584 6.0000 0.3981 0.0265 
30.5580 1.0000 2796.3668 0.3917 0.1866 -0.2926 2.8633 5.0000 0.3070 0.0265 
30.2835 1.0000 2727.4281 0.3827 0.1843 -0.2865 2.8578 5.0000 0.3076 0.0272 
30.3203 1.0000 2705.5817 0.4034 0.1914 -0.3106 2.8653 5.0000 0.2193 0.0240 
30.3709 1.0000 2768.1405 0.3913 0.1869 -0.2938 2.8477 5.0000 0.3090 0.0205 
30.3578 1.0000 2749.7623 0.3974 0.1919 -0.2918 2.8811 6.0000 0.3480 0.0200 
30.3619 1.0000 2731.4910 0.3909 0.1906 -0.2821 2.8688 5.0000 0.3062 0.0200 
30.4632 1.0000 2767.9673 0.3836 0.1845 -0.2762 2.8505 5.0000 0.3080 0.0252 
30.2851 1.0000 2701.5850 0.3942 0.1866 -0.3088 2.8614 5.0000 0.5590 0.0204 
30.4118 1.0000 2763.7124 0.3730 0.1820 -0.2687 2.8544 5.0000 0.4338 0.0281 
30.4142 1.0000 2753.1699 0.3821 0.1843 -0.2843 2.8582 5.0000 0.6378 0.0230 
30.4959 1.0000 2770.4592 0.3912 0.1858 -0.2915 2.8579 5.0000 0.8767 0.0204 
30.3570 1.0000 2722.6111 0.3871 0.1864 -0.2844 2.8655 5.0000 0.8368 0.0230 
30.4183 1.0000 2781.8178 0.3875 0.1885 -0.2783 2.8603 6.0000 0.7882 0.0230 
30.2623 1.0000 2697.9763 0.3901 0.1875 -0.2987 2.8532 5.0000 0.3065 0.0246 
30.2369 1.0000 2703.7876 0.4009 0.1876 -0.3084 2.8580 5.0000 0.3032 0.0204 
30.4763 1.0000 2797.5074 0.3909 0.1832 -0.2950 2.8469 5.0000 0.2199 0.0251 
30.3219 1.0000 2717.0678 0.3938 0.1917 -0.2920 2.8763 5.0000 0.3085 0.0283 
30.4420 1.0000 2796.4142 0.3998 0.1848 -0.3128 2.8483 5.0000 0.3487 0.0244 
30.3268 1.0000 2707.3742 0.3902 0.1857 -0.2946 2.8769 5.0000 0.3455 0.0227 
30.4641 1.0000 2783.1773 0.3981 0.1873 -0.2976 2.8562 5.0000 0.2199 0.0217 
30.2933 1.0000 2735.3105 0.3873 0.1892 -0.2810 2.8629 5.0000 0.3997 0.0254 
30.5147 1.0000 2783.1307 0.3922 0.1865 -0.2917 2.8582 6.0000 0.3480 0.0238 
30.3881 1.0000 2754.1569 0.3910 0.1831 -0.3004 2.8581 5.0000 0.3462 0.0239 
30.3407 1.0000 2727.6103 0.3873 0.1877 -0.2775 2.8682 5.0000 0.4413 0.0226 
30.3611 1.0000 2729.7557 0.3900 0.1898 -0.2907 2.8736 5.0000 0.4794 0.0226 
30.5645 1.0000 2829.6781 0.3878 0.1863 -0.2742 2.8550 5.0000 0.3926 0.0226 
30.4273 1.0000 2751.5139 0.3906 0.1897 -0.2885 2.8610 5.0000 0.3538 0.0227 
30.3979 1.0000 2777.1993 0.3900 0.1895 -0.2751 2.8622 5.0000 0.2210 0.0244 
30.2320 1.0000 2705.4191 0.3987 0.1950 -0.2840 2.8753 5.0000 0.3492 0.0186 
30.3464 1.0000 2749.6364 0.3989 0.1855 -0.3044 2.8423 5.0000 0.3094 0.0186 
30.3668 1.0000 2723.5940 0.3867 0.1883 -0.2823 2.8642 6.0000 0.3925 0.0186 
30.3178 1.0000 2730.9077 0.3923 0.1882 -0.2951 2.8602 5.0000 0.2641 0.0175 
30.3627 1.0000 2782.2998 0.3924 0.1860 -0.2887 2.8480 5.0000 0.3083 0.0186 
30.3979 1.0000 2778.1814 0.3930 0.1883 -0.2856 2.8600 5.0000 0.3476 0.0208 
30.3619 1.0000 2724.4412 0.3856 0.1863 -0.2865 2.8676 5.0000 0.2190 0.0186 
30.4003 1.0000 2753.8668 0.4051 0.1931 -0.2986 2.8593 5.0000 0.3083 0.0186 
30.4461 1.0000 2793.2386 0.3838 0.1872 -0.2735 2.8635 5.0000 0.3405 0.0186 
30.5523 1.0000 2801.0882 0.3914 0.1902 -0.2837 2.8603 5.0000 0.5252 0.0186 
30.4444 1.0000 2768.9330 0.3877 0.1851 -0.2855 2.8564 5.0000 0.4400 0.0186 
30.4518 1.0000 2789.4567 0.3893 0.1893 -0.2806 2.8775 5.0000 0.3112 0.0186 
30.5204 1.0000 2813.7116 0.3888 0.1913 -0.2680 2.8669 5.0000 0.2605 0.0186 
