30.8562 11.0000 2916.1585 0.2056 0.0718 -0.2795 3.0710 6.0000 11.7908 0.0073 
30.8624 11.0000 2921.3886 0.2059 0.0734 -0.2756 3.0708 6.0000 12.1811 0.0076 
30.8641 11.0000 2920.1961 0.2053 0.0720 -0.2780 3.0709 6.0000 11.7024 0.0061 
30.8431 11.0000 2910.9127 0.2045 0.0724 -0.2759 3.0730 6.0000 12.2245 0.0076 
30.8977 11.0000 2932.9487 0.2076 0.0716 -0.2818 3.0674 6.0000 12.3572 0.0063 
30.8510 11.0000 2914.4167 0.2067 0.0734 -0.2771 3.0693 6.0000 11.4823 0.0063 
30.8382 11.0000 2914.9716 0.2064 0.0724 -0.2811 3.0693 6.0000 10.7005 0.0076 
30.8510 11.0000 2915.0817 0.2039 0.0727 -0.2766 3.0679 7.0000 11.0940 0.0063 
30.8755 11.0000 2922.8291 0.2043 0.0730 -0.2763 3.0693 6.0000 10.4804 0.0063 
30.8703 11.0000 2923.0203 0.2050 0.0721 -0.2792 3.0648 6.0000 10.1281 0.0076 
30.8778 11.0000 2921.7582 0.2047 0.0729 -0.2778 3.0628 6.0000 12.0485 0.0063 
30.8624 11.0000 2925.4660 0.2065 0.0725 -0.2799 3.0667 6.0000 1.2338 0.0059 
30.8516 11.0000 2917.5327 0.2070 0.0723 -0.2813 3.0690 6.0000 1.8479 0.0078 
30.8513 11.0000 2914.6837 0.2067 0.0725 -0.2820 3.0658 6.0000 2.0227 0.0071 
30.8905 11.0000 2934.6958 0.2069 0.0718 -0.2806 3.0713 6.0000 2.4610 0.0065 
30.8546 11.0000 2917.1448 0.2021 0.0722 -0.2750 3.0670 6.0000 7.2788 0.0083 
30.8356 11.0000 2909.6007 0.2023 0.0718 -0.2751 3.0690 6.0000 6.2684 0.0076 
30.8324 11.0000 2911.3392 0.2054 0.0729 -0.2765 3.0701 6.0000 6.2391 0.0076 
30.8765 11.0000 2925.4990 0.2056 0.0724 -0.2794 3.0670 6.0000 6.3989 0.0076 
30.8791 11.0000 2929.2647 0.2019 0.0721 -0.2728 3.0699 6.0000 6.4413 0.0076 
30.8484 11.0000 2915.1833 0.2026 0.0718 -0.2745 3.0678 6.0000 6.2079 0.0076 
30.9052 11.0000 2942.3209 0.2031 0.0724 -0.2734 3.0642 6.0000 6.0204 0.0076 
30.8448 11.0000 2911.1565 0.2025 0.0717 -0.2760 3.0671 6.0000 1.3638 0.0069 
30.8663 11.0000 2926.2033 0.2046 0.0714 -0.2789 3.0681 6.0000 1.8879 0.0070 
30.8843 11.0000 2929.9033 0.2036 0.0711 -0.2789 3.0702 6.0000 1.9329 0.0074 
30.8310 11.0000 2910.5820 0.2030 0.0713 -0.2774 3.0739 7.0000 1.8040 0.0066 
30.8526 11.0000 2916.7248 0.1999 0.0714 -0.2722 3.0672 6.0000 1.8451 0.0071 
30.8804 11.0000 2920.8458 0.2041 0.0712 -0.2817 3.0654 6.0000 4.3153 0.0073 
30.8503 11.0000 2913.3784 0.2055 0.0720 -0.2791 3.0669 6.0000 5.0744 0.0073 
30.8418 11.0000 2908.7242 0.2045 0.0727 -0.2776 3.0685 6.0000 5.2484 0.0072 
30.8833 11.0000 2931.4765 0.2019 0.0719 -0.2743 3.0682 6.0000 5.2404 0.0065 
30.8114 11.0000 2900.0683 0.2029 0.0721 -0.2767 3.0705 6.0000 5.4021 0.0073 
30.8739 11.0000 2928.7990 0.2015 0.0726 -0.2724 3.0692 6.0000 5.2273 0.0073 
30.8863 11.0000 2932.0899 0.2051 0.0730 -0.2765 3.0666 6.0000 1.9790 0.0078 
30.8706 11.0000 2927.7755 0.2062 0.0719 -0.2814 3.0686 6.0000 1.2750 0.0083 
30.8588 11.0000 2914.8278 0.2044 0.0717 -0.2776 3.0692 7.0000 1.9704 0.0073 
30.8833 11.0000 2928.0637 0.2048 0.0730 -0.2771 3.0677 6.0000 1.8899 0.0076 
30.8673 11.0000 2920.7248 0.2035 0.0717 -0.2764 3.0660 6.0000 1.8466 0.0073 
30.8641 11.0000 2922.2778 0.2035 0.0727 -0.2751 3.0691 6.0000 1.9306 0.0080 
30.8601 11.0000 2917.9376 0.2050 0.0712 -0.2811 3.0668 6.0000 2.0218 0.0073 
30.8369 11.0000 2908.5863 0.2044 0.0718 -0.2793 3.0721 6.0000 2.5779 0.0075 
30.8497 11.0000 2916.7346 0.2026 0.0720 -0.2763 3.0701 6.0000 3.4602 0.0057 
30.8722 11.0000 2929.8814 0.2024 0.0718 -0.2733 3.0643 6.0000 3.5045 0.0075 
30.8448 11.0000 2911.0641 0.2032 0.0716 -0.2762 3.0663 6.0000 3.2017 0.0057 
30.8314 11.0000 2914.8690 0.2026 0.0721 -0.2750 3.0653 7.0000 1.9817 0.0083 
30.8510 11.0000 2906.4892 0.2047 0.0721 -0.2774 3.0671 6.0000 1.4069 0.0081 
30.8601 11.0000 2917.0634 0.2046 0.0721 -0.2791 3.0654 6.0000 1.8032 0.0087 
30.8902 11.0000 2937.4376 0.2043 0.0732 -0.2771 3.0654 6.0000 1.7106 0.0071 
30.8402 11.0000 2909.0631 0.2059 0.0727 -0.2792 3.0660 6.0000 1.8029 0.0083 
30.8614 11.0000 2921.6771 0.2024 0.0719 -0.2755 3.0686 6.0000 1.8927 0.0073 
30.8559 11.0000 2917.0029 0.2031 0.0723 -0.2775 3.0662 6.0000 2.0199 0.0080 
30.9111 11.0000 2947.4742 0.2042 0.0719 -0.2782 3.0655 6.0000 1.9367 0.0074 
30.8595 11.0000 2917.3748 0.2054 0.0729 -0.2777 3.0650 6.0000 2.1592 0.0074 
30.8461 11.0000 2916.0977 0.2051 0.0728 -0.2786 3.0696 6.0000 2.2043 0.0070 
30.8301 11.0000 2913.3732 0.2015 0.0718 -0.2760 3.0692 6.0000 2.4143 0.0077 
30.8373 11.0000 2917.0644 0.2052 0.0718 -0.2806 3.0685 6.0000 1.9807 0.0068 
30.8320 11.0000 2904.8127 0.2053 0.0719 -0.2809 3.0664 6.0000 1.9375 0.0075 
30.8196 11.0000 2904.0552 0.2062 0.0722 -0.2817 3.0683 6.0000 1.2755 0.0075 
30.8673 11.0000 2926.4938 0.2032 0.0715 -0.2766 3.0647 6.0000 1.8902 0.0070 
30.8627 11.0000 2922.3974 0.2020 0.0714 -0.2741 3.0646 6.0000 1.9361 0.0062 
30.8412 11.0000 2906.1225 0.2054 0.0717 -0.2819 3.0703 6.0000 1.4839 0.0066 
30.8588 11.0000 2923.1902 0.2053 0.0720 -0.2789 3.0655 6.0000 1.9805 0.0081 
30.8706 11.0000 2923.4650 0.2059 0.0728 -0.2796 3.0734 6.0000 2.0631 0.0081 
30.8480 11.0000 2910.4791 0.2029 0.0713 -0.2791 3.0689 6.0000 2.3863 0.0081 
30.8075 11.0000 2899.1595 0.2061 0.0720 -0.2811 3.0683 6.0000 1.8804 0.0072 
30.8768 11.0000 2924.3663 0.2014 0.0716 -0.2741 3.0671 6.0000 1.9727 0.0072 
30.8549 11.0000 2919.8000 0.2077 0.0731 -0.2825 3.0698 6.0000 2.0209 0.0077 
30.8565 11.0000 2923.9232 0.2039 0.0723 -0.2765 3.0683 6.0000 1.3206 0.0083 
30.8699 11.0000 2925.9837 0.2047 0.0721 -0.2787 3.0669 6.0000 1.9344 0.0092 
30.8958 11.0000 2938.9471 0.2051 0.0721 -0.2777 3.0638 6.0000 1.9329 0.0071 
30.8830 11.0000 2927.8444 0.2046 0.0727 -0.2786 3.0685 6.0000 1.8482 0.0069 
30.8382 11.0000 2911.0765 0.2044 0.0726 -0.2790 3.0708 6.0000 1.8493 0.0068 
30.8356 11.0000 2908.3562 0.2066 0.0708 -0.2830 3.0677 6.0000 1.9320 0.0072 
30.8634 11.0000 2926.5186 0.2044 0.0729 -0.2765 3.0671 6.0000 1.8855 0.0072 
30.8239 11.0000 2901.3895 0.2046 0.0715 -0.2805 3.0716 6.0000 2.5084 0.0076 
30.8418 11.0000 2910.7284 0.2023 0.0722 -0.2742 3.0709 6.0000 2.5101 0.0072 
30.8294 11.0000 2907.3105 0.2050 0.0725 -0.2800 3.0715 6.0000 2.0100 0.0076 
30.8493 11.0000 2913.9993 0.2055 0.0724 -0.2815 3.0657 6.0000 1.3221 0.0076 
30.8042 11.0000 2895.9869 0.2073 0.0718 -0.2840 3.0702 6.0000 1.9811 0.0081 
30.8732 11.0000 2928.0412 0.2053 0.0720 -0.2787 3.0686 6.0000 1.8924 0.0079 
30.8670 11.0000 2919.7791 0.2030 0.0717 -0.2769 3.0669 7.0000 1.3617 0.0070 
30.8752 11.0000 2926.7784 0.2011 0.0709 -0.2734 3.0637 6.0000 1.8921 0.0066 
30.8654 11.0000 2919.5376 0.2063 0.0724 -0.2814 3.0694 6.0000 2.0637 0.0073 
30.8631 11.0000 2917.3526 0.2030 0.0725 -0.2756 3.0668 7.0000 1.9819 0.0076 
30.8510 11.0000 2912.3565 0.2035 0.0720 -0.2758 3.0691 6.0000 1.9749 0.0083 
30.8477 11.0000 2906.5278 0.2045 0.0719 -0.2793 3.0689 6.0000 4.5120 0.0073 
30.8843 11.0000 2930.9029 0.2066 0.0731 -0.2792 3.0702 7.0000 5.5079 0.0073 
30.8908 11.0000 2941.7412 0.2023 0.0726 -0.2720 3.0699 6.0000 5.5817 0.0073 
30.8382 11.0000 2911.0170 0.2044 0.0721 -0.2804 3.0666 6.0000 4.5315 0.0073 
30.8444 11.0000 2910.4761 0.2056 0.0718 -0.2817 3.0693 6.0000 1.9342 0.0079 
30.8699 11.0000 2923.7480 0.2070 0.0725 -0.2823 3.0678 6.0000 1.9792 0.0079 
30.8824 11.0000 2926.8252 0.2066 0.0719 -0.2814 3.0661 6.0000 1.3625 0.0083 
30.8601 11.0000 2922.3212 0.2035 0.0722 -0.2769 3.0650 6.0000 1.9347 0.0079 
30.8507 11.0000 2918.5412 0.2039 0.0728 -0.2781 3.0699 6.0000 1.9352 0.0079 
30.8307 11.0000 2909.7026 0.2056 0.0723 -0.2794 3.0637 6.0000 1.9817 0.0079 
30.8480 11.0000 2917.6680 0.2044 0.0723 -0.2776 3.0677 6.0000 1.9771 0.0079 
30.8627 11.0000 2924.0618 0.2037 0.0727 -0.2762 3.0729 8.0000 2.6408 0.0079 
30.8621 11.0000 2924.2569 0.2022 0.0723 -0.2741 3.0705 6.0000 2.2839 0.0079 
30.8542 11.0000 2913.9739 0.2063 0.0720 -0.2806 3.0682 6.0000 2.2260 0.0079 
30.8435 11.0000 2906.2075 0.2040 0.0715 -0.2782 3.0669 6.0000 1.7573 0.0079 
