30.3962 1.0000 2743.7361 0.3562 0.1650 -0.3072 2.8404 5.0000 1.8208 0.0209 
30.3472 1.0000 2728.0351 0.3514 0.1676 -0.2915 2.8350 5.0000 1.5073 0.0237 
30.3227 1.0000 2715.7426 0.3492 0.1646 -0.2899 2.8487 5.0000 1.5986 0.0252 
30.3007 1.0000 2738.4706 0.3578 0.1655 -0.3077 2.8476 5.0000 1.7760 0.0241 
30.3995 1.0000 2736.8717 0.3437 0.1637 -0.2853 2.8511 5.0000 1.8143 0.0257 
30.3309 1.0000 2716.1127 0.3462 0.1643 -0.2909 2.8482 5.0000 1.7720 0.0241 
30.2263 1.0000 2673.4150 0.3526 0.1661 -0.3010 2.8586 5.0000 1.8165 0.0241 
30.3358 1.0000 2719.7663 0.3527 0.1655 -0.3021 2.8559 5.0000 1.8210 0.0252 
30.4510 1.0000 2791.2312 0.3499 0.1645 -0.2880 2.8456 5.0000 1.8228 0.0252 
30.4608 1.0000 2778.6185 0.3525 0.1617 -0.3026 2.8361 5.0000 1.8155 0.0252 
30.3243 1.0000 2718.1315 0.3461 0.1630 -0.2929 2.8471 5.0000 1.8209 0.0257 
30.3676 1.0000 2737.7394 0.3603 0.1657 -0.3123 2.8525 5.0000 0.2539 0.0267 
30.3562 1.0000 2719.6242 0.3535 0.1630 -0.3085 2.8513 5.0000 0.2198 0.0240 
30.3080 1.0000 2727.9714 0.3594 0.1648 -0.3100 2.8369 5.0000 0.3391 0.0215 
30.3235 1.0000 2711.0351 0.3538 0.1676 -0.2960 2.8473 5.0000 0.4574 0.0205 
30.3325 1.0000 2721.0629 0.3519 0.1637 -0.2977 2.8394 5.0000 0.3836 0.0215 
30.2386 1.0000 2704.4306 0.3576 0.1674 -0.3017 2.8547 5.0000 1.0274 0.0205 
30.3742 1.0000 2723.2631 0.3476 0.1642 -0.2981 2.8421 5.0000 0.9084 0.0205 
30.3725 1.0000 2741.8448 0.3554 0.1666 -0.3001 2.8485 5.0000 1.0449 0.0205 
30.3897 1.0000 2745.1708 0.3598 0.1662 -0.3095 2.8469 5.0000 0.9987 0.0267 
30.2974 1.0000 2705.6307 0.3465 0.1631 -0.2948 2.8493 5.0000 1.0113 0.0194 
30.3587 1.0000 2725.3913 0.3497 0.1678 -0.2882 2.8466 5.0000 0.7495 0.0215 
30.2786 1.0000 2701.9428 0.3483 0.1632 -0.2994 2.8451 5.0000 0.3496 0.0218 
30.4314 1.0000 2761.2443 0.3609 0.1662 -0.3069 2.8358 5.0000 0.4378 0.0248 
30.3145 1.0000 2738.7590 0.3635 0.1694 -0.3046 2.8395 5.0000 0.3087 0.0215 
30.3758 1.0000 2742.5106 0.3581 0.1650 -0.3084 2.8447 5.0000 0.3866 0.0227 
30.2598 1.0000 2693.2418 0.3499 0.1648 -0.2995 2.8464 5.0000 0.2598 0.0206 
30.4616 1.0000 2772.4755 0.3590 0.1680 -0.3041 2.8381 5.0000 0.3403 0.0227 
30.3995 1.0000 2757.0237 0.3524 0.1603 -0.3033 2.8328 5.0000 0.6055 0.0207 
30.3007 1.0000 2707.8064 0.3607 0.1668 -0.3160 2.8435 5.0000 0.6586 0.0225 
30.3824 1.0000 2732.5817 0.3569 0.1680 -0.3051 2.8515 5.0000 0.6969 0.0207 
30.4951 1.0000 2800.8276 0.3562 0.1666 -0.2967 2.8386 6.0000 0.6550 0.0225 
30.4314 1.0000 2768.0662 0.3539 0.1625 -0.3028 2.8361 6.0000 0.2607 0.0218 
30.4248 1.0000 2746.1324 0.3443 0.1635 -0.2861 2.8488 5.0000 0.3504 0.0259 
30.2672 1.0000 2705.7018 0.3591 0.1681 -0.3074 2.8525 5.0000 0.3911 0.0252 
30.3333 1.0000 2721.8979 0.3514 0.1664 -0.3009 2.8523 5.0000 0.2616 0.0227 
30.4600 1.0000 2773.9608 0.3539 0.1642 -0.2979 2.8382 5.0000 0.3096 0.0224 
30.4567 1.0000 2788.5049 0.3609 0.1644 -0.3049 2.8360 5.0000 0.3498 0.0243 
30.3971 1.0000 2752.8366 0.3531 0.1626 -0.3052 2.8372 5.0000 0.3415 0.0259 
30.3064 1.0000 2727.7247 0.3510 0.1635 -0.2990 2.8314 5.0000 0.6413 0.0226 
30.4175 1.0000 2745.8170 0.3443 0.1631 -0.2888 2.8470 5.0000 0.8712 0.0248 
30.2549 1.0000 2692.7949 0.3538 0.1681 -0.2928 2.8512 5.0000 0.9190 0.0236 
30.4036 1.0000 2742.6454 0.3618 0.1665 -0.3095 2.8548 5.0000 0.7917 0.0236 
30.2655 1.0000 2697.8456 0.3533 0.1623 -0.3025 2.8511 5.0000 0.4787 0.0248 
30.3023 1.0000 2706.7443 0.3451 0.1626 -0.2896 2.8554 5.0000 0.4399 0.0248 
30.3505 1.0000 2739.5613 0.3565 0.1652 -0.3026 2.8458 5.0000 0.3511 0.0245 
30.3211 1.0000 2723.9232 0.3590 0.1660 -0.3108 2.8416 5.0000 0.2208 0.0239 
30.4044 1.0000 2755.2990 0.3562 0.1659 -0.2986 2.8506 5.0000 0.3514 0.0215 
30.3007 1.0000 2705.8856 0.3469 0.1651 -0.2905 2.8483 5.0000 0.3091 0.0215 
30.3987 1.0000 2754.5000 0.3610 0.1657 -0.3065 2.8406 5.0000 0.3511 0.0215 
30.3619 1.0000 2723.8734 0.3608 0.1637 -0.3168 2.8387 5.0000 0.2608 0.0245 
30.3701 1.0000 2730.0686 0.3502 0.1655 -0.2926 2.8508 5.0000 0.3490 0.0198 
30.2606 1.0000 2698.1127 0.3561 0.1639 -0.3093 2.8458 5.0000 0.4348 0.0228 
30.3358 1.0000 2723.5858 0.3504 0.1682 -0.2932 2.8459 5.0000 0.4375 0.0198 
30.4322 1.0000 2762.0842 0.3561 0.1622 -0.3081 2.8380 5.0000 0.3957 0.0261 
30.3178 1.0000 2721.0286 0.3565 0.1650 -0.3054 2.8419 5.0000 0.4860 0.0271 
30.3431 1.0000 2718.1601 0.3528 0.1624 -0.3009 2.8458 5.0000 0.4392 0.0203 
30.4853 1.0000 2771.8366 0.3509 0.1631 -0.2974 2.8366 5.0000 0.2222 0.0261 
30.4314 1.0000 2780.6642 0.3610 0.1691 -0.2976 2.8392 5.0000 0.3520 0.0247 
30.3815 1.0000 2746.3456 0.3466 0.1649 -0.2894 2.8451 5.0000 0.7427 0.0235 
30.3374 1.0000 2732.9036 0.3581 0.1695 -0.2996 2.8490 5.0000 0.7465 0.0229 
30.3946 1.0000 2760.1381 0.3594 0.1645 -0.3050 2.8428 5.0000 0.6593 0.0229 
30.4845 1.0000 2775.9755 0.3635 0.1648 -0.3142 2.8373 5.0000 0.2212 0.0255 
30.3137 1.0000 2698.1127 0.3494 0.1654 -0.2999 2.8500 5.0000 0.3908 0.0242 
30.2933 1.0000 2710.6985 0.3526 0.1682 -0.2968 2.8520 5.0000 0.3909 0.0254 
30.4681 1.0000 2775.8113 0.3501 0.1626 -0.3007 2.8472 5.0000 0.2645 0.0270 
30.2958 1.0000 2702.8162 0.3481 0.1636 -0.2945 2.8494 5.0000 0.3504 0.0251 
30.2672 1.0000 2710.0261 0.3588 0.1663 -0.3037 2.8473 6.0000 0.3966 0.0215 
30.3913 1.0000 2740.3513 0.3561 0.1676 -0.3049 2.8567 5.0000 0.3958 0.0215 
30.3382 1.0000 2711.0139 0.3566 0.1690 -0.3053 2.8540 6.0000 0.3461 0.0265 
30.2688 1.0000 2701.9036 0.3586 0.1659 -0.3100 2.8422 5.0000 0.3510 0.0221 
30.3725 1.0000 2728.0580 0.3499 0.1637 -0.2945 2.8420 5.0000 0.2250 0.0278 
30.3905 1.0000 2739.8350 0.3487 0.1633 -0.2925 2.8488 5.0000 0.3915 0.0240 
30.3489 1.0000 2714.7475 0.3567 0.1616 -0.3180 2.8429 5.0000 0.3520 0.0266 
30.2467 1.0000 2701.1593 0.3549 0.1641 -0.3051 2.8488 5.0000 0.3513 0.0227 
30.3521 1.0000 2727.1838 0.3558 0.1676 -0.2998 2.8504 5.0000 0.2194 0.0209 
30.3154 1.0000 2711.7574 0.3594 0.1680 -0.3060 2.8435 5.0000 0.3505 0.0244 
30.3243 1.0000 2724.6152 0.3526 0.1658 -0.2908 2.8495 5.0000 0.3510 0.0229 
30.4493 1.0000 2774.1699 0.3518 0.1630 -0.2944 2.8397 5.0000 0.3108 0.0226 
30.4322 1.0000 2746.2157 0.3526 0.1645 -0.3048 2.8398 5.0000 0.2207 0.0242 
30.2843 1.0000 2708.3203 0.3559 0.1656 -0.3104 2.8586 5.0000 0.3503 0.0233 
30.1797 1.0000 2693.1119 0.3594 0.1661 -0.3043 2.8515 5.0000 0.3129 0.0218 
30.4134 1.0000 2742.6168 0.3590 0.1705 -0.2981 2.8531 5.0000 0.3498 0.0256 
30.3595 1.0000 2733.2418 0.3513 0.1662 -0.2991 2.8495 5.0000 0.3509 0.0254 
30.3521 1.0000 2750.5515 0.3509 0.1669 -0.2913 2.8454 5.0000 0.3100 0.0197 
30.2810 1.0000 2694.8652 0.3585 0.1667 -0.3059 2.8486 5.0000 0.2645 0.0229 
30.3979 1.0000 2750.6176 0.3516 0.1641 -0.2910 2.8535 5.0000 0.3514 0.0225 
30.3472 1.0000 2727.2312 0.3483 0.1629 -0.2883 2.8445 5.0000 0.3109 0.0225 
30.3913 1.0000 2737.6078 0.3586 0.1665 -0.3084 2.8433 5.0000 0.3112 0.0226 
30.1944 1.0000 2687.9681 0.3474 0.1658 -0.2934 2.8517 5.0000 0.3916 0.0225 
30.3995 1.0000 2763.7051 0.3460 0.1633 -0.2905 2.8479 5.0000 0.2191 0.0218 
30.4224 1.0000 2752.6152 0.3572 0.1668 -0.2975 2.8502 5.0000 0.3511 0.0225 
30.3783 1.0000 2736.0792 0.3535 0.1663 -0.2977 2.8423 5.0000 0.2643 0.0217 
30.3922 1.0000 2739.9183 0.3551 0.1636 -0.3099 2.8421 5.0000 0.4846 0.0225 
30.3105 1.0000 2727.0596 0.3566 0.1684 -0.2996 2.8478 5.0000 0.3972 0.0225 
30.3162 1.0000 2720.6609 0.3581 0.1665 -0.3054 2.8485 5.0000 0.3091 0.0225 
30.4853 1.0000 2773.3407 0.3506 0.1676 -0.2844 2.8452 5.0000 0.3473 0.0225 
30.4265 1.0000 2753.9216 0.3672 0.1658 -0.3253 2.8466 5.0000 0.3515 0.0225 
30.4003 1.0000 2756.9379 0.3562 0.1682 -0.2973 2.8504 5.0000 0.2207 0.0225 
30.4036 1.0000 2767.0833 0.3488 0.1672 -0.2858 2.8456 5.0000 0.3107 0.0225 
