30.9425 11.0000 2949.1614 0.1608 0.0647 -0.2275 3.0622 6.0000 11.5257 0.0042 
30.9706 11.0000 2962.6732 0.1617 0.0641 -0.2304 3.0578 6.0000 11.3923 0.0043 
30.9425 11.0000 2948.6974 0.1659 0.0650 -0.2358 3.0586 6.0000 12.3566 0.0046 
30.9474 11.0000 2953.2340 0.1629 0.0645 -0.2327 3.0608 6.0000 11.2207 0.0043 
30.9572 11.0000 2958.4507 0.1626 0.0636 -0.2313 3.0564 6.0000 12.1774 0.0042 
30.9657 11.0000 2960.0644 0.1593 0.0643 -0.2267 3.0582 6.0000 13.8968 0.0043 
30.9190 11.0000 2939.8735 0.1605 0.0642 -0.2280 3.0574 6.0000 13.8460 0.0042 
30.9412 11.0000 2946.1814 0.1635 0.0646 -0.2315 3.0578 6.0000 13.9362 0.0043 
30.9477 11.0000 2949.8788 0.1621 0.0644 -0.2310 3.0601 6.0000 13.6773 0.0047 
30.9650 11.0000 2957.4203 0.1606 0.0633 -0.2299 3.0574 6.0000 13.8905 0.0039 
30.9817 11.0000 2966.7255 0.1630 0.0649 -0.2294 3.0600 6.0000 12.5294 0.0042 
30.9444 11.0000 2953.4497 0.1618 0.0637 -0.2305 3.0592 6.0000 2.0216 0.0041 
30.9647 11.0000 2960.2209 0.1612 0.0638 -0.2308 3.0571 6.0000 1.4510 0.0042 
30.9539 11.0000 2955.3935 0.1600 0.0636 -0.2284 3.0606 6.0000 1.9781 0.0054 
30.9569 11.0000 2955.3284 0.1614 0.0631 -0.2318 3.0568 6.0000 2.1798 0.0045 
30.9484 11.0000 2953.8912 0.1611 0.0640 -0.2290 3.0594 6.0000 7.6505 0.0053 
30.9588 11.0000 2955.4052 0.1627 0.0634 -0.2328 3.0586 6.0000 7.4015 0.0039 
30.9428 11.0000 2950.4232 0.1618 0.0636 -0.2311 3.0593 6.0000 7.3986 0.0039 
30.9389 11.0000 2944.4471 0.1616 0.0638 -0.2315 3.0593 6.0000 7.4597 0.0039 
30.9337 11.0000 2947.1418 0.1603 0.0641 -0.2285 3.0582 6.0000 7.6516 0.0035 
30.9408 11.0000 2948.0137 0.1591 0.0635 -0.2275 3.0563 6.0000 7.2561 0.0039 
30.9562 11.0000 2956.7984 0.1595 0.0651 -0.2235 3.0596 6.0000 7.1262 0.0054 
30.9608 11.0000 2958.0915 0.1615 0.0643 -0.2286 3.0598 6.0000 2.1937 0.0047 
30.9203 11.0000 2939.1752 0.1583 0.0635 -0.2256 3.0572 6.0000 1.9805 0.0047 
30.9588 11.0000 2955.0739 0.1644 0.0637 -0.2351 3.0574 6.0000 2.0657 0.0050 
30.9474 11.0000 2950.0124 0.1601 0.0639 -0.2261 3.0591 6.0000 1.6734 0.0044 
30.9225 11.0000 2941.6863 0.1621 0.0646 -0.2309 3.0591 6.0000 2.0198 0.0048 
30.9781 11.0000 2965.3886 0.1614 0.0647 -0.2282 3.0598 6.0000 1.9778 0.0051 
30.9654 11.0000 2959.8268 0.1633 0.0644 -0.2308 3.0638 6.0000 2.2392 0.0041 
30.9680 11.0000 2959.7794 0.1612 0.0635 -0.2303 3.0610 7.0000 4.0182 0.0042 
30.9859 11.0000 2969.2493 0.1621 0.0644 -0.2290 3.0567 6.0000 4.4314 0.0042 
30.9392 11.0000 2946.2451 0.1607 0.0634 -0.2284 3.0603 6.0000 4.4829 0.0042 
30.9418 11.0000 2948.4340 0.1588 0.0640 -0.2265 3.0608 6.0000 4.3950 0.0042 
30.9493 11.0000 2953.7771 0.1613 0.0639 -0.2304 3.0595 6.0000 2.1128 0.0041 
30.9408 11.0000 2950.5578 0.1626 0.0641 -0.2319 3.0607 7.0000 1.4540 0.0047 
30.9314 11.0000 2943.9049 0.1664 0.0645 -0.2375 3.0597 7.0000 2.0080 0.0044 
30.9389 11.0000 2948.8641 0.1619 0.0644 -0.2297 3.0567 6.0000 1.9792 0.0054 
30.9281 11.0000 2944.1176 0.1607 0.0643 -0.2292 3.0606 6.0000 2.1479 0.0039 
30.9608 11.0000 2956.8026 0.1616 0.0637 -0.2301 3.0573 6.0000 1.9782 0.0037 
30.9578 11.0000 2957.3752 0.1626 0.0642 -0.2325 3.0619 6.0000 2.1125 0.0041 
30.9722 11.0000 2962.6480 0.1620 0.0648 -0.2304 3.0605 7.0000 3.6928 0.0045 
30.9490 11.0000 2954.2801 0.1623 0.0642 -0.2317 3.0598 7.0000 4.1318 0.0045 
30.9618 11.0000 2956.9627 0.1567 0.0640 -0.2224 3.0578 6.0000 4.2207 0.0045 
30.9611 11.0000 2958.6477 0.1577 0.0637 -0.2239 3.0572 6.0000 3.9563 0.0045 
30.9493 11.0000 2953.3059 0.1627 0.0645 -0.2324 3.0584 6.0000 2.1547 0.0044 
30.9415 11.0000 2948.5974 0.1581 0.0646 -0.2226 3.0614 6.0000 1.4975 0.0044 
30.9199 11.0000 2938.6108 0.1614 0.0637 -0.2320 3.0580 6.0000 2.0661 0.0044 
30.9712 11.0000 2963.8366 0.1609 0.0638 -0.2288 3.0581 6.0000 2.0244 0.0046 
30.9667 11.0000 2959.5709 0.1617 0.0639 -0.2289 3.0569 6.0000 1.9714 0.0051 
30.9585 11.0000 2960.1585 0.1609 0.0638 -0.2289 3.0551 6.0000 2.1567 0.0047 
30.9471 11.0000 2951.6775 0.1668 0.0648 -0.2375 3.0585 6.0000 2.0647 0.0043 
30.9500 11.0000 2955.2732 0.1608 0.0641 -0.2289 3.0626 6.0000 3.5961 0.0042 
30.9392 11.0000 2948.8971 0.1600 0.0637 -0.2287 3.0617 6.0000 3.9030 0.0042 
30.9703 11.0000 2961.3513 0.1613 0.0646 -0.2285 3.0611 6.0000 4.0412 0.0042 
30.9507 11.0000 2951.9546 0.1576 0.0644 -0.2238 3.0553 6.0000 3.6076 0.0042 
30.9588 11.0000 2955.8706 0.1634 0.0645 -0.2327 3.0588 6.0000 3.3426 0.0045 
30.9650 11.0000 2960.9425 0.1627 0.0638 -0.2320 3.0584 6.0000 3.7721 0.0044 
30.9526 11.0000 2952.0310 0.1624 0.0645 -0.2302 3.0577 6.0000 3.7263 0.0052 
30.9451 11.0000 2950.3719 0.1603 0.0643 -0.2263 3.0588 7.0000 1.9558 0.0052 
30.9291 11.0000 2943.0516 0.1612 0.0632 -0.2308 3.0595 6.0000 2.0642 0.0043 
30.9422 11.0000 2949.8797 0.1570 0.0633 -0.2238 3.0617 6.0000 1.9293 0.0040 
30.9552 11.0000 2953.8464 0.1638 0.0642 -0.2347 3.0597 6.0000 2.1985 0.0046 
30.9304 11.0000 2945.0513 0.1586 0.0643 -0.2259 3.0620 6.0000 2.4845 0.0038 
30.9255 11.0000 2943.6748 0.1598 0.0638 -0.2272 3.0559 7.0000 3.6722 0.0044 
30.9840 11.0000 2967.1078 0.1597 0.0627 -0.2293 3.0531 6.0000 3.7767 0.0044 
30.9513 11.0000 2954.9363 0.1575 0.0638 -0.2232 3.0604 6.0000 3.7348 0.0044 
30.9487 11.0000 2951.1974 0.1624 0.0639 -0.2336 3.0576 6.0000 1.5393 0.0044 
30.9245 11.0000 2941.7310 0.1630 0.0633 -0.2345 3.0596 6.0000 1.4973 0.0043 
30.9271 11.0000 2943.4810 0.1623 0.0642 -0.2303 3.0595 6.0000 2.1577 0.0045 
30.9523 11.0000 2954.3611 0.1632 0.0641 -0.2326 3.0609 6.0000 2.1079 0.0043 
30.9618 11.0000 2959.2278 0.1589 0.0636 -0.2262 3.0605 6.0000 2.0640 0.0049 
30.9451 11.0000 2951.2804 0.1636 0.0644 -0.2328 3.0566 6.0000 2.0666 0.0045 
30.9693 11.0000 2958.7869 0.1628 0.0641 -0.2305 3.0558 6.0000 2.1504 0.0043 
30.9503 11.0000 2954.2608 0.1602 0.0635 -0.2281 3.0579 6.0000 2.3324 0.0048 
30.9395 11.0000 2949.1013 0.1606 0.0643 -0.2276 3.0624 6.0000 3.5013 0.0035 
30.9484 11.0000 2955.5523 0.1622 0.0645 -0.2304 3.0597 6.0000 4.7755 0.0039 
30.9359 11.0000 2947.5258 0.1578 0.0633 -0.2262 3.0582 6.0000 4.8231 0.0035 
30.9536 11.0000 2952.7863 0.1640 0.0643 -0.2346 3.0594 6.0000 2.9039 0.0045 
30.9484 11.0000 2949.6458 0.1652 0.0642 -0.2346 3.0569 6.0000 1.5393 0.0042 
30.9523 11.0000 2952.9840 0.1601 0.0642 -0.2264 3.0568 6.0000 2.1563 0.0040 
30.9337 11.0000 2945.3873 0.1589 0.0646 -0.2253 3.0607 6.0000 1.4971 0.0040 
30.9477 11.0000 2949.7229 0.1627 0.0639 -0.2309 3.0538 6.0000 2.0668 0.0038 
30.9523 11.0000 2952.5569 0.1592 0.0639 -0.2262 3.0585 6.0000 2.0661 0.0038 
30.9477 11.0000 2952.9121 0.1582 0.0634 -0.2264 3.0610 7.0000 2.1523 0.0034 
30.9379 11.0000 2948.1196 0.1618 0.0633 -0.2326 3.0611 6.0000 2.1132 0.0038 
30.9794 11.0000 2965.1997 0.1609 0.0640 -0.2283 3.0580 6.0000 2.2358 0.0048 
30.9660 11.0000 2959.2961 0.1624 0.0641 -0.2303 3.0594 6.0000 2.1784 0.0042 
30.9582 11.0000 2955.9438 0.1625 0.0633 -0.2322 3.0574 6.0000 2.6827 0.0042 
30.9572 11.0000 2956.2111 0.1571 0.0635 -0.2225 3.0577 6.0000 2.6859 0.0042 
30.9627 11.0000 2958.7206 0.1608 0.0646 -0.2262 3.0610 6.0000 2.1905 0.0042 
30.9268 11.0000 2942.6020 0.1623 0.0638 -0.2316 3.0623 6.0000 2.4782 0.0042 
30.9686 11.0000 2959.5627 0.1640 0.0637 -0.2358 3.0566 6.0000 2.1057 0.0042 
30.9232 11.0000 2942.6199 0.1609 0.0641 -0.2290 3.0591 6.0000 1.6705 0.0042 
30.9693 11.0000 2962.2082 0.1593 0.0639 -0.2250 3.0590 6.0000 2.2399 0.0042 
30.9810 11.0000 2964.0317 0.1633 0.0644 -0.2319 3.0573 6.0000 2.0647 0.0042 
30.9386 11.0000 2949.0905 0.1593 0.0641 -0.2250 3.0621 7.0000 2.2002 0.0042 
30.9552 11.0000 2952.9154 0.1619 0.0633 -0.2326 3.0578 6.0000 2.2430 0.0042 
30.9477 11.0000 2950.3209 0.1611 0.0631 -0.2316 3.0601 6.0000 2.0368 0.0042 
30.9369 11.0000 2947.5346 0.1614 0.0640 -0.2303 3.0603 6.0000 3.2069 0.0042 
30.9556 11.0000 2955.2101 0.1599 0.0644 -0.2279 3.0542 6.0000 3.1670 0.0042 
