30.9791 11.0000 2980.0258 0.3470 0.1239 -0.2972 3.2982 7.0000 24.7826 0.0035 
30.9804 11.0000 2980.3272 0.3460 0.1231 -0.2938 3.2971 7.0000 19.4227 0.0042 
30.9882 11.0000 2983.5296 0.3446 0.1239 -0.2925 3.3002 7.0000 24.1666 0.0041 
30.9955 11.0000 2986.1964 0.3431 0.1249 -0.2867 3.3013 7.0000 24.7811 0.0035 
30.9966 11.0000 2986.6298 0.3456 0.1241 -0.2927 3.2940 7.0000 22.1469 0.0046 
30.9475 11.0000 2967.5753 0.3448 0.1218 -0.2978 3.2942 7.0000 21.7532 0.0039 
30.9651 11.0000 2974.4401 0.3444 0.1210 -0.2990 3.2962 7.0000 22.4075 0.0036 
30.9622 11.0000 2973.4659 0.3483 0.1250 -0.2978 3.3000 7.0000 21.7088 0.0046 
30.9666 11.0000 2973.3524 0.3431 0.1216 -0.2952 3.3000 7.0000 24.4317 0.0036 
30.9798 11.0000 2979.0715 0.3457 0.1240 -0.2933 3.3025 7.0000 24.2539 0.0044 
30.9572 11.0000 2970.5218 0.3463 0.1253 -0.2951 3.3031 7.0000 23.9912 0.0042 
30.9789 11.0000 2980.2259 0.3466 0.1241 -0.2940 3.3034 7.0000 3.6170 0.0043 
30.9597 11.0000 2970.9559 0.3483 0.1240 -0.2995 3.2995 7.0000 4.0550 0.0043 
30.9553 11.0000 2970.3818 0.3434 0.1228 -0.2949 3.2972 7.0000 4.0589 0.0043 
30.9735 11.0000 2977.6966 0.3448 0.1225 -0.2965 3.3019 7.0000 5.6405 0.0046 
30.9508 11.0000 2965.4421 0.3449 0.1217 -0.2983 3.2970 7.0000 5.4488 0.0036 
30.9671 11.0000 2975.3960 0.3420 0.1245 -0.2902 3.3024 7.0000 3.8218 0.0033 
30.9428 11.0000 2963.1928 0.3446 0.1235 -0.2957 3.2949 7.0000 2.7248 0.0044 
30.9737 11.0000 2977.8981 0.3444 0.1234 -0.2911 3.3019 8.0000 3.8119 0.0036 
30.9621 11.0000 2971.0153 0.3438 0.1220 -0.2965 3.3007 7.0000 5.2554 0.0036 
30.9508 11.0000 2969.6801 0.3465 0.1257 -0.2893 3.3022 8.0000 4.8628 0.0038 
30.9508 11.0000 2969.0815 0.3443 0.1234 -0.2932 3.2973 7.0000 4.9645 0.0038 
30.9746 11.0000 2978.3048 0.3466 0.1237 -0.2969 3.2956 7.0000 4.1234 0.0041 
30.9544 11.0000 2968.0643 0.3430 0.1227 -0.2907 3.3001 7.0000 4.3077 0.0040 
30.9619 11.0000 2972.2433 0.3447 0.1223 -0.2973 3.2996 7.0000 4.3107 0.0039 
30.9441 11.0000 2965.4655 0.3471 0.1237 -0.3002 3.2999 7.0000 8.2609 0.0036 
30.9935 11.0000 2985.1140 0.3499 0.1267 -0.2939 3.3067 7.0000 7.9797 0.0038 
30.9840 11.0000 2982.2420 0.3443 0.1237 -0.2913 3.2980 7.0000 4.1894 0.0037 
30.9679 11.0000 2976.3600 0.3462 0.1239 -0.2931 3.2990 7.0000 2.7774 0.0035 
30.9808 11.0000 2983.2513 0.3397 0.1217 -0.2915 3.2934 7.0000 5.0873 0.0038 
30.9755 11.0000 2977.9172 0.3457 0.1248 -0.2931 3.3043 8.0000 4.9384 0.0038 
30.9829 11.0000 2984.1596 0.3460 0.1232 -0.2930 3.2966 8.0000 4.6526 0.0038 
30.9746 11.0000 2979.4659 0.3463 0.1237 -0.2930 3.2952 7.0000 4.8317 0.0038 
30.9608 11.0000 2972.3395 0.3458 0.1246 -0.2915 3.2953 7.0000 2.8575 0.0037 
30.9708 11.0000 2977.1209 0.3471 0.1236 -0.2975 3.3041 7.0000 4.1774 0.0028 
30.9646 11.0000 2973.2518 0.3485 0.1266 -0.2914 3.2994 7.0000 2.8547 0.0038 
30.9613 11.0000 2971.9857 0.3479 0.1245 -0.2987 3.2947 7.0000 4.2232 0.0038 
30.9795 11.0000 2981.3293 0.3420 0.1228 -0.2901 3.2993 7.0000 4.7949 0.0028 
30.9688 11.0000 2975.5027 0.3454 0.1213 -0.3001 3.3016 7.0000 4.0875 0.0038 
30.9695 11.0000 2974.4092 0.3452 0.1229 -0.2953 3.3044 7.0000 4.1387 0.0034 
30.9501 11.0000 2967.3317 0.3496 0.1239 -0.2986 3.2930 7.0000 4.7057 0.0035 
30.9704 11.0000 2975.3633 0.3442 0.1238 -0.2925 3.3043 7.0000 4.7973 0.0035 
30.9782 11.0000 2982.3987 0.3478 0.1249 -0.2936 3.2933 7.0000 4.7443 0.0035 
30.9711 11.0000 2975.7756 0.3446 0.1229 -0.2924 3.3004 8.0000 4.9263 0.0035 
30.9679 11.0000 2972.5839 0.3470 0.1220 -0.2998 3.2998 7.0000 4.0426 0.0039 
30.9684 11.0000 2974.5654 0.3459 0.1227 -0.2966 3.2971 7.0000 2.8146 0.0039 
30.9680 11.0000 2975.1082 0.3472 0.1257 -0.2930 3.3033 8.0000 3.9540 0.0042 
31.0005 11.0000 2988.8963 0.3447 0.1233 -0.2960 3.3004 7.0000 4.2648 0.0041 
30.9657 11.0000 2977.8094 0.3431 0.1219 -0.2965 3.2921 8.0000 4.2632 0.0035 
30.9811 11.0000 2979.0924 0.3448 0.1241 -0.2922 3.2970 7.0000 4.1388 0.0042 
30.9784 11.0000 2979.7803 0.3489 0.1262 -0.2930 3.3094 7.0000 4.1753 0.0037 
30.9842 11.0000 2982.8816 0.3460 0.1224 -0.2952 3.2985 7.0000 5.2777 0.0030 
30.9777 11.0000 2978.9330 0.3466 0.1251 -0.2952 3.2971 7.0000 5.1903 0.0030 
30.9887 11.0000 2984.5463 0.3434 0.1210 -0.2985 3.2983 8.0000 4.7932 0.0034 
30.9555 11.0000 2970.7373 0.3445 0.1235 -0.2948 3.2964 7.0000 4.9278 0.0040 
30.9668 11.0000 2974.1078 0.3461 0.1239 -0.2956 3.2962 7.0000 2.8564 0.0040 
30.9653 11.0000 2974.6151 0.3438 0.1242 -0.2896 3.3013 7.0000 4.0482 0.0037 
30.9579 11.0000 2970.6627 0.3479 0.1245 -0.2959 3.3055 8.0000 4.0914 0.0036 
30.9584 11.0000 2971.1955 0.3442 0.1258 -0.2907 3.2982 8.0000 4.1328 0.0026 
30.9795 11.0000 2978.0434 0.3451 0.1231 -0.2949 3.2993 7.0000 4.1333 0.0039 
30.9722 11.0000 2977.6616 0.3469 0.1236 -0.2961 3.3019 8.0000 4.2175 0.0034 
30.9936 11.0000 2987.6449 0.3408 0.1224 -0.2909 3.2962 8.0000 4.1773 0.0035 
30.9590 11.0000 2974.2961 0.3472 0.1240 -0.2980 3.3009 7.0000 4.9697 0.0041 
30.9820 11.0000 2981.1748 0.3460 0.1242 -0.2951 3.3008 7.0000 4.8360 0.0041 
30.9615 11.0000 2974.4779 0.3431 0.1237 -0.2881 3.3006 7.0000 4.1372 0.0040 
30.9782 11.0000 2978.2756 0.3454 0.1214 -0.2984 3.2964 7.0000 7.0529 0.0026 
30.9733 11.0000 2976.7829 0.3480 0.1251 -0.2947 3.2999 7.0000 6.0920 0.0040 
30.9766 11.0000 2979.4381 0.3437 0.1205 -0.2965 3.2926 7.0000 3.6221 0.0029 
31.0054 11.0000 2989.0301 0.3431 0.1240 -0.2895 3.2972 7.0000 2.9034 0.0037 
30.9660 11.0000 2974.8079 0.3439 0.1229 -0.2953 3.2967 7.0000 4.7441 0.0052 
30.9804 11.0000 2980.7712 0.3471 0.1259 -0.2902 3.3048 7.0000 4.1323 0.0031 
30.9773 11.0000 2979.1618 0.3486 0.1247 -0.2938 3.3052 7.0000 4.2673 0.0029 
30.9606 11.0000 2975.8869 0.3422 0.1220 -0.2908 3.2949 8.0000 4.2217 0.0029 
30.9866 11.0000 2985.8154 0.3443 0.1236 -0.2913 3.2976 7.0000 4.7055 0.0040 
30.9960 11.0000 2986.6020 0.3451 0.1232 -0.2954 3.2984 7.0000 4.7512 0.0044 
30.9621 11.0000 2973.7609 0.3417 0.1227 -0.2889 3.2973 7.0000 2.8591 0.0030 
30.9717 11.0000 2975.5659 0.3421 0.1221 -0.2933 3.2936 8.0000 5.3865 0.0038 
31.0051 11.0000 2989.3003 0.3439 0.1252 -0.2887 3.3035 7.0000 5.3699 0.0037 
30.9719 11.0000 2977.8066 0.3475 0.1235 -0.2965 3.2948 7.0000 4.1729 0.0038 
30.9272 11.0000 2956.1578 0.3470 0.1240 -0.2958 3.2953 7.0000 4.1784 0.0036 
30.9911 11.0000 2983.5094 0.3449 0.1231 -0.2954 3.3023 7.0000 4.1773 0.0031 
30.9967 11.0000 2987.6872 0.3480 0.1234 -0.2995 3.3009 8.0000 3.0332 0.0038 
30.9980 11.0000 2988.0835 0.3414 0.1229 -0.2930 3.3020 7.0000 4.2252 0.0037 
30.9929 11.0000 2985.2369 0.3468 0.1252 -0.2926 3.3099 7.0000 4.3966 0.0040 
30.9633 11.0000 2973.4328 0.3439 0.1231 -0.2948 3.2996 8.0000 4.0866 0.0032 
30.9510 11.0000 2970.6178 0.3436 0.1230 -0.2941 3.2982 7.0000 4.1319 0.0040 
30.9706 11.0000 2977.4261 0.3436 0.1229 -0.2922 3.2972 7.0000 4.1581 0.0045 
30.9695 11.0000 2977.0060 0.3488 0.1277 -0.2888 3.3087 7.0000 4.1348 0.0032 
30.9479 11.0000 2966.7916 0.3467 0.1226 -0.2971 3.2953 7.0000 5.5738 0.0042 
30.9697 11.0000 2975.9659 0.3475 0.1237 -0.2961 3.2961 7.0000 5.4896 0.0037 
30.9744 11.0000 2977.1926 0.3481 0.1238 -0.2976 3.3004 7.0000 2.9038 0.0042 
30.9900 11.0000 2981.6863 0.3476 0.1243 -0.2955 3.3023 8.0000 4.1821 0.0042 
30.9706 11.0000 2977.6017 0.3477 0.1237 -0.2946 3.3032 7.0000 4.0960 0.0042 
30.9619 11.0000 2974.3798 0.3479 0.1248 -0.2937 3.3009 7.0000 4.3527 0.0042 
30.9873 11.0000 2983.0445 0.3446 0.1230 -0.2947 3.3008 7.0000 4.2690 0.0042 
30.9615 11.0000 2972.8145 0.3487 0.1258 -0.2957 3.3045 7.0000 4.0343 0.0042 
30.9475 11.0000 2966.2845 0.3430 0.1237 -0.2929 3.2994 9.0000 4.1787 0.0042 
30.9871 11.0000 2983.9869 0.3462 0.1254 -0.2904 3.3026 7.0000 4.3094 0.0042 
30.9710 11.0000 2976.1950 0.3435 0.1215 -0.2923 3.2976 7.0000 4.0005 0.0042 
30.9575 11.0000 2972.4869 0.3447 0.1227 -0.2945 3.3043 7.0000 4.2704 0.0042 
