30.9003 11.0000 2951.9907 0.4042 0.1610 -0.2735 3.2621 7.0000 13.2558 0.0056 
30.9346 11.0000 2962.9367 0.4076 0.1612 -0.2804 3.2628 7.0000 12.4575 0.0060 
30.9253 11.0000 2958.3954 0.4060 0.1605 -0.2798 3.2652 7.0000 14.1725 0.0058 
30.8950 11.0000 2949.1723 0.4089 0.1643 -0.2731 3.2654 7.0000 14.2750 0.0056 
30.9134 11.0000 2958.6244 0.4065 0.1638 -0.2731 3.2649 7.0000 14.3465 0.0060 
30.9351 11.0000 2967.2309 0.4030 0.1603 -0.2742 3.2569 7.0000 11.8539 0.0060 
30.9178 11.0000 2956.7274 0.4108 0.1646 -0.2743 3.2691 7.0000 13.5091 0.0060 
30.8856 11.0000 2941.1256 0.4067 0.1619 -0.2818 3.2689 7.0000 11.9005 0.0060 
30.8961 11.0000 2949.2654 0.4033 0.1616 -0.2785 3.2541 7.0000 12.9829 0.0060 
30.9283 11.0000 2958.0971 0.4056 0.1621 -0.2770 3.2630 7.0000 14.1688 0.0060 
30.8870 11.0000 2944.5829 0.4075 0.1621 -0.2787 3.2626 7.0000 13.3811 0.0056 
30.9085 11.0000 2951.5873 0.4095 0.1631 -0.2793 3.2691 7.0000 1.5817 0.0064 
30.9024 11.0000 2951.4528 0.4096 0.1655 -0.2776 3.2803 6.0000 1.5855 0.0053 
30.9146 11.0000 2958.5999 0.4011 0.1617 -0.2726 3.2562 6.0000 2.1572 0.0059 
30.9006 11.0000 2952.8849 0.4027 0.1615 -0.2733 3.2690 7.0000 2.0619 0.0059 
30.9017 11.0000 2950.2021 0.4066 0.1649 -0.2716 3.2763 7.0000 2.2433 0.0053 
30.9171 11.0000 2953.6762 0.4099 0.1634 -0.2805 3.2716 7.0000 3.6288 0.0049 
30.9162 11.0000 2956.4998 0.4076 0.1628 -0.2777 3.2668 7.0000 3.1889 0.0054 
30.8735 11.0000 2940.9421 0.4056 0.1637 -0.2765 3.2746 7.0000 4.6123 0.0049 
30.9010 11.0000 2947.7000 0.4041 0.1593 -0.2829 3.2606 7.0000 5.0950 0.0066 
30.9199 11.0000 2957.7400 0.4077 0.1631 -0.2803 3.2651 7.0000 5.2069 0.0052 
30.8896 11.0000 2945.2535 0.4064 0.1609 -0.2817 3.2649 7.0000 4.9229 0.0052 
30.9220 11.0000 2960.7442 0.3997 0.1590 -0.2751 3.2674 7.0000 1.6273 0.0059 
30.9038 11.0000 2948.1165 0.4082 0.1637 -0.2781 3.2684 8.0000 2.7693 0.0056 
30.9031 11.0000 2950.8170 0.4095 0.1658 -0.2774 3.2592 7.0000 2.3747 0.0060 
30.9213 11.0000 2955.2397 0.4068 0.1633 -0.2777 3.2644 8.0000 2.5069 0.0060 
30.9197 11.0000 2957.5843 0.4038 0.1584 -0.2768 3.2698 8.0000 2.3285 0.0060 
30.8835 11.0000 2935.9547 0.4081 0.1622 -0.2813 3.2638 7.0000 2.3682 0.0042 
30.9349 11.0000 2964.7159 0.4045 0.1593 -0.2759 3.2642 7.0000 2.5060 0.0060 
30.9251 11.0000 2966.4739 0.4042 0.1618 -0.2718 3.2556 6.0000 2.4665 0.0056 
30.9239 11.0000 2956.9725 0.4064 0.1628 -0.2781 3.2685 7.0000 2.6603 0.0050 
30.9346 11.0000 2965.2684 0.4020 0.1621 -0.2725 3.2706 7.0000 2.7045 0.0060 
30.9052 11.0000 2951.8324 0.4030 0.1617 -0.2704 3.2651 7.0000 2.9916 0.0055 
30.9148 11.0000 2960.8618 0.4015 0.1623 -0.2711 3.2596 7.0000 1.6712 0.0060 
30.9001 11.0000 2949.4570 0.4049 0.1593 -0.2797 3.2581 7.0000 2.5074 0.0057 
30.9022 11.0000 2955.3170 0.4054 0.1632 -0.2743 3.2595 6.0000 2.7040 0.0063 
30.9528 11.0000 2969.3170 0.4076 0.1614 -0.2773 3.2602 7.0000 3.2478 0.0043 
30.9094 11.0000 2953.9246 0.4019 0.1642 -0.2700 3.2720 7.0000 2.8903 0.0050 
30.9162 11.0000 2957.2229 0.4084 0.1642 -0.2716 3.2592 8.0000 3.1214 0.0055 
30.9552 11.0000 2970.7425 0.4065 0.1611 -0.2793 3.2621 7.0000 1.7144 0.0062 
30.9139 11.0000 2955.3782 0.4013 0.1621 -0.2696 3.2668 7.0000 2.8182 0.0053 
30.9017 11.0000 2949.5966 0.4055 0.1628 -0.2727 3.2704 7.0000 2.6812 0.0053 
30.9307 11.0000 2962.0135 0.4090 0.1629 -0.2780 3.2699 7.0000 2.9163 0.0054 
30.9034 11.0000 2947.5114 0.4086 0.1609 -0.2839 3.2655 7.0000 2.3272 0.0060 
30.8945 11.0000 2945.7423 0.4064 0.1639 -0.2726 3.2763 8.0000 2.5052 0.0060 
30.9113 11.0000 2958.0735 0.4037 0.1595 -0.2810 3.2571 7.0000 1.6314 0.0053 
30.9176 11.0000 2957.5401 0.4011 0.1621 -0.2707 3.2593 6.0000 2.5046 0.0056 
30.8910 11.0000 2939.9963 0.4066 0.1604 -0.2849 3.2696 6.0000 1.8451 0.0061 
30.9304 11.0000 2963.9232 0.4046 0.1641 -0.2723 3.2673 7.0000 2.5087 0.0049 
30.9533 11.0000 2971.2404 0.4055 0.1643 -0.2700 3.2738 7.0000 2.4169 0.0058 
30.9234 11.0000 2958.9638 0.4058 0.1662 -0.2684 3.2763 7.0000 2.5956 0.0050 
30.9321 11.0000 2958.5675 0.4084 0.1616 -0.2807 3.2695 7.0000 3.1104 0.0060 
30.9209 11.0000 2956.6550 0.4011 0.1578 -0.2776 3.2650 7.0000 2.6382 0.0053 
30.9020 11.0000 2950.1746 0.4080 0.1616 -0.2827 3.2622 7.0000 2.6357 0.0053 
30.9139 11.0000 2956.0815 0.4099 0.1637 -0.2784 3.2610 7.0000 2.6410 0.0053 
30.8982 11.0000 2945.6111 0.4023 0.1591 -0.2760 3.2640 7.0000 2.7700 0.0053 
30.9241 11.0000 2960.2498 0.4035 0.1628 -0.2689 3.2622 7.0000 1.8492 0.0057 
30.9125 11.0000 2954.1092 0.4080 0.1630 -0.2775 3.2737 7.0000 2.5066 0.0053 
30.9342 11.0000 2962.1753 0.4066 0.1614 -0.2794 3.2592 6.0000 2.5105 0.0057 
30.9066 11.0000 2948.0549 0.4076 0.1657 -0.2739 3.2749 7.0000 2.5515 0.0047 
30.9325 11.0000 2959.1239 0.4086 0.1651 -0.2739 3.2701 7.0000 2.4938 0.0052 
30.9022 11.0000 2949.3392 0.4072 0.1642 -0.2762 3.2696 7.0000 2.5947 0.0051 
30.9241 11.0000 2958.3679 0.4119 0.1637 -0.2834 3.2725 6.0000 2.5930 0.0052 
30.9188 11.0000 2954.7012 0.4117 0.1676 -0.2736 3.2703 7.0000 2.5936 0.0052 
30.9230 11.0000 2960.5352 0.4049 0.1616 -0.2769 3.2645 7.0000 2.8165 0.0052 
30.9316 11.0000 2963.7873 0.4037 0.1611 -0.2745 3.2650 8.0000 2.8153 0.0056 
30.9101 11.0000 2956.1655 0.4046 0.1631 -0.2729 3.2649 7.0000 2.9041 0.0059 
30.9213 11.0000 2959.9260 0.4061 0.1636 -0.2742 3.2674 7.0000 1.7145 0.0053 
30.9094 11.0000 2951.0903 0.4061 0.1610 -0.2786 3.2671 6.0000 2.5503 0.0054 
30.9402 11.0000 2967.8158 0.4135 0.1649 -0.2785 3.2656 6.0000 2.5083 0.0060 
30.9267 11.0000 2962.8996 0.4063 0.1649 -0.2727 3.2686 7.0000 2.6381 0.0049 
30.9283 11.0000 2963.0380 0.4045 0.1609 -0.2785 3.2754 7.0000 2.5037 0.0044 
30.9239 11.0000 2961.3789 0.4071 0.1653 -0.2686 3.2626 7.0000 2.6411 0.0050 
30.9244 11.0000 2960.2673 0.4131 0.1689 -0.2724 3.2735 8.0000 1.7588 0.0051 
30.9265 11.0000 2959.0572 0.4072 0.1639 -0.2733 3.2678 7.0000 2.5073 0.0047 
30.9055 11.0000 2953.4760 0.4068 0.1640 -0.2751 3.2703 6.0000 2.8563 0.0072 
30.9134 11.0000 2955.3550 0.4057 0.1608 -0.2782 3.2629 7.0000 3.1893 0.0059 
30.9381 11.0000 2963.9416 0.4089 0.1618 -0.2782 3.2647 7.0000 2.8963 0.0049 
30.9197 11.0000 2954.8889 0.4081 0.1637 -0.2780 3.2687 7.0000 3.0369 0.0049 
30.9300 11.0000 2960.3618 0.4064 0.1636 -0.2741 3.2688 7.0000 1.7620 0.0056 
30.9017 11.0000 2948.6394 0.4021 0.1642 -0.2676 3.2605 7.0000 1.7163 0.0056 
30.9507 11.0000 2969.3541 0.4058 0.1634 -0.2732 3.2607 6.0000 2.4212 0.0053 
30.9344 11.0000 2959.6860 0.4096 0.1646 -0.2773 3.2707 7.0000 2.5511 0.0062 
30.9330 11.0000 2964.2972 0.4060 0.1606 -0.2839 3.2577 7.0000 2.5056 0.0049 
30.9423 11.0000 2966.4185 0.4047 0.1624 -0.2740 3.2596 7.0000 2.5967 0.0045 
30.8653 11.0000 2936.5644 0.4048 0.1640 -0.2736 3.2652 7.0000 2.5841 0.0058 
30.9052 11.0000 2953.6478 0.4047 0.1642 -0.2682 3.2644 7.0000 2.7258 0.0053 
30.9358 11.0000 2963.7372 0.4078 0.1630 -0.2761 3.2720 8.0000 2.7233 0.0045 
30.8889 11.0000 2948.9356 0.4088 0.1650 -0.2793 3.2663 6.0000 2.6410 0.0053 
30.9122 11.0000 2955.9575 0.4018 0.1616 -0.2762 3.2621 7.0000 2.7685 0.0053 
30.9148 11.0000 2957.3476 0.4124 0.1632 -0.2824 3.2688 7.0000 1.7594 0.0045 
30.9220 11.0000 2960.6011 0.4049 0.1622 -0.2731 3.2687 7.0000 2.6381 0.0053 
30.8950 11.0000 2949.3562 0.4037 0.1590 -0.2773 3.2633 7.0000 2.5086 0.0053 
30.9365 11.0000 2966.2687 0.4065 0.1635 -0.2752 3.2617 6.0000 2.6821 0.0053 
30.9475 11.0000 2967.6552 0.4048 0.1632 -0.2742 3.2658 7.0000 2.4638 0.0053 
30.9083 11.0000 2953.1433 0.4029 0.1636 -0.2706 3.2639 7.0000 2.6381 0.0053 
30.9216 11.0000 2955.4704 0.4099 0.1633 -0.2810 3.2656 7.0000 2.8119 0.0053 
30.9468 11.0000 2969.0971 0.3977 0.1593 -0.2688 3.2723 7.0000 2.5507 0.0053 
30.9232 11.0000 2961.5850 0.4005 0.1580 -0.2790 3.2591 7.0000 4.3978 0.0053 
30.8966 11.0000 2946.5371 0.4056 0.1612 -0.2805 3.2593 7.0000 3.4309 0.0053 
