30.9685 1.0000 2973.4522 0.2318 0.0712 -0.3007 3.2066 6.0000 24.3916 0.0040 
30.9671 1.0000 2973.2081 0.2273 0.0708 -0.2940 3.2106 7.0000 24.4787 0.0039 
30.9534 1.0000 2968.6967 0.2320 0.0705 -0.3017 3.2071 6.0000 23.0308 0.0031 
30.9675 1.0000 2974.9161 0.2289 0.0705 -0.2946 3.2090 7.0000 22.6763 0.0035 
30.9698 1.0000 2974.9933 0.2284 0.0709 -0.2949 3.2081 6.0000 23.2068 0.0038 
30.9620 1.0000 2968.2825 0.2318 0.0702 -0.3021 3.2083 6.0000 24.5286 0.0039 
30.9841 1.0000 2980.6944 0.2329 0.0708 -0.3005 3.2063 7.0000 22.5448 0.0035 
30.9614 1.0000 2971.0172 0.2329 0.0717 -0.3002 3.2087 7.0000 24.5685 0.0039 
30.9837 1.0000 2979.8495 0.2283 0.0707 -0.2949 3.2072 7.0000 22.6771 0.0039 
30.9598 1.0000 2969.3096 0.2322 0.0713 -0.3009 3.2086 7.0000 23.2491 0.0035 
30.9761 1.0000 2977.4683 0.2320 0.0717 -0.2988 3.2107 7.0000 24.5248 0.0038 
30.9700 1.0000 2974.6005 0.2300 0.0709 -0.2973 3.2083 6.0000 2.6802 0.0036 
30.9702 1.0000 2970.8229 0.2301 0.0701 -0.3005 3.2036 7.0000 3.7356 0.0034 
30.9767 1.0000 2977.3227 0.2292 0.0707 -0.2977 3.2054 6.0000 2.4655 0.0037 
30.9892 1.0000 2981.6959 0.2286 0.0700 -0.2980 3.2028 6.0000 4.9830 0.0034 
30.9575 1.0000 2969.5343 0.2271 0.0696 -0.2963 3.2112 7.0000 6.3073 0.0039 
30.9538 1.0000 2967.9050 0.2274 0.0704 -0.2954 3.2103 7.0000 7.4960 0.0039 
30.9667 1.0000 2973.8493 0.2276 0.0699 -0.2970 3.2053 6.0000 6.7235 0.0039 
30.9859 1.0000 2980.9297 0.2284 0.0695 -0.2981 3.2048 6.0000 5.8415 0.0042 
30.9606 1.0000 2970.8922 0.2276 0.0695 -0.2969 3.2051 6.0000 7.5109 0.0042 
30.9542 1.0000 2966.8576 0.2293 0.0696 -0.2995 3.2088 7.0000 7.3399 0.0039 
30.9798 1.0000 2977.6467 0.2258 0.0697 -0.2953 3.2074 7.0000 7.0341 0.0035 
30.9757 1.0000 2977.0449 0.2282 0.0705 -0.2962 3.2079 7.0000 2.8546 0.0037 
30.9824 1.0000 2978.9890 0.2272 0.0698 -0.2957 3.2065 7.0000 3.8693 0.0032 
30.9716 1.0000 2976.7745 0.2285 0.0697 -0.2979 3.2091 7.0000 3.8671 0.0043 
30.9653 1.0000 2972.0507 0.2294 0.0703 -0.2985 3.2061 7.0000 3.9151 0.0033 
30.9673 1.0000 2972.8162 0.2258 0.0700 -0.2940 3.2077 7.0000 3.7367 0.0043 
30.9786 1.0000 2978.4418 0.2285 0.0692 -0.3006 3.2052 7.0000 4.7987 0.0039 
30.9575 1.0000 2970.1524 0.2275 0.0704 -0.2964 3.2086 6.0000 6.3938 0.0040 
30.9506 1.0000 2965.7310 0.2301 0.0707 -0.2976 3.2069 6.0000 7.2370 0.0040 
30.9726 1.0000 2975.0045 0.2290 0.0693 -0.3005 3.2026 6.0000 6.6660 0.0039 
30.9747 1.0000 2974.8942 0.2304 0.0709 -0.3001 3.2088 6.0000 5.8761 0.0043 
30.9708 1.0000 2972.4240 0.2273 0.0705 -0.2959 3.2119 7.0000 5.5806 0.0044 
30.9871 1.0000 2981.0688 0.2298 0.0703 -0.2991 3.2091 7.0000 4.0019 0.0037 
30.9534 1.0000 2965.5507 0.2297 0.0695 -0.3005 3.2045 7.0000 3.9133 0.0039 
30.9841 1.0000 2980.7676 0.2297 0.0697 -0.2996 3.2053 7.0000 3.9903 0.0039 
30.9667 1.0000 2973.2098 0.2269 0.0705 -0.2946 3.2123 7.0000 4.0499 0.0036 
30.9545 1.0000 2969.3772 0.2279 0.0716 -0.2933 3.2123 7.0000 3.7829 0.0032 
30.9659 1.0000 2973.5027 0.2280 0.0695 -0.2978 3.2084 7.0000 4.5245 0.0033 
30.9624 1.0000 2968.8478 0.2277 0.0697 -0.2974 3.2071 6.0000 5.5210 0.0033 
30.9618 1.0000 2971.3082 0.2280 0.0701 -0.2969 3.2069 7.0000 7.2676 0.0039 
30.9502 1.0000 2963.5588 0.2328 0.0701 -0.3038 3.2057 7.0000 8.4881 0.0036 
30.9679 1.0000 2974.4671 0.2282 0.0702 -0.2956 3.2106 7.0000 7.8703 0.0038 
30.9726 1.0000 2976.3554 0.2296 0.0696 -0.3006 3.2048 6.0000 2.7222 0.0033 
30.9655 1.0000 2972.1693 0.2276 0.0701 -0.2953 3.2096 7.0000 3.9166 0.0042 
30.9673 1.0000 2973.1846 0.2271 0.0693 -0.2969 3.2069 6.0000 3.9162 0.0039 
30.9763 1.0000 2976.6640 0.2300 0.0698 -0.2986 3.2061 8.0000 5.7612 0.0040 
30.9739 1.0000 2975.0067 0.2305 0.0710 -0.2996 3.2074 7.0000 4.4421 0.0040 
30.9877 1.0000 2980.9982 0.2266 0.0696 -0.2956 3.2044 7.0000 4.2661 0.0042 
30.9833 1.0000 2979.2788 0.2280 0.0696 -0.2970 3.2059 6.0000 3.8722 0.0040 
30.9747 1.0000 2976.7116 0.2288 0.0699 -0.2973 3.2067 7.0000 7.4007 0.0037 
30.9688 1.0000 2973.2751 0.2294 0.0706 -0.2979 3.2080 6.0000 8.7671 0.0037 
30.9677 1.0000 2972.9479 0.2270 0.0696 -0.2955 3.2112 7.0000 7.8416 0.0043 
30.9563 1.0000 2968.5390 0.2295 0.0705 -0.2983 3.2079 7.0000 5.9500 0.0037 
30.9867 1.0000 2980.8339 0.2297 0.0705 -0.2985 3.2079 7.0000 4.3821 0.0040 
30.9626 1.0000 2970.0441 0.2295 0.0704 -0.2982 3.2056 7.0000 3.9182 0.0043 
30.9673 1.0000 2972.1230 0.2286 0.0698 -0.2981 3.2084 7.0000 3.8585 0.0044 
30.9622 1.0000 2969.6981 0.2274 0.0698 -0.2964 3.2104 7.0000 3.9567 0.0039 
30.9579 1.0000 2970.0592 0.2280 0.0698 -0.2972 3.2038 7.0000 4.0444 0.0041 
30.9536 1.0000 2966.1765 0.2302 0.0702 -0.3016 3.2096 7.0000 4.3083 0.0039 
30.9708 1.0000 2974.7478 0.2281 0.0707 -0.2973 3.2126 7.0000 3.8556 0.0039 
30.9618 1.0000 2970.9863 0.2271 0.0694 -0.2959 3.2082 7.0000 2.9899 0.0043 
30.9636 1.0000 2972.2772 0.2281 0.0691 -0.2983 3.2036 7.0000 3.9497 0.0035 
30.9712 1.0000 2973.2937 0.2302 0.0705 -0.2981 3.2048 7.0000 3.9031 0.0038 
30.9592 1.0000 2970.0110 0.2290 0.0702 -0.2982 3.2108 7.0000 5.0316 0.0040 
30.9522 1.0000 2967.5259 0.2282 0.0704 -0.2971 3.2076 6.0000 4.4734 0.0036 
30.9502 1.0000 2968.6275 0.2269 0.0705 -0.2950 3.2085 8.0000 3.5029 0.0042 
30.9653 1.0000 2971.8871 0.2286 0.0698 -0.2981 3.2077 6.0000 2.9430 0.0039 
30.9598 1.0000 2971.0701 0.2299 0.0707 -0.2965 3.2098 7.0000 3.8253 0.0037 
30.9653 1.0000 2971.5257 0.2282 0.0707 -0.2975 3.2085 7.0000 4.0901 0.0041 
30.9669 1.0000 2973.2426 0.2260 0.0703 -0.2930 3.2086 6.0000 5.2276 0.0039 
30.9534 1.0000 2967.2224 0.2326 0.0712 -0.3032 3.2104 7.0000 5.5801 0.0041 
30.9741 1.0000 2974.4563 0.2294 0.0698 -0.2995 3.2025 7.0000 3.9129 0.0030 
30.9771 1.0000 2977.1460 0.2289 0.0700 -0.2983 3.2080 6.0000 4.0856 0.0046 
30.9681 1.0000 2972.0735 0.2305 0.0709 -0.3000 3.2061 7.0000 4.0011 0.0038 
30.9630 1.0000 2971.0315 0.2309 0.0704 -0.2989 3.2092 6.0000 4.0443 0.0042 
30.9649 1.0000 2973.0768 0.2289 0.0705 -0.2975 3.2069 7.0000 3.9997 0.0039 
30.9567 1.0000 2967.2788 0.2300 0.0705 -0.2978 3.2078 6.0000 3.9109 0.0041 
30.9728 1.0000 2975.6959 0.2283 0.0699 -0.2965 3.2076 7.0000 3.9570 0.0033 
30.9673 1.0000 2971.0997 0.2290 0.0706 -0.2990 3.2073 7.0000 3.9176 0.0040 
30.9589 1.0000 2970.3578 0.2270 0.0705 -0.2953 3.2066 7.0000 2.8479 0.0040 
30.9922 1.0000 2984.0823 0.2274 0.0705 -0.2960 3.2078 7.0000 4.0346 0.0038 
30.9598 1.0000 2969.2361 0.2317 0.0702 -0.3032 3.2097 7.0000 3.8720 0.0039 
30.9442 1.0000 2964.0053 0.2314 0.0703 -0.3022 3.2047 7.0000 4.5170 0.0046 
30.9704 1.0000 2974.6663 0.2306 0.0704 -0.2992 3.2065 6.0000 4.0401 0.0043 
30.9579 1.0000 2970.0468 0.2315 0.0707 -0.3006 3.2084 7.0000 3.9887 0.0036 
30.9663 1.0000 2972.3660 0.2290 0.0693 -0.3003 3.2067 7.0000 4.0895 0.0038 
30.9602 1.0000 2970.6093 0.2280 0.0700 -0.2960 3.2074 7.0000 4.0887 0.0038 
30.9839 1.0000 2978.9371 0.2297 0.0702 -0.2983 3.2092 6.0000 3.9578 0.0043 
30.9632 1.0000 2971.1618 0.2271 0.0705 -0.2947 3.2061 7.0000 4.0020 0.0039 
30.9863 1.0000 2981.5202 0.2287 0.0696 -0.2977 3.2055 7.0000 6.8520 0.0039 
30.9545 1.0000 2968.6132 0.2294 0.0706 -0.2980 3.2110 7.0000 7.0282 0.0039 
30.9683 1.0000 2973.8856 0.2269 0.0698 -0.2944 3.2088 7.0000 3.0821 0.0039 
30.9661 1.0000 2970.5294 0.2316 0.0709 -0.3011 3.2075 7.0000 4.0369 0.0039 
30.9453 1.0000 2963.4806 0.2295 0.0710 -0.2994 3.2077 7.0000 3.9150 0.0039 
30.9765 1.0000 2976.3348 0.2313 0.0712 -0.3001 3.2080 7.0000 4.5290 0.0039 
30.9683 1.0000 2973.3619 0.2269 0.0700 -0.2971 3.2064 7.0000 4.0484 0.0039 
30.9679 1.0000 2972.4849 0.2307 0.0710 -0.2993 3.2066 6.0000 4.4431 0.0039 
30.9522 1.0000 2964.9485 0.2272 0.0692 -0.2993 3.2054 8.0000 4.2073 0.0039 
30.9659 1.0000 2973.0566 0.2301 0.0703 -0.2996 3.2073 7.0000 3.9609 0.0039 
