30.9867 11.0000 2984.8938 0.3927 0.1470 -0.2819 3.3262 7.0000 18.5347 0.0043 
30.9535 11.0000 2972.0779 0.3970 0.1507 -0.2803 3.3331 7.0000 23.1910 0.0039 
30.9722 11.0000 2978.6993 0.3958 0.1522 -0.2787 3.3292 7.0000 22.4870 0.0042 
30.9559 11.0000 2972.2939 0.3943 0.1500 -0.2788 3.3281 8.0000 23.1889 0.0031 
30.9610 11.0000 2974.3275 0.3962 0.1522 -0.2765 3.3326 7.0000 20.1146 0.0041 
31.0047 11.0000 2989.2912 0.3886 0.1473 -0.2790 3.3248 7.0000 22.8375 0.0041 
30.9673 11.0000 2975.8715 0.3953 0.1519 -0.2814 3.3311 7.0000 22.8430 0.0041 
30.9708 11.0000 2973.8909 0.3973 0.1540 -0.2776 3.3300 7.0000 20.4230 0.0041 
30.9655 11.0000 2973.7253 0.3959 0.1496 -0.2866 3.3260 7.0000 20.8620 0.0041 
30.9720 11.0000 2978.2698 0.3928 0.1512 -0.2817 3.3354 7.0000 20.6444 0.0040 
30.9746 11.0000 2978.5775 0.3936 0.1506 -0.2765 3.3283 7.0000 22.9260 0.0040 
30.9653 11.0000 2973.6298 0.3942 0.1494 -0.2760 3.3265 7.0000 2.6388 0.0034 
30.9641 11.0000 2971.9119 0.3974 0.1502 -0.2836 3.3304 7.0000 2.5558 0.0042 
30.9893 11.0000 2986.2249 0.3972 0.1534 -0.2772 3.3394 7.0000 3.7355 0.0036 
30.9613 11.0000 2974.0721 0.3947 0.1517 -0.2785 3.3297 7.0000 3.5469 0.0044 
30.9611 11.0000 2972.3342 0.3947 0.1551 -0.2761 3.3352 7.0000 3.1998 0.0037 
30.9566 11.0000 2971.5470 0.3961 0.1550 -0.2711 3.3319 8.0000 3.4297 0.0029 
30.9593 11.0000 2973.0753 0.3928 0.1503 -0.2768 3.3267 7.0000 3.6074 0.0046 
30.9779 11.0000 2980.7603 0.3945 0.1515 -0.2795 3.3300 7.0000 5.0023 0.0045 
30.9809 11.0000 2982.8299 0.3934 0.1516 -0.2757 3.3318 8.0000 6.8438 0.0039 
30.9691 11.0000 2978.8785 0.3918 0.1500 -0.2737 3.3235 7.0000 6.7858 0.0039 
30.9826 11.0000 2979.8629 0.3941 0.1494 -0.2821 3.3312 7.0000 6.3936 0.0036 
30.9512 11.0000 2969.4546 0.3931 0.1476 -0.2812 3.3226 8.0000 2.6378 0.0046 
30.9568 11.0000 2970.9355 0.3960 0.1516 -0.2791 3.3247 7.0000 3.8344 0.0036 
30.9760 11.0000 2978.2422 0.3994 0.1532 -0.2817 3.3313 7.0000 2.5959 0.0034 
30.9735 11.0000 2976.3497 0.3970 0.1501 -0.2837 3.3326 8.0000 3.8262 0.0035 
30.9978 11.0000 2990.6816 0.3951 0.1516 -0.2799 3.3297 7.0000 3.8112 0.0034 
30.9428 11.0000 2967.5782 0.3875 0.1502 -0.2723 3.3306 8.0000 2.6416 0.0040 
30.9737 11.0000 2978.2554 0.3949 0.1511 -0.2798 3.3302 7.0000 3.6866 0.0044 
30.9463 11.0000 2965.3624 0.3953 0.1498 -0.2822 3.3296 7.0000 3.8082 0.0043 
30.9651 11.0000 2970.8364 0.3969 0.1516 -0.2822 3.3334 7.0000 3.7417 0.0040 
30.9528 11.0000 2969.4450 0.3978 0.1498 -0.2852 3.3324 7.0000 4.5344 0.0035 
30.9428 11.0000 2963.7117 0.3930 0.1496 -0.2808 3.3306 7.0000 4.7062 0.0036 
30.9818 11.0000 2980.8063 0.3940 0.1507 -0.2794 3.3197 7.0000 3.8735 0.0039 
30.9762 11.0000 2978.0243 0.3970 0.1529 -0.2772 3.3313 7.0000 2.6409 0.0032 
30.9808 11.0000 2981.3687 0.3934 0.1511 -0.2791 3.3315 7.0000 3.8346 0.0037 
30.9788 11.0000 2979.9849 0.3959 0.1501 -0.2779 3.3278 7.0000 3.9389 0.0045 
30.9633 11.0000 2972.2179 0.3959 0.1511 -0.2802 3.3301 8.0000 3.9664 0.0034 
30.9503 11.0000 2968.6596 0.3926 0.1525 -0.2752 3.3301 7.0000 2.6932 0.0045 
30.9521 11.0000 2968.4655 0.3939 0.1532 -0.2741 3.3331 7.0000 3.9161 0.0041 
30.9628 11.0000 2972.6772 0.3923 0.1507 -0.2770 3.3335 7.0000 3.8806 0.0043 
30.9755 11.0000 2980.9561 0.3891 0.1506 -0.2676 3.3299 8.0000 4.4427 0.0039 
30.9797 11.0000 2980.9631 0.3972 0.1531 -0.2806 3.3264 7.0000 3.8271 0.0039 
30.9644 11.0000 2974.9486 0.3964 0.1506 -0.2788 3.3348 8.0000 3.9036 0.0045 
30.9862 11.0000 2982.5565 0.3962 0.1545 -0.2738 3.3283 7.0000 2.6814 0.0035 
30.9719 11.0000 2977.2188 0.3944 0.1507 -0.2821 3.3285 7.0000 3.9583 0.0044 
30.9484 11.0000 2967.2702 0.3940 0.1521 -0.2773 3.3355 7.0000 3.8843 0.0039 
30.9461 11.0000 2966.5530 0.3966 0.1515 -0.2842 3.3327 7.0000 3.9078 0.0041 
30.9804 11.0000 2982.9081 0.3952 0.1493 -0.2818 3.3307 7.0000 3.7164 0.0044 
30.9602 11.0000 2974.9686 0.3886 0.1484 -0.2787 3.3321 7.0000 2.6371 0.0035 
30.9542 11.0000 2971.4655 0.3930 0.1532 -0.2729 3.3358 7.0000 2.6420 0.0036 
30.9655 11.0000 2975.1870 0.3962 0.1510 -0.2797 3.3312 7.0000 3.2400 0.0042 
30.9595 11.0000 2972.4686 0.3943 0.1524 -0.2770 3.3326 8.0000 4.9504 0.0033 
30.9477 11.0000 2965.9777 0.3911 0.1522 -0.2732 3.3377 9.0000 3.8719 0.0039 
30.9771 11.0000 2979.2890 0.3907 0.1502 -0.2743 3.3293 7.0000 3.8266 0.0041 
30.9515 11.0000 2968.4016 0.3896 0.1480 -0.2798 3.3323 7.0000 2.7267 0.0036 
30.9501 11.0000 2969.1068 0.3909 0.1522 -0.2726 3.3321 7.0000 3.9467 0.0040 
30.9644 11.0000 2975.2858 0.3926 0.1515 -0.2764 3.3311 7.0000 2.6845 0.0035 
30.9608 11.0000 2972.9045 0.3895 0.1490 -0.2773 3.3305 7.0000 3.9401 0.0049 
30.9782 11.0000 2980.1086 0.3938 0.1503 -0.2781 3.3317 7.0000 3.8859 0.0038 
30.9739 11.0000 2979.2836 0.3924 0.1497 -0.2758 3.3263 7.0000 2.7213 0.0038 
30.9561 11.0000 2971.2758 0.3959 0.1519 -0.2824 3.3286 7.0000 2.7243 0.0038 
30.9664 11.0000 2973.6981 0.3932 0.1510 -0.2778 3.3292 7.0000 4.0007 0.0045 
30.9829 11.0000 2983.6950 0.3958 0.1478 -0.2858 3.3253 7.0000 3.8749 0.0037 
30.9590 11.0000 2972.3235 0.3923 0.1528 -0.2766 3.3250 7.0000 4.6609 0.0036 
30.9737 11.0000 2978.6409 0.3940 0.1508 -0.2790 3.3300 7.0000 3.8682 0.0045 
30.9699 11.0000 2974.2113 0.3968 0.1512 -0.2818 3.3279 7.0000 2.6847 0.0038 
30.9631 11.0000 2974.8909 0.3961 0.1513 -0.2791 3.3218 8.0000 2.7262 0.0042 
30.9789 11.0000 2980.1051 0.3986 0.1514 -0.2846 3.3332 7.0000 3.9551 0.0036 
30.9339 11.0000 2961.4940 0.3940 0.1495 -0.2867 3.3282 7.0000 3.8314 0.0034 
30.9699 11.0000 2979.3751 0.3983 0.1540 -0.2796 3.3399 7.0000 3.8491 0.0040 
30.9535 11.0000 2970.9434 0.3986 0.1528 -0.2803 3.3301 7.0000 4.5107 0.0042 
30.9481 11.0000 2966.0287 0.3964 0.1523 -0.2768 3.3311 7.0000 4.8247 0.0042 
30.9729 11.0000 2979.0073 0.3958 0.1516 -0.2789 3.3285 7.0000 4.0015 0.0035 
30.9751 11.0000 2978.0930 0.3940 0.1503 -0.2796 3.3357 7.0000 4.0896 0.0042 
30.9461 11.0000 2966.8731 0.3969 0.1530 -0.2818 3.3315 7.0000 4.4857 0.0035 
30.9690 11.0000 2975.5576 0.3961 0.1543 -0.2769 3.3301 7.0000 3.8629 0.0040 
30.9570 11.0000 2974.9782 0.3914 0.1528 -0.2694 3.3305 7.0000 3.8691 0.0039 
30.9757 11.0000 2978.8101 0.3897 0.1483 -0.2768 3.3166 7.0000 2.7245 0.0038 
30.9818 11.0000 2982.4686 0.3937 0.1528 -0.2773 3.3336 9.0000 3.9492 0.0032 
30.9635 11.0000 2974.1906 0.3936 0.1525 -0.2775 3.3325 8.0000 3.9612 0.0033 
30.9570 11.0000 2970.2905 0.3944 0.1517 -0.2774 3.3274 7.0000 3.9586 0.0039 
30.9729 11.0000 2978.3201 0.3960 0.1529 -0.2769 3.3313 7.0000 4.3551 0.0035 
30.9566 11.0000 2971.5381 0.3934 0.1488 -0.2837 3.3248 7.0000 4.5978 0.0040 
30.9769 11.0000 2978.3871 0.3944 0.1492 -0.2825 3.3167 7.0000 3.8724 0.0045 
30.9646 11.0000 2972.5931 0.3960 0.1544 -0.2777 3.3325 8.0000 6.6488 0.0036 
30.9690 11.0000 2977.3381 0.3990 0.1511 -0.2862 3.3343 7.0000 6.6211 0.0036 
30.9633 11.0000 2973.7170 0.3945 0.1533 -0.2749 3.3334 9.0000 2.7730 0.0042 
30.9646 11.0000 2973.1614 0.3966 0.1501 -0.2838 3.3279 7.0000 3.9152 0.0042 
30.9882 11.0000 2982.6679 0.3880 0.1493 -0.2748 3.3318 7.0000 4.0464 0.0037 
30.9851 11.0000 2983.0294 0.3931 0.1514 -0.2709 3.3255 8.0000 4.0777 0.0037 
30.9671 11.0000 2974.9877 0.3944 0.1485 -0.2811 3.3261 7.0000 3.9499 0.0037 
30.9621 11.0000 2974.6489 0.3927 0.1537 -0.2713 3.3382 7.0000 3.9965 0.0037 
30.9795 11.0000 2980.5525 0.3924 0.1521 -0.2736 3.3321 7.0000 4.0446 0.0037 
30.9483 11.0000 2964.2347 0.3963 0.1504 -0.2852 3.3286 7.0000 2.8084 0.0037 
30.9759 11.0000 2980.2741 0.3951 0.1501 -0.2783 3.3325 7.0000 2.7687 0.0037 
30.9555 11.0000 2969.7767 0.3936 0.1512 -0.2766 3.3261 7.0000 6.6351 0.0037 
30.9579 11.0000 2971.2398 0.3926 0.1503 -0.2797 3.3255 7.0000 6.5958 0.0037 
30.9648 11.0000 2973.3524 0.3963 0.1522 -0.2798 3.3305 8.0000 6.5589 0.0037 
30.9722 11.0000 2979.1325 0.3947 0.1534 -0.2736 3.3281 7.0000 6.6065 0.0037 
