30.6475 1.0000 2831.4130 0.3673 0.1567 -0.2916 3.0774 6.0000 5.3864 0.0122 
30.6887 1.0000 2853.6609 0.3681 0.1558 -0.2984 3.0653 6.0000 5.3819 0.0122 
30.6671 1.0000 2863.5192 0.3670 0.1549 -0.2933 3.0674 6.0000 4.1051 0.0122 
30.7026 1.0000 2850.3145 0.3688 0.1550 -0.2952 3.0677 6.0000 5.4221 0.0122 
30.7855 1.0000 2893.7635 0.3620 0.1540 -0.2846 3.0708 6.0000 4.9840 0.0122 
30.8007 1.0000 2898.1381 0.3656 0.1537 -0.2894 3.0695 6.0000 5.3818 0.0133 
30.6736 1.0000 2846.8725 0.3644 0.1563 -0.2882 3.0657 6.0000 5.1202 0.0125 
30.6475 1.0000 2832.9587 0.3657 0.1558 -0.2975 3.0680 6.0000 5.0311 0.0127 
30.7802 1.0000 2894.1863 0.3658 0.1565 -0.2840 3.0714 6.0000 5.2930 0.0119 
30.6683 1.0000 2844.5139 0.3608 0.1527 -0.2888 3.0713 7.0000 5.0740 0.0120 
30.8117 1.0000 2910.6279 0.3681 0.1571 -0.2847 3.0622 6.0000 4.1517 0.0122 
30.7177 1.0000 2857.6356 0.3691 0.1567 -0.2947 3.0824 6.0000 0.6119 0.0105 
30.7202 1.0000 2867.8644 0.3656 0.1543 -0.2970 3.0639 6.0000 0.8801 0.0115 
30.6781 1.0000 2847.1699 0.3719 0.1564 -0.2990 3.0794 6.0000 0.8802 0.0131 
30.6953 1.0000 2851.7145 0.3633 0.1561 -0.2837 3.0756 6.0000 0.8792 0.0151 
30.7112 1.0000 2876.7917 0.3749 0.1548 -0.3034 3.0692 6.0000 0.8319 0.0130 
30.6270 1.0000 2822.8407 0.3619 0.1551 -0.2890 3.0813 6.0000 1.9113 0.0116 
30.6949 1.0000 2866.8431 0.3673 0.1554 -0.2897 3.0835 6.0000 2.2023 0.0112 
30.7667 1.0000 2887.9583 0.3700 0.1556 -0.2931 3.0707 6.0000 2.1195 0.0112 
30.7390 1.0000 2864.3460 0.3664 0.1577 -0.2876 3.0716 6.0000 2.1636 0.0119 
30.7141 1.0000 2857.7851 0.3610 0.1533 -0.2889 3.0743 6.0000 2.2256 0.0119 
30.7643 1.0000 2902.2835 0.3678 0.1531 -0.2910 3.0668 5.0000 2.0664 0.0104 
30.6846 1.0000 2840.8435 0.3682 0.1567 -0.2952 3.0840 6.0000 0.9235 0.0110 
30.7345 1.0000 2879.3860 0.3687 0.1548 -0.2902 3.0804 6.0000 0.8392 0.0110 
30.7292 1.0000 2873.5478 0.3703 0.1575 -0.2891 3.0679 5.0000 0.9255 0.0122 
30.6242 1.0000 2823.1781 0.3666 0.1580 -0.2920 3.0742 6.0000 0.6171 0.0118 
30.6887 1.0000 2848.3484 0.3774 0.1595 -0.3028 3.0730 6.0000 0.8803 0.0104 
30.7667 1.0000 2890.6336 0.3698 0.1573 -0.2932 3.0680 6.0000 0.8356 0.0104 
30.7410 1.0000 2880.0478 0.3619 0.1569 -0.2779 3.0766 6.0000 0.9260 0.0151 
30.7222 1.0000 2873.0278 0.3606 0.1537 -0.2855 3.0774 5.0000 0.8276 0.0126 
30.6863 1.0000 2854.9477 0.3793 0.1589 -0.3054 3.0773 5.0000 1.0308 0.0126 
30.7132 1.0000 2863.0331 0.3678 0.1546 -0.2990 3.0647 6.0000 0.9876 0.0126 
30.7484 1.0000 2875.0927 0.3687 0.1567 -0.2912 3.0732 6.0000 1.0004 0.0126 
30.7243 1.0000 2865.7439 0.3658 0.1537 -0.2938 3.0765 6.0000 0.9193 0.0109 
30.7480 1.0000 2897.8276 0.3627 0.1508 -0.2875 3.0696 6.0000 0.6169 0.0126 
30.7116 1.0000 2861.4894 0.3686 0.1532 -0.3025 3.0645 6.0000 0.8704 0.0130 
30.7667 1.0000 2900.5801 0.3650 0.1535 -0.2906 3.0672 6.0000 0.8788 0.0126 
30.7006 1.0000 2855.3423 0.3695 0.1557 -0.2984 3.0738 6.0000 0.9669 0.0119 
30.6250 1.0000 2819.8962 0.3653 0.1528 -0.2999 3.0730 6.0000 0.9631 0.0112 
30.6993 1.0000 2863.3178 0.3736 0.1572 -0.2990 3.0721 6.0000 1.0110 0.0130 
30.6679 1.0000 2835.3060 0.3618 0.1536 -0.2928 3.0824 6.0000 1.1692 0.0146 
30.6904 1.0000 2866.4665 0.3729 0.1566 -0.2970 3.0773 7.0000 1.4809 0.0130 
30.7357 1.0000 2876.7300 0.3607 0.1534 -0.2857 3.0731 6.0000 1.4046 0.0124 
30.7006 1.0000 2867.6581 0.3694 0.1532 -0.3019 3.0681 6.0000 1.2788 0.0124 
30.7512 1.0000 2881.8060 0.3697 0.1556 -0.2895 3.0722 6.0000 0.9250 0.0085 
30.7214 1.0000 2873.3676 0.3655 0.1547 -0.2888 3.0671 5.0000 0.9240 0.0107 
30.6875 1.0000 2855.3076 0.3692 0.1536 -0.2990 3.0661 6.0000 0.6152 0.0107 
30.6998 1.0000 2857.6013 0.3732 0.1584 -0.2945 3.0795 6.0000 0.8775 0.0111 
30.7418 1.0000 2880.2406 0.3707 0.1547 -0.3026 3.0674 6.0000 0.9660 0.0106 
30.6401 1.0000 2837.5948 0.3604 0.1545 -0.2912 3.0754 6.0000 0.9160 0.0101 
30.6891 1.0000 2851.1577 0.3750 0.1592 -0.3008 3.0787 6.0000 0.6576 0.0119 
30.7582 1.0000 2886.0551 0.3726 0.1575 -0.2951 3.0773 6.0000 1.6739 0.0125 
30.7067 1.0000 2874.1001 0.3675 0.1567 -0.2843 3.0664 6.0000 1.6728 0.0125 
30.8215 1.0000 2912.3497 0.3726 0.1572 -0.2919 3.0651 6.0000 0.9485 0.0113 
30.8256 1.0000 2928.5400 0.3577 0.1497 -0.2791 3.0536 6.0000 1.0021 0.0125 
30.7578 1.0000 2891.8787 0.3670 0.1544 -0.2913 3.0817 6.0000 0.9239 0.0124 
30.7459 1.0000 2889.2377 0.3667 0.1583 -0.2855 3.0777 6.0000 1.4920 0.0129 
30.7823 1.0000 2896.4134 0.3679 0.1561 -0.2936 3.0757 6.0000 1.0809 0.0129 
30.7770 1.0000 2888.2790 0.3693 0.1583 -0.2906 3.0731 6.0000 0.8850 0.0107 
30.7598 1.0000 2889.6238 0.3673 0.1564 -0.2880 3.0711 6.0000 0.8303 0.0155 
30.7386 1.0000 2883.6438 0.3693 0.1572 -0.2908 3.0646 6.0000 0.9528 0.0123 
30.7214 1.0000 2871.1998 0.3665 0.1583 -0.2829 3.0754 6.0000 0.9673 0.0125 
30.7038 1.0000 2868.8754 0.3683 0.1547 -0.2932 3.0658 5.0000 1.0583 0.0125 
30.7271 1.0000 2872.6336 0.3620 0.1532 -0.2896 3.0740 6.0000 1.1226 0.0125 
30.7373 1.0000 2864.9632 0.3663 0.1560 -0.2926 3.0772 6.0000 1.4444 0.0125 
30.7071 1.0000 2856.4473 0.3697 0.1544 -0.2967 3.0716 6.0000 1.4036 0.0111 
30.6900 1.0000 2844.9898 0.3696 0.1575 -0.2919 3.0772 6.0000 0.9262 0.0117 
30.7435 1.0000 2887.0143 0.3715 0.1572 -0.2940 3.0669 6.0000 1.0826 0.0106 
30.6107 1.0000 2830.0899 0.3619 0.1539 -0.2859 3.0708 6.0000 0.9650 0.0106 
30.7565 1.0000 2895.1017 0.3649 0.1546 -0.2912 3.0753 6.0000 0.9655 0.0111 
30.7096 1.0000 2853.0074 0.3694 0.1576 -0.2924 3.0790 6.0000 0.6591 0.0109 
30.7014 1.0000 2859.3578 0.3705 0.1579 -0.2912 3.0687 6.0000 1.0094 0.0110 
30.7255 1.0000 2879.7222 0.3628 0.1526 -0.2869 3.0681 7.0000 1.2329 0.0110 
30.7034 1.0000 2861.2945 0.3702 0.1561 -0.2948 3.0681 6.0000 1.2300 0.0118 
30.7447 1.0000 2877.7847 0.3704 0.1570 -0.2925 3.0809 6.0000 1.0071 0.0124 
30.7165 1.0000 2873.3027 0.3633 0.1561 -0.2848 3.0724 6.0000 1.9209 0.0124 
30.7271 1.0000 2863.3938 0.3651 0.1569 -0.2911 3.0698 6.0000 1.7157 0.0124 
30.7451 1.0000 2896.0956 0.3609 0.1536 -0.2821 3.0740 6.0000 0.9235 0.0123 
30.7508 1.0000 2893.9416 0.3616 0.1534 -0.2834 3.0747 6.0000 0.6595 0.0137 
30.7598 1.0000 2874.4788 0.3587 0.1532 -0.2821 3.0627 6.0000 0.9233 0.0127 
30.7357 1.0000 2890.1565 0.3649 0.1556 -0.2899 3.0661 6.0000 0.9678 0.0118 
30.7471 1.0000 2881.4363 0.3643 0.1552 -0.2866 3.0745 6.0000 0.9241 0.0118 
30.7488 1.0000 2875.0976 0.3738 0.1529 -0.3072 3.0711 6.0000 0.9217 0.0110 
30.7251 1.0000 2889.7435 0.3618 0.1514 -0.2863 3.0597 6.0000 1.0112 0.0104 
30.7071 1.0000 2858.8276 0.3687 0.1540 -0.2985 3.0668 6.0000 0.9555 0.0133 
30.6977 1.0000 2869.6752 0.3665 0.1537 -0.2912 3.0730 6.0000 1.5141 0.0144 
30.7794 1.0000 2911.5490 0.3725 0.1558 -0.2954 3.0727 6.0000 1.5844 0.0135 
30.6654 1.0000 2844.5944 0.3702 0.1567 -0.2971 3.0752 6.0000 1.0967 0.0135 
30.7087 1.0000 2871.2712 0.3653 0.1532 -0.2937 3.0675 5.0000 0.9669 0.0105 
30.6977 1.0000 2841.9469 0.3729 0.1611 -0.2950 3.0766 7.0000 1.0096 0.0125 
30.7251 1.0000 2886.0404 0.3728 0.1606 -0.2867 3.0778 6.0000 0.9239 0.0125 
30.7639 1.0000 2884.9661 0.3672 0.1560 -0.2898 3.0674 7.0000 1.0553 0.0125 
30.7488 1.0000 2887.9988 0.3631 0.1531 -0.2893 3.0669 6.0000 0.9656 0.0125 
30.7643 1.0000 2895.3170 0.3669 0.1545 -0.2938 3.0660 6.0000 0.9661 0.0125 
30.6454 1.0000 2832.9375 0.3693 0.1586 -0.2860 3.0783 6.0000 1.0091 0.0125 
30.7659 1.0000 2879.8129 0.3713 0.1590 -0.2972 3.0869 6.0000 0.6621 0.0125 
30.6793 1.0000 2859.4142 0.3616 0.1526 -0.2906 3.0707 6.0000 0.9671 0.0125 
30.6724 1.0000 2860.2868 0.3615 0.1523 -0.2835 3.0723 6.0000 1.0535 0.0125 
30.7672 1.0000 2888.9612 0.3650 0.1553 -0.2900 3.0718 6.0000 1.2306 0.0125 
30.7030 1.0000 2848.2578 0.3669 0.1546 -0.2931 3.0717 6.0000 1.2730 0.0125 
