30.9817 11.0000 2980.6091 0.2975 0.0977 -0.3065 3.2685 7.0000 27.0968 0.0025 
30.9737 11.0000 2976.7812 0.2982 0.1002 -0.3010 3.2780 7.0000 27.0622 0.0036 
30.9748 11.0000 2978.3201 0.2950 0.0982 -0.2994 3.2779 7.0000 24.1883 0.0034 
30.9739 11.0000 2976.1460 0.2995 0.1003 -0.3047 3.2779 7.0000 26.1244 0.0036 
30.9749 11.0000 2975.3589 0.3003 0.1019 -0.3016 3.2817 7.0000 24.9351 0.0025 
30.9644 11.0000 2974.2761 0.2955 0.0994 -0.2972 3.2744 7.0000 24.2754 0.0025 
30.9446 11.0000 2962.7122 0.2989 0.0991 -0.3059 3.2706 7.0000 26.8721 0.0025 
30.9800 11.0000 2978.7542 0.2991 0.0986 -0.3057 3.2712 7.0000 26.8693 0.0025 
30.9788 11.0000 2978.2293 0.2984 0.1001 -0.3004 3.2788 7.0000 26.2098 0.0036 
30.9829 11.0000 2982.2159 0.2995 0.0989 -0.3064 3.2688 7.0000 24.8984 0.0025 
30.9671 11.0000 2970.1478 0.2982 0.0998 -0.3036 3.2705 7.0000 27.0962 0.0025 
31.0102 11.0000 2992.6004 0.2972 0.0982 -0.3040 3.2727 7.0000 2.9473 0.0044 
30.9786 11.0000 2979.4299 0.2978 0.1009 -0.2992 3.2727 7.0000 6.3153 0.0034 
30.9759 11.0000 2973.2789 0.3000 0.1016 -0.3035 3.2750 7.0000 5.3112 0.0037 
30.9815 11.0000 2979.8834 0.2990 0.0995 -0.3045 3.2738 7.0000 8.3346 0.0033 
30.9613 11.0000 2971.6799 0.2998 0.1002 -0.3033 3.2738 7.0000 17.1309 0.0031 
30.9837 11.0000 2981.0305 0.2991 0.0990 -0.3036 3.2730 7.0000 15.8801 0.0035 
30.9980 11.0000 2987.0737 0.2966 0.0965 -0.3079 3.2702 7.0000 21.6508 0.0033 
30.9904 11.0000 2983.7493 0.3026 0.1004 -0.3076 3.2751 7.0000 21.5174 0.0038 
30.9742 11.0000 2977.1988 0.2942 0.0968 -0.3036 3.2746 7.0000 17.0754 0.0035 
30.9499 11.0000 2966.7044 0.2967 0.0981 -0.3036 3.2728 7.0000 18.7386 0.0035 
30.9710 11.0000 2975.5325 0.2983 0.0977 -0.3084 3.2729 7.0000 17.1641 0.0037 
30.9715 11.0000 2976.3215 0.2970 0.0983 -0.3053 3.2753 7.0000 4.2183 0.0033 
30.9650 11.0000 2973.4978 0.2966 0.0981 -0.3055 3.2697 7.0000 4.2600 0.0042 
30.9913 11.0000 2985.3811 0.2984 0.0980 -0.3057 3.2682 7.0000 4.8762 0.0043 
30.9798 11.0000 2979.5238 0.2977 0.1001 -0.3024 3.2755 7.0000 3.7139 0.0040 
30.9679 11.0000 2974.5367 0.2969 0.0984 -0.3013 3.2775 7.0000 3.9169 0.0033 
30.9840 11.0000 2982.0523 0.2969 0.0990 -0.3027 3.2780 7.0000 3.8210 0.0033 
30.9622 11.0000 2971.9768 0.2994 0.1011 -0.2992 3.2771 7.0000 4.0018 0.0042 
30.9793 11.0000 2979.8168 0.2953 0.0968 -0.3049 3.2728 7.0000 4.5749 0.0026 
30.9788 11.0000 2978.0087 0.2985 0.0978 -0.3036 3.2748 7.0000 3.9560 0.0038 
30.9499 11.0000 2967.4330 0.2947 0.0985 -0.3013 3.2734 7.0000 5.9576 0.0026 
30.9858 11.0000 2981.6580 0.2969 0.0983 -0.3059 3.2793 8.0000 5.9921 0.0026 
30.9539 11.0000 2970.6333 0.2976 0.0999 -0.2998 3.2763 7.0000 4.3954 0.0038 
30.9566 11.0000 2970.3224 0.3001 0.0993 -0.3050 3.2741 7.0000 2.9920 0.0039 
30.9622 11.0000 2972.7654 0.2996 0.1009 -0.3046 3.2761 7.0000 4.5396 0.0029 
30.9831 11.0000 2979.3212 0.2979 0.0987 -0.3045 3.2734 7.0000 4.2210 0.0038 
30.9579 11.0000 2970.2219 0.2962 0.0977 -0.3028 3.2754 7.0000 2.7716 0.0029 
30.9806 11.0000 2976.6088 0.2995 0.0994 -0.3053 3.2711 7.0000 4.5974 0.0038 
31.0073 11.0000 2990.0263 0.2996 0.1002 -0.3018 3.2725 8.0000 4.2033 0.0041 
30.9441 11.0000 2964.9938 0.2995 0.0994 -0.3038 3.2735 7.0000 4.7547 0.0035 
30.9719 11.0000 2977.6062 0.2995 0.1001 -0.3015 3.2753 8.0000 5.2938 0.0035 
30.9691 11.0000 2974.2712 0.2980 0.0996 -0.3063 3.2755 8.0000 5.2409 0.0035 
30.9693 11.0000 2975.4174 0.2976 0.0986 -0.3037 3.2731 7.0000 4.2221 0.0035 
30.9644 11.0000 2973.5136 0.2956 0.0992 -0.3002 3.2786 7.0000 4.3407 0.0037 
30.9960 11.0000 2984.5922 0.2973 0.0986 -0.3018 3.2741 7.0000 3.0209 0.0035 
30.9768 11.0000 2976.8039 0.2993 0.0998 -0.3056 3.2773 7.0000 4.2179 0.0033 
30.9684 11.0000 2972.5009 0.2959 0.0981 -0.3025 3.2769 7.0000 3.8110 0.0035 
30.9938 11.0000 2984.5468 0.2963 0.0969 -0.3042 3.2670 7.0000 2.9877 0.0034 
30.9595 11.0000 2971.2282 0.2977 0.0995 -0.3016 3.2735 7.0000 4.2161 0.0047 
30.9784 11.0000 2980.2342 0.2964 0.0979 -0.3012 3.2721 7.0000 4.0037 0.0035 
30.9724 11.0000 2975.9815 0.2982 0.0981 -0.3035 3.2699 7.0000 5.8638 0.0036 
30.9882 11.0000 2983.2298 0.2975 0.0992 -0.3028 3.2797 7.0000 5.8681 0.0036 
30.9860 11.0000 2981.4288 0.2989 0.0990 -0.3044 3.2689 8.0000 7.1176 0.0036 
30.9726 11.0000 2976.0138 0.2981 0.0991 -0.3035 3.2755 7.0000 6.8033 0.0036 
30.9838 11.0000 2979.8991 0.2971 0.0994 -0.3001 3.2775 7.0000 4.3988 0.0037 
30.9797 11.0000 2978.7224 0.2983 0.0995 -0.3020 3.2710 7.0000 3.5487 0.0037 
30.9742 11.0000 2978.6258 0.2982 0.0993 -0.3027 3.2766 8.0000 4.5703 0.0035 
30.9808 11.0000 2980.4704 0.2994 0.0989 -0.3058 3.2723 7.0000 4.7532 0.0040 
30.9414 11.0000 2964.8715 0.3013 0.0994 -0.3085 3.2727 7.0000 4.5764 0.0038 
30.9795 11.0000 2976.3086 0.2984 0.0984 -0.3060 3.2698 7.0000 4.2592 0.0040 
30.9762 11.0000 2977.0973 0.2949 0.0977 -0.3019 3.2771 7.0000 4.0935 0.0038 
30.9822 11.0000 2980.3893 0.2980 0.0989 -0.3025 3.2727 7.0000 5.8293 0.0040 
30.9671 11.0000 2974.0891 0.3014 0.0989 -0.3071 3.2715 7.0000 7.4618 0.0040 
30.9737 11.0000 2978.5708 0.2982 0.0991 -0.3041 3.2738 7.0000 7.5667 0.0042 
30.9729 11.0000 2975.9573 0.2961 0.1000 -0.2989 3.2777 7.0000 7.0829 0.0042 
30.9875 11.0000 2984.3960 0.2988 0.0981 -0.3038 3.2695 8.0000 5.1944 0.0033 
30.9617 11.0000 2970.5249 0.2971 0.0984 -0.3056 3.2733 8.0000 3.0730 0.0035 
30.9697 11.0000 2973.9274 0.2985 0.0996 -0.3023 3.2713 8.0000 3.0762 0.0033 
30.9771 11.0000 2978.5310 0.2950 0.0971 -0.3023 3.2710 7.0000 3.1651 0.0042 
30.9635 11.0000 2973.0594 0.2965 0.0979 -0.3023 3.2663 7.0000 4.2613 0.0043 
30.9680 11.0000 2975.6950 0.2956 0.0989 -0.2988 3.2720 7.0000 4.3559 0.0043 
30.9628 11.0000 2970.7611 0.3002 0.1002 -0.3035 3.2747 7.0000 4.3971 0.0032 
30.9740 11.0000 2979.7653 0.2959 0.0978 -0.3040 3.2720 8.0000 5.5764 0.0030 
30.9570 11.0000 2970.1251 0.2977 0.0999 -0.3042 3.2737 7.0000 5.6551 0.0031 
30.9657 11.0000 2972.9375 0.2984 0.0989 -0.3072 3.2759 7.0000 5.0629 0.0030 
30.9791 11.0000 2979.7623 0.2983 0.0990 -0.3056 3.2745 7.0000 5.2420 0.0035 
30.9833 11.0000 2981.9693 0.2969 0.0988 -0.3012 3.2753 8.0000 3.0372 0.0035 
30.9853 11.0000 2981.0425 0.2959 0.0993 -0.2973 3.2774 7.0000 3.1945 0.0035 
30.9577 11.0000 2970.4760 0.2961 0.0981 -0.3036 3.2690 7.0000 3.0340 0.0038 
30.9548 11.0000 2967.1133 0.2966 0.1001 -0.3007 3.2782 8.0000 4.4397 0.0034 
30.9771 11.0000 2978.6621 0.2975 0.0978 -0.3041 3.2728 7.0000 5.6285 0.0033 
30.9878 11.0000 2983.7852 0.2973 0.0987 -0.3021 3.2734 7.0000 5.5419 0.0031 
30.9769 11.0000 2979.3729 0.2983 0.0992 -0.3015 3.2719 7.0000 4.5208 0.0033 
30.9942 11.0000 2984.7925 0.2984 0.0989 -0.3053 3.2686 6.0000 4.3378 0.0036 
30.9918 11.0000 2983.8493 0.2943 0.0988 -0.2998 3.2728 7.0000 4.3481 0.0033 
30.9924 11.0000 2984.3934 0.2977 0.0992 -0.3030 3.2744 7.0000 4.1933 0.0035 
30.9793 11.0000 2977.9138 0.2999 0.0986 -0.3081 3.2731 7.0000 4.4450 0.0040 
30.9780 11.0000 2978.2110 0.2976 0.1005 -0.2986 3.2781 7.0000 4.4426 0.0035 
30.9677 11.0000 2974.6302 0.3000 0.1031 -0.2976 3.2822 7.0000 4.3997 0.0035 
30.9802 11.0000 2978.9375 0.2991 0.1005 -0.3014 3.2766 7.0000 4.4407 0.0042 
30.9907 11.0000 2984.5263 0.2964 0.0988 -0.3033 3.2749 7.0000 3.0361 0.0035 
30.9840 11.0000 2980.6309 0.2957 0.0970 -0.3042 3.2743 7.0000 4.3533 0.0035 
30.9842 11.0000 2980.9444 0.3012 0.0993 -0.3075 3.2707 7.0000 4.4434 0.0035 
30.9764 11.0000 2979.7653 0.2963 0.0995 -0.2997 3.2716 8.0000 4.4863 0.0035 
30.9797 11.0000 2976.9038 0.3016 0.1003 -0.3061 3.2797 7.0000 4.2972 0.0035 
30.9835 11.0000 2980.0703 0.2998 0.0992 -0.3045 3.2737 7.0000 3.0763 0.0035 
30.9617 11.0000 2971.3753 0.2939 0.0983 -0.2982 3.2714 7.0000 3.0743 0.0035 
30.9555 11.0000 2970.3874 0.2989 0.1000 -0.3009 3.2725 7.0000 3.1241 0.0035 
30.9768 11.0000 2978.2228 0.3001 0.0998 -0.3052 3.2730 7.0000 3.0358 0.0035 
