30.8513 11.0000 2929.8448 0.3550 0.1412 -0.2923 3.1337 6.0000 7.4189 0.0079 
30.8095 11.0000 2908.4330 0.3658 0.1441 -0.3067 3.1318 6.0000 8.5664 0.0079 
30.8382 11.0000 2922.5729 0.3608 0.1455 -0.2947 3.1372 6.0000 7.8229 0.0091 
30.8127 11.0000 2919.8980 0.3618 0.1438 -0.2975 3.1380 6.0000 7.8607 0.0096 
30.7993 11.0000 2897.0562 0.3609 0.1451 -0.2947 3.1411 6.0000 8.0392 0.0064 
30.8337 11.0000 2917.6974 0.3585 0.1399 -0.3037 3.1258 6.0000 7.9468 0.0076 
30.7444 11.0000 2870.6176 0.3612 0.1449 -0.3003 3.1473 6.0000 7.0510 0.0064 
30.7958 11.0000 2905.8526 0.3593 0.1428 -0.3015 3.1318 7.0000 6.8783 0.0076 
30.7954 11.0000 2907.3510 0.3572 0.1434 -0.2948 3.1376 7.0000 7.9415 0.0078 
30.8082 11.0000 2912.7350 0.3590 0.1456 -0.2962 3.1391 7.0000 7.4973 0.0090 
30.7941 11.0000 2897.9111 0.3576 0.1425 -0.2996 3.1297 6.0000 7.9399 0.0078 
30.7895 11.0000 2899.0585 0.3552 0.1412 -0.2966 3.1327 6.0000 1.3196 0.0092 
30.8461 11.0000 2931.3343 0.3643 0.1441 -0.3036 3.1327 7.0000 0.9677 0.0080 
30.8003 11.0000 2904.9324 0.3539 0.1426 -0.2892 3.1380 6.0000 1.3963 0.0075 
30.8889 11.0000 2948.1105 0.3609 0.1426 -0.2925 3.1298 6.0000 1.4046 0.0077 
30.8425 11.0000 2932.9912 0.3601 0.1435 -0.2940 3.1346 7.0000 1.5555 0.0075 
30.8536 11.0000 2931.3876 0.3538 0.1431 -0.2848 3.1361 7.0000 1.4992 0.0079 
30.8072 11.0000 2908.7150 0.3534 0.1418 -0.2910 3.1326 6.0000 2.5599 0.0105 
30.8402 11.0000 2928.1484 0.3579 0.1418 -0.2984 3.1378 6.0000 2.6500 0.0105 
30.8477 11.0000 2919.5500 0.3576 0.1410 -0.2982 3.1336 6.0000 2.8264 0.0082 
30.8402 11.0000 2930.8252 0.3582 0.1448 -0.2876 3.1457 7.0000 3.0421 0.0076 
30.8405 11.0000 2920.1660 0.3648 0.1441 -0.3040 3.1348 6.0000 2.3321 0.0077 
30.8023 11.0000 2910.0788 0.3597 0.1401 -0.2992 3.1289 6.0000 1.4536 0.0089 
30.8484 11.0000 2931.1497 0.3618 0.1435 -0.2924 3.1287 7.0000 0.9184 0.0086 
30.8569 11.0000 2936.8379 0.3556 0.1454 -0.2834 3.1329 6.0000 0.9246 0.0080 
30.8559 11.0000 2927.2954 0.3600 0.1420 -0.2984 3.1288 6.0000 1.3620 0.0101 
30.8431 11.0000 2927.7147 0.3566 0.1443 -0.2889 3.1364 7.0000 1.4511 0.0081 
30.8650 11.0000 2940.1500 0.3610 0.1437 -0.2981 3.1307 6.0000 1.4322 0.0092 
30.7631 11.0000 2892.8232 0.3592 0.1439 -0.2947 3.1437 6.0000 1.3152 0.0088 
30.8350 11.0000 2920.2556 0.3543 0.1402 -0.3012 3.1259 6.0000 1.5834 0.0092 
30.8846 11.0000 2948.2258 0.3555 0.1423 -0.2918 3.1319 6.0000 1.7761 0.0092 
30.8529 11.0000 2930.8601 0.3556 0.1441 -0.2877 3.1318 6.0000 1.3602 0.0092 
30.8209 11.0000 2921.4278 0.3529 0.1402 -0.2937 3.1335 7.0000 1.4068 0.0085 
30.8392 11.0000 2925.8346 0.3630 0.1449 -0.2990 3.1321 6.0000 1.4066 0.0098 
30.8111 11.0000 2915.6386 0.3572 0.1420 -0.2951 3.1400 6.0000 0.9205 0.0092 
30.7745 11.0000 2905.6526 0.3596 0.1447 -0.2968 3.1387 6.0000 1.5333 0.0085 
30.8039 11.0000 2896.7686 0.3607 0.1443 -0.3021 3.1420 6.0000 1.4082 0.0100 
30.8144 11.0000 2918.2768 0.3596 0.1445 -0.2885 3.1348 6.0000 0.9690 0.0087 
30.8353 11.0000 2918.0320 0.3590 0.1435 -0.2966 3.1328 6.0000 1.3624 0.0094 
30.8020 11.0000 2908.0817 0.3560 0.1428 -0.2924 3.1297 6.0000 1.4062 0.0093 
30.8422 11.0000 2923.1706 0.3581 0.1436 -0.2965 3.1361 6.0000 1.8454 0.0093 
30.8255 11.0000 2905.7775 0.3550 0.1421 -0.3005 3.1381 6.0000 2.1573 0.0093 
30.8592 11.0000 2937.9784 0.3592 0.1448 -0.2875 3.1462 7.0000 1.6212 0.0070 
30.8039 11.0000 2912.7382 0.3552 0.1418 -0.2961 3.1348 6.0000 1.4491 0.0070 
30.7846 11.0000 2903.5500 0.3596 0.1444 -0.2970 3.1376 6.0000 0.9249 0.0084 
30.8252 11.0000 2915.4716 0.3564 0.1404 -0.2977 3.1310 7.0000 1.4483 0.0080 
30.7801 11.0000 2896.3755 0.3574 0.1438 -0.2959 3.1392 6.0000 1.4515 0.0078 
30.8196 11.0000 2917.4013 0.3606 0.1440 -0.2935 3.1331 7.0000 1.3648 0.0104 
30.7974 11.0000 2901.5513 0.3600 0.1469 -0.2912 3.1404 6.0000 1.4499 0.0070 
30.7987 11.0000 2905.5186 0.3584 0.1456 -0.2927 3.1358 6.0000 1.3624 0.0077 
30.7990 11.0000 2902.8078 0.3568 0.1414 -0.3001 3.1236 6.0000 1.5826 0.0100 
30.8703 11.0000 2937.7595 0.3557 0.1430 -0.2910 3.1380 7.0000 2.7955 0.0091 
30.8516 11.0000 2934.4046 0.3608 0.1429 -0.2953 3.1269 6.0000 1.9327 0.0082 
30.8212 11.0000 2915.1977 0.3632 0.1460 -0.2962 3.1384 6.0000 2.4982 0.0082 
30.8278 11.0000 2915.7265 0.3591 0.1436 -0.2933 3.1411 6.0000 2.3787 0.0097 
30.8405 11.0000 2930.6954 0.3594 0.1441 -0.2939 3.1337 6.0000 1.5820 0.0081 
30.8461 11.0000 2925.1098 0.3587 0.1419 -0.2967 3.1391 6.0000 1.4500 0.0079 
30.8327 11.0000 2926.2474 0.3567 0.1451 -0.2894 3.1363 6.0000 0.9667 0.0080 
30.7670 11.0000 2904.6487 0.3659 0.1463 -0.2994 3.1357 6.0000 1.4487 0.0084 
30.8487 11.0000 2930.5935 0.3579 0.1430 -0.2940 3.1352 6.0000 1.4415 0.0084 
30.8706 11.0000 2934.4850 0.3540 0.1405 -0.2936 3.1301 6.0000 1.4367 0.0091 
30.7882 11.0000 2903.8291 0.3579 0.1434 -0.2963 3.1332 6.0000 1.4527 0.0102 
30.7801 11.0000 2906.2379 0.3606 0.1440 -0.2977 3.1342 6.0000 0.9680 0.0077 
30.8065 11.0000 2905.1000 0.3630 0.1457 -0.3024 3.1351 7.0000 1.6637 0.0082 
30.8333 11.0000 2928.2333 0.3547 0.1394 -0.2922 3.1322 7.0000 1.4491 0.0073 
30.8366 11.0000 2931.4114 0.3563 0.1404 -0.2951 3.1289 6.0000 1.4860 0.0077 
30.8422 11.0000 2920.4065 0.3629 0.1439 -0.3003 3.1327 6.0000 1.5816 0.0086 
30.8412 11.0000 2923.8732 0.3568 0.1401 -0.3014 3.1325 6.0000 1.5815 0.0085 
30.8271 11.0000 2915.9673 0.3634 0.1458 -0.2958 3.1338 6.0000 1.0097 0.0086 
30.8261 11.0000 2915.8719 0.3615 0.1464 -0.2936 3.1405 6.0000 1.3654 0.0090 
30.8497 11.0000 2935.8444 0.3541 0.1431 -0.2860 3.1362 6.0000 1.4082 0.0081 
30.8075 11.0000 2906.6245 0.3631 0.1449 -0.3020 3.1450 6.0000 1.0103 0.0085 
30.7735 11.0000 2885.7513 0.3607 0.1452 -0.2957 3.1419 6.0000 1.4061 0.0111 
30.8327 11.0000 2925.5745 0.3547 0.1428 -0.2872 3.1325 6.0000 1.5311 0.0074 
30.8608 11.0000 2925.8866 0.3589 0.1434 -0.2950 3.1417 7.0000 1.4113 0.0074 
30.8503 11.0000 2926.1353 0.3645 0.1437 -0.3023 3.1332 6.0000 1.4516 0.0074 
30.8222 11.0000 2912.4444 0.3553 0.1424 -0.2943 3.1332 6.0000 1.4399 0.0087 
30.8209 11.0000 2922.0660 0.3557 0.1433 -0.2887 3.1357 6.0000 1.0089 0.0092 
30.8242 11.0000 2921.4320 0.3587 0.1439 -0.2951 3.1388 7.0000 1.5382 0.0085 
30.8078 11.0000 2922.7859 0.3609 0.1441 -0.2933 3.1382 6.0000 1.4511 0.0085 
30.8366 11.0000 2925.0042 0.3581 0.1432 -0.2901 3.1339 6.0000 1.4955 0.0088 
30.8232 11.0000 2919.5343 0.3598 0.1427 -0.2990 3.1299 7.0000 1.4515 0.0083 
30.7458 11.0000 2886.4634 0.3591 0.1446 -0.2953 3.1291 6.0000 1.4501 0.0085 
30.8585 11.0000 2940.1964 0.3590 0.1435 -0.2961 3.1268 6.0000 1.4093 0.0078 
30.8206 11.0000 2921.8611 0.3573 0.1421 -0.2915 3.1317 6.0000 2.9331 0.0079 
30.8170 11.0000 2917.6912 0.3572 0.1440 -0.2903 3.1345 6.0000 2.7143 0.0078 
30.8183 11.0000 2915.5614 0.3591 0.1417 -0.2945 3.1343 6.0000 1.4414 0.0078 
30.8042 11.0000 2916.6301 0.3550 0.1447 -0.2836 3.1431 6.0000 1.5354 0.0067 
30.8245 11.0000 2920.9788 0.3614 0.1427 -0.3009 3.1271 6.0000 1.4543 0.0090 
30.8359 11.0000 2929.4582 0.3579 0.1416 -0.2928 3.1358 7.0000 1.6545 0.0080 
30.8167 11.0000 2914.8003 0.3587 0.1433 -0.2958 3.1372 6.0000 1.4423 0.0080 
30.8258 11.0000 2917.3614 0.3595 0.1420 -0.2997 3.1305 6.0000 0.9639 0.0080 
30.8307 11.0000 2922.5000 0.3583 0.1420 -0.2940 3.1267 6.0000 1.0094 0.0080 
30.8454 11.0000 2924.4977 0.3546 0.1413 -0.2944 3.1280 6.0000 1.4495 0.0080 
30.7493 11.0000 2882.7085 0.3628 0.1470 -0.2978 3.1425 6.0000 1.7616 0.0080 
30.8448 11.0000 2919.8967 0.3615 0.1452 -0.2969 3.1370 6.0000 1.6267 0.0080 
30.8428 11.0000 2931.3918 0.3563 0.1435 -0.2861 3.1402 6.0000 1.4520 0.0080 
30.8788 11.0000 2944.7395 0.3588 0.1446 -0.2886 3.1397 6.0000 0.9268 0.0080 
30.8092 11.0000 2904.3359 0.3559 0.1422 -0.2986 3.1411 6.0000 1.5389 0.0080 
30.8412 11.0000 2928.5324 0.3611 0.1428 -0.3003 3.1300 6.0000 1.4569 0.0080 
