30.3137 1.0000 2708.3513 0.3641 0.1703 -0.3030 2.8494 5.0000 1.7747 0.0201 
30.3922 1.0000 2742.6528 0.3630 0.1684 -0.3014 2.8460 5.0000 1.6005 0.0201 
30.3448 1.0000 2729.9992 0.3605 0.1717 -0.2937 2.8550 5.0000 1.6448 0.0238 
30.3105 1.0000 2718.5433 0.3650 0.1670 -0.3134 2.8475 5.0000 1.6021 0.0254 
30.2500 1.0000 2699.4346 0.3600 0.1687 -0.3027 2.8520 5.0000 1.7776 0.0246 
30.3399 1.0000 2740.0899 0.3735 0.1702 -0.3139 2.8407 5.0000 1.7397 0.0238 
30.2222 1.0000 2685.8456 0.3649 0.1697 -0.3098 2.8558 5.0000 1.7398 0.0247 
30.3930 1.0000 2745.0392 0.3573 0.1670 -0.2888 2.8363 5.0000 1.7815 0.0225 
30.4534 1.0000 2758.5997 0.3736 0.1702 -0.3192 2.8471 5.0000 1.7813 0.0238 
30.3382 1.0000 2730.2998 0.3653 0.1682 -0.3099 2.8493 5.0000 1.7869 0.0201 
30.3717 1.0000 2737.7190 0.3671 0.1707 -0.3055 2.8583 7.0000 1.7459 0.0201 
30.3391 1.0000 2708.5621 0.3638 0.1695 -0.3080 2.8528 5.0000 0.2807 0.0242 
30.4020 1.0000 2777.4150 0.3621 0.1688 -0.2917 2.8396 5.0000 0.2790 0.0233 
30.4747 1.0000 2783.2541 0.3456 0.1673 -0.2708 2.8435 5.0000 0.2930 0.0233 
30.3636 1.0000 2734.4412 0.3585 0.1663 -0.3008 2.8437 5.0000 0.3696 0.0272 
30.3154 1.0000 2722.4101 0.3559 0.1726 -0.2831 2.8517 5.0000 0.5499 0.0219 
30.3047 1.0000 2709.7492 0.3680 0.1710 -0.3078 2.8575 6.0000 1.1973 0.0244 
30.4167 1.0000 2748.3554 0.3557 0.1667 -0.2933 2.8513 5.0000 1.0704 0.0203 
30.3440 1.0000 2755.2925 0.3627 0.1707 -0.2923 2.8449 5.0000 1.1605 0.0203 
30.4175 1.0000 2785.0033 0.3572 0.1652 -0.2914 2.8364 5.0000 1.2515 0.0219 
30.3856 1.0000 2740.6511 0.3670 0.1689 -0.3079 2.8528 5.0000 0.9062 0.0226 
30.3995 1.0000 2767.3211 0.3602 0.1672 -0.2925 2.8341 5.0000 0.6561 0.0222 
30.3521 1.0000 2738.8807 0.3663 0.1700 -0.3092 2.8379 5.0000 0.2201 0.0204 
30.3799 1.0000 2748.8824 0.3617 0.1661 -0.3089 2.8395 5.0000 0.3077 0.0220 
30.3742 1.0000 2728.7320 0.3637 0.1681 -0.3116 2.8434 5.0000 0.3947 0.0233 
30.4641 1.0000 2795.5433 0.3545 0.1660 -0.2802 2.8349 5.0000 0.3552 0.0205 
30.2623 1.0000 2694.7990 0.3658 0.1735 -0.3044 2.8593 5.0000 0.2209 0.0239 
30.4118 1.0000 2754.3619 0.3634 0.1682 -0.3050 2.8434 5.0000 0.3092 0.0229 
30.3472 1.0000 2752.3734 0.3578 0.1711 -0.2868 2.8509 5.0000 0.3503 0.0256 
30.4208 1.0000 2741.9036 0.3498 0.1650 -0.2857 2.8481 5.0000 0.3074 0.0229 
30.3374 1.0000 2730.1446 0.3589 0.1708 -0.2936 2.8557 5.0000 0.3955 0.0267 
30.4673 1.0000 2776.6977 0.3583 0.1701 -0.2928 2.8501 5.0000 0.3533 0.0267 
30.4992 1.0000 2811.2190 0.3682 0.1657 -0.3107 2.8352 5.0000 0.3084 0.0207 
30.3611 1.0000 2746.1569 0.3740 0.1720 -0.3120 2.8433 5.0000 0.3491 0.0207 
30.4167 1.0000 2750.6855 0.3627 0.1679 -0.3004 2.8434 5.0000 0.2556 0.0250 
30.4616 1.0000 2781.4583 0.3588 0.1672 -0.2945 2.8514 5.0000 0.3032 0.0296 
30.3799 1.0000 2741.0368 0.3659 0.1705 -0.3035 2.8491 5.0000 0.3098 0.0207 
30.3276 1.0000 2716.6356 0.3663 0.1700 -0.3135 2.8496 5.0000 0.3090 0.0255 
30.3096 1.0000 2725.8178 0.3618 0.1730 -0.2888 2.8612 5.0000 0.2212 0.0213 
30.3913 1.0000 2746.3382 0.3590 0.1695 -0.2970 2.8412 5.0000 0.3502 0.0205 
30.4518 1.0000 2774.4779 0.3563 0.1651 -0.2917 2.8440 5.0000 0.5589 0.0246 
30.4387 1.0000 2748.4289 0.3609 0.1725 -0.2916 2.8499 5.0000 0.5696 0.0230 
30.2794 1.0000 2711.9542 0.3600 0.1677 -0.3004 2.8475 5.0000 0.2227 0.0255 
30.4551 1.0000 2775.6299 0.3638 0.1689 -0.2965 2.8447 5.0000 0.3497 0.0237 
30.3685 1.0000 2736.3260 0.3613 0.1659 -0.3087 2.8513 5.0000 0.3907 0.0243 
30.3440 1.0000 2745.0564 0.3566 0.1676 -0.2948 2.8430 5.0000 0.3464 0.0243 
30.1928 1.0000 2674.2034 0.3660 0.1699 -0.3125 2.8556 5.0000 0.3480 0.0243 
30.4567 1.0000 2781.0891 0.3664 0.1709 -0.3043 2.8406 5.0000 0.3088 0.0228 
30.3399 1.0000 2724.4886 0.3592 0.1675 -0.3024 2.8453 5.0000 0.3103 0.0244 
30.3145 1.0000 2741.5743 0.3623 0.1663 -0.3051 2.8452 5.0000 0.3508 0.0253 
30.4428 1.0000 2774.9109 0.3621 0.1694 -0.2956 2.8418 5.0000 0.3073 0.0244 
30.4608 1.0000 2796.6029 0.3637 0.1698 -0.2966 2.8426 5.0000 0.3945 0.0193 
30.3864 1.0000 2759.1201 0.3556 0.1670 -0.2890 2.8515 5.0000 0.3482 0.0259 
30.3448 1.0000 2724.1364 0.3613 0.1705 -0.2969 2.8604 5.0000 0.3150 0.0200 
30.3660 1.0000 2755.9412 0.3661 0.1659 -0.3087 2.8403 5.0000 0.2495 0.0233 
30.3930 1.0000 2731.1348 0.3565 0.1667 -0.2896 2.8483 5.0000 0.3091 0.0252 
30.3480 1.0000 2721.2802 0.3676 0.1698 -0.3095 2.8442 5.0000 0.3097 0.0254 
30.2598 1.0000 2691.4681 0.3662 0.1710 -0.3106 2.8541 5.0000 0.4385 0.0243 
30.2590 1.0000 2710.7998 0.3639 0.1687 -0.3058 2.8515 5.0000 0.4381 0.0224 
30.3783 1.0000 2729.4926 0.3591 0.1667 -0.3018 2.8438 5.0000 0.3539 0.0243 
30.3448 1.0000 2735.1217 0.3533 0.1679 -0.2820 2.8462 5.0000 0.2227 0.0259 
30.3194 1.0000 2718.6920 0.3664 0.1714 -0.3041 2.8507 5.0000 0.3504 0.0208 
30.4967 1.0000 2772.0163 0.3716 0.1718 -0.3137 2.8440 5.0000 0.3108 0.0246 
30.3031 1.0000 2711.5637 0.3613 0.1685 -0.3025 2.8516 5.0000 0.3485 0.0250 
30.3962 1.0000 2759.6626 0.3588 0.1670 -0.3005 2.8437 5.0000 0.4338 0.0252 
30.4779 1.0000 2775.2467 0.3572 0.1683 -0.2822 2.8479 5.0000 0.3977 0.0243 
30.3391 1.0000 2712.1078 0.3680 0.1755 -0.3038 2.8501 5.0000 0.3507 0.0228 
30.3170 1.0000 2726.5433 0.3521 0.1656 -0.2834 2.8582 5.0000 0.2571 0.0208 
30.3227 1.0000 2699.0539 0.3648 0.1702 -0.3117 2.8494 5.0000 0.3494 0.0272 
30.3489 1.0000 2726.3464 0.3505 0.1652 -0.2841 2.8427 5.0000 0.3121 0.0280 
30.4060 1.0000 2758.5106 0.3621 0.1690 -0.2946 2.8512 5.0000 0.3956 0.0257 
30.4918 1.0000 2777.1601 0.3631 0.1685 -0.3050 2.8400 5.0000 0.3922 0.0257 
30.4518 1.0000 2789.5940 0.3576 0.1683 -0.2847 2.8477 5.0000 0.3415 0.0218 
30.3252 1.0000 2706.9779 0.3560 0.1692 -0.2898 2.8514 5.0000 0.4355 0.0218 
30.3211 1.0000 2702.0842 0.3526 0.1668 -0.2939 2.8606 5.0000 0.3018 0.0280 
30.3284 1.0000 2709.8554 0.3585 0.1691 -0.2926 2.8480 5.0000 0.2210 0.0228 
30.3497 1.0000 2726.5703 0.3558 0.1689 -0.2910 2.8542 5.0000 0.3096 0.0250 
30.3922 1.0000 2783.3105 0.3677 0.1680 -0.3034 2.8379 5.0000 0.3500 0.0287 
30.3325 1.0000 2726.6928 0.3591 0.1683 -0.2990 2.8489 6.0000 0.3494 0.0218 
30.2631 1.0000 2697.2998 0.3575 0.1724 -0.2928 2.8566 5.0000 0.4454 0.0251 
30.2386 1.0000 2705.6348 0.3702 0.1715 -0.3124 2.8497 5.0000 0.3498 0.0219 
30.4232 1.0000 2736.3358 0.3598 0.1720 -0.2935 2.8583 5.0000 0.3521 0.0236 
30.3064 1.0000 2692.7042 0.3591 0.1691 -0.3047 2.8587 5.0000 0.3082 0.0236 
30.3644 1.0000 2734.6773 0.3577 0.1684 -0.2990 2.8447 5.0000 0.3965 0.0235 
30.4240 1.0000 2750.2386 0.3662 0.1689 -0.3128 2.8462 5.0000 0.3942 0.0235 
30.4542 1.0000 2762.2590 0.3639 0.1701 -0.3074 2.8451 5.0000 0.6945 0.0235 
30.3227 1.0000 2710.1797 0.3514 0.1678 -0.2892 2.8579 5.0000 0.7877 0.0315 
30.3284 1.0000 2702.8047 0.3638 0.1681 -0.3105 2.8543 5.0000 0.4838 0.0262 
30.2198 1.0000 2684.2484 0.3573 0.1698 -0.2947 2.8582 5.0000 0.3507 0.0196 
30.2941 1.0000 2732.5212 0.3576 0.1681 -0.2891 2.8536 5.0000 0.3101 0.0196 
30.3252 1.0000 2719.5384 0.3521 0.1660 -0.2885 2.8481 5.0000 0.2213 0.0236 
30.4208 1.0000 2745.1413 0.3617 0.1683 -0.2983 2.8359 5.0000 0.3512 0.0196 
30.3709 1.0000 2742.5131 0.3643 0.1693 -0.3044 2.8503 5.0000 0.3507 0.0196 
30.3685 1.0000 2745.1111 0.3507 0.1691 -0.2774 2.8518 5.0000 0.3472 0.0196 
30.3007 1.0000 2703.6046 0.3649 0.1661 -0.3119 2.8493 5.0000 0.3070 0.0196 
30.3725 1.0000 2721.9461 0.3652 0.1704 -0.3045 2.8453 5.0000 0.4375 0.0196 
30.3979 1.0000 2746.3317 0.3643 0.1691 -0.3073 2.8481 5.0000 0.6564 0.0196 
30.2802 1.0000 2721.5172 0.3474 0.1655 -0.2840 2.8410 5.0000 0.7883 0.0196 
30.1373 1.0000 2659.2908 0.3662 0.1735 -0.3102 2.8577 5.0000 0.7021 0.0196 
30.4877 1.0000 2768.8162 0.3621 0.1706 -0.2964 2.8462 5.0000 0.3459 0.0196 
