30.5545 11.0000 2795.4869 0.3017 0.1272 -0.3054 2.9576 6.0000 3.7871 0.0136 
30.5561 11.0000 2804.3589 0.2943 0.1249 -0.2973 2.9562 6.0000 3.6984 0.0186 
30.6144 11.0000 2824.2914 0.3023 0.1248 -0.3088 2.9537 5.0000 3.6108 0.0186 
30.6144 11.0000 2817.6917 0.3000 0.1245 -0.3092 2.9530 6.0000 3.5668 0.0165 
30.5365 11.0000 2779.9118 0.2972 0.1242 -0.3070 2.9588 6.0000 3.8397 0.0161 
30.6051 11.0000 2812.1732 0.2952 0.1258 -0.2969 2.9495 6.0000 3.8395 0.0152 
30.5828 11.0000 2806.9319 0.3011 0.1254 -0.3081 2.9587 5.0000 3.8400 0.0174 
30.5185 11.0000 2770.3164 0.2945 0.1248 -0.3003 2.9541 5.0000 3.5625 0.0169 
30.6329 11.0000 2819.0272 0.3049 0.1261 -0.3152 2.9566 5.0000 3.8399 0.0160 
30.6541 11.0000 2839.5512 0.3001 0.1253 -0.3035 2.9527 5.0000 3.5230 0.0161 
30.5735 11.0000 2794.3371 0.3027 0.1254 -0.3108 2.9553 5.0000 3.8294 0.0169 
30.5975 11.0000 2817.9221 0.2916 0.1224 -0.2987 2.9547 6.0000 0.4394 0.0156 
30.5196 11.0000 2781.5621 0.2937 0.1256 -0.2943 2.9593 5.0000 0.6115 0.0177 
30.5986 11.0000 2807.4488 0.3004 0.1285 -0.3062 2.9597 6.0000 0.5729 0.0161 
30.6705 11.0000 2841.4020 0.2993 0.1228 -0.3086 2.9500 6.0000 0.7880 0.0144 
30.5937 11.0000 2804.4341 0.2936 0.1252 -0.2951 2.9509 6.0000 0.6139 0.0170 
30.5692 11.0000 2798.2391 0.2999 0.1258 -0.3075 2.9552 5.0000 0.7248 0.0160 
30.5545 11.0000 2799.5817 0.2971 0.1250 -0.3000 2.9518 6.0000 0.6570 0.0172 
30.5588 11.0000 2788.4592 0.2957 0.1228 -0.3075 2.9504 5.0000 0.9040 0.0172 
30.6204 11.0000 2819.6073 0.2985 0.1239 -0.3038 2.9508 5.0000 0.8197 0.0172 
30.5801 11.0000 2803.9760 0.2922 0.1210 -0.2973 2.9525 6.0000 0.6991 0.0172 
30.6100 11.0000 2831.2478 0.3000 0.1262 -0.3076 2.9524 6.0000 0.7031 0.0135 
30.5953 11.0000 2816.5408 0.2930 0.1253 -0.2952 2.9612 5.0000 0.4419 0.0147 
30.5468 11.0000 2784.6781 0.2933 0.1211 -0.3040 2.9485 5.0000 0.4395 0.0167 
30.6454 11.0000 2825.3105 0.2962 0.1248 -0.3016 2.9526 6.0000 0.6162 0.0152 
30.5681 11.0000 2799.3949 0.2912 0.1213 -0.2992 2.9486 5.0000 0.6157 0.0159 
30.5959 11.0000 2820.3758 0.2953 0.1232 -0.3003 2.9574 6.0000 0.6163 0.0163 
30.5610 11.0000 2792.7500 0.3017 0.1250 -0.3128 2.9566 5.0000 0.6119 0.0164 
30.6721 11.0000 2842.4700 0.2968 0.1220 -0.3067 2.9470 5.0000 1.0001 0.0187 
30.5485 11.0000 2789.8143 0.2986 0.1265 -0.3056 2.9574 5.0000 0.9153 0.0157 
30.5877 11.0000 2829.0790 0.2927 0.1238 -0.2947 2.9487 6.0000 1.2234 0.0187 
30.6612 11.0000 2839.1487 0.2973 0.1241 -0.2993 2.9478 5.0000 1.4065 0.0152 
30.6362 11.0000 2817.3001 0.2954 0.1228 -0.3028 2.9530 5.0000 1.2796 0.0161 
30.5763 11.0000 2799.3840 0.2942 0.1222 -0.3021 2.9562 5.0000 0.6174 0.0174 
30.6198 11.0000 2814.9390 0.2920 0.1209 -0.3019 2.9484 5.0000 0.6602 0.0145 
30.5763 11.0000 2796.5953 0.2939 0.1248 -0.2975 2.9561 5.0000 0.6130 0.0147 
30.6073 11.0000 2820.0354 0.2974 0.1283 -0.2993 2.9524 5.0000 0.6561 0.0147 
30.5893 11.0000 2801.9641 0.2998 0.1246 -0.3064 2.9476 5.0000 0.6596 0.0177 
30.5997 11.0000 2816.2298 0.2995 0.1254 -0.3064 2.9558 5.0000 0.4407 0.0147 
30.5839 11.0000 2799.0316 0.2992 0.1243 -0.3056 2.9526 5.0000 0.6184 0.0167 
30.5158 11.0000 2773.1890 0.2969 0.1239 -0.3039 2.9561 5.0000 0.6611 0.0177 
30.5773 11.0000 2817.6471 0.2940 0.1224 -0.2973 2.9481 5.0000 0.7471 0.0159 
30.5926 11.0000 2815.9444 0.2981 0.1270 -0.3012 2.9547 5.0000 0.7439 0.0179 
30.5545 11.0000 2817.1830 0.2942 0.1244 -0.2950 2.9571 6.0000 0.6161 0.0177 
30.6411 11.0000 2842.3137 0.2924 0.1251 -0.2904 2.9461 5.0000 0.6601 0.0147 
30.6351 11.0000 2818.1841 0.2961 0.1249 -0.3019 2.9491 5.0000 0.6598 0.0147 
30.5468 11.0000 2778.7723 0.3009 0.1244 -0.3153 2.9536 5.0000 0.7071 0.0172 
30.5387 11.0000 2779.8192 0.2965 0.1244 -0.3065 2.9554 6.0000 1.6242 0.0169 
30.6541 11.0000 2841.8077 0.2944 0.1229 -0.2976 2.9431 5.0000 2.0513 0.0169 
30.6313 11.0000 2839.6176 0.2940 0.1202 -0.3005 2.9488 6.0000 1.6581 0.0154 
30.5855 11.0000 2796.6874 0.2931 0.1218 -0.3015 2.9502 6.0000 1.7008 0.0172 
30.6285 11.0000 2838.1868 0.2921 0.1229 -0.2975 2.9454 6.0000 1.4372 0.0124 
30.5752 11.0000 2796.7320 0.2958 0.1237 -0.3060 2.9533 5.0000 0.9646 0.0151 
30.6013 11.0000 2817.6825 0.2984 0.1225 -0.3085 2.9536 5.0000 0.6603 0.0150 
30.6356 11.0000 2842.8437 0.2930 0.1239 -0.2917 2.9446 5.0000 0.6596 0.0163 
30.6138 11.0000 2844.4815 0.2926 0.1232 -0.2913 2.9499 6.0000 0.6608 0.0167 
30.6144 11.0000 2817.2968 0.2952 0.1248 -0.3016 2.9620 7.0000 0.6596 0.0163 
30.7048 11.0000 2863.5822 0.3040 0.1254 -0.3088 2.9468 5.0000 0.6606 0.0158 
30.6236 11.0000 2813.4570 0.2957 0.1240 -0.3037 2.9470 5.0000 0.6186 0.0163 
30.5610 11.0000 2798.0218 0.2954 0.1238 -0.3027 2.9570 5.0000 0.6590 0.0159 
30.5615 11.0000 2799.2919 0.3032 0.1274 -0.3115 2.9664 5.0000 0.6463 0.0162 
30.5697 11.0000 2797.2745 0.2943 0.1228 -0.3031 2.9585 6.0000 0.6587 0.0168 
30.5300 11.0000 2783.3469 0.2977 0.1250 -0.3058 2.9601 5.0000 0.9218 0.0136 
30.6258 11.0000 2813.9989 0.2986 0.1245 -0.3049 2.9515 5.0000 0.9221 0.0136 
30.5893 11.0000 2796.6275 0.3015 0.1256 -0.3123 2.9545 5.0000 0.6549 0.0158 
30.6035 11.0000 2812.9455 0.2984 0.1241 -0.3051 2.9538 6.0000 0.6604 0.0147 
30.5893 11.0000 2800.5109 0.2949 0.1232 -0.3037 2.9529 5.0000 0.6594 0.0163 
30.6492 11.0000 2844.7380 0.2942 0.1249 -0.2954 2.9545 6.0000 0.6614 0.0161 
30.5773 11.0000 2814.8753 0.2893 0.1230 -0.2913 2.9515 5.0000 0.4842 0.0183 
30.5986 11.0000 2807.3290 0.3042 0.1260 -0.3113 2.9535 5.0000 0.6612 0.0180 
30.5735 11.0000 2806.9227 0.2909 0.1225 -0.2954 2.9522 5.0000 0.6190 0.0165 
30.5899 11.0000 2807.9956 0.2988 0.1241 -0.3084 2.9503 6.0000 0.6576 0.0166 
30.6683 11.0000 2851.5545 0.2915 0.1227 -0.2911 2.9521 6.0000 0.6595 0.0167 
30.6155 11.0000 2816.2854 0.2978 0.1243 -0.3070 2.9462 5.0000 0.9208 0.0178 
30.6019 11.0000 2833.2467 0.2953 0.1240 -0.2968 2.9532 5.0000 0.8832 0.0178 
30.6373 11.0000 2812.6171 0.2923 0.1210 -0.3028 2.9595 6.0000 0.7012 0.0162 
30.5294 11.0000 2793.2347 0.2967 0.1258 -0.3025 2.9573 5.0000 0.6606 0.0166 
30.5871 11.0000 2812.5784 0.2974 0.1253 -0.3006 2.9522 5.0000 0.6624 0.0150 
30.5948 11.0000 2812.7516 0.3004 0.1242 -0.3075 2.9552 5.0000 0.4425 0.0147 
30.5381 11.0000 2782.3802 0.2969 0.1250 -0.3063 2.9538 5.0000 0.6585 0.0145 
30.5817 11.0000 2804.6748 0.3022 0.1257 -0.3106 2.9541 6.0000 0.7017 0.0150 
30.5784 11.0000 2797.9183 0.2991 0.1239 -0.3095 2.9549 5.0000 0.6587 0.0183 
30.5746 11.0000 2804.7255 0.2954 0.1237 -0.3005 2.9592 6.0000 0.6595 0.0156 
30.5441 11.0000 2797.1563 0.2961 0.1212 -0.3059 2.9534 6.0000 0.6606 0.0153 
30.5501 11.0000 2803.0714 0.2915 0.1243 -0.2944 2.9549 6.0000 0.7406 0.0156 
30.6367 11.0000 2829.1618 0.3031 0.1235 -0.3134 2.9410 6.0000 0.8299 0.0156 
30.5920 11.0000 2815.7783 0.2971 0.1241 -0.3001 2.9562 5.0000 0.6604 0.0172 
30.6275 11.0000 2831.0643 0.2926 0.1222 -0.2964 2.9488 5.0000 0.4821 0.0170 
30.5779 11.0000 2795.7184 0.2918 0.1220 -0.2991 2.9572 6.0000 0.7006 0.0172 
30.6427 11.0000 2830.9483 0.2994 0.1252 -0.3050 2.9498 6.0000 0.6610 0.0151 
30.6269 11.0000 2830.2990 0.2953 0.1244 -0.2963 2.9528 6.0000 0.6591 0.0151 
30.5621 11.0000 2807.7108 0.2964 0.1235 -0.3055 2.9501 6.0000 0.7018 0.0151 
30.5267 11.0000 2778.1803 0.2927 0.1218 -0.3029 2.9539 5.0000 0.4825 0.0151 
30.6084 11.0000 2821.3154 0.2995 0.1256 -0.3056 2.9527 6.0000 0.6997 0.0151 
30.6171 11.0000 2818.4537 0.3002 0.1247 -0.3086 2.9449 5.0000 0.6595 0.0151 
30.5664 11.0000 2812.2146 0.2958 0.1225 -0.3010 2.9473 6.0000 0.6621 0.0151 
30.6078 11.0000 2818.3469 0.2964 0.1237 -0.2997 2.9529 5.0000 0.6601 0.0151 
30.5512 11.0000 2801.8971 0.2890 0.1229 -0.2880 2.9546 5.0000 0.7475 0.0151 
30.5621 11.0000 2804.5022 0.2984 0.1235 -0.3072 2.9487 5.0000 0.7911 0.0151 
30.6247 11.0000 2834.1825 0.2981 0.1247 -0.3006 2.9489 5.0000 0.6567 0.0151 
