30.1078 11.0000 2680.9232 0.4115 0.2170 -0.3011 2.6155 5.0000 0.7361 0.0428 
29.8791 11.0000 2607.7549 0.3816 0.2149 -0.2565 2.6199 4.0000 0.7350 0.0428 
30.0703 11.0000 2664.4101 0.3977 0.2154 -0.2803 2.6059 5.0000 0.7087 0.0428 
29.8121 11.0000 2589.7631 0.4013 0.2180 -0.2881 2.6152 4.0000 0.7755 0.0428 
30.0735 11.0000 2649.4673 0.4015 0.2183 -0.2810 2.6078 5.0000 0.7432 0.0428 
29.9003 11.0000 2627.7892 0.3938 0.2174 -0.2763 2.6178 4.0000 0.6973 0.0428 
29.8644 11.0000 2590.5850 0.4050 0.2175 -0.3032 2.6307 4.0000 0.7109 0.0428 
30.1078 11.0000 2684.8154 0.3981 0.2164 -0.2790 2.6178 4.0000 0.6950 0.0428 
29.9118 11.0000 2628.9265 0.4048 0.2151 -0.2927 2.6121 5.0000 0.6530 0.0428 
29.8693 11.0000 2615.6552 0.4040 0.2153 -0.2946 2.6149 5.0000 0.7210 0.0428 
29.7614 11.0000 2575.1879 0.4065 0.2097 -0.3153 2.6264 5.0000 0.7212 0.0428 
30.0490 11.0000 2661.6422 0.4144 0.2150 -0.3060 2.6098 5.0000 0.2411 0.0318 
29.8709 11.0000 2600.2663 0.3984 0.2250 -0.2748 2.6403 4.0000 0.4639 0.0348 
29.8007 11.0000 2577.5016 0.3937 0.2147 -0.2872 2.6229 4.0000 0.4721 0.0348 
29.7631 11.0000 2559.7206 0.4119 0.2190 -0.3094 2.6394 5.0000 0.5916 0.0436 
29.9951 11.0000 2640.5948 0.4081 0.2111 -0.3130 2.6094 4.0000 0.4722 0.0371 
29.9820 11.0000 2650.8088 0.4015 0.2215 -0.2815 2.6185 4.0000 0.4656 0.0348 
29.7549 11.0000 2586.9935 0.4155 0.2127 -0.3135 2.6138 5.0000 0.5871 0.0407 
29.8709 11.0000 2608.8284 0.4025 0.2186 -0.2924 2.6183 4.0000 0.5955 0.0407 
30.1291 11.0000 2674.2876 0.4057 0.2107 -0.3098 2.6084 5.0000 0.7144 0.0342 
30.0261 11.0000 2646.6405 0.4069 0.2135 -0.3098 2.6082 5.0000 0.6300 0.0407 
29.9248 11.0000 2622.6193 0.3922 0.2125 -0.2789 2.6074 5.0000 0.4794 0.0371 
29.7892 11.0000 2589.6389 0.3814 0.2102 -0.2685 2.6024 5.0000 0.1311 0.0374 
30.0425 11.0000 2643.7239 0.3909 0.2150 -0.2809 2.6186 4.0000 0.0855 0.0337 
29.9755 11.0000 2629.3938 0.3867 0.2208 -0.2561 2.6269 5.0000 0.1356 0.0350 
29.8709 11.0000 2583.9624 0.3986 0.2157 -0.2918 2.6102 5.0000 0.1778 0.0350 
30.0278 11.0000 2659.0833 0.3979 0.2217 -0.2654 2.6133 4.0000 0.3078 0.0337 
30.0572 11.0000 2669.0670 0.3971 0.2109 -0.2857 2.6086 4.0000 0.3097 0.0337 
30.1340 11.0000 2691.7908 0.3965 0.2153 -0.2754 2.6064 5.0000 0.4011 0.0337 
29.7745 11.0000 2571.2516 0.3919 0.2157 -0.2793 2.6274 5.0000 0.4338 0.0353 
30.2206 11.0000 2708.7418 0.4168 0.2134 -0.3182 2.5935 4.0000 0.3966 0.0337 
30.0719 11.0000 2656.7124 0.4143 0.2198 -0.3055 2.6124 4.0000 0.3943 0.0372 
29.9673 11.0000 2645.0605 0.4041 0.2201 -0.2880 2.6031 4.0000 0.2661 0.0372 
29.8954 11.0000 2621.9853 0.3918 0.2133 -0.2823 2.6134 5.0000 0.1323 0.0337 
30.0343 11.0000 2654.3039 0.4003 0.2169 -0.2875 2.6107 5.0000 0.1342 0.0389 
30.0980 11.0000 2675.5408 0.4176 0.2195 -0.3135 2.6085 5.0000 0.1348 0.0384 
30.0735 11.0000 2666.6748 0.3943 0.2204 -0.2699 2.6121 4.0000 0.1244 0.0362 
30.0261 11.0000 2641.9853 0.3931 0.2134 -0.2841 2.6137 5.0000 0.2589 0.0414 
29.9722 11.0000 2630.9493 0.4109 0.2181 -0.3047 2.6342 4.0000 0.2940 0.0414 
29.9232 11.0000 2627.1193 0.4076 0.2197 -0.2965 2.6174 5.0000 0.3775 0.0374 
29.8154 11.0000 2584.0376 0.3927 0.2224 -0.2691 2.6264 5.0000 0.5269 0.0374 
29.9559 11.0000 2635.3464 0.3895 0.2145 -0.2634 2.6197 4.0000 0.4040 0.0348 
29.9722 11.0000 2628.6716 0.3871 0.2116 -0.2779 2.6127 5.0000 0.8219 0.0432 
29.9379 11.0000 2618.6078 0.3693 0.2165 -0.2288 2.6357 5.0000 0.4675 0.0398 
30.0294 11.0000 2648.4330 0.4027 0.2180 -0.2894 2.6197 5.0000 0.3898 0.0374 
30.0245 11.0000 2659.5147 0.4037 0.2155 -0.2892 2.6070 5.0000 0.3078 0.0380 
30.0016 11.0000 2646.4461 0.4065 0.2150 -0.3000 2.6160 4.0000 0.1194 0.0432 
29.8497 11.0000 2593.3448 0.3981 0.2150 -0.2917 2.6220 5.0000 0.1168 0.0391 
30.0768 11.0000 2663.1111 0.4053 0.2152 -0.2998 2.6045 4.0000 0.1962 0.0432 
30.0408 11.0000 2645.0899 0.3867 0.2169 -0.2631 2.6262 5.0000 0.2006 0.0432 
29.9493 11.0000 2629.4003 0.3989 0.2170 -0.2857 2.6179 5.0000 0.1225 0.0432 
29.9673 11.0000 2654.8039 0.4047 0.2137 -0.3007 2.6167 4.0000 0.1270 0.0331 
30.0000 11.0000 2669.4641 0.4092 0.2172 -0.2978 2.6061 5.0000 0.1881 0.0325 
30.0621 11.0000 2651.6797 0.4039 0.2172 -0.2972 2.6252 4.0000 0.1550 0.0325 
29.8954 11.0000 2619.0016 0.3997 0.2163 -0.2802 2.6218 4.0000 0.1572 0.0325 
29.9167 11.0000 2625.0719 0.3962 0.2129 -0.2821 2.6098 5.0000 0.1266 0.0325 
29.7990 11.0000 2589.6536 0.3865 0.2231 -0.2578 2.6321 5.0000 0.1281 0.0340 
29.8333 11.0000 2592.0212 0.3788 0.2165 -0.2544 2.6188 4.0000 0.3026 0.0354 
30.0899 11.0000 2681.6797 0.4053 0.2156 -0.2902 2.6062 4.0000 0.4299 0.0389 
29.9150 11.0000 2634.0654 0.3802 0.2200 -0.2375 2.6141 5.0000 0.4262 0.0389 
30.0556 11.0000 2673.1144 0.4119 0.2126 -0.3208 2.5978 4.0000 0.4292 0.0389 
30.0033 11.0000 2645.4232 0.4047 0.2142 -0.3030 2.6199 4.0000 0.3884 0.0354 
30.1095 11.0000 2684.2533 0.3875 0.2078 -0.2819 2.6003 5.0000 0.1306 0.0389 
30.0523 11.0000 2653.9967 0.3935 0.2155 -0.2784 2.6081 4.0000 0.2175 0.0381 
29.9641 11.0000 2635.9314 0.3899 0.2118 -0.2791 2.6113 4.0000 0.2210 0.0395 
29.7696 11.0000 2582.9510 0.4076 0.2168 -0.2973 2.6349 5.0000 0.2635 0.0401 
30.0637 11.0000 2672.9036 0.3958 0.2126 -0.2847 2.6119 4.0000 0.2614 0.0408 
30.0245 11.0000 2661.3693 0.4089 0.2141 -0.3036 2.6031 5.0000 0.1315 0.0401 
30.1013 11.0000 2677.7288 0.3922 0.2160 -0.2628 2.6131 5.0000 0.1759 0.0331 
29.9232 11.0000 2622.6471 0.3985 0.2169 -0.2866 2.6149 5.0000 0.1323 0.0373 
29.9461 11.0000 2608.6209 0.3980 0.2177 -0.2892 2.6226 5.0000 0.2644 0.0409 
29.8693 11.0000 2609.6699 0.4007 0.2222 -0.2808 2.6160 4.0000 0.3518 0.0409 
29.9052 11.0000 2625.7108 0.4002 0.2135 -0.2885 2.6091 5.0000 0.3523 0.0339 
29.8889 11.0000 2618.6487 0.3900 0.2172 -0.2731 2.6182 4.0000 0.3508 0.0339 
30.0359 11.0000 2632.1699 0.4085 0.2154 -0.3076 2.6131 4.0000 0.3983 0.0380 
30.1160 11.0000 2675.1846 0.4034 0.2149 -0.2925 2.6114 4.0000 0.4378 0.0380 
29.8088 11.0000 2585.5065 0.4008 0.2133 -0.3019 2.6204 5.0000 0.3886 0.0380 
29.9690 11.0000 2645.0605 0.4019 0.2186 -0.2894 2.6130 5.0000 0.3111 0.0380 
30.0735 11.0000 2673.0343 0.3857 0.2189 -0.2524 2.6167 4.0000 0.2665 0.0380 
30.0899 11.0000 2674.1193 0.3829 0.2144 -0.2562 2.6133 4.0000 0.0882 0.0339 
29.8644 11.0000 2613.3464 0.3954 0.2166 -0.2764 2.6262 4.0000 0.1318 0.0322 
30.0670 11.0000 2681.1961 0.3977 0.2117 -0.2879 2.5968 4.0000 0.1321 0.0376 
30.0784 11.0000 2666.5245 0.3992 0.2189 -0.2765 2.6063 5.0000 0.2645 0.0417 
29.9837 11.0000 2641.6209 0.3903 0.2126 -0.2810 2.6248 5.0000 0.3063 0.0417 
29.9477 11.0000 2622.2108 0.4030 0.2223 -0.2836 2.6296 4.0000 0.3039 0.0417 
29.7729 11.0000 2578.2516 0.3977 0.2162 -0.2840 2.6166 5.0000 0.2219 0.0376 
29.8775 11.0000 2617.1356 0.3971 0.2128 -0.2884 2.6163 5.0000 0.3471 0.0353 
29.9281 11.0000 2619.6258 0.3934 0.2152 -0.2827 2.6290 5.0000 0.3521 0.0353 
30.0327 11.0000 2657.9248 0.3872 0.2134 -0.2668 2.6211 4.0000 0.3078 0.0319 
30.1176 11.0000 2674.2582 0.4084 0.2168 -0.3000 2.6116 4.0000 0.3124 0.0319 
30.0147 11.0000 2645.2320 0.3890 0.2086 -0.2865 2.6099 4.0000 0.2688 0.0319 
29.9592 11.0000 2623.3873 0.3957 0.2155 -0.2873 2.6197 4.0000 0.1330 0.0314 
29.8742 11.0000 2599.4118 0.3933 0.2173 -0.2807 2.6112 4.0000 0.0901 0.0401 
29.8431 11.0000 2603.8252 0.3990 0.2127 -0.2942 2.6213 5.0000 0.1319 0.0314 
29.9575 11.0000 2629.4739 0.3908 0.2205 -0.2630 2.6155 4.0000 0.1757 0.0314 
30.0229 11.0000 2644.1928 0.3836 0.2168 -0.2602 2.6183 5.0000 0.2192 0.0314 
30.0261 11.0000 2656.6258 0.3885 0.2112 -0.2770 2.6229 5.0000 0.1762 0.0314 
30.1242 11.0000 2675.8725 0.4011 0.2114 -0.2936 2.6072 5.0000 0.1304 0.0314 
29.8889 11.0000 2598.7320 0.4001 0.2206 -0.2815 2.6331 4.0000 0.1720 0.0314 
30.1389 11.0000 2687.4771 0.4032 0.2118 -0.3004 2.6038 4.0000 0.1643 0.0314 
