30.9951 11.0000 2985.6363 0.3050 0.1016 -0.3011 3.2709 6.0000 26.4113 0.0042 
30.9828 11.0000 2980.3820 0.3082 0.1043 -0.3024 3.2806 7.0000 26.3220 0.0030 
30.9849 11.0000 2982.3086 0.3086 0.1045 -0.3029 3.2803 7.0000 23.1644 0.0038 
30.9822 11.0000 2980.9277 0.3064 0.1023 -0.3015 3.2763 8.0000 22.8587 0.0038 
30.9817 11.0000 2980.0768 0.3076 0.1040 -0.3031 3.2793 7.0000 26.4094 0.0039 
30.9751 11.0000 2976.8019 0.3083 0.1036 -0.3070 3.2800 7.0000 26.2861 0.0038 
30.9653 11.0000 2973.8549 0.3085 0.1032 -0.3045 3.2769 7.0000 26.2855 0.0038 
30.9791 11.0000 2979.4488 0.3061 0.1038 -0.3001 3.2784 7.0000 24.3075 0.0038 
30.9530 11.0000 2965.2865 0.3072 0.1041 -0.3028 3.2834 7.0000 24.3921 0.0037 
30.9680 11.0000 2974.1097 0.3037 0.1033 -0.2967 3.2793 7.0000 23.9103 0.0038 
30.9953 11.0000 2985.9998 0.3030 0.1031 -0.2973 3.2765 7.0000 26.2796 0.0037 
30.9644 11.0000 2972.6483 0.3072 0.1050 -0.3011 3.2812 7.0000 3.3994 0.0030 
30.9568 11.0000 2967.3980 0.3082 0.1023 -0.3072 3.2761 7.0000 3.7636 0.0035 
30.9690 11.0000 2974.9397 0.3074 0.1017 -0.3064 3.2772 7.0000 4.3920 0.0033 
30.9726 11.0000 2976.6400 0.3050 0.1042 -0.2955 3.2783 7.0000 5.2105 0.0029 
30.9753 11.0000 2978.1360 0.3060 0.1014 -0.3034 3.2780 8.0000 9.3410 0.0045 
30.9655 11.0000 2972.7928 0.3078 0.1033 -0.3033 3.2806 7.0000 6.9781 0.0035 
30.9680 11.0000 2975.1983 0.3043 0.1031 -0.3015 3.2787 7.0000 12.4135 0.0042 
30.9608 11.0000 2974.4837 0.3068 0.1026 -0.3023 3.2739 6.0000 10.4248 0.0038 
30.9579 11.0000 2971.3751 0.3075 0.1045 -0.3029 3.2788 7.0000 9.0686 0.0035 
30.9828 11.0000 2981.8381 0.3050 0.1023 -0.3024 3.2795 8.0000 5.6449 0.0038 
30.9835 11.0000 2981.8796 0.3082 0.1043 -0.3013 3.2776 7.0000 5.5326 0.0038 
30.9933 11.0000 2985.6358 0.3095 0.1040 -0.3052 3.2765 7.0000 4.1911 0.0037 
30.9797 11.0000 2979.3520 0.3092 0.1036 -0.3085 3.2778 7.0000 4.2984 0.0039 
30.9486 11.0000 2966.6178 0.3072 0.1034 -0.3050 3.2824 7.0000 2.9928 0.0036 
30.9557 11.0000 2970.8317 0.3052 0.1020 -0.3014 3.2755 7.0000 2.9009 0.0041 
30.9958 11.0000 2986.7279 0.3043 0.1025 -0.3006 3.2787 8.0000 4.0459 0.0028 
30.9791 11.0000 2980.0799 0.3082 0.1035 -0.3024 3.2820 7.0000 3.9148 0.0030 
30.9700 11.0000 2976.5487 0.3094 0.1036 -0.3056 3.2757 7.0000 4.1295 0.0030 
30.9613 11.0000 2970.0445 0.3071 0.1043 -0.3048 3.2820 7.0000 4.6284 0.0030 
30.9679 11.0000 2973.9428 0.3051 0.1029 -0.2998 3.2772 8.0000 4.8788 0.0030 
30.9922 11.0000 2985.9230 0.3073 0.1025 -0.3035 3.2750 7.0000 5.0427 0.0030 
30.9733 11.0000 2975.6589 0.3058 0.1032 -0.3015 3.2790 8.0000 5.2222 0.0041 
30.9601 11.0000 2972.4933 0.3048 0.1043 -0.2974 3.2781 7.0000 4.1741 0.0035 
30.9744 11.0000 2975.4481 0.3057 0.1026 -0.2993 3.2768 7.0000 4.2667 0.0035 
30.9648 11.0000 2972.0018 0.3066 0.1059 -0.2955 3.2807 7.0000 3.2943 0.0032 
31.0011 11.0000 2988.0122 0.3033 0.1015 -0.2984 3.2745 7.0000 4.1819 0.0032 
30.9595 11.0000 2971.5060 0.3080 0.1031 -0.3059 3.2722 7.0000 4.2687 0.0036 
30.9931 11.0000 2983.7228 0.3062 0.1031 -0.3033 3.2796 7.0000 3.2856 0.0038 
30.9786 11.0000 2979.6149 0.3029 0.1020 -0.3017 3.2736 7.0000 6.0742 0.0048 
30.9786 11.0000 2978.9546 0.3060 0.1043 -0.2982 3.2823 7.0000 6.7640 0.0033 
30.9671 11.0000 2974.7723 0.3075 0.1040 -0.3021 3.2764 7.0000 9.2205 0.0036 
30.9562 11.0000 2971.4955 0.3050 0.1020 -0.3028 3.2814 7.0000 8.1577 0.0033 
30.9797 11.0000 2978.8489 0.3072 0.1042 -0.3035 3.2761 7.0000 7.5793 0.0048 
30.9864 11.0000 2982.8798 0.3079 0.1032 -0.3047 3.2780 7.0000 4.1788 0.0032 
30.9775 11.0000 2978.3649 0.3081 0.1027 -0.3059 3.2740 7.0000 4.2247 0.0035 
30.9877 11.0000 2982.3482 0.3081 0.1035 -0.3039 3.2771 7.0000 4.1057 0.0039 
30.9684 11.0000 2974.2859 0.3101 0.1047 -0.3072 3.2796 7.0000 4.1779 0.0037 
30.9739 11.0000 2976.7662 0.3048 0.1016 -0.3074 3.2750 7.0000 3.9499 0.0035 
30.9771 11.0000 2978.6518 0.3083 0.1052 -0.3009 3.2787 7.0000 6.9450 0.0036 
30.9829 11.0000 2979.4675 0.3050 0.1033 -0.3002 3.2799 7.0000 5.4494 0.0033 
30.9484 11.0000 2964.4406 0.3058 0.1032 -0.3044 3.2786 7.0000 5.1329 0.0033 
30.9368 11.0000 2963.5576 0.3038 0.1035 -0.3006 3.2830 7.0000 4.1760 0.0033 
30.9642 11.0000 2972.4897 0.3028 0.1020 -0.2990 3.2774 7.0000 4.3521 0.0035 
30.9869 11.0000 2984.8046 0.3052 0.1018 -0.3005 3.2773 8.0000 4.4865 0.0035 
30.9666 11.0000 2975.9820 0.3076 0.1039 -0.3021 3.2793 7.0000 4.2223 0.0037 
30.9793 11.0000 2978.5821 0.3068 0.1023 -0.3060 3.2776 8.0000 4.3830 0.0037 
30.9722 11.0000 2975.1044 0.3090 0.1033 -0.3045 3.2740 7.0000 4.3539 0.0035 
30.9844 11.0000 2980.0732 0.3052 0.1025 -0.3015 3.2831 7.0000 4.4427 0.0034 
30.9791 11.0000 2977.5953 0.3049 0.1034 -0.2991 3.2835 7.0000 4.2205 0.0036 
30.9764 11.0000 2977.2211 0.3056 0.1015 -0.3042 3.2770 7.0000 4.2186 0.0039 
30.9846 11.0000 2981.3264 0.3061 0.1032 -0.3019 3.2746 7.0000 4.3549 0.0034 
30.9644 11.0000 2972.2081 0.3059 0.1058 -0.2963 3.2776 8.0000 5.0578 0.0037 
30.9773 11.0000 2978.2008 0.3092 0.1027 -0.3059 3.2756 7.0000 5.0545 0.0036 
30.9873 11.0000 2982.3577 0.3054 0.1034 -0.3017 3.2803 7.0000 5.1014 0.0040 
30.9706 11.0000 2975.6823 0.3060 0.1016 -0.3066 3.2768 7.0000 5.3186 0.0040 
30.9789 11.0000 2978.2021 0.3038 0.1024 -0.3000 3.2730 7.0000 4.2578 0.0045 
30.9729 11.0000 2976.9020 0.3059 0.1056 -0.2989 3.2794 7.0000 4.2180 0.0036 
30.9828 11.0000 2980.6107 0.3086 0.1038 -0.3039 3.2802 7.0000 4.2237 0.0036 
30.9744 11.0000 2977.4831 0.3074 0.1027 -0.3039 3.2789 7.0000 2.9915 0.0034 
30.9657 11.0000 2973.2220 0.3062 0.1027 -0.3030 3.2767 8.0000 3.6422 0.0036 
30.9818 11.0000 2981.3740 0.3050 0.1023 -0.2998 3.2788 7.0000 4.2666 0.0039 
30.9708 11.0000 2975.5207 0.3059 0.1027 -0.3033 3.2754 7.0000 4.3545 0.0035 
30.9746 11.0000 2976.9826 0.3069 0.1034 -0.3027 3.2826 7.0000 4.4323 0.0029 
30.9621 11.0000 2971.1514 0.3068 0.1047 -0.3008 3.2772 7.0000 4.2229 0.0037 
30.9631 11.0000 2975.9361 0.3057 0.1011 -0.3051 3.2769 7.0000 5.1436 0.0036 
30.9472 11.0000 2967.4798 0.3058 0.1031 -0.3013 3.2791 7.0000 5.2797 0.0036 
30.9739 11.0000 2977.4218 0.3034 0.1026 -0.2980 3.2763 7.0000 4.3915 0.0034 
30.9759 11.0000 2977.6068 0.3068 0.1026 -0.3043 3.2772 7.0000 4.2598 0.0038 
30.9806 11.0000 2979.9880 0.3055 0.1035 -0.2993 3.2764 7.0000 4.3083 0.0034 
30.9759 11.0000 2977.6120 0.3043 0.1027 -0.3018 3.2749 8.0000 4.2651 0.0031 
30.9670 11.0000 2973.1618 0.3071 0.1042 -0.3014 3.2758 7.0000 4.4425 0.0037 
30.9791 11.0000 2979.8388 0.3084 0.1044 -0.3018 3.2760 8.0000 3.0339 0.0031 
30.9967 11.0000 2986.8584 0.3070 0.1024 -0.3014 3.2782 7.0000 4.3876 0.0039 
30.9713 11.0000 2975.5089 0.3051 0.1016 -0.3064 3.2756 8.0000 4.5755 0.0032 
30.9751 11.0000 2978.2769 0.3074 0.1038 -0.3046 3.2782 7.0000 4.3482 0.0032 
30.9729 11.0000 2977.1570 0.3054 0.1033 -0.3026 3.2774 7.0000 5.0588 0.0041 
30.9826 11.0000 2980.9840 0.3069 0.1040 -0.2996 3.2843 8.0000 5.3189 0.0030 
30.9786 11.0000 2978.5764 0.3067 0.1025 -0.3037 3.2759 8.0000 4.0422 0.0042 
30.9686 11.0000 2974.5888 0.3056 0.1032 -0.3030 3.2780 7.0000 5.3202 0.0034 
30.9915 11.0000 2984.7306 0.3060 0.1022 -0.3021 3.2805 7.0000 4.3521 0.0041 
30.9501 11.0000 2967.0229 0.3057 0.1017 -0.3050 3.2759 7.0000 4.9050 0.0041 
30.9735 11.0000 2978.3642 0.3051 0.1030 -0.3019 3.2817 7.0000 4.3958 0.0041 
30.9664 11.0000 2974.6322 0.3072 0.1038 -0.3017 3.2742 7.0000 4.4312 0.0041 
30.9813 11.0000 2978.0770 0.3071 0.1036 -0.3024 3.2762 7.0000 4.4422 0.0041 
30.9875 11.0000 2982.1144 0.3070 0.1014 -0.3082 3.2757 7.0000 4.2065 0.0041 
30.9886 11.0000 2983.7981 0.3070 0.1046 -0.3000 3.2817 7.0000 3.1187 0.0041 
30.9561 11.0000 2969.9877 0.3022 0.1013 -0.2995 3.2771 7.0000 4.3419 0.0041 
30.9951 11.0000 2987.0358 0.3072 0.1026 -0.3055 3.2745 7.0000 4.3550 0.0041 
30.9601 11.0000 2970.8460 0.3078 0.1029 -0.3066 3.2760 7.0000 4.4857 0.0041 
