30.9871 1.0000 2983.7235 0.3666 0.1343 -0.2872 3.3374 8.0000 29.2879 0.0031 
30.9858 1.0000 2982.8817 0.3646 0.1346 -0.2820 3.3414 7.0000 28.9800 0.0025 
30.9778 1.0000 2978.3758 0.3631 0.1334 -0.2856 3.3413 8.0000 29.2842 0.0030 
30.9712 1.0000 2977.8964 0.3638 0.1347 -0.2830 3.3450 8.0000 26.2493 0.0028 
31.0139 1.0000 2994.4190 0.3672 0.1348 -0.2889 3.3367 7.0000 27.7047 0.0028 
30.9775 1.0000 2977.5204 0.3670 0.1342 -0.2871 3.3425 7.0000 28.5455 0.0028 
30.9837 1.0000 2983.3972 0.3647 0.1347 -0.2852 3.3436 7.0000 29.4150 0.0028 
30.9789 1.0000 2979.0575 0.3659 0.1344 -0.2842 3.3460 7.0000 29.3737 0.0033 
30.9966 1.0000 2987.4283 0.3674 0.1341 -0.2878 3.3396 7.0000 26.1600 0.0035 
30.9859 1.0000 2982.8982 0.3690 0.1343 -0.2873 3.3425 7.0000 28.1368 0.0030 
31.0044 1.0000 2990.6887 0.3667 0.1326 -0.2889 3.3358 7.0000 26.1154 0.0025 
31.0090 1.0000 2992.5583 0.3647 0.1344 -0.2838 3.3406 8.0000 3.1687 0.0032 
30.9784 1.0000 2979.4471 0.3665 0.1326 -0.2859 3.3411 7.0000 3.7359 0.0027 
30.9904 1.0000 2985.0760 0.3655 0.1334 -0.2879 3.3398 7.0000 4.5321 0.0031 
31.0105 1.0000 2992.9402 0.3683 0.1364 -0.2823 3.3442 7.0000 4.4450 0.0031 
30.9998 1.0000 2987.7923 0.3654 0.1343 -0.2822 3.3465 7.0000 4.4407 0.0033 
30.9886 1.0000 2982.2288 0.3662 0.1338 -0.2850 3.3377 7.0000 6.0729 0.0032 
30.9928 1.0000 2984.0216 0.3645 0.1346 -0.2856 3.3451 7.0000 4.9186 0.0032 
30.9923 1.0000 2983.5984 0.3660 0.1333 -0.2857 3.3459 7.0000 5.5204 0.0035 
30.9739 1.0000 2978.3211 0.3631 0.1351 -0.2809 3.3420 7.0000 7.8920 0.0036 
30.9768 1.0000 2979.9121 0.3654 0.1334 -0.2858 3.3437 7.0000 5.8113 0.0036 
30.9884 1.0000 2983.9740 0.3661 0.1332 -0.2871 3.3484 8.0000 5.8732 0.0037 
31.0041 1.0000 2991.2956 0.3645 0.1352 -0.2832 3.3411 8.0000 3.8851 0.0031 
30.9908 1.0000 2983.6328 0.3661 0.1334 -0.2875 3.3343 7.0000 4.4994 0.0035 
30.9925 1.0000 2983.7002 0.3688 0.1355 -0.2879 3.3483 8.0000 6.1813 0.0029 
30.9850 1.0000 2982.9693 0.3670 0.1316 -0.2905 3.3349 7.0000 6.1706 0.0029 
30.9740 1.0000 2976.8770 0.3648 0.1323 -0.2883 3.3361 7.0000 4.6149 0.0038 
31.0028 1.0000 2987.6188 0.3653 0.1340 -0.2845 3.3369 8.0000 4.3245 0.0029 
30.9735 1.0000 2978.7273 0.3673 0.1354 -0.2826 3.3444 7.0000 4.5963 0.0038 
30.9871 1.0000 2982.3212 0.3645 0.1325 -0.2881 3.3392 8.0000 3.4327 0.0029 
30.9784 1.0000 2978.7299 0.3646 0.1327 -0.2857 3.3377 8.0000 4.7951 0.0037 
30.9891 1.0000 2982.0541 0.3689 0.1344 -0.2947 3.3439 8.0000 4.7894 0.0037 
30.9891 1.0000 2983.4358 0.3676 0.1352 -0.2864 3.3412 7.0000 4.9257 0.0034 
30.9680 1.0000 2975.7722 0.3634 0.1345 -0.2848 3.3406 8.0000 4.1709 0.0033 
30.9791 1.0000 2978.0350 0.3629 0.1328 -0.2859 3.3408 7.0000 4.9750 0.0035 
30.9794 1.0000 2980.0619 0.3639 0.1319 -0.2917 3.3400 8.0000 5.4519 0.0039 
30.9967 1.0000 2985.2529 0.3686 0.1322 -0.2908 3.3350 7.0000 4.5737 0.0034 
30.9964 1.0000 2985.4144 0.3644 0.1339 -0.2839 3.3444 7.0000 5.2766 0.0031 
30.9891 1.0000 2984.6283 0.3659 0.1327 -0.2894 3.3427 7.0000 10.7973 0.0032 
30.9980 1.0000 2985.5975 0.3646 0.1338 -0.2858 3.3387 7.0000 11.8621 0.0034 
30.9716 1.0000 2978.1954 0.3656 0.1354 -0.2841 3.3464 8.0000 11.3801 0.0032 
30.9827 1.0000 2981.7810 0.3647 0.1327 -0.2858 3.3413 7.0000 4.9740 0.0031 
30.9855 1.0000 2981.9719 0.3678 0.1348 -0.2867 3.3418 7.0000 5.4546 0.0031 
30.9840 1.0000 2983.3917 0.3650 0.1337 -0.2858 3.3472 7.0000 5.4562 0.0028 
30.9902 1.0000 2983.3508 0.3669 0.1345 -0.2854 3.3432 7.0000 4.7052 0.0038 
30.9786 1.0000 2979.1503 0.3644 0.1332 -0.2847 3.3435 7.0000 3.4723 0.0037 
30.9657 1.0000 2973.6502 0.3638 0.1318 -0.2857 3.3438 7.0000 4.7915 0.0035 
30.9801 1.0000 2979.4992 0.3690 0.1358 -0.2869 3.3454 7.0000 4.6610 0.0033 
30.9895 1.0000 2983.7309 0.3645 0.1342 -0.2848 3.3412 8.0000 4.6189 0.0036 
30.9874 1.0000 2982.2931 0.3665 0.1364 -0.2810 3.3432 7.0000 4.7485 0.0036 
30.9843 1.0000 2981.7307 0.3678 0.1349 -0.2852 3.3406 8.0000 5.9845 0.0027 
30.9905 1.0000 2986.9842 0.3661 0.1347 -0.2854 3.3406 7.0000 6.0707 0.0027 
30.9987 1.0000 2989.3168 0.3666 0.1354 -0.2868 3.3415 7.0000 4.8755 0.0027 
30.9971 1.0000 2986.2021 0.3653 0.1318 -0.2885 3.3457 7.0000 5.1897 0.0027 
30.9725 1.0000 2976.7482 0.3637 0.1336 -0.2837 3.3388 7.0000 5.3245 0.0034 
30.9686 1.0000 2974.4931 0.3656 0.1310 -0.2935 3.3456 8.0000 3.3003 0.0036 
30.9781 1.0000 2977.7770 0.3686 0.1346 -0.2890 3.3419 7.0000 4.7061 0.0037 
30.9742 1.0000 2977.3090 0.3655 0.1337 -0.2869 3.3418 8.0000 4.7471 0.0039 
30.9853 1.0000 2982.3533 0.3653 0.1347 -0.2852 3.3446 8.0000 4.6452 0.0039 
30.9747 1.0000 2975.5998 0.3642 0.1339 -0.2881 3.3380 7.0000 4.7505 0.0029 
31.0031 1.0000 2989.9314 0.3700 0.1360 -0.2879 3.3475 7.0000 4.5610 0.0031 
30.9858 1.0000 2983.6740 0.3636 0.1331 -0.2853 3.3412 7.0000 6.0789 0.0027 
31.0039 1.0000 2989.0897 0.3674 0.1329 -0.2904 3.3409 8.0000 6.0427 0.0027 
30.9806 1.0000 2979.5636 0.3644 0.1327 -0.2886 3.3433 7.0000 5.4854 0.0034 
30.9812 1.0000 2980.4013 0.3667 0.1345 -0.2880 3.3469 8.0000 6.8565 0.0034 
30.9747 1.0000 2976.2327 0.3660 0.1331 -0.2879 3.3382 7.0000 6.3708 0.0027 
30.9729 1.0000 2976.4709 0.3635 0.1309 -0.2894 3.3397 7.0000 4.7495 0.0042 
30.9644 1.0000 2973.5699 0.3665 0.1349 -0.2879 3.3444 7.0000 3.4312 0.0033 
30.9716 1.0000 2975.7624 0.3643 0.1336 -0.2846 3.3412 7.0000 4.7069 0.0029 
30.9953 1.0000 2986.6371 0.3640 0.1327 -0.2875 3.3393 7.0000 3.3884 0.0036 
30.9892 1.0000 2982.7302 0.3644 0.1333 -0.2873 3.3453 7.0000 4.7466 0.0039 
31.0020 1.0000 2989.1891 0.3684 0.1346 -0.2893 3.3462 7.0000 4.7915 0.0033 
30.9590 1.0000 2970.8832 0.3663 0.1336 -0.2881 3.3481 8.0000 6.4050 0.0029 
30.9799 1.0000 2979.9297 0.3659 0.1330 -0.2849 3.3415 7.0000 6.4088 0.0033 
31.0034 1.0000 2989.8399 0.3651 0.1324 -0.2864 3.3394 7.0000 4.9260 0.0040 
30.9828 1.0000 2981.8735 0.3634 0.1317 -0.2896 3.3389 7.0000 4.8376 0.0040 
30.9840 1.0000 2981.6951 0.3665 0.1357 -0.2859 3.3400 8.0000 5.0375 0.0040 
30.9565 1.0000 2969.0998 0.3676 0.1348 -0.2901 3.3414 7.0000 4.8362 0.0029 
30.9964 1.0000 2986.3897 0.3652 0.1338 -0.2840 3.3445 8.0000 3.3886 0.0037 
30.9750 1.0000 2976.8987 0.3646 0.1329 -0.2848 3.3367 9.0000 3.3880 0.0033 
30.9673 1.0000 2976.2931 0.3685 0.1350 -0.2877 3.3449 7.0000 3.4748 0.0033 
30.9830 1.0000 2980.8621 0.3668 0.1347 -0.2854 3.3372 7.0000 4.7397 0.0042 
30.9979 1.0000 2987.9595 0.3666 0.1320 -0.2905 3.3412 7.0000 4.9120 0.0029 
30.9828 1.0000 2981.5292 0.3646 0.1332 -0.2861 3.3437 8.0000 3.5552 0.0036 
30.9771 1.0000 2978.6077 0.3628 0.1331 -0.2846 3.3356 8.0000 5.6177 0.0035 
30.9629 1.0000 2971.3650 0.3641 0.1336 -0.2837 3.3368 7.0000 5.5728 0.0035 
30.9765 1.0000 2977.8413 0.3638 0.1330 -0.2859 3.3374 8.0000 7.8311 0.0032 
30.9868 1.0000 2983.8400 0.3629 0.1350 -0.2820 3.3392 7.0000 9.2334 0.0032 
30.9708 1.0000 2975.6425 0.3664 0.1325 -0.2888 3.3385 7.0000 8.4006 0.0032 
30.9858 1.0000 2981.7760 0.3625 0.1337 -0.2819 3.3448 8.0000 4.7963 0.0032 
30.9917 1.0000 2983.7255 0.3640 0.1305 -0.2868 3.3386 7.0000 4.0943 0.0027 
30.9578 1.0000 2972.7541 0.3660 0.1342 -0.2877 3.3421 7.0000 5.5839 0.0027 
30.9737 1.0000 2975.2678 0.3674 0.1338 -0.2890 3.3381 7.0000 4.8374 0.0027 
30.9975 1.0000 2987.9997 0.3663 0.1330 -0.2881 3.3445 7.0000 3.4283 0.0027 
30.9779 1.0000 2978.8797 0.3629 0.1348 -0.2800 3.3423 7.0000 4.7959 0.0027 
30.9730 1.0000 2975.7402 0.3653 0.1340 -0.2848 3.3443 7.0000 5.1048 0.0027 
30.9864 1.0000 2982.4239 0.3681 0.1326 -0.2935 3.3431 7.0000 4.9791 0.0027 
31.0025 1.0000 2991.1448 0.3649 0.1324 -0.2876 3.3414 7.0000 7.5203 0.0027 
30.9868 1.0000 2982.4155 0.3677 0.1338 -0.2878 3.3416 7.0000 10.1185 0.0027 
31.0015 1.0000 2988.7848 0.3652 0.1313 -0.2920 3.3403 7.0000 9.4479 0.0027 
