30.6939 11.0000 2861.5850 0.4271 0.2037 -0.2536 3.0225 6.0000 2.8897 0.0150 
30.6536 11.0000 2849.3273 0.4150 0.1987 -0.2524 3.0019 6.0000 2.7655 0.0150 
30.5223 11.0000 2786.8867 0.4216 0.2003 -0.2664 3.0229 6.0000 2.8604 0.0158 
30.5855 11.0000 2823.4188 0.4331 0.2061 -0.2655 3.0235 6.0000 2.6535 0.0150 
30.5300 11.0000 2810.4254 0.4205 0.2005 -0.2604 3.0135 5.0000 2.6486 0.0169 
30.6329 11.0000 2836.1084 0.4243 0.2017 -0.2653 3.0205 5.0000 2.9636 0.0150 
30.6443 11.0000 2837.1786 0.4243 0.2016 -0.2716 3.0184 7.0000 2.9592 0.0189 
30.5670 11.0000 2824.7870 0.4149 0.1997 -0.2540 3.0059 5.0000 2.9609 0.0169 
30.5942 11.0000 2810.6710 0.4102 0.1982 -0.2555 3.0087 6.0000 3.0427 0.0158 
30.4793 11.0000 2770.5877 0.4249 0.2045 -0.2676 3.0249 6.0000 2.7659 0.0155 
30.5098 11.0000 2793.9668 0.4181 0.2024 -0.2553 3.0253 6.0000 3.0460 0.0157 
30.5703 11.0000 2819.3143 0.4257 0.2031 -0.2702 3.0065 5.0000 0.3112 0.0170 
30.6285 11.0000 2846.5686 0.4219 0.2021 -0.2578 3.0125 5.0000 0.5209 0.0180 
30.6040 11.0000 2857.7271 0.4224 0.2043 -0.2503 3.0083 5.0000 0.4778 0.0165 
30.6623 11.0000 2857.1977 0.4185 0.1991 -0.2607 3.0011 5.0000 0.3958 0.0163 
30.6285 11.0000 2823.1220 0.4179 0.1997 -0.2608 3.0153 6.0000 0.5271 0.0170 
30.6073 11.0000 2804.5882 0.4215 0.2023 -0.2667 3.0258 5.0000 0.6999 0.0171 
30.5844 11.0000 2822.5937 0.4250 0.2008 -0.2742 3.0178 6.0000 0.9660 0.0171 
30.6541 11.0000 2863.0746 0.4203 0.1998 -0.2599 3.0203 6.0000 0.7884 0.0170 
30.4788 11.0000 2755.3344 0.4226 0.2046 -0.2645 3.0358 5.0000 0.8310 0.0163 
30.6133 11.0000 2839.8028 0.4287 0.2028 -0.2669 3.0118 5.0000 0.6671 0.0172 
30.5664 11.0000 2806.1912 0.4187 0.2014 -0.2638 3.0197 6.0000 0.4842 0.0128 
30.5812 11.0000 2829.6264 0.4198 0.2009 -0.2624 3.0227 6.0000 0.5224 0.0166 
30.5376 11.0000 2794.3513 0.4111 0.1990 -0.2515 3.0150 6.0000 0.3522 0.0170 
30.5681 11.0000 2823.7233 0.4156 0.1984 -0.2572 3.0016 5.0000 0.5269 0.0179 
30.5327 11.0000 2801.6563 0.4193 0.2011 -0.2612 3.0100 6.0000 0.5644 0.0159 
30.5866 11.0000 2830.3214 0.4094 0.1947 -0.2546 3.0028 6.0000 0.6091 0.0193 
30.6503 11.0000 2863.8965 0.4130 0.1980 -0.2513 3.0046 6.0000 0.5215 0.0159 
30.5648 11.0000 2786.2958 0.4214 0.2044 -0.2639 3.0257 6.0000 0.4848 0.0165 
30.5610 11.0000 2806.5027 0.4252 0.2075 -0.2582 3.0183 5.0000 0.6571 0.0144 
30.6939 11.0000 2856.4809 0.4311 0.2051 -0.2678 3.0117 5.0000 0.7320 0.0144 
30.5387 11.0000 2782.0539 0.4163 0.2023 -0.2566 3.0295 5.0000 0.6560 0.0173 
30.5659 11.0000 2828.9902 0.4223 0.2006 -0.2640 3.0157 5.0000 0.6595 0.0173 
30.5790 11.0000 2791.1601 0.4244 0.2024 -0.2708 3.0276 6.0000 0.3532 0.0188 
30.5398 11.0000 2811.1759 0.4262 0.2008 -0.2723 3.0164 5.0000 0.5279 0.0154 
30.4984 11.0000 2766.5305 0.4236 0.2067 -0.2659 3.0113 6.0000 0.6026 0.0167 
30.6013 11.0000 2820.1405 0.4212 0.1994 -0.2692 3.0006 6.0000 0.3527 0.0179 
30.6029 11.0000 2829.6710 0.4286 0.2027 -0.2728 3.0120 5.0000 0.5236 0.0162 
30.5828 11.0000 2843.4346 0.4196 0.2047 -0.2440 3.0209 5.0000 0.4786 0.0155 
30.6460 11.0000 2846.5136 0.4287 0.2033 -0.2654 3.0225 6.0000 0.5685 0.0164 
30.5871 11.0000 2828.5822 0.4168 0.1999 -0.2567 3.0149 6.0000 0.6018 0.0163 
30.5572 11.0000 2787.7331 0.4218 0.2025 -0.2731 3.0195 5.0000 0.4815 0.0178 
30.5681 11.0000 2814.6694 0.4193 0.2005 -0.2618 3.0087 6.0000 0.7412 0.0178 
30.5120 11.0000 2782.8252 0.4239 0.2031 -0.2707 3.0077 5.0000 0.6621 0.0178 
30.6160 11.0000 2830.9259 0.4067 0.1946 -0.2501 3.0065 5.0000 0.3938 0.0165 
30.5398 11.0000 2810.4668 0.4254 0.2006 -0.2730 3.0091 5.0000 0.5277 0.0183 
30.5773 11.0000 2818.5343 0.4275 0.2025 -0.2720 3.0201 5.0000 0.3944 0.0142 
30.5899 11.0000 2832.0675 0.4185 0.1985 -0.2638 3.0119 6.0000 0.5282 0.0178 
30.6111 11.0000 2819.3361 0.4234 0.2022 -0.2639 3.0247 6.0000 0.5281 0.0179 
30.5839 11.0000 2838.7936 0.4136 0.1961 -0.2492 3.0093 6.0000 0.5274 0.0169 
30.5866 11.0000 2833.6481 0.4279 0.2026 -0.2657 3.0020 6.0000 0.5698 0.0171 
30.5436 11.0000 2807.2631 0.4289 0.2018 -0.2782 3.0082 6.0000 0.5303 0.0168 
30.6149 11.0000 2840.2179 0.4175 0.1985 -0.2529 3.0060 5.0000 0.7047 0.0180 
30.5463 11.0000 2818.4080 0.4203 0.2009 -0.2628 3.0096 5.0000 0.7937 0.0168 
30.5806 11.0000 2798.8317 0.4142 0.2016 -0.2552 3.0138 5.0000 0.6188 0.0180 
30.6520 11.0000 2841.0147 0.4261 0.1989 -0.2828 3.0015 5.0000 0.5276 0.0170 
30.5278 11.0000 2789.3115 0.4164 0.1988 -0.2654 3.0165 6.0000 0.3938 0.0177 
30.5436 11.0000 2783.9782 0.4257 0.2007 -0.2773 3.0123 5.0000 0.5281 0.0148 
30.5387 11.0000 2796.2669 0.4155 0.2019 -0.2530 3.0188 6.0000 0.5273 0.0168 
30.5692 11.0000 2813.6977 0.4199 0.1998 -0.2639 3.0153 6.0000 0.5685 0.0172 
30.5447 11.0000 2819.1089 0.4284 0.2068 -0.2588 3.0294 6.0000 0.5590 0.0166 
30.5637 11.0000 2831.5098 0.4139 0.1965 -0.2480 3.0040 6.0000 0.3951 0.0168 
30.5724 11.0000 2801.5692 0.4242 0.2019 -0.2729 3.0174 6.0000 0.5298 0.0121 
30.5381 11.0000 2775.0795 0.4162 0.2008 -0.2670 3.0247 6.0000 0.7845 0.0149 
30.6024 11.0000 2834.1149 0.4170 0.1981 -0.2547 3.0069 5.0000 0.5661 0.0179 
30.5893 11.0000 2810.8263 0.4258 0.2079 -0.2578 3.0244 6.0000 0.5665 0.0149 
30.5664 11.0000 2817.2277 0.4206 0.2011 -0.2624 3.0069 6.0000 0.5312 0.0153 
30.6340 11.0000 2830.1607 0.4211 0.1992 -0.2654 3.0096 5.0000 0.5282 0.0153 
30.5741 11.0000 2815.9385 0.4193 0.1983 -0.2671 3.0017 5.0000 0.5276 0.0152 
30.5724 11.0000 2803.1307 0.4301 0.2054 -0.2749 3.0220 5.0000 0.3950 0.0146 
30.5615 11.0000 2829.2500 0.4261 0.2033 -0.2606 3.0148 6.0000 0.5290 0.0148 
30.5795 11.0000 2815.4597 0.4226 0.2019 -0.2646 3.0138 7.0000 0.5288 0.0168 
30.7151 11.0000 2870.1198 0.4178 0.1986 -0.2549 3.0069 5.0000 0.5276 0.0172 
30.5392 11.0000 2812.0730 0.4231 0.2027 -0.2698 3.0096 5.0000 0.5694 0.0110 
30.6296 11.0000 2834.5245 0.4140 0.1990 -0.2574 3.0135 7.0000 0.5291 0.0130 
30.6187 11.0000 2836.2495 0.4176 0.2023 -0.2522 3.0054 5.0000 0.6807 0.0130 
30.6574 11.0000 2867.1209 0.4146 0.1988 -0.2485 3.0141 6.0000 0.8571 0.0140 
30.5659 11.0000 2806.0877 0.4194 0.1990 -0.2697 3.0083 5.0000 0.9500 0.0152 
30.6400 11.0000 2829.4112 0.4142 0.1980 -0.2561 3.0166 6.0000 0.9253 0.0188 
30.6204 11.0000 2839.9978 0.4288 0.2027 -0.2677 3.0246 6.0000 0.3960 0.0167 
30.6345 11.0000 2847.1008 0.4197 0.1998 -0.2596 3.0087 6.0000 0.5265 0.0137 
30.5741 11.0000 2841.1765 0.4161 0.1997 -0.2510 3.0024 6.0000 0.5682 0.0147 
30.5610 11.0000 2813.4978 0.4082 0.1971 -0.2506 3.0060 5.0000 0.4872 0.0186 
30.5763 11.0000 2799.9031 0.4305 0.2048 -0.2716 3.0316 6.0000 0.5288 0.0183 
30.7478 11.0000 2893.4880 0.4186 0.2009 -0.2511 3.0074 5.0000 0.3546 0.0187 
30.6209 11.0000 2852.5027 0.4223 0.2019 -0.2540 3.0246 6.0000 0.5608 0.0203 
30.6874 11.0000 2877.3393 0.4200 0.1970 -0.2652 3.0042 6.0000 0.5263 0.0182 
30.6585 11.0000 2842.6111 0.4168 0.1977 -0.2640 3.0028 5.0000 0.5688 0.0154 
30.6106 11.0000 2823.5583 0.4216 0.2004 -0.2682 3.0121 5.0000 0.5735 0.0154 
30.5131 11.0000 2763.1585 0.4138 0.2010 -0.2621 3.0219 5.0000 0.5732 0.0154 
30.6661 11.0000 2880.2887 0.4212 0.1989 -0.2553 3.0023 5.0000 0.5288 0.0155 
30.5153 11.0000 2774.8720 0.4232 0.2023 -0.2721 3.0266 6.0000 0.5261 0.0155 
30.6362 11.0000 2852.2647 0.4109 0.1980 -0.2551 3.0055 6.0000 0.3941 0.0155 
30.5180 11.0000 2813.4434 0.4309 0.2066 -0.2637 3.0170 5.0000 0.5294 0.0155 
30.5278 11.0000 2788.9782 0.4133 0.1973 -0.2610 3.0162 6.0000 0.5285 0.0155 
30.5310 11.0000 2802.6383 0.4213 0.2005 -0.2675 3.0113 5.0000 0.5294 0.0155 
30.4684 11.0000 2785.0447 0.4098 0.2030 -0.2383 3.0218 5.0000 0.5285 0.0155 
30.6144 11.0000 2848.9221 0.4209 0.2014 -0.2573 3.0094 5.0000 0.5293 0.0155 
30.5910 11.0000 2810.7898 0.4254 0.2023 -0.2714 3.0099 5.0000 0.6364 0.0155 
30.6122 11.0000 2837.5626 0.4276 0.2015 -0.2681 3.0214 6.0000 0.4812 0.0155 
