30.3521 1.0000 2748.5940 0.4384 0.2135 -0.2857 2.8781 5.0000 1.3579 0.0266 
30.3170 1.0000 2733.4869 0.4445 0.2167 -0.2882 2.8865 5.0000 1.3988 0.0266 
30.3676 1.0000 2732.2819 0.4383 0.2197 -0.2787 2.8806 5.0000 1.5835 0.0241 
30.3546 1.0000 2769.8922 0.4351 0.2130 -0.2877 2.8870 5.0000 1.4051 0.0266 
30.5392 1.0000 2830.7917 0.4219 0.2094 -0.2672 2.8743 5.0000 1.5811 0.0266 
30.3415 1.0000 2717.8301 0.4249 0.2162 -0.2610 2.8880 5.0000 1.5422 0.0233 
30.3088 1.0000 2710.8162 0.4370 0.2183 -0.2805 2.8926 5.0000 1.5834 0.0207 
30.2998 1.0000 2710.0882 0.4455 0.2261 -0.2763 2.9016 5.0000 1.5385 0.0266 
30.4665 1.0000 2782.7369 0.4361 0.2161 -0.2625 2.8725 5.0000 1.4976 0.0266 
30.3775 1.0000 2756.5180 0.4371 0.2188 -0.2728 2.8799 6.0000 1.5881 0.0207 
30.5629 1.0000 2821.0368 0.4299 0.2127 -0.2667 2.8738 5.0000 1.5754 0.0266 
30.4567 1.0000 2776.4355 0.4375 0.2168 -0.2798 2.8958 5.0000 0.2607 0.0205 
30.3962 1.0000 2747.3521 0.4433 0.2192 -0.2941 2.8794 5.0000 0.2578 0.0236 
30.2819 1.0000 2720.9355 0.4310 0.2138 -0.2752 2.8833 5.0000 0.2629 0.0230 
30.4763 1.0000 2799.0972 0.4387 0.2172 -0.2802 2.8702 5.0000 0.5982 0.0270 
30.3423 1.0000 2730.8497 0.4286 0.2174 -0.2591 2.9031 5.0000 0.8657 0.0270 
30.2247 1.0000 2692.9943 0.4384 0.2234 -0.2716 2.8988 5.0000 0.8596 0.0270 
30.3538 1.0000 2733.0556 0.4464 0.2232 -0.2875 2.8967 6.0000 0.9543 0.0270 
30.3023 1.0000 2730.9853 0.4468 0.2204 -0.2898 2.8720 5.0000 1.0496 0.0232 
30.4387 1.0000 2803.1029 0.4419 0.2166 -0.2775 2.8671 5.0000 0.9646 0.0232 
30.5057 1.0000 2830.3391 0.4482 0.2233 -0.2746 2.8775 5.0000 0.9660 0.0270 
30.3709 1.0000 2721.1708 0.4310 0.2178 -0.2723 2.8830 5.0000 0.3923 0.0244 
30.3456 1.0000 2736.3824 0.4276 0.2133 -0.2689 2.8710 5.0000 0.2175 0.0205 
30.4616 1.0000 2787.0286 0.4303 0.2158 -0.2680 2.8790 5.0000 0.1773 0.0232 
30.3873 1.0000 2743.1087 0.4326 0.2141 -0.2723 2.8916 5.0000 0.2666 0.0207 
30.2680 1.0000 2719.8546 0.4357 0.2153 -0.2732 2.8820 5.0000 0.3049 0.0210 
30.3824 1.0000 2795.5016 0.4268 0.2152 -0.2519 2.8717 5.0000 0.4819 0.0238 
30.2712 1.0000 2696.2467 0.4325 0.2157 -0.2798 2.8917 5.0000 0.8309 0.0200 
30.2663 1.0000 2707.3145 0.4348 0.2195 -0.2718 2.8962 6.0000 0.9609 0.0244 
30.5229 1.0000 2819.4698 0.4229 0.2165 -0.2407 2.8748 5.0000 1.0540 0.0235 
30.3554 1.0000 2735.6397 0.4280 0.2176 -0.2634 2.8804 5.0000 1.0936 0.0207 
30.4714 1.0000 2792.2549 0.4308 0.2122 -0.2710 2.8722 5.0000 0.9637 0.0216 
30.2974 1.0000 2699.9158 0.4488 0.2199 -0.3011 2.8898 5.0000 1.0489 0.0200 
30.4624 1.0000 2796.7655 0.4260 0.2153 -0.2543 2.8899 5.0000 0.7486 0.0239 
30.4281 1.0000 2771.6748 0.4256 0.2138 -0.2537 2.8764 5.0000 0.3066 0.0248 
30.4559 1.0000 2796.0482 0.4282 0.2142 -0.2595 2.8819 5.0000 0.2178 0.0198 
30.4485 1.0000 2780.4322 0.4309 0.2158 -0.2666 2.8746 6.0000 0.3073 0.0227 
30.4828 1.0000 2811.9028 0.4476 0.2141 -0.2806 2.8806 6.0000 0.2648 0.0194 
30.3652 1.0000 2729.2819 0.4398 0.2185 -0.2765 2.8877 5.0000 0.2203 0.0277 
30.3456 1.0000 2741.8905 0.4367 0.2148 -0.2861 2.8768 5.0000 0.3076 0.0240 
30.4779 1.0000 2799.1413 0.4302 0.2161 -0.2623 2.8715 5.0000 0.2654 0.0240 
30.3734 1.0000 2727.2353 0.4320 0.2153 -0.2805 2.8792 5.0000 0.3507 0.0257 
30.4118 1.0000 2759.3701 0.4287 0.2111 -0.2740 2.8746 5.0000 0.3900 0.0243 
30.4567 1.0000 2802.3105 0.4320 0.2165 -0.2591 2.8744 6.0000 0.2636 0.0257 
30.3619 1.0000 2730.9322 0.4283 0.2157 -0.2693 2.8986 5.0000 0.2669 0.0257 
30.3342 1.0000 2718.8864 0.4228 0.2192 -0.2461 2.8925 5.0000 0.3041 0.0240 
30.2492 1.0000 2701.3301 0.4093 0.2109 -0.2440 2.8790 5.0000 0.3074 0.0231 
30.3962 1.0000 2797.7328 0.4308 0.2177 -0.2586 2.8995 5.0000 0.2202 0.0209 
30.4943 1.0000 2813.2230 0.4312 0.2215 -0.2484 2.8798 5.0000 0.3075 0.0233 
30.4493 1.0000 2806.0891 0.4234 0.2100 -0.2599 2.8744 5.0000 0.2652 0.0225 
30.3570 1.0000 2743.8930 0.4350 0.2146 -0.2834 2.8858 5.0000 0.2188 0.0248 
30.3333 1.0000 2724.9461 0.4268 0.2133 -0.2660 2.8770 5.0000 0.4420 0.0216 
30.3129 1.0000 2723.3243 0.4248 0.2138 -0.2691 2.8823 5.0000 0.5219 0.0187 
30.3505 1.0000 2745.1838 0.4369 0.2217 -0.2664 2.8794 5.0000 0.2125 0.0233 
30.3072 1.0000 2742.6740 0.4226 0.2152 -0.2536 2.8812 5.0000 0.3048 0.0187 
30.5180 1.0000 2784.3627 0.4292 0.2115 -0.2676 2.8739 5.0000 0.3515 0.0255 
30.3578 1.0000 2739.8260 0.4334 0.2197 -0.2716 2.8784 5.0000 0.3946 0.0212 
30.3440 1.0000 2731.8513 0.4357 0.2222 -0.2600 2.8982 5.0000 0.3044 0.0255 
30.3848 1.0000 2764.4224 0.4378 0.2196 -0.2662 2.8952 5.0000 0.3076 0.0255 
30.3783 1.0000 2724.9224 0.4401 0.2258 -0.2672 2.9108 5.0000 0.2668 0.0255 
30.3056 1.0000 2741.1855 0.4247 0.2153 -0.2598 2.8781 5.0000 0.2597 0.0216 
30.4036 1.0000 2746.9142 0.4419 0.2181 -0.2950 2.8802 5.0000 0.3070 0.0193 
30.4306 1.0000 2783.7802 0.4187 0.2147 -0.2480 2.8748 5.0000 0.2676 0.0185 
30.3456 1.0000 2736.1185 0.4267 0.2116 -0.2615 2.8777 5.0000 0.3535 0.0257 
30.4992 1.0000 2819.8856 0.4300 0.2070 -0.2641 2.8579 5.0000 0.3519 0.0242 
30.5172 1.0000 2797.6683 0.4346 0.2163 -0.2742 2.8831 5.0000 0.2609 0.0201 
30.3987 1.0000 2738.9845 0.4328 0.2182 -0.2680 2.8754 5.0000 0.4301 0.0208 
30.4420 1.0000 2804.8260 0.4355 0.2140 -0.2739 2.8834 5.0000 0.3970 0.0208 
30.3137 1.0000 2708.5065 0.4416 0.2223 -0.2796 2.8834 5.0000 0.2657 0.0231 
30.3382 1.0000 2721.1234 0.4259 0.2165 -0.2600 2.8884 5.0000 0.3341 0.0241 
30.3007 1.0000 2727.2884 0.4265 0.2137 -0.2673 2.8919 5.0000 0.5124 0.0275 
30.3529 1.0000 2740.9134 0.4304 0.2165 -0.2674 2.8897 6.0000 0.5264 0.0231 
30.4730 1.0000 2799.0106 0.4197 0.2117 -0.2612 2.8851 5.0000 0.5256 0.0275 
30.5229 1.0000 2811.9158 0.4341 0.2153 -0.2635 2.8810 5.0000 0.2187 0.0247 
30.3382 1.0000 2763.0049 0.4271 0.2147 -0.2652 2.8753 5.0000 0.3072 0.0177 
30.3529 1.0000 2757.5180 0.4315 0.2136 -0.2755 2.8755 5.0000 0.2194 0.0201 
30.3088 1.0000 2716.4526 0.4381 0.2214 -0.2722 2.8863 5.0000 0.3068 0.0214 
30.4526 1.0000 2775.9559 0.4300 0.2167 -0.2614 2.8742 5.0000 0.3067 0.0241 
30.4534 1.0000 2811.0008 0.4378 0.2168 -0.2626 2.8697 5.0000 0.3470 0.0232 
30.5449 1.0000 2836.9346 0.4344 0.2133 -0.2652 2.8655 5.0000 0.3057 0.0229 
30.3538 1.0000 2746.9518 0.4438 0.2186 -0.2866 2.8802 5.0000 0.2193 0.0260 
30.3856 1.0000 2752.4150 0.4276 0.2153 -0.2650 2.8889 5.0000 0.3071 0.0161 
30.2533 1.0000 2700.9257 0.4441 0.2207 -0.2850 2.9017 5.0000 0.3073 0.0197 
30.4502 1.0000 2809.7239 0.4175 0.2105 -0.2484 2.8711 5.0000 0.3525 0.0242 
30.4224 1.0000 2785.8464 0.4311 0.2112 -0.2714 2.8706 5.0000 0.3914 0.0242 
30.4747 1.0000 2790.6528 0.4167 0.2071 -0.2569 2.8540 5.0000 0.3910 0.0197 
30.4338 1.0000 2772.3317 0.4353 0.2169 -0.2705 2.8782 5.0000 0.3083 0.0242 
30.3832 1.0000 2725.7010 0.4335 0.2182 -0.2729 2.8867 5.0000 0.2186 0.0217 
30.4273 1.0000 2759.3448 0.4261 0.2164 -0.2590 2.8884 5.0000 0.3081 0.0219 
30.3538 1.0000 2725.7786 0.4337 0.2163 -0.2773 2.8854 5.0000 0.2190 0.0186 
30.2990 1.0000 2723.8015 0.4421 0.2172 -0.2903 2.8812 5.0000 0.3079 0.0219 
30.3913 1.0000 2766.2435 0.4326 0.2123 -0.2671 2.8775 5.0000 0.3083 0.0219 
30.5196 1.0000 2832.8766 0.4243 0.2113 -0.2566 2.8661 5.0000 0.2672 0.0219 
30.5940 1.0000 2816.3938 0.4402 0.2188 -0.2715 2.8771 5.0000 0.1783 0.0219 
30.3513 1.0000 2747.5678 0.4430 0.2199 -0.2863 2.8910 5.0000 0.3075 0.0219 
30.4028 1.0000 2793.7467 0.4183 0.2098 -0.2540 2.8792 5.0000 0.3948 0.0219 
30.4869 1.0000 2805.3129 0.4223 0.2111 -0.2586 2.8676 5.0000 0.3485 0.0219 
30.4730 1.0000 2820.3758 0.4349 0.2165 -0.2664 2.8666 6.0000 0.3944 0.0219 
30.4894 1.0000 2783.9935 0.4356 0.2175 -0.2763 2.8873 6.0000 0.3959 0.0219 
30.4216 1.0000 2748.3962 0.4340 0.2134 -0.2818 2.8709 5.0000 0.3944 0.0219 
