30.7667 1.0000 2887.0772 0.3814 0.1648 -0.2844 3.0724 6.0000 5.3290 0.0128 
30.7459 1.0000 2901.1287 0.3765 0.1635 -0.2764 3.0701 6.0000 4.6713 0.0096 
30.6703 1.0000 2849.9669 0.3842 0.1662 -0.2848 3.0810 5.0000 4.8018 0.0128 
30.6822 1.0000 2851.2529 0.3797 0.1618 -0.2867 3.0748 6.0000 4.7574 0.0128 
30.7574 1.0000 2886.5882 0.3790 0.1643 -0.2753 3.0745 6.0000 5.1532 0.0111 
30.7463 1.0000 2875.5735 0.3799 0.1636 -0.2854 3.0714 6.0000 4.9395 0.0128 
30.7896 1.0000 2902.8382 0.3759 0.1646 -0.2778 3.0780 6.0000 5.4176 0.0120 
30.7042 1.0000 2862.9600 0.3856 0.1654 -0.2932 3.0893 6.0000 5.2865 0.0120 
30.6728 1.0000 2867.1368 0.3850 0.1630 -0.2926 3.0850 6.0000 5.3279 0.0128 
30.7214 1.0000 2893.7128 0.3842 0.1671 -0.2827 3.0793 6.0000 4.7154 0.0096 
30.7214 1.0000 2878.7459 0.3756 0.1628 -0.2825 3.0751 6.0000 4.4056 0.0128 
30.7467 1.0000 2891.0592 0.3797 0.1653 -0.2804 3.0743 6.0000 0.8822 0.0107 
30.6744 1.0000 2852.9620 0.3800 0.1640 -0.2845 3.0727 6.0000 0.8794 0.0122 
30.6928 1.0000 2847.0192 0.3851 0.1652 -0.2906 3.0832 6.0000 0.6576 0.0106 
30.7190 1.0000 2861.3595 0.3828 0.1668 -0.2916 3.0931 6.0000 1.4884 0.0114 
30.8027 1.0000 2911.1315 0.3780 0.1628 -0.2783 3.0716 6.0000 1.4866 0.0101 
30.7717 1.0000 2893.7337 0.3792 0.1645 -0.2837 3.0839 6.0000 2.8412 0.0121 
30.7676 1.0000 2893.2753 0.3742 0.1603 -0.2801 3.0758 6.0000 3.4154 0.0121 
30.7153 1.0000 2883.0768 0.3810 0.1656 -0.2778 3.0746 6.0000 3.1626 0.0121 
30.6744 1.0000 2845.1540 0.3804 0.1638 -0.2949 3.0830 6.0000 3.2338 0.0126 
30.6981 1.0000 2857.3329 0.3818 0.1645 -0.2899 3.0730 6.0000 3.0771 0.0121 
30.7594 1.0000 2895.8697 0.3780 0.1638 -0.2839 3.0744 6.0000 2.7346 0.0114 
30.7586 1.0000 2893.9636 0.3792 0.1632 -0.2848 3.0714 6.0000 0.6140 0.0105 
30.7132 1.0000 2875.4698 0.3864 0.1647 -0.2961 3.0812 6.0000 0.9245 0.0105 
30.7766 1.0000 2891.3064 0.3859 0.1654 -0.2924 3.0884 6.0000 0.6128 0.0131 
30.7365 1.0000 2876.8178 0.3750 0.1641 -0.2772 3.0809 6.0000 0.8362 0.0121 
30.7145 1.0000 2879.4387 0.3733 0.1614 -0.2790 3.0691 6.0000 1.0580 0.0114 
30.7096 1.0000 2859.6818 0.3800 0.1650 -0.2826 3.0847 6.0000 1.3038 0.0130 
30.7157 1.0000 2864.9056 0.3802 0.1662 -0.2828 3.0823 6.0000 1.3016 0.0128 
30.6989 1.0000 2855.8260 0.3830 0.1642 -0.2925 3.0849 6.0000 1.0633 0.0128 
30.7324 1.0000 2886.9118 0.3694 0.1630 -0.2676 3.0829 6.0000 1.2318 0.0128 
30.6748 1.0000 2848.2255 0.3832 0.1643 -0.2934 3.0911 6.0000 1.2328 0.0093 
30.7635 1.0000 2892.6724 0.3757 0.1626 -0.2788 3.0799 6.0000 1.0569 0.0128 
30.6834 1.0000 2840.0078 0.3793 0.1659 -0.2815 3.0889 6.0000 0.6146 0.0122 
30.7635 1.0000 2893.5388 0.3821 0.1657 -0.2871 3.0858 6.0000 0.8365 0.0108 
30.6940 1.0000 2857.9134 0.3846 0.1683 -0.2852 3.0886 6.0000 1.0032 0.0108 
30.7145 1.0000 2858.8689 0.3895 0.1679 -0.2923 3.0857 5.0000 0.6115 0.0123 
30.6867 1.0000 2852.1724 0.3813 0.1681 -0.2826 3.0826 6.0000 0.9166 0.0116 
30.7353 1.0000 2885.0217 0.3766 0.1649 -0.2735 3.0762 6.0000 0.8777 0.0116 
30.6944 1.0000 2870.2181 0.3831 0.1636 -0.2893 3.0773 6.0000 1.0149 0.0116 
30.8007 1.0000 2919.8967 0.3847 0.1652 -0.2872 3.0759 6.0000 1.1066 0.0109 
30.7320 1.0000 2880.9060 0.3821 0.1676 -0.2793 3.0850 6.0000 1.2310 0.0098 
30.7884 1.0000 2911.2872 0.3844 0.1666 -0.2866 3.0751 5.0000 1.3452 0.0129 
30.7128 1.0000 2873.6352 0.3812 0.1646 -0.2817 3.0695 6.0000 1.2314 0.0129 
30.7533 1.0000 2888.2279 0.3821 0.1634 -0.2892 3.0725 6.0000 0.8802 0.0130 
30.6565 1.0000 2850.3484 0.3886 0.1657 -0.2953 3.0801 6.0000 0.9209 0.0111 
30.7104 1.0000 2867.4485 0.3819 0.1617 -0.2948 3.0815 6.0000 0.9186 0.0116 
30.7308 1.0000 2862.2614 0.3757 0.1628 -0.2828 3.0732 6.0000 0.9206 0.0118 
30.6961 1.0000 2857.9828 0.3833 0.1645 -0.2922 3.0805 6.0000 1.0021 0.0141 
30.7480 1.0000 2888.0417 0.3859 0.1644 -0.2901 3.0763 6.0000 1.2763 0.0141 
30.7855 1.0000 2905.6744 0.3778 0.1619 -0.2812 3.0686 6.0000 1.2751 0.0121 
30.7529 1.0000 2891.2565 0.3800 0.1663 -0.2723 3.0829 7.0000 0.8792 0.0121 
30.6900 1.0000 2852.2618 0.3785 0.1660 -0.2798 3.0903 6.0000 0.9219 0.0120 
30.7831 1.0000 2901.0298 0.3782 0.1634 -0.2792 3.0720 5.0000 1.0584 0.0120 
30.6891 1.0000 2860.9158 0.3803 0.1654 -0.2823 3.0778 6.0000 1.0984 0.0113 
30.7455 1.0000 2881.1650 0.3758 0.1642 -0.2789 3.0874 6.0000 0.6575 0.0100 
30.7312 1.0000 2857.7676 0.3825 0.1643 -0.2909 3.0788 6.0000 0.9676 0.0108 
30.7786 1.0000 2894.4747 0.3805 0.1655 -0.2805 3.0793 6.0000 0.9096 0.0124 
30.7230 1.0000 2879.6871 0.3771 0.1639 -0.2809 3.0713 6.0000 0.6174 0.0119 
30.6532 1.0000 2852.2741 0.3771 0.1643 -0.2799 3.0766 6.0000 0.9286 0.0110 
30.7161 1.0000 2869.5490 0.3764 0.1630 -0.2739 3.0743 6.0000 0.9069 0.0123 
30.7304 1.0000 2876.9269 0.3799 0.1615 -0.2934 3.0766 6.0000 1.6363 0.0128 
30.7569 1.0000 2889.1965 0.3820 0.1625 -0.2820 3.0726 6.0000 2.0467 0.0121 
30.7181 1.0000 2870.9743 0.3796 0.1650 -0.2780 3.0824 6.0000 1.9311 0.0128 
30.7390 1.0000 2878.1528 0.3825 0.1666 -0.2812 3.0825 6.0000 0.9587 0.0111 
30.6928 1.0000 2871.1912 0.3846 0.1660 -0.2835 3.0820 6.0000 0.9056 0.0111 
30.7198 1.0000 2878.3770 0.3818 0.1645 -0.2907 3.0732 6.0000 0.9667 0.0111 
30.7083 1.0000 2875.2606 0.3749 0.1633 -0.2788 3.0788 6.0000 1.0452 0.0119 
30.7557 1.0000 2903.0874 0.3770 0.1618 -0.2771 3.0678 6.0000 0.6567 0.0151 
30.7063 1.0000 2866.5180 0.3852 0.1650 -0.3005 3.0775 6.0000 1.0116 0.0102 
30.7488 1.0000 2883.0788 0.3785 0.1674 -0.2747 3.0889 6.0000 0.9668 0.0112 
30.6932 1.0000 2847.1434 0.3812 0.1628 -0.2895 3.0784 6.0000 0.9671 0.0092 
30.7157 1.0000 2883.5462 0.3788 0.1651 -0.2762 3.0755 7.0000 1.0432 0.0110 
30.6879 1.0000 2837.7096 0.3755 0.1620 -0.2885 3.0818 6.0000 0.9995 0.0104 
30.7467 1.0000 2891.5964 0.3825 0.1636 -0.2859 3.0726 6.0000 0.9204 0.0104 
30.6744 1.0000 2838.9203 0.3808 0.1618 -0.2943 3.0851 5.0000 0.9835 0.0104 
30.7100 1.0000 2868.4914 0.3832 0.1655 -0.2861 3.0770 6.0000 1.1749 0.0100 
30.6254 1.0000 2811.9804 0.3859 0.1669 -0.2954 3.0823 6.0000 1.1889 0.0124 
30.7222 1.0000 2876.7394 0.3819 0.1651 -0.2800 3.0743 6.0000 0.6182 0.0121 
30.7741 1.0000 2909.4833 0.3824 0.1643 -0.2782 3.0720 6.0000 0.9695 0.0133 
30.7410 1.0000 2882.5944 0.3842 0.1651 -0.2858 3.0745 6.0000 1.0104 0.0098 
30.8031 1.0000 2913.2083 0.3807 0.1631 -0.2827 3.0732 6.0000 0.9654 0.0099 
30.7496 1.0000 2880.8546 0.3877 0.1672 -0.2894 3.0764 6.0000 0.9682 0.0126 
30.7663 1.0000 2885.4751 0.3788 0.1677 -0.2760 3.0788 6.0000 0.9168 0.0102 
30.7798 1.0000 2899.9383 0.3821 0.1644 -0.2859 3.0761 6.0000 1.4033 0.0134 
30.7051 1.0000 2872.0556 0.3797 0.1634 -0.2828 3.0713 5.0000 1.7533 0.0134 
30.7880 1.0000 2917.3317 0.3797 0.1623 -0.2757 3.0741 6.0000 1.5374 0.0126 
30.6797 1.0000 2840.9109 0.3826 0.1672 -0.2829 3.0850 6.0000 1.2778 0.0134 
30.7136 1.0000 2868.0437 0.3817 0.1639 -0.2907 3.0740 6.0000 1.0959 0.0101 
30.6773 1.0000 2844.2141 0.3822 0.1627 -0.2968 3.0771 6.0000 0.9661 0.0123 
30.7843 1.0000 2891.5588 0.3778 0.1626 -0.2857 3.0734 6.0000 0.9679 0.0138 
30.7823 1.0000 2911.2177 0.3830 0.1667 -0.2784 3.0856 7.0000 1.0114 0.0138 
30.7100 1.0000 2857.8129 0.3834 0.1679 -0.2855 3.0812 6.0000 0.9244 0.0138 
30.6989 1.0000 2858.9077 0.3799 0.1664 -0.2842 3.0862 6.0000 0.6583 0.0138 
30.7741 1.0000 2878.7431 0.3857 0.1675 -0.2845 3.0872 6.0000 0.9643 0.0138 
30.7761 1.0000 2883.7190 0.3860 0.1653 -0.2924 3.0766 6.0000 0.9268 0.0138 
30.6993 1.0000 2865.9804 0.3852 0.1674 -0.2849 3.0836 6.0000 0.9655 0.0138 
30.6752 1.0000 2846.0543 0.3832 0.1641 -0.2935 3.0772 6.0000 0.9235 0.0138 
30.7529 1.0000 2879.7708 0.3829 0.1660 -0.2914 3.0902 7.0000 1.4070 0.0138 
30.6642 1.0000 2844.9142 0.3808 0.1664 -0.2840 3.0943 6.0000 1.1320 0.0138 
