30.3342 1.0000 2711.9616 0.4245 0.2109 -0.2835 2.8819 5.0000 1.5808 0.0211 
30.4077 1.0000 2747.9404 0.4326 0.2100 -0.2852 2.8784 5.0000 1.6040 0.0211 
30.4003 1.0000 2770.2908 0.4244 0.2100 -0.2606 2.8762 5.0000 1.4735 0.0207 
30.4158 1.0000 2755.4771 0.4205 0.2111 -0.2595 2.8774 5.0000 1.5721 0.0222 
30.4224 1.0000 2740.0907 0.4188 0.2079 -0.2695 2.8695 5.0000 1.5644 0.0207 
30.2475 1.0000 2685.2165 0.4234 0.2104 -0.2782 2.8887 5.0000 1.4278 0.0222 
30.3676 1.0000 2726.5882 0.4194 0.2009 -0.2921 2.8871 5.0000 1.4331 0.0211 
30.3489 1.0000 2735.4020 0.4280 0.2087 -0.2829 2.8820 6.0000 1.5286 0.0223 
30.4142 1.0000 2795.8440 0.4100 0.2026 -0.2532 2.8652 6.0000 1.5810 0.0256 
30.4575 1.0000 2782.5964 0.4222 0.2109 -0.2694 2.8792 5.0000 1.5676 0.0211 
30.4641 1.0000 2789.6446 0.4120 0.2048 -0.2576 2.8709 5.0000 1.5607 0.0211 
30.3113 1.0000 2732.6299 0.4244 0.2102 -0.2745 2.8669 5.0000 0.2108 0.0292 
30.4101 1.0000 2745.2574 0.4251 0.2133 -0.2723 2.8818 5.0000 0.3057 0.0243 
30.4559 1.0000 2744.8930 0.4214 0.2100 -0.2820 2.8833 5.0000 0.3030 0.0238 
30.4453 1.0000 2781.3930 0.4236 0.2043 -0.2814 2.8634 5.0000 0.3796 0.0191 
30.4886 1.0000 2792.6315 0.4106 0.2073 -0.2487 2.8767 5.0000 0.7772 0.0280 
30.4167 1.0000 2757.3889 0.4202 0.2102 -0.2669 2.8708 5.0000 0.8247 0.0219 
30.4240 1.0000 2747.9730 0.4149 0.2049 -0.2697 2.8743 6.0000 0.9593 0.0205 
30.4085 1.0000 2754.4592 0.4170 0.2053 -0.2763 2.8689 5.0000 1.0074 0.0191 
30.3873 1.0000 2760.6324 0.4147 0.2064 -0.2671 2.8813 5.0000 1.0544 0.0205 
30.3881 1.0000 2749.1332 0.4293 0.2128 -0.2740 2.8794 5.0000 0.9691 0.0248 
30.4199 1.0000 2801.5212 0.4278 0.2073 -0.2704 2.8709 5.0000 0.9204 0.0205 
30.2042 1.0000 2675.6160 0.4369 0.2191 -0.2868 2.9043 5.0000 0.2195 0.0238 
30.3489 1.0000 2721.6503 0.4282 0.2124 -0.2847 2.8834 5.0000 0.2663 0.0242 
30.3636 1.0000 2758.9052 0.4238 0.2074 -0.2803 2.8778 5.0000 0.2665 0.0219 
30.3399 1.0000 2713.1822 0.4159 0.2104 -0.2725 2.8824 5.0000 0.2190 0.0209 
30.5049 1.0000 2832.9632 0.4281 0.2114 -0.2606 2.8728 5.0000 0.3026 0.0194 
30.3734 1.0000 2742.4265 0.4264 0.2072 -0.2900 2.8674 5.0000 0.5149 0.0255 
30.3358 1.0000 2733.2990 0.4422 0.2127 -0.3014 2.8711 5.0000 0.4850 0.0249 
30.2394 1.0000 2697.0727 0.4137 0.2089 -0.2630 2.8742 5.0000 0.3052 0.0255 
30.4616 1.0000 2776.6560 0.4150 0.2059 -0.2667 2.8762 5.0000 0.3052 0.0257 
30.3039 1.0000 2743.5801 0.4280 0.2144 -0.2751 2.8895 5.0000 0.4275 0.0257 
30.4314 1.0000 2785.5792 0.4206 0.2126 -0.2556 2.8842 5.0000 0.3513 0.0257 
30.4502 1.0000 2771.0629 0.4315 0.2101 -0.2994 2.8759 5.0000 0.3011 0.0257 
30.3521 1.0000 2744.8783 0.4244 0.2092 -0.2793 2.8774 5.0000 0.1791 0.0262 
30.4216 1.0000 2762.0915 0.4198 0.2089 -0.2785 2.8749 5.0000 0.2670 0.0265 
30.2941 1.0000 2724.6185 0.4262 0.2108 -0.2806 2.8750 5.0000 0.3078 0.0248 
30.3309 1.0000 2742.4338 0.4316 0.2168 -0.2697 2.8794 5.0000 0.2189 0.0200 
30.4951 1.0000 2809.7598 0.4103 0.2011 -0.2662 2.8659 5.0000 0.2664 0.0190 
30.3137 1.0000 2710.7296 0.4093 0.2091 -0.2568 2.8749 5.0000 0.3032 0.0194 
30.4910 1.0000 2790.6618 0.4313 0.2097 -0.2866 2.8676 5.0000 0.3076 0.0226 
30.4779 1.0000 2819.5948 0.4192 0.2070 -0.2604 2.8704 6.0000 0.3044 0.0217 
30.3064 1.0000 2712.7279 0.4239 0.2123 -0.2774 2.8898 5.0000 0.2195 0.0194 
30.4412 1.0000 2792.1364 0.4202 0.2048 -0.2743 2.8575 5.0000 0.4370 0.0244 
30.3636 1.0000 2730.4363 0.4140 0.2062 -0.2733 2.8811 5.0000 0.4809 0.0225 
30.2467 1.0000 2696.3464 0.4303 0.2097 -0.2967 2.8950 5.0000 0.4379 0.0209 
30.4943 1.0000 2783.0907 0.4185 0.2082 -0.2594 2.8626 5.0000 0.3972 0.0244 
30.2843 1.0000 2710.6364 0.4269 0.2161 -0.2673 2.8849 5.0000 0.2192 0.0194 
30.3350 1.0000 2726.1724 0.4221 0.2073 -0.2870 2.8665 6.0000 0.3026 0.0243 
30.5074 1.0000 2785.1577 0.4193 0.2049 -0.2834 2.8653 5.0000 0.2673 0.0254 
30.4959 1.0000 2798.4199 0.4201 0.2066 -0.2680 2.8721 5.0000 0.3073 0.0224 
30.4265 1.0000 2748.3129 0.4171 0.2092 -0.2687 2.8808 5.0000 0.4862 0.0211 
30.3350 1.0000 2755.1078 0.4313 0.2128 -0.2814 2.8691 5.0000 0.3940 0.0224 
30.3987 1.0000 2782.2190 0.4156 0.2032 -0.2769 2.8736 5.0000 0.3071 0.0213 
30.3448 1.0000 2726.6332 0.4292 0.2093 -0.2899 2.8796 5.0000 0.3030 0.0258 
30.4510 1.0000 2744.6479 0.4235 0.2148 -0.2755 2.8908 5.0000 0.3477 0.0260 
30.4142 1.0000 2790.9134 0.4135 0.2038 -0.2673 2.8679 5.0000 0.3045 0.0273 
30.4020 1.0000 2769.0784 0.4117 0.2034 -0.2612 2.8621 6.0000 0.2697 0.0260 
30.4436 1.0000 2776.2190 0.4242 0.2108 -0.2716 2.8835 5.0000 0.3057 0.0228 
30.3497 1.0000 2731.7574 0.4158 0.2088 -0.2729 2.8656 5.0000 0.1781 0.0246 
30.3162 1.0000 2716.6716 0.4239 0.2117 -0.2753 2.8741 5.0000 0.3054 0.0268 
30.4052 1.0000 2746.4167 0.4207 0.2120 -0.2731 2.8749 5.0000 0.3069 0.0246 
30.3938 1.0000 2771.6324 0.4124 0.2087 -0.2599 2.8732 5.0000 0.3084 0.0200 
30.4044 1.0000 2799.1642 0.4255 0.2117 -0.2600 2.8674 5.0000 0.3069 0.0211 
30.3039 1.0000 2732.1348 0.4266 0.2104 -0.2777 2.8769 5.0000 0.3083 0.0222 
30.4379 1.0000 2797.9910 0.4176 0.2072 -0.2648 2.8790 5.0000 0.2654 0.0211 
30.3415 1.0000 2734.6144 0.4185 0.2086 -0.2766 2.8822 5.0000 0.3481 0.0220 
30.3186 1.0000 2735.6217 0.4412 0.2094 -0.3060 2.8700 5.0000 0.3545 0.0237 
30.2982 1.0000 2720.2900 0.4297 0.2120 -0.2851 2.8840 5.0000 0.3936 0.0279 
30.2598 1.0000 2724.3194 0.4253 0.2096 -0.2820 2.8726 5.0000 0.2570 0.0191 
30.3603 1.0000 2753.4314 0.4220 0.2093 -0.2694 2.8803 5.0000 0.3444 0.0229 
30.4771 1.0000 2790.5850 0.4237 0.2072 -0.2788 2.8678 5.0000 0.3429 0.0229 
30.2761 1.0000 2718.8701 0.4065 0.2036 -0.2656 2.8747 6.0000 0.3075 0.0257 
30.5033 1.0000 2780.6969 0.4236 0.2063 -0.2897 2.8697 5.0000 0.3482 0.0233 
30.2426 1.0000 2717.7557 0.4227 0.2075 -0.2777 2.8760 5.0000 0.2167 0.0220 
30.4453 1.0000 2810.4167 0.4196 0.2029 -0.2752 2.8591 5.0000 0.3073 0.0257 
30.5645 1.0000 2824.4118 0.4223 0.2110 -0.2621 2.8718 5.0000 0.5243 0.0221 
30.4109 1.0000 2757.5131 0.4286 0.2101 -0.2840 2.8814 6.0000 0.4893 0.0226 
30.4167 1.0000 2789.9175 0.4128 0.2074 -0.2558 2.8701 5.0000 0.3071 0.0226 
30.3676 1.0000 2733.6479 0.4239 0.2075 -0.2905 2.8808 6.0000 0.3402 0.0264 
30.3619 1.0000 2750.4363 0.4166 0.2132 -0.2517 2.8763 6.0000 0.2574 0.0205 
30.3897 1.0000 2748.5980 0.4115 0.2101 -0.2631 2.8831 5.0000 0.3473 0.0255 
30.4526 1.0000 2779.0654 0.4186 0.2083 -0.2740 2.8765 5.0000 0.3085 0.0260 
30.3088 1.0000 2762.4314 0.4197 0.2053 -0.2682 2.8709 5.0000 0.3090 0.0260 
30.4608 1.0000 2819.6307 0.4180 0.2074 -0.2559 2.8680 5.0000 0.3069 0.0263 
30.3350 1.0000 2749.2508 0.4236 0.2074 -0.2866 2.8647 5.0000 0.2153 0.0195 
30.3775 1.0000 2746.0801 0.4281 0.2174 -0.2699 2.8880 5.0000 0.3454 0.0231 
30.3137 1.0000 2733.1904 0.4347 0.2130 -0.2860 2.8885 5.0000 0.3080 0.0195 
30.4158 1.0000 2757.9257 0.4155 0.2124 -0.2547 2.8702 5.0000 0.1791 0.0184 
30.3995 1.0000 2739.5302 0.4398 0.2110 -0.3033 2.8670 5.0000 0.3084 0.0231 
30.4420 1.0000 2794.6062 0.4223 0.2054 -0.2776 2.8549 5.0000 0.3508 0.0231 
30.5245 1.0000 2790.3391 0.4221 0.2067 -0.2809 2.8762 5.0000 0.3112 0.0231 
30.2884 1.0000 2714.1168 0.4287 0.2153 -0.2688 2.8969 7.0000 0.2189 0.0195 
30.2990 1.0000 2721.7525 0.4395 0.2214 -0.2749 2.9081 5.0000 0.3067 0.0231 
30.3652 1.0000 2732.2296 0.4289 0.2120 -0.2812 2.8799 5.0000 0.3918 0.0231 
30.2892 1.0000 2711.6748 0.4317 0.2123 -0.2877 2.8809 5.0000 0.3952 0.0231 
30.4926 1.0000 2786.6438 0.4160 0.2049 -0.2748 2.8716 5.0000 0.3087 0.0231 
30.3284 1.0000 2738.9216 0.4300 0.2108 -0.2848 2.8753 6.0000 0.6539 0.0231 
30.3807 1.0000 2733.3292 0.4127 0.2071 -0.2703 2.8763 5.0000 0.6585 0.0231 
30.3848 1.0000 2769.6438 0.4203 0.2118 -0.2531 2.8802 5.0000 0.4813 0.0231 
