30.4428 1.0000 2766.1879 0.3624 0.1725 -0.2844 2.8456 5.0000 1.4675 0.0250 
30.3064 1.0000 2718.5155 0.3734 0.1745 -0.3085 2.8557 5.0000 1.6502 0.0250 
30.4918 1.0000 2799.3987 0.3554 0.1683 -0.2810 2.8515 5.0000 1.7295 0.0250 
30.4060 1.0000 2739.3938 0.3711 0.1760 -0.2997 2.8566 5.0000 1.7351 0.0240 
30.3415 1.0000 2726.3129 0.3668 0.1759 -0.2915 2.8531 5.0000 1.7410 0.0239 
30.4126 1.0000 2752.1797 0.3741 0.1761 -0.3006 2.8550 5.0000 1.7713 0.0250 
30.2941 1.0000 2707.5580 0.3665 0.1733 -0.2985 2.8545 5.0000 1.7702 0.0222 
30.4567 1.0000 2765.6871 0.3768 0.1752 -0.3088 2.8464 5.0000 1.6921 0.0239 
30.3873 1.0000 2731.3219 0.3730 0.1726 -0.3089 2.8574 5.0000 1.7253 0.0232 
30.4240 1.0000 2742.1021 0.3727 0.1755 -0.3026 2.8578 5.0000 1.7712 0.0210 
30.3554 1.0000 2730.2516 0.3754 0.1763 -0.3070 2.8500 6.0000 1.7313 0.0232 
30.3570 1.0000 2746.2688 0.3785 0.1742 -0.3078 2.8539 5.0000 0.2012 0.0225 
30.4469 1.0000 2804.0065 0.3679 0.1733 -0.2869 2.8449 5.0000 0.2190 0.0246 
30.3807 1.0000 2747.4935 0.3758 0.1784 -0.2938 2.8511 5.0000 0.3084 0.0254 
30.3611 1.0000 2732.9820 0.3685 0.1727 -0.3023 2.8491 5.0000 0.4390 0.0257 
30.3292 1.0000 2725.2868 0.3742 0.1753 -0.3050 2.8487 5.0000 0.4353 0.0229 
30.4412 1.0000 2782.9485 0.3680 0.1760 -0.2909 2.8461 5.0000 0.8418 0.0233 
30.2868 1.0000 2716.4788 0.3650 0.1735 -0.2930 2.8388 5.0000 1.0306 0.0242 
30.3930 1.0000 2746.2933 0.3704 0.1737 -0.3010 2.8448 5.0000 1.1737 0.0233 
30.2067 1.0000 2682.0572 0.3616 0.1739 -0.2858 2.8576 5.0000 1.2155 0.0251 
30.3897 1.0000 2726.0531 0.3733 0.1755 -0.3069 2.8575 5.0000 1.0882 0.0227 
30.3407 1.0000 2715.4518 0.3736 0.1745 -0.3114 2.8539 5.0000 1.0135 0.0242 
30.4028 1.0000 2779.7467 0.3712 0.1718 -0.2966 2.8477 5.0000 0.2192 0.0230 
30.3873 1.0000 2734.0833 0.3680 0.1703 -0.3025 2.8498 5.0000 0.3089 0.0264 
30.3080 1.0000 2720.8137 0.3851 0.1790 -0.3163 2.8595 5.0000 0.2200 0.0251 
30.3170 1.0000 2715.8856 0.3782 0.1738 -0.3170 2.8508 5.0000 0.3060 0.0208 
30.3954 1.0000 2743.4485 0.3724 0.1743 -0.3027 2.8541 5.0000 0.3078 0.0208 
30.3897 1.0000 2745.9436 0.3549 0.1707 -0.2762 2.8428 5.0000 0.3080 0.0235 
30.3529 1.0000 2712.3864 0.3629 0.1721 -0.2959 2.8495 5.0000 0.3453 0.0254 
30.2737 1.0000 2699.3962 0.3751 0.1761 -0.3100 2.8516 5.0000 0.3965 0.0254 
30.3799 1.0000 2724.5874 0.3699 0.1736 -0.3016 2.8514 5.0000 0.3964 0.0241 
30.3260 1.0000 2709.9812 0.3642 0.1724 -0.2931 2.8555 5.0000 0.3521 0.0241 
30.3382 1.0000 2728.1144 0.3763 0.1782 -0.3037 2.8566 5.0000 0.5248 0.0254 
30.4118 1.0000 2759.9036 0.3565 0.1701 -0.2815 2.8528 5.0000 0.4791 0.0205 
30.2884 1.0000 2713.4461 0.3762 0.1751 -0.3123 2.8613 5.0000 0.4416 0.0209 
30.3676 1.0000 2772.2843 0.3735 0.1706 -0.3024 2.8501 6.0000 0.2216 0.0237 
30.4526 1.0000 2799.0163 0.3647 0.1712 -0.2839 2.8391 6.0000 0.2067 0.0262 
30.1912 1.0000 2696.2982 0.3767 0.1782 -0.3066 2.8566 5.0000 0.5267 0.0223 
30.4616 1.0000 2789.3031 0.3605 0.1713 -0.2779 2.8410 5.0000 0.5285 0.0223 
30.3162 1.0000 2703.3301 0.3743 0.1740 -0.3123 2.8527 5.0000 0.2622 0.0223 
30.3742 1.0000 2739.7688 0.3693 0.1746 -0.2969 2.8583 5.0000 0.2186 0.0193 
30.3693 1.0000 2753.9363 0.3607 0.1677 -0.2926 2.8415 5.0000 0.5301 0.0252 
30.3154 1.0000 2739.7345 0.3701 0.1752 -0.2960 2.8496 5.0000 0.5673 0.0201 
30.3538 1.0000 2725.3962 0.3599 0.1698 -0.2925 2.8485 5.0000 0.3073 0.0244 
30.2173 1.0000 2686.8121 0.3696 0.1738 -0.3073 2.8559 5.0000 0.3946 0.0244 
30.4502 1.0000 2783.4289 0.3670 0.1725 -0.2936 2.8354 5.0000 0.3546 0.0244 
30.4992 1.0000 2802.7296 0.3618 0.1697 -0.2855 2.8406 5.0000 0.3095 0.0269 
30.2941 1.0000 2705.7320 0.3697 0.1743 -0.3011 2.8583 5.0000 0.3448 0.0259 
30.4085 1.0000 2769.0735 0.3685 0.1769 -0.2897 2.8502 6.0000 0.2213 0.0266 
30.3922 1.0000 2734.0703 0.3722 0.1741 -0.3071 2.8525 5.0000 0.4327 0.0248 
30.3366 1.0000 2716.2263 0.3616 0.1715 -0.2923 2.8512 5.0000 0.4766 0.0207 
30.2737 1.0000 2692.8807 0.3748 0.1784 -0.3059 2.8653 5.0000 0.3947 0.0244 
30.4755 1.0000 2800.0989 0.3702 0.1699 -0.3018 2.8340 6.0000 0.3506 0.0249 
30.3235 1.0000 2726.6585 0.3673 0.1714 -0.3010 2.8444 5.0000 0.3082 0.0241 
30.3472 1.0000 2728.3889 0.3782 0.1757 -0.3125 2.8575 5.0000 0.3472 0.0248 
30.3562 1.0000 2736.7974 0.3745 0.1717 -0.3097 2.8452 5.0000 0.7005 0.0252 
30.3636 1.0000 2727.8922 0.3645 0.1774 -0.2895 2.8610 5.0000 0.6991 0.0248 
30.5212 1.0000 2779.5025 0.3604 0.1685 -0.2954 2.8570 5.0000 0.5711 0.0248 
30.2819 1.0000 2722.9567 0.3723 0.1743 -0.3020 2.8497 5.0000 0.3023 0.0254 
30.3015 1.0000 2698.3709 0.3758 0.1742 -0.3115 2.8538 5.0000 0.3091 0.0237 
30.3178 1.0000 2716.8570 0.3579 0.1728 -0.2867 2.8585 5.0000 0.3506 0.0202 
30.4575 1.0000 2755.6136 0.3715 0.1747 -0.3028 2.8598 5.0000 0.2210 0.0241 
30.3350 1.0000 2713.2377 0.3708 0.1720 -0.3130 2.8506 5.0000 0.3511 0.0270 
30.3562 1.0000 2735.2288 0.3784 0.1756 -0.3133 2.8478 5.0000 0.3100 0.0272 
30.3325 1.0000 2720.8472 0.3644 0.1721 -0.2934 2.8480 5.0000 0.3524 0.0244 
30.3562 1.0000 2719.3243 0.3687 0.1748 -0.3048 2.8548 5.0000 0.2581 0.0221 
30.3350 1.0000 2718.6340 0.3602 0.1716 -0.2889 2.8497 5.0000 0.3438 0.0264 
30.3701 1.0000 2754.1209 0.3699 0.1738 -0.2997 2.8499 5.0000 0.5656 0.0232 
30.3497 1.0000 2736.2672 0.3697 0.1741 -0.3019 2.8472 5.0000 0.6148 0.0232 
30.3219 1.0000 2722.7010 0.3727 0.1677 -0.3182 2.8393 5.0000 0.5704 0.0297 
30.4134 1.0000 2736.2435 0.3774 0.1738 -0.3165 2.8550 5.0000 0.3075 0.0210 
30.3668 1.0000 2717.7549 0.3647 0.1751 -0.2954 2.8596 5.0000 0.2202 0.0270 
30.4706 1.0000 2785.3685 0.3670 0.1727 -0.2846 2.8548 5.0000 0.3094 0.0230 
30.2680 1.0000 2694.8399 0.3749 0.1760 -0.3140 2.8551 5.0000 0.3057 0.0230 
30.2704 1.0000 2699.3897 0.3585 0.1722 -0.2881 2.8507 5.0000 0.3510 0.0263 
30.2647 1.0000 2696.4355 0.3671 0.1732 -0.2950 2.8664 5.0000 0.2237 0.0232 
30.3456 1.0000 2712.6144 0.3698 0.1731 -0.3114 2.8480 5.0000 0.3507 0.0210 
30.2868 1.0000 2702.5449 0.3715 0.1691 -0.3128 2.8490 5.0000 0.3501 0.0210 
30.3832 1.0000 2751.5956 0.3658 0.1685 -0.3002 2.8439 5.0000 0.3087 0.0278 
30.3472 1.0000 2748.2132 0.3612 0.1726 -0.2822 2.8571 5.0000 0.4833 0.0266 
30.3056 1.0000 2709.0842 0.3699 0.1739 -0.3040 2.8585 6.0000 0.3551 0.0278 
30.1904 1.0000 2669.9404 0.3626 0.1729 -0.2920 2.8568 5.0000 0.3977 0.0254 
30.4469 1.0000 2779.0294 0.3693 0.1737 -0.2936 2.8468 5.0000 0.3427 0.0265 
30.2908 1.0000 2706.0498 0.3664 0.1719 -0.2980 2.8491 5.0000 0.3478 0.0238 
30.3873 1.0000 2739.6569 0.3690 0.1742 -0.3024 2.8473 6.0000 0.2201 0.0275 
30.3676 1.0000 2741.2884 0.3684 0.1754 -0.3017 2.8593 5.0000 0.3417 0.0253 
30.2557 1.0000 2707.8407 0.3675 0.1711 -0.3040 2.8507 5.0000 0.3483 0.0200 
30.4477 1.0000 2780.7337 0.3548 0.1710 -0.2743 2.8517 5.0000 0.2615 0.0259 
30.4011 1.0000 2756.8145 0.3672 0.1742 -0.2900 2.8467 5.0000 0.3499 0.0186 
30.2827 1.0000 2691.4297 0.3763 0.1776 -0.3090 2.8629 5.0000 0.3487 0.0186 
30.2459 1.0000 2696.9632 0.3636 0.1712 -0.2971 2.8599 5.0000 0.2610 0.0250 
30.3562 1.0000 2739.2949 0.3716 0.1749 -0.2999 2.8539 6.0000 0.3940 0.0186 
30.3162 1.0000 2723.0221 0.3600 0.1740 -0.2851 2.8484 5.0000 0.3514 0.0186 
30.2819 1.0000 2701.4158 0.3656 0.1741 -0.2932 2.8548 5.0000 0.3077 0.0186 
30.3644 1.0000 2724.6904 0.3677 0.1737 -0.2994 2.8474 5.0000 0.3495 0.0186 
30.3292 1.0000 2735.6242 0.3644 0.1691 -0.3008 2.8545 5.0000 0.3450 0.0186 
30.3015 1.0000 2695.8489 0.3665 0.1716 -0.2998 2.8541 5.0000 0.3068 0.0186 
30.4763 1.0000 2764.0139 0.3735 0.1760 -0.3018 2.8545 5.0000 0.2209 0.0186 
30.3194 1.0000 2725.4632 0.3693 0.1717 -0.2999 2.8497 5.0000 0.3494 0.0186 
30.5180 1.0000 2816.8529 0.3639 0.1686 -0.2846 2.8449 5.0000 0.3100 0.0186 
