30.9011 1.0000 2949.6223 0.3947 0.1587 -0.2909 3.2071 6.0000 10.2253 0.0063 
30.8810 1.0000 2946.9823 0.3895 0.1585 -0.2805 3.2031 7.0000 10.1836 0.0072 
30.8758 1.0000 2939.9856 0.3921 0.1544 -0.2951 3.2062 7.0000 9.0716 0.0070 
30.8894 1.0000 2949.3001 0.3846 0.1553 -0.2784 3.2143 6.0000 8.8952 0.0066 
30.8957 1.0000 2951.8815 0.3906 0.1544 -0.2942 3.1982 6.0000 8.8981 0.0058 
30.8731 1.0000 2943.6430 0.3845 0.1524 -0.2813 3.2056 6.0000 10.5002 0.0081 
30.9001 1.0000 2953.4254 0.3859 0.1554 -0.2790 3.2030 6.0000 10.4615 0.0053 
30.8698 1.0000 2936.5406 0.3894 0.1568 -0.2849 3.2092 7.0000 11.2158 0.0064 
30.8886 1.0000 2949.3031 0.3871 0.1553 -0.2839 3.2097 7.0000 11.1765 0.0064 
30.8456 1.0000 2932.7247 0.3915 0.1574 -0.2829 3.2060 6.0000 9.9751 0.0081 
30.8810 1.0000 2944.4349 0.3918 0.1576 -0.2861 3.2099 6.0000 10.1902 0.0058 
30.8380 1.0000 2926.2819 0.3850 0.1538 -0.2805 3.2078 7.0000 1.2297 0.0085 
30.9028 1.0000 2953.7130 0.3915 0.1526 -0.2952 3.1872 7.0000 2.2473 0.0058 
30.8630 1.0000 2935.5967 0.3882 0.1549 -0.2888 3.2060 6.0000 2.0183 0.0058 
30.9074 1.0000 2955.7612 0.3867 0.1546 -0.2801 3.2025 7.0000 1.8044 0.0063 
30.8919 1.0000 2941.5093 0.3911 0.1556 -0.2913 3.2122 7.0000 2.3373 0.0064 
30.9240 1.0000 2958.3625 0.3839 0.1532 -0.2841 3.1987 6.0000 2.0256 0.0064 
30.8883 1.0000 2942.1435 0.3804 0.1528 -0.2801 3.2081 7.0000 2.7357 0.0052 
30.8843 1.0000 2946.6454 0.3863 0.1535 -0.2836 3.1973 7.0000 2.6629 0.0056 
30.8897 1.0000 2946.7840 0.3916 0.1555 -0.2875 3.2061 7.0000 2.8586 0.0052 
30.9066 1.0000 2951.2007 0.3833 0.1549 -0.2763 3.1986 6.0000 2.5891 0.0052 
30.8919 1.0000 2944.1520 0.3878 0.1563 -0.2861 3.2065 6.0000 1.8902 0.0073 
30.8249 1.0000 2910.5790 0.3919 0.1552 -0.2947 3.2134 7.0000 1.2304 0.0070 
30.9069 1.0000 2957.5828 0.3850 0.1540 -0.2837 3.1994 6.0000 1.9360 0.0079 
30.8864 1.0000 2948.9918 0.3871 0.1578 -0.2786 3.2134 6.0000 2.2943 0.0077 
30.8886 1.0000 2948.9651 0.3873 0.1565 -0.2817 3.2162 6.0000 1.7610 0.0064 
30.9137 1.0000 2958.2339 0.3895 0.1570 -0.2798 3.2066 6.0000 1.8926 0.0075 
30.8824 1.0000 2948.2612 0.3859 0.1543 -0.2866 3.2081 6.0000 3.1922 0.0063 
30.9257 1.0000 2963.4044 0.3859 0.1529 -0.2873 3.2060 7.0000 2.9040 0.0075 
30.8783 1.0000 2941.4461 0.3882 0.1560 -0.2848 3.2050 6.0000 2.1769 0.0054 
30.8927 1.0000 2940.0381 0.3929 0.1566 -0.2894 3.2131 7.0000 2.6408 0.0077 
30.8625 1.0000 2933.6806 0.3907 0.1553 -0.2926 3.2065 7.0000 2.5475 0.0077 
30.8693 1.0000 2937.8287 0.3865 0.1551 -0.2858 3.2072 7.0000 1.9690 0.0062 
30.8426 1.0000 2925.2862 0.3924 0.1592 -0.2849 3.2165 7.0000 1.3635 0.0076 
30.8883 1.0000 2945.0852 0.3868 0.1521 -0.2882 3.1994 6.0000 2.0198 0.0067 
30.8491 1.0000 2926.8219 0.3907 0.1561 -0.2894 3.2110 6.0000 2.1458 0.0071 
30.8557 1.0000 2934.2421 0.3863 0.1570 -0.2764 3.2076 7.0000 1.8479 0.0078 
30.8717 1.0000 2938.2930 0.3875 0.1550 -0.2828 3.2021 6.0000 2.3735 0.0081 
30.8916 1.0000 2947.8941 0.3864 0.1541 -0.2850 3.2116 6.0000 1.8027 0.0066 
30.9197 1.0000 2958.6332 0.3859 0.1558 -0.2803 3.2053 7.0000 2.0201 0.0056 
30.8478 1.0000 2923.1746 0.3929 0.1560 -0.2916 3.2089 7.0000 2.0657 0.0071 
30.8962 1.0000 2952.3336 0.3897 0.1547 -0.2897 3.2070 6.0000 2.0616 0.0067 
30.9436 1.0000 2970.3715 0.3892 0.1537 -0.2873 3.2106 7.0000 2.2622 0.0058 
30.8535 1.0000 2932.7827 0.3860 0.1548 -0.2803 3.2148 6.0000 1.8920 0.0058 
30.8804 1.0000 2944.9439 0.3841 0.1557 -0.2771 3.2088 7.0000 1.9378 0.0062 
30.8837 1.0000 2945.1427 0.3887 0.1548 -0.2913 3.2022 6.0000 1.2338 0.0064 
30.8679 1.0000 2934.0414 0.3848 0.1534 -0.2866 3.2057 7.0000 1.9810 0.0070 
30.8467 1.0000 2930.4518 0.3918 0.1557 -0.2940 3.2062 7.0000 2.0650 0.0053 
30.8363 1.0000 2919.7900 0.3919 0.1601 -0.2848 3.2207 6.0000 1.8893 0.0072 
30.9120 1.0000 2958.4826 0.3882 0.1553 -0.2839 3.2084 6.0000 1.8906 0.0058 
30.8671 1.0000 2933.2282 0.3866 0.1548 -0.2873 3.2141 6.0000 1.9803 0.0061 
30.8802 1.0000 2943.8287 0.3859 0.1544 -0.2791 3.1964 7.0000 2.0255 0.0067 
30.9063 1.0000 2953.5561 0.3895 0.1580 -0.2814 3.2131 7.0000 2.1062 0.0067 
30.8889 1.0000 2945.3031 0.3887 0.1518 -0.2917 3.1945 6.0000 2.4883 0.0064 
30.8946 1.0000 2946.8859 0.3892 0.1562 -0.2852 3.2142 7.0000 2.4126 0.0064 
30.8875 1.0000 2943.4385 0.3897 0.1579 -0.2810 3.2032 6.0000 1.9383 0.0072 
30.8717 1.0000 2942.3660 0.3869 0.1549 -0.2806 3.2050 7.0000 1.2751 0.0073 
30.9240 1.0000 2962.2745 0.3875 0.1573 -0.2774 3.2153 6.0000 2.0213 0.0062 
30.8644 1.0000 2935.1563 0.3908 0.1553 -0.2872 3.2011 6.0000 1.9324 0.0067 
30.9063 1.0000 2954.4404 0.3901 0.1560 -0.2887 3.2055 7.0000 1.8441 0.0067 
30.8995 1.0000 2953.2127 0.3870 0.1543 -0.2804 3.2062 7.0000 1.4414 0.0069 
30.8785 1.0000 2940.7786 0.3860 0.1510 -0.2926 3.2014 6.0000 2.0244 0.0080 
30.8420 1.0000 2932.3066 0.3843 0.1524 -0.2838 3.1991 6.0000 2.0261 0.0087 
30.8892 1.0000 2948.4886 0.3918 0.1570 -0.2871 3.2087 7.0000 2.1554 0.0087 
30.9150 1.0000 2958.6498 0.3870 0.1529 -0.2870 3.1964 7.0000 2.7767 0.0068 
30.8630 1.0000 2938.3965 0.3823 0.1554 -0.2767 3.2049 7.0000 2.3340 0.0068 
30.8622 1.0000 2939.1065 0.3843 0.1534 -0.2804 3.2066 7.0000 1.2762 0.0063 
30.8941 1.0000 2949.4978 0.3858 0.1518 -0.2912 3.1974 7.0000 1.8913 0.0055 
30.8924 1.0000 2952.6326 0.3819 0.1526 -0.2794 3.2089 6.0000 2.0228 0.0071 
30.8785 1.0000 2940.3091 0.3864 0.1520 -0.2917 3.1953 6.0000 1.2757 0.0071 
30.8935 1.0000 2946.8347 0.3844 0.1550 -0.2836 3.2033 6.0000 1.8068 0.0064 
30.8747 1.0000 2947.9001 0.3863 0.1556 -0.2795 3.2013 6.0000 1.8469 0.0064 
30.8404 1.0000 2927.3148 0.3890 0.1545 -0.2888 3.2031 7.0000 1.9771 0.0089 
30.8173 1.0000 2913.0526 0.3908 0.1568 -0.2895 3.2029 7.0000 2.0254 0.0066 
30.8355 1.0000 2925.0885 0.3869 0.1543 -0.2856 3.2030 6.0000 1.9788 0.0071 
30.8777 1.0000 2942.2914 0.3849 0.1540 -0.2858 3.2030 7.0000 1.9768 0.0071 
30.8845 1.0000 2946.8186 0.3879 0.1538 -0.2861 3.2080 7.0000 2.2417 0.0059 
30.9150 1.0000 2959.8606 0.3867 0.1553 -0.2808 3.2015 7.0000 2.2886 0.0059 
30.8660 1.0000 2937.7301 0.3900 0.1558 -0.2844 3.2070 7.0000 1.9333 0.0074 
30.8679 1.0000 2937.7328 0.3908 0.1565 -0.2842 3.2039 6.0000 1.2780 0.0075 
30.8886 1.0000 2949.0433 0.3854 0.1545 -0.2790 3.2040 6.0000 2.0231 0.0059 
30.8619 1.0000 2936.3287 0.3848 0.1528 -0.2849 3.2011 7.0000 2.2512 0.0059 
30.8121 1.0000 2917.6947 0.3885 0.1569 -0.2850 3.2145 7.0000 1.9355 0.0072 
30.8829 1.0000 2943.9510 0.3843 0.1536 -0.2820 3.2108 6.0000 1.9338 0.0077 
30.8663 1.0000 2932.9289 0.3890 0.1552 -0.2920 3.2074 7.0000 2.0246 0.0069 
30.8984 1.0000 2961.3135 0.3880 0.1578 -0.2758 3.2083 6.0000 1.9725 0.0059 
30.9058 1.0000 2954.9937 0.3848 0.1546 -0.2753 3.1977 6.0000 2.0343 0.0059 
30.8655 1.0000 2934.8192 0.3915 0.1580 -0.2825 3.2097 6.0000 2.1505 0.0070 
30.8578 1.0000 2931.3363 0.3918 0.1580 -0.2874 3.2106 7.0000 2.2015 0.0051 
30.8554 1.0000 2937.5485 0.3872 0.1558 -0.2788 3.2121 6.0000 1.3175 0.0079 
30.8655 1.0000 2934.5694 0.3888 0.1536 -0.2912 3.2175 7.0000 1.9813 0.0069 
30.9031 1.0000 2953.3077 0.3867 0.1560 -0.2784 3.2024 7.0000 1.4042 0.0069 
30.9039 1.0000 2954.8219 0.3897 0.1541 -0.2875 3.2049 6.0000 1.3185 0.0069 
30.8478 1.0000 2925.2552 0.3853 0.1533 -0.2902 3.2016 6.0000 1.9320 0.0069 
30.8723 1.0000 2940.1490 0.3899 0.1564 -0.2887 3.2021 7.0000 1.9392 0.0069 
30.9033 1.0000 2946.6089 0.3869 0.1555 -0.2820 3.2019 6.0000 2.0249 0.0069 
30.8431 1.0000 2928.2081 0.3876 0.1561 -0.2847 3.2093 6.0000 1.8476 0.0069 
30.8709 1.0000 2937.7042 0.3865 0.1537 -0.2863 3.2078 7.0000 2.0685 0.0069 
30.9276 1.0000 2961.9314 0.3857 0.1566 -0.2787 3.2053 6.0000 1.8928 0.0069 
30.8739 1.0000 2938.7200 0.3896 0.1572 -0.2814 3.2150 6.0000 1.4366 0.0069 
