30.5528 11.0000 2789.6536 0.3510 0.1580 -0.2797 2.9844 5.0000 3.2216 0.0161 
30.5888 11.0000 2816.0098 0.3648 0.1632 -0.2942 2.9842 5.0000 3.2614 0.0161 
30.6814 11.0000 2857.7576 0.3597 0.1625 -0.2845 2.9887 6.0000 3.2039 0.0172 
30.6035 11.0000 2798.9973 0.3726 0.1658 -0.3027 2.9910 6.0000 3.1551 0.0141 
30.4886 11.0000 2767.8671 0.3597 0.1608 -0.2916 2.9852 6.0000 3.2217 0.0161 
30.4886 11.0000 2776.0817 0.3652 0.1617 -0.2958 2.9847 6.0000 2.9412 0.0172 
30.6209 11.0000 2844.1808 0.3731 0.1644 -0.2993 2.9780 5.0000 3.1525 0.0161 
30.5267 11.0000 2797.7315 0.3600 0.1627 -0.2827 2.9771 6.0000 3.0579 0.0163 
30.5812 11.0000 2803.5136 0.3637 0.1591 -0.3009 2.9784 5.0000 3.0355 0.0161 
30.5594 11.0000 2796.1836 0.3602 0.1630 -0.2887 2.9868 5.0000 3.0677 0.0146 
30.5686 11.0000 2807.6634 0.3544 0.1605 -0.2787 2.9782 6.0000 3.1469 0.0161 
30.5605 11.0000 2802.8829 0.3634 0.1634 -0.2914 2.9764 5.0000 0.5261 0.0185 
30.6062 11.0000 2827.5093 0.3589 0.1605 -0.2842 2.9789 6.0000 0.5138 0.0151 
30.6383 11.0000 2850.7293 0.3646 0.1598 -0.2930 2.9724 6.0000 0.5647 0.0192 
30.5942 11.0000 2794.0855 0.3558 0.1588 -0.2872 2.9755 5.0000 0.5289 0.0166 
30.6552 11.0000 2846.7832 0.3597 0.1591 -0.2930 2.9774 6.0000 1.2993 0.0151 
30.6046 11.0000 2828.7914 0.3631 0.1619 -0.2892 2.9827 5.0000 1.6026 0.0181 
30.6400 11.0000 2838.3551 0.3570 0.1591 -0.2782 2.9779 5.0000 1.7336 0.0151 
30.6841 11.0000 2849.3224 0.3642 0.1623 -0.2929 2.9814 6.0000 1.7826 0.0189 
30.6073 11.0000 2826.9532 0.3643 0.1593 -0.2927 2.9750 5.0000 1.8323 0.0151 
30.6356 11.0000 2834.9172 0.3608 0.1616 -0.2822 2.9812 5.0000 1.7152 0.0151 
30.6253 11.0000 2834.5147 0.3629 0.1612 -0.2853 2.9827 5.0000 1.4906 0.0175 
30.5223 11.0000 2798.4684 0.3655 0.1645 -0.2949 2.9850 6.0000 0.5303 0.0175 
30.5000 11.0000 2775.6340 0.3635 0.1645 -0.2911 2.9853 6.0000 0.5722 0.0156 
30.5114 11.0000 2792.0746 0.3624 0.1589 -0.2922 2.9797 5.0000 0.5715 0.0160 
30.5801 11.0000 2809.1618 0.3598 0.1615 -0.2905 2.9857 6.0000 0.5711 0.0171 
30.5349 11.0000 2791.8137 0.3598 0.1632 -0.2821 2.9890 6.0000 0.5712 0.0184 
30.6236 11.0000 2850.4477 0.3563 0.1588 -0.2759 2.9817 5.0000 0.5688 0.0184 
30.5899 11.0000 2806.8061 0.3622 0.1607 -0.2944 2.9794 5.0000 1.2672 0.0142 
30.4820 11.0000 2769.6411 0.3528 0.1564 -0.2856 2.9743 6.0000 1.4501 0.0142 
30.5517 11.0000 2793.3050 0.3634 0.1596 -0.2990 2.9865 5.0000 1.4982 0.0184 
30.5833 11.0000 2814.4036 0.3654 0.1600 -0.2978 2.9808 5.0000 1.0951 0.0175 
30.5507 11.0000 2805.1868 0.3641 0.1646 -0.2933 2.9880 7.0000 0.5647 0.0184 
30.6106 11.0000 2819.1078 0.3596 0.1615 -0.2841 2.9788 6.0000 0.3966 0.0171 
30.5964 11.0000 2825.2772 0.3645 0.1589 -0.2964 2.9829 6.0000 0.5693 0.0162 
30.5643 11.0000 2788.5801 0.3735 0.1655 -0.3010 2.9921 6.0000 0.5714 0.0198 
30.4847 11.0000 2772.6389 0.3560 0.1607 -0.2836 2.9939 5.0000 0.5239 0.0188 
30.5251 11.0000 2790.2985 0.3659 0.1613 -0.2938 2.9833 5.0000 0.6602 0.0186 
30.6906 11.0000 2853.0719 0.3583 0.1589 -0.2878 2.9726 6.0000 1.0520 0.0198 
30.5904 11.0000 2814.3840 0.3628 0.1641 -0.2847 2.9815 5.0000 1.4086 0.0150 
30.6487 11.0000 2832.7647 0.3640 0.1599 -0.2873 2.9815 5.0000 1.4941 0.0150 
30.6520 11.0000 2847.1378 0.3626 0.1616 -0.2878 2.9833 5.0000 1.0552 0.0168 
30.5583 11.0000 2780.1857 0.3645 0.1635 -0.2954 2.9786 6.0000 0.7037 0.0198 
30.5534 11.0000 2787.1836 0.3669 0.1641 -0.2947 2.9875 5.0000 0.7050 0.0156 
30.5920 11.0000 2819.6596 0.3576 0.1584 -0.2886 2.9764 5.0000 0.5719 0.0183 
30.5125 11.0000 2764.4668 0.3618 0.1634 -0.2953 2.9865 6.0000 0.5712 0.0133 
30.6095 11.0000 2826.1688 0.3591 0.1574 -0.2923 2.9706 6.0000 0.6124 0.0163 
30.4826 11.0000 2793.2326 0.3650 0.1615 -0.2958 2.9832 6.0000 0.5730 0.0168 
30.5027 11.0000 2764.0430 0.3638 0.1637 -0.2956 2.9962 6.0000 0.6519 0.0153 
30.5212 11.0000 2787.7767 0.3659 0.1654 -0.2906 2.9871 5.0000 1.0896 0.0153 
30.5719 11.0000 2811.7903 0.3632 0.1641 -0.2927 2.9883 5.0000 1.0499 0.0153 
30.5196 11.0000 2769.2015 0.3608 0.1625 -0.2906 2.9838 5.0000 0.3967 0.0154 
30.6275 11.0000 2837.7838 0.3627 0.1598 -0.2918 2.9796 6.0000 0.5723 0.0140 
30.5425 11.0000 2786.6318 0.3648 0.1609 -0.3035 2.9803 5.0000 0.5957 0.0154 
30.5272 11.0000 2775.8698 0.3632 0.1598 -0.2995 2.9886 6.0000 0.5720 0.0136 
30.6149 11.0000 2838.0594 0.3589 0.1605 -0.2806 2.9875 5.0000 0.5721 0.0150 
30.6781 11.0000 2879.2712 0.3611 0.1611 -0.2779 2.9747 6.0000 0.3967 0.0210 
30.5866 11.0000 2808.0125 0.3675 0.1602 -0.3008 2.9798 5.0000 0.5734 0.0161 
30.5735 11.0000 2810.8731 0.3669 0.1632 -0.2982 2.9769 6.0000 0.6174 0.0155 
30.6688 11.0000 2872.2190 0.3689 0.1613 -0.2894 2.9694 5.0000 0.5730 0.0180 
30.6187 11.0000 2822.9357 0.3633 0.1633 -0.2844 2.9939 5.0000 0.5630 0.0155 
30.5980 11.0000 2813.1427 0.3585 0.1610 -0.2853 2.9789 6.0000 1.0062 0.0155 
30.5376 11.0000 2806.2800 0.3714 0.1620 -0.3031 2.9766 6.0000 1.0039 0.0180 
30.6585 11.0000 2848.8175 0.3668 0.1629 -0.2938 2.9744 5.0000 0.6149 0.0168 
30.6138 11.0000 2829.8769 0.3715 0.1598 -0.3051 2.9686 5.0000 0.5897 0.0175 
30.6280 11.0000 2834.5458 0.3658 0.1622 -0.2975 2.9802 6.0000 0.6090 0.0145 
30.4472 11.0000 2750.7881 0.3625 0.1634 -0.2976 2.9925 6.0000 0.5718 0.0145 
30.5926 11.0000 2808.8889 0.3637 0.1622 -0.2907 2.9866 5.0000 0.4371 0.0170 
30.6133 11.0000 2830.4935 0.3681 0.1603 -0.3017 2.9769 5.0000 0.5730 0.0135 
30.5784 11.0000 2810.5332 0.3630 0.1649 -0.2834 2.9810 5.0000 0.6541 0.0128 
30.7130 11.0000 2871.8486 0.3603 0.1599 -0.2862 2.9776 6.0000 1.0546 0.0122 
30.5370 11.0000 2791.8802 0.3543 0.1582 -0.2827 2.9752 5.0000 1.0501 0.0135 
30.5692 11.0000 2816.1639 0.3644 0.1589 -0.2943 2.9681 5.0000 0.4825 0.0198 
30.5534 11.0000 2806.0784 0.3606 0.1576 -0.2923 2.9778 5.0000 0.5712 0.0148 
30.5730 11.0000 2799.1759 0.3679 0.1627 -0.2971 2.9863 5.0000 0.6099 0.0154 
30.6438 11.0000 2840.3410 0.3626 0.1616 -0.2894 2.9781 5.0000 0.5726 0.0179 
30.6422 11.0000 2843.6127 0.3692 0.1619 -0.2949 2.9761 5.0000 0.5721 0.0169 
30.5664 11.0000 2811.4183 0.3638 0.1617 -0.2933 2.9815 5.0000 0.5742 0.0168 
30.6716 11.0000 2868.2887 0.3593 0.1626 -0.2735 2.9799 6.0000 0.5719 0.0160 
30.5675 11.0000 2804.9036 0.3601 0.1619 -0.2872 2.9787 6.0000 1.0566 0.0179 
30.4842 11.0000 2753.8045 0.3642 0.1604 -0.3020 2.9859 6.0000 1.0139 0.0189 
30.6923 11.0000 2866.9532 0.3579 0.1601 -0.2779 2.9759 6.0000 0.6129 0.0150 
30.5741 11.0000 2798.5376 0.3672 0.1659 -0.2931 2.9906 6.0000 0.6133 0.0150 
30.7124 11.0000 2869.1596 0.3683 0.1605 -0.2992 2.9730 6.0000 0.4355 0.0124 
30.6324 11.0000 2816.7582 0.3601 0.1621 -0.2857 2.9830 6.0000 0.5738 0.0186 
30.6138 11.0000 2831.2647 0.3709 0.1630 -0.2999 2.9823 5.0000 0.6061 0.0186 
30.5398 11.0000 2771.8551 0.3605 0.1609 -0.2906 2.9879 6.0000 0.6129 0.0137 
30.5697 11.0000 2815.7647 0.3598 0.1621 -0.2848 2.9845 5.0000 0.5727 0.0162 
30.5975 11.0000 2809.6068 0.3731 0.1648 -0.3042 2.9732 6.0000 0.6138 0.0175 
30.7070 11.0000 2886.2881 0.3675 0.1606 -0.2926 2.9730 6.0000 0.6129 0.0151 
30.5093 11.0000 2785.9014 0.3623 0.1607 -0.2991 2.9875 6.0000 0.3973 0.0151 
30.5387 11.0000 2795.6525 0.3673 0.1613 -0.3007 2.9899 6.0000 0.5743 0.0151 
30.6275 11.0000 2852.0697 0.3589 0.1610 -0.2797 2.9826 6.0000 0.6124 0.0151 
30.6209 11.0000 2839.9210 0.3567 0.1587 -0.2820 2.9757 6.0000 0.7025 0.0151 
30.5534 11.0000 2822.5267 0.3611 0.1574 -0.2945 2.9770 6.0000 0.6608 0.0151 
30.5185 11.0000 2793.8328 0.3644 0.1603 -0.2964 2.9766 5.0000 0.3975 0.0151 
30.5664 11.0000 2808.3851 0.3619 0.1605 -0.2885 2.9787 5.0000 1.0532 0.0151 
30.6656 11.0000 2855.7620 0.3523 0.1584 -0.2763 2.9796 6.0000 1.0117 0.0151 
30.5899 11.0000 2811.6563 0.3690 0.1653 -0.2993 2.9879 6.0000 0.6121 0.0151 
30.6236 11.0000 2845.0174 0.3611 0.1604 -0.2845 2.9817 6.0000 0.5726 0.0151 
