29.8889 11.0000 2595.1683 0.4396 0.2330 -0.3071 2.6248 4.0000 0.5945 0.0420 
29.8513 11.0000 2595.4265 0.4183 0.2202 -0.2922 2.6344 5.0000 0.6460 0.0339 
29.7418 11.0000 2573.1078 0.4107 0.2286 -0.2640 2.6280 5.0000 0.6745 0.0339 
29.8333 11.0000 2599.7435 0.4270 0.2323 -0.2790 2.6387 5.0000 0.6786 0.0339 
29.8039 11.0000 2567.8154 0.4346 0.2323 -0.3014 2.6435 4.0000 0.6429 0.0339 
30.1307 11.0000 2674.8529 0.4353 0.2275 -0.2955 2.6218 5.0000 0.5903 0.0339 
29.7990 11.0000 2588.3693 0.4222 0.2335 -0.2715 2.6348 4.0000 0.6364 0.0420 
30.0229 11.0000 2646.5556 0.4167 0.2254 -0.2737 2.6222 5.0000 0.5974 0.0420 
29.9428 11.0000 2607.9085 0.4284 0.2328 -0.2759 2.6261 4.0000 0.6080 0.0339 
29.8480 11.0000 2577.4804 0.4240 0.2311 -0.2766 2.6376 5.0000 0.6418 0.0339 
29.4690 11.0000 2492.7042 0.4292 0.2309 -0.3039 2.6391 5.0000 0.6760 0.0339 
30.0686 11.0000 2660.7827 0.4385 0.2326 -0.2947 2.6111 4.0000 0.1540 0.0541 
29.7663 11.0000 2556.9346 0.4356 0.2323 -0.3108 2.6459 4.0000 0.3615 0.0472 
29.8758 11.0000 2614.3546 0.4317 0.2248 -0.3028 2.6279 5.0000 0.5568 0.0440 
29.5654 11.0000 2529.1912 0.4366 0.2257 -0.3122 2.6329 4.0000 0.5727 0.0440 
29.8627 11.0000 2581.6503 0.4275 0.2270 -0.2982 2.6256 5.0000 0.4385 0.0440 
29.7582 11.0000 2565.3350 0.4262 0.2311 -0.2889 2.6289 5.0000 0.4307 0.0440 
29.6765 11.0000 2549.6225 0.4267 0.2252 -0.2938 2.6361 5.0000 0.3991 0.0440 
29.7484 11.0000 2539.3627 0.4384 0.2378 -0.3001 2.6335 4.0000 0.5710 0.0440 
29.4918 11.0000 2492.9150 0.4320 0.2280 -0.3055 2.6356 5.0000 0.5686 0.0440 
29.7680 11.0000 2547.6095 0.4269 0.2292 -0.2982 2.6387 5.0000 0.4110 0.0440 
29.8186 11.0000 2580.8922 0.4092 0.2262 -0.2609 2.6408 5.0000 0.4937 0.0440 
29.6863 11.0000 2540.9085 0.4370 0.2291 -0.3046 2.6342 5.0000 0.0913 0.0414 
29.7761 11.0000 2565.8791 0.4285 0.2270 -0.2998 2.6372 5.0000 0.0906 0.0519 
29.7778 11.0000 2576.7958 0.4322 0.2297 -0.2958 2.6269 4.0000 0.2200 0.0461 
29.6667 11.0000 2534.5507 0.4354 0.2335 -0.3002 2.6345 5.0000 0.5237 0.0446 
29.8252 11.0000 2569.3007 0.4472 0.2299 -0.3274 2.6334 4.0000 0.4830 0.0446 
29.9150 11.0000 2617.7418 0.4303 0.2233 -0.3087 2.6271 5.0000 0.4390 0.0446 
29.6699 11.0000 2544.2516 0.4339 0.2271 -0.3154 2.6364 4.0000 0.4823 0.0446 
29.9918 11.0000 2651.9379 0.4191 0.2277 -0.2685 2.6259 5.0000 0.5229 0.0446 
29.8513 11.0000 2599.3742 0.4318 0.2259 -0.3038 2.6227 5.0000 0.5290 0.0446 
29.8219 11.0000 2589.1422 0.4171 0.2299 -0.2733 2.6360 5.0000 0.4403 0.0446 
29.6863 11.0000 2564.9216 0.4078 0.2260 -0.2637 2.6241 4.0000 0.4398 0.0446 
29.7173 11.0000 2546.3186 0.4241 0.2296 -0.2883 2.6329 4.0000 0.1308 0.0420 
29.5539 11.0000 2514.2631 0.4289 0.2314 -0.2924 2.6372 5.0000 0.0895 0.0420 
29.7598 11.0000 2559.5670 0.4327 0.2292 -0.3017 2.6432 5.0000 0.1321 0.0442 
29.8333 11.0000 2576.9967 0.4259 0.2319 -0.2827 2.6387 5.0000 0.2649 0.0370 
29.8431 11.0000 2604.9886 0.4251 0.2308 -0.2777 2.6139 5.0000 0.4291 0.0499 
29.7974 11.0000 2608.7990 0.4306 0.2286 -0.2861 2.6216 5.0000 0.6296 0.0487 
29.6912 11.0000 2549.0654 0.4373 0.2285 -0.3131 2.6374 5.0000 0.5431 0.0487 
29.8431 11.0000 2596.3742 0.4294 0.2330 -0.2790 2.6164 4.0000 0.5881 0.0487 
29.9199 11.0000 2621.3742 0.4297 0.2265 -0.2969 2.6190 5.0000 0.5010 0.0487 
29.6258 11.0000 2539.9265 0.4167 0.2278 -0.2798 2.6482 5.0000 0.5033 0.0487 
29.9363 11.0000 2607.1111 0.4171 0.2315 -0.2718 2.6363 4.0000 0.5795 0.0487 
29.8529 11.0000 2597.3529 0.4179 0.2256 -0.2781 2.6331 4.0000 0.4185 0.0345 
29.7696 11.0000 2568.5833 0.4155 0.2301 -0.2667 2.6376 5.0000 0.4151 0.0487 
29.9788 11.0000 2636.9363 0.4251 0.2306 -0.2787 2.6359 5.0000 0.1305 0.0391 
29.6095 11.0000 2520.8039 0.4159 0.2296 -0.2793 2.6394 5.0000 0.1187 0.0311 
29.6438 11.0000 2538.9281 0.4167 0.2371 -0.2636 2.6539 5.0000 0.1235 0.0311 
30.0507 11.0000 2658.6291 0.4297 0.2269 -0.2962 2.6193 5.0000 0.2581 0.0388 
29.9167 11.0000 2609.2663 0.4333 0.2278 -0.3098 2.6262 5.0000 0.4337 0.0450 
29.6699 11.0000 2550.2712 0.4203 0.2294 -0.2779 2.6252 5.0000 0.5945 0.0407 
29.9020 11.0000 2630.7075 0.4257 0.2240 -0.2895 2.6303 5.0000 0.5108 0.0407 
29.8873 11.0000 2607.4804 0.4317 0.2291 -0.2922 2.6249 5.0000 0.4761 0.0407 
29.8938 11.0000 2616.9967 0.4413 0.2293 -0.3050 2.6343 5.0000 0.5141 0.0407 
29.8039 11.0000 2591.6846 0.4389 0.2329 -0.2959 2.6293 4.0000 0.5559 0.0407 
30.0082 11.0000 2644.5637 0.4158 0.2224 -0.2720 2.6076 5.0000 0.4671 0.0407 
30.1487 11.0000 2679.4477 0.4109 0.2308 -0.2488 2.6205 5.0000 0.2499 0.0407 
29.7827 11.0000 2567.0621 0.4250 0.2311 -0.2862 2.6367 4.0000 0.1304 0.0534 
29.9248 11.0000 2643.2206 0.4238 0.2241 -0.2900 2.6200 5.0000 0.1279 0.0468 
29.7484 11.0000 2564.9281 0.4417 0.2298 -0.3046 2.6325 4.0000 0.1285 0.0448 
29.8709 11.0000 2596.0474 0.4205 0.2227 -0.2967 2.6357 4.0000 0.1284 0.0448 
29.5114 11.0000 2477.6716 0.4404 0.2329 -0.3167 2.6411 4.0000 0.3509 0.0387 
29.8627 11.0000 2600.6405 0.4125 0.2280 -0.2515 2.6368 5.0000 0.4422 0.0431 
29.9706 11.0000 2638.1258 0.4305 0.2285 -0.2939 2.6030 4.0000 0.5706 0.0431 
29.6977 11.0000 2552.1765 0.4343 0.2302 -0.3066 2.6362 5.0000 0.4828 0.0431 
29.9493 11.0000 2620.3219 0.4253 0.2264 -0.2981 2.6324 5.0000 0.4405 0.0431 
29.7876 11.0000 2578.0768 0.4261 0.2300 -0.2895 2.6434 5.0000 0.5677 0.0431 
30.0114 11.0000 2649.3333 0.4463 0.2303 -0.3175 2.6213 4.0000 0.4387 0.0431 
30.0163 11.0000 2646.6536 0.4591 0.2294 -0.3343 2.6101 4.0000 0.2678 0.0392 
29.7533 11.0000 2577.3448 0.4228 0.2275 -0.2842 2.6261 5.0000 0.2209 0.0392 
29.7859 11.0000 2571.3987 0.4316 0.2300 -0.3066 2.6336 5.0000 0.1314 0.0392 
29.9297 11.0000 2622.6193 0.4059 0.2259 -0.2583 2.6282 4.0000 0.1286 0.0431 
29.8023 11.0000 2586.2042 0.4161 0.2254 -0.2754 2.6302 5.0000 0.0906 0.0327 
29.9150 11.0000 2631.9314 0.4317 0.2287 -0.2882 2.6117 5.0000 0.2228 0.0420 
29.9755 11.0000 2642.4559 0.4309 0.2268 -0.2886 2.6126 4.0000 0.5299 0.0384 
29.9493 11.0000 2627.9935 0.4438 0.2331 -0.3123 2.6131 5.0000 0.3978 0.0445 
29.8676 11.0000 2604.6258 0.4227 0.2238 -0.2857 2.6298 5.0000 0.5295 0.0384 
29.8709 11.0000 2593.8431 0.4259 0.2273 -0.2890 2.6178 5.0000 0.5701 0.0433 
30.1356 11.0000 2695.3350 0.4492 0.2356 -0.2975 2.6138 5.0000 0.6138 0.0384 
29.6062 11.0000 2519.1961 0.4289 0.2284 -0.3064 2.6358 5.0000 0.5283 0.0433 
29.9428 11.0000 2625.1667 0.4164 0.2322 -0.2623 2.6247 5.0000 0.4823 0.0433 
29.9052 11.0000 2615.8840 0.4363 0.2336 -0.2888 2.6259 5.0000 0.4831 0.0433 
30.1029 11.0000 2685.3840 0.4186 0.2187 -0.2884 2.6051 5.0000 0.4376 0.0384 
29.7614 11.0000 2555.6324 0.4347 0.2359 -0.2916 2.6333 5.0000 0.1309 0.0422 
29.8350 11.0000 2577.8595 0.4258 0.2302 -0.2889 2.6450 4.0000 0.0908 0.0422 
29.9379 11.0000 2620.4984 0.4368 0.2267 -0.3023 2.6251 5.0000 0.1254 0.0393 
29.7958 11.0000 2571.0670 0.4281 0.2264 -0.2995 2.6339 5.0000 0.1800 0.0443 
29.8268 11.0000 2607.4739 0.4200 0.2246 -0.2870 2.6324 5.0000 0.3075 0.0361 
29.7435 11.0000 2577.0735 0.4372 0.2304 -0.3006 2.6301 5.0000 0.5700 0.0437 
29.7549 11.0000 2580.3905 0.4400 0.2301 -0.3036 2.6315 4.0000 0.6151 0.0437 
29.7418 11.0000 2580.5245 0.4239 0.2259 -0.2882 2.6236 4.0000 0.4779 0.0437 
29.8186 11.0000 2586.0523 0.4341 0.2300 -0.2895 2.6223 5.0000 0.5328 0.0437 
29.8235 11.0000 2584.4837 0.4344 0.2301 -0.3023 2.6286 4.0000 0.5699 0.0437 
29.7288 11.0000 2552.6650 0.4223 0.2303 -0.2784 2.6330 5.0000 0.5241 0.0437 
29.7614 11.0000 2573.5033 0.4305 0.2318 -0.2820 2.6358 4.0000 0.3121 0.0361 
29.9101 11.0000 2617.8889 0.4234 0.2292 -0.2814 2.6074 4.0000 0.3078 0.0437 
29.7680 11.0000 2567.0686 0.4290 0.2281 -0.2930 2.6280 5.0000 0.0915 0.0437 
30.0033 11.0000 2651.4918 0.4289 0.2263 -0.2919 2.6097 4.0000 0.1304 0.0437 
29.7843 11.0000 2565.3317 0.4333 0.2314 -0.2935 2.6341 5.0000 0.1336 0.0437 
