30.9671 1.0000 2966.2124 0.1667 0.0526 -0.2569 3.1869 7.0000 27.8337 0.0037 
30.9732 1.0000 2967.9849 0.1641 0.0520 -0.2545 3.1869 7.0000 29.3710 0.0037 
30.9657 1.0000 2965.7694 0.1636 0.0517 -0.2546 3.1885 7.0000 29.3286 0.0037 
30.9561 1.0000 2959.2053 0.1668 0.0520 -0.2587 3.1886 7.0000 28.8906 0.0038 
30.9534 1.0000 2959.5092 0.1660 0.0518 -0.2563 3.1867 7.0000 27.0836 0.0043 
30.9647 1.0000 2966.0000 0.1635 0.0519 -0.2533 3.1870 7.0000 26.1628 0.0043 
30.9690 1.0000 2967.6409 0.1642 0.0518 -0.2537 3.1875 6.0000 29.7217 0.0043 
30.9553 1.0000 2959.1726 0.1643 0.0520 -0.2558 3.1869 7.0000 26.2916 0.0043 
30.9575 1.0000 2959.1183 0.1649 0.0519 -0.2562 3.1879 6.0000 29.0629 0.0043 
30.9694 1.0000 2969.7412 0.1628 0.0516 -0.2520 3.1873 7.0000 29.6335 0.0043 
30.9761 1.0000 2973.2733 0.1640 0.0520 -0.2542 3.1866 7.0000 28.0068 0.0040 
30.9634 1.0000 2963.6679 0.1625 0.0512 -0.2530 3.1859 7.0000 3.0754 0.0037 
30.9718 1.0000 2968.1544 0.1639 0.0517 -0.2561 3.1862 7.0000 4.2617 0.0048 
30.9718 1.0000 2966.9136 0.1627 0.0514 -0.2538 3.1874 7.0000 4.1762 0.0048 
30.9545 1.0000 2959.5523 0.1659 0.0515 -0.2577 3.1874 6.0000 6.1538 0.0043 
30.9696 1.0000 2969.2870 0.1658 0.0526 -0.2552 3.1894 7.0000 4.9714 0.0043 
30.9555 1.0000 2960.9118 0.1638 0.0517 -0.2536 3.1904 7.0000 5.9917 0.0036 
30.9577 1.0000 2963.6714 0.1637 0.0511 -0.2551 3.1839 7.0000 10.0417 0.0036 
30.9369 1.0000 2949.6426 0.1652 0.0518 -0.2576 3.1853 6.0000 11.3455 0.0040 
30.9426 1.0000 2953.8605 0.1689 0.0522 -0.2603 3.1891 7.0000 11.8050 0.0040 
30.9877 1.0000 2977.6883 0.1612 0.0522 -0.2498 3.1880 7.0000 11.7429 0.0040 
30.9732 1.0000 2968.9978 0.1643 0.0518 -0.2557 3.1864 7.0000 11.2168 0.0040 
30.9387 1.0000 2950.8125 0.1633 0.0516 -0.2546 3.1871 7.0000 3.1634 0.0042 
30.9763 1.0000 2970.3342 0.1634 0.0522 -0.2519 3.1876 8.0000 4.1074 0.0037 
30.9526 1.0000 2956.6734 0.1663 0.0518 -0.2603 3.1855 6.0000 4.1271 0.0037 
30.9702 1.0000 2967.7514 0.1649 0.0518 -0.2579 3.1872 6.0000 4.9279 0.0039 
30.9739 1.0000 2968.4075 0.1627 0.0519 -0.2529 3.1870 8.0000 5.0603 0.0042 
30.9857 1.0000 2977.3431 0.1626 0.0518 -0.2521 3.1857 6.0000 4.6448 0.0041 
30.9620 1.0000 2966.6822 0.1648 0.0520 -0.2557 3.1860 7.0000 4.3088 0.0041 
30.9387 1.0000 2950.0255 0.1667 0.0518 -0.2604 3.1867 8.0000 7.4790 0.0039 
30.9698 1.0000 2967.4332 0.1667 0.0518 -0.2597 3.1849 8.0000 9.2499 0.0039 
30.9649 1.0000 2966.6701 0.1630 0.0514 -0.2549 3.1833 7.0000 9.5400 0.0037 
30.9571 1.0000 2960.2919 0.1625 0.0516 -0.2545 3.1885 6.0000 8.8835 0.0039 
30.9671 1.0000 2969.6275 0.1643 0.0516 -0.2559 3.1887 7.0000 4.3122 0.0036 
30.9722 1.0000 2965.5263 0.1646 0.0516 -0.2565 3.1846 7.0000 3.1644 0.0043 
30.9587 1.0000 2962.3429 0.1641 0.0516 -0.2544 3.1879 7.0000 4.9927 0.0040 
30.9561 1.0000 2962.6078 0.1625 0.0515 -0.2525 3.1857 7.0000 5.0108 0.0038 
30.9606 1.0000 2960.5635 0.1647 0.0516 -0.2567 3.1855 6.0000 3.2516 0.0049 
30.9688 1.0000 2964.0345 0.1641 0.0518 -0.2564 3.1852 7.0000 4.4396 0.0041 
30.9657 1.0000 2966.8997 0.1625 0.0515 -0.2536 3.1854 7.0000 4.7096 0.0041 
30.9730 1.0000 2969.3160 0.1648 0.0520 -0.2549 3.1911 7.0000 4.7645 0.0042 
30.9792 1.0000 2973.6705 0.1629 0.0511 -0.2532 3.1868 7.0000 6.2818 0.0042 
30.9814 1.0000 2974.8325 0.1658 0.0519 -0.2584 3.1866 7.0000 7.1048 0.0041 
30.9741 1.0000 2972.0746 0.1611 0.0508 -0.2515 3.1853 7.0000 6.9014 0.0041 
30.9538 1.0000 2960.9032 0.1651 0.0520 -0.2555 3.1890 7.0000 4.3078 0.0038 
30.9675 1.0000 2964.7271 0.1668 0.0512 -0.2591 3.1868 8.0000 3.1633 0.0039 
30.9628 1.0000 2962.1279 0.1655 0.0519 -0.2587 3.1852 6.0000 4.4373 0.0039 
30.9353 1.0000 2949.0308 0.1650 0.0515 -0.2582 3.1849 7.0000 3.0783 0.0035 
30.9594 1.0000 2962.2114 0.1647 0.0518 -0.2562 3.1849 7.0000 4.4374 0.0036 
30.9702 1.0000 2967.0174 0.1644 0.0516 -0.2561 3.1833 7.0000 5.1874 0.0043 
30.9579 1.0000 2961.6640 0.1658 0.0515 -0.2589 3.1868 7.0000 5.5378 0.0043 
30.9592 1.0000 2966.0312 0.1638 0.0512 -0.2563 3.1845 7.0000 4.8806 0.0043 
30.9598 1.0000 2962.8246 0.1642 0.0519 -0.2553 3.1886 7.0000 4.9857 0.0043 
30.9822 1.0000 2974.8824 0.1632 0.0515 -0.2528 3.1855 7.0000 6.0603 0.0040 
30.9698 1.0000 2970.6038 0.1661 0.0516 -0.2576 3.1870 7.0000 5.8452 0.0040 
30.9783 1.0000 2975.0899 0.1648 0.0511 -0.2573 3.1862 6.0000 4.2646 0.0043 
30.9671 1.0000 2967.3058 0.1643 0.0521 -0.2557 3.1863 7.0000 3.0777 0.0037 
30.9673 1.0000 2964.2486 0.1660 0.0515 -0.2579 3.1896 7.0000 4.3114 0.0035 
30.9741 1.0000 2970.1207 0.1631 0.0513 -0.2542 3.1865 6.0000 3.1651 0.0031 
30.9536 1.0000 2961.4175 0.1658 0.0517 -0.2588 3.1870 7.0000 3.2096 0.0036 
30.9643 1.0000 2967.6949 0.1626 0.0513 -0.2533 3.1836 6.0000 8.4074 0.0035 
30.9714 1.0000 2970.3489 0.1653 0.0517 -0.2578 3.1844 7.0000 13.1068 0.0035 
30.9720 1.0000 2972.7639 0.1632 0.0525 -0.2511 3.1879 7.0000 15.3966 0.0035 
30.9781 1.0000 2972.4908 0.1626 0.0512 -0.2536 3.1837 7.0000 14.5598 0.0038 
30.9679 1.0000 2968.4224 0.1627 0.0516 -0.2532 3.1871 7.0000 14.3398 0.0038 
30.9575 1.0000 2959.6949 0.1629 0.0513 -0.2539 3.1870 6.0000 12.2888 0.0038 
30.9714 1.0000 2968.5913 0.1628 0.0510 -0.2527 3.1839 7.0000 11.6793 0.0040 
30.9796 1.0000 2972.0492 0.1655 0.0517 -0.2580 3.1884 7.0000 3.1676 0.0035 
30.9904 1.0000 2978.6579 0.1640 0.0520 -0.2541 3.1863 7.0000 4.2683 0.0039 
30.9739 1.0000 2971.3172 0.1656 0.0518 -0.2571 3.1855 7.0000 4.2664 0.0038 
30.9781 1.0000 2973.6708 0.1652 0.0522 -0.2549 3.1878 7.0000 4.3079 0.0032 
30.9781 1.0000 2969.8280 0.1665 0.0520 -0.2584 3.1874 7.0000 3.2111 0.0034 
30.9755 1.0000 2970.2363 0.1635 0.0515 -0.2551 3.1858 7.0000 7.8700 0.0044 
30.9704 1.0000 2967.2040 0.1678 0.0520 -0.2602 3.1847 6.0000 8.5355 0.0040 
30.9638 1.0000 2962.9389 0.1637 0.0519 -0.2551 3.1877 6.0000 6.4536 0.0040 
30.9681 1.0000 2969.1279 0.1625 0.0515 -0.2543 3.1850 6.0000 5.8110 0.0032 
30.9753 1.0000 2974.6728 0.1618 0.0516 -0.2512 3.1871 7.0000 5.7918 0.0044 
30.9690 1.0000 2967.1748 0.1657 0.0515 -0.2581 3.1852 7.0000 5.3941 0.0040 
30.9671 1.0000 2967.5118 0.1648 0.0516 -0.2566 3.1873 6.0000 5.6437 0.0040 
30.9700 1.0000 2965.7208 0.1642 0.0517 -0.2556 3.1880 7.0000 4.3140 0.0040 
30.9871 1.0000 2979.0364 0.1631 0.0513 -0.2535 3.1835 7.0000 4.4367 0.0043 
30.9810 1.0000 2971.1162 0.1628 0.0518 -0.2544 3.1863 7.0000 4.5303 0.0041 
30.9863 1.0000 2975.9308 0.1662 0.0517 -0.2585 3.1847 7.0000 4.5646 0.0039 
30.9491 1.0000 2961.0535 0.1643 0.0510 -0.2564 3.1850 7.0000 4.2173 0.0040 
30.9688 1.0000 2966.4933 0.1639 0.0518 -0.2546 3.1872 7.0000 5.1058 0.0044 
30.9630 1.0000 2964.7183 0.1648 0.0521 -0.2565 3.1858 7.0000 5.2314 0.0034 
30.9649 1.0000 2964.7147 0.1635 0.0514 -0.2551 3.1839 8.0000 10.7573 0.0036 
30.9624 1.0000 2962.7128 0.1649 0.0516 -0.2573 3.1860 7.0000 12.3019 0.0031 
30.9630 1.0000 2967.3054 0.1658 0.0517 -0.2558 3.1856 7.0000 11.9958 0.0041 
30.9641 1.0000 2965.3940 0.1620 0.0514 -0.2526 3.1864 7.0000 8.6650 0.0036 
30.9540 1.0000 2959.8697 0.1655 0.0520 -0.2568 3.1844 7.0000 4.3923 0.0041 
30.9655 1.0000 2966.2386 0.1673 0.0515 -0.2599 3.1839 7.0000 4.4382 0.0041 
30.9606 1.0000 2966.1867 0.1652 0.0517 -0.2576 3.1845 6.0000 4.3922 0.0041 
30.9489 1.0000 2956.6526 0.1654 0.0513 -0.2591 3.1848 6.0000 4.4411 0.0041 
30.9641 1.0000 2963.8035 0.1643 0.0517 -0.2548 3.1881 7.0000 4.4787 0.0041 
30.9800 1.0000 2975.4739 0.1657 0.0521 -0.2578 3.1877 7.0000 4.4976 0.0041 
30.9896 1.0000 2975.9465 0.1664 0.0521 -0.2578 3.1885 7.0000 3.1172 0.0041 
30.9749 1.0000 2971.3366 0.1637 0.0514 -0.2563 3.1827 7.0000 4.4841 0.0041 
30.9653 1.0000 2964.9201 0.1655 0.0516 -0.2572 3.1868 7.0000 6.3591 0.0041 
30.9606 1.0000 2964.8521 0.1639 0.0518 -0.2544 3.1895 7.0000 6.3268 0.0041 
