30.9877 11.0000 2983.2967 0.3173 0.1091 -0.2962 3.2842 8.0000 25.1933 0.0038 
30.9898 11.0000 2982.3257 0.3173 0.1077 -0.3015 3.2784 8.0000 25.5471 0.0028 
30.9822 11.0000 2981.1255 0.3179 0.1110 -0.2970 3.2852 7.0000 25.7657 0.0043 
30.9920 11.0000 2984.7213 0.3193 0.1102 -0.2984 3.2858 7.0000 22.9978 0.0035 
30.9786 11.0000 2979.0853 0.3175 0.1094 -0.2969 3.2849 7.0000 23.2596 0.0037 
30.9602 11.0000 2971.1438 0.3200 0.1106 -0.2989 3.2895 7.0000 24.1842 0.0029 
30.9991 11.0000 2988.2295 0.3178 0.1104 -0.2925 3.2834 7.0000 26.0301 0.0043 
30.9766 11.0000 2979.6832 0.3185 0.1106 -0.2970 3.2840 7.0000 23.8776 0.0028 
30.9829 11.0000 2981.7729 0.3192 0.1107 -0.2964 3.2861 7.0000 24.3593 0.0035 
30.9715 11.0000 2974.0527 0.3161 0.1071 -0.2997 3.2819 7.0000 25.9887 0.0029 
30.9719 11.0000 2975.0659 0.3173 0.1097 -0.2965 3.2825 7.0000 25.8531 0.0035 
30.9702 11.0000 2976.4504 0.3170 0.1092 -0.2965 3.2817 8.0000 4.0467 0.0035 
30.9993 11.0000 2988.3863 0.3166 0.1094 -0.2967 3.2895 8.0000 2.9013 0.0031 
30.9708 11.0000 2977.1521 0.3217 0.1115 -0.2992 3.2867 7.0000 4.0924 0.0031 
30.9784 11.0000 2979.5748 0.3198 0.1098 -0.3003 3.2866 8.0000 3.7835 0.0036 
30.9956 11.0000 2985.9621 0.3199 0.1105 -0.2971 3.2825 7.0000 5.1146 0.0039 
30.9544 11.0000 2967.2464 0.3191 0.1097 -0.3030 3.2845 7.0000 5.1166 0.0039 
30.9788 11.0000 2978.9001 0.3201 0.1114 -0.2968 3.2868 7.0000 10.5479 0.0036 
30.9858 11.0000 2981.5120 0.3200 0.1109 -0.2998 3.2868 7.0000 13.6151 0.0034 
30.9846 11.0000 2982.5243 0.3177 0.1112 -0.2933 3.2871 7.0000 14.3343 0.0035 
30.9651 11.0000 2971.2306 0.3164 0.1074 -0.2991 3.2824 7.0000 13.4485 0.0036 
30.9900 11.0000 2985.8782 0.3184 0.1102 -0.2986 3.2876 8.0000 12.5730 0.0039 
30.9688 11.0000 2974.5940 0.3218 0.1091 -0.3053 3.2829 7.0000 3.0634 0.0037 
30.9788 11.0000 2979.3787 0.3192 0.1100 -0.2983 3.2886 7.0000 3.7510 0.0037 
30.9822 11.0000 2980.8282 0.3205 0.1106 -0.3004 3.2889 7.0000 4.6646 0.0034 
30.9737 11.0000 2977.4637 0.3170 0.1096 -0.2977 3.2827 7.0000 4.6156 0.0036 
30.9508 11.0000 2965.8798 0.3198 0.1097 -0.3026 3.2876 7.0000 4.5739 0.0038 
30.9759 11.0000 2978.7712 0.3179 0.1096 -0.2981 3.2860 8.0000 4.8848 0.0040 
30.9808 11.0000 2979.9631 0.3173 0.1099 -0.2958 3.2890 7.0000 3.9084 0.0041 
30.9646 11.0000 2975.0637 0.3224 0.1118 -0.3007 3.2873 8.0000 4.4854 0.0038 
30.9933 11.0000 2985.3796 0.3188 0.1102 -0.2976 3.2849 7.0000 5.5462 0.0032 
30.9523 11.0000 2967.8208 0.3137 0.1079 -0.2960 3.2766 7.0000 6.7736 0.0032 
30.9728 11.0000 2976.1309 0.3176 0.1097 -0.2998 3.2817 7.0000 6.5095 0.0040 
30.9717 11.0000 2976.3021 0.3205 0.1109 -0.3013 3.2837 7.0000 3.1204 0.0047 
30.9798 11.0000 2978.0340 0.3214 0.1122 -0.2983 3.2829 7.0000 4.1797 0.0042 
30.9755 11.0000 2978.0234 0.3176 0.1096 -0.2995 3.2883 7.0000 4.0771 0.0035 
30.9680 11.0000 2974.6380 0.3221 0.1113 -0.3028 3.2882 7.0000 4.2672 0.0036 
30.9693 11.0000 2974.1569 0.3193 0.1105 -0.2985 3.2819 7.0000 2.8547 0.0033 
30.9626 11.0000 2972.0806 0.3171 0.1088 -0.2962 3.2854 7.0000 4.1785 0.0037 
30.9704 11.0000 2975.0895 0.3224 0.1106 -0.3020 3.2854 8.0000 4.8139 0.0033 
30.9599 11.0000 2970.8183 0.3193 0.1089 -0.3024 3.2875 7.0000 4.3125 0.0032 
30.9864 11.0000 2982.1543 0.3209 0.1102 -0.2997 3.2847 7.0000 4.1238 0.0042 
30.9886 11.0000 2984.3384 0.3211 0.1095 -0.3028 3.2826 7.0000 5.3220 0.0027 
30.9423 11.0000 2963.2918 0.3192 0.1102 -0.2992 3.2855 7.0000 5.1908 0.0042 
30.9564 11.0000 2970.4769 0.3193 0.1087 -0.3025 3.2828 8.0000 4.2645 0.0036 
30.9775 11.0000 2976.0528 0.3181 0.1081 -0.3029 3.2825 7.0000 4.3078 0.0032 
30.9572 11.0000 2969.3224 0.3190 0.1104 -0.2988 3.2846 7.0000 4.2225 0.0036 
30.9566 11.0000 2968.9357 0.3204 0.1092 -0.3031 3.2859 7.0000 3.0270 0.0030 
30.9744 11.0000 2979.2364 0.3164 0.1087 -0.2988 3.2822 7.0000 4.0878 0.0039 
30.9837 11.0000 2982.2741 0.3200 0.1094 -0.3014 3.2868 8.0000 4.2650 0.0039 
30.9735 11.0000 2979.4760 0.3207 0.1108 -0.2996 3.2863 8.0000 4.3987 0.0041 
30.9780 11.0000 2978.3931 0.3199 0.1101 -0.3027 3.2858 7.0000 5.6316 0.0026 
30.9862 11.0000 2982.9192 0.3188 0.1102 -0.2988 3.2855 7.0000 5.5334 0.0026 
31.0022 11.0000 2988.6968 0.3199 0.1118 -0.2969 3.2878 8.0000 4.1807 0.0035 
30.9764 11.0000 2979.3533 0.3188 0.1107 -0.2970 3.2894 8.0000 4.1810 0.0038 
30.9940 11.0000 2985.9388 0.3176 0.1097 -0.2978 3.2860 7.0000 4.2676 0.0039 
30.9773 11.0000 2978.6618 0.3178 0.1090 -0.2993 3.2837 7.0000 4.8818 0.0038 
30.9880 11.0000 2983.9833 0.3203 0.1106 -0.3005 3.2854 7.0000 2.9483 0.0040 
30.9659 11.0000 2974.6928 0.3203 0.1101 -0.3004 3.2861 7.0000 4.2296 0.0039 
30.9751 11.0000 2980.0728 0.3215 0.1130 -0.2944 3.2903 7.0000 4.1783 0.0039 
30.9602 11.0000 2971.6380 0.3243 0.1112 -0.3052 3.2850 7.0000 4.4218 0.0036 
30.9666 11.0000 2974.6550 0.3165 0.1110 -0.2959 3.2855 7.0000 4.0241 0.0036 
31.0065 11.0000 2989.5655 0.3195 0.1104 -0.2999 3.2872 7.0000 4.3575 0.0029 
30.9909 11.0000 2983.2389 0.3169 0.1078 -0.3022 3.2872 7.0000 5.5448 0.0036 
30.9691 11.0000 2974.3767 0.3223 0.1097 -0.3049 3.2871 7.0000 5.5875 0.0036 
30.9648 11.0000 2973.2867 0.3171 0.1078 -0.3029 3.2771 7.0000 4.3095 0.0027 
30.9631 11.0000 2973.8831 0.3208 0.1119 -0.2989 3.2912 7.0000 4.3085 0.0038 
30.9686 11.0000 2974.5390 0.3186 0.1097 -0.2984 3.2871 7.0000 2.9914 0.0033 
30.9671 11.0000 2974.5151 0.3203 0.1089 -0.3013 3.2830 8.0000 5.0985 0.0042 
30.9751 11.0000 2977.1883 0.3195 0.1086 -0.3042 3.2852 8.0000 4.1311 0.0042 
30.9740 11.0000 2978.4316 0.3195 0.1095 -0.3013 3.2870 7.0000 2.9059 0.0042 
30.9666 11.0000 2975.0773 0.3187 0.1089 -0.3027 3.2817 7.0000 4.1770 0.0037 
30.9964 11.0000 2986.0919 0.3204 0.1104 -0.2989 3.2880 7.0000 4.2638 0.0041 
30.9740 11.0000 2976.9993 0.3189 0.1104 -0.2996 3.2808 7.0000 4.3009 0.0039 
30.9477 11.0000 2966.1480 0.3216 0.1097 -0.3048 3.2845 7.0000 5.3632 0.0041 
31.0040 11.0000 2990.3747 0.3204 0.1103 -0.2992 3.2872 7.0000 5.2267 0.0041 
30.9700 11.0000 2976.4788 0.3236 0.1117 -0.3005 3.2893 7.0000 4.3540 0.0038 
30.9829 11.0000 2981.4049 0.3193 0.1087 -0.3040 3.2798 7.0000 4.3553 0.0041 
30.9581 11.0000 2970.9110 0.3179 0.1096 -0.3003 3.2838 7.0000 4.3106 0.0036 
30.9651 11.0000 2973.8297 0.3187 0.1099 -0.3004 3.2888 7.0000 4.7878 0.0033 
30.9581 11.0000 2971.3971 0.3201 0.1109 -0.3005 3.2868 7.0000 4.1342 0.0036 
30.9708 11.0000 2976.5683 0.3190 0.1096 -0.2983 3.2807 7.0000 4.1797 0.0041 
30.9584 11.0000 2971.6745 0.3201 0.1105 -0.3008 3.2885 7.0000 2.9781 0.0039 
30.9653 11.0000 2971.5376 0.3198 0.1119 -0.2993 3.2816 7.0000 2.9925 0.0039 
30.9602 11.0000 2973.3976 0.3158 0.1077 -0.3023 3.2836 7.0000 4.3116 0.0038 
30.9735 11.0000 2975.9581 0.3171 0.1100 -0.2956 3.2869 7.0000 5.5202 0.0038 
30.9684 11.0000 2973.2847 0.3198 0.1083 -0.3044 3.2842 7.0000 5.4804 0.0038 
30.9597 11.0000 2969.2916 0.3222 0.1108 -0.3030 3.2903 7.0000 4.4413 0.0042 
30.9697 11.0000 2973.5850 0.3215 0.1100 -0.3054 3.2893 7.0000 4.7925 0.0035 
30.9737 11.0000 2978.2219 0.3205 0.1119 -0.2975 3.2857 7.0000 3.4301 0.0035 
31.0013 11.0000 2989.4477 0.3172 0.1094 -0.2971 3.2865 7.0000 6.9925 0.0035 
30.9831 11.0000 2980.6625 0.3219 0.1099 -0.3042 3.2835 8.0000 7.3029 0.0035 
30.9666 11.0000 2974.3462 0.3188 0.1097 -0.2994 3.2894 7.0000 4.7071 0.0040 
30.9660 11.0000 2973.5374 0.3190 0.1086 -0.3028 3.2887 7.0000 3.4602 0.0035 
30.9691 11.0000 2975.6954 0.3184 0.1096 -0.2977 3.2891 7.0000 4.2232 0.0035 
30.9702 11.0000 2975.2244 0.3241 0.1100 -0.3064 3.2794 7.0000 4.3544 0.0035 
30.9860 11.0000 2983.1534 0.3181 0.1086 -0.2989 3.2831 7.0000 4.8358 0.0035 
30.9561 11.0000 2969.1387 0.3208 0.1106 -0.3035 3.2829 7.0000 4.7953 0.0035 
30.9642 11.0000 2973.2075 0.3215 0.1107 -0.3018 3.2872 7.0000 4.3986 0.0035 
30.9775 11.0000 2977.8720 0.3216 0.1094 -0.3037 3.2830 7.0000 2.9912 0.0035 
