30.3758 1.0000 2738.5711 0.4340 0.2222 -0.2454 2.8964 5.0000 1.4762 0.0207 
30.4289 1.0000 2783.6838 0.4477 0.2261 -0.2590 2.8851 6.0000 1.4761 0.0207 
30.5482 1.0000 2832.1781 0.4440 0.2282 -0.2450 2.8822 5.0000 1.4648 0.0240 
30.5490 1.0000 2832.3554 0.4389 0.2251 -0.2400 2.8799 6.0000 1.4614 0.0277 
30.3578 1.0000 2757.2386 0.4370 0.2222 -0.2553 2.8880 5.0000 1.5010 0.0209 
30.4175 1.0000 2799.3922 0.4358 0.2264 -0.2278 2.8972 5.0000 1.4700 0.0237 
30.4028 1.0000 2760.7059 0.4656 0.2274 -0.2967 2.8906 5.0000 1.4936 0.0237 
30.3137 1.0000 2710.9150 0.4533 0.2322 -0.2586 2.9188 6.0000 1.4178 0.0240 
30.4608 1.0000 2790.5212 0.4499 0.2269 -0.2603 2.8908 5.0000 1.3698 0.0209 
30.4191 1.0000 2775.5572 0.4485 0.2227 -0.2663 2.8852 5.0000 1.3732 0.0237 
30.5433 1.0000 2839.9812 0.4469 0.2234 -0.2471 2.8886 5.0000 1.4319 0.0237 
30.5261 1.0000 2820.8056 0.4346 0.2205 -0.2415 2.8882 5.0000 0.3083 0.0206 
30.2500 1.0000 2699.0261 0.4448 0.2277 -0.2645 2.8920 5.0000 0.3218 0.0285 
30.3676 1.0000 2747.5964 0.4371 0.2256 -0.2504 2.8872 5.0000 0.2020 0.0165 
30.3668 1.0000 2758.3668 0.4549 0.2304 -0.2582 2.8985 5.0000 0.3489 0.0235 
30.4575 1.0000 2788.2982 0.4461 0.2313 -0.2416 2.8953 5.0000 0.2770 0.0223 
30.2418 1.0000 2687.2296 0.4534 0.2269 -0.2800 2.9175 6.0000 0.2357 0.0223 
30.2753 1.0000 2705.4485 0.4396 0.2267 -0.2497 2.8952 5.0000 0.5439 0.0217 
30.4420 1.0000 2765.8791 0.4418 0.2225 -0.2675 2.8727 5.0000 0.6028 0.0229 
30.4502 1.0000 2783.7067 0.4607 0.2309 -0.2755 2.8984 5.0000 0.6091 0.0235 
30.4150 1.0000 2737.4779 0.4651 0.2289 -0.2976 2.8878 5.0000 0.2632 0.0269 
30.4600 1.0000 2787.6340 0.4555 0.2321 -0.2597 2.8901 5.0000 0.2621 0.0217 
30.5833 1.0000 2835.7958 0.4551 0.2300 -0.2629 2.8916 5.0000 0.1770 0.0244 
30.2712 1.0000 2689.4142 0.4475 0.2284 -0.2599 2.8928 5.0000 0.2641 0.0182 
30.3897 1.0000 2752.1038 0.4575 0.2313 -0.2763 2.9000 5.0000 0.3063 0.0195 
30.2263 1.0000 2705.4771 0.4601 0.2327 -0.2736 2.8997 5.0000 0.1780 0.0267 
30.3734 1.0000 2748.2574 0.4448 0.2237 -0.2701 2.8828 5.0000 0.2664 0.0189 
30.4592 1.0000 2800.9910 0.4405 0.2236 -0.2426 2.8985 5.0000 0.2639 0.0225 
30.4093 1.0000 2777.4861 0.4329 0.2249 -0.2420 2.8970 5.0000 0.2654 0.0254 
30.6748 1.0000 2876.7361 0.4461 0.2252 -0.2564 2.8801 5.0000 0.3508 0.0189 
30.4273 1.0000 2756.4240 0.4362 0.2239 -0.2502 2.9025 5.0000 0.3498 0.0254 
30.4306 1.0000 2747.2835 0.4486 0.2262 -0.2696 2.8978 5.0000 0.4382 0.0244 
30.3456 1.0000 2770.3423 0.4559 0.2294 -0.2631 2.8963 5.0000 0.3990 0.0244 
30.2778 1.0000 2692.5662 0.4506 0.2326 -0.2645 2.9007 5.0000 0.1770 0.0195 
30.5310 1.0000 2808.7998 0.4576 0.2319 -0.2627 2.8882 5.0000 0.2662 0.0232 
30.4918 1.0000 2787.7900 0.4650 0.2304 -0.2741 2.8976 5.0000 0.3048 0.0166 
30.5106 1.0000 2828.8211 0.4352 0.2191 -0.2406 2.8822 5.0000 0.4430 0.0220 
30.3301 1.0000 2714.2794 0.4497 0.2250 -0.2775 2.8915 5.0000 0.3522 0.0239 
30.5106 1.0000 2825.0899 0.4446 0.2282 -0.2407 2.8852 5.0000 0.2639 0.0227 
30.4028 1.0000 2744.3382 0.4409 0.2280 -0.2534 2.8964 5.0000 0.3064 0.0224 
30.3178 1.0000 2751.9779 0.4519 0.2301 -0.2643 2.8947 5.0000 0.2633 0.0220 
30.4150 1.0000 2748.6422 0.4378 0.2289 -0.2385 2.8920 5.0000 0.4802 0.0220 
30.3472 1.0000 2721.3685 0.4582 0.2303 -0.2787 2.8822 6.0000 0.4431 0.0210 
30.4771 1.0000 2812.8023 0.4538 0.2319 -0.2404 2.8950 5.0000 0.3080 0.0235 
30.3962 1.0000 2737.4845 0.4536 0.2340 -0.2539 2.9094 5.0000 0.3064 0.0235 
30.3824 1.0000 2725.6193 0.4507 0.2319 -0.2562 2.9051 5.0000 0.2181 0.0204 
30.3611 1.0000 2764.0368 0.4362 0.2238 -0.2476 2.8841 5.0000 0.3032 0.0208 
30.5776 1.0000 2853.0359 0.4400 0.2261 -0.2343 2.8950 5.0000 0.2181 0.0270 
30.4641 1.0000 2821.6855 0.4370 0.2200 -0.2384 2.8764 5.0000 0.2530 0.0194 
30.4052 1.0000 2801.1953 0.4456 0.2290 -0.2437 2.8897 5.0000 0.1771 0.0205 
30.4183 1.0000 2786.4992 0.4380 0.2268 -0.2349 2.8918 5.0000 0.3061 0.0265 
30.4077 1.0000 2757.2516 0.4506 0.2297 -0.2596 2.8966 5.0000 0.4369 0.0232 
30.3137 1.0000 2722.0376 0.4420 0.2228 -0.2604 2.8856 5.0000 0.6151 0.0232 
30.4477 1.0000 2781.9730 0.4599 0.2316 -0.2727 2.8698 6.0000 0.5717 0.0232 
30.4624 1.0000 2803.2778 0.4330 0.2262 -0.2316 2.8920 5.0000 0.2649 0.0216 
30.3742 1.0000 2764.9216 0.4623 0.2354 -0.2652 2.9056 5.0000 0.2182 0.0221 
30.3587 1.0000 2719.8627 0.4566 0.2293 -0.2727 2.9015 5.0000 0.3063 0.0236 
30.2680 1.0000 2738.6176 0.4555 0.2289 -0.2725 2.8873 5.0000 0.3001 0.0187 
30.4518 1.0000 2789.1830 0.4465 0.2255 -0.2615 2.8917 5.0000 0.2591 0.0194 
30.4959 1.0000 2766.8170 0.4442 0.2248 -0.2696 2.8817 5.0000 0.3065 0.0219 
30.4003 1.0000 2735.0400 0.4419 0.2240 -0.2680 2.8937 6.0000 0.3068 0.0228 
30.2851 1.0000 2715.9730 0.4392 0.2277 -0.2522 2.8938 5.0000 0.3943 0.0268 
30.3807 1.0000 2752.4044 0.4562 0.2303 -0.2684 2.9017 5.0000 0.2670 0.0253 
30.3260 1.0000 2716.3080 0.4428 0.2301 -0.2533 2.8993 5.0000 0.5265 0.0240 
30.3668 1.0000 2737.8783 0.4492 0.2298 -0.2643 2.9104 5.0000 0.4416 0.0248 
30.4150 1.0000 2754.9812 0.4505 0.2261 -0.2694 2.8970 5.0000 0.5198 0.0240 
30.4289 1.0000 2760.2590 0.4421 0.2248 -0.2622 2.8937 5.0000 0.3079 0.0186 
30.3685 1.0000 2727.0989 0.4463 0.2271 -0.2663 2.8925 5.0000 0.2666 0.0176 
30.5147 1.0000 2783.2500 0.4334 0.2223 -0.2488 2.8850 5.0000 0.2656 0.0163 
30.3342 1.0000 2721.8072 0.4467 0.2234 -0.2733 2.8831 5.0000 0.3061 0.0163 
30.3922 1.0000 2726.8652 0.4418 0.2238 -0.2706 2.8938 5.0000 0.2189 0.0214 
30.4208 1.0000 2769.2337 0.4499 0.2256 -0.2690 2.9020 5.0000 0.3085 0.0241 
30.2761 1.0000 2696.8668 0.4450 0.2331 -0.2459 2.9154 5.0000 0.3071 0.0216 
30.4338 1.0000 2750.2802 0.4483 0.2269 -0.2569 2.8802 5.0000 0.3074 0.0240 
30.3186 1.0000 2765.9167 0.4419 0.2249 -0.2502 2.8971 5.0000 0.2184 0.0186 
30.5498 1.0000 2840.7018 0.4582 0.2261 -0.2768 2.8834 5.0000 0.3068 0.0208 
30.3578 1.0000 2754.3047 0.4272 0.2170 -0.2530 2.8878 5.0000 0.3066 0.0208 
30.3194 1.0000 2726.0760 0.4376 0.2208 -0.2657 2.8815 5.0000 0.3055 0.0229 
30.5204 1.0000 2797.8325 0.4397 0.2276 -0.2381 2.8896 5.0000 0.3087 0.0261 
30.2958 1.0000 2734.1895 0.4432 0.2319 -0.2403 2.9027 5.0000 0.4814 0.0204 
30.5882 1.0000 2818.7900 0.4569 0.2265 -0.2821 2.8776 5.0000 0.3504 0.0225 
30.3644 1.0000 2736.5204 0.4309 0.2210 -0.2599 2.8777 5.0000 0.3098 0.0229 
30.4020 1.0000 2738.5458 0.4565 0.2298 -0.2762 2.9055 6.0000 0.3509 0.0229 
30.3587 1.0000 2772.1291 0.4405 0.2224 -0.2557 2.8804 6.0000 0.1782 0.0216 
30.3546 1.0000 2743.1013 0.4577 0.2318 -0.2731 2.8970 5.0000 0.3064 0.0264 
30.4297 1.0000 2772.4698 0.4331 0.2224 -0.2552 2.8859 5.0000 0.2654 0.0214 
30.4306 1.0000 2775.6528 0.4400 0.2248 -0.2563 2.8864 5.0000 0.2653 0.0248 
30.4534 1.0000 2794.0278 0.4504 0.2288 -0.2552 2.9047 6.0000 0.2185 0.0264 
30.3554 1.0000 2765.2851 0.4553 0.2246 -0.2718 2.8978 5.0000 0.4832 0.0248 
30.3905 1.0000 2745.0915 0.4577 0.2234 -0.2909 2.8914 5.0000 0.4856 0.0248 
30.2958 1.0000 2714.3431 0.4578 0.2315 -0.2741 2.8863 5.0000 0.4848 0.0248 
30.3725 1.0000 2728.7288 0.4379 0.2293 -0.2459 2.9108 6.0000 0.5713 0.0248 
30.5359 1.0000 2837.3685 0.4512 0.2275 -0.2513 2.8839 5.0000 0.5723 0.0248 
30.4641 1.0000 2793.0923 0.4507 0.2252 -0.2766 2.8751 5.0000 0.4823 0.0248 
30.2859 1.0000 2701.4649 0.4324 0.2242 -0.2486 2.8935 5.0000 0.2665 0.0248 
30.2868 1.0000 2721.1250 0.4493 0.2300 -0.2536 2.9002 5.0000 0.2170 0.0248 
30.4338 1.0000 2772.5229 0.4533 0.2288 -0.2749 2.8899 5.0000 0.2670 0.0248 
30.3358 1.0000 2717.4052 0.4449 0.2233 -0.2776 2.8808 5.0000 0.2656 0.0248 
30.3358 1.0000 2733.6340 0.4447 0.2339 -0.2502 2.9010 5.0000 0.4778 0.0248 
30.2770 1.0000 2743.5155 0.4525 0.2295 -0.2590 2.8969 5.0000 0.3919 0.0248 
