30.4796 1.0000 2779.0351 0.4219 0.2049 -0.2850 2.8604 6.0000 1.5292 0.0246 
30.3734 1.0000 2768.4428 0.4257 0.2051 -0.2841 2.8735 5.0000 1.6160 0.0228 
30.4363 1.0000 2778.1324 0.4103 0.2072 -0.2625 2.8791 5.0000 1.5837 0.0228 
30.2778 1.0000 2710.4232 0.4242 0.2120 -0.2805 2.8961 5.0000 1.5730 0.0228 
30.3407 1.0000 2734.3791 0.4253 0.2089 -0.2790 2.8775 5.0000 1.6161 0.0228 
30.3325 1.0000 2732.2663 0.4216 0.2089 -0.2764 2.8789 5.0000 1.5800 0.0187 
30.4134 1.0000 2744.8619 0.4159 0.2046 -0.2787 2.8790 5.0000 1.5741 0.0228 
30.3546 1.0000 2765.8766 0.4307 0.2091 -0.2871 2.8709 5.0000 1.5769 0.0228 
30.3889 1.0000 2774.8562 0.4251 0.2074 -0.2768 2.8804 5.0000 1.4838 0.0263 
30.3309 1.0000 2728.8758 0.4203 0.2119 -0.2656 2.8719 5.0000 1.4436 0.0187 
30.3105 1.0000 2721.4518 0.4126 0.2077 -0.2690 2.8860 6.0000 1.5708 0.0187 
30.3938 1.0000 2734.5237 0.4133 0.2014 -0.2842 2.8685 5.0000 0.1776 0.0247 
30.3946 1.0000 2737.9167 0.4197 0.2085 -0.2794 2.8829 5.0000 0.3057 0.0207 
30.3758 1.0000 2741.6087 0.4142 0.2041 -0.2737 2.8627 5.0000 0.5179 0.0258 
30.5155 1.0000 2833.5784 0.4215 0.2092 -0.2678 2.8726 5.0000 0.4721 0.0258 
30.2786 1.0000 2712.2549 0.4174 0.2065 -0.2761 2.8726 5.0000 0.8538 0.0256 
30.3162 1.0000 2750.8007 0.4247 0.2098 -0.2793 2.8785 5.0000 0.7199 0.0215 
30.4641 1.0000 2769.6520 0.4221 0.2066 -0.2781 2.8704 5.0000 0.5936 0.0249 
30.2900 1.0000 2707.4518 0.4315 0.2089 -0.3028 2.8820 5.0000 0.5939 0.0246 
30.4395 1.0000 2748.1961 0.4232 0.2062 -0.2930 2.8746 5.0000 0.5202 0.0239 
30.5294 1.0000 2792.7900 0.4156 0.2057 -0.2700 2.8774 5.0000 0.5658 0.0246 
30.3374 1.0000 2723.0711 0.4304 0.2115 -0.2871 2.8824 5.0000 0.2627 0.0224 
30.4559 1.0000 2767.1087 0.4232 0.2044 -0.2861 2.8722 5.0000 0.2961 0.0229 
30.3905 1.0000 2743.2410 0.4233 0.2100 -0.2803 2.8801 5.0000 0.3054 0.0221 
30.4330 1.0000 2751.0082 0.4231 0.2070 -0.2824 2.8830 5.0000 0.2190 0.0249 
30.3047 1.0000 2713.2353 0.4195 0.2107 -0.2689 2.8782 5.0000 0.3049 0.0252 
30.3521 1.0000 2730.4894 0.4267 0.2094 -0.2819 2.8679 5.0000 0.2626 0.0234 
30.3121 1.0000 2732.0784 0.4274 0.2071 -0.2920 2.8730 6.0000 0.2645 0.0244 
30.3301 1.0000 2749.9886 0.4257 0.2052 -0.2896 2.8616 5.0000 0.2661 0.0235 
30.3399 1.0000 2758.7884 0.4126 0.2069 -0.2552 2.8739 5.0000 0.3072 0.0230 
30.4069 1.0000 2750.0637 0.4285 0.2068 -0.2869 2.8701 5.0000 0.3076 0.0254 
30.2933 1.0000 2720.0735 0.4278 0.2066 -0.2963 2.8856 5.0000 0.4303 0.0267 
30.3611 1.0000 2715.0041 0.4125 0.2070 -0.2769 2.8989 5.0000 0.3910 0.0267 
30.4779 1.0000 2821.8211 0.4213 0.2074 -0.2645 2.8601 5.0000 0.3453 0.0247 
30.4134 1.0000 2754.3342 0.4241 0.2109 -0.2711 2.8817 5.0000 0.3492 0.0249 
30.3211 1.0000 2723.1356 0.4269 0.2103 -0.2861 2.8790 5.0000 0.2159 0.0247 
30.3448 1.0000 2755.4518 0.4152 0.2045 -0.2708 2.8679 5.0000 0.2664 0.0226 
30.3374 1.0000 2746.4690 0.4100 0.2024 -0.2701 2.8662 5.0000 0.1789 0.0280 
30.3734 1.0000 2730.6389 0.4245 0.2017 -0.3029 2.8735 6.0000 0.2673 0.0206 
30.3750 1.0000 2745.6683 0.4113 0.2064 -0.2576 2.8729 5.0000 0.2660 0.0188 
30.4183 1.0000 2777.6234 0.4134 0.2020 -0.2658 2.8673 5.0000 0.3940 0.0262 
30.3301 1.0000 2717.2059 0.4179 0.2052 -0.2802 2.8743 5.0000 0.3043 0.0262 
30.3170 1.0000 2738.6985 0.4145 0.2094 -0.2549 2.8833 5.0000 0.2663 0.0249 
30.3889 1.0000 2737.1234 0.4248 0.2099 -0.2811 2.8919 5.0000 0.2675 0.0274 
30.2770 1.0000 2714.4461 0.4312 0.2102 -0.2916 2.8731 5.0000 0.3084 0.0262 
30.3031 1.0000 2714.0008 0.4068 0.2074 -0.2643 2.8810 5.0000 0.3067 0.0192 
30.5139 1.0000 2809.2173 0.4292 0.2076 -0.2889 2.8637 5.0000 0.3069 0.0192 
30.3995 1.0000 2766.3930 0.4119 0.2089 -0.2535 2.8737 6.0000 0.1788 0.0228 
30.3930 1.0000 2725.9077 0.4113 0.2048 -0.2757 2.8767 5.0000 0.2547 0.0249 
30.2386 1.0000 2692.8538 0.4129 0.2018 -0.2890 2.8743 5.0000 0.2161 0.0224 
30.2574 1.0000 2737.6879 0.4163 0.2098 -0.2613 2.8776 5.0000 0.3067 0.0251 
30.4600 1.0000 2797.3570 0.4280 0.2072 -0.2890 2.8728 5.0000 0.2158 0.0240 
30.2933 1.0000 2696.5196 0.4296 0.2120 -0.2806 2.8806 5.0000 0.2672 0.0208 
30.2810 1.0000 2698.7042 0.4315 0.2079 -0.2990 2.8805 5.0000 0.6474 0.0241 
30.3587 1.0000 2758.3162 0.4254 0.2113 -0.2769 2.8717 5.0000 0.6540 0.0241 
30.3317 1.0000 2729.9265 0.4244 0.2111 -0.2798 2.8803 5.0000 0.6585 0.0208 
30.5016 1.0000 2799.9559 0.4160 0.2060 -0.2752 2.8742 5.0000 0.3071 0.0208 
30.3570 1.0000 2755.4395 0.4260 0.2080 -0.2881 2.8781 5.0000 0.3953 0.0250 
30.3995 1.0000 2758.6585 0.4227 0.2081 -0.2816 2.8712 5.0000 0.4335 0.0285 
30.3309 1.0000 2752.6446 0.4228 0.2112 -0.2791 2.8802 5.0000 0.2183 0.0249 
30.4330 1.0000 2762.5286 0.4237 0.2051 -0.2844 2.8673 5.0000 0.3109 0.0248 
30.4052 1.0000 2757.1732 0.4226 0.2075 -0.2810 2.8834 5.0000 0.2209 0.0287 
30.3268 1.0000 2756.3627 0.4235 0.2048 -0.2875 2.8621 5.0000 0.3067 0.0242 
30.4526 1.0000 2770.3243 0.4287 0.2110 -0.2860 2.8751 5.0000 0.3031 0.0239 
30.3562 1.0000 2719.9469 0.4301 0.2103 -0.2882 2.8858 5.0000 0.2642 0.0244 
30.2876 1.0000 2707.6454 0.4204 0.2116 -0.2718 2.8903 6.0000 0.7930 0.0278 
30.4804 1.0000 2798.8905 0.4319 0.2108 -0.2822 2.8681 5.0000 0.7000 0.0163 
30.2958 1.0000 2707.7459 0.4143 0.2059 -0.2764 2.8889 5.0000 0.7017 0.0163 
30.2263 1.0000 2691.9967 0.4251 0.2111 -0.2878 2.8917 5.0000 0.3937 0.0163 
30.2181 1.0000 2670.8742 0.4125 0.2069 -0.2760 2.8885 6.0000 0.1789 0.0244 
30.3276 1.0000 2720.7925 0.4193 0.2095 -0.2831 2.8879 5.0000 0.3081 0.0163 
30.3333 1.0000 2717.5547 0.4149 0.2131 -0.2567 2.8876 5.0000 0.3075 0.0205 
30.3513 1.0000 2724.6029 0.4176 0.2084 -0.2847 2.8884 6.0000 0.2196 0.0256 
30.3105 1.0000 2715.4150 0.4150 0.2078 -0.2692 2.8804 5.0000 0.3069 0.0218 
30.3619 1.0000 2730.0147 0.4210 0.2083 -0.2809 2.8674 5.0000 0.2188 0.0241 
30.3456 1.0000 2744.3832 0.4345 0.2103 -0.2978 2.8722 5.0000 0.3080 0.0243 
30.4109 1.0000 2783.8472 0.4245 0.2031 -0.2859 2.8662 5.0000 0.3478 0.0236 
30.2451 1.0000 2701.0817 0.4159 0.2089 -0.2667 2.8786 5.0000 0.3073 0.0236 
30.5866 1.0000 2854.7663 0.4271 0.2081 -0.2650 2.8688 5.0000 0.2835 0.0236 
30.3546 1.0000 2726.7941 0.4171 0.2081 -0.2821 2.8816 5.0000 0.3292 0.0236 
30.2639 1.0000 2686.4118 0.4122 0.2046 -0.2667 2.8907 5.0000 0.5464 0.0241 
30.3317 1.0000 2738.2018 0.4141 0.2057 -0.2768 2.8630 6.0000 0.4751 0.0274 
30.3987 1.0000 2768.4788 0.4276 0.2063 -0.2900 2.8718 5.0000 0.4301 0.0241 
30.4608 1.0000 2774.4109 0.4179 0.2077 -0.2755 2.8757 6.0000 0.3065 0.0203 
30.4232 1.0000 2793.2908 0.4204 0.2038 -0.2791 2.8617 5.0000 0.2187 0.0218 
30.2721 1.0000 2702.7304 0.4147 0.2068 -0.2808 2.8821 5.0000 0.2593 0.0260 
30.3505 1.0000 2757.1814 0.4194 0.2054 -0.2823 2.8620 5.0000 0.3074 0.0242 
30.2998 1.0000 2718.2786 0.4130 0.2045 -0.2789 2.8699 5.0000 0.3080 0.0224 
30.3701 1.0000 2740.0997 0.4165 0.2049 -0.2735 2.8834 5.0000 0.2192 0.0239 
30.4134 1.0000 2766.8505 0.4241 0.2070 -0.2861 2.8683 5.0000 0.6123 0.0224 
30.4420 1.0000 2762.9036 0.4254 0.2088 -0.2776 2.8673 5.0000 0.7481 0.0224 
30.4208 1.0000 2776.7198 0.4187 0.2078 -0.2727 2.8671 5.0000 0.7466 0.0224 
30.4690 1.0000 2767.8660 0.4254 0.2054 -0.2970 2.8740 5.0000 0.6590 0.0224 
30.2574 1.0000 2690.2574 0.4272 0.2143 -0.2751 2.8850 5.0000 0.3064 0.0224 
30.3538 1.0000 2747.5523 0.4277 0.2062 -0.2933 2.8649 5.0000 0.3066 0.0224 
30.3268 1.0000 2715.8668 0.4144 0.2063 -0.2795 2.8783 5.0000 0.2659 0.0224 
30.3603 1.0000 2736.6446 0.4263 0.2111 -0.2799 2.8759 5.0000 0.2691 0.0224 
30.3529 1.0000 2724.4420 0.4228 0.2121 -0.2765 2.8930 6.0000 0.2190 0.0241 
30.3562 1.0000 2734.8750 0.4309 0.2073 -0.2908 2.8713 5.0000 0.3072 0.0224 
30.4069 1.0000 2749.7141 0.4202 0.2128 -0.2639 2.8738 5.0000 0.1790 0.0224 
