30.8239 11.0000 2914.2199 0.2973 0.1102 -0.3023 3.1023 6.0000 7.3736 0.0070 
30.8101 11.0000 2911.3735 0.2989 0.1111 -0.3043 3.1096 6.0000 7.4898 0.0086 
30.8549 11.0000 2934.9114 0.2969 0.1108 -0.3004 3.1054 7.0000 9.1240 0.0071 
30.8212 11.0000 2912.3732 0.3014 0.1116 -0.3067 3.1054 6.0000 8.7421 0.0080 
30.8121 11.0000 2916.6902 0.2988 0.1106 -0.3072 3.1036 7.0000 8.7873 0.0080 
30.8686 11.0000 2935.4657 0.3052 0.1131 -0.3096 3.1060 6.0000 9.4606 0.0080 
30.8036 11.0000 2915.7056 0.3030 0.1131 -0.3074 3.1083 6.0000 9.5032 0.0080 
30.7781 11.0000 2901.8618 0.3030 0.1122 -0.3080 3.1072 6.0000 7.6519 0.0071 
30.8559 11.0000 2935.4670 0.2997 0.1102 -0.3012 3.1005 7.0000 8.9598 0.0071 
30.8075 11.0000 2901.2173 0.3018 0.1119 -0.3090 3.1070 6.0000 7.6142 0.0080 
30.8680 11.0000 2927.1105 0.3035 0.1133 -0.3077 3.1081 6.0000 9.7041 0.0080 
30.8709 11.0000 2941.4000 0.3036 0.1131 -0.3061 3.1050 6.0000 1.6916 0.0081 
30.8536 11.0000 2929.1297 0.2977 0.1105 -0.3040 3.1058 7.0000 1.8245 0.0081 
30.8141 11.0000 2913.0382 0.2990 0.1111 -0.3064 3.0996 6.0000 3.4722 0.0079 
30.8203 11.0000 2909.3925 0.2988 0.1109 -0.3080 3.1086 6.0000 2.8149 0.0082 
30.8395 11.0000 2930.0359 0.2989 0.1101 -0.3048 3.1033 7.0000 1.4973 0.0084 
30.8075 11.0000 2905.5853 0.3047 0.1123 -0.3112 3.1037 7.0000 3.1228 0.0096 
30.7928 11.0000 2898.5627 0.3045 0.1125 -0.3098 3.1119 6.0000 5.1450 0.0084 
30.8271 11.0000 2926.5082 0.2982 0.1112 -0.3040 3.1016 7.0000 5.8098 0.0089 
30.8912 11.0000 2949.2477 0.3036 0.1126 -0.3051 3.1001 7.0000 5.7631 0.0085 
30.8190 11.0000 2911.3889 0.3008 0.1120 -0.3050 3.1073 6.0000 5.5834 0.0087 
30.8431 11.0000 2922.4958 0.3031 0.1127 -0.3097 3.1100 6.0000 5.4157 0.0096 
30.8324 11.0000 2914.5693 0.3030 0.1115 -0.3091 3.1077 6.0000 1.5243 0.0096 
30.8382 11.0000 2924.5216 0.2993 0.1125 -0.3050 3.1076 6.0000 1.6251 0.0089 
30.8415 11.0000 2915.5359 0.3025 0.1118 -0.3077 3.1032 6.0000 1.8916 0.0080 
30.8261 11.0000 2922.0641 0.3026 0.1110 -0.3088 3.1046 6.0000 1.8032 0.0080 
30.8196 11.0000 2923.8330 0.3029 0.1128 -0.3072 3.1047 6.0000 1.0530 0.0089 
30.8271 11.0000 2917.7065 0.3008 0.1110 -0.3072 3.1047 6.0000 1.4543 0.0078 
30.7899 11.0000 2910.3732 0.3007 0.1119 -0.3020 3.1090 6.0000 1.5368 0.0068 
30.8232 11.0000 2912.4742 0.2985 0.1126 -0.2999 3.1054 6.0000 1.9281 0.0086 
30.7886 11.0000 2900.7284 0.3034 0.1126 -0.3093 3.1079 7.0000 2.0240 0.0080 
30.8131 11.0000 2914.2392 0.2981 0.1110 -0.3046 3.1050 7.0000 1.1807 0.0086 
30.7905 11.0000 2903.5526 0.3060 0.1143 -0.3081 3.1090 6.0000 1.5407 0.0079 
30.8454 11.0000 2929.7873 0.2991 0.1103 -0.3034 3.1058 6.0000 1.0130 0.0096 
30.8134 11.0000 2906.7046 0.3050 0.1131 -0.3108 3.1072 6.0000 1.1432 0.0081 
30.8193 11.0000 2913.2056 0.3005 0.1115 -0.3058 3.1108 6.0000 2.0999 0.0071 
30.8395 11.0000 2921.5137 0.2999 0.1114 -0.3065 3.1034 6.0000 2.2779 0.0078 
30.8144 11.0000 2910.9850 0.3054 0.1120 -0.3169 3.1123 6.0000 2.0689 0.0084 
30.8775 11.0000 2944.6539 0.3017 0.1111 -0.3050 3.1005 6.0000 1.9789 0.0084 
30.8212 11.0000 2918.1778 0.2995 0.1105 -0.3067 3.1011 7.0000 1.5188 0.0084 
30.8412 11.0000 2927.1915 0.3008 0.1119 -0.3062 3.1099 6.0000 2.4190 0.0094 
30.8275 11.0000 2920.1958 0.3027 0.1115 -0.3098 3.1054 7.0000 2.4907 0.0083 
30.8444 11.0000 2927.0046 0.2999 0.1100 -0.3053 3.1023 6.0000 1.5330 0.0083 
30.7912 11.0000 2900.4026 0.3013 0.1115 -0.3092 3.1086 6.0000 1.5338 0.0082 
30.8363 11.0000 2923.5075 0.3019 0.1113 -0.3065 3.1055 6.0000 1.0109 0.0075 
30.8464 11.0000 2931.6160 0.3030 0.1124 -0.3077 3.1060 6.0000 1.0117 0.0088 
30.8670 11.0000 2939.0418 0.2988 0.1114 -0.3004 3.1120 6.0000 1.0545 0.0095 
30.8291 11.0000 2917.3310 0.3013 0.1096 -0.3112 3.1014 6.0000 1.6272 0.0103 
30.8124 11.0000 2903.7088 0.3022 0.1123 -0.3065 3.1082 6.0000 1.8021 0.0093 
30.7912 11.0000 2900.4608 0.3001 0.1099 -0.3088 3.1042 6.0000 2.9458 0.0093 
30.7964 11.0000 2905.8039 0.3039 0.1117 -0.3131 3.1070 6.0000 2.5069 0.0088 
30.8320 11.0000 2923.0490 0.3008 0.1115 -0.3060 3.1050 7.0000 1.4523 0.0093 
30.8379 11.0000 2919.7301 0.3041 0.1135 -0.3091 3.1069 6.0000 1.5387 0.0073 
30.8346 11.0000 2924.6716 0.3019 0.1121 -0.3053 3.1063 7.0000 1.6576 0.0073 
30.8552 11.0000 2927.6493 0.3001 0.1115 -0.3039 3.1018 6.0000 1.5833 0.0092 
30.8150 11.0000 2912.8072 0.3004 0.1123 -0.3044 3.1050 6.0000 1.5401 0.0085 
30.7941 11.0000 2891.4974 0.3017 0.1109 -0.3139 3.1064 6.0000 1.5416 0.0096 
30.8163 11.0000 2906.5830 0.3014 0.1112 -0.3071 3.1054 6.0000 1.0546 0.0087 
30.7693 11.0000 2893.3222 0.3022 0.1116 -0.3117 3.1046 6.0000 1.5408 0.0069 
30.7993 11.0000 2910.8529 0.3017 0.1107 -0.3110 3.1016 6.0000 1.5860 0.0086 
30.8199 11.0000 2907.9598 0.3026 0.1092 -0.3163 3.1050 6.0000 3.1094 0.0097 
30.8683 11.0000 2935.8392 0.3025 0.1119 -0.3059 3.0998 7.0000 3.5573 0.0085 
30.8608 11.0000 2938.4010 0.3029 0.1124 -0.3046 3.1059 6.0000 3.3851 0.0085 
30.8330 11.0000 2914.0288 0.2978 0.1101 -0.3017 3.1098 7.0000 1.9749 0.0076 
30.8042 11.0000 2905.3000 0.3042 0.1124 -0.3091 3.1135 6.0000 1.8410 0.0076 
30.8252 11.0000 2915.5395 0.3014 0.1119 -0.3057 3.1063 7.0000 1.4937 0.0075 
30.8196 11.0000 2911.9343 0.3017 0.1114 -0.3100 3.1069 6.0000 1.6701 0.0076 
30.7899 11.0000 2898.7696 0.3072 0.1134 -0.3118 3.1067 6.0000 1.5829 0.0100 
30.8732 11.0000 2936.1379 0.3065 0.1121 -0.3144 3.1038 6.0000 1.5827 0.0076 
30.8209 11.0000 2918.4905 0.3036 0.1114 -0.3087 3.1065 7.0000 1.5821 0.0084 
30.7886 11.0000 2899.1242 0.2977 0.1106 -0.3055 3.1093 6.0000 1.5417 0.0076 
30.8242 11.0000 2919.2588 0.3044 0.1120 -0.3107 3.1065 6.0000 1.5359 0.0075 
30.8471 11.0000 2929.4363 0.3009 0.1104 -0.3078 3.1030 6.0000 2.1512 0.0069 
30.8536 11.0000 2932.8314 0.2998 0.1119 -0.3036 3.1129 6.0000 2.1971 0.0081 
30.8539 11.0000 2934.4314 0.3046 0.1122 -0.3097 3.1068 6.0000 1.8937 0.0079 
30.8056 11.0000 2905.3778 0.3008 0.1114 -0.3096 3.1073 6.0000 1.7171 0.0079 
30.7784 11.0000 2897.2752 0.3008 0.1109 -0.3095 3.1113 6.0000 1.6194 0.0079 
30.8536 11.0000 2930.6402 0.3020 0.1115 -0.3086 3.1070 6.0000 1.6273 0.0090 
30.8275 11.0000 2917.4993 0.3063 0.1106 -0.3167 3.1073 6.0000 1.6684 0.0079 
30.8516 11.0000 2929.1157 0.3028 0.1133 -0.3051 3.1063 6.0000 1.6607 0.0085 
30.8523 11.0000 2920.3239 0.3024 0.1113 -0.3103 3.1021 6.0000 1.6691 0.0083 
30.8735 11.0000 2940.1085 0.2993 0.1106 -0.3050 3.1004 6.0000 1.6309 0.0093 
30.8559 11.0000 2929.7255 0.3009 0.1128 -0.3045 3.1061 6.0000 1.0453 0.0081 
30.8366 11.0000 2927.6683 0.3024 0.1131 -0.3023 3.1040 6.0000 1.6687 0.0100 
30.8422 11.0000 2922.2490 0.3013 0.1123 -0.3032 3.1125 6.0000 1.5829 0.0088 
30.8078 11.0000 2911.7363 0.2987 0.1087 -0.3056 3.1001 6.0000 3.0240 0.0091 
30.8552 11.0000 2926.5856 0.3051 0.1118 -0.3111 3.1063 6.0000 3.8205 0.0086 
30.8082 11.0000 2913.7216 0.2998 0.1098 -0.3099 3.1066 6.0000 3.2952 0.0091 
30.8444 11.0000 2929.8314 0.3046 0.1113 -0.3090 3.1078 6.0000 1.7136 0.0082 
30.8245 11.0000 2922.5134 0.3024 0.1114 -0.3082 3.1007 7.0000 1.5843 0.0089 
30.8379 11.0000 2926.1958 0.3058 0.1127 -0.3106 3.1002 6.0000 1.6686 0.0082 
30.8297 11.0000 2923.5516 0.2999 0.1090 -0.3092 3.1093 6.0000 1.0559 0.0082 
30.7997 11.0000 2903.1725 0.3018 0.1117 -0.3104 3.1036 6.0000 1.6284 0.0082 
30.7775 11.0000 2895.4614 0.3049 0.1128 -0.3077 3.1130 6.0000 1.5808 0.0082 
30.8147 11.0000 2901.6363 0.3022 0.1119 -0.3110 3.1052 6.0000 1.6707 0.0082 
30.8075 11.0000 2901.3768 0.3039 0.1126 -0.3106 3.1063 6.0000 1.4994 0.0082 
30.8320 11.0000 2922.9275 0.3043 0.1143 -0.3052 3.1120 6.0000 1.4961 0.0082 
30.8216 11.0000 2908.2931 0.3025 0.1132 -0.3079 3.1103 6.0000 1.5414 0.0082 
30.8121 11.0000 2903.2408 0.3036 0.1126 -0.3104 3.1132 6.0000 1.6566 0.0082 
30.8340 11.0000 2925.2788 0.3037 0.1151 -0.3021 3.1077 6.0000 1.5377 0.0082 
