30.3105 1.0000 2702.6103 0.3950 0.1889 -0.2952 2.8708 5.0000 1.6505 0.0232 
30.3627 1.0000 2731.6863 0.4016 0.1927 -0.2987 2.8679 5.0000 1.6506 0.0232 
30.2623 1.0000 2704.3260 0.3979 0.1919 -0.2913 2.8721 5.0000 1.6500 0.0282 
30.4420 1.0000 2764.5923 0.3974 0.1914 -0.2842 2.8580 5.0000 1.6158 0.0268 
30.2884 1.0000 2716.0596 0.3953 0.1924 -0.2842 2.8656 5.0000 1.5722 0.0268 
30.3717 1.0000 2730.7917 0.4006 0.1936 -0.2929 2.8609 5.0000 1.5211 0.0268 
30.2827 1.0000 2717.1381 0.4104 0.1894 -0.3197 2.8508 5.0000 1.6078 0.0246 
30.4142 1.0000 2756.5490 0.3932 0.1896 -0.2853 2.8589 5.0000 1.5198 0.0244 
30.3292 1.0000 2722.4306 0.3841 0.1922 -0.2652 2.8684 5.0000 1.6123 0.0256 
30.4036 1.0000 2749.0466 0.3958 0.1919 -0.2886 2.8586 5.0000 1.4754 0.0224 
30.3407 1.0000 2727.6601 0.4006 0.1945 -0.2907 2.8701 5.0000 1.6513 0.0244 
30.4060 1.0000 2735.7410 0.3911 0.1915 -0.2876 2.8645 5.0000 0.2863 0.0245 
30.3121 1.0000 2709.7827 0.3943 0.1873 -0.2991 2.8516 5.0000 0.1785 0.0188 
30.2745 1.0000 2709.3807 0.3974 0.1886 -0.2967 2.8670 5.0000 0.2183 0.0248 
30.3456 1.0000 2726.5057 0.3924 0.1882 -0.2955 2.8713 5.0000 0.2658 0.0211 
30.3807 1.0000 2731.1152 0.3955 0.1910 -0.2891 2.8503 5.0000 0.3399 0.0244 
30.2745 1.0000 2699.7639 0.3965 0.1919 -0.2844 2.8658 5.0000 0.5494 0.0273 
30.3178 1.0000 2714.6708 0.4059 0.1934 -0.3108 2.8616 5.0000 0.7379 0.0220 
30.2737 1.0000 2705.5735 0.3969 0.1921 -0.2983 2.8632 5.0000 0.7361 0.0223 
30.2328 1.0000 2696.9109 0.4137 0.1975 -0.3087 2.8724 5.0000 0.7384 0.0211 
30.6332 1.0000 2871.0801 0.3974 0.1905 -0.2746 2.8413 5.0000 0.4305 0.0219 
30.4208 1.0000 2761.2745 0.3994 0.1920 -0.2910 2.8620 5.0000 0.3044 0.0211 
30.3423 1.0000 2730.4118 0.3928 0.1855 -0.2913 2.8696 5.0000 0.2180 0.0223 
30.5123 1.0000 2779.1054 0.3913 0.1909 -0.2851 2.8691 5.0000 0.3035 0.0252 
30.3342 1.0000 2714.0278 0.3947 0.1918 -0.2874 2.8751 5.0000 0.3086 0.0251 
30.4077 1.0000 2790.8611 0.3914 0.1861 -0.2781 2.8533 5.0000 0.3079 0.0251 
30.3783 1.0000 2740.0359 0.3979 0.1947 -0.2871 2.8692 5.0000 0.3508 0.0251 
30.4428 1.0000 2760.6495 0.4015 0.1904 -0.3028 2.8629 5.0000 0.2622 0.0235 
30.3472 1.0000 2739.6683 0.3963 0.1917 -0.2878 2.8642 5.0000 0.6139 0.0225 
30.5384 1.0000 2812.6013 0.4078 0.1953 -0.2901 2.8635 5.0000 0.7874 0.0294 
30.4183 1.0000 2780.6503 0.3922 0.1886 -0.2824 2.8654 5.0000 0.7480 0.0225 
30.2598 1.0000 2715.6299 0.3959 0.1918 -0.2901 2.8641 5.0000 0.4343 0.0294 
30.3243 1.0000 2740.9134 0.3996 0.1897 -0.2979 2.8523 5.0000 0.3906 0.0294 
30.3734 1.0000 2731.6585 0.3888 0.1938 -0.2785 2.8772 6.0000 0.3499 0.0239 
30.3219 1.0000 2722.8750 0.4083 0.1968 -0.3029 2.8768 5.0000 0.2187 0.0225 
30.4011 1.0000 2733.0825 0.3769 0.1868 -0.2651 2.8598 5.0000 0.2581 0.0213 
30.3252 1.0000 2718.0433 0.4091 0.1926 -0.3099 2.8705 5.0000 0.2194 0.0294 
30.3693 1.0000 2769.5547 0.3955 0.1900 -0.2818 2.8646 5.0000 0.6966 0.0295 
30.2892 1.0000 2709.6209 0.4009 0.1938 -0.2938 2.8723 5.0000 0.6997 0.0280 
30.4036 1.0000 2745.1773 0.3909 0.1856 -0.2883 2.8562 5.0000 0.6562 0.0196 
30.2827 1.0000 2703.8954 0.3905 0.1924 -0.2813 2.8708 5.0000 0.2678 0.0202 
30.1977 1.0000 2687.2239 0.3943 0.1892 -0.2896 2.8657 5.0000 0.3067 0.0250 
30.4779 1.0000 2775.8578 0.4092 0.1954 -0.2982 2.8508 5.0000 0.4402 0.0224 
30.3611 1.0000 2742.5997 0.3943 0.1890 -0.2906 2.8587 5.0000 0.7025 0.0235 
30.4158 1.0000 2767.7337 0.3963 0.1947 -0.2822 2.8690 5.0000 0.7039 0.0235 
30.3472 1.0000 2733.9240 0.3987 0.1952 -0.2785 2.8618 5.0000 0.5284 0.0230 
30.4387 1.0000 2776.7590 0.3992 0.1984 -0.2681 2.8680 5.0000 0.3103 0.0235 
30.3889 1.0000 2748.4461 0.3893 0.1891 -0.2820 2.8593 5.0000 0.3068 0.0231 
30.2386 1.0000 2704.0490 0.3984 0.1933 -0.2937 2.8687 5.0000 0.2195 0.0256 
30.1944 1.0000 2684.2680 0.4051 0.1982 -0.2912 2.8801 5.0000 0.3085 0.0229 
30.4894 1.0000 2799.9060 0.3953 0.1909 -0.2795 2.8614 5.0000 0.3086 0.0225 
30.3113 1.0000 2704.9739 0.3890 0.1892 -0.2823 2.8652 5.0000 0.3455 0.0225 
30.4698 1.0000 2782.4673 0.4010 0.1946 -0.2763 2.8666 5.0000 0.2202 0.0246 
30.3284 1.0000 2725.7786 0.3983 0.1952 -0.2861 2.8716 5.0000 0.3067 0.0225 
30.4052 1.0000 2760.3145 0.3930 0.1897 -0.2880 2.8651 5.0000 0.3086 0.0236 
30.3742 1.0000 2726.0376 0.3978 0.1953 -0.2879 2.8737 5.0000 0.3076 0.0235 
30.4428 1.0000 2760.1373 0.3960 0.1917 -0.2774 2.8639 6.0000 0.4378 0.0236 
30.4477 1.0000 2790.4706 0.3973 0.1918 -0.2808 2.8592 5.0000 0.5242 0.0241 
30.3391 1.0000 2767.2239 0.3846 0.1867 -0.2694 2.8535 5.0000 0.4823 0.0241 
30.3848 1.0000 2743.7508 0.3961 0.1913 -0.2853 2.8604 5.0000 0.2195 0.0205 
30.3897 1.0000 2758.5163 0.3938 0.1924 -0.2738 2.8587 5.0000 0.3066 0.0262 
30.4624 1.0000 2770.7925 0.3899 0.1910 -0.2718 2.8607 5.0000 0.3076 0.0289 
30.4036 1.0000 2763.7345 0.3969 0.1894 -0.2878 2.8473 5.0000 0.2199 0.0236 
30.3685 1.0000 2735.9485 0.3953 0.1893 -0.2915 2.8514 6.0000 0.3032 0.0180 
30.4951 1.0000 2798.6438 0.4018 0.1894 -0.2959 2.8682 5.0000 0.7377 0.0180 
30.4518 1.0000 2773.0678 0.3902 0.1903 -0.2719 2.8679 5.0000 0.5171 0.0207 
30.3734 1.0000 2743.6013 0.3970 0.1914 -0.2897 2.8650 5.0000 0.5714 0.0233 
30.3709 1.0000 2751.0261 0.3947 0.1896 -0.2859 2.8667 5.0000 0.3100 0.0234 
30.3554 1.0000 2748.7296 0.3976 0.1916 -0.2897 2.8625 5.0000 0.3463 0.0283 
30.2941 1.0000 2700.3709 0.3960 0.1956 -0.2848 2.8777 5.0000 0.3493 0.0237 
30.2075 1.0000 2688.2990 0.4034 0.1927 -0.3022 2.8693 5.0000 0.4345 0.0229 
30.3260 1.0000 2729.6201 0.4054 0.1914 -0.3099 2.8640 5.0000 0.5675 0.0229 
30.2149 1.0000 2681.4551 0.4021 0.1974 -0.2928 2.8886 5.0000 0.4815 0.0249 
30.2320 1.0000 2681.0833 0.3908 0.1888 -0.2945 2.8697 5.0000 0.3108 0.0305 
30.4567 1.0000 2789.3292 0.3995 0.1957 -0.2760 2.8734 5.0000 0.2197 0.0214 
30.3783 1.0000 2756.2574 0.3992 0.1933 -0.2880 2.8662 5.0000 0.3095 0.0233 
30.5384 1.0000 2800.7892 0.4023 0.1950 -0.2922 2.8683 5.0000 0.3084 0.0224 
30.4363 1.0000 2760.9461 0.4100 0.1886 -0.3143 2.8492 5.0000 0.3500 0.0274 
30.2435 1.0000 2684.0596 0.3946 0.1904 -0.2894 2.8718 5.0000 0.3479 0.0274 
30.3758 1.0000 2723.2802 0.4099 0.1906 -0.3184 2.8569 5.0000 0.2525 0.0229 
30.3317 1.0000 2712.2328 0.3975 0.1890 -0.2950 2.8687 5.0000 0.3485 0.0245 
30.3668 1.0000 2750.6708 0.3901 0.1946 -0.2699 2.8781 5.0000 0.3089 0.0245 
30.3897 1.0000 2739.7868 0.3878 0.1889 -0.2807 2.8547 5.0000 0.3484 0.0275 
30.2386 1.0000 2698.2786 0.3835 0.1886 -0.2745 2.8568 5.0000 0.5154 0.0195 
30.4028 1.0000 2755.5580 0.3944 0.1890 -0.2886 2.8604 5.0000 0.5158 0.0275 
30.3799 1.0000 2772.4796 0.3897 0.1853 -0.2843 2.8582 5.0000 0.5558 0.0260 
30.1658 1.0000 2670.2802 0.3901 0.1939 -0.2815 2.8784 5.0000 0.2196 0.0224 
30.4060 1.0000 2757.5850 0.4000 0.1901 -0.2903 2.8613 5.0000 0.3093 0.0235 
30.2721 1.0000 2705.4265 0.4034 0.1879 -0.3076 2.8615 5.0000 0.2625 0.0181 
30.2574 1.0000 2697.7312 0.4032 0.1936 -0.3061 2.8622 5.0000 0.3507 0.0230 
30.3881 1.0000 2754.3260 0.3895 0.1885 -0.2797 2.8545 5.0000 0.3090 0.0230 
30.3431 1.0000 2724.1724 0.3920 0.1894 -0.2869 2.8721 5.0000 0.3499 0.0230 
30.5343 1.0000 2808.5408 0.4022 0.1880 -0.2964 2.8555 5.0000 0.3514 0.0230 
30.4812 1.0000 2776.0809 0.3941 0.1893 -0.2858 2.8656 5.0000 0.4394 0.0230 
30.2533 1.0000 2682.6601 0.3977 0.1898 -0.3040 2.8619 5.0000 0.2677 0.0230 
30.4118 1.0000 2744.8930 0.4047 0.1932 -0.2999 2.8581 5.0000 0.3100 0.0230 
30.4935 1.0000 2824.0482 0.3981 0.1903 -0.2809 2.8570 5.0000 0.3087 0.0230 
30.2990 1.0000 2699.8619 0.3945 0.1918 -0.2867 2.8684 5.0000 0.3088 0.0230 
30.3734 1.0000 2747.6765 0.3968 0.1945 -0.2809 2.8731 5.0000 0.3070 0.0230 
30.3889 1.0000 2747.3039 0.3944 0.1883 -0.2885 2.8618 5.0000 0.3372 0.0230 
