31.0127 1.0000 2987.8922 0.1571 0.0462 -0.2532 3.2431 7.0000 40.3676 0.0028 
31.0137 1.0000 2989.6663 0.1612 0.0469 -0.2563 3.2435 7.0000 40.7298 0.0028 
31.0092 1.0000 2987.7694 0.1598 0.0469 -0.2562 3.2419 7.0000 41.9959 0.0027 
31.0051 1.0000 2985.4660 0.1610 0.0463 -0.2585 3.2434 8.0000 43.9867 0.0027 
31.0013 1.0000 2983.7400 0.1610 0.0470 -0.2568 3.2445 8.0000 44.0294 0.0027 
31.0219 1.0000 2992.2925 0.1614 0.0469 -0.2583 3.2438 7.0000 43.6444 0.0027 
31.0137 1.0000 2989.5356 0.1620 0.0468 -0.2592 3.2447 7.0000 43.6439 0.0028 
31.0142 1.0000 2990.1157 0.1620 0.0466 -0.2583 3.2448 7.0000 40.8935 0.0028 
31.0152 1.0000 2988.6472 0.1614 0.0471 -0.2578 3.2447 7.0000 43.6853 0.0027 
31.0051 1.0000 2983.3650 0.1609 0.0468 -0.2579 3.2425 7.0000 42.9186 0.0028 
31.0180 1.0000 2992.0993 0.1618 0.0477 -0.2554 3.2488 8.0000 41.1609 0.0027 
30.9990 1.0000 2982.5645 0.1603 0.0468 -0.2577 3.2451 8.0000 4.6196 0.0024 
30.9998 1.0000 2981.3958 0.1610 0.0468 -0.2592 3.2424 8.0000 7.6196 0.0020 
31.0038 1.0000 2984.6678 0.1581 0.0464 -0.2552 3.2433 7.0000 7.8113 0.0027 
31.0000 1.0000 2982.9775 0.1649 0.0474 -0.2623 3.2452 7.0000 17.8644 0.0024 
31.0062 1.0000 2986.2394 0.1653 0.0474 -0.2618 3.2447 8.0000 21.9926 0.0025 
31.0116 1.0000 2989.4672 0.1631 0.0474 -0.2581 3.2473 7.0000 34.8480 0.0026 
30.9920 1.0000 2978.0515 0.1583 0.0467 -0.2550 3.2426 7.0000 27.0977 0.0025 
31.0186 1.0000 2991.1526 0.1596 0.0466 -0.2545 3.2410 7.0000 26.8555 0.0027 
31.0119 1.0000 2989.1062 0.1593 0.0468 -0.2546 3.2458 7.0000 34.1328 0.0027 
31.0085 1.0000 2986.5248 0.1649 0.0469 -0.2629 3.2431 8.0000 32.0470 0.0028 
31.0049 1.0000 2986.2103 0.1584 0.0466 -0.2557 3.2452 7.0000 29.8535 0.0028 
31.0237 1.0000 2993.8969 0.1612 0.0462 -0.2591 3.2431 7.0000 6.1565 0.0024 
31.0113 1.0000 2988.0070 0.1629 0.0467 -0.2603 3.2409 7.0000 6.2896 0.0025 
31.0034 1.0000 2980.0252 0.1605 0.0465 -0.2596 3.2452 7.0000 4.5304 0.0022 
31.0000 1.0000 2983.0578 0.1617 0.0467 -0.2589 3.2459 6.0000 5.8425 0.0023 
31.0010 1.0000 2982.3611 0.1616 0.0468 -0.2595 3.2419 7.0000 6.4456 0.0024 
31.0052 1.0000 2985.6185 0.1598 0.0464 -0.2563 3.2418 7.0000 4.6553 0.0025 
31.0031 1.0000 2985.1271 0.1616 0.0460 -0.2609 3.2454 7.0000 5.9775 0.0028 
30.9913 1.0000 2978.3846 0.1629 0.0472 -0.2606 3.2462 8.0000 6.2428 0.0026 
31.0100 1.0000 2988.3685 0.1597 0.0466 -0.2572 3.2426 7.0000 6.1984 0.0023 
31.0062 1.0000 2984.6583 0.1600 0.0462 -0.2580 3.2441 7.0000 7.2366 0.0023 
31.0129 1.0000 2988.3637 0.1597 0.0462 -0.2576 3.2423 7.0000 7.3255 0.0023 
31.0088 1.0000 2988.2641 0.1597 0.0462 -0.2573 3.2453 7.0000 6.3326 0.0025 
31.0085 1.0000 2985.7824 0.1605 0.0465 -0.2575 3.2445 7.0000 4.5701 0.0025 
31.0190 1.0000 2991.8493 0.1619 0.0467 -0.2593 3.2449 6.0000 6.2781 0.0022 
31.0005 1.0000 2980.3526 0.1608 0.0464 -0.2583 3.2439 7.0000 6.1582 0.0027 
31.0139 1.0000 2988.7719 0.1614 0.0467 -0.2587 3.2440 7.0000 4.5311 0.0025 
31.0114 1.0000 2986.9526 0.1629 0.0468 -0.2612 3.2434 7.0000 6.5330 0.0031 
31.0121 1.0000 2989.2312 0.1623 0.0465 -0.2597 3.2447 7.0000 10.9970 0.0028 
31.0162 1.0000 2990.5817 0.1610 0.0472 -0.2569 3.2452 7.0000 8.9724 0.0031 
31.0067 1.0000 2981.0263 0.1629 0.0470 -0.2601 3.2416 7.0000 6.0574 0.0031 
31.0158 1.0000 2988.2265 0.1609 0.0463 -0.2591 3.2457 7.0000 6.3261 0.0031 
31.0085 1.0000 2987.3498 0.1604 0.0469 -0.2574 3.2469 7.0000 6.1489 0.0025 
31.0020 1.0000 2984.6500 0.1596 0.0463 -0.2552 3.2450 7.0000 6.2883 0.0023 
31.0080 1.0000 2983.5462 0.1591 0.0461 -0.2566 3.2454 7.0000 4.4778 0.0023 
31.0196 1.0000 2992.4245 0.1626 0.0468 -0.2593 3.2475 7.0000 6.1528 0.0024 
31.0090 1.0000 2987.8435 0.1608 0.0467 -0.2585 3.2437 7.0000 6.0126 0.0024 
31.0144 1.0000 2989.5753 0.1619 0.0472 -0.2585 3.2435 7.0000 7.0246 0.0024 
30.9993 1.0000 2983.8155 0.1601 0.0468 -0.2564 3.2452 7.0000 6.1972 0.0024 
30.9910 1.0000 2977.0098 0.1617 0.0465 -0.2594 3.2468 8.0000 6.0196 0.0023 
31.0056 1.0000 2984.0824 0.1622 0.0467 -0.2598 3.2442 7.0000 12.8296 0.0023 
31.0157 1.0000 2990.0369 0.1614 0.0473 -0.2571 3.2433 7.0000 19.2903 0.0022 
31.0198 1.0000 2992.6449 0.1584 0.0466 -0.2529 3.2431 7.0000 19.2903 0.0027 
31.0154 1.0000 2989.3887 0.1628 0.0471 -0.2598 3.2449 8.0000 18.5882 0.0022 
31.0145 1.0000 2990.7234 0.1608 0.0472 -0.2570 3.2432 7.0000 4.6608 0.0030 
31.0108 1.0000 2989.4064 0.1622 0.0469 -0.2597 3.2450 7.0000 6.3736 0.0027 
31.0121 1.0000 2986.9842 0.1598 0.0466 -0.2565 3.2435 7.0000 6.2894 0.0024 
31.0118 1.0000 2987.8935 0.1604 0.0464 -0.2578 3.2442 7.0000 6.3759 0.0026 
31.0136 1.0000 2989.0056 0.1612 0.0465 -0.2591 3.2446 7.0000 4.7032 0.0026 
31.0150 1.0000 2989.1980 0.1626 0.0466 -0.2599 3.2431 7.0000 6.3193 0.0025 
30.9972 1.0000 2982.8257 0.1620 0.0469 -0.2598 3.2446 8.0000 11.4768 0.0027 
31.0015 1.0000 2984.2139 0.1612 0.0466 -0.2583 3.2421 7.0000 11.7807 0.0027 
31.0168 1.0000 2991.3480 0.1636 0.0474 -0.2607 3.2466 7.0000 6.3716 0.0027 
31.0312 1.0000 2996.9469 0.1611 0.0467 -0.2577 3.2450 7.0000 8.2183 0.0024 
30.9926 1.0000 2977.7930 0.1606 0.0466 -0.2575 3.2418 6.0000 8.2693 0.0024 
31.0031 1.0000 2980.0892 0.1611 0.0471 -0.2580 3.2482 7.0000 6.2897 0.0025 
31.0105 1.0000 2988.5007 0.1613 0.0467 -0.2593 3.2426 7.0000 6.4227 0.0024 
31.0108 1.0000 2987.1801 0.1618 0.0469 -0.2601 3.2420 7.0000 4.5772 0.0029 
31.0075 1.0000 2986.8784 0.1627 0.0469 -0.2598 3.2426 7.0000 6.2015 0.0027 
31.0150 1.0000 2991.0637 0.1612 0.0467 -0.2583 3.2446 7.0000 8.3133 0.0027 
31.0018 1.0000 2983.7013 0.1597 0.0466 -0.2563 3.2457 7.0000 8.3544 0.0028 
31.0070 1.0000 2986.6051 0.1605 0.0468 -0.2576 3.2458 8.0000 6.2438 0.0024 
31.0025 1.0000 2981.0324 0.1626 0.0469 -0.2614 3.2421 7.0000 6.2011 0.0026 
31.0114 1.0000 2988.4474 0.1609 0.0472 -0.2573 3.2452 8.0000 6.2462 0.0025 
31.0106 1.0000 2987.4319 0.1605 0.0468 -0.2581 3.2446 7.0000 8.1336 0.0029 
31.0093 1.0000 2985.3408 0.1597 0.0465 -0.2565 3.2439 7.0000 8.3129 0.0026 
30.9967 1.0000 2981.1926 0.1592 0.0465 -0.2569 3.2449 7.0000 6.3757 0.0026 
31.0124 1.0000 2989.5850 0.1615 0.0466 -0.2577 3.2440 6.0000 6.2704 0.0026 
31.0038 1.0000 2983.2590 0.1611 0.0464 -0.2594 3.2434 7.0000 6.4192 0.0026 
31.0121 1.0000 2989.4114 0.1604 0.0466 -0.2570 3.2440 7.0000 6.7490 0.0020 
31.0011 1.0000 2982.8299 0.1600 0.0466 -0.2576 3.2420 8.0000 6.0312 0.0020 
31.0080 1.0000 2986.3319 0.1627 0.0467 -0.2605 3.2444 7.0000 6.2925 0.0023 
31.0131 1.0000 2988.0198 0.1609 0.0466 -0.2578 3.2468 7.0000 4.6191 0.0026 
31.0047 1.0000 2982.8523 0.1616 0.0466 -0.2589 3.2437 7.0000 5.3193 0.0027 
30.9964 1.0000 2982.5384 0.1599 0.0468 -0.2568 3.2414 7.0000 6.4411 0.0021 
31.0064 1.0000 2982.7422 0.1611 0.0466 -0.2580 3.2453 7.0000 6.4166 0.0021 
31.0049 1.0000 2985.3317 0.1621 0.0469 -0.2599 3.2426 7.0000 6.2865 0.0022 
31.0059 1.0000 2983.6165 0.1620 0.0466 -0.2603 3.2446 7.0000 6.4604 0.0022 
31.0067 1.0000 2986.2895 0.1616 0.0469 -0.2574 3.2465 7.0000 6.1819 0.0021 
31.0234 1.0000 2993.9874 0.1604 0.0465 -0.2559 3.2435 7.0000 6.5056 0.0021 
31.0052 1.0000 2984.8918 0.1623 0.0465 -0.2617 3.2402 6.0000 6.9454 0.0021 
31.0142 1.0000 2989.7324 0.1597 0.0461 -0.2569 3.2448 8.0000 6.9450 0.0021 
31.0051 1.0000 2985.0103 0.1610 0.0467 -0.2574 3.2445 7.0000 6.3757 0.0021 
31.0018 1.0000 2983.7920 0.1604 0.0470 -0.2565 3.2479 7.0000 6.4649 0.0021 
31.0203 1.0000 2992.5997 0.1610 0.0468 -0.2579 3.2423 7.0000 6.2225 0.0021 
31.0078 1.0000 2983.5199 0.1609 0.0466 -0.2586 3.2422 7.0000 11.4288 0.0021 
31.0168 1.0000 2989.2964 0.1617 0.0466 -0.2594 3.2455 7.0000 10.2451 0.0021 
31.0176 1.0000 2991.6757 0.1619 0.0467 -0.2598 3.2424 7.0000 5.1176 0.0021 
31.0206 1.0000 2992.0051 0.1599 0.0462 -0.2571 3.2470 7.0000 6.2017 0.0021 
