30.9801 1.0000 2980.5325 0.4025 0.1550 -0.2742 3.3602 8.0000 16.7810 0.0033 
30.9711 1.0000 2976.2688 0.4004 0.1523 -0.2766 3.3655 7.0000 19.3372 0.0033 
30.9910 1.0000 2986.0801 0.3986 0.1563 -0.2650 3.3663 8.0000 17.4338 0.0033 
30.9864 1.0000 2984.3891 0.3988 0.1524 -0.2748 3.3582 7.0000 19.5193 0.0033 
30.9743 1.0000 2976.6971 0.4019 0.1558 -0.2743 3.3680 7.0000 20.2378 0.0033 
30.9912 1.0000 2984.4572 0.4025 0.1532 -0.2769 3.3598 7.0000 19.4831 0.0033 
30.9801 1.0000 2982.8281 0.4007 0.1525 -0.2783 3.3696 7.0000 20.7037 0.0034 
30.9789 1.0000 2979.8662 0.4025 0.1554 -0.2760 3.3622 7.0000 19.0876 0.0036 
30.9703 1.0000 2977.6539 0.4003 0.1551 -0.2724 3.3715 8.0000 20.5595 0.0036 
30.9837 1.0000 2981.7217 0.3968 0.1523 -0.2719 3.3645 8.0000 2.3757 0.0032 
30.9819 1.0000 2980.0167 0.4036 0.1538 -0.2769 3.3630 7.0000 5.0141 0.0032 
30.9850 1.0000 2982.4987 0.4009 0.1541 -0.2729 3.3634 7.0000 2.4540 0.0040 
30.9832 1.0000 2981.2778 0.4003 0.1538 -0.2754 3.3650 7.0000 7.4687 0.0034 
30.9792 1.0000 2979.4975 0.4020 0.1537 -0.2775 3.3693 8.0000 5.5442 0.0031 
30.9850 1.0000 2983.5363 0.3999 0.1528 -0.2749 3.3658 8.0000 2.3729 0.0032 
30.9760 1.0000 2979.0229 0.4015 0.1532 -0.2784 3.3652 7.0000 3.4568 0.0036 
30.9819 1.0000 2981.3410 0.3980 0.1534 -0.2718 3.3662 7.0000 4.3159 0.0036 
30.9637 1.0000 2972.9088 0.3971 0.1505 -0.2758 3.3624 8.0000 4.5358 0.0036 
30.9912 1.0000 2983.8114 0.4045 0.1546 -0.2784 3.3717 7.0000 2.5559 0.0038 
30.9863 1.0000 2981.9101 0.4014 0.1540 -0.2762 3.3693 7.0000 2.5214 0.0037 
30.9877 1.0000 2981.4475 0.3978 0.1516 -0.2766 3.3663 8.0000 2.6250 0.0035 
30.9861 1.0000 2980.4147 0.4047 0.1545 -0.2812 3.3740 8.0000 2.6252 0.0034 
30.9815 1.0000 2980.2342 0.3997 0.1506 -0.2785 3.3568 7.0000 3.6366 0.0029 
30.9750 1.0000 2979.6846 0.4052 0.1562 -0.2781 3.3717 7.0000 3.5618 0.0035 
30.9758 1.0000 2978.6668 0.3987 0.1551 -0.2707 3.3669 7.0000 3.8135 0.0035 
30.9781 1.0000 2979.4008 0.3991 0.1546 -0.2750 3.3702 8.0000 4.2785 0.0033 
30.9712 1.0000 2975.0181 0.3972 0.1531 -0.2741 3.3717 7.0000 4.4309 0.0033 
30.9784 1.0000 2979.5801 0.3975 0.1533 -0.2722 3.3648 7.0000 2.6992 0.0034 
30.9688 1.0000 2975.6049 0.3966 0.1527 -0.2726 3.3630 8.0000 2.5552 0.0035 
30.9801 1.0000 2981.8283 0.3973 0.1536 -0.2691 3.3659 7.0000 2.6282 0.0036 
30.9974 1.0000 2984.9435 0.3987 0.1496 -0.2816 3.3538 7.0000 3.7769 0.0034 
30.9779 1.0000 2977.9596 0.3991 0.1540 -0.2720 3.3687 8.0000 2.5554 0.0031 
30.9817 1.0000 2977.9886 0.3963 0.1509 -0.2769 3.3582 8.0000 3.5267 0.0026 
30.9789 1.0000 2979.1044 0.4011 0.1537 -0.2759 3.3675 7.0000 2.5886 0.0035 
30.9905 1.0000 2984.3011 0.4009 0.1536 -0.2735 3.3638 8.0000 6.0831 0.0035 
30.9755 1.0000 2975.4650 0.3943 0.1508 -0.2779 3.3646 7.0000 4.8270 0.0037 
30.9846 1.0000 2982.1652 0.3967 0.1506 -0.2750 3.3703 7.0000 3.6004 0.0029 
30.9913 1.0000 2986.8467 0.3973 0.1539 -0.2686 3.3621 7.0000 4.2824 0.0032 
30.9801 1.0000 2979.6801 0.4001 0.1528 -0.2762 3.3610 8.0000 4.4650 0.0032 
30.9773 1.0000 2980.5113 0.3984 0.1514 -0.2780 3.3621 7.0000 2.6260 0.0035 
30.9729 1.0000 2976.8369 0.3980 0.1547 -0.2707 3.3649 8.0000 3.6729 0.0038 
30.9773 1.0000 2978.1789 0.4005 0.1534 -0.2769 3.3687 7.0000 2.6657 0.0030 
30.9910 1.0000 2986.6415 0.4002 0.1540 -0.2765 3.3696 7.0000 2.5525 0.0037 
31.0056 1.0000 2991.7320 0.4003 0.1539 -0.2738 3.3599 8.0000 3.5633 0.0035 
30.9967 1.0000 2987.9453 0.4025 0.1549 -0.2739 3.3645 7.0000 3.6376 0.0035 
30.9887 1.0000 2984.9799 0.3998 0.1539 -0.2755 3.3673 8.0000 3.6724 0.0036 
30.9866 1.0000 2984.0467 0.4005 0.1549 -0.2708 3.3543 7.0000 2.4456 0.0035 
30.9778 1.0000 2978.9953 0.3958 0.1501 -0.2731 3.3565 7.0000 2.5908 0.0036 
30.9930 1.0000 2985.6078 0.3976 0.1513 -0.2766 3.3607 7.0000 3.7790 0.0032 
30.9734 1.0000 2977.8846 0.3966 0.1538 -0.2711 3.3719 7.0000 2.6642 0.0040 
30.9703 1.0000 2976.6627 0.3963 0.1520 -0.2743 3.3641 7.0000 3.7458 0.0031 
30.9781 1.0000 2978.7922 0.4005 0.1568 -0.2696 3.3710 7.0000 3.7794 0.0029 
30.9775 1.0000 2977.4212 0.3974 0.1534 -0.2723 3.3597 8.0000 3.7414 0.0034 
30.9894 1.0000 2984.9863 0.4002 0.1548 -0.2728 3.3661 7.0000 4.3982 0.0035 
30.9889 1.0000 2985.3809 0.4010 0.1535 -0.2754 3.3631 7.0000 2.6597 0.0034 
30.9740 1.0000 2978.7158 0.3983 0.1542 -0.2691 3.3653 7.0000 2.5566 0.0031 
30.9742 1.0000 2976.6737 0.4006 0.1523 -0.2783 3.3621 7.0000 3.7443 0.0038 
30.9623 1.0000 2973.6642 0.4002 0.1540 -0.2731 3.3637 7.0000 3.6742 0.0031 
30.9812 1.0000 2981.7915 0.3978 0.1520 -0.2748 3.3622 7.0000 2.6633 0.0027 
30.9902 1.0000 2983.3422 0.3965 0.1520 -0.2739 3.3588 7.0000 2.5547 0.0031 
30.9894 1.0000 2983.3219 0.3968 0.1512 -0.2748 3.3624 8.0000 3.4716 0.0040 
30.9819 1.0000 2980.1877 0.3983 0.1533 -0.2721 3.3646 7.0000 3.7764 0.0032 
30.9972 1.0000 2985.8791 0.3959 0.1517 -0.2766 3.3632 7.0000 2.4868 0.0033 
30.9783 1.0000 2980.5877 0.3997 0.1550 -0.2746 3.3696 7.0000 4.7525 0.0037 
31.0018 1.0000 2990.9966 0.3987 0.1541 -0.2731 3.3688 8.0000 3.7789 0.0041 
30.9693 1.0000 2976.9616 0.4009 0.1534 -0.2771 3.3614 8.0000 2.6640 0.0028 
30.9894 1.0000 2983.9951 0.3991 0.1540 -0.2753 3.3623 7.0000 3.7088 0.0036 
30.9895 1.0000 2983.9840 0.4001 0.1543 -0.2761 3.3654 7.0000 3.7106 0.0032 
30.9871 1.0000 2982.1010 0.3965 0.1498 -0.2794 3.3640 8.0000 2.6984 0.0035 
30.9987 1.0000 2988.7683 0.3990 0.1509 -0.2755 3.3701 8.0000 2.6270 0.0036 
30.9613 1.0000 2971.3886 0.4009 0.1526 -0.2766 3.3711 8.0000 2.5563 0.0030 
30.9835 1.0000 2983.7141 0.3976 0.1533 -0.2733 3.3640 8.0000 3.8523 0.0040 
30.9708 1.0000 2977.1992 0.4047 0.1537 -0.2816 3.3717 8.0000 3.7089 0.0030 
30.9598 1.0000 2971.7029 0.3991 0.1545 -0.2733 3.3667 7.0000 3.9578 0.0035 
30.9784 1.0000 2980.1052 0.3994 0.1528 -0.2770 3.3590 8.0000 3.6659 0.0035 
30.9766 1.0000 2979.9675 0.3999 0.1510 -0.2784 3.3618 7.0000 2.6999 0.0029 
30.9743 1.0000 2976.5007 0.3996 0.1536 -0.2749 3.3631 7.0000 2.5524 0.0030 
30.9882 1.0000 2984.5997 0.3971 0.1509 -0.2784 3.3626 7.0000 3.7412 0.0033 
30.9940 1.0000 2986.3714 0.3975 0.1523 -0.2768 3.3620 7.0000 3.8160 0.0031 
30.9642 1.0000 2972.6685 0.3981 0.1510 -0.2763 3.3576 8.0000 2.7013 0.0029 
30.9967 1.0000 2987.4462 0.3969 0.1534 -0.2721 3.3675 7.0000 3.8494 0.0032 
30.9936 1.0000 2986.4317 0.3955 0.1509 -0.2709 3.3623 7.0000 2.5555 0.0032 
30.9925 1.0000 2985.0936 0.4011 0.1518 -0.2766 3.3587 7.0000 3.7444 0.0037 
30.9770 1.0000 2980.3758 0.3982 0.1511 -0.2788 3.3679 7.0000 5.1102 0.0032 
30.9771 1.0000 2977.5825 0.3975 0.1502 -0.2757 3.3613 8.0000 4.4240 0.0030 
30.9974 1.0000 2985.7389 0.4017 0.1542 -0.2762 3.3665 8.0000 4.6088 0.0030 
30.9837 1.0000 2983.7967 0.3999 0.1532 -0.2769 3.3637 7.0000 2.4496 0.0029 
30.9897 1.0000 2984.5840 0.3982 0.1519 -0.2751 3.3621 7.0000 3.6377 0.0033 
30.9866 1.0000 2983.0642 0.3988 0.1529 -0.2717 3.3624 7.0000 3.5999 0.0035 
30.9716 1.0000 2976.9090 0.3963 0.1535 -0.2690 3.3687 7.0000 3.7465 0.0036 
30.9884 1.0000 2982.7056 0.4009 0.1527 -0.2761 3.3596 7.0000 2.6216 0.0033 
30.9788 1.0000 2980.5376 0.3966 0.1516 -0.2737 3.3587 7.0000 2.7198 0.0037 
30.9980 1.0000 2987.5162 0.3982 0.1530 -0.2755 3.3611 8.0000 3.7814 0.0036 
30.9935 1.0000 2983.4554 0.3981 0.1519 -0.2749 3.3576 8.0000 2.6629 0.0036 
30.9771 1.0000 2977.6879 0.4001 0.1537 -0.2748 3.3711 8.0000 4.3545 0.0036 
30.9843 1.0000 2981.6511 0.3998 0.1551 -0.2733 3.3668 7.0000 4.4984 0.0036 
30.9837 1.0000 2981.0698 0.3995 0.1526 -0.2755 3.3593 7.0000 2.5533 0.0036 
30.9784 1.0000 2978.7286 0.3986 0.1519 -0.2739 3.3649 7.0000 4.1036 0.0036 
30.9721 1.0000 2979.3724 0.4005 0.1558 -0.2693 3.3678 7.0000 3.5663 0.0036 
30.9742 1.0000 2978.2371 0.3965 0.1538 -0.2711 3.3677 7.0000 2.6652 0.0036 
