30.9246 11.0000 2959.8340 0.3407 0.1259 -0.2952 3.2258 7.0000 14.8655 0.0055 
30.9176 11.0000 2956.5901 0.3438 0.1241 -0.3026 3.2263 7.0000 15.7395 0.0055 
30.9255 11.0000 2957.9134 0.3469 0.1267 -0.3015 3.2319 7.0000 14.0264 0.0055 
30.9297 11.0000 2960.9918 0.3424 0.1267 -0.2920 3.2315 7.0000 14.2076 0.0055 
30.9246 11.0000 2960.0934 0.3443 0.1279 -0.2958 3.2315 7.0000 15.6515 0.0055 
30.8791 11.0000 2943.0747 0.3444 0.1265 -0.2975 3.2263 8.0000 14.1190 0.0055 
30.9106 11.0000 2951.6716 0.3438 0.1247 -0.3002 3.2247 6.0000 15.4314 0.0055 
30.9132 11.0000 2953.1057 0.3427 0.1264 -0.2990 3.2288 7.0000 13.1935 0.0056 
30.9416 11.0000 2967.7248 0.3452 0.1257 -0.3015 3.2201 7.0000 13.5449 0.0055 
30.8961 11.0000 2944.5366 0.3442 0.1282 -0.2971 3.2263 7.0000 14.5567 0.0055 
30.9295 11.0000 2957.3866 0.3465 0.1274 -0.3031 3.2208 6.0000 15.2561 0.0055 
30.9127 11.0000 2955.4767 0.3402 0.1251 -0.2964 3.2305 6.0000 1.6704 0.0055 
30.9171 11.0000 2957.9631 0.3472 0.1278 -0.2982 3.2299 7.0000 2.5523 0.0059 
30.9132 11.0000 2953.8018 0.3441 0.1273 -0.2980 3.2264 7.0000 7.6969 0.0050 
30.9274 11.0000 2961.4006 0.3431 0.1255 -0.2951 3.2324 7.0000 7.3906 0.0051 
30.9281 11.0000 2961.1746 0.3442 0.1269 -0.3000 3.2286 8.0000 11.2586 0.0058 
30.9031 11.0000 2952.2710 0.3401 0.1257 -0.2951 3.2275 8.0000 12.7666 0.0051 
30.9253 11.0000 2958.1800 0.3426 0.1256 -0.2955 3.2272 6.0000 12.9517 0.0049 
30.9297 11.0000 2962.9585 0.3413 0.1239 -0.2999 3.2236 6.0000 10.2127 0.0058 
30.9104 11.0000 2955.5791 0.3426 0.1258 -0.2991 3.2195 7.0000 10.6919 0.0058 
30.9372 11.0000 2966.1681 0.3406 0.1267 -0.2926 3.2210 6.0000 11.1450 0.0058 
30.9150 11.0000 2959.2442 0.3434 0.1235 -0.3038 3.2187 7.0000 10.8093 0.0058 
30.9048 11.0000 2950.4395 0.3454 0.1283 -0.2991 3.2431 7.0000 1.7180 0.0059 
30.9325 11.0000 2964.1902 0.3469 0.1277 -0.2971 3.2315 7.0000 2.6827 0.0060 
30.9062 11.0000 2947.6380 0.3458 0.1274 -0.3023 3.2277 7.0000 2.5078 0.0043 
30.9281 11.0000 2956.3543 0.3458 0.1267 -0.3018 3.2274 7.0000 2.5063 0.0043 
30.9365 11.0000 2966.2159 0.3415 0.1262 -0.2911 3.2244 6.0000 2.6395 0.0058 
30.9153 11.0000 2955.2164 0.3433 0.1267 -0.2976 3.2272 9.0000 2.7996 0.0058 
30.9059 11.0000 2951.0350 0.3442 0.1261 -0.2984 3.2211 7.0000 2.8153 0.0058 
30.9470 11.0000 2969.3639 0.3452 0.1261 -0.3027 3.2267 7.0000 3.0618 0.0056 
30.9127 11.0000 2952.9874 0.3421 0.1257 -0.3010 3.2254 6.0000 3.8127 0.0056 
30.9419 11.0000 2967.5777 0.3445 0.1246 -0.3027 3.2346 7.0000 3.7765 0.0042 
30.9034 11.0000 2941.4809 0.3409 0.1249 -0.2997 3.2233 7.0000 3.6458 0.0042 
30.9003 11.0000 2943.3436 0.3449 0.1258 -0.3006 3.2210 7.0000 1.8058 0.0052 
30.9248 11.0000 2958.3723 0.3404 0.1251 -0.2962 3.2279 8.0000 2.6862 0.0054 
30.9538 11.0000 2969.6102 0.3470 0.1286 -0.3008 3.2315 7.0000 2.4031 0.0062 
30.9162 11.0000 2954.0808 0.3475 0.1256 -0.3073 3.2238 7.0000 2.4657 0.0056 
30.9071 11.0000 2952.6758 0.3463 0.1265 -0.3056 3.2262 6.0000 2.6846 0.0056 
30.9393 11.0000 2966.5614 0.3436 0.1270 -0.2963 3.2229 6.0000 4.7456 0.0044 
30.9232 11.0000 2959.4904 0.3445 0.1257 -0.3007 3.2208 7.0000 6.1513 0.0044 
30.9136 11.0000 2956.2932 0.3464 0.1258 -0.3049 3.2232 7.0000 5.5883 0.0044 
30.9094 11.0000 2952.6765 0.3411 0.1263 -0.2945 3.2246 7.0000 3.1265 0.0046 
30.9580 11.0000 2972.2967 0.3438 0.1262 -0.2993 3.2247 7.0000 3.2571 0.0046 
30.8817 11.0000 2938.0565 0.3439 0.1260 -0.3059 3.2311 7.0000 2.8575 0.0062 
30.8936 11.0000 2944.3765 0.3441 0.1272 -0.2957 3.2306 6.0000 2.9501 0.0051 
30.9197 11.0000 2954.7654 0.3474 0.1264 -0.3055 3.2242 7.0000 1.8041 0.0062 
30.9143 11.0000 2956.1643 0.3433 0.1241 -0.3036 3.2234 7.0000 2.7698 0.0054 
30.9253 11.0000 2959.4739 0.3396 0.1273 -0.2905 3.2242 7.0000 2.9017 0.0057 
30.9498 11.0000 2970.4540 0.3411 0.1241 -0.2950 3.2189 7.0000 3.1253 0.0057 
30.9358 11.0000 2963.0359 0.3413 0.1247 -0.2974 3.2284 7.0000 2.7824 0.0049 
30.9206 11.0000 2957.5595 0.3452 0.1266 -0.3000 3.2281 7.0000 3.7492 0.0055 
30.9451 11.0000 2969.5138 0.3453 0.1265 -0.2995 3.2324 7.0000 3.9548 0.0057 
30.8947 11.0000 2943.7724 0.3439 0.1280 -0.2936 3.2312 6.0000 3.1649 0.0054 
30.9297 11.0000 2962.5934 0.3454 0.1271 -0.3003 3.2236 7.0000 3.3382 0.0055 
30.9192 11.0000 2958.5936 0.3443 0.1228 -0.3031 3.2168 7.0000 3.4560 0.0055 
30.8936 11.0000 2945.4701 0.3399 0.1262 -0.2948 3.2235 7.0000 3.4758 0.0055 
30.9204 11.0000 2958.2187 0.3492 0.1266 -0.3077 3.2247 7.0000 1.8044 0.0062 
30.8954 11.0000 2948.2353 0.3394 0.1268 -0.2921 3.2294 7.0000 2.7710 0.0050 
30.9356 11.0000 2960.8191 0.3423 0.1236 -0.2991 3.2220 7.0000 1.8916 0.0058 
30.9181 11.0000 2956.6419 0.3468 0.1287 -0.2965 3.2316 7.0000 2.8144 0.0063 
30.9097 11.0000 2954.7584 0.3405 0.1268 -0.2881 3.2332 7.0000 2.6203 0.0063 
30.9335 11.0000 2962.2484 0.3456 0.1266 -0.2979 3.2228 8.0000 3.2934 0.0049 
30.9153 11.0000 2956.1709 0.3439 0.1250 -0.3032 3.2212 7.0000 4.6622 0.0049 
30.9190 11.0000 2955.9475 0.3415 0.1245 -0.2968 3.2218 6.0000 4.4009 0.0049 
30.9181 11.0000 2959.9468 0.3369 0.1249 -0.2931 3.2297 7.0000 2.8517 0.0054 
30.9169 11.0000 2952.1450 0.3417 0.1248 -0.3030 3.2264 7.0000 2.8587 0.0054 
30.9372 11.0000 2968.9118 0.3424 0.1269 -0.2938 3.2251 7.0000 2.7731 0.0061 
30.9080 11.0000 2954.1319 0.3429 0.1266 -0.2940 3.2293 8.0000 2.8614 0.0061 
30.9323 11.0000 2963.9687 0.3438 0.1257 -0.2995 3.2189 7.0000 1.8484 0.0059 
30.8926 11.0000 2946.4517 0.3446 0.1261 -0.2997 3.2232 6.0000 2.7300 0.0056 
30.9050 11.0000 2950.4627 0.3467 0.1290 -0.2989 3.2278 7.0000 2.5063 0.0048 
30.9360 11.0000 2965.6524 0.3415 0.1262 -0.2975 3.2282 7.0000 2.5535 0.0048 
30.9211 11.0000 2958.6333 0.3416 0.1234 -0.2982 3.2294 7.0000 2.7739 0.0048 
30.9213 11.0000 2955.6333 0.3490 0.1291 -0.2998 3.2286 6.0000 4.3118 0.0059 
30.9192 11.0000 2958.2890 0.3389 0.1245 -0.2935 3.2280 6.0000 4.1333 0.0048 
30.9003 11.0000 2943.7780 0.3470 0.1267 -0.3044 3.2245 6.0000 2.8853 0.0053 
30.8987 11.0000 2946.1403 0.3471 0.1270 -0.3067 3.2268 7.0000 2.7650 0.0054 
30.9148 11.0000 2952.1389 0.3462 0.1267 -0.3032 3.2257 7.0000 2.8144 0.0043 
30.9038 11.0000 2951.8462 0.3450 0.1269 -0.2982 3.2282 7.0000 2.8621 0.0050 
30.9132 11.0000 2951.7460 0.3431 0.1249 -0.3010 3.2231 6.0000 1.8484 0.0055 
30.9211 11.0000 2957.8728 0.3427 0.1273 -0.2959 3.2319 7.0000 2.7253 0.0053 
30.9367 11.0000 2965.7813 0.3428 0.1270 -0.2959 3.2326 7.0000 1.8460 0.0059 
30.9057 11.0000 2952.4379 0.3412 0.1284 -0.2910 3.2361 7.0000 4.8985 0.0060 
30.9097 11.0000 2952.2155 0.3447 0.1246 -0.3016 3.2195 7.0000 5.3331 0.0059 
30.9265 11.0000 2961.2724 0.3431 0.1264 -0.2978 3.2251 7.0000 5.4664 0.0059 
30.9125 11.0000 2953.1975 0.3457 0.1273 -0.2990 3.2289 6.0000 4.2088 0.0059 
30.9227 11.0000 2957.1667 0.3429 0.1261 -0.2974 3.2265 7.0000 3.8721 0.0059 
30.9309 11.0000 2960.4003 0.3433 0.1267 -0.2983 3.2308 7.0000 2.7281 0.0055 
30.9521 11.0000 2966.5780 0.3420 0.1254 -0.2980 3.2266 7.0000 2.7248 0.0045 
30.9160 11.0000 2956.0479 0.3473 0.1284 -0.2962 3.2350 6.0000 2.8177 0.0055 
30.9034 11.0000 2948.3205 0.3453 0.1256 -0.3005 3.2281 7.0000 2.8583 0.0055 
30.9230 11.0000 2957.4234 0.3412 0.1282 -0.2911 3.2319 7.0000 1.8462 0.0055 
30.9003 11.0000 2951.2528 0.3443 0.1248 -0.2999 3.2205 7.0000 2.6848 0.0055 
30.9155 11.0000 2951.3681 0.3508 0.1282 -0.3061 3.2249 7.0000 2.7274 0.0055 
30.9055 11.0000 2953.8177 0.3440 0.1257 -0.2997 3.2244 7.0000 2.6824 0.0055 
30.9286 11.0000 2959.9617 0.3470 0.1285 -0.2985 3.2286 7.0000 3.0268 0.0055 
30.9468 11.0000 2970.2614 0.3411 0.1279 -0.2926 3.2227 7.0000 3.9513 0.0055 
30.9211 11.0000 2955.7253 0.3438 0.1274 -0.2982 3.2258 6.0000 4.4687 0.0055 
30.9510 11.0000 2968.5768 0.3417 0.1247 -0.2970 3.2284 7.0000 4.8820 0.0055 
30.9174 11.0000 2958.1190 0.3410 0.1252 -0.2968 3.2265 7.0000 3.7792 0.0055 
