30.9641 11.0000 2959.5180 0.1425 0.0513 -0.2246 3.1503 7.0000 22.1943 0.0045 
30.9732 11.0000 2964.8063 0.1412 0.0507 -0.2215 3.1464 7.0000 21.5369 0.0039 
30.9615 11.0000 2958.9566 0.1409 0.0514 -0.2228 3.1485 6.0000 23.1209 0.0039 
30.9356 11.0000 2946.8165 0.1417 0.0513 -0.2236 3.1473 7.0000 21.8413 0.0039 
30.9638 11.0000 2960.7512 0.1400 0.0506 -0.2214 3.1471 6.0000 24.0821 0.0039 
30.9809 11.0000 2968.9050 0.1441 0.0519 -0.2272 3.1477 6.0000 23.4627 0.0050 
30.9538 11.0000 2954.6457 0.1390 0.0511 -0.2186 3.1489 7.0000 24.4768 0.0045 
30.9683 11.0000 2960.0777 0.1387 0.0509 -0.2197 3.1494 6.0000 24.1656 0.0045 
30.9589 11.0000 2956.0985 0.1388 0.0509 -0.2195 3.1464 7.0000 22.8481 0.0043 
30.9430 11.0000 2949.2285 0.1414 0.0511 -0.2233 3.1520 7.0000 24.4763 0.0031 
30.9561 11.0000 2956.4274 0.1427 0.0513 -0.2234 3.1483 7.0000 23.6869 0.0039 
30.9902 11.0000 2976.0023 0.1438 0.0511 -0.2280 3.1474 6.0000 2.6395 0.0039 
30.9307 11.0000 2945.7656 0.1401 0.0508 -0.2232 3.1513 6.0000 3.4744 0.0045 
30.9475 11.0000 2952.7012 0.1397 0.0503 -0.2218 3.1496 7.0000 3.3861 0.0037 
30.9664 11.0000 2962.7439 0.1413 0.0514 -0.2237 3.1491 6.0000 4.6079 0.0036 
30.9725 11.0000 2966.0238 0.1378 0.0511 -0.2172 3.1493 7.0000 7.4208 0.0041 
30.9556 11.0000 2956.7243 0.1420 0.0512 -0.2239 3.1477 7.0000 6.4165 0.0042 
30.9664 11.0000 2963.0784 0.1414 0.0515 -0.2221 3.1484 6.0000 8.9240 0.0035 
30.9655 11.0000 2959.7418 0.1374 0.0510 -0.2170 3.1503 7.0000 10.1987 0.0035 
30.9540 11.0000 2952.3128 0.1392 0.0506 -0.2201 3.1478 7.0000 11.4708 0.0039 
30.9741 11.0000 2964.7915 0.1388 0.0507 -0.2196 3.1467 6.0000 10.5464 0.0038 
30.9482 11.0000 2953.2173 0.1405 0.0508 -0.2219 3.1480 6.0000 10.4606 0.0035 
30.9669 11.0000 2964.6965 0.1414 0.0509 -0.2227 3.1472 7.0000 2.5955 0.0038 
30.9725 11.0000 2964.2150 0.1394 0.0510 -0.2210 3.1473 6.0000 3.5173 0.0044 
30.9746 11.0000 2966.4155 0.1388 0.0510 -0.2178 3.1482 7.0000 3.5199 0.0041 
30.9610 11.0000 2958.7211 0.1406 0.0515 -0.2207 3.1498 7.0000 3.4761 0.0039 
30.9552 11.0000 2955.7323 0.1396 0.0508 -0.2209 3.1500 7.0000 3.5190 0.0036 
30.9659 11.0000 2960.7523 0.1396 0.0510 -0.2205 3.1504 7.0000 3.7822 0.0043 
30.9792 11.0000 2969.9218 0.1397 0.0511 -0.2212 3.1489 7.0000 3.6073 0.0043 
30.9676 11.0000 2960.8445 0.1416 0.0514 -0.2236 3.1493 6.0000 4.2066 0.0044 
30.9545 11.0000 2957.5952 0.1396 0.0512 -0.2211 3.1471 7.0000 4.7116 0.0041 
30.9585 11.0000 2955.3289 0.1412 0.0503 -0.2248 3.1453 6.0000 5.3041 0.0040 
30.9697 11.0000 2960.3532 0.1369 0.0506 -0.2170 3.1511 7.0000 5.2755 0.0040 
30.9505 11.0000 2955.7070 0.1380 0.0509 -0.2196 3.1505 6.0000 2.5955 0.0043 
30.9603 11.0000 2958.5336 0.1401 0.0506 -0.2219 3.1506 6.0000 3.5634 0.0036 
30.9655 11.0000 2959.8870 0.1387 0.0510 -0.2181 3.1490 7.0000 3.5702 0.0041 
30.9762 11.0000 2969.5777 0.1400 0.0510 -0.2215 3.1482 6.0000 2.5960 0.0040 
30.9547 11.0000 2955.8121 0.1397 0.0510 -0.2211 3.1498 7.0000 3.5632 0.0036 
30.9608 11.0000 2959.2099 0.1377 0.0515 -0.2191 3.1496 7.0000 7.6942 0.0040 
30.9519 11.0000 2955.4837 0.1393 0.0508 -0.2217 3.1469 7.0000 8.0927 0.0036 
30.9596 11.0000 2958.8476 0.1395 0.0509 -0.2208 3.1495 6.0000 6.5849 0.0036 
30.9685 11.0000 2961.7278 0.1407 0.0514 -0.2236 3.1523 7.0000 3.9970 0.0036 
30.9617 11.0000 2959.8438 0.1394 0.0509 -0.2205 3.1475 6.0000 4.0886 0.0036 
30.9622 11.0000 2959.3758 0.1372 0.0504 -0.2185 3.1482 6.0000 4.3813 0.0037 
30.9582 11.0000 2956.6438 0.1395 0.0505 -0.2212 3.1457 6.0000 4.6194 0.0037 
30.9753 11.0000 2965.6604 0.1430 0.0510 -0.2266 3.1464 6.0000 2.6395 0.0035 
30.9629 11.0000 2958.1144 0.1393 0.0511 -0.2208 3.1468 6.0000 3.5629 0.0040 
30.9757 11.0000 2963.3051 0.1383 0.0505 -0.2189 3.1456 7.0000 2.6849 0.0041 
30.9629 11.0000 2962.0511 0.1388 0.0505 -0.2196 3.1490 7.0000 3.5647 0.0040 
30.9762 11.0000 2965.9349 0.1415 0.0511 -0.2231 3.1485 7.0000 3.6958 0.0042 
30.9848 11.0000 2970.7502 0.1386 0.0511 -0.2180 3.1505 7.0000 4.6996 0.0039 
30.9718 11.0000 2963.7082 0.1354 0.0502 -0.2156 3.1478 6.0000 5.8463 0.0039 
30.9461 11.0000 2952.0574 0.1368 0.0504 -0.2169 3.1495 7.0000 6.5942 0.0039 
30.9662 11.0000 2961.0945 0.1381 0.0501 -0.2190 3.1461 6.0000 6.9471 0.0039 
30.9867 11.0000 2972.3077 0.1370 0.0513 -0.2148 3.1478 6.0000 6.4478 0.0039 
30.9778 11.0000 2967.3560 0.1389 0.0508 -0.2200 3.1482 6.0000 6.2439 0.0036 
30.9587 11.0000 2954.4477 0.1402 0.0509 -0.2218 3.1478 6.0000 3.6504 0.0040 
30.9620 11.0000 2958.8966 0.1402 0.0507 -0.2229 3.1483 6.0000 2.6406 0.0037 
30.9613 11.0000 2960.1391 0.1405 0.0511 -0.2216 3.1465 7.0000 3.6095 0.0042 
30.9552 11.0000 2956.2983 0.1393 0.0503 -0.2208 3.1497 7.0000 3.6905 0.0040 
30.9662 11.0000 2964.2642 0.1410 0.0514 -0.2225 3.1466 6.0000 3.6258 0.0038 
30.9743 11.0000 2964.4538 0.1369 0.0512 -0.2165 3.1515 7.0000 4.5242 0.0032 
30.9652 11.0000 2960.5761 0.1396 0.0507 -0.2209 3.1468 7.0000 5.3263 0.0032 
30.9657 11.0000 2959.0170 0.1412 0.0510 -0.2230 3.1495 7.0000 7.1434 0.0032 
30.9692 11.0000 2961.6886 0.1386 0.0512 -0.2179 3.1473 6.0000 7.7162 0.0037 
30.9825 11.0000 2968.0378 0.1383 0.0508 -0.2190 3.1474 7.0000 7.1267 0.0037 
30.9732 11.0000 2964.1151 0.1379 0.0507 -0.2195 3.1482 7.0000 6.7775 0.0037 
30.9556 11.0000 2957.2659 0.1407 0.0509 -0.2232 3.1504 7.0000 2.6388 0.0044 
30.9613 11.0000 2959.9111 0.1417 0.0510 -0.2236 3.1488 6.0000 2.7277 0.0037 
30.9624 11.0000 2961.6127 0.1376 0.0513 -0.2176 3.1488 7.0000 3.6044 0.0042 
30.9701 11.0000 2964.5913 0.1412 0.0513 -0.2227 3.1487 6.0000 3.6484 0.0043 
30.9507 11.0000 2954.6071 0.1403 0.0507 -0.2213 3.1497 6.0000 3.6507 0.0043 
30.9881 11.0000 2972.9239 0.1409 0.0509 -0.2233 3.1509 7.0000 2.6378 0.0040 
30.9720 11.0000 2965.6032 0.1382 0.0500 -0.2194 3.1472 6.0000 4.3765 0.0041 
30.9549 11.0000 2957.0462 0.1372 0.0508 -0.2167 3.1513 6.0000 5.6678 0.0041 
30.9526 11.0000 2955.1111 0.1398 0.0504 -0.2229 3.1478 6.0000 7.4453 0.0041 
30.9701 11.0000 2962.8443 0.1358 0.0508 -0.2161 3.1501 7.0000 7.9755 0.0043 
30.9718 11.0000 2962.0331 0.1396 0.0510 -0.2219 3.1473 7.0000 7.6432 0.0042 
30.9729 11.0000 2963.8704 0.1381 0.0511 -0.2178 3.1436 7.0000 7.2983 0.0042 
30.9561 11.0000 2957.7367 0.1420 0.0506 -0.2260 3.1501 7.0000 3.6089 0.0036 
30.9533 11.0000 2955.9293 0.1423 0.0509 -0.2244 3.1487 7.0000 3.6074 0.0042 
30.9643 11.0000 2962.9304 0.1408 0.0512 -0.2223 3.1478 7.0000 3.6489 0.0040 
30.9533 11.0000 2955.6137 0.1417 0.0507 -0.2258 3.1481 7.0000 3.6929 0.0040 
30.9582 11.0000 2955.6688 0.1425 0.0510 -0.2258 3.1490 7.0000 3.6101 0.0037 
30.9535 11.0000 2956.5847 0.1391 0.0512 -0.2208 3.1467 6.0000 4.4922 0.0049 
30.9573 11.0000 2957.9388 0.1399 0.0506 -0.2200 3.1498 7.0000 4.9683 0.0049 
30.9556 11.0000 2956.3641 0.1389 0.0507 -0.2217 3.1471 7.0000 6.5749 0.0049 
30.9568 11.0000 2954.9514 0.1393 0.0512 -0.2209 3.1515 6.0000 7.0247 0.0041 
30.9820 11.0000 2972.1564 0.1378 0.0509 -0.2177 3.1475 7.0000 6.7644 0.0041 
30.9561 11.0000 2957.2162 0.1388 0.0508 -0.2179 3.1491 7.0000 6.5430 0.0041 
30.9762 11.0000 2967.5107 0.1401 0.0514 -0.2208 3.1501 7.0000 3.6478 0.0043 
30.9643 11.0000 2960.9683 0.1386 0.0508 -0.2192 3.1498 7.0000 3.6501 0.0031 
30.9615 11.0000 2959.7885 0.1407 0.0504 -0.2235 3.1481 6.0000 2.6409 0.0031 
30.9715 11.0000 2964.6268 0.1374 0.0507 -0.2161 3.1456 7.0000 3.9152 0.0031 
30.9531 11.0000 2956.2610 0.1391 0.0505 -0.2216 3.1473 7.0000 3.6063 0.0031 
30.9365 11.0000 2945.7281 0.1405 0.0507 -0.2246 3.1477 7.0000 3.6507 0.0031 
30.9582 11.0000 2958.1228 0.1406 0.0507 -0.2239 3.1473 7.0000 4.3387 0.0031 
30.9638 11.0000 2959.9781 0.1391 0.0506 -0.2227 3.1510 7.0000 5.4257 0.0031 
30.9921 11.0000 2974.1478 0.1388 0.0513 -0.2195 3.1507 6.0000 4.7622 0.0031 
30.9916 11.0000 2974.2736 0.1360 0.0513 -0.2141 3.1441 7.0000 4.6881 0.0031 
