30.8225 11.0000 2918.4542 0.2872 0.1044 -0.3107 3.0982 6.0000 7.9628 0.0076 
30.7912 11.0000 2894.0588 0.2876 0.1044 -0.3138 3.1050 6.0000 9.9403 0.0083 
30.8474 11.0000 2925.4075 0.2841 0.1020 -0.3101 3.0937 7.0000 9.0485 0.0083 
30.8225 11.0000 2907.6546 0.2844 0.1036 -0.3101 3.0958 7.0000 7.8356 0.0083 
30.8199 11.0000 2916.6232 0.2872 0.1039 -0.3121 3.0997 6.0000 8.6754 0.0096 
30.7752 11.0000 2894.2526 0.2814 0.1026 -0.3033 3.1035 6.0000 9.0078 0.0083 
30.8497 11.0000 2926.8729 0.2796 0.1032 -0.2994 3.0989 7.0000 8.9225 0.0077 
30.8059 11.0000 2898.5768 0.2847 0.1034 -0.3110 3.0952 6.0000 8.9257 0.0083 
30.8141 11.0000 2910.4320 0.2852 0.1022 -0.3098 3.0975 6.0000 9.3806 0.0077 
30.8546 11.0000 2929.7565 0.2839 0.1024 -0.3090 3.0985 6.0000 9.5406 0.0083 
30.8565 11.0000 2931.0618 0.2835 0.1027 -0.3062 3.0937 6.0000 8.0466 0.0083 
30.8310 11.0000 2920.7114 0.2838 0.1014 -0.3120 3.0989 7.0000 1.0517 0.0102 
30.8477 11.0000 2934.5536 0.2827 0.1011 -0.3081 3.0938 6.0000 1.5396 0.0074 
30.7918 11.0000 2903.3611 0.2816 0.1018 -0.3038 3.1033 6.0000 1.9334 0.0076 
30.8529 11.0000 2927.2902 0.2835 0.1016 -0.3082 3.0961 6.0000 1.9717 0.0079 
30.8314 11.0000 2910.1941 0.2850 0.1032 -0.3097 3.1012 6.0000 1.4471 0.0074 
30.8614 11.0000 2930.3938 0.2852 0.1018 -0.3079 3.0940 6.0000 2.0980 0.0086 
30.7928 11.0000 2887.1641 0.2872 0.1037 -0.3140 3.1052 6.0000 3.3257 0.0086 
30.8807 11.0000 2942.5500 0.2777 0.1002 -0.3022 3.0954 7.0000 3.6355 0.0086 
30.8676 11.0000 2941.3595 0.2841 0.1035 -0.3034 3.1021 6.0000 3.6961 0.0076 
30.8029 11.0000 2900.5395 0.2802 0.1018 -0.3074 3.1024 6.0000 3.7659 0.0086 
30.7725 11.0000 2901.8549 0.2861 0.1028 -0.3104 3.0972 7.0000 3.5130 0.0081 
30.8415 11.0000 2928.3373 0.2795 0.1031 -0.2993 3.1015 6.0000 1.6276 0.0085 
30.8582 11.0000 2929.9781 0.2841 0.1022 -0.3082 3.0976 7.0000 1.6612 0.0078 
30.8281 11.0000 2916.8775 0.2848 0.1028 -0.3116 3.0932 6.0000 1.5317 0.0089 
30.8510 11.0000 2925.1513 0.2796 0.1034 -0.3016 3.0976 6.0000 1.4947 0.0085 
30.8026 11.0000 2890.7814 0.2827 0.1013 -0.3089 3.1009 7.0000 2.7308 0.0087 
30.8229 11.0000 2913.3333 0.2819 0.1042 -0.2989 3.1028 6.0000 2.7709 0.0068 
30.8382 11.0000 2922.9359 0.2799 0.1024 -0.3030 3.1006 6.0000 2.2178 0.0079 
30.8252 11.0000 2911.7807 0.2848 0.1035 -0.3069 3.0952 6.0000 2.2043 0.0079 
30.7801 11.0000 2887.4052 0.2801 0.1016 -0.3077 3.1028 6.0000 2.7403 0.0076 
30.8507 11.0000 2932.0634 0.2801 0.1023 -0.3030 3.1024 6.0000 2.6218 0.0076 
30.8235 11.0000 2915.8232 0.2816 0.1018 -0.3064 3.1016 6.0000 2.5495 0.0076 
30.8464 11.0000 2922.7098 0.2826 0.1004 -0.3073 3.0917 6.0000 1.5829 0.0085 
30.8118 11.0000 2912.3020 0.2833 0.1017 -0.3093 3.0989 6.0000 1.5833 0.0084 
30.8232 11.0000 2924.1647 0.2813 0.1009 -0.3042 3.0953 6.0000 1.6233 0.0085 
30.8173 11.0000 2909.4814 0.2851 0.1030 -0.3103 3.1022 7.0000 1.7158 0.0072 
30.8765 11.0000 2940.6987 0.2839 0.1025 -0.3064 3.0949 6.0000 1.5819 0.0078 
30.8422 11.0000 2922.6814 0.2816 0.1030 -0.3038 3.1029 7.0000 1.6273 0.0077 
30.8520 11.0000 2927.6520 0.2852 0.1034 -0.3093 3.0970 6.0000 1.8473 0.0084 
30.8095 11.0000 2916.9157 0.2817 0.1031 -0.3028 3.1034 7.0000 1.8161 0.0081 
30.8239 11.0000 2915.9605 0.2863 0.1020 -0.3123 3.0959 7.0000 2.6086 0.0079 
30.8281 11.0000 2915.4693 0.2827 0.1039 -0.3058 3.1007 6.0000 2.8517 0.0079 
30.8232 11.0000 2918.2820 0.2796 0.1018 -0.3034 3.0986 6.0000 2.5963 0.0079 
30.8284 11.0000 2916.8696 0.2857 0.1041 -0.3063 3.1091 6.0000 1.4968 0.0072 
30.8458 11.0000 2920.1556 0.2874 0.1050 -0.3079 3.0981 6.0000 1.4984 0.0073 
30.8255 11.0000 2920.2327 0.2825 0.1023 -0.3092 3.0976 6.0000 1.0547 0.0076 
30.8634 11.0000 2937.6435 0.2824 0.1015 -0.3059 3.0948 6.0000 1.4921 0.0101 
30.8490 11.0000 2929.5791 0.2872 0.1024 -0.3124 3.0940 6.0000 1.4971 0.0074 
30.8291 11.0000 2913.8657 0.2844 0.1026 -0.3110 3.0950 6.0000 1.5824 0.0084 
30.8382 11.0000 2925.1941 0.2831 0.1023 -0.3069 3.0991 6.0000 1.5731 0.0086 
30.8422 11.0000 2918.1503 0.2833 0.1003 -0.3133 3.0918 6.0000 1.6689 0.0087 
30.8523 11.0000 2925.9601 0.2834 0.1025 -0.3064 3.0969 6.0000 1.8334 0.0087 
30.8307 11.0000 2920.7948 0.2849 0.1008 -0.3130 3.0925 6.0000 2.1532 0.0078 
30.8654 11.0000 2931.9588 0.2873 0.1020 -0.3145 3.0913 6.0000 2.0668 0.0074 
30.8533 11.0000 2927.0095 0.2829 0.1026 -0.3048 3.1012 6.0000 1.6699 0.0081 
30.8614 11.0000 2935.9683 0.2820 0.1026 -0.3065 3.0974 6.0000 1.1415 0.0074 
30.7752 11.0000 2891.7196 0.2833 0.1036 -0.3113 3.1012 6.0000 1.6245 0.0085 
30.8595 11.0000 2933.1297 0.2852 0.1019 -0.3102 3.0922 6.0000 1.5414 0.0087 
30.8265 11.0000 2908.7690 0.2785 0.1011 -0.3063 3.0959 6.0000 1.0972 0.0099 
30.8219 11.0000 2911.8618 0.2881 0.1040 -0.3129 3.0972 6.0000 1.6636 0.0075 
30.8199 11.0000 2913.9180 0.2846 0.1031 -0.3088 3.0966 6.0000 1.7147 0.0085 
30.8448 11.0000 2916.9121 0.2826 0.1031 -0.3082 3.0970 6.0000 1.9571 0.0085 
30.8575 11.0000 2924.9288 0.2794 0.1012 -0.3059 3.0964 6.0000 1.4536 0.0098 
30.8147 11.0000 2912.2049 0.2859 0.1019 -0.3140 3.0945 7.0000 1.6170 0.0098 
30.8376 11.0000 2924.2951 0.2820 0.1032 -0.3029 3.0999 6.0000 1.7604 0.0098 
30.8582 11.0000 2928.0840 0.2835 0.1019 -0.3061 3.0946 7.0000 1.5846 0.0079 
30.8252 11.0000 2924.1536 0.2802 0.1011 -0.3035 3.0990 6.0000 1.6130 0.0083 
30.8186 11.0000 2922.1412 0.2819 0.1025 -0.3046 3.0965 7.0000 1.6705 0.0093 
30.7820 11.0000 2896.0170 0.2826 0.1027 -0.3102 3.0977 6.0000 1.6725 0.0089 
30.8542 11.0000 2932.7654 0.2821 0.1022 -0.3024 3.0972 6.0000 1.5828 0.0083 
30.8245 11.0000 2912.7801 0.2861 0.1048 -0.3116 3.1039 6.0000 1.0973 0.0093 
30.8105 11.0000 2904.4526 0.2836 0.1023 -0.3118 3.0979 6.0000 1.7962 0.0069 
30.7846 11.0000 2888.1856 0.2823 0.1025 -0.3073 3.1050 6.0000 1.8011 0.0096 
30.8422 11.0000 2927.8781 0.2844 0.1021 -0.3075 3.0911 6.0000 1.7667 0.0096 
30.8595 11.0000 2933.9458 0.2852 0.1043 -0.3045 3.0994 6.0000 1.7786 0.0096 
30.8438 11.0000 2932.0007 0.2793 0.1027 -0.2982 3.0979 6.0000 1.9770 0.0096 
30.8294 11.0000 2917.3402 0.2857 0.1038 -0.3059 3.0991 7.0000 1.6269 0.0084 
30.8000 11.0000 2904.1395 0.2846 0.1027 -0.3120 3.0969 6.0000 1.6248 0.0080 
30.8127 11.0000 2912.3317 0.2806 0.1008 -0.3080 3.0958 6.0000 2.1944 0.0084 
30.8180 11.0000 2914.6330 0.2849 0.1032 -0.3079 3.1006 6.0000 1.6700 0.0076 
30.8301 11.0000 2920.2026 0.2826 0.1026 -0.3093 3.0981 6.0000 1.6725 0.0073 
30.8729 11.0000 2937.5513 0.2850 0.1041 -0.3063 3.0965 6.0000 1.5852 0.0086 
30.7922 11.0000 2898.4013 0.2856 0.1030 -0.3106 3.0983 6.0000 1.8464 0.0082 
30.8582 11.0000 2930.3150 0.2814 0.1029 -0.3045 3.0960 6.0000 2.4346 0.0082 
30.8559 11.0000 2920.4016 0.2843 0.1013 -0.3116 3.0955 6.0000 2.8901 0.0090 
30.8507 11.0000 2926.3408 0.2818 0.1023 -0.3075 3.0975 6.0000 3.1195 0.0090 
30.8261 11.0000 2922.2964 0.2814 0.1030 -0.3024 3.0962 6.0000 2.9053 0.0081 
30.8510 11.0000 2920.7882 0.2872 0.1024 -0.3135 3.0947 6.0000 1.6695 0.0074 
30.8399 11.0000 2924.3961 0.2823 0.1012 -0.3081 3.0973 7.0000 1.0992 0.0081 
30.8284 11.0000 2925.9239 0.2819 0.1029 -0.3038 3.0994 6.0000 1.5859 0.0074 
30.8624 11.0000 2927.3020 0.2795 0.1010 -0.3024 3.0971 6.0000 1.6268 0.0074 
30.8222 11.0000 2916.2958 0.2832 0.1024 -0.3114 3.0996 6.0000 1.7146 0.0074 
30.8337 11.0000 2918.9124 0.2872 0.1035 -0.3109 3.0986 6.0000 1.6250 0.0074 
30.8108 11.0000 2912.7369 0.2815 0.1021 -0.3036 3.1011 6.0000 1.8022 0.0074 
30.8353 11.0000 2923.8520 0.2829 0.1022 -0.3099 3.0941 6.0000 1.7286 0.0074 
30.8310 11.0000 2918.2023 0.2855 0.1045 -0.3096 3.0976 6.0000 3.5454 0.0074 
30.8614 11.0000 2937.4307 0.2783 0.1013 -0.2991 3.0917 6.0000 3.8091 0.0074 
30.8222 11.0000 2922.4895 0.2821 0.1014 -0.3096 3.0954 6.0000 4.0038 0.0074 
30.8592 11.0000 2933.7614 0.2842 0.1042 -0.3041 3.0987 6.0000 3.5195 0.0074 
