30.5926 11.0000 2835.5975 0.4126 0.1881 -0.2766 2.9891 6.0000 2.8651 0.0151 
30.6280 11.0000 2846.2380 0.4140 0.1938 -0.2731 3.0058 6.0000 3.0068 0.0177 
30.6258 11.0000 2843.0643 0.4034 0.1878 -0.2735 3.0000 5.0000 2.7222 0.0177 
30.5931 11.0000 2794.2288 0.4045 0.1903 -0.2726 3.0053 5.0000 2.8984 0.0162 
30.6498 11.0000 2850.6236 0.4162 0.1952 -0.2760 3.0156 6.0000 2.8947 0.0177 
30.5408 11.0000 2805.5120 0.4017 0.1914 -0.2590 3.0017 6.0000 2.9989 0.0162 
30.6242 11.0000 2844.6961 0.4040 0.1880 -0.2650 2.9873 5.0000 3.1916 0.0177 
30.5877 11.0000 2795.1618 0.4142 0.1947 -0.2821 3.0147 5.0000 2.9130 0.0177 
30.5621 11.0000 2804.8627 0.4163 0.1911 -0.2837 3.0146 5.0000 2.7622 0.0147 
30.4935 11.0000 2758.1503 0.4013 0.1896 -0.2699 3.0073 6.0000 3.0373 0.0162 
30.5425 11.0000 2797.7168 0.4115 0.1951 -0.2751 3.0083 5.0000 2.9368 0.0216 
30.5910 11.0000 2801.6977 0.4022 0.1889 -0.2722 3.0017 5.0000 0.4854 0.0149 
30.5784 11.0000 2832.3001 0.4063 0.1924 -0.2612 3.0039 5.0000 0.6050 0.0157 
30.5910 11.0000 2809.9793 0.4147 0.1934 -0.2780 3.0193 6.0000 0.7829 0.0204 
30.4297 11.0000 2762.1661 0.4011 0.1888 -0.2695 3.0146 5.0000 0.6137 0.0165 
30.5468 11.0000 2802.1732 0.4111 0.1889 -0.2792 3.0092 5.0000 0.4850 0.0130 
30.6503 11.0000 2830.9706 0.4068 0.1914 -0.2744 3.0052 6.0000 0.9410 0.0160 
30.6356 11.0000 2858.3148 0.4049 0.1894 -0.2711 3.0086 6.0000 0.9798 0.0187 
30.5561 11.0000 2785.1993 0.4089 0.1919 -0.2753 3.0187 5.0000 1.5385 0.0187 
30.5768 11.0000 2797.8916 0.4078 0.1912 -0.2783 3.0023 6.0000 1.6004 0.0187 
30.5485 11.0000 2820.9069 0.4125 0.1933 -0.2652 3.0128 6.0000 1.5309 0.0187 
30.6073 11.0000 2823.3322 0.4175 0.1954 -0.2830 3.0037 5.0000 0.6602 0.0187 
30.5812 11.0000 2821.1242 0.4142 0.1929 -0.2754 3.0124 6.0000 0.3539 0.0182 
30.6302 11.0000 2853.0327 0.4025 0.1892 -0.2569 2.9941 6.0000 0.4874 0.0178 
30.5959 11.0000 2819.2298 0.4129 0.1943 -0.2769 3.0122 6.0000 0.4868 0.0207 
30.6863 11.0000 2870.2663 0.4061 0.1902 -0.2631 2.9966 6.0000 0.3933 0.0130 
30.4646 11.0000 2751.7734 0.4129 0.1980 -0.2767 3.0139 5.0000 0.4831 0.0207 
30.5163 11.0000 2784.7631 0.4009 0.1870 -0.2742 3.0110 6.0000 0.4866 0.0158 
30.6111 11.0000 2818.8513 0.4084 0.1946 -0.2637 3.0070 5.0000 1.1898 0.0133 
30.4188 11.0000 2738.8911 0.4164 0.1969 -0.2817 3.0117 6.0000 1.6298 0.0135 
30.6176 11.0000 2841.3883 0.4109 0.1898 -0.2753 2.9999 5.0000 1.8018 0.0135 
30.5272 11.0000 2783.3023 0.3996 0.1875 -0.2735 3.0059 6.0000 1.7146 0.0166 
30.5321 11.0000 2780.5844 0.4090 0.1930 -0.2749 3.0053 5.0000 1.5422 0.0166 
30.6879 11.0000 2883.8922 0.4048 0.1884 -0.2590 3.0012 6.0000 0.5279 0.0173 
30.5436 11.0000 2797.9744 0.4096 0.1933 -0.2697 3.0009 5.0000 0.3533 0.0169 
30.4575 11.0000 2758.5599 0.4141 0.1930 -0.2829 3.0128 6.0000 0.5466 0.0158 
30.5256 11.0000 2801.1699 0.4093 0.1913 -0.2747 3.0160 6.0000 0.5732 0.0188 
30.6019 11.0000 2816.9749 0.4041 0.1927 -0.2598 3.0099 5.0000 0.5288 0.0181 
30.6716 11.0000 2846.2756 0.3976 0.1899 -0.2499 3.0055 6.0000 0.5274 0.0144 
30.5163 11.0000 2800.5283 0.4128 0.1931 -0.2847 3.0120 6.0000 0.3936 0.0205 
30.6792 11.0000 2879.6705 0.4131 0.1920 -0.2675 2.9963 5.0000 0.5250 0.0188 
30.5779 11.0000 2805.4815 0.4182 0.1980 -0.2749 3.0068 6.0000 0.5265 0.0119 
30.6280 11.0000 2854.0408 0.4108 0.1927 -0.2635 2.9962 6.0000 0.7029 0.0127 
30.5692 11.0000 2823.0054 0.4112 0.1923 -0.2746 3.0082 5.0000 0.6611 0.0127 
30.5583 11.0000 2816.5223 0.3990 0.1886 -0.2617 2.9984 6.0000 0.5266 0.0154 
30.5349 11.0000 2787.9907 0.4089 0.1929 -0.2696 3.0236 6.0000 0.5698 0.0250 
30.6019 11.0000 2827.7718 0.4165 0.1937 -0.2826 3.0103 6.0000 0.5277 0.0132 
30.4635 11.0000 2778.7936 0.4083 0.1928 -0.2734 3.0132 6.0000 0.5296 0.0171 
30.5142 11.0000 2809.6906 0.4126 0.1927 -0.2803 3.0121 5.0000 0.5289 0.0136 
30.5572 11.0000 2800.6558 0.3991 0.1908 -0.2589 3.0152 5.0000 0.3961 0.0168 
30.6449 11.0000 2867.9613 0.4051 0.1887 -0.2588 3.0110 6.0000 0.5266 0.0140 
30.7211 11.0000 2896.6743 0.4028 0.1906 -0.2511 2.9942 6.0000 0.5280 0.0205 
30.6961 11.0000 2879.4842 0.4024 0.1864 -0.2679 2.9934 6.0000 0.5686 0.0202 
30.6111 11.0000 2825.7865 0.4067 0.1906 -0.2671 3.0109 6.0000 0.6159 0.0177 
30.6160 11.0000 2857.2914 0.4102 0.1879 -0.2746 3.0029 6.0000 0.6136 0.0177 
30.3290 11.0000 2698.2696 0.4047 0.1936 -0.2802 3.0210 5.0000 0.5692 0.0161 
30.5735 11.0000 2823.1895 0.4084 0.1933 -0.2668 3.0173 5.0000 0.5699 0.0120 
30.6830 11.0000 2878.9542 0.4020 0.1884 -0.2638 2.9921 6.0000 0.5285 0.0169 
30.6688 11.0000 2863.5572 0.4055 0.1898 -0.2648 3.0036 6.0000 0.5276 0.0129 
30.5643 11.0000 2833.2032 0.4052 0.1939 -0.2572 3.0059 6.0000 0.3540 0.0153 
30.6580 11.0000 2857.4488 0.4123 0.1913 -0.2810 2.9984 5.0000 0.5541 0.0201 
30.4608 11.0000 2760.4995 0.4106 0.1927 -0.2753 3.0109 5.0000 0.5702 0.0197 
30.4722 11.0000 2767.2625 0.4069 0.1922 -0.2755 3.0109 5.0000 0.5682 0.0173 
30.5463 11.0000 2804.2843 0.4040 0.1917 -0.2634 3.0123 5.0000 0.5286 0.0171 
30.4684 11.0000 2775.6247 0.4013 0.1919 -0.2576 3.0138 5.0000 0.7446 0.0185 
30.5926 11.0000 2809.6127 0.4159 0.1944 -0.2838 3.0088 6.0000 0.7462 0.0185 
30.5686 11.0000 2816.2162 0.4090 0.1879 -0.2822 3.0082 5.0000 0.3552 0.0171 
30.7173 11.0000 2886.5931 0.4157 0.1927 -0.2799 2.9934 6.0000 0.5287 0.0182 
30.6193 11.0000 2821.3562 0.4081 0.1914 -0.2694 3.0063 6.0000 0.4396 0.0149 
30.6917 11.0000 2866.6095 0.4086 0.1927 -0.2718 3.0012 6.0000 0.5286 0.0154 
30.4739 11.0000 2763.8578 0.4114 0.1949 -0.2745 3.0176 5.0000 0.5299 0.0137 
30.4864 11.0000 2756.8992 0.4107 0.1929 -0.2789 3.0127 6.0000 0.5326 0.0143 
30.5566 11.0000 2800.4423 0.4099 0.1928 -0.2668 3.0109 6.0000 0.5714 0.0147 
30.5654 11.0000 2820.4559 0.4110 0.1898 -0.2784 3.0061 6.0000 0.5307 0.0172 
30.5142 11.0000 2778.5343 0.4069 0.1911 -0.2722 3.0088 6.0000 0.6094 0.0144 
30.6291 11.0000 2821.8181 0.4111 0.1900 -0.2784 2.9952 5.0000 0.7900 0.0173 
30.5234 11.0000 2769.3742 0.4096 0.1935 -0.2769 3.0187 6.0000 0.5707 0.0156 
30.5904 11.0000 2806.0599 0.4143 0.1929 -0.2812 3.0149 5.0000 0.7053 0.0149 
30.5300 11.0000 2794.7397 0.4013 0.1906 -0.2581 3.0132 5.0000 0.7036 0.0153 
30.6650 11.0000 2851.9058 0.4136 0.1936 -0.2772 3.0073 5.0000 0.5690 0.0168 
30.6155 11.0000 2831.3322 0.4053 0.1913 -0.2709 3.0086 5.0000 0.3949 0.0182 
30.6498 11.0000 2866.8268 0.4165 0.1951 -0.2737 3.0070 5.0000 0.5688 0.0181 
30.6356 11.0000 2855.6046 0.4076 0.1906 -0.2615 3.0045 5.0000 0.5285 0.0146 
30.6443 11.0000 2847.6716 0.4139 0.1918 -0.2707 3.0021 6.0000 0.3958 0.0183 
30.5610 11.0000 2804.7064 0.4060 0.1919 -0.2679 3.0036 5.0000 0.5697 0.0154 
30.5566 11.0000 2814.2304 0.4115 0.1891 -0.2796 2.9966 5.0000 0.5530 0.0172 
30.6095 11.0000 2817.8551 0.4121 0.1946 -0.2685 3.0236 5.0000 0.5301 0.0164 
30.6313 11.0000 2851.2603 0.4137 0.1933 -0.2775 2.9946 5.0000 0.5299 0.0157 
30.6187 11.0000 2846.2729 0.4040 0.1891 -0.2607 2.9976 6.0000 0.5650 0.0147 
30.5719 11.0000 2791.3851 0.4236 0.1996 -0.2838 3.0127 6.0000 0.5297 0.0157 
30.5305 11.0000 2779.0229 0.4066 0.1906 -0.2745 3.0130 6.0000 0.5301 0.0157 
30.5294 11.0000 2780.3410 0.4058 0.1888 -0.2743 3.0003 5.0000 0.5706 0.0157 
30.5332 11.0000 2790.4041 0.4168 0.1964 -0.2822 3.0092 5.0000 0.3553 0.0184 
30.6405 11.0000 2837.5098 0.3951 0.1866 -0.2530 2.9943 5.0000 0.5291 0.0157 
30.5615 11.0000 2805.2130 0.4082 0.1913 -0.2709 3.0097 6.0000 0.5679 0.0157 
30.6166 11.0000 2845.9009 0.4025 0.1869 -0.2703 3.0031 6.0000 0.5694 0.0157 
30.5861 11.0000 2811.1432 0.4047 0.1901 -0.2707 3.0009 6.0000 0.5686 0.0157 
30.5240 11.0000 2779.4101 0.4138 0.1918 -0.2890 3.0021 5.0000 0.5314 0.0157 
30.6367 11.0000 2849.0436 0.4057 0.1900 -0.2611 3.0088 6.0000 0.5708 0.0157 
30.6073 11.0000 2829.6280 0.4036 0.1878 -0.2730 2.9975 6.0000 0.5278 0.0157 
