30.9553 1.0000 2969.8879 0.3053 0.1035 -0.3040 3.2454 7.0000 19.0689 0.0045 
30.9641 1.0000 2973.8017 0.3054 0.1029 -0.3097 3.2435 7.0000 19.3814 0.0045 
30.9500 1.0000 2967.7829 0.3037 0.1025 -0.3053 3.2391 6.0000 21.4418 0.0042 
30.9681 1.0000 2976.0411 0.3017 0.1013 -0.3049 3.2410 7.0000 18.9803 0.0042 
30.9608 1.0000 2972.7565 0.2986 0.1031 -0.2979 3.2414 7.0000 21.0017 0.0042 
30.9463 1.0000 2965.1850 0.2995 0.1012 -0.2989 3.2422 6.0000 19.2020 0.0046 
30.9643 1.0000 2974.3103 0.3079 0.1034 -0.3113 3.2376 7.0000 20.6518 0.0043 
30.9696 1.0000 2974.8121 0.3030 0.1021 -0.3030 3.2394 7.0000 21.4512 0.0045 
30.9592 1.0000 2970.5135 0.3015 0.1017 -0.3069 3.2372 6.0000 20.3894 0.0050 
30.9465 1.0000 2967.0588 0.3010 0.1048 -0.2985 3.2447 7.0000 21.4507 0.0039 
30.9739 1.0000 2978.0378 0.3009 0.1019 -0.3011 3.2439 7.0000 19.5971 0.0042 
30.9540 1.0000 2969.2757 0.3016 0.1020 -0.3038 3.2408 7.0000 2.4147 0.0047 
30.9334 1.0000 2962.4167 0.3038 0.1029 -0.3061 3.2441 7.0000 3.2978 0.0037 
30.9451 1.0000 2963.9473 0.3034 0.1010 -0.3101 3.2401 7.0000 3.1710 0.0051 
30.9663 1.0000 2974.7812 0.3028 0.1018 -0.3071 3.2371 7.0000 3.1632 0.0051 
30.9475 1.0000 2965.6179 0.3034 0.1041 -0.3041 3.2497 7.0000 3.2963 0.0045 
30.9553 1.0000 2970.8041 0.3017 0.1016 -0.3051 3.2450 7.0000 3.3581 0.0046 
30.9706 1.0000 2975.2343 0.3033 0.1028 -0.3058 3.2482 7.0000 4.5327 0.0046 
30.9506 1.0000 2967.1993 0.3013 0.1035 -0.3023 3.2442 6.0000 7.1326 0.0046 
30.9220 1.0000 2953.7063 0.3023 0.1035 -0.3054 3.2482 7.0000 10.1521 0.0046 
30.9718 1.0000 2978.2190 0.3013 0.1028 -0.2994 3.2384 7.0000 9.5361 0.0043 
30.9708 1.0000 2975.1838 0.3013 0.1030 -0.3021 3.2466 7.0000 9.6717 0.0047 
30.9402 1.0000 2964.0243 0.3004 0.1012 -0.3052 3.2448 7.0000 2.3738 0.0043 
30.9283 1.0000 2956.0723 0.3058 0.1039 -0.3076 3.2432 7.0000 3.4767 0.0045 
30.9624 1.0000 2974.2249 0.3011 0.1033 -0.3034 3.2498 7.0000 2.8625 0.0045 
30.9481 1.0000 2967.8182 0.3000 0.1018 -0.3044 3.2406 7.0000 3.8716 0.0041 
30.9522 1.0000 2969.8021 0.3036 0.1028 -0.3059 3.2425 7.0000 3.4285 0.0047 
30.9453 1.0000 2964.4592 0.3038 0.1051 -0.3035 3.2408 7.0000 3.3766 0.0045 
30.9397 1.0000 2963.3948 0.3017 0.1016 -0.3084 3.2424 7.0000 4.8293 0.0051 
30.9612 1.0000 2972.9804 0.3009 0.1033 -0.3003 3.2448 7.0000 7.4294 0.0051 
30.9542 1.0000 2970.1546 0.3030 0.1025 -0.3085 3.2468 7.0000 5.7109 0.0046 
30.9485 1.0000 2967.6301 0.3005 0.1020 -0.3026 3.2480 7.0000 5.8645 0.0047 
30.9522 1.0000 2968.6146 0.3036 0.1029 -0.3053 3.2438 7.0000 5.1910 0.0047 
30.9594 1.0000 2970.1914 0.3043 0.1030 -0.3047 3.2416 7.0000 3.4775 0.0050 
30.9473 1.0000 2967.4734 0.3011 0.1017 -0.3031 3.2366 7.0000 3.4763 0.0041 
30.9489 1.0000 2967.1328 0.3009 0.1028 -0.3021 3.2464 7.0000 3.6332 0.0039 
30.9414 1.0000 2964.0613 0.3025 0.1016 -0.3061 3.2429 7.0000 3.6507 0.0039 
30.9481 1.0000 2967.0106 0.3004 0.1031 -0.2994 3.2463 7.0000 3.2396 0.0043 
30.9432 1.0000 2964.4824 0.3029 0.1019 -0.3083 3.2461 7.0000 3.5622 0.0042 
30.9291 1.0000 2959.6965 0.3049 0.1036 -0.3038 3.2462 7.0000 3.3852 0.0046 
30.9493 1.0000 2966.7075 0.3025 0.1042 -0.3015 3.2433 7.0000 4.9721 0.0049 
30.9406 1.0000 2963.6881 0.3026 0.1015 -0.3075 3.2424 7.0000 4.5236 0.0049 
30.9773 1.0000 2980.2688 0.3037 0.1020 -0.3078 3.2415 7.0000 4.2642 0.0049 
30.9332 1.0000 2959.1260 0.3012 0.1038 -0.3012 3.2424 7.0000 4.4012 0.0049 
30.9598 1.0000 2973.5611 0.3022 0.1033 -0.3028 3.2479 7.0000 3.5613 0.0042 
30.9524 1.0000 2968.7094 0.3032 0.1021 -0.3057 3.2449 8.0000 3.1551 0.0044 
30.9669 1.0000 2974.5349 0.3018 0.1031 -0.3027 3.2418 7.0000 3.6930 0.0036 
30.9306 1.0000 2959.0780 0.3001 0.1006 -0.3074 3.2412 6.0000 4.6178 0.0041 
30.9573 1.0000 2970.8478 0.2993 0.1030 -0.2996 3.2446 8.0000 4.5735 0.0041 
30.9442 1.0000 2964.9271 0.3050 0.1035 -0.3052 3.2438 7.0000 3.4737 0.0041 
30.9340 1.0000 2960.1887 0.3046 0.1024 -0.3076 3.2425 7.0000 2.3333 0.0038 
30.9571 1.0000 2970.9087 0.3017 0.1024 -0.3041 3.2458 7.0000 4.8397 0.0035 
30.9350 1.0000 2962.8734 0.3038 0.1030 -0.3058 3.2456 7.0000 4.8827 0.0044 
30.9422 1.0000 2965.5231 0.3027 0.1035 -0.3013 3.2399 7.0000 4.2258 0.0044 
30.9508 1.0000 2968.8011 0.3018 0.1017 -0.3057 3.2442 7.0000 4.3582 0.0049 
30.9553 1.0000 2969.7694 0.3056 0.1044 -0.3050 3.2408 7.0000 2.5051 0.0048 
30.9608 1.0000 2972.5025 0.3056 0.1039 -0.3087 3.2430 7.0000 3.5134 0.0032 
30.9761 1.0000 2976.5057 0.3038 0.1024 -0.3060 3.2412 7.0000 2.4659 0.0045 
30.9598 1.0000 2971.6109 0.3022 0.1019 -0.3057 3.2405 6.0000 3.5160 0.0045 
30.9628 1.0000 2973.7183 0.3033 0.1026 -0.3065 3.2433 7.0000 4.8866 0.0056 
30.9685 1.0000 2976.4216 0.3000 0.1019 -0.3014 3.2462 7.0000 4.8442 0.0056 
30.9788 1.0000 2979.3366 0.3039 0.1019 -0.3068 3.2413 7.0000 3.5109 0.0046 
30.9353 1.0000 2962.0429 0.2995 0.1037 -0.2979 3.2441 7.0000 3.5197 0.0037 
30.9489 1.0000 2966.8715 0.3027 0.1055 -0.3006 3.2496 7.0000 3.6759 0.0047 
30.9514 1.0000 2969.5511 0.3022 0.1034 -0.2986 3.2457 7.0000 3.5606 0.0047 
30.9373 1.0000 2961.3362 0.3010 0.1022 -0.3050 3.2398 7.0000 3.4315 0.0047 
30.9873 1.0000 2982.4112 0.3022 0.1039 -0.3014 3.2472 7.0000 3.6947 0.0050 
30.9467 1.0000 2968.1385 0.3029 0.1022 -0.3063 3.2453 8.0000 3.3834 0.0038 
30.9712 1.0000 2975.9898 0.3015 0.1046 -0.3004 3.2487 7.0000 4.9258 0.0045 
30.9446 1.0000 2965.7541 0.3026 0.1012 -0.3075 3.2407 8.0000 4.8324 0.0040 
30.9146 1.0000 2953.6887 0.3029 0.1040 -0.3021 3.2447 7.0000 3.4748 0.0044 
30.9716 1.0000 2972.7275 0.3022 0.1018 -0.3063 3.2430 7.0000 4.5177 0.0045 
30.9732 1.0000 2977.3458 0.3018 0.1025 -0.3043 3.2420 8.0000 4.5037 0.0045 
30.9420 1.0000 2963.7643 0.3040 0.1036 -0.3071 3.2499 7.0000 3.5576 0.0043 
30.9420 1.0000 2965.4526 0.3050 0.1041 -0.3040 3.2441 7.0000 3.6034 0.0038 
30.9696 1.0000 2971.9781 0.3042 0.1055 -0.3018 3.2453 8.0000 4.0425 0.0045 
30.9688 1.0000 2977.4052 0.3051 0.1038 -0.3069 3.2430 7.0000 4.0835 0.0045 
30.9328 1.0000 2961.6761 0.3001 0.1012 -0.3041 3.2367 7.0000 2.5044 0.0036 
30.9628 1.0000 2973.8468 0.3043 0.1030 -0.3060 3.2411 7.0000 3.5182 0.0048 
30.9477 1.0000 2963.6869 0.3035 0.1029 -0.3081 3.2472 7.0000 2.5529 0.0051 
30.9493 1.0000 2968.2770 0.2996 0.1026 -0.3007 3.2413 7.0000 3.6048 0.0044 
30.9469 1.0000 2967.1321 0.3049 0.1026 -0.3076 3.2419 8.0000 3.5608 0.0041 
30.9514 1.0000 2969.8689 0.3052 0.1044 -0.3034 3.2438 7.0000 3.6056 0.0049 
30.9547 1.0000 2969.6957 0.3020 0.1013 -0.3058 3.2436 8.0000 3.6400 0.0049 
30.9690 1.0000 2973.4753 0.3029 0.1027 -0.3044 3.2433 7.0000 3.5624 0.0043 
30.9465 1.0000 2966.2249 0.3021 0.1018 -0.3046 3.2403 7.0000 3.6240 0.0044 
30.9369 1.0000 2965.9097 0.3038 0.1021 -0.3077 3.2448 7.0000 4.8922 0.0035 
30.9761 1.0000 2978.7522 0.3002 0.1022 -0.3028 3.2422 7.0000 4.5682 0.0035 
30.9387 1.0000 2963.7845 0.3045 0.1028 -0.3102 3.2381 7.0000 2.5064 0.0040 
30.9295 1.0000 2957.2688 0.3031 0.1030 -0.3070 3.2446 8.0000 3.5221 0.0038 
30.9502 1.0000 2966.8470 0.3006 0.1021 -0.3024 3.2417 7.0000 3.5620 0.0039 
30.9589 1.0000 2973.0895 0.3021 0.1042 -0.3002 3.2496 7.0000 3.5652 0.0039 
30.9361 1.0000 2960.1334 0.3050 0.1043 -0.3035 3.2453 6.0000 3.6046 0.0039 
30.9483 1.0000 2963.3664 0.3036 0.1037 -0.3040 3.2459 7.0000 3.6491 0.0039 
30.9626 1.0000 2972.1679 0.2994 0.1015 -0.3036 3.2430 7.0000 3.6057 0.0039 
30.9542 1.0000 2971.8652 0.3041 0.1026 -0.3071 3.2358 7.0000 2.5059 0.0039 
30.9506 1.0000 2971.2016 0.3018 0.1027 -0.3041 3.2427 7.0000 3.5652 0.0039 
30.9679 1.0000 2975.1601 0.2983 0.1010 -0.2998 3.2430 6.0000 3.6047 0.0039 
30.9777 1.0000 2978.5453 0.2999 0.1018 -0.2996 3.2388 7.0000 2.4654 0.0039 
30.9663 1.0000 2974.8938 0.3037 0.1012 -0.3109 3.2422 6.0000 2.2477 0.0039 
