30.5632 11.0000 2782.7647 0.3347 0.1424 -0.3087 2.9660 6.0000 2.9542 0.0171 
30.6106 11.0000 2843.5686 0.3341 0.1437 -0.2984 2.9640 5.0000 3.1180 0.0171 
30.5223 11.0000 2783.0539 0.3323 0.1461 -0.2993 2.9724 5.0000 3.4662 0.0171 
30.5741 11.0000 2813.2985 0.3330 0.1416 -0.3063 2.9649 5.0000 3.3776 0.0156 
30.6944 11.0000 2847.8170 0.3334 0.1452 -0.2926 2.9701 5.0000 3.4590 0.0171 
30.5833 11.0000 2801.5899 0.3316 0.1424 -0.3034 2.9720 6.0000 3.4665 0.0169 
30.5485 11.0000 2799.8268 0.3306 0.1433 -0.3026 2.9695 6.0000 3.5186 0.0156 
30.5708 11.0000 2817.0044 0.3248 0.1409 -0.2943 2.9656 6.0000 3.5222 0.0160 
30.6035 11.0000 2817.6264 0.3378 0.1427 -0.3065 2.9699 5.0000 3.4613 0.0171 
30.5670 11.0000 2817.5338 0.3409 0.1454 -0.3110 2.9702 5.0000 3.4155 0.0171 
30.5871 11.0000 2805.3056 0.3372 0.1451 -0.3079 2.9722 6.0000 2.9495 0.0142 
30.5975 11.0000 2812.4374 0.3330 0.1431 -0.3026 2.9683 6.0000 0.3959 0.0128 
30.6100 11.0000 2817.4929 0.3297 0.1407 -0.3024 2.9605 5.0000 0.5284 0.0176 
30.5626 11.0000 2795.6874 0.3304 0.1435 -0.3002 2.9709 6.0000 0.4364 0.0181 
30.6503 11.0000 2830.2130 0.3332 0.1424 -0.3006 2.9627 5.0000 1.0882 0.0173 
30.6176 11.0000 2818.2663 0.3284 0.1439 -0.2896 2.9702 6.0000 1.6269 0.0152 
30.6939 11.0000 2881.4924 0.3359 0.1413 -0.3033 2.9508 5.0000 2.6422 0.0152 
30.5474 11.0000 2795.5038 0.3309 0.1432 -0.3017 2.9709 6.0000 1.9599 0.0155 
30.5229 11.0000 2788.0610 0.3277 0.1431 -0.2924 2.9674 6.0000 2.0259 0.0155 
30.6122 11.0000 2807.3230 0.3313 0.1421 -0.3064 2.9694 5.0000 2.0546 0.0155 
30.4984 11.0000 2772.7484 0.3299 0.1431 -0.3000 2.9619 5.0000 1.9295 0.0155 
30.6405 11.0000 2831.9314 0.3354 0.1440 -0.3007 2.9709 5.0000 1.8485 0.0155 
30.5327 11.0000 2799.8159 0.3361 0.1429 -0.3074 2.9691 6.0000 0.6099 0.0161 
30.5479 11.0000 2787.8268 0.3371 0.1439 -0.3123 2.9738 6.0000 0.3979 0.0168 
30.5594 11.0000 2810.7113 0.3252 0.1418 -0.2901 2.9682 5.0000 0.5723 0.0146 
30.6215 11.0000 2820.0054 0.3317 0.1420 -0.3006 2.9628 5.0000 0.6142 0.0181 
30.6051 11.0000 2826.2315 0.3294 0.1404 -0.3002 2.9608 6.0000 0.7064 0.0157 
30.6111 11.0000 2824.1160 0.3339 0.1456 -0.2964 2.9633 5.0000 0.7472 0.0181 
30.5125 11.0000 2780.3911 0.3310 0.1419 -0.3003 2.9700 6.0000 0.9123 0.0189 
30.5240 11.0000 2792.9379 0.3324 0.1426 -0.3025 2.9661 5.0000 1.4159 0.0164 
30.5795 11.0000 2797.8889 0.3325 0.1453 -0.2979 2.9708 6.0000 1.3862 0.0189 
30.4951 11.0000 2788.6634 0.3370 0.1442 -0.3021 2.9721 5.0000 1.3578 0.0189 
30.5931 11.0000 2811.6356 0.3319 0.1424 -0.3006 2.9693 6.0000 1.2788 0.0189 
30.5730 11.0000 2810.0370 0.3342 0.1413 -0.3040 2.9682 6.0000 0.6138 0.0181 
30.6400 11.0000 2839.0207 0.3361 0.1422 -0.3041 2.9610 5.0000 0.4382 0.0159 
30.5327 11.0000 2794.1634 0.3317 0.1414 -0.3055 2.9657 5.0000 0.5712 0.0190 
30.5114 11.0000 2775.0550 0.3346 0.1445 -0.3041 2.9723 5.0000 1.0059 0.0160 
30.5550 11.0000 2798.5746 0.3309 0.1436 -0.2954 2.9709 5.0000 0.8783 0.0190 
30.6073 11.0000 2822.5142 0.3299 0.1419 -0.2931 2.9669 5.0000 0.9273 0.0150 
30.5087 11.0000 2770.8644 0.3319 0.1443 -0.3015 2.9670 5.0000 0.5741 0.0178 
30.5839 11.0000 2819.6258 0.3357 0.1452 -0.3037 2.9652 5.0000 0.7316 0.0189 
30.6084 11.0000 2815.6912 0.3414 0.1456 -0.3171 2.9715 5.0000 0.9507 0.0189 
30.5746 11.0000 2811.4711 0.3330 0.1429 -0.3021 2.9651 6.0000 1.0813 0.0189 
30.6367 11.0000 2830.5714 0.3377 0.1436 -0.3095 2.9608 5.0000 1.0556 0.0189 
30.5997 11.0000 2826.9575 0.3294 0.1414 -0.2994 2.9693 5.0000 0.9652 0.0189 
30.6285 11.0000 2819.1215 0.3346 0.1431 -0.3010 2.9681 5.0000 0.6125 0.0128 
30.5076 11.0000 2776.5153 0.3250 0.1401 -0.2952 2.9740 5.0000 0.5752 0.0163 
30.5599 11.0000 2800.9733 0.3293 0.1418 -0.2981 2.9732 5.0000 0.7889 0.0155 
30.5964 11.0000 2811.0959 0.3316 0.1422 -0.2942 2.9697 7.0000 0.6145 0.0181 
30.5430 11.0000 2788.3747 0.3300 0.1432 -0.2991 2.9740 5.0000 0.6165 0.0161 
30.5114 11.0000 2768.2473 0.3299 0.1406 -0.3040 2.9779 6.0000 0.6135 0.0152 
30.5714 11.0000 2815.6002 0.3264 0.1418 -0.2931 2.9698 5.0000 0.9948 0.0153 
30.5703 11.0000 2813.3905 0.3315 0.1410 -0.3053 2.9629 5.0000 1.4046 0.0153 
30.5163 11.0000 2773.9472 0.3259 0.1417 -0.2943 2.9712 6.0000 1.4011 0.0153 
30.5512 11.0000 2816.8807 0.3351 0.1440 -0.3030 2.9627 5.0000 1.3207 0.0153 
30.6939 11.0000 2850.1830 0.3330 0.1437 -0.2964 2.9700 5.0000 1.2739 0.0139 
30.5882 11.0000 2805.0980 0.3286 0.1418 -0.2981 2.9624 5.0000 0.6156 0.0151 
30.5354 11.0000 2794.3513 0.3331 0.1456 -0.3042 2.9741 6.0000 0.3982 0.0172 
30.6127 11.0000 2835.2876 0.3256 0.1412 -0.2901 2.9602 6.0000 0.6153 0.0161 
30.5953 11.0000 2821.8568 0.3355 0.1438 -0.3051 2.9673 5.0000 0.5733 0.0178 
30.6225 11.0000 2854.7544 0.3357 0.1420 -0.3010 2.9622 5.0000 0.6112 0.0144 
30.6171 11.0000 2822.6302 0.3345 0.1439 -0.3005 2.9647 5.0000 0.6151 0.0155 
30.6127 11.0000 2836.1166 0.3351 0.1414 -0.3053 2.9566 6.0000 0.6897 0.0171 
30.6607 11.0000 2846.7255 0.3289 0.1409 -0.2972 2.9568 5.0000 0.8176 0.0171 
30.5430 11.0000 2798.3519 0.3297 0.1408 -0.3056 2.9659 6.0000 0.9094 0.0171 
30.5261 11.0000 2789.7124 0.3376 0.1439 -0.3105 2.9650 5.0000 0.9254 0.0171 
30.5621 11.0000 2786.5882 0.3337 0.1442 -0.3081 2.9721 6.0000 0.7015 0.0171 
30.6242 11.0000 2821.0512 0.3326 0.1448 -0.2986 2.9712 6.0000 0.6160 0.0191 
30.5430 11.0000 2801.7353 0.3338 0.1405 -0.3062 2.9653 5.0000 0.4393 0.0147 
30.5931 11.0000 2823.8557 0.3286 0.1408 -0.2984 2.9559 5.0000 0.4388 0.0184 
30.6443 11.0000 2839.1906 0.3370 0.1439 -0.3012 2.9659 5.0000 0.6160 0.0141 
30.6117 11.0000 2822.3012 0.3311 0.1454 -0.2959 2.9769 5.0000 0.6157 0.0135 
30.5049 11.0000 2777.7827 0.3272 0.1421 -0.2991 2.9692 5.0000 0.6158 0.0161 
30.6362 11.0000 2835.6672 0.3338 0.1401 -0.3053 2.9660 6.0000 0.4357 0.0163 
30.5648 11.0000 2813.9080 0.3311 0.1430 -0.2972 2.9667 5.0000 0.6157 0.0169 
30.6035 11.0000 2838.6133 0.3286 0.1436 -0.2897 2.9618 5.0000 1.1151 0.0149 
30.6329 11.0000 2832.7244 0.3283 0.1435 -0.2922 2.9682 6.0000 1.2100 0.0149 
30.5768 11.0000 2817.2625 0.3294 0.1421 -0.2980 2.9746 6.0000 1.3148 0.0149 
30.5425 11.0000 2798.1166 0.3360 0.1441 -0.3079 2.9663 6.0000 1.2735 0.0148 
30.5240 11.0000 2778.3045 0.3294 0.1435 -0.2975 2.9744 5.0000 1.1434 0.0148 
30.6552 11.0000 2850.2288 0.3370 0.1446 -0.2989 2.9613 6.0000 0.6156 0.0158 
30.5866 11.0000 2819.5212 0.3224 0.1412 -0.2860 2.9654 6.0000 0.6156 0.0139 
30.6727 11.0000 2847.7456 0.3371 0.1456 -0.3077 2.9605 6.0000 0.4399 0.0163 
30.5942 11.0000 2816.5703 0.3277 0.1392 -0.2953 2.9629 5.0000 0.6168 0.0176 
30.5697 11.0000 2814.4248 0.3369 0.1462 -0.2995 2.9691 6.0000 0.6148 0.0187 
30.6296 11.0000 2845.2554 0.3364 0.1437 -0.3026 2.9657 6.0000 0.6937 0.0173 
30.6334 11.0000 2814.7342 0.3419 0.1475 -0.3105 2.9691 5.0000 0.7469 0.0145 
30.5169 11.0000 2777.7565 0.3364 0.1411 -0.3157 2.9684 5.0000 0.8582 0.0145 
30.5937 11.0000 2818.5991 0.3344 0.1459 -0.2930 2.9735 6.0000 0.9037 0.0145 
30.6057 11.0000 2813.0441 0.3335 0.1415 -0.3087 2.9751 6.0000 0.9943 0.0145 
30.6019 11.0000 2825.9178 0.3283 0.1389 -0.2981 2.9580 6.0000 0.9209 0.0192 
30.5866 11.0000 2806.7004 0.3276 0.1406 -0.2975 2.9632 5.0000 0.6088 0.0145 
30.6612 11.0000 2856.4935 0.3342 0.1450 -0.2932 2.9663 6.0000 0.4439 0.0153 
30.5501 11.0000 2801.1411 0.3366 0.1418 -0.3079 2.9672 5.0000 0.5647 0.0192 
30.5147 11.0000 2789.2467 0.3319 0.1447 -0.2960 2.9744 6.0000 0.6576 0.0192 
30.5566 11.0000 2797.2963 0.3397 0.1433 -0.3133 2.9714 5.0000 0.6150 0.0192 
30.6193 11.0000 2836.2288 0.3341 0.1416 -0.3005 2.9598 5.0000 0.6163 0.0192 
30.6432 11.0000 2839.0414 0.3368 0.1461 -0.2982 2.9725 6.0000 0.4399 0.0192 
30.5392 11.0000 2780.6710 0.3295 0.1417 -0.3000 2.9750 5.0000 1.0534 0.0192 
30.5000 11.0000 2778.0583 0.3270 0.1412 -0.2963 2.9663 6.0000 0.9887 0.0192 
