29.7729 11.0000 2567.4314 0.4493 0.2307 -0.3255 2.6354 5.0000 0.6283 0.0456 
29.9935 11.0000 2658.4902 0.4323 0.2260 -0.2957 2.6248 5.0000 0.5462 0.0398 
29.7255 11.0000 2570.7696 0.4179 0.2186 -0.2963 2.6410 5.0000 0.6322 0.0398 
29.8660 11.0000 2605.7500 0.4208 0.2254 -0.2868 2.6233 5.0000 0.6219 0.0398 
29.7435 11.0000 2544.2990 0.4178 0.2290 -0.2833 2.6350 4.0000 0.6728 0.0456 
29.9085 11.0000 2601.9935 0.4291 0.2353 -0.2848 2.6374 4.0000 0.6743 0.0456 
29.7663 11.0000 2577.9755 0.4239 0.2264 -0.2884 2.6264 5.0000 0.6796 0.0456 
29.8971 11.0000 2594.5719 0.4262 0.2293 -0.2940 2.6236 4.0000 0.6863 0.0456 
29.6814 11.0000 2542.9967 0.4128 0.2214 -0.2782 2.6264 5.0000 0.6849 0.0456 
29.6814 11.0000 2535.0507 0.4300 0.2342 -0.2926 2.6439 5.0000 0.6850 0.0456 
29.8725 11.0000 2587.8088 0.4441 0.2285 -0.3257 2.6204 5.0000 0.6684 0.0456 
29.7320 11.0000 2569.3203 0.4272 0.2193 -0.3184 2.6334 5.0000 0.1719 0.0519 
29.9379 11.0000 2619.2042 0.4107 0.2261 -0.2684 2.6345 5.0000 0.2507 0.0375 
29.9020 11.0000 2631.7353 0.4510 0.2316 -0.3102 2.6152 4.0000 0.5653 0.0405 
29.8725 11.0000 2584.2222 0.4090 0.2229 -0.2755 2.6395 4.0000 0.4599 0.0405 
29.8660 11.0000 2597.4886 0.4226 0.2286 -0.2825 2.6344 5.0000 0.5973 0.0359 
29.8301 11.0000 2604.2533 0.4305 0.2244 -0.3069 2.6234 4.0000 0.4318 0.0405 
29.9853 11.0000 2638.8627 0.4308 0.2299 -0.2881 2.6379 5.0000 0.5679 0.0359 
29.8725 11.0000 2592.6520 0.4336 0.2276 -0.3052 2.6302 4.0000 0.5567 0.0405 
30.0180 11.0000 2653.1095 0.4011 0.2220 -0.2506 2.6136 5.0000 0.4998 0.0359 
29.5539 11.0000 2498.7565 0.4235 0.2240 -0.2989 2.6481 5.0000 0.5640 0.0387 
29.7582 11.0000 2548.0082 0.4301 0.2305 -0.3032 2.6334 5.0000 0.4571 0.0359 
29.9624 11.0000 2630.8693 0.4339 0.2295 -0.3002 2.6185 5.0000 0.0780 0.0359 
29.8758 11.0000 2594.7402 0.4298 0.2280 -0.2985 2.6248 5.0000 0.1305 0.0387 
30.0082 11.0000 2652.3235 0.4258 0.2246 -0.2893 2.6153 5.0000 0.1773 0.0425 
29.6977 11.0000 2542.8676 0.4174 0.2238 -0.2847 2.6248 5.0000 0.3522 0.0392 
29.9297 11.0000 2616.2092 0.4128 0.2282 -0.2663 2.6252 4.0000 0.3562 0.0392 
29.7794 11.0000 2591.9314 0.4185 0.2304 -0.2697 2.6206 4.0000 0.3918 0.0388 
29.7516 11.0000 2568.0278 0.4223 0.2240 -0.2910 2.6438 5.0000 0.3902 0.0392 
29.8382 11.0000 2621.1732 0.4187 0.2247 -0.2817 2.6243 4.0000 0.5693 0.0502 
29.7892 11.0000 2561.7958 0.4384 0.2317 -0.3093 2.6320 4.0000 0.5625 0.0458 
29.7565 11.0000 2568.0180 0.4076 0.2308 -0.2490 2.6364 5.0000 0.5233 0.0502 
29.7435 11.0000 2555.5114 0.4176 0.2243 -0.2931 2.6328 4.0000 0.4345 0.0436 
29.9297 11.0000 2611.0964 0.4402 0.2268 -0.3232 2.6163 4.0000 0.3098 0.0458 
29.8186 11.0000 2560.6552 0.4355 0.2274 -0.3171 2.6325 5.0000 0.0932 0.0448 
29.7892 11.0000 2579.6422 0.4291 0.2225 -0.3076 2.6278 5.0000 0.1306 0.0437 
29.9134 11.0000 2632.1275 0.4378 0.2280 -0.3107 2.6127 5.0000 0.0923 0.0448 
29.9265 11.0000 2628.5801 0.4268 0.2228 -0.2941 2.6286 5.0000 0.1325 0.0361 
29.6013 11.0000 2512.0016 0.4133 0.2239 -0.2828 2.6429 5.0000 0.3064 0.0518 
29.7255 11.0000 2571.9085 0.4300 0.2276 -0.2978 2.6296 5.0000 0.2624 0.0433 
29.7500 11.0000 2561.2647 0.4223 0.2264 -0.2840 2.6454 5.0000 0.3481 0.0518 
30.0359 11.0000 2654.3056 0.4236 0.2293 -0.2779 2.6114 5.0000 0.3424 0.0439 
29.7402 11.0000 2573.8203 0.4313 0.2266 -0.3080 2.6270 4.0000 0.3455 0.0395 
29.9379 11.0000 2619.1863 0.4345 0.2315 -0.3019 2.6275 5.0000 0.3367 0.0518 
29.7549 11.0000 2590.7108 0.4260 0.2251 -0.2980 2.6303 5.0000 0.2538 0.0453 
29.7843 11.0000 2578.4412 0.4164 0.2288 -0.2786 2.6111 5.0000 0.1155 0.0439 
30.0033 11.0000 2629.7484 0.4260 0.2288 -0.2868 2.6157 5.0000 0.1537 0.0439 
29.8039 11.0000 2586.5931 0.4269 0.2222 -0.3100 2.6250 4.0000 0.1263 0.0416 
29.7958 11.0000 2567.0801 0.4134 0.2255 -0.2809 2.6208 5.0000 0.1226 0.0434 
29.5556 11.0000 2506.6683 0.4172 0.2271 -0.2842 2.6476 5.0000 0.0901 0.0409 
29.9052 11.0000 2622.4428 0.4311 0.2223 -0.3063 2.6079 4.0000 0.2188 0.0449 
29.7402 11.0000 2566.3807 0.4262 0.2256 -0.2989 2.6307 5.0000 0.2202 0.0449 
29.7794 11.0000 2572.9575 0.4302 0.2277 -0.3066 2.6344 5.0000 0.2191 0.0440 
29.7222 11.0000 2555.3399 0.4254 0.2291 -0.2941 2.6269 5.0000 0.3473 0.0434 
29.8448 11.0000 2601.2337 0.4412 0.2309 -0.3150 2.6382 5.0000 0.3427 0.0447 
29.9902 11.0000 2630.2663 0.4326 0.2340 -0.2902 2.6271 5.0000 0.3926 0.0375 
29.7941 11.0000 2566.4592 0.4305 0.2280 -0.2998 2.6374 5.0000 0.3894 0.0434 
29.5915 11.0000 2497.6356 0.4232 0.2302 -0.2958 2.6496 5.0000 0.3466 0.0447 
29.8529 11.0000 2598.8742 0.4081 0.2228 -0.2662 2.6238 5.0000 0.2173 0.0523 
29.8660 11.0000 2612.2729 0.4336 0.2206 -0.3114 2.6236 5.0000 0.1689 0.0375 
29.7516 11.0000 2563.6111 0.4198 0.2206 -0.2917 2.6251 4.0000 0.1242 0.0460 
29.7761 11.0000 2565.6242 0.4205 0.2307 -0.2852 2.6350 5.0000 0.1279 0.0469 
29.8399 11.0000 2578.4886 0.4260 0.2273 -0.3001 2.6313 4.0000 0.2162 0.0453 
29.7941 11.0000 2570.8546 0.4502 0.2358 -0.3081 2.6419 5.0000 0.2175 0.0453 
29.7565 11.0000 2576.3775 0.4189 0.2263 -0.2879 2.6287 4.0000 0.1288 0.0453 
29.9069 11.0000 2611.7680 0.4364 0.2267 -0.3083 2.6212 4.0000 0.4599 0.0409 
29.5425 11.0000 2511.8480 0.4143 0.2232 -0.2854 2.6427 5.0000 0.1288 0.0441 
29.9641 11.0000 2635.8137 0.4173 0.2242 -0.2838 2.6200 5.0000 0.0843 0.0441 
29.7206 11.0000 2591.0817 0.4167 0.2243 -0.2746 2.6307 4.0000 0.2570 0.0350 
29.6846 11.0000 2538.3807 0.4111 0.2225 -0.2753 2.6340 5.0000 0.2936 0.0350 
29.8105 11.0000 2591.7157 0.4258 0.2316 -0.2856 2.6353 4.0000 0.2983 0.0350 
29.6944 11.0000 2539.0163 0.4415 0.2327 -0.3167 2.6470 5.0000 0.1303 0.0381 
29.7402 11.0000 2553.5556 0.4298 0.2239 -0.3045 2.6256 5.0000 0.1267 0.0409 
29.6144 11.0000 2521.1242 0.4288 0.2284 -0.3026 2.6354 5.0000 0.2141 0.0468 
29.9788 11.0000 2628.8611 0.4241 0.2162 -0.3047 2.6090 5.0000 0.2560 0.0468 
29.7745 11.0000 2567.0866 0.4260 0.2270 -0.3007 2.6332 5.0000 0.2534 0.0478 
29.7304 11.0000 2562.6879 0.4175 0.2252 -0.2843 2.6369 5.0000 0.1244 0.0398 
30.0359 11.0000 2662.8889 0.4314 0.2271 -0.2951 2.6141 5.0000 0.1193 0.0398 
29.9461 11.0000 2622.9314 0.4348 0.2264 -0.3061 2.6223 5.0000 0.1242 0.0380 
29.8137 11.0000 2601.7810 0.4100 0.2257 -0.2642 2.6212 5.0000 0.2076 0.0380 
29.7484 11.0000 2606.0000 0.4255 0.2244 -0.2839 2.6392 5.0000 0.1740 0.0405 
29.8660 11.0000 2598.9804 0.4204 0.2256 -0.2846 2.6229 5.0000 0.1712 0.0409 
29.6683 11.0000 2547.6879 0.4185 0.2235 -0.2889 2.6217 4.0000 0.1330 0.0295 
29.8088 11.0000 2577.3513 0.4299 0.2296 -0.3047 2.6299 5.0000 0.1712 0.0421 
29.6977 11.0000 2563.5997 0.4176 0.2234 -0.2921 2.6239 5.0000 0.0877 0.0409 
30.0049 11.0000 2641.2582 0.4277 0.2291 -0.2932 2.6238 5.0000 0.1710 0.0434 
29.8954 11.0000 2618.1487 0.4307 0.2258 -0.2980 2.6167 5.0000 0.1299 0.0434 
29.9820 11.0000 2650.2059 0.4397 0.2310 -0.3017 2.6191 5.0000 0.1359 0.0355 
29.9477 11.0000 2614.3333 0.4385 0.2282 -0.3141 2.6179 4.0000 0.1326 0.0355 
29.8775 11.0000 2611.6863 0.4286 0.2272 -0.2935 2.6195 5.0000 0.0924 0.0417 
29.8660 11.0000 2605.9559 0.4125 0.2245 -0.2712 2.6275 4.0000 0.1742 0.0417 
29.8301 11.0000 2577.4542 0.4263 0.2238 -0.3028 2.6354 5.0000 0.2155 0.0417 
29.8186 11.0000 2577.3693 0.4364 0.2275 -0.3104 2.6295 5.0000 0.1752 0.0417 
30.0261 11.0000 2645.0163 0.4423 0.2334 -0.3084 2.6179 5.0000 0.1713 0.0417 
30.1944 11.0000 2706.7582 0.4347 0.2255 -0.2999 2.5990 5.0000 0.0905 0.0371 
29.7925 11.0000 2571.1209 0.4211 0.2305 -0.2864 2.6391 4.0000 0.1282 0.0417 
30.0752 11.0000 2662.4559 0.4380 0.2291 -0.3007 2.6274 4.0000 0.1316 0.0417 
30.0196 11.0000 2643.3056 0.4101 0.2238 -0.2655 2.6255 4.0000 0.0910 0.0417 
29.9755 11.0000 2639.0245 0.4136 0.2246 -0.2734 2.6196 5.0000 0.1327 0.0417 
29.8431 11.0000 2603.4477 0.4405 0.2343 -0.2919 2.6282 5.0000 0.1338 0.0417 
