30.5795 11.0000 2824.5076 0.4335 0.2120 -0.2508 3.0276 5.0000 2.7064 0.0158 
30.4662 11.0000 2784.7146 0.4403 0.2115 -0.2667 3.0214 5.0000 2.8564 0.0161 
30.5120 11.0000 2769.2407 0.4226 0.2107 -0.2450 3.0347 5.0000 2.8142 0.0149 
30.6492 11.0000 2849.7397 0.4386 0.2146 -0.2510 3.0270 6.0000 2.5349 0.0127 
30.5670 11.0000 2826.0468 0.4326 0.2101 -0.2563 3.0165 6.0000 2.8538 0.0160 
30.5109 11.0000 2789.6078 0.4361 0.2112 -0.2591 3.0292 6.0000 2.8112 0.0127 
30.5844 11.0000 2821.9515 0.4458 0.2143 -0.2652 3.0348 5.0000 2.6140 0.0185 
30.6182 11.0000 2845.2778 0.4342 0.2154 -0.2452 3.0293 6.0000 2.7490 0.0160 
30.7467 11.0000 2887.2135 0.4393 0.2164 -0.2387 3.0245 5.0000 2.4632 0.0129 
30.6449 11.0000 2848.3698 0.4490 0.2121 -0.2596 3.0284 5.0000 2.7088 0.0184 
30.5223 11.0000 2800.0267 0.4405 0.2173 -0.2502 3.0294 6.0000 2.8984 0.0160 
30.5261 11.0000 2792.5861 0.4414 0.2135 -0.2643 3.0263 6.0000 0.3511 0.0155 
30.6291 11.0000 2826.5784 0.4299 0.2078 -0.2520 3.0243 6.0000 0.4832 0.0162 
30.6912 11.0000 2879.2064 0.4399 0.2158 -0.2417 3.0255 5.0000 0.4421 0.0153 
30.5942 11.0000 2825.5403 0.4376 0.2141 -0.2497 3.0184 6.0000 0.4868 0.0202 
30.6966 11.0000 2875.0071 0.4310 0.2104 -0.2377 3.0180 6.0000 0.4793 0.0202 
30.6040 11.0000 2817.2315 0.4242 0.2097 -0.2345 3.0252 6.0000 0.4834 0.0151 
30.5648 11.0000 2823.0398 0.4360 0.2130 -0.2485 3.0331 6.0000 0.6170 0.0189 
30.5959 11.0000 2811.1225 0.4361 0.2124 -0.2566 3.0460 6.0000 0.6157 0.0160 
30.6100 11.0000 2846.1596 0.4354 0.2098 -0.2525 3.0217 5.0000 0.7347 0.0139 
30.5664 11.0000 2809.0305 0.4336 0.2134 -0.2423 3.0208 5.0000 0.8365 0.0139 
30.6133 11.0000 2818.0833 0.4296 0.2113 -0.2418 3.0214 6.0000 0.7907 0.0171 
30.5899 11.0000 2824.5763 0.4409 0.2114 -0.2641 3.0243 6.0000 0.3518 0.0189 
30.6176 11.0000 2844.8725 0.4344 0.2072 -0.2595 3.0136 5.0000 0.4851 0.0185 
30.4717 11.0000 2773.3775 0.4420 0.2152 -0.2657 3.0319 6.0000 0.5257 0.0154 
30.5833 11.0000 2815.5773 0.4305 0.2096 -0.2495 3.0187 6.0000 0.4824 0.0153 
30.6231 11.0000 2830.8687 0.4432 0.2104 -0.2663 3.0135 5.0000 0.4447 0.0153 
30.5103 11.0000 2772.2478 0.4410 0.2164 -0.2574 3.0421 5.0000 0.5268 0.0179 
30.5980 11.0000 2858.5408 0.4295 0.2102 -0.2399 3.0185 6.0000 0.4331 0.0143 
30.6607 11.0000 2864.5408 0.4409 0.2163 -0.2492 3.0359 5.0000 0.5663 0.0158 
30.6596 11.0000 2857.6111 0.4329 0.2100 -0.2474 3.0210 5.0000 0.6139 0.0158 
30.5626 11.0000 2794.2151 0.4280 0.2107 -0.2493 3.0235 5.0000 0.6452 0.0200 
30.6993 11.0000 2892.8088 0.4320 0.2094 -0.2351 3.0252 5.0000 0.6049 0.0153 
30.6492 11.0000 2846.7974 0.4329 0.2124 -0.2467 3.0239 6.0000 0.5717 0.0154 
30.5218 11.0000 2789.3758 0.4300 0.2114 -0.2433 3.0273 6.0000 0.3945 0.0126 
30.6160 11.0000 2828.8655 0.4375 0.2153 -0.2429 3.0225 5.0000 0.5195 0.0161 
30.6193 11.0000 2838.3192 0.4338 0.2141 -0.2478 3.0245 6.0000 0.5263 0.0168 
30.7609 11.0000 2887.2364 0.4327 0.2123 -0.2440 3.0162 6.0000 0.4837 0.0162 
30.5387 11.0000 2795.7887 0.4288 0.2125 -0.2402 3.0261 6.0000 0.4882 0.0162 
30.6019 11.0000 2803.7484 0.4403 0.2118 -0.2694 3.0142 6.0000 0.5273 0.0191 
30.4771 11.0000 2782.3704 0.4317 0.2123 -0.2492 3.0310 6.0000 0.5740 0.0191 
30.6171 11.0000 2822.2620 0.4385 0.2149 -0.2576 3.0368 5.0000 0.6922 0.0186 
30.6144 11.0000 2848.2141 0.4435 0.2129 -0.2604 3.0090 5.0000 0.4814 0.0191 
30.5550 11.0000 2826.6988 0.4307 0.2107 -0.2394 3.0213 5.0000 0.5154 0.0191 
30.7004 11.0000 2866.1280 0.4286 0.2055 -0.2431 3.0092 5.0000 0.5220 0.0156 
30.5724 11.0000 2830.6890 0.4286 0.2119 -0.2318 3.0231 6.0000 0.3938 0.0191 
30.5937 11.0000 2836.9657 0.4282 0.2098 -0.2417 3.0165 6.0000 0.3930 0.0128 
30.5915 11.0000 2849.4428 0.4260 0.2091 -0.2412 3.0190 5.0000 0.5229 0.0179 
30.5730 11.0000 2817.4548 0.4331 0.2122 -0.2452 3.0197 5.0000 0.5252 0.0156 
30.5038 11.0000 2794.7190 0.4368 0.2171 -0.2463 3.0387 5.0000 0.4814 0.0203 
30.5191 11.0000 2801.5425 0.4448 0.2079 -0.2813 3.0233 5.0000 1.1756 0.0187 
30.5038 11.0000 2784.0180 0.4297 0.2120 -0.2479 3.0306 5.0000 1.3053 0.0187 
30.6100 11.0000 2839.4864 0.4364 0.2104 -0.2620 3.0275 5.0000 1.2141 0.0206 
30.5425 11.0000 2809.3361 0.4479 0.2127 -0.2804 3.0304 5.0000 1.0017 0.0206 
30.6193 11.0000 2837.9581 0.4411 0.2124 -0.2593 3.0336 5.0000 1.0052 0.0206 
30.5501 11.0000 2794.0915 0.4358 0.2120 -0.2554 3.0345 6.0000 0.9232 0.0206 
30.6923 11.0000 2889.6144 0.4317 0.2081 -0.2466 3.0038 6.0000 0.7460 0.0172 
30.5403 11.0000 2785.0419 0.4373 0.2107 -0.2603 3.0262 6.0000 0.3918 0.0172 
30.5169 11.0000 2794.4995 0.4305 0.2096 -0.2562 3.0243 6.0000 0.5273 0.0155 
30.6106 11.0000 2825.4216 0.4434 0.2107 -0.2700 3.0166 6.0000 0.5279 0.0173 
30.4695 11.0000 2755.6405 0.4407 0.2186 -0.2560 3.0369 6.0000 0.5229 0.0177 
30.5174 11.0000 2799.2723 0.4439 0.2159 -0.2645 3.0331 5.0000 0.4853 0.0153 
30.4597 11.0000 2750.0583 0.4408 0.2134 -0.2607 3.0247 6.0000 0.5252 0.0158 
30.5621 11.0000 2788.0300 0.4445 0.2163 -0.2700 3.0344 6.0000 0.6446 0.0158 
30.4809 11.0000 2778.5735 0.4266 0.2110 -0.2471 3.0233 6.0000 0.8291 0.0158 
30.5757 11.0000 2818.6988 0.4353 0.2096 -0.2595 3.0190 5.0000 1.0037 0.0158 
30.6166 11.0000 2816.5338 0.4389 0.2145 -0.2645 3.0195 5.0000 0.9588 0.0158 
30.5605 11.0000 2804.1481 0.4449 0.2132 -0.2677 3.0252 5.0000 0.8375 0.0158 
30.6117 11.0000 2819.8932 0.4256 0.2070 -0.2540 3.0156 5.0000 0.4871 0.0183 
30.5577 11.0000 2832.4902 0.4312 0.2135 -0.2397 3.0319 6.0000 0.3925 0.0139 
30.5468 11.0000 2823.4771 0.4404 0.2138 -0.2551 3.0224 5.0000 0.5288 0.0180 
30.6176 11.0000 2868.8420 0.4419 0.2184 -0.2425 3.0138 6.0000 0.5241 0.0179 
30.6035 11.0000 2834.5969 0.4335 0.2118 -0.2498 3.0415 6.0000 0.4859 0.0181 
30.6019 11.0000 2851.5773 0.4329 0.2134 -0.2358 3.0323 5.0000 0.5689 0.0155 
30.6035 11.0000 2838.9924 0.4396 0.2129 -0.2520 3.0228 6.0000 0.5697 0.0145 
30.6492 11.0000 2861.6645 0.4398 0.2166 -0.2441 3.0236 5.0000 0.5811 0.0174 
30.6373 11.0000 2835.8246 0.4262 0.2062 -0.2421 3.0099 6.0000 0.9443 0.0174 
30.7037 11.0000 2879.8121 0.4407 0.2127 -0.2453 3.0266 6.0000 0.9594 0.0174 
30.6601 11.0000 2875.6972 0.4378 0.2103 -0.2586 3.0211 5.0000 0.8744 0.0174 
30.5283 11.0000 2809.7876 0.4312 0.2077 -0.2441 3.0229 5.0000 0.3917 0.0186 
30.5376 11.0000 2827.1879 0.4481 0.2118 -0.2681 3.0214 5.0000 0.5669 0.0176 
30.5202 11.0000 2788.1454 0.4337 0.2133 -0.2481 3.0292 6.0000 0.5281 0.0169 
30.5392 11.0000 2779.3551 0.4391 0.2187 -0.2529 3.0403 6.0000 0.3941 0.0139 
30.5343 11.0000 2791.3214 0.4331 0.2162 -0.2441 3.0297 6.0000 0.4868 0.0167 
30.6127 11.0000 2848.2663 0.4257 0.2078 -0.2454 3.0161 6.0000 0.5258 0.0167 
30.6427 11.0000 2861.6111 0.4327 0.2104 -0.2445 3.0292 6.0000 0.5643 0.0156 
30.5545 11.0000 2810.7402 0.4327 0.2097 -0.2578 3.0194 5.0000 0.5306 0.0139 
30.5893 11.0000 2822.8747 0.4380 0.2142 -0.2481 3.0257 6.0000 0.6911 0.0144 
30.6296 11.0000 2847.0060 0.4368 0.2169 -0.2355 3.0331 6.0000 0.8259 0.0144 
30.5381 11.0000 2812.5724 0.4218 0.2084 -0.2391 3.0233 5.0000 0.7784 0.0144 
30.5501 11.0000 2805.0060 0.4297 0.2096 -0.2538 3.0133 6.0000 0.7462 0.0151 
30.5708 11.0000 2829.9542 0.4354 0.2132 -0.2466 3.0105 5.0000 0.5669 0.0151 
30.6596 11.0000 2855.5654 0.4400 0.2134 -0.2633 3.0302 6.0000 0.5296 0.0151 
30.5752 11.0000 2820.4052 0.4414 0.2140 -0.2623 3.0326 5.0000 0.3940 0.0152 
30.6302 11.0000 2868.9069 0.4232 0.2058 -0.2371 3.0135 5.0000 0.5694 0.0151 
30.6089 11.0000 2810.3099 0.4451 0.2172 -0.2615 3.0278 5.0000 0.5719 0.0151 
30.6590 11.0000 2851.1934 0.4315 0.2094 -0.2506 3.0159 6.0000 0.5291 0.0151 
30.6220 11.0000 2849.2326 0.4337 0.2097 -0.2461 3.0360 6.0000 0.5292 0.0151 
30.6460 11.0000 2848.9123 0.4311 0.2072 -0.2592 3.0216 6.0000 0.4812 0.0151 
30.6236 11.0000 2850.4434 0.4327 0.2141 -0.2388 3.0172 6.0000 0.4796 0.0151 
