31.0041 1.0000 2988.6157 0.2604 0.0797 -0.3032 3.2803 8.0000 34.4939 0.0031 
30.9954 1.0000 2984.9147 0.2637 0.0815 -0.3070 3.2821 8.0000 34.5426 0.0030 
30.9997 1.0000 2985.2650 0.2580 0.0793 -0.3035 3.2775 8.0000 33.9664 0.0030 
30.9984 1.0000 2985.7252 0.2605 0.0794 -0.3051 3.2813 7.0000 34.5388 0.0031 
31.0113 1.0000 2991.1093 0.2585 0.0807 -0.2980 3.2855 7.0000 35.0221 0.0027 
30.9967 1.0000 2984.2382 0.2619 0.0810 -0.3030 3.2879 7.0000 31.7235 0.0028 
30.9912 1.0000 2983.5897 0.2585 0.0796 -0.3026 3.2823 8.0000 32.2502 0.0030 
30.9948 1.0000 2984.7412 0.2597 0.0801 -0.3011 3.2813 7.0000 35.0635 0.0028 
30.9980 1.0000 2985.6987 0.2583 0.0778 -0.3047 3.2761 7.0000 32.1652 0.0028 
30.9882 1.0000 2980.9817 0.2598 0.0806 -0.3023 3.2826 7.0000 32.8689 0.0033 
31.0041 1.0000 2988.0211 0.2610 0.0792 -0.3065 3.2780 7.0000 32.4264 0.0032 
30.9877 1.0000 2981.6190 0.2608 0.0797 -0.3045 3.2844 8.0000 5.1050 0.0029 
30.9992 1.0000 2986.0936 0.2584 0.0792 -0.3054 3.2785 7.0000 4.6156 0.0022 
30.9897 1.0000 2980.2209 0.2565 0.0794 -0.3011 3.2844 8.0000 4.2740 0.0025 
30.9980 1.0000 2985.5572 0.2597 0.0801 -0.3031 3.2840 8.0000 5.6317 0.0029 
31.0029 1.0000 2988.0288 0.2578 0.0790 -0.3036 3.2829 7.0000 5.7985 0.0029 
30.9848 1.0000 2980.4402 0.2591 0.0798 -0.3056 3.2850 7.0000 4.8406 0.0028 
30.9938 1.0000 2983.7402 0.2562 0.0790 -0.3023 3.2831 8.0000 5.0990 0.0022 
31.0127 1.0000 2991.8034 0.2569 0.0796 -0.2993 3.2825 7.0000 7.2136 0.0027 
30.9984 1.0000 2984.3198 0.2587 0.0806 -0.3013 3.2873 7.0000 7.3002 0.0023 
30.9972 1.0000 2985.7190 0.2583 0.0800 -0.3017 3.2854 7.0000 6.3080 0.0029 
30.9953 1.0000 2984.5265 0.2589 0.0796 -0.3055 3.2878 7.0000 6.6635 0.0029 
30.9850 1.0000 2980.7056 0.2600 0.0800 -0.3045 3.2837 7.0000 8.6467 0.0031 
31.0085 1.0000 2989.8518 0.2581 0.0787 -0.3037 3.2781 8.0000 9.1895 0.0027 
30.9958 1.0000 2983.1598 0.2630 0.0811 -0.3050 3.2849 8.0000 7.5621 0.0027 
31.0005 1.0000 2985.8820 0.2559 0.0781 -0.3017 3.2825 7.0000 5.1874 0.0031 
31.0168 1.0000 2993.4730 0.2582 0.0786 -0.3049 3.2799 8.0000 5.3621 0.0028 
30.9995 1.0000 2987.5479 0.2593 0.0800 -0.3021 3.2783 7.0000 5.0338 0.0028 
31.0021 1.0000 2987.7391 0.2575 0.0803 -0.2996 3.2817 7.0000 4.9664 0.0032 
31.0141 1.0000 2992.8183 0.2558 0.0777 -0.3019 3.2804 7.0000 5.2328 0.0029 
30.9982 1.0000 2986.0376 0.2564 0.0793 -0.3022 3.2816 7.0000 5.3681 0.0037 
30.9967 1.0000 2984.8502 0.2573 0.0801 -0.3002 3.2846 7.0000 6.4860 0.0020 
30.9910 1.0000 2983.9144 0.2569 0.0781 -0.3024 3.2814 7.0000 6.6282 0.0020 
31.0041 1.0000 2988.9711 0.2614 0.0802 -0.3054 3.2828 7.0000 5.3866 0.0027 
30.9891 1.0000 2981.7557 0.2582 0.0792 -0.3038 3.2822 7.0000 5.3978 0.0026 
30.9900 1.0000 2981.5593 0.2591 0.0798 -0.3042 3.2807 7.0000 5.4859 0.0027 
30.9864 1.0000 2980.1348 0.2570 0.0797 -0.3013 3.2893 8.0000 3.8695 0.0029 
30.9958 1.0000 2984.8462 0.2573 0.0803 -0.2994 3.2841 7.0000 5.0899 0.0029 
30.9993 1.0000 2985.0253 0.2600 0.0791 -0.3062 3.2819 8.0000 5.1009 0.0029 
31.0034 1.0000 2987.7685 0.2589 0.0796 -0.3038 3.2873 7.0000 5.9346 0.0030 
30.9717 1.0000 2976.0559 0.2558 0.0785 -0.3006 3.2831 7.0000 6.0693 0.0030 
31.0242 1.0000 2995.9054 0.2562 0.0795 -0.3001 3.2889 8.0000 5.4546 0.0030 
31.0134 1.0000 2991.8938 0.2576 0.0796 -0.2997 3.2803 7.0000 9.8532 0.0030 
30.9954 1.0000 2983.2132 0.2588 0.0799 -0.3016 3.2840 8.0000 9.8557 0.0030 
31.0042 1.0000 2986.9154 0.2560 0.0780 -0.3018 3.2832 8.0000 3.7420 0.0031 
31.0028 1.0000 2987.0900 0.2552 0.0775 -0.3021 3.2809 8.0000 5.3096 0.0030 
31.0060 1.0000 2989.7943 0.2583 0.0799 -0.3026 3.2801 7.0000 5.1892 0.0035 
30.9959 1.0000 2984.2194 0.2586 0.0798 -0.3030 3.2803 7.0000 5.2763 0.0033 
30.9855 1.0000 2979.7802 0.2590 0.0795 -0.3045 3.2857 7.0000 5.1498 0.0029 
30.9926 1.0000 2983.4864 0.2564 0.0795 -0.3006 3.2836 7.0000 5.3994 0.0033 
31.0105 1.0000 2990.9162 0.2555 0.0771 -0.3017 3.2798 8.0000 6.7184 0.0027 
30.9995 1.0000 2985.4784 0.2572 0.0785 -0.3025 3.2804 8.0000 6.4363 0.0031 
30.9922 1.0000 2984.0704 0.2603 0.0788 -0.3065 3.2817 7.0000 6.8182 0.0031 
31.0031 1.0000 2987.9216 0.2562 0.0792 -0.2985 3.2814 7.0000 6.5632 0.0024 
30.9918 1.0000 2982.3920 0.2584 0.0796 -0.3023 3.2825 7.0000 5.9244 0.0030 
30.9775 1.0000 2977.0525 0.2594 0.0802 -0.3008 3.2862 7.0000 5.4119 0.0035 
30.9922 1.0000 2983.6660 0.2600 0.0802 -0.3021 3.2848 8.0000 4.9410 0.0031 
30.9835 1.0000 2978.1510 0.2584 0.0795 -0.3026 3.2866 8.0000 5.4107 0.0027 
30.9964 1.0000 2984.7547 0.2594 0.0787 -0.3050 3.2800 7.0000 5.4815 0.0024 
30.9837 1.0000 2980.4243 0.2584 0.0793 -0.3037 3.2822 7.0000 3.9117 0.0028 
31.0023 1.0000 2987.1438 0.2556 0.0788 -0.2994 3.2794 7.0000 5.4720 0.0028 
30.9922 1.0000 2983.6874 0.2596 0.0784 -0.3074 3.2831 7.0000 5.3511 0.0030 
30.9895 1.0000 2982.9632 0.2591 0.0797 -0.3046 3.2803 7.0000 5.1924 0.0035 
31.0123 1.0000 2991.3029 0.2582 0.0789 -0.3027 3.2792 7.0000 6.5933 0.0029 
31.0131 1.0000 2991.8567 0.2593 0.0800 -0.3040 3.2794 7.0000 6.8494 0.0033 
30.9794 1.0000 2978.3253 0.2580 0.0801 -0.3024 3.2830 7.0000 5.4093 0.0027 
30.9905 1.0000 2983.6624 0.2596 0.0789 -0.3049 3.2798 8.0000 5.3838 0.0027 
31.0033 1.0000 2988.0275 0.2578 0.0782 -0.3069 3.2827 7.0000 5.5345 0.0031 
31.0124 1.0000 2991.1456 0.2589 0.0792 -0.3038 3.2829 7.0000 5.4484 0.0028 
31.0003 1.0000 2987.5812 0.2593 0.0788 -0.3053 3.2791 7.0000 5.3903 0.0028 
30.9997 1.0000 2986.0021 0.2603 0.0789 -0.3064 3.2784 8.0000 5.4479 0.0033 
30.9946 1.0000 2984.5227 0.2574 0.0789 -0.3032 3.2842 7.0000 5.4654 0.0030 
30.9956 1.0000 2983.9637 0.2586 0.0797 -0.3049 3.2821 8.0000 3.8721 0.0029 
30.9768 1.0000 2976.5234 0.2592 0.0798 -0.3031 3.2886 7.0000 5.3056 0.0032 
30.9843 1.0000 2978.9431 0.2582 0.0782 -0.3062 3.2754 7.0000 5.4858 0.0030 
31.0038 1.0000 2989.9748 0.2592 0.0787 -0.3048 3.2813 7.0000 5.2772 0.0026 
31.0044 1.0000 2988.8848 0.2610 0.0799 -0.3057 3.2798 7.0000 5.5085 0.0026 
30.9910 1.0000 2983.1422 0.2568 0.0797 -0.3003 3.2829 8.0000 5.5388 0.0035 
31.0013 1.0000 2987.8069 0.2603 0.0808 -0.3006 3.2829 7.0000 5.4956 0.0026 
31.0010 1.0000 2986.7475 0.2610 0.0799 -0.3044 3.2838 8.0000 5.4531 0.0030 
30.9959 1.0000 2985.0801 0.2580 0.0799 -0.3027 3.2806 7.0000 5.4523 0.0027 
30.9943 1.0000 2984.4446 0.2602 0.0800 -0.3026 3.2862 7.0000 4.0400 0.0029 
30.9833 1.0000 2979.1209 0.2608 0.0799 -0.3050 3.2820 7.0000 5.4101 0.0028 
30.9931 1.0000 2983.0905 0.2611 0.0803 -0.3064 3.2849 7.0000 5.5788 0.0030 
30.9876 1.0000 2980.5077 0.2598 0.0798 -0.3028 3.2839 7.0000 3.8286 0.0033 
31.0062 1.0000 2989.0552 0.2577 0.0801 -0.3001 3.2815 7.0000 5.4440 0.0027 
31.0069 1.0000 2989.5644 0.2556 0.0806 -0.2962 3.2865 7.0000 5.5763 0.0033 
30.9786 1.0000 2977.1208 0.2590 0.0805 -0.3012 3.2877 6.0000 5.4951 0.0029 
31.0044 1.0000 2987.6243 0.2577 0.0793 -0.3016 3.2846 8.0000 5.6286 0.0032 
31.0056 1.0000 2989.1250 0.2590 0.0796 -0.3026 3.2822 7.0000 3.7829 0.0032 
30.9944 1.0000 2983.3551 0.2599 0.0801 -0.3033 3.2855 7.0000 5.5922 0.0036 
30.9961 1.0000 2985.1806 0.2590 0.0802 -0.3024 3.2811 7.0000 5.5256 0.0036 
31.0000 1.0000 2987.1214 0.2594 0.0799 -0.3021 3.2809 8.0000 5.6709 0.0036 
30.9922 1.0000 2982.2544 0.2585 0.0802 -0.3027 3.2825 7.0000 5.4525 0.0036 
30.9858 1.0000 2981.6588 0.2590 0.0802 -0.3011 3.2800 7.0000 5.5423 0.0036 
30.9843 1.0000 2979.6502 0.2581 0.0798 -0.3019 3.2837 7.0000 5.3222 0.0036 
31.0033 1.0000 2987.9850 0.2606 0.0800 -0.3048 3.2865 8.0000 5.3496 0.0036 
30.9962 1.0000 2984.4760 0.2566 0.0790 -0.3027 3.2814 7.0000 5.4977 0.0036 
30.9876 1.0000 2979.9961 0.2579 0.0795 -0.3045 3.2857 7.0000 5.6311 0.0036 
30.9766 1.0000 2977.0525 0.2555 0.0777 -0.3034 3.2825 7.0000 5.0361 0.0036 
