30.9557 1.0000 2970.8548 0.3068 0.1046 -0.3034 3.2439 7.0000 20.6753 0.0044 
30.9565 1.0000 2971.7159 0.3070 0.1050 -0.3037 3.2431 7.0000 18.9627 0.0049 
30.9361 1.0000 2959.9984 0.3096 0.1068 -0.3043 3.2475 7.0000 19.3578 0.0050 
30.9389 1.0000 2963.0035 0.3041 0.1038 -0.3004 3.2434 7.0000 20.3259 0.0050 
30.9514 1.0000 2970.0031 0.3078 0.1050 -0.3045 3.2482 7.0000 20.3687 0.0049 
30.9751 1.0000 2978.8540 0.3090 0.1064 -0.3015 3.2499 6.0000 19.4912 0.0042 
30.9340 1.0000 2960.2578 0.3098 0.1048 -0.3060 3.2462 7.0000 20.8949 0.0045 
30.9608 1.0000 2971.5868 0.3066 0.1042 -0.3068 3.2487 7.0000 19.9303 0.0050 
30.9436 1.0000 2965.4716 0.3093 0.1074 -0.3019 3.2499 7.0000 19.7550 0.0045 
30.9647 1.0000 2975.2012 0.3071 0.1051 -0.3030 3.2440 6.0000 20.8077 0.0045 
30.9594 1.0000 2970.3985 0.3070 0.1035 -0.3033 3.2455 7.0000 19.6241 0.0049 
30.9459 1.0000 2965.8362 0.3063 0.1052 -0.3016 3.2511 7.0000 3.4274 0.0050 
30.9532 1.0000 2969.5235 0.3074 0.1064 -0.2996 3.2476 7.0000 3.5436 0.0054 
30.9571 1.0000 2972.1436 0.3080 0.1040 -0.3058 3.2449 7.0000 3.5009 0.0039 
30.9561 1.0000 2971.5490 0.3049 0.1047 -0.2997 3.2423 7.0000 3.8265 0.0047 
30.9512 1.0000 2969.9812 0.3070 0.1048 -0.3025 3.2372 6.0000 3.4286 0.0032 
30.9322 1.0000 2961.7853 0.3104 0.1072 -0.3024 3.2487 7.0000 3.2870 0.0032 
30.9357 1.0000 2962.4943 0.3089 0.1049 -0.3062 3.2439 6.0000 5.5035 0.0047 
30.9389 1.0000 2964.3558 0.3051 0.1054 -0.3000 3.2482 8.0000 7.8776 0.0032 
30.9434 1.0000 2966.7810 0.3077 0.1045 -0.3063 3.2471 7.0000 6.2936 0.0047 
30.9628 1.0000 2973.3862 0.3080 0.1062 -0.3034 3.2449 8.0000 5.3374 0.0037 
30.9663 1.0000 2976.1493 0.3061 0.1048 -0.2984 3.2449 7.0000 5.1361 0.0042 
30.9334 1.0000 2962.2831 0.3007 0.1027 -0.2993 3.2460 7.0000 2.4166 0.0041 
30.9402 1.0000 2963.8793 0.3088 0.1053 -0.3060 3.2455 7.0000 3.5177 0.0044 
30.9191 1.0000 2949.9346 0.3068 0.1046 -0.3056 3.2463 7.0000 3.3434 0.0044 
30.9875 1.0000 2980.8868 0.3059 0.1053 -0.2992 3.2430 7.0000 3.4277 0.0044 
30.9469 1.0000 2967.3932 0.3081 0.1060 -0.3036 3.2471 7.0000 4.3614 0.0041 
30.9491 1.0000 2966.7328 0.3070 0.1047 -0.3038 3.2473 7.0000 4.2236 0.0053 
30.9418 1.0000 2967.7012 0.3071 0.1060 -0.2995 3.2425 7.0000 3.6905 0.0054 
30.9732 1.0000 2978.3499 0.3061 0.1055 -0.2965 3.2488 8.0000 3.6080 0.0045 
30.9551 1.0000 2966.8311 0.3110 0.1079 -0.3032 3.2470 7.0000 4.3404 0.0045 
30.9818 1.0000 2981.8995 0.3052 0.1045 -0.2994 3.2426 7.0000 3.8861 0.0042 
30.9602 1.0000 2973.3954 0.3072 0.1069 -0.3007 3.2451 8.0000 4.0887 0.0042 
30.9208 1.0000 2953.7147 0.3093 0.1059 -0.3060 3.2449 7.0000 3.4758 0.0048 
30.9489 1.0000 2968.3268 0.3100 0.1071 -0.3027 3.2494 7.0000 2.4608 0.0040 
30.9510 1.0000 2965.5688 0.3099 0.1057 -0.3061 3.2448 7.0000 3.0146 0.0041 
30.9340 1.0000 2960.2167 0.3102 0.1064 -0.3044 3.2484 7.0000 3.6059 0.0047 
30.9598 1.0000 2972.6432 0.3059 0.1065 -0.3010 3.2476 7.0000 3.6703 0.0047 
30.9218 1.0000 2956.5519 0.3098 0.1048 -0.3080 3.2458 7.0000 3.3867 0.0040 
30.9459 1.0000 2965.0778 0.3075 0.1057 -0.3060 3.2466 7.0000 3.4296 0.0037 
30.9575 1.0000 2972.2976 0.3053 0.1048 -0.3004 3.2492 8.0000 3.7843 0.0041 
30.9397 1.0000 2963.8405 0.3104 0.1055 -0.3059 3.2461 7.0000 4.4610 0.0041 
30.9683 1.0000 2978.2855 0.3063 0.1060 -0.2995 3.2466 7.0000 4.1018 0.0041 
30.9395 1.0000 2963.4246 0.3074 0.1047 -0.3027 3.2497 7.0000 4.2229 0.0041 
30.9641 1.0000 2973.4514 0.3103 0.1068 -0.3024 3.2498 8.0000 3.5178 0.0041 
30.9734 1.0000 2977.0466 0.3087 0.1056 -0.3025 3.2473 7.0000 3.4739 0.0046 
30.9608 1.0000 2972.2055 0.3098 0.1045 -0.3099 3.2427 7.0000 2.3783 0.0048 
30.9414 1.0000 2962.7112 0.3079 0.1053 -0.3030 3.2446 6.0000 3.4293 0.0046 
30.9638 1.0000 2972.9404 0.3053 0.1061 -0.2991 3.2436 6.0000 3.4135 0.0043 
30.9618 1.0000 2973.3307 0.3077 0.1052 -0.3014 3.2443 7.0000 3.4254 0.0043 
30.9592 1.0000 2970.2316 0.3101 0.1056 -0.3075 3.2440 8.0000 3.4701 0.0039 
30.9502 1.0000 2967.1748 0.3087 0.1050 -0.3028 3.2434 7.0000 4.0141 0.0037 
30.9504 1.0000 2969.2549 0.3095 0.1059 -0.3009 3.2461 7.0000 6.3978 0.0037 
30.9547 1.0000 2969.7175 0.3081 0.1055 -0.3046 3.2443 7.0000 6.3334 0.0037 
30.9438 1.0000 2965.4504 0.3065 0.1052 -0.3040 3.2471 8.0000 6.0212 0.0038 
30.9391 1.0000 2964.8201 0.3123 0.1066 -0.3106 3.2437 7.0000 2.4187 0.0036 
30.9608 1.0000 2972.3981 0.3104 0.1063 -0.3070 3.2462 7.0000 3.5181 0.0043 
30.9451 1.0000 2967.2036 0.3074 0.1048 -0.3041 3.2424 7.0000 3.5182 0.0043 
30.9540 1.0000 2970.5678 0.3072 0.1044 -0.3046 3.2441 7.0000 3.5181 0.0044 
30.9299 1.0000 2960.1481 0.3073 0.1054 -0.3025 3.2478 8.0000 4.1590 0.0039 
30.9663 1.0000 2974.3515 0.3065 0.1066 -0.2988 3.2542 8.0000 4.3804 0.0039 
30.9720 1.0000 2978.7155 0.3067 0.1057 -0.3011 3.2403 7.0000 3.4321 0.0042 
30.9675 1.0000 2975.1616 0.3075 0.1064 -0.3013 3.2454 7.0000 3.3312 0.0042 
30.9638 1.0000 2974.7047 0.3039 0.1043 -0.2984 3.2450 7.0000 5.8649 0.0042 
30.9949 1.0000 2986.8958 0.3063 0.1050 -0.3024 3.2470 7.0000 6.2922 0.0042 
30.9753 1.0000 2977.6955 0.3062 0.1063 -0.2975 3.2510 7.0000 5.8503 0.0042 
30.9547 1.0000 2968.2040 0.3124 0.1058 -0.3091 3.2483 7.0000 2.4630 0.0049 
30.9545 1.0000 2964.6624 0.3043 0.1047 -0.3011 3.2451 7.0000 3.5207 0.0047 
30.9504 1.0000 2966.6085 0.3083 0.1072 -0.3010 3.2502 7.0000 3.5178 0.0050 
30.9553 1.0000 2967.4732 0.3139 0.1075 -0.3077 3.2427 8.0000 3.5184 0.0047 
30.9665 1.0000 2972.5725 0.3092 0.1064 -0.3020 3.2455 7.0000 3.6505 0.0039 
30.9720 1.0000 2977.8764 0.3073 0.1052 -0.3009 3.2495 7.0000 4.0899 0.0046 
30.9363 1.0000 2962.3560 0.3043 0.1050 -0.3033 3.2488 7.0000 4.2242 0.0046 
30.9557 1.0000 2971.0161 0.3082 0.1045 -0.3068 3.2460 6.0000 3.5623 0.0047 
30.9514 1.0000 2969.3166 0.3096 0.1052 -0.3060 3.2423 7.0000 4.2265 0.0047 
30.9483 1.0000 2966.1469 0.3050 0.1051 -0.3016 3.2477 7.0000 6.4247 0.0047 
30.9710 1.0000 2975.5582 0.3068 0.1048 -0.3058 3.2435 7.0000 6.3347 0.0047 
30.9318 1.0000 2960.4698 0.3087 0.1060 -0.3072 3.2463 6.0000 5.9843 0.0047 
30.9416 1.0000 2964.1996 0.3071 0.1040 -0.3046 3.2427 6.0000 3.5627 0.0039 
30.9667 1.0000 2975.7663 0.3075 0.1070 -0.3017 3.2484 8.0000 3.5185 0.0041 
30.9424 1.0000 2962.7749 0.3116 0.1058 -0.3043 3.2478 8.0000 3.5185 0.0052 
30.9430 1.0000 2964.6507 0.3062 0.1052 -0.3033 3.2445 7.0000 2.4623 0.0043 
30.9559 1.0000 2969.3109 0.3087 0.1048 -0.3052 3.2389 7.0000 3.6948 0.0039 
30.9402 1.0000 2964.5460 0.3097 0.1078 -0.2983 3.2526 7.0000 3.9136 0.0039 
30.9412 1.0000 2963.4622 0.3101 0.1041 -0.3067 3.2443 7.0000 3.5627 0.0042 
30.9451 1.0000 2965.8403 0.3084 0.1071 -0.3022 3.2511 7.0000 4.5951 0.0046 
30.9589 1.0000 2969.8936 0.3063 0.1053 -0.3030 3.2423 7.0000 4.0310 0.0046 
30.9489 1.0000 2969.5278 0.3066 0.1042 -0.3014 3.2415 6.0000 4.7974 0.0046 
30.9647 1.0000 2971.6895 0.3064 0.1040 -0.3021 3.2447 7.0000 4.6569 0.0046 
30.9596 1.0000 2971.3515 0.3070 0.1050 -0.3032 3.2442 7.0000 3.5545 0.0046 
30.9265 1.0000 2958.5000 0.3087 0.1076 -0.3008 3.2508 7.0000 3.7388 0.0037 
30.9536 1.0000 2973.2318 0.3077 0.1065 -0.2982 3.2469 7.0000 3.5633 0.0037 
30.9555 1.0000 2969.6646 0.3077 0.1058 -0.3025 3.2447 7.0000 2.4634 0.0037 
30.9665 1.0000 2975.5308 0.3069 0.1048 -0.3054 3.2458 7.0000 3.6064 0.0037 
30.9526 1.0000 2969.1720 0.3102 0.1083 -0.3006 3.2452 8.0000 4.0805 0.0037 
30.9457 1.0000 2965.3180 0.3057 0.1041 -0.3060 3.2473 7.0000 4.2944 0.0037 
30.9898 1.0000 2984.0345 0.3068 0.1045 -0.3035 3.2434 7.0000 3.9972 0.0037 
30.9671 1.0000 2972.9875 0.3128 0.1068 -0.3080 3.2474 7.0000 6.7052 0.0037 
30.9716 1.0000 2979.5188 0.3076 0.1051 -0.3042 3.2462 7.0000 6.1478 0.0037 
30.9634 1.0000 2972.1375 0.3070 0.1042 -0.3038 3.2465 7.0000 4.8638 0.0037 
