30.1585 11.0000 2700.1405 0.4112 0.2157 -0.3079 2.6067 5.0000 0.7822 0.0306 
30.0752 11.0000 2666.4575 0.4050 0.2129 -0.3086 2.6044 5.0000 0.6658 0.0306 
30.1536 11.0000 2709.9739 0.3890 0.2175 -0.2644 2.6129 4.0000 0.7449 0.0308 
30.2124 11.0000 2710.1095 0.3951 0.2154 -0.2799 2.6034 5.0000 0.7506 0.0306 
30.0000 11.0000 2645.5082 0.3827 0.2112 -0.2727 2.6207 4.0000 0.7811 0.0306 
30.2157 11.0000 2721.0752 0.3696 0.2090 -0.2457 2.6041 4.0000 0.7123 0.0306 
30.1748 11.0000 2717.0605 0.3852 0.2135 -0.2651 2.5943 5.0000 0.7442 0.0306 
30.1356 11.0000 2682.4297 0.3921 0.2167 -0.2779 2.6088 5.0000 0.7577 0.0306 
30.1111 11.0000 2684.1356 0.4040 0.2159 -0.2990 2.6078 5.0000 0.7643 0.0306 
30.1373 11.0000 2690.2761 0.3904 0.2113 -0.2888 2.6131 4.0000 0.7823 0.0306 
30.1307 11.0000 2682.2353 0.3954 0.2207 -0.2750 2.6004 4.0000 0.7492 0.0306 
30.1650 11.0000 2701.2761 0.3876 0.2113 -0.2801 2.5924 4.0000 0.1265 0.0312 
30.1765 11.0000 2713.5114 0.3980 0.2123 -0.2927 2.5946 4.0000 0.6088 0.0283 
30.0359 11.0000 2669.7990 0.3764 0.2137 -0.2592 2.6141 4.0000 0.6651 0.0283 
30.0065 11.0000 2649.4052 0.3861 0.2206 -0.2632 2.6178 4.0000 0.6955 0.0339 
30.1977 11.0000 2709.6830 0.3849 0.2123 -0.2680 2.6100 5.0000 0.7342 0.0339 
30.0719 11.0000 2670.2010 0.3867 0.2095 -0.2803 2.6031 4.0000 0.7045 0.0339 
30.0163 11.0000 2648.9265 0.3790 0.2119 -0.2625 2.6274 4.0000 0.6184 0.0339 
30.1275 11.0000 2684.3546 0.3938 0.2098 -0.2935 2.6028 5.0000 0.5422 0.0339 
30.1160 11.0000 2686.0915 0.3989 0.2152 -0.2949 2.5952 4.0000 0.5791 0.0339 
30.1536 11.0000 2700.5229 0.3994 0.2130 -0.2928 2.6010 4.0000 0.5247 0.0283 
30.1454 11.0000 2696.2582 0.3988 0.2095 -0.3019 2.6052 4.0000 0.4973 0.0339 
30.2304 11.0000 2724.0441 0.3861 0.2153 -0.2676 2.6059 5.0000 0.1234 0.0283 
30.0686 11.0000 2676.5131 0.3963 0.2158 -0.2914 2.6015 4.0000 0.1715 0.0308 
30.1193 11.0000 2691.4657 0.3777 0.2160 -0.2544 2.6129 4.0000 0.3536 0.0308 
30.0229 11.0000 2669.8791 0.3732 0.2109 -0.2511 2.6150 5.0000 0.7061 0.0352 
30.0131 11.0000 2656.9444 0.4066 0.2134 -0.3060 2.6173 4.0000 0.5745 0.0352 
30.0980 11.0000 2684.1242 0.4042 0.2096 -0.3095 2.6034 4.0000 0.6151 0.0352 
30.2778 11.0000 2737.1830 0.4032 0.2162 -0.2926 2.6029 5.0000 0.6549 0.0352 
30.0997 11.0000 2681.7173 0.3923 0.2193 -0.2733 2.6132 5.0000 0.7084 0.0352 
30.1144 11.0000 2694.5523 0.3965 0.2115 -0.2932 2.6020 4.0000 0.7035 0.0352 
30.0817 11.0000 2673.4820 0.3966 0.2146 -0.2919 2.6104 5.0000 0.6170 0.0352 
30.1569 11.0000 2674.8056 0.3964 0.2166 -0.2872 2.6136 5.0000 0.5278 0.0352 
30.1013 11.0000 2671.6552 0.3803 0.2126 -0.2673 2.6126 5.0000 0.4833 0.0352 
30.0016 11.0000 2657.3513 0.3777 0.2114 -0.2639 2.6292 5.0000 0.0914 0.0352 
30.0294 11.0000 2666.3595 0.3665 0.2075 -0.2501 2.6141 4.0000 0.1708 0.0342 
30.1046 11.0000 2691.7255 0.3894 0.2073 -0.2850 2.6045 4.0000 0.6581 0.0325 
30.0523 11.0000 2668.5556 0.3889 0.2101 -0.2855 2.6215 4.0000 0.4880 0.0325 
30.0964 11.0000 2676.9003 0.3935 0.2171 -0.2725 2.6023 5.0000 0.5352 0.0325 
30.1454 11.0000 2688.9837 0.3887 0.2152 -0.2739 2.5955 5.0000 0.5728 0.0314 
30.0196 11.0000 2655.6781 0.3910 0.2161 -0.2729 2.6163 4.0000 0.6633 0.0325 
30.1471 11.0000 2696.2353 0.3883 0.2170 -0.2718 2.6152 4.0000 0.6600 0.0314 
30.0997 11.0000 2677.4444 0.3822 0.2137 -0.2674 2.6009 4.0000 0.5733 0.0325 
30.1846 11.0000 2711.2141 0.3849 0.2115 -0.2681 2.6005 5.0000 0.5377 0.0325 
30.2304 11.0000 2711.0490 0.3901 0.2144 -0.2749 2.6155 5.0000 0.5303 0.0325 
30.0588 11.0000 2659.4853 0.3713 0.2110 -0.2494 2.6182 5.0000 0.6234 0.0345 
30.1078 11.0000 2680.7010 0.3927 0.2134 -0.2862 2.6086 5.0000 0.1197 0.0314 
30.1405 11.0000 2707.5605 0.3752 0.2087 -0.2566 2.6081 5.0000 0.2398 0.0318 
30.1716 11.0000 2711.3889 0.3774 0.2183 -0.2400 2.6153 5.0000 0.5154 0.0292 
30.2255 11.0000 2717.3399 0.4042 0.2161 -0.3002 2.6069 5.0000 0.4401 0.0368 
30.0229 11.0000 2646.6225 0.3972 0.2128 -0.2969 2.6054 5.0000 0.5458 0.0318 
30.0621 11.0000 2674.2271 0.3949 0.2167 -0.2851 2.6070 5.0000 0.6057 0.0290 
30.1389 11.0000 2690.1356 0.3991 0.2159 -0.2933 2.6080 5.0000 0.4684 0.0318 
30.2516 11.0000 2724.5000 0.3971 0.2158 -0.2783 2.5978 4.0000 0.4670 0.0318 
29.9608 11.0000 2650.5915 0.3736 0.2099 -0.2538 2.6093 5.0000 0.4617 0.0318 
30.0507 11.0000 2664.3284 0.3852 0.2149 -0.2712 2.6204 5.0000 0.7063 0.0332 
30.1471 11.0000 2701.9722 0.3931 0.2136 -0.2858 2.5979 4.0000 0.4370 0.0318 
30.2042 11.0000 2725.4967 0.3865 0.2174 -0.2622 2.5932 4.0000 0.1187 0.0332 
29.9837 11.0000 2646.4248 0.3969 0.2137 -0.2881 2.6118 5.0000 0.1113 0.0319 
30.1291 11.0000 2695.2304 0.4052 0.2095 -0.3126 2.5978 4.0000 0.1170 0.0346 
30.0964 11.0000 2669.9755 0.4017 0.2159 -0.2964 2.6086 4.0000 0.4660 0.0359 
30.1667 11.0000 2693.9657 0.4035 0.2104 -0.3046 2.6068 4.0000 0.4680 0.0359 
30.0425 11.0000 2667.2288 0.3925 0.2102 -0.2908 2.6074 5.0000 0.4704 0.0359 
30.0850 11.0000 2681.4902 0.3877 0.2113 -0.2804 2.5910 5.0000 0.4337 0.0383 
29.9314 11.0000 2628.6111 0.3926 0.2126 -0.2923 2.6222 5.0000 0.4331 0.0383 
30.2092 11.0000 2720.1569 0.3892 0.2082 -0.2870 2.6042 5.0000 0.4665 0.0319 
30.0866 11.0000 2674.6520 0.4094 0.2222 -0.2877 2.6075 4.0000 0.1327 0.0260 
30.1258 11.0000 2682.9003 0.3899 0.2108 -0.2793 2.6122 4.0000 0.1337 0.0367 
30.1781 11.0000 2695.8529 0.3919 0.2211 -0.2637 2.6179 5.0000 0.1779 0.0375 
30.0458 11.0000 2652.0229 0.3990 0.2161 -0.2949 2.6294 4.0000 0.1764 0.0375 
30.1258 11.0000 2696.4297 0.3871 0.2101 -0.2824 2.6066 4.0000 0.1297 0.0375 
30.0082 11.0000 2653.1258 0.3831 0.2135 -0.2679 2.6198 4.0000 0.1290 0.0375 
29.9412 11.0000 2630.4673 0.3883 0.2162 -0.2691 2.6206 4.0000 0.2202 0.0328 
30.2990 11.0000 2730.9641 0.4005 0.2150 -0.2847 2.6182 4.0000 0.2674 0.0328 
30.0670 11.0000 2668.4232 0.3943 0.2112 -0.2942 2.6116 5.0000 0.3525 0.0316 
30.1520 11.0000 2701.0833 0.4020 0.2165 -0.2867 2.6094 4.0000 0.2633 0.0313 
29.9853 11.0000 2655.4395 0.3927 0.2148 -0.2886 2.6241 4.0000 0.2635 0.0313 
30.0458 11.0000 2680.8693 0.3906 0.2121 -0.2831 2.6168 5.0000 0.2127 0.0313 
29.9641 11.0000 2645.4592 0.3822 0.2090 -0.2737 2.6058 4.0000 0.1306 0.0313 
30.1879 11.0000 2713.5065 0.3717 0.2132 -0.2423 2.6113 5.0000 0.1353 0.0295 
30.0948 11.0000 2690.5539 0.3981 0.2136 -0.2913 2.6037 4.0000 0.3507 0.0303 
30.0033 11.0000 2654.9641 0.3866 0.2096 -0.2888 2.6075 5.0000 0.3103 0.0303 
30.0997 11.0000 2670.0261 0.3982 0.2150 -0.2934 2.6049 5.0000 0.3110 0.0303 
30.1944 11.0000 2705.8873 0.3796 0.2155 -0.2508 2.6151 5.0000 0.1717 0.0343 
30.1340 11.0000 2683.5147 0.3795 0.2142 -0.2578 2.6089 5.0000 0.1748 0.0343 
30.1422 11.0000 2701.7484 0.3903 0.2100 -0.2835 2.6001 4.0000 0.1319 0.0303 
30.1422 11.0000 2696.2680 0.3925 0.2090 -0.2862 2.6114 5.0000 0.2198 0.0325 
30.1324 11.0000 2669.9902 0.3911 0.2102 -0.2924 2.6015 5.0000 0.3072 0.0325 
30.0654 11.0000 2669.0131 0.3788 0.2088 -0.2708 2.6125 5.0000 0.2659 0.0354 
30.0229 11.0000 2645.1454 0.3869 0.2142 -0.2803 2.6140 4.0000 0.2669 0.0354 
30.1732 11.0000 2698.3203 0.3856 0.2128 -0.2770 2.6022 5.0000 0.2616 0.0354 
30.1438 11.0000 2689.9542 0.4027 0.2187 -0.2908 2.6087 5.0000 0.3518 0.0348 
30.1438 11.0000 2689.2745 0.3962 0.2232 -0.2717 2.6119 5.0000 0.3532 0.0348 
30.1078 11.0000 2689.6961 0.3773 0.2113 -0.2641 2.6185 5.0000 0.3522 0.0348 
30.0556 11.0000 2650.5931 0.4036 0.2201 -0.2879 2.6211 4.0000 0.1743 0.0350 
30.0033 11.0000 2659.3627 0.3811 0.2121 -0.2715 2.6092 4.0000 0.1659 0.0348 
30.1095 11.0000 2679.0327 0.3981 0.2119 -0.2974 2.6001 4.0000 0.1337 0.0348 
30.0245 11.0000 2655.8252 0.3747 0.2112 -0.2592 2.6153 4.0000 0.1335 0.0348 
30.0343 11.0000 2667.6699 0.3701 0.2169 -0.2364 2.6256 4.0000 0.1755 0.0348 
30.0408 11.0000 2660.0539 0.3989 0.2171 -0.2898 2.6018 4.0000 0.1231 0.0348 
