29.6993 11.0000 2533.3905 0.4303 0.2312 -0.2986 2.6368 4.0000 0.6637 0.0494 
29.7353 11.0000 2564.7631 0.4246 0.2275 -0.2817 2.6292 4.0000 0.6649 0.0494 
29.8137 11.0000 2614.7647 0.4272 0.2250 -0.2885 2.6255 5.0000 0.6189 0.0494 
29.8709 11.0000 2601.8775 0.4194 0.2286 -0.2750 2.6317 4.0000 0.6363 0.0494 
29.8693 11.0000 2604.3333 0.4456 0.2287 -0.3160 2.6267 5.0000 0.6161 0.0494 
30.0294 11.0000 2669.1520 0.4157 0.2207 -0.2787 2.6217 4.0000 0.6233 0.0454 
29.9951 11.0000 2630.7369 0.4284 0.2265 -0.2951 2.6172 5.0000 0.6596 0.0494 
29.6405 11.0000 2514.3333 0.4389 0.2338 -0.3052 2.6443 5.0000 0.6628 0.0494 
30.0392 11.0000 2663.6863 0.4271 0.2264 -0.2854 2.6166 5.0000 0.6626 0.0494 
29.7435 11.0000 2578.5425 0.4298 0.2285 -0.2939 2.6301 4.0000 0.6666 0.0494 
29.7484 11.0000 2566.1732 0.4314 0.2305 -0.3003 2.6424 5.0000 0.6625 0.0494 
29.6242 11.0000 2523.5408 0.4221 0.2332 -0.2703 2.6579 5.0000 0.0889 0.0394 
29.8578 11.0000 2592.9526 0.4248 0.2267 -0.2888 2.6293 5.0000 0.3509 0.0385 
30.0033 11.0000 2644.8905 0.4326 0.2308 -0.2856 2.6244 5.0000 0.3517 0.0385 
29.5948 11.0000 2511.7337 0.4256 0.2304 -0.2919 2.6374 4.0000 0.6178 0.0307 
29.8088 11.0000 2581.6748 0.4337 0.2256 -0.3024 2.6290 5.0000 0.4329 0.0471 
29.8513 11.0000 2589.2827 0.4238 0.2291 -0.2887 2.6320 4.0000 0.5899 0.0424 
29.8644 11.0000 2621.7451 0.4103 0.2228 -0.2711 2.6155 5.0000 0.5423 0.0424 
29.8415 11.0000 2594.6748 0.4302 0.2328 -0.2875 2.6333 5.0000 0.5130 0.0391 
29.9085 11.0000 2615.8562 0.4211 0.2285 -0.2705 2.6379 5.0000 0.5613 0.0307 
29.7990 11.0000 2580.3922 0.4370 0.2268 -0.3059 2.6479 5.0000 0.4043 0.0307 
29.6013 11.0000 2529.2435 0.4125 0.2268 -0.2710 2.6402 5.0000 0.3935 0.0307 
29.9167 11.0000 2608.7729 0.4202 0.2324 -0.2617 2.6363 5.0000 0.1308 0.0405 
29.9330 11.0000 2635.0458 0.4322 0.2292 -0.2887 2.6210 5.0000 0.0863 0.0405 
30.1601 11.0000 2693.0850 0.4383 0.2278 -0.2991 2.6026 4.0000 0.1411 0.0494 
29.6895 11.0000 2557.5114 0.4354 0.2275 -0.3038 2.6382 5.0000 0.1321 0.0494 
29.8219 11.0000 2576.2141 0.4234 0.2327 -0.2762 2.6373 5.0000 0.1745 0.0424 
29.6716 11.0000 2531.2908 0.4406 0.2298 -0.3088 2.6461 5.0000 0.2664 0.0436 
29.7059 11.0000 2544.8905 0.4239 0.2296 -0.2871 2.6415 5.0000 0.3492 0.0436 
29.9444 11.0000 2611.8268 0.4527 0.2301 -0.3312 2.6241 5.0000 0.3528 0.0400 
29.8056 11.0000 2558.5686 0.4314 0.2345 -0.2831 2.6466 5.0000 0.3990 0.0392 
29.9673 11.0000 2624.1275 0.4289 0.2312 -0.2874 2.6266 5.0000 0.3524 0.0400 
29.8775 11.0000 2606.9428 0.4165 0.2295 -0.2682 2.6258 4.0000 0.3077 0.0400 
29.6242 11.0000 2538.9167 0.4365 0.2318 -0.3054 2.6395 5.0000 0.1746 0.0392 
29.8448 11.0000 2580.5098 0.4277 0.2291 -0.2906 2.6286 5.0000 0.1290 0.0400 
29.7565 11.0000 2582.2435 0.4349 0.2246 -0.3052 2.6306 5.0000 0.1251 0.0465 
29.8235 11.0000 2586.6961 0.4361 0.2322 -0.2937 2.6327 5.0000 0.1614 0.0475 
29.7892 11.0000 2597.4265 0.4356 0.2301 -0.3009 2.6282 4.0000 0.0863 0.0398 
29.8905 11.0000 2595.8333 0.4289 0.2274 -0.2931 2.6194 4.0000 0.1207 0.0490 
29.9134 11.0000 2621.2369 0.4303 0.2290 -0.2876 2.6244 5.0000 0.2169 0.0490 
29.9592 11.0000 2614.9575 0.4279 0.2268 -0.2897 2.6279 5.0000 0.3778 0.0490 
29.8824 11.0000 2617.5980 0.4205 0.2327 -0.2615 2.6318 5.0000 0.2945 0.0384 
29.7582 11.0000 2573.9935 0.4343 0.2292 -0.3016 2.6264 5.0000 0.3322 0.0384 
29.6765 11.0000 2547.0458 0.4298 0.2322 -0.2847 2.6433 5.0000 0.3942 0.0400 
29.7059 11.0000 2541.7369 0.4155 0.2261 -0.2784 2.6430 5.0000 0.2883 0.0384 
29.6667 11.0000 2553.6209 0.4269 0.2303 -0.2839 2.6383 5.0000 0.1537 0.0400 
29.8971 11.0000 2606.4003 0.4472 0.2346 -0.3121 2.6250 5.0000 0.0864 0.0434 
29.6356 11.0000 2541.2680 0.4468 0.2294 -0.3289 2.6422 5.0000 0.1236 0.0482 
29.9608 11.0000 2629.3644 0.4315 0.2319 -0.2871 2.6088 5.0000 0.1587 0.0425 
30.0310 11.0000 2656.3350 0.4205 0.2327 -0.2603 2.6198 4.0000 0.1954 0.0398 
29.9379 11.0000 2609.3791 0.4345 0.2312 -0.2923 2.6204 5.0000 0.1607 0.0398 
29.8922 11.0000 2606.4265 0.4467 0.2332 -0.3126 2.6333 5.0000 0.1179 0.0478 
29.7059 11.0000 2544.7696 0.4464 0.2318 -0.3184 2.6338 5.0000 0.1989 0.0497 
29.9690 11.0000 2643.3856 0.4319 0.2230 -0.3080 2.6069 5.0000 0.1238 0.0497 
29.7141 11.0000 2543.5980 0.4187 0.2279 -0.2816 2.6470 5.0000 0.2031 0.0497 
29.7941 11.0000 2570.9265 0.4372 0.2388 -0.2980 2.6397 5.0000 0.1680 0.0377 
29.9951 11.0000 2630.9379 0.4494 0.2360 -0.3058 2.6282 4.0000 0.4881 0.0389 
29.6569 11.0000 2543.8824 0.4177 0.2257 -0.2789 2.6323 4.0000 0.1284 0.0389 
29.8203 11.0000 2574.4118 0.4298 0.2314 -0.3008 2.6360 5.0000 0.1212 0.0420 
29.8971 11.0000 2631.6209 0.4143 0.2212 -0.2731 2.6267 5.0000 0.1264 0.0420 
29.6683 11.0000 2543.3644 0.4235 0.2320 -0.2750 2.6315 5.0000 0.1279 0.0497 
29.8922 11.0000 2620.1013 0.4204 0.2242 -0.2868 2.6284 5.0000 0.1700 0.0497 
29.6160 11.0000 2525.5441 0.4328 0.2312 -0.2929 2.6427 4.0000 0.1306 0.0356 
30.0049 11.0000 2632.9412 0.4430 0.2340 -0.3019 2.6267 5.0000 0.1333 0.0473 
29.6601 11.0000 2550.4085 0.4204 0.2256 -0.2808 2.6315 5.0000 0.1698 0.0473 
29.9559 11.0000 2619.7631 0.4258 0.2298 -0.2884 2.6243 4.0000 0.1293 0.0434 
29.9232 11.0000 2619.6275 0.4470 0.2280 -0.3159 2.6199 5.0000 0.1295 0.0473 
29.8546 11.0000 2602.8252 0.4555 0.2311 -0.3335 2.6359 5.0000 0.1317 0.0473 
29.8350 11.0000 2588.0899 0.4230 0.2317 -0.2791 2.6379 5.0000 0.0910 0.0473 
29.8317 11.0000 2603.8366 0.4316 0.2325 -0.2849 2.6284 5.0000 0.2028 0.0398 
29.6144 11.0000 2516.1699 0.4372 0.2349 -0.2951 2.6448 5.0000 0.2032 0.0398 
30.0180 11.0000 2634.2598 0.4463 0.2336 -0.3113 2.6246 4.0000 0.0813 0.0514 
29.7451 11.0000 2542.6356 0.4434 0.2339 -0.3165 2.6373 4.0000 0.1608 0.0367 
29.7941 11.0000 2597.0588 0.4381 0.2233 -0.3184 2.6228 5.0000 0.1932 0.0367 
29.6814 11.0000 2548.4820 0.4186 0.2264 -0.2764 2.6301 5.0000 0.1219 0.0367 
29.8971 11.0000 2614.9150 0.4174 0.2311 -0.2628 2.6388 5.0000 0.2544 0.0401 
29.7467 11.0000 2557.1863 0.4470 0.2359 -0.3061 2.6276 4.0000 0.3477 0.0439 
29.8382 11.0000 2588.8595 0.4404 0.2310 -0.3111 2.6093 5.0000 0.3081 0.0439 
29.9837 11.0000 2655.1748 0.4184 0.2250 -0.2761 2.6149 4.0000 0.3082 0.0439 
29.8382 11.0000 2580.0833 0.4280 0.2342 -0.2855 2.6504 5.0000 0.3498 0.0399 
29.7484 11.0000 2573.0131 0.4361 0.2274 -0.3022 2.6348 4.0000 0.3069 0.0439 
29.5670 11.0000 2509.9134 0.4073 0.2277 -0.2635 2.6510 4.0000 0.2647 0.0439 
29.9869 11.0000 2649.1732 0.4476 0.2381 -0.3024 2.6312 5.0000 0.1303 0.0397 
29.9232 11.0000 2602.5523 0.4444 0.2301 -0.3135 2.6260 4.0000 0.2171 0.0456 
29.8121 11.0000 2571.6716 0.4231 0.2281 -0.2768 2.6287 4.0000 0.2199 0.0411 
29.8938 11.0000 2602.0147 0.4298 0.2285 -0.2926 2.6252 5.0000 0.1747 0.0411 
29.8889 11.0000 2591.2941 0.4459 0.2299 -0.3154 2.6224 5.0000 0.0876 0.0397 
29.7794 11.0000 2574.1585 0.4380 0.2339 -0.2982 2.6336 5.0000 0.1306 0.0487 
30.1438 11.0000 2684.1487 0.4543 0.2292 -0.3252 2.6168 5.0000 0.1770 0.0418 
29.6291 11.0000 2533.0000 0.4400 0.2368 -0.2991 2.6489 4.0000 0.1788 0.0418 
29.8284 11.0000 2585.3170 0.4309 0.2317 -0.2885 2.6336 5.0000 0.2217 0.0368 
29.7827 11.0000 2584.9820 0.4329 0.2301 -0.2989 2.6272 5.0000 0.2637 0.0368 
29.9003 11.0000 2608.8480 0.4329 0.2325 -0.2952 2.6284 5.0000 0.2232 0.0368 
29.7304 11.0000 2562.1258 0.4344 0.2319 -0.2999 2.6362 4.0000 0.1324 0.0368 
29.8595 11.0000 2608.7663 0.4247 0.2253 -0.2924 2.6115 5.0000 0.0894 0.0418 
29.8497 11.0000 2591.5588 0.4462 0.2321 -0.3052 2.6340 5.0000 0.0968 0.0368 
29.7663 11.0000 2566.3660 0.4376 0.2285 -0.3128 2.6250 4.0000 0.2611 0.0368 
29.6438 11.0000 2521.1797 0.4447 0.2326 -0.3068 2.6349 4.0000 0.2596 0.0368 
29.8382 11.0000 2611.0539 0.4127 0.2228 -0.2671 2.6352 5.0000 0.0903 0.0368 
29.9837 11.0000 2618.0931 0.4389 0.2311 -0.3007 2.6292 5.0000 0.0880 0.0368 
