30.7539 11.0000 2879.3346 0.3147 0.1168 -0.3168 3.1140 7.0000 7.3352 0.0100 
30.7876 11.0000 2896.3255 0.3115 0.1158 -0.3128 3.1135 6.0000 8.9691 0.0100 
30.8425 11.0000 2920.4092 0.3113 0.1144 -0.3108 3.1040 6.0000 8.7082 0.0087 
30.7408 11.0000 2872.9255 0.3117 0.1176 -0.3072 3.1144 6.0000 9.2221 0.0100 
30.8569 11.0000 2937.0905 0.3099 0.1158 -0.3058 3.1068 6.0000 9.0993 0.0100 
30.7477 11.0000 2873.5696 0.3141 0.1173 -0.3164 3.1145 7.0000 9.2183 0.0097 
30.8503 11.0000 2931.2448 0.3136 0.1168 -0.3065 3.1088 6.0000 7.4634 0.0097 
30.8683 11.0000 2938.9667 0.3136 0.1172 -0.3082 3.1117 6.0000 7.9478 0.0095 
30.8487 11.0000 2927.9477 0.3100 0.1186 -0.3013 3.1131 6.0000 7.8141 0.0112 
30.8673 11.0000 2930.6301 0.3127 0.1178 -0.3057 3.1148 6.0000 7.4951 0.0100 
30.8095 11.0000 2915.6941 0.3118 0.1158 -0.3123 3.1126 6.0000 7.5381 0.0075 
30.8549 11.0000 2926.0876 0.3108 0.1188 -0.3021 3.1129 6.0000 1.0024 0.0079 
30.7876 11.0000 2898.6627 0.3116 0.1176 -0.3068 3.1164 6.0000 1.5809 0.0086 
30.8176 11.0000 2911.9719 0.3142 0.1169 -0.3137 3.1170 6.0000 1.9362 0.0088 
30.8183 11.0000 2920.4775 0.3098 0.1159 -0.3050 3.1120 6.0000 1.8464 0.0095 
30.7944 11.0000 2905.6667 0.3118 0.1152 -0.3098 3.1121 6.0000 1.4980 0.0088 
30.7775 11.0000 2883.1859 0.3097 0.1164 -0.3094 3.1146 6.0000 1.5803 0.0095 
30.8716 11.0000 2936.5134 0.3121 0.1153 -0.3107 3.1057 6.0000 2.7600 0.0072 
30.8333 11.0000 2915.6899 0.3143 0.1161 -0.3145 3.1115 7.0000 3.0212 0.0072 
30.8778 11.0000 2944.0827 0.3107 0.1158 -0.3054 3.1084 6.0000 3.1233 0.0072 
30.8552 11.0000 2931.8686 0.3081 0.1148 -0.2977 3.1039 7.0000 3.0794 0.0072 
30.8222 11.0000 2916.2641 0.3146 0.1144 -0.3182 3.1050 6.0000 2.4651 0.0072 
30.8444 11.0000 2920.7131 0.3106 0.1155 -0.3089 3.1085 6.0000 1.5384 0.0078 
30.8154 11.0000 2924.0507 0.3114 0.1173 -0.3091 3.1161 7.0000 0.9693 0.0089 
30.7941 11.0000 2900.6598 0.3084 0.1164 -0.3072 3.1150 6.0000 1.4927 0.0097 
30.8529 11.0000 2927.9928 0.3093 0.1172 -0.3006 3.1098 6.0000 1.9335 0.0097 
30.8167 11.0000 2921.6402 0.3116 0.1152 -0.3090 3.1111 6.0000 1.9320 0.0079 
30.8637 11.0000 2930.6108 0.3103 0.1149 -0.3104 3.1060 6.0000 1.5396 0.0082 
30.8510 11.0000 2932.7683 0.3074 0.1146 -0.3047 3.1112 7.0000 2.0926 0.0077 
30.8350 11.0000 2921.2088 0.3106 0.1151 -0.3098 3.1041 6.0000 3.3645 0.0077 
30.8657 11.0000 2937.3088 0.3094 0.1164 -0.3020 3.1145 6.0000 3.4658 0.0091 
30.7993 11.0000 2902.5895 0.3102 0.1172 -0.3059 3.1136 6.0000 3.2057 0.0091 
30.8464 11.0000 2928.5667 0.3088 0.1153 -0.3069 3.1089 6.0000 2.9897 0.0091 
30.8114 11.0000 2914.0601 0.3128 0.1156 -0.3096 3.1047 6.0000 1.5373 0.0085 
30.7889 11.0000 2895.6069 0.3150 0.1176 -0.3133 3.1132 6.0000 1.4975 0.0075 
30.8379 11.0000 2930.9075 0.3100 0.1158 -0.3062 3.1054 6.0000 1.2509 0.0073 
30.8444 11.0000 2929.9722 0.3077 0.1159 -0.3025 3.1089 6.0000 1.4449 0.0096 
30.8327 11.0000 2918.4804 0.3096 0.1157 -0.3076 3.1103 6.0000 1.4088 0.0071 
30.8480 11.0000 2932.1618 0.3062 0.1153 -0.3037 3.1067 6.0000 1.5810 0.0095 
30.8056 11.0000 2908.2866 0.3076 0.1161 -0.3023 3.1154 6.0000 1.9035 0.0083 
30.8225 11.0000 2914.5474 0.3118 0.1162 -0.3120 3.1082 6.0000 2.8082 0.0083 
30.8379 11.0000 2923.5252 0.3133 0.1165 -0.3116 3.1068 6.0000 3.2906 0.0079 
30.7938 11.0000 2902.1493 0.3064 0.1146 -0.3032 3.1098 6.0000 2.9823 0.0082 
30.8235 11.0000 2908.9127 0.3109 0.1154 -0.3093 3.1099 6.0000 2.7681 0.0082 
30.8565 11.0000 2930.0186 0.3095 0.1180 -0.3036 3.1040 6.0000 1.4526 0.0084 
30.8680 11.0000 2937.6435 0.3090 0.1159 -0.3020 3.1154 6.0000 1.0531 0.0090 
30.8618 11.0000 2931.4186 0.3106 0.1155 -0.3078 3.1114 6.0000 1.0115 0.0089 
30.7925 11.0000 2892.0595 0.3128 0.1182 -0.3078 3.1169 6.0000 1.5827 0.0081 
30.7941 11.0000 2900.4899 0.3143 0.1168 -0.3116 3.1095 6.0000 1.4937 0.0078 
30.8301 11.0000 2917.2222 0.3110 0.1145 -0.3114 3.1065 6.0000 1.6245 0.0076 
30.8350 11.0000 2922.8193 0.3118 0.1172 -0.3034 3.1112 6.0000 1.8456 0.0086 
30.8418 11.0000 2921.7575 0.3081 0.1159 -0.3012 3.1120 6.0000 1.7792 0.0086 
30.8529 11.0000 2930.8915 0.3123 0.1163 -0.3080 3.1112 6.0000 2.1483 0.0085 
30.8392 11.0000 2924.2641 0.3107 0.1150 -0.3122 3.1058 6.0000 2.3378 0.0086 
30.8265 11.0000 2921.6853 0.3079 0.1164 -0.3016 3.1175 7.0000 2.3265 0.0086 
30.8088 11.0000 2918.7049 0.3071 0.1148 -0.3025 3.1133 6.0000 1.4961 0.0096 
30.8137 11.0000 2897.2150 0.3129 0.1159 -0.3121 3.1142 6.0000 1.0546 0.0083 
30.8353 11.0000 2923.1431 0.3073 0.1152 -0.3002 3.1158 6.0000 1.5854 0.0085 
30.8448 11.0000 2919.8892 0.3087 0.1154 -0.3076 3.1077 7.0000 1.5386 0.0095 
30.8526 11.0000 2928.8317 0.3120 0.1176 -0.3015 3.1137 6.0000 1.5378 0.0099 
30.8239 11.0000 2910.7046 0.3107 0.1167 -0.3072 3.1100 6.0000 1.6177 0.0082 
30.8206 11.0000 2917.6908 0.3121 0.1167 -0.3068 3.1092 6.0000 1.0133 0.0083 
30.8206 11.0000 2919.1258 0.3093 0.1159 -0.3066 3.1067 6.0000 1.8108 0.0077 
30.7843 11.0000 2897.6304 0.3120 0.1167 -0.3055 3.1096 6.0000 1.6481 0.0072 
30.8271 11.0000 2923.4699 0.3085 0.1152 -0.3028 3.1059 6.0000 2.0687 0.0072 
30.8310 11.0000 2922.1588 0.3107 0.1143 -0.3081 3.1076 6.0000 1.7593 0.0072 
30.7902 11.0000 2905.4314 0.3131 0.1161 -0.3123 3.1079 6.0000 1.5419 0.0090 
30.8258 11.0000 2916.1085 0.3137 0.1181 -0.3088 3.1068 6.0000 1.5410 0.0100 
30.7954 11.0000 2895.0758 0.3150 0.1178 -0.3122 3.1134 6.0000 1.5872 0.0088 
30.7833 11.0000 2899.0369 0.3103 0.1168 -0.3062 3.1112 6.0000 1.5847 0.0100 
30.8301 11.0000 2915.5333 0.3106 0.1148 -0.3096 3.1142 7.0000 1.5391 0.0077 
30.8346 11.0000 2923.9036 0.3114 0.1174 -0.3021 3.1133 6.0000 1.0540 0.0093 
30.8477 11.0000 2923.0294 0.3130 0.1144 -0.3123 3.1080 6.0000 1.5399 0.0092 
30.8641 11.0000 2934.8791 0.3118 0.1173 -0.3076 3.1119 6.0000 1.0535 0.0092 
30.8608 11.0000 2928.5944 0.3108 0.1148 -0.3079 3.1016 6.0000 1.8038 0.0084 
30.8317 11.0000 2925.7065 0.3092 0.1141 -0.3079 3.1027 6.0000 2.1541 0.0084 
30.8078 11.0000 2912.4408 0.3078 0.1143 -0.3031 3.1069 6.0000 2.0205 0.0084 
30.7784 11.0000 2897.4840 0.3089 0.1136 -0.3055 3.1142 6.0000 1.0585 0.0093 
30.8144 11.0000 2909.1523 0.3139 0.1187 -0.3092 3.1144 6.0000 1.0555 0.0088 
30.7801 11.0000 2898.4245 0.3054 0.1148 -0.3050 3.1086 6.0000 1.4962 0.0079 
30.8007 11.0000 2907.4641 0.3087 0.1155 -0.3054 3.1093 6.0000 1.5404 0.0093 
30.8480 11.0000 2924.3729 0.3121 0.1164 -0.3092 3.1074 6.0000 1.6676 0.0089 
30.8033 11.0000 2905.9324 0.3133 0.1153 -0.3139 3.1042 6.0000 1.4968 0.0089 
30.8268 11.0000 2918.9725 0.3065 0.1153 -0.3022 3.1161 6.0000 1.6233 0.0096 
30.8150 11.0000 2917.5771 0.3134 0.1156 -0.3084 3.1073 7.0000 1.5391 0.0096 
30.8275 11.0000 2918.6993 0.3076 0.1149 -0.3051 3.1044 6.0000 1.6605 0.0078 
30.8324 11.0000 2914.5167 0.3071 0.1147 -0.3043 3.1078 6.0000 1.7601 0.0086 
30.8288 11.0000 2922.1686 0.3100 0.1164 -0.3070 3.1114 6.0000 2.2201 0.0086 
30.8000 11.0000 2908.7441 0.3118 0.1156 -0.3112 3.1067 6.0000 2.1763 0.0086 
30.8435 11.0000 2918.9892 0.3075 0.1137 -0.3061 3.1091 6.0000 1.5864 0.0077 
30.7987 11.0000 2892.5118 0.3145 0.1173 -0.3123 3.1120 6.0000 1.5858 0.0077 
30.7922 11.0000 2904.7935 0.3052 0.1147 -0.3022 3.1036 6.0000 1.6719 0.0077 
30.8114 11.0000 2909.1539 0.3136 0.1174 -0.3097 3.1084 6.0000 1.0563 0.0077 
30.8183 11.0000 2908.2219 0.3101 0.1166 -0.3058 3.1147 6.0000 1.5847 0.0077 
30.7905 11.0000 2895.2944 0.3125 0.1178 -0.3071 3.1107 6.0000 1.5689 0.0077 
30.8448 11.0000 2926.1219 0.3151 0.1167 -0.3125 3.1150 6.0000 1.5425 0.0077 
30.8212 11.0000 2919.8216 0.3075 0.1160 -0.3003 3.1153 6.0000 1.5382 0.0077 
30.7732 11.0000 2886.2180 0.3108 0.1148 -0.3141 3.1086 6.0000 2.2461 0.0077 
30.8000 11.0000 2902.5137 0.3118 0.1174 -0.3102 3.1129 6.0000 2.2847 0.0077 
30.8484 11.0000 2929.8052 0.3115 0.1176 -0.3063 3.1144 6.0000 2.0229 0.0077 
