30.9769 11.0000 2978.8568 0.2899 0.0963 -0.3019 3.2693 7.0000 26.7020 0.0034 
30.9726 11.0000 2974.6075 0.2921 0.0951 -0.3054 3.2707 7.0000 26.6984 0.0032 
30.9835 11.0000 2980.9256 0.2919 0.0956 -0.3040 3.2706 7.0000 25.0285 0.0041 
30.9690 11.0000 2975.0321 0.2957 0.0971 -0.3073 3.2733 7.0000 24.9885 0.0041 
30.9813 11.0000 2982.4434 0.2946 0.0974 -0.3015 3.2732 8.0000 24.0149 0.0036 
30.9677 11.0000 2974.5764 0.2947 0.0964 -0.3099 3.2711 8.0000 23.6165 0.0034 
30.9784 11.0000 2978.4909 0.2965 0.0985 -0.3083 3.2710 6.0000 24.9384 0.0036 
30.9955 11.0000 2986.0374 0.2940 0.0976 -0.3044 3.2693 7.0000 26.5187 0.0041 
30.9613 11.0000 2971.5726 0.2899 0.0950 -0.3003 3.2734 7.0000 25.0685 0.0041 
30.9757 11.0000 2977.5969 0.2905 0.0965 -0.2989 3.2718 7.0000 26.7830 0.0034 
30.9729 11.0000 2974.3477 0.2927 0.0963 -0.3071 3.2684 7.0000 26.6099 0.0034 
30.9760 11.0000 2978.1625 0.2920 0.0971 -0.3007 3.2733 7.0000 2.9487 0.0038 
30.9828 11.0000 2980.1500 0.2962 0.0973 -0.3055 3.2724 7.0000 3.4127 0.0039 
30.9584 11.0000 2969.6868 0.2920 0.0965 -0.3042 3.2681 7.0000 2.6408 0.0039 
30.9711 11.0000 2976.0588 0.2921 0.0983 -0.2998 3.2705 8.0000 5.8860 0.0034 
30.9809 11.0000 2980.0536 0.2905 0.0966 -0.3000 3.2741 7.0000 7.7081 0.0034 
30.9869 11.0000 2980.5868 0.2929 0.0946 -0.3099 3.2672 6.0000 9.5623 0.0038 
30.9864 11.0000 2981.6569 0.2912 0.0954 -0.3037 3.2746 7.0000 8.3355 0.0034 
30.9782 11.0000 2978.0356 0.2899 0.0956 -0.2999 3.2694 7.0000 8.3396 0.0034 
30.9666 11.0000 2974.1420 0.2940 0.0958 -0.3086 3.2711 7.0000 11.0588 0.0036 
30.9539 11.0000 2968.2623 0.2937 0.0985 -0.3020 3.2719 8.0000 8.8019 0.0034 
30.9677 11.0000 2974.6785 0.2902 0.0964 -0.3005 3.2683 7.0000 9.3181 0.0032 
30.9657 11.0000 2973.1425 0.2919 0.0965 -0.3053 3.2687 7.0000 4.1718 0.0036 
30.9653 11.0000 2973.7135 0.2909 0.0956 -0.3030 3.2666 7.0000 4.3521 0.0038 
30.9686 11.0000 2975.7545 0.2941 0.0983 -0.3025 3.2777 7.0000 3.5125 0.0045 
30.9867 11.0000 2983.7790 0.2930 0.0972 -0.3007 3.2716 7.0000 4.0888 0.0036 
30.9760 11.0000 2978.2001 0.2916 0.0970 -0.3025 3.2757 8.0000 4.0860 0.0037 
30.9818 11.0000 2979.1129 0.2942 0.0964 -0.3055 3.2745 8.0000 2.8608 0.0035 
30.9630 11.0000 2971.0821 0.2952 0.0969 -0.3075 3.2716 7.0000 6.5057 0.0033 
30.9657 11.0000 2973.8680 0.2935 0.0977 -0.3028 3.2718 7.0000 9.8793 0.0032 
30.9642 11.0000 2972.3310 0.2906 0.0953 -0.3048 3.2717 7.0000 11.4201 0.0037 
30.9641 11.0000 2972.0530 0.2936 0.0982 -0.3030 3.2687 7.0000 10.3113 0.0037 
30.9753 11.0000 2976.4858 0.2915 0.0962 -0.3019 3.2752 7.0000 9.7462 0.0032 
30.9481 11.0000 2965.2992 0.2919 0.0971 -0.3026 3.2756 7.0000 4.3490 0.0033 
30.9688 11.0000 2975.0920 0.2911 0.0960 -0.3017 3.2721 7.0000 3.0339 0.0035 
30.9797 11.0000 2978.4989 0.2925 0.0961 -0.3044 3.2727 7.0000 4.4294 0.0041 
30.9706 11.0000 2975.8796 0.2901 0.0943 -0.3027 3.2695 7.0000 4.1812 0.0038 
30.9760 11.0000 2978.5487 0.2900 0.0951 -0.3007 3.2705 7.0000 4.3977 0.0033 
30.9833 11.0000 2980.6832 0.2912 0.0959 -0.3023 3.2725 7.0000 4.3507 0.0033 
30.9875 11.0000 2984.0612 0.2898 0.0964 -0.3008 3.2708 7.0000 4.2239 0.0040 
30.9862 11.0000 2980.3936 0.2944 0.0971 -0.3035 3.2749 7.0000 4.3036 0.0031 
30.9733 11.0000 2975.8936 0.2915 0.0965 -0.3021 3.2706 7.0000 4.3025 0.0036 
30.9811 11.0000 2978.4597 0.2910 0.0956 -0.3049 3.2690 7.0000 4.3855 0.0036 
30.9840 11.0000 2981.5795 0.2905 0.0960 -0.3013 3.2672 7.0000 4.2218 0.0030 
30.9675 11.0000 2972.8469 0.2963 0.0990 -0.3053 3.2762 8.0000 4.2691 0.0037 
30.9768 11.0000 2978.2887 0.2919 0.0949 -0.3051 3.2679 7.0000 4.3553 0.0030 
30.9584 11.0000 2970.1247 0.2912 0.0956 -0.3049 3.2712 7.0000 4.1819 0.0041 
30.9764 11.0000 2979.0376 0.2915 0.0964 -0.3023 3.2712 7.0000 4.3541 0.0034 
30.9844 11.0000 2980.5888 0.2909 0.0980 -0.2994 3.2744 7.0000 2.9049 0.0032 
30.9853 11.0000 2981.2246 0.2924 0.0973 -0.2998 3.2713 7.0000 3.4713 0.0030 
30.9633 11.0000 2973.5884 0.2936 0.0969 -0.3028 3.2685 7.0000 4.3191 0.0036 
30.9748 11.0000 2976.8119 0.2911 0.0941 -0.3075 3.2660 7.0000 4.1822 0.0039 
30.9900 11.0000 2982.1647 0.2942 0.0976 -0.3046 3.2711 7.0000 4.3552 0.0038 
30.9942 11.0000 2983.1788 0.2915 0.0959 -0.3034 3.2731 7.0000 4.8820 0.0044 
30.9722 11.0000 2975.3745 0.2910 0.0957 -0.3035 3.2706 7.0000 4.3875 0.0044 
30.9926 11.0000 2983.1973 0.2924 0.0957 -0.3052 3.2728 7.0000 4.3122 0.0031 
30.9606 11.0000 2972.6547 0.2932 0.0975 -0.3025 3.2703 7.0000 3.0379 0.0030 
30.9936 11.0000 2985.3090 0.2928 0.0951 -0.3085 3.2731 7.0000 4.3525 0.0034 
30.9809 11.0000 2979.0615 0.2925 0.0969 -0.3023 3.2706 7.0000 4.3432 0.0030 
30.9889 11.0000 2983.6948 0.2919 0.0950 -0.3037 3.2699 7.0000 4.3548 0.0041 
30.9740 11.0000 2976.7249 0.2938 0.0966 -0.3044 3.2735 7.0000 4.2177 0.0033 
30.9651 11.0000 2972.4526 0.2924 0.0961 -0.3042 3.2719 7.0000 4.4016 0.0039 
30.9693 11.0000 2973.6271 0.2918 0.0955 -0.3059 3.2690 7.0000 4.3139 0.0036 
30.9508 11.0000 2966.2520 0.2914 0.0974 -0.3014 3.2693 7.0000 4.3124 0.0030 
30.9837 11.0000 2980.5432 0.2922 0.0952 -0.3056 3.2720 7.0000 4.3089 0.0035 
30.9951 11.0000 2986.3408 0.2936 0.0957 -0.3063 3.2678 7.0000 4.3541 0.0035 
30.9909 11.0000 2984.0719 0.2886 0.0954 -0.2992 3.2663 7.0000 3.0784 0.0037 
30.9822 11.0000 2981.2126 0.2912 0.0963 -0.3018 3.2688 7.0000 4.3529 0.0036 
30.9931 11.0000 2984.2511 0.2944 0.0961 -0.3049 3.2640 7.0000 3.1203 0.0037 
30.9857 11.0000 2981.1481 0.2902 0.0957 -0.3012 3.2726 7.0000 4.4451 0.0037 
30.9611 11.0000 2971.2141 0.2934 0.0962 -0.3067 3.2689 7.0000 4.3519 0.0035 
30.9659 11.0000 2974.4267 0.2913 0.0970 -0.3007 3.2747 7.0000 4.4433 0.0034 
30.9755 11.0000 2976.8166 0.2913 0.0966 -0.2990 3.2710 7.0000 4.4585 0.0033 
30.9931 11.0000 2984.5477 0.2942 0.0989 -0.2984 3.2697 8.0000 3.1233 0.0031 
30.9729 11.0000 2975.6164 0.2910 0.0955 -0.3042 3.2724 7.0000 4.3532 0.0034 
30.9775 11.0000 2980.6512 0.2915 0.0971 -0.2999 3.2708 7.0000 4.3538 0.0033 
30.9815 11.0000 2980.0265 0.2916 0.0963 -0.3007 3.2735 8.0000 5.2279 0.0050 
30.9749 11.0000 2977.6578 0.2917 0.0963 -0.3011 3.2663 7.0000 5.4047 0.0050 
30.9719 11.0000 2976.4791 0.2916 0.0956 -0.3056 3.2700 7.0000 4.3939 0.0034 
30.9731 11.0000 2976.2729 0.2920 0.0955 -0.3064 3.2671 7.0000 3.4331 0.0035 
30.9782 11.0000 2977.3856 0.2930 0.0961 -0.3028 3.2672 6.0000 4.4878 0.0030 
30.9808 11.0000 2978.0171 0.2915 0.0957 -0.3036 3.2688 6.0000 4.3539 0.0032 
30.9915 11.0000 2983.5287 0.2936 0.0968 -0.3041 3.2728 7.0000 4.4846 0.0041 
30.9847 11.0000 2981.2400 0.2905 0.0965 -0.3003 3.2729 7.0000 4.3989 0.0035 
30.9857 11.0000 2983.9477 0.2917 0.0962 -0.3040 3.2675 7.0000 4.3981 0.0033 
30.9806 11.0000 2979.2584 0.2919 0.0966 -0.3026 3.2690 7.0000 4.3080 0.0046 
30.9332 11.0000 2959.3967 0.2928 0.0980 -0.3021 3.2772 7.0000 4.3524 0.0033 
30.9653 11.0000 2974.6158 0.2930 0.0960 -0.3064 3.2662 7.0000 5.2699 0.0038 
30.9797 11.0000 2977.5581 0.2910 0.0957 -0.3012 3.2682 7.0000 5.3657 0.0038 
30.9824 11.0000 2979.7836 0.2934 0.0962 -0.3062 3.2725 7.0000 4.9218 0.0045 
30.9946 11.0000 2985.3548 0.2932 0.0972 -0.3022 3.2709 7.0000 4.4381 0.0045 
30.9887 11.0000 2981.6696 0.2944 0.0961 -0.3068 3.2731 7.0000 4.5219 0.0045 
30.9434 11.0000 2963.9434 0.2938 0.0957 -0.3072 3.2690 7.0000 4.5303 0.0045 
30.9601 11.0000 2973.9481 0.2889 0.0950 -0.3015 3.2707 7.0000 3.0308 0.0045 
30.9797 11.0000 2980.1420 0.2945 0.0984 -0.3008 3.2714 7.0000 4.4861 0.0045 
30.9844 11.0000 2981.9366 0.2911 0.0945 -0.3042 3.2681 7.0000 4.8739 0.0045 
30.9849 11.0000 2979.1801 0.2966 0.0978 -0.3067 3.2723 7.0000 4.5295 0.0045 
30.9695 11.0000 2975.1454 0.2911 0.0953 -0.3047 3.2701 7.0000 4.6036 0.0045 
30.9773 11.0000 2978.2288 0.2937 0.0965 -0.3045 3.2661 7.0000 5.2695 0.0045 
30.9479 11.0000 2966.5763 0.2901 0.0965 -0.3017 3.2731 7.0000 5.4454 0.0045 
