30.6057 11.0000 2814.4749 0.2754 0.1134 -0.3007 2.9435 5.0000 4.0171 0.0154 
30.6476 11.0000 2831.2734 0.2783 0.1151 -0.3027 2.9445 6.0000 3.9385 0.0151 
30.6182 11.0000 2823.7516 0.2723 0.1135 -0.2953 2.9453 5.0000 4.1045 0.0151 
30.5583 11.0000 2797.6683 0.2718 0.1127 -0.2959 2.9477 6.0000 3.9277 0.0169 
30.5294 11.0000 2786.1830 0.2721 0.1137 -0.2978 2.9432 5.0000 3.7468 0.0154 
30.5621 11.0000 2791.8715 0.2694 0.1144 -0.2923 2.9499 6.0000 3.7889 0.0139 
30.7032 11.0000 2851.3502 0.2758 0.1140 -0.3011 2.9464 5.0000 3.9238 0.0126 
30.6236 11.0000 2824.1149 0.2767 0.1149 -0.3002 2.9461 6.0000 4.2296 0.0126 
30.5670 11.0000 2791.8720 0.2726 0.1125 -0.2993 2.9492 6.0000 4.1384 0.0126 
30.5338 11.0000 2785.0942 0.2797 0.1140 -0.3102 2.9483 6.0000 4.1961 0.0169 
30.6089 11.0000 2813.3110 0.2749 0.1130 -0.3013 2.9441 5.0000 4.1973 0.0154 
30.6367 11.0000 2831.8775 0.2759 0.1134 -0.3019 2.9410 5.0000 0.5237 0.0155 
30.6149 11.0000 2815.5349 0.2738 0.1126 -0.3037 2.9412 5.0000 0.7030 0.0165 
30.6607 11.0000 2833.3132 0.2713 0.1104 -0.2961 2.9445 6.0000 1.1846 0.0150 
30.5708 11.0000 2798.9237 0.2784 0.1151 -0.3066 2.9422 5.0000 1.2978 0.0127 
30.7004 11.0000 2848.6454 0.2754 0.1137 -0.3015 2.9375 6.0000 1.2932 0.0147 
30.6737 11.0000 2838.7206 0.2668 0.1122 -0.2881 2.9433 6.0000 2.6477 0.0153 
30.5839 11.0000 2807.6209 0.2768 0.1146 -0.3051 2.9480 5.0000 2.1617 0.0154 
30.5594 11.0000 2796.0414 0.2703 0.1137 -0.2932 2.9465 5.0000 2.4483 0.0154 
30.6296 11.0000 2825.5763 0.2707 0.1135 -0.2922 2.9474 5.0000 2.1939 0.0156 
30.6541 11.0000 2831.0463 0.2748 0.1115 -0.3003 2.9407 6.0000 2.0154 0.0154 
30.5817 11.0000 2805.5931 0.2724 0.1121 -0.2989 2.9428 5.0000 1.8918 0.0154 
30.6122 11.0000 2812.6765 0.2742 0.1131 -0.3032 2.9457 5.0000 0.4840 0.0161 
30.6285 11.0000 2816.9194 0.2783 0.1135 -0.3068 2.9390 6.0000 0.7016 0.0159 
30.6373 11.0000 2826.1253 0.2749 0.1097 -0.3007 2.9388 7.0000 0.7029 0.0150 
30.6972 11.0000 2843.3486 0.2759 0.1130 -0.3008 2.9440 5.0000 0.4827 0.0158 
30.6084 11.0000 2811.6356 0.2727 0.1126 -0.3011 2.9446 5.0000 0.6596 0.0112 
30.6182 11.0000 2817.9194 0.2801 0.1156 -0.3083 2.9429 5.0000 0.7002 0.0156 
30.6155 11.0000 2804.6645 0.2724 0.1119 -0.3021 2.9463 5.0000 0.6573 0.0156 
30.6182 11.0000 2821.0468 0.2726 0.1115 -0.2970 2.9443 6.0000 1.2700 0.0157 
30.6013 11.0000 2812.3061 0.2730 0.1140 -0.3018 2.9430 6.0000 1.2306 0.0157 
30.6035 11.0000 2809.3546 0.2695 0.1110 -0.2982 2.9463 5.0000 1.2304 0.0157 
30.5926 11.0000 2809.2309 0.2720 0.1121 -0.2997 2.9430 5.0000 1.2287 0.0161 
30.5991 11.0000 2803.6797 0.2730 0.1124 -0.2988 2.9464 6.0000 0.4834 0.0162 
30.6029 11.0000 2812.2783 0.2705 0.1131 -0.2935 2.9458 6.0000 0.4838 0.0154 
30.6258 11.0000 2822.2908 0.2797 0.1134 -0.3083 2.9422 5.0000 0.6933 0.0148 
30.7418 11.0000 2867.5866 0.2713 0.1114 -0.2945 2.9373 5.0000 0.6986 0.0148 
30.6078 11.0000 2817.1078 0.2730 0.1108 -0.3005 2.9430 5.0000 0.6614 0.0148 
30.6334 11.0000 2814.3796 0.2689 0.1136 -0.2950 2.9442 5.0000 0.7909 0.0155 
30.6073 11.0000 2807.5899 0.2681 0.1113 -0.2964 2.9449 5.0000 0.7477 0.0155 
30.5942 11.0000 2802.9444 0.2739 0.1130 -0.3012 2.9473 5.0000 0.6985 0.0162 
30.6193 11.0000 2826.1019 0.2763 0.1149 -0.2996 2.9510 6.0000 1.0523 0.0161 
30.5937 11.0000 2814.7249 0.2689 0.1123 -0.2932 2.9465 5.0000 1.0938 0.0161 
30.5910 11.0000 2804.5893 0.2671 0.1098 -0.2948 2.9442 6.0000 1.0524 0.0161 
30.6149 11.0000 2817.0245 0.2731 0.1120 -0.3015 2.9421 5.0000 0.6630 0.0167 
30.6345 11.0000 2827.8377 0.2733 0.1125 -0.3011 2.9400 6.0000 0.4850 0.0155 
30.6345 11.0000 2822.5937 0.2677 0.1108 -0.2952 2.9413 6.0000 0.7025 0.0136 
30.6612 11.0000 2838.5261 0.2724 0.1116 -0.2969 2.9434 5.0000 1.1003 0.0148 
30.6122 11.0000 2825.5507 0.2688 0.1096 -0.2925 2.9427 6.0000 1.0969 0.0170 
30.6133 11.0000 2806.3649 0.2726 0.1116 -0.3023 2.9402 5.0000 0.4857 0.0170 
30.5817 11.0000 2801.8050 0.2755 0.1119 -0.3052 2.9464 5.0000 0.7398 0.0151 
30.5773 11.0000 2802.5403 0.2771 0.1135 -0.3074 2.9460 5.0000 0.6990 0.0156 
30.5915 11.0000 2814.7565 0.2777 0.1145 -0.3032 2.9385 6.0000 0.4844 0.0136 
30.5953 11.0000 2806.6068 0.2741 0.1117 -0.3038 2.9410 6.0000 0.7058 0.0146 
30.6590 11.0000 2850.3110 0.2677 0.1121 -0.2877 2.9414 5.0000 1.0448 0.0163 
30.5942 11.0000 2795.9139 0.2698 0.1132 -0.2967 2.9484 5.0000 1.1385 0.0163 
30.6705 11.0000 2857.5349 0.2682 0.1110 -0.2901 2.9414 6.0000 1.1006 0.0163 
30.6008 11.0000 2812.5060 0.2736 0.1136 -0.2986 2.9478 6.0000 0.5305 0.0151 
30.5681 11.0000 2805.1100 0.2716 0.1118 -0.2962 2.9466 6.0000 0.7496 0.0166 
30.5969 11.0000 2811.4156 0.2718 0.1129 -0.2979 2.9448 5.0000 0.7807 0.0144 
30.6318 11.0000 2817.2418 0.2708 0.1130 -0.2986 2.9400 6.0000 0.8220 0.0148 
30.6236 11.0000 2827.4717 0.2776 0.1134 -0.3048 2.9426 5.0000 0.7012 0.0151 
30.6106 11.0000 2812.4052 0.2695 0.1121 -0.2956 2.9427 5.0000 0.6616 0.0151 
30.6394 11.0000 2826.8894 0.2752 0.1139 -0.2995 2.9416 5.0000 0.7034 0.0168 
30.5866 11.0000 2806.9063 0.2761 0.1116 -0.3056 2.9447 6.0000 0.7053 0.0167 
30.6411 11.0000 2833.5289 0.2782 0.1150 -0.3045 2.9470 5.0000 1.1827 0.0141 
30.5910 11.0000 2813.2511 0.2707 0.1118 -0.2955 2.9430 6.0000 1.1419 0.0141 
30.6242 11.0000 2810.3328 0.2700 0.1102 -0.3007 2.9444 5.0000 1.0545 0.0141 
30.5784 11.0000 2804.3192 0.2703 0.1131 -0.2938 2.9443 6.0000 0.4860 0.0154 
30.6454 11.0000 2833.6857 0.2767 0.1128 -0.3032 2.9441 6.0000 0.7035 0.0128 
30.6340 11.0000 2826.4831 0.2773 0.1133 -0.3017 2.9442 5.0000 0.7035 0.0148 
30.6247 11.0000 2809.4417 0.2760 0.1133 -0.3041 2.9404 6.0000 0.7029 0.0150 
30.6917 11.0000 2839.3203 0.2780 0.1150 -0.3028 2.9436 6.0000 0.7050 0.0158 
30.5735 11.0000 2792.9036 0.2710 0.1124 -0.2988 2.9476 5.0000 0.7042 0.0165 
30.6166 11.0000 2825.5310 0.2714 0.1126 -0.2985 2.9423 5.0000 0.7050 0.0136 
30.5763 11.0000 2806.8333 0.2699 0.1135 -0.2929 2.9456 5.0000 0.7445 0.0170 
30.6536 11.0000 2835.7794 0.2719 0.1105 -0.3001 2.9335 5.0000 0.7430 0.0159 
30.5882 11.0000 2823.0768 0.2701 0.1118 -0.2947 2.9492 6.0000 1.0041 0.0178 
30.6781 11.0000 2840.6171 0.2734 0.1120 -0.3011 2.9363 5.0000 1.0550 0.0159 
30.6324 11.0000 2829.5763 0.2685 0.1125 -0.2909 2.9475 5.0000 1.0153 0.0178 
30.6939 11.0000 2844.0779 0.2774 0.1132 -0.3062 2.9419 5.0000 0.7057 0.0162 
30.5670 11.0000 2803.2004 0.2776 0.1114 -0.3103 2.9449 5.0000 0.7038 0.0151 
30.6285 11.0000 2824.2075 0.2693 0.1125 -0.2944 2.9454 5.0000 0.4858 0.0164 
30.5812 11.0000 2796.0158 0.2692 0.1135 -0.2940 2.9454 6.0000 0.7040 0.0140 
30.6029 11.0000 2808.8851 0.2738 0.1117 -0.3022 2.9450 5.0000 0.6863 0.0145 
30.6699 11.0000 2836.5763 0.2745 0.1126 -0.3040 2.9418 5.0000 0.7221 0.0158 
30.5997 11.0000 2804.1035 0.2702 0.1123 -0.2946 2.9490 5.0000 0.7033 0.0148 
30.6269 11.0000 2816.8355 0.2729 0.1121 -0.3011 2.9368 5.0000 0.9674 0.0135 
30.5419 11.0000 2785.9341 0.2760 0.1129 -0.3054 2.9419 5.0000 0.7470 0.0135 
30.6618 11.0000 2840.1100 0.2748 0.1114 -0.3030 2.9419 5.0000 0.7036 0.0153 
30.5904 11.0000 2811.3519 0.2718 0.1130 -0.2962 2.9485 5.0000 0.6629 0.0153 
30.5844 11.0000 2802.7919 0.2743 0.1114 -0.3031 2.9387 5.0000 0.7045 0.0153 
30.6247 11.0000 2824.8976 0.2726 0.1128 -0.3002 2.9428 5.0000 0.5252 0.0135 
30.6585 11.0000 2846.3491 0.2718 0.1133 -0.2931 2.9443 5.0000 0.7027 0.0153 
30.6438 11.0000 2828.1285 0.2698 0.1098 -0.3036 2.9389 5.0000 0.7041 0.0153 
30.6019 11.0000 2809.6955 0.2754 0.1124 -0.3053 2.9441 5.0000 0.7046 0.0153 
30.6324 11.0000 2824.3557 0.2746 0.1128 -0.3022 2.9431 5.0000 0.7453 0.0153 
30.6727 11.0000 2822.2244 0.2677 0.1127 -0.2916 2.9371 5.0000 0.7033 0.0153 
30.5267 11.0000 2773.1993 0.2750 0.1127 -0.3046 2.9432 6.0000 1.0566 0.0153 
30.6193 11.0000 2818.1182 0.2730 0.1119 -0.2993 2.9448 6.0000 0.7360 0.0153 
