30.6541 11.0000 2822.6694 0.2543 0.1053 -0.2939 2.9341 5.0000 4.6921 0.0135 
30.6596 11.0000 2831.5610 0.2539 0.1036 -0.2955 2.9343 5.0000 3.9454 0.0135 
30.6225 11.0000 2802.8284 0.2476 0.1031 -0.2871 2.9344 6.0000 3.8249 0.0135 
30.6160 11.0000 2807.6356 0.2536 0.1041 -0.2939 2.9335 6.0000 4.3497 0.0135 
30.6356 11.0000 2816.7832 0.2534 0.1040 -0.2954 2.9396 6.0000 4.3424 0.0112 
30.6411 11.0000 2817.0621 0.2493 0.1008 -0.2945 2.9331 5.0000 4.3469 0.0112 
30.6356 11.0000 2812.7723 0.2545 0.1051 -0.2960 2.9359 5.0000 4.6452 0.0135 
30.6846 11.0000 2838.0594 0.2550 0.1038 -0.2990 2.9360 6.0000 4.6479 0.0135 
30.6536 11.0000 2827.4379 0.2497 0.1041 -0.2880 2.9356 6.0000 4.3925 0.0135 
30.6786 11.0000 2834.9891 0.2481 0.1029 -0.2870 2.9354 6.0000 4.3880 0.0141 
30.6138 11.0000 2815.1678 0.2479 0.1048 -0.2840 2.9434 5.0000 4.0320 0.0135 
30.7429 11.0000 2886.9820 0.2491 0.1032 -0.2853 2.9329 5.0000 0.4853 0.0153 
30.6465 11.0000 2821.8143 0.2552 0.1048 -0.2972 2.9397 5.0000 0.6991 0.0141 
30.6732 11.0000 2827.1057 0.2487 0.1021 -0.2906 2.9351 5.0000 0.6588 0.0151 
30.6661 11.0000 2837.3611 0.2512 0.1046 -0.2907 2.9313 5.0000 3.4530 0.0129 
30.6607 11.0000 2832.6340 0.2487 0.1019 -0.2912 2.9315 5.0000 2.1856 0.0122 
30.6836 11.0000 2837.7538 0.2491 0.1036 -0.2848 2.9370 5.0000 3.5748 0.0136 
30.6569 11.0000 2837.2903 0.2488 0.1034 -0.2831 2.9370 5.0000 2.6628 0.0127 
30.6825 11.0000 2846.3791 0.2503 0.1032 -0.2875 2.9374 7.0000 2.9744 0.0127 
30.6721 11.0000 2826.3524 0.2540 0.1041 -0.2945 2.9371 6.0000 2.3664 0.0114 
30.6040 11.0000 2800.8001 0.2525 0.1053 -0.2923 2.9431 5.0000 2.7631 0.0123 
30.6182 11.0000 2807.0528 0.2475 0.1024 -0.2877 2.9410 5.0000 2.3268 0.0127 
30.6699 11.0000 2829.3039 0.2548 0.1042 -0.2988 2.9370 5.0000 0.7465 0.0128 
30.7347 11.0000 2856.1901 0.2546 0.1033 -0.2966 2.9344 5.0000 0.4874 0.0142 
30.6558 11.0000 2835.2315 0.2533 0.1050 -0.2922 2.9338 6.0000 0.7472 0.0123 
30.6236 11.0000 2821.7113 0.2550 0.1036 -0.2968 2.9346 6.0000 0.7475 0.0123 
30.7119 11.0000 2840.1024 0.2508 0.1051 -0.2878 2.9403 5.0000 0.7062 0.0128 
30.6917 11.0000 2833.4630 0.2525 0.1041 -0.2927 2.9413 6.0000 0.7501 0.0130 
30.6961 11.0000 2836.9134 0.2511 0.1024 -0.2931 2.9327 5.0000 0.7050 0.0125 
30.7075 11.0000 2846.0882 0.2550 0.1048 -0.2941 2.9392 6.0000 0.8327 0.0123 
30.6585 11.0000 2825.0501 0.2546 0.1050 -0.2943 2.9336 5.0000 1.1839 0.0134 
30.6961 11.0000 2845.0697 0.2522 0.1034 -0.2923 2.9352 5.0000 1.3156 0.0134 
30.6944 11.0000 2846.4080 0.2501 0.1034 -0.2897 2.9324 5.0000 1.1422 0.0134 
30.6503 11.0000 2839.6209 0.2481 0.1040 -0.2839 2.9346 5.0000 0.7891 0.0135 
30.7037 11.0000 2848.3197 0.2506 0.1036 -0.2897 2.9363 5.0000 0.7481 0.0138 
30.7092 11.0000 2846.8050 0.2503 0.1014 -0.2922 2.9341 5.0000 0.6100 0.0138 
30.6928 11.0000 2838.2800 0.2505 0.1038 -0.2887 2.9347 5.0000 0.9028 0.0127 
30.6449 11.0000 2830.4314 0.2549 0.1051 -0.2945 2.9368 5.0000 1.6993 0.0142 
30.7004 11.0000 2845.0708 0.2562 0.1046 -0.2954 2.9324 5.0000 1.7574 0.0143 
30.6874 11.0000 2835.6476 0.2511 0.1032 -0.2932 2.9408 6.0000 1.3590 0.0143 
30.6770 11.0000 2834.9139 0.2508 0.1059 -0.2878 2.9413 5.0000 0.7489 0.0114 
30.6656 11.0000 2835.3704 0.2455 0.1014 -0.2838 2.9339 5.0000 1.2692 0.0131 
30.6743 11.0000 2843.2151 0.2538 0.1049 -0.2939 2.9342 6.0000 1.3983 0.0131 
30.6634 11.0000 2839.6808 0.2511 0.1034 -0.2870 2.9351 5.0000 1.2330 0.0131 
30.6721 11.0000 2833.2293 0.2508 0.1035 -0.2901 2.9370 5.0000 0.5293 0.0131 
30.6634 11.0000 2836.9161 0.2540 0.1025 -0.2986 2.9296 5.0000 0.7900 0.0145 
30.6955 11.0000 2848.9183 0.2542 0.1025 -0.2979 2.9304 5.0000 0.6055 0.0142 
30.6492 11.0000 2839.8704 0.2516 0.1030 -0.2920 2.9366 6.0000 0.7485 0.0134 
30.6520 11.0000 2829.1117 0.2497 0.1028 -0.2883 2.9359 5.0000 1.0100 0.0127 
30.6574 11.0000 2829.1558 0.2492 0.1044 -0.2888 2.9371 5.0000 0.9570 0.0127 
30.7358 11.0000 2868.4989 0.2507 0.1026 -0.2918 2.9248 5.0000 0.7439 0.0139 
30.6836 11.0000 2842.0033 0.2543 0.1035 -0.2957 2.9342 5.0000 0.7458 0.0120 
30.6634 11.0000 2832.7576 0.2501 0.1035 -0.2904 2.9357 5.0000 1.6613 0.0156 
30.6520 11.0000 2823.3480 0.2465 0.1018 -0.2876 2.9367 5.0000 2.1548 0.0156 
30.6977 11.0000 2843.5501 0.2486 0.1061 -0.2844 2.9347 5.0000 2.0644 0.0156 
30.6601 11.0000 2831.7996 0.2591 0.1050 -0.2983 2.9373 6.0000 1.5411 0.0144 
30.6422 11.0000 2820.0855 0.2537 0.1041 -0.2948 2.9374 6.0000 0.7488 0.0160 
30.6460 11.0000 2823.8072 0.2484 0.1041 -0.2874 2.9333 6.0000 0.7506 0.0143 
30.6748 11.0000 2833.0817 0.2516 0.1044 -0.2913 2.9395 5.0000 0.5293 0.0152 
30.6955 11.0000 2846.7249 0.2519 0.1015 -0.2954 2.9332 5.0000 0.7490 0.0128 
30.7402 11.0000 2856.4984 0.2497 0.1041 -0.2846 2.9337 5.0000 0.7846 0.0141 
30.6612 11.0000 2832.4717 0.2508 0.1036 -0.2914 2.9349 5.0000 0.8761 0.0143 
30.7168 11.0000 2853.3894 0.2507 0.1045 -0.2881 2.9400 6.0000 0.7915 0.0133 
30.6089 11.0000 2815.7309 0.2473 0.1031 -0.2871 2.9400 6.0000 0.7907 0.0137 
30.6106 11.0000 2807.0016 0.2525 0.1018 -0.2975 2.9325 6.0000 1.1450 0.0121 
30.7032 11.0000 2843.8687 0.2499 0.1043 -0.2879 2.9393 5.0000 1.3586 0.0121 
30.5975 11.0000 2807.3361 0.2488 0.1037 -0.2892 2.9388 5.0000 1.1438 0.0121 
30.6476 11.0000 2834.2958 0.2515 0.1043 -0.2892 2.9329 5.0000 0.7493 0.0125 
30.6536 11.0000 2832.6302 0.2483 0.1040 -0.2856 2.9359 5.0000 1.0994 0.0139 
30.6209 11.0000 2821.5926 0.2482 0.1031 -0.2893 2.9353 5.0000 0.7910 0.0121 
30.6923 11.0000 2850.3007 0.2537 0.1037 -0.2956 2.9328 5.0000 0.7896 0.0143 
30.6547 11.0000 2825.8426 0.2496 0.1033 -0.2878 2.9429 5.0000 0.7470 0.0128 
30.6797 11.0000 2832.7625 0.2492 0.1046 -0.2896 2.9311 5.0000 0.7901 0.0118 
30.6667 11.0000 2842.2320 0.2452 0.1017 -0.2818 2.9396 6.0000 0.7911 0.0138 
30.7135 11.0000 2851.9842 0.2495 0.1021 -0.2904 2.9355 5.0000 0.7921 0.0153 
30.6934 11.0000 2837.0763 0.2487 0.1023 -0.2891 2.9346 6.0000 1.5712 0.0143 
30.6754 11.0000 2834.7685 0.2492 0.1035 -0.2848 2.9419 5.0000 2.3244 0.0142 
30.6465 11.0000 2823.9145 0.2487 0.1025 -0.2908 2.9350 5.0000 2.1549 0.0142 
30.7042 11.0000 2850.1699 0.2532 0.1060 -0.2895 2.9332 6.0000 2.1081 0.0135 
30.6596 11.0000 2829.6612 0.2528 0.1037 -0.2943 2.9340 5.0000 0.5288 0.0127 
30.6476 11.0000 2829.7544 0.2487 0.1030 -0.2882 2.9372 6.0000 0.7880 0.0118 
30.7233 11.0000 2860.8954 0.2539 0.1032 -0.2915 2.9306 5.0000 0.7903 0.0132 
30.6939 11.0000 2848.9728 0.2531 0.1026 -0.2967 2.9284 6.0000 0.5295 0.0118 
30.6623 11.0000 2836.1863 0.2436 0.1030 -0.2766 2.9358 5.0000 0.7899 0.0142 
30.6972 11.0000 2836.6416 0.2506 0.1029 -0.2916 2.9358 5.0000 0.7506 0.0132 
30.6187 11.0000 2809.5468 0.2509 0.1035 -0.2922 2.9382 5.0000 0.7400 0.0138 
30.6721 11.0000 2845.5986 0.2475 0.1033 -0.2798 2.9354 5.0000 0.7507 0.0138 
30.6492 11.0000 2827.7042 0.2502 0.1032 -0.2925 2.9324 5.0000 0.7496 0.0138 
30.6525 11.0000 2828.6934 0.2467 0.1030 -0.2851 2.9383 5.0000 0.7832 0.0117 
30.6585 11.0000 2838.3028 0.2486 0.1054 -0.2810 2.9318 5.0000 1.4548 0.0152 
30.7228 11.0000 2852.2239 0.2553 0.1050 -0.2933 2.9338 5.0000 1.4508 0.0152 
30.7184 11.0000 2854.2337 0.2560 0.1030 -0.2998 2.9347 6.0000 0.8705 0.0152 
30.6830 11.0000 2835.6019 0.2451 0.1040 -0.2809 2.9381 5.0000 0.7903 0.0152 
30.6514 11.0000 2831.7277 0.2534 0.1019 -0.2978 2.9316 5.0000 0.7907 0.0152 
30.6814 11.0000 2848.2870 0.2495 0.1036 -0.2877 2.9300 6.0000 0.7505 0.0152 
30.6645 11.0000 2830.5398 0.2524 0.1060 -0.2912 2.9402 6.0000 0.7885 0.0152 
30.6432 11.0000 2826.1198 0.2476 0.1030 -0.2876 2.9364 5.0000 1.8352 0.0152 
30.6999 11.0000 2845.6062 0.2529 0.1045 -0.2935 2.9376 5.0000 1.9260 0.0152 
30.7266 11.0000 2870.1051 0.2507 0.1056 -0.2818 2.9332 6.0000 1.8002 0.0152 
30.6198 11.0000 2814.6868 0.2546 0.1031 -0.2972 2.9340 5.0000 0.7916 0.0152 
