30.9071 1.0000 2950.8894 0.2216 0.0733 -0.2897 3.1221 6.0000 14.5854 0.0063 
30.9112 1.0000 2950.5310 0.2218 0.0736 -0.2905 3.1254 6.0000 14.9380 0.0063 
30.9131 1.0000 2951.9235 0.2252 0.0742 -0.2958 3.1248 6.0000 12.5183 0.0060 
30.9178 1.0000 2948.1356 0.2273 0.0741 -0.2984 3.1252 7.0000 15.1148 0.0060 
30.8998 1.0000 2939.6612 0.2243 0.0749 -0.2917 3.1319 6.0000 15.2458 0.0049 
30.8922 1.0000 2940.1266 0.2220 0.0731 -0.2914 3.1257 6.0000 14.3666 0.0063 
30.9060 1.0000 2951.0711 0.2216 0.0730 -0.2904 3.1231 6.0000 14.6752 0.0063 
30.9055 1.0000 2947.4297 0.2244 0.0739 -0.2940 3.1277 6.0000 14.8493 0.0063 
30.8930 1.0000 2945.5452 0.2240 0.0735 -0.2938 3.1256 6.0000 14.8601 0.0063 
30.8581 1.0000 2917.2813 0.2259 0.0735 -0.2996 3.1238 6.0000 12.9154 0.0049 
30.8968 1.0000 2946.0011 0.2229 0.0747 -0.2901 3.1271 7.0000 13.3120 0.0060 
30.9022 1.0000 2946.6678 0.2244 0.0733 -0.2967 3.1285 7.0000 3.1146 0.0062 
30.9031 1.0000 2939.7781 0.2249 0.0735 -0.2953 3.1205 6.0000 2.8814 0.0069 
30.9357 1.0000 2958.7399 0.2230 0.0737 -0.2940 3.1262 6.0000 1.8437 0.0059 
30.9134 1.0000 2952.6065 0.2258 0.0748 -0.2939 3.1237 7.0000 2.0702 0.0049 
30.8905 1.0000 2943.5395 0.2211 0.0741 -0.2897 3.1274 6.0000 2.1567 0.0049 
30.8736 1.0000 2930.3565 0.2233 0.0731 -0.2939 3.1277 6.0000 3.5466 0.0059 
30.9101 1.0000 2952.2334 0.2227 0.0734 -0.2928 3.1284 7.0000 3.1975 0.0056 
30.9286 1.0000 2958.2141 0.2189 0.0732 -0.2885 3.1273 6.0000 4.7667 0.0062 
30.9077 1.0000 2941.5689 0.2211 0.0734 -0.2924 3.1287 7.0000 5.2733 0.0062 
30.9267 1.0000 2957.0395 0.2241 0.0730 -0.2924 3.1234 6.0000 5.1523 0.0054 
30.9033 1.0000 2942.5575 0.2217 0.0736 -0.2918 3.1284 6.0000 4.9221 0.0054 
30.8960 1.0000 2938.2582 0.2255 0.0735 -0.2963 3.1229 6.0000 1.6288 0.0058 
30.8731 1.0000 2929.7576 0.2233 0.0738 -0.2957 3.1250 6.0000 1.6721 0.0061 
30.9365 1.0000 2960.7549 0.2221 0.0733 -0.2914 3.1245 6.0000 2.5056 0.0058 
30.9050 1.0000 2943.1917 0.2229 0.0735 -0.2958 3.1232 6.0000 2.3735 0.0060 
30.9096 1.0000 2949.2647 0.2196 0.0725 -0.2904 3.1286 7.0000 2.1120 0.0060 
30.9131 1.0000 2954.0760 0.2175 0.0724 -0.2862 3.1248 6.0000 1.6730 0.0063 
30.8965 1.0000 2943.0569 0.2233 0.0742 -0.2930 3.1298 6.0000 2.5944 0.0055 
30.9197 1.0000 2949.2211 0.2244 0.0734 -0.2959 3.1244 7.0000 2.4614 0.0067 
30.9420 1.0000 2964.5381 0.2222 0.0741 -0.2919 3.1238 7.0000 2.8207 0.0067 
30.9022 1.0000 2947.3382 0.2217 0.0733 -0.2908 3.1273 6.0000 2.7768 0.0062 
30.9085 1.0000 2945.1002 0.2246 0.0742 -0.2958 3.1302 6.0000 2.8986 0.0065 
30.8976 1.0000 2944.0150 0.2227 0.0738 -0.2947 3.1249 6.0000 2.4611 0.0072 
30.8908 1.0000 2935.9853 0.2223 0.0730 -0.2932 3.1263 6.0000 2.3770 0.0062 
30.9082 1.0000 2947.5978 0.2248 0.0732 -0.2960 3.1226 7.0000 1.8640 0.0054 
30.9006 1.0000 2945.9975 0.2262 0.0741 -0.2979 3.1247 6.0000 2.4629 0.0066 
30.9074 1.0000 2949.1985 0.2215 0.0729 -0.2933 3.1253 6.0000 2.2851 0.0055 
30.9150 1.0000 2944.3935 0.2236 0.0729 -0.2971 3.1258 6.0000 2.2877 0.0060 
30.8810 1.0000 2942.1580 0.2230 0.0738 -0.2933 3.1254 6.0000 2.5926 0.0056 
30.8949 1.0000 2944.9474 0.2231 0.0732 -0.2936 3.1250 6.0000 2.4021 0.0062 
30.8851 1.0000 2936.3015 0.2208 0.0731 -0.2936 3.1252 7.0000 2.6650 0.0062 
30.8864 1.0000 2930.8088 0.2253 0.0739 -0.2996 3.1247 6.0000 2.5084 0.0072 
30.8649 1.0000 2921.9175 0.2256 0.0736 -0.2988 3.1244 6.0000 2.6384 0.0072 
30.9199 1.0000 2951.2546 0.2247 0.0736 -0.2938 3.1279 6.0000 2.4635 0.0057 
30.8960 1.0000 2941.9690 0.2196 0.0734 -0.2889 3.1230 7.0000 1.6738 0.0065 
30.8818 1.0000 2934.9450 0.2225 0.0733 -0.2935 3.1272 6.0000 2.4587 0.0062 
30.9001 1.0000 2940.9864 0.2267 0.0743 -0.2979 3.1235 6.0000 2.4975 0.0063 
30.9156 1.0000 2951.2203 0.2245 0.0742 -0.2931 3.1288 7.0000 2.6403 0.0049 
30.9123 1.0000 2949.8679 0.2224 0.0747 -0.2893 3.1309 6.0000 2.4639 0.0049 
30.8965 1.0000 2943.7418 0.2230 0.0741 -0.2943 3.1257 6.0000 2.5519 0.0051 
30.8995 1.0000 2942.4224 0.2258 0.0743 -0.2974 3.1245 6.0000 2.5501 0.0067 
30.8652 1.0000 2929.5547 0.2208 0.0730 -0.2925 3.1271 6.0000 2.4646 0.0067 
30.8965 1.0000 2930.9643 0.2217 0.0724 -0.2938 3.1210 6.0000 2.9054 0.0070 
30.9107 1.0000 2952.7516 0.2220 0.0728 -0.2910 3.1217 6.0000 3.1165 0.0068 
30.8935 1.0000 2938.2486 0.2236 0.0734 -0.2949 3.1256 6.0000 1.7617 0.0071 
30.8845 1.0000 2933.5221 0.2238 0.0746 -0.2944 3.1278 7.0000 1.7175 0.0055 
30.8924 1.0000 2945.4581 0.2240 0.0738 -0.2935 3.1242 6.0000 2.4202 0.0064 
30.9357 1.0000 2961.7663 0.2259 0.0741 -0.2967 3.1208 6.0000 2.5918 0.0058 
30.9338 1.0000 2957.8186 0.2249 0.0741 -0.2953 3.1246 6.0000 2.6372 0.0064 
30.9284 1.0000 2957.5659 0.2255 0.0742 -0.2961 3.1233 6.0000 2.3640 0.0064 
30.8807 1.0000 2939.0406 0.2258 0.0734 -0.2984 3.1281 7.0000 2.6377 0.0051 
30.8706 1.0000 2931.4665 0.2252 0.0745 -0.2977 3.1269 6.0000 2.6413 0.0059 
30.8758 1.0000 2935.0850 0.2244 0.0732 -0.2943 3.1221 6.0000 3.0026 0.0059 
30.9031 1.0000 2943.9992 0.2245 0.0736 -0.2951 3.1246 7.0000 2.8983 0.0061 
30.8687 1.0000 2922.3325 0.2252 0.0735 -0.2986 3.1277 7.0000 3.0699 0.0061 
30.9161 1.0000 2952.8832 0.2249 0.0745 -0.2946 3.1285 7.0000 1.7597 0.0063 
30.8889 1.0000 2936.9856 0.2259 0.0746 -0.2965 3.1277 7.0000 1.7166 0.0060 
30.9066 1.0000 2949.2870 0.2211 0.0739 -0.2899 3.1267 6.0000 2.4650 0.0057 
30.8883 1.0000 2936.1631 0.2233 0.0735 -0.2947 3.1253 6.0000 2.5945 0.0063 
30.8932 1.0000 2939.4589 0.2234 0.0730 -0.2960 3.1247 6.0000 2.2794 0.0063 
30.8927 1.0000 2939.8448 0.2224 0.0739 -0.2924 3.1253 6.0000 2.3247 0.0063 
30.9278 1.0000 2956.2881 0.2236 0.0736 -0.2947 3.1239 6.0000 1.7141 0.0063 
30.9052 1.0000 2939.7669 0.2219 0.0734 -0.2895 3.1239 6.0000 2.6366 0.0060 
30.9039 1.0000 2948.0822 0.2236 0.0741 -0.2920 3.1258 6.0000 2.3754 0.0062 
30.8995 1.0000 2943.9801 0.2228 0.0738 -0.2928 3.1299 6.0000 2.5951 0.0062 
30.9284 1.0000 2960.4453 0.2236 0.0737 -0.2937 3.1218 6.0000 2.8078 0.0067 
30.9011 1.0000 2946.1138 0.2227 0.0735 -0.2919 3.1234 6.0000 3.0229 0.0067 
30.9090 1.0000 2944.5959 0.2213 0.0724 -0.2921 3.1219 6.0000 1.7169 0.0063 
30.8905 1.0000 2937.7312 0.2235 0.0744 -0.2933 3.1299 6.0000 2.5074 0.0045 
30.9022 1.0000 2947.6501 0.2243 0.0738 -0.2928 3.1269 6.0000 5.4020 0.0060 
30.8981 1.0000 2946.5782 0.2248 0.0739 -0.2925 3.1237 6.0000 5.3631 0.0058 
30.9044 1.0000 2946.3581 0.2234 0.0733 -0.2926 3.1235 7.0000 5.9199 0.0058 
30.8742 1.0000 2926.7544 0.2243 0.0729 -0.2970 3.1267 8.0000 5.3930 0.0060 
30.9003 1.0000 2944.5610 0.2200 0.0733 -0.2913 3.1245 6.0000 3.9633 0.0060 
30.8946 1.0000 2939.3960 0.2221 0.0734 -0.2927 3.1323 6.0000 2.7182 0.0063 
30.9109 1.0000 2945.2669 0.2243 0.0739 -0.2942 3.1262 7.0000 2.3272 0.0063 
30.8796 1.0000 2941.9986 0.2207 0.0735 -0.2908 3.1300 6.0000 2.5900 0.0063 
30.8829 1.0000 2930.5498 0.2229 0.0737 -0.2952 3.1268 6.0000 2.3303 0.0063 
30.9485 1.0000 2959.1324 0.2233 0.0740 -0.2930 3.1231 7.0000 2.4646 0.0062 
30.9071 1.0000 2943.9553 0.2224 0.0735 -0.2936 3.1301 6.0000 2.5082 0.0053 
30.9003 1.0000 2946.7307 0.2250 0.0741 -0.2941 3.1235 6.0000 2.6289 0.0053 
30.9090 1.0000 2946.3916 0.2204 0.0745 -0.2878 3.1310 7.0000 4.5737 0.0053 
30.9082 1.0000 2951.0196 0.2217 0.0738 -0.2898 3.1293 6.0000 5.2315 0.0053 
30.8785 1.0000 2933.4368 0.2245 0.0741 -0.2958 3.1225 6.0000 4.2611 0.0053 
30.8924 1.0000 2942.9472 0.2222 0.0741 -0.2908 3.1285 7.0000 2.5426 0.0053 
30.8916 1.0000 2944.2032 0.2225 0.0732 -0.2944 3.1260 6.0000 1.8474 0.0053 
30.8962 1.0000 2945.2966 0.2199 0.0732 -0.2884 3.1256 6.0000 3.0728 0.0053 
30.9158 1.0000 2950.7870 0.2246 0.0740 -0.2946 3.1256 6.0000 4.1491 0.0053 
30.9237 1.0000 2955.7808 0.2226 0.0743 -0.2914 3.1262 6.0000 2.7904 0.0053 
