30.5888 11.0000 2810.2424 0.2892 0.1203 -0.3003 2.9552 6.0000 3.8503 0.0168 
30.6144 11.0000 2813.4455 0.2871 0.1198 -0.2980 2.9570 5.0000 3.5464 0.0168 
30.5773 11.0000 2794.7832 0.2952 0.1216 -0.3129 2.9543 5.0000 3.7629 0.0134 
30.6078 11.0000 2806.2614 0.2930 0.1226 -0.3054 2.9508 6.0000 3.8524 0.0134 
30.6432 11.0000 2834.9047 0.2888 0.1201 -0.3026 2.9457 6.0000 3.7210 0.0168 
30.5376 11.0000 2788.7190 0.2919 0.1209 -0.3115 2.9484 6.0000 3.7402 0.0134 
30.6367 11.0000 2822.8448 0.2911 0.1195 -0.3033 2.9487 5.0000 3.8477 0.0168 
30.5114 11.0000 2781.4227 0.2904 0.1209 -0.3035 2.9549 5.0000 3.5420 0.0186 
30.5866 11.0000 2816.8655 0.2843 0.1198 -0.2969 2.9462 5.0000 3.7245 0.0168 
30.6438 11.0000 2828.6612 0.2847 0.1187 -0.2967 2.9533 6.0000 3.6032 0.0156 
30.5153 11.0000 2782.1781 0.2854 0.1168 -0.3010 2.9535 6.0000 3.4827 0.0134 
30.5185 11.0000 2800.1383 0.2850 0.1206 -0.2933 2.9462 5.0000 0.6158 0.0186 
30.6743 11.0000 2857.2576 0.2869 0.1216 -0.2902 2.9492 6.0000 0.4401 0.0165 
30.5011 11.0000 2775.7309 0.2932 0.1204 -0.3119 2.9528 6.0000 1.3089 0.0186 
30.5741 11.0000 2810.0817 0.2864 0.1202 -0.3014 2.9536 5.0000 1.1829 0.0186 
30.6765 11.0000 2853.1596 0.2888 0.1221 -0.2957 2.9490 5.0000 0.9961 0.0166 
30.6138 11.0000 2812.0969 0.2887 0.1185 -0.3052 2.9446 5.0000 1.4758 0.0159 
30.6002 11.0000 2818.9036 0.2901 0.1217 -0.3043 2.9495 6.0000 1.7594 0.0181 
30.5490 11.0000 2790.3399 0.2907 0.1220 -0.3048 2.9519 5.0000 2.0810 0.0181 
30.6296 11.0000 2822.7734 0.2886 0.1201 -0.3002 2.9505 5.0000 1.9263 0.0181 
30.5686 11.0000 2796.9630 0.2895 0.1224 -0.3012 2.9587 5.0000 1.8054 0.0167 
30.5185 11.0000 2781.9924 0.2871 0.1216 -0.2965 2.9582 5.0000 1.5840 0.0181 
30.5986 11.0000 2808.8981 0.2906 0.1200 -0.3035 2.9462 5.0000 0.6586 0.0187 
30.5833 11.0000 2817.5779 0.2877 0.1214 -0.2991 2.9461 6.0000 0.4420 0.0167 
30.5191 11.0000 2779.9194 0.2925 0.1206 -0.3086 2.9513 7.0000 0.6184 0.0173 
30.6623 11.0000 2839.0806 0.2926 0.1184 -0.3081 2.9468 5.0000 1.3046 0.0154 
30.5790 11.0000 2799.8916 0.2862 0.1187 -0.3008 2.9508 5.0000 1.1733 0.0187 
30.5327 11.0000 2773.1961 0.2901 0.1193 -0.3100 2.9488 6.0000 0.6571 0.0153 
30.5746 11.0000 2801.5675 0.2892 0.1179 -0.3087 2.9431 5.0000 0.8067 0.0158 
30.6356 11.0000 2832.3715 0.2964 0.1221 -0.3112 2.9460 6.0000 1.5190 0.0149 
30.6008 11.0000 2813.1552 0.2881 0.1217 -0.3006 2.9505 5.0000 1.4379 0.0170 
30.6008 11.0000 2801.3154 0.2872 0.1206 -0.3025 2.9579 6.0000 1.5760 0.0149 
30.5763 11.0000 2821.0561 0.2871 0.1178 -0.3018 2.9481 6.0000 1.2266 0.0158 
30.5169 11.0000 2768.0038 0.2857 0.1207 -0.3000 2.9497 5.0000 0.4424 0.0146 
30.6373 11.0000 2845.7985 0.2902 0.1218 -0.2988 2.9512 5.0000 0.6909 0.0155 
30.5594 11.0000 2794.6814 0.2856 0.1201 -0.3007 2.9512 5.0000 0.7786 0.0164 
30.6138 11.0000 2809.3230 0.2834 0.1180 -0.2975 2.9494 5.0000 0.6594 0.0181 
30.6182 11.0000 2838.0278 0.2900 0.1199 -0.3060 2.9449 6.0000 0.6587 0.0152 
30.5664 11.0000 2786.4553 0.2875 0.1217 -0.3010 2.9583 6.0000 0.6591 0.0165 
30.6040 11.0000 2815.3246 0.2929 0.1216 -0.3104 2.9493 6.0000 0.6610 0.0131 
30.5654 11.0000 2800.3867 0.2846 0.1170 -0.3006 2.9479 6.0000 0.6535 0.0152 
30.6302 11.0000 2829.0479 0.2850 0.1194 -0.2975 2.9508 6.0000 0.9235 0.0150 
30.6699 11.0000 2858.1656 0.2902 0.1209 -0.3012 2.9415 5.0000 0.9191 0.0150 
30.6394 11.0000 2839.9995 0.2932 0.1223 -0.3056 2.9377 5.0000 0.8817 0.0150 
30.5844 11.0000 2799.8611 0.2898 0.1201 -0.3073 2.9504 5.0000 0.7007 0.0183 
30.6117 11.0000 2816.7549 0.2919 0.1196 -0.3105 2.9506 6.0000 0.7011 0.0151 
30.5812 11.0000 2805.0899 0.2914 0.1195 -0.3054 2.9506 6.0000 0.6596 0.0147 
30.5327 11.0000 2781.9695 0.2817 0.1188 -0.2930 2.9546 6.0000 0.4823 0.0142 
30.6198 11.0000 2809.0447 0.2873 0.1185 -0.3041 2.9492 6.0000 0.7024 0.0176 
30.5212 11.0000 2785.9897 0.2806 0.1177 -0.2957 2.9519 6.0000 0.5236 0.0141 
30.6846 11.0000 2857.8715 0.2928 0.1199 -0.3050 2.9425 5.0000 0.6598 0.0149 
30.6275 11.0000 2827.1667 0.2846 0.1200 -0.2965 2.9482 6.0000 0.7020 0.0142 
30.5839 11.0000 2811.2446 0.2919 0.1228 -0.3076 2.9549 5.0000 0.6437 0.0152 
30.5365 11.0000 2776.8442 0.2894 0.1208 -0.3043 2.9485 5.0000 0.9142 0.0152 
30.5267 11.0000 2790.6029 0.2846 0.1215 -0.2946 2.9573 5.0000 0.9182 0.0152 
30.6525 11.0000 2829.2805 0.2901 0.1182 -0.3084 2.9438 5.0000 0.6610 0.0161 
30.6231 11.0000 2821.6841 0.2851 0.1193 -0.2962 2.9519 6.0000 0.6605 0.0191 
30.6362 11.0000 2827.4129 0.2834 0.1173 -0.2980 2.9444 5.0000 0.4849 0.0140 
30.6531 11.0000 2835.1242 0.2864 0.1190 -0.3011 2.9454 6.0000 0.6998 0.0187 
30.5479 11.0000 2787.1863 0.2887 0.1195 -0.3083 2.9565 6.0000 0.6609 0.0170 
30.6307 11.0000 2833.7124 0.2870 0.1189 -0.2990 2.9422 6.0000 0.6926 0.0161 
30.6525 11.0000 2845.3943 0.2917 0.1199 -0.3019 2.9440 5.0000 0.6618 0.0156 
30.6198 11.0000 2823.8143 0.2895 0.1189 -0.3060 2.9423 5.0000 0.6623 0.0156 
30.5790 11.0000 2809.4248 0.2844 0.1191 -0.2981 2.9509 6.0000 0.8245 0.0165 
30.6149 11.0000 2818.1934 0.2902 0.1203 -0.3055 2.9507 5.0000 0.9235 0.0152 
30.5942 11.0000 2807.1623 0.2900 0.1191 -0.3074 2.9566 5.0000 0.8418 0.0152 
30.6563 11.0000 2831.2767 0.2879 0.1198 -0.2993 2.9428 6.0000 0.4851 0.0152 
30.5038 11.0000 2782.5545 0.2872 0.1176 -0.3036 2.9552 5.0000 0.7027 0.0161 
30.5163 11.0000 2769.8883 0.2925 0.1191 -0.3136 2.9555 6.0000 0.7028 0.0157 
30.5681 11.0000 2798.9248 0.2879 0.1206 -0.2996 2.9575 6.0000 0.7020 0.0162 
30.5931 11.0000 2811.8573 0.2890 0.1223 -0.3020 2.9526 5.0000 0.7026 0.0161 
30.6084 11.0000 2810.8121 0.2832 0.1176 -0.2990 2.9479 5.0000 0.6601 0.0154 
30.6089 11.0000 2829.5180 0.2883 0.1201 -0.3012 2.9472 5.0000 0.7020 0.0174 
30.5812 11.0000 2796.3965 0.2893 0.1207 -0.3032 2.9594 5.0000 0.6610 0.0165 
30.6198 11.0000 2810.4178 0.2897 0.1197 -0.3064 2.9512 6.0000 0.7020 0.0149 
30.5539 11.0000 2785.8764 0.2883 0.1183 -0.3057 2.9520 6.0000 1.6064 0.0150 
30.5659 11.0000 2803.4586 0.2920 0.1205 -0.3079 2.9535 5.0000 1.5791 0.0151 
30.6068 11.0000 2815.0240 0.2881 0.1204 -0.3021 2.9452 5.0000 1.4977 0.0151 
30.5942 11.0000 2805.7195 0.2848 0.1199 -0.2970 2.9448 6.0000 0.6614 0.0180 
30.5910 11.0000 2818.2347 0.2849 0.1169 -0.3014 2.9482 5.0000 0.4823 0.0187 
30.5561 11.0000 2787.0566 0.2863 0.1213 -0.3005 2.9593 5.0000 0.6597 0.0173 
30.5942 11.0000 2804.3753 0.2896 0.1195 -0.3036 2.9482 6.0000 0.7016 0.0152 
30.6144 11.0000 2820.1307 0.2907 0.1189 -0.3088 2.9414 5.0000 0.7034 0.0161 
30.5812 11.0000 2809.5583 0.2892 0.1192 -0.3048 2.9464 6.0000 0.7020 0.0166 
30.5147 11.0000 2783.5332 0.2918 0.1197 -0.3095 2.9449 6.0000 0.7026 0.0123 
30.6258 11.0000 2824.8600 0.2899 0.1204 -0.3054 2.9452 5.0000 0.5219 0.0123 
30.6291 11.0000 2819.9254 0.2929 0.1224 -0.3086 2.9530 6.0000 0.4837 0.0158 
30.6247 11.0000 2814.2233 0.2857 0.1188 -0.3005 2.9508 5.0000 0.7021 0.0167 
30.6569 11.0000 2850.0861 0.2888 0.1193 -0.3013 2.9475 6.0000 0.7897 0.0117 
30.5376 11.0000 2787.3693 0.2896 0.1192 -0.3063 2.9508 6.0000 0.7905 0.0117 
30.5583 11.0000 2799.0207 0.2848 0.1209 -0.2975 2.9527 5.0000 0.6980 0.0117 
30.6220 11.0000 2831.0752 0.2858 0.1186 -0.3001 2.9471 5.0000 0.6614 0.0160 
30.5931 11.0000 2813.1008 0.2900 0.1194 -0.3058 2.9423 6.0000 0.6602 0.0160 
30.6024 11.0000 2818.8034 0.2862 0.1210 -0.2944 2.9554 6.0000 0.6627 0.0160 
30.5779 11.0000 2798.6285 0.2825 0.1189 -0.2967 2.9517 5.0000 0.4843 0.0160 
30.7097 11.0000 2863.5528 0.2905 0.1215 -0.2997 2.9416 6.0000 0.7023 0.0160 
30.4935 11.0000 2757.8666 0.2824 0.1174 -0.3017 2.9560 5.0000 0.9227 0.0160 
30.5746 11.0000 2800.4662 0.2922 0.1210 -0.3078 2.9586 5.0000 0.9225 0.0160 
30.7277 11.0000 2867.2086 0.2859 0.1196 -0.2952 2.9440 5.0000 0.7027 0.0160 
30.5964 11.0000 2833.8764 0.2840 0.1185 -0.2948 2.9381 5.0000 0.6931 0.0160 
