30.9274 11.0000 2957.4678 0.2932 0.1002 -0.3126 3.2002 6.0000 15.5157 0.0054 
30.9276 11.0000 2959.1529 0.2908 0.0967 -0.3125 3.1943 6.0000 16.7866 0.0054 
30.9388 11.0000 2963.2787 0.2917 0.0990 -0.3106 3.1991 7.0000 16.8747 0.0054 
30.9479 11.0000 2967.8915 0.2905 0.0989 -0.3043 3.1959 7.0000 12.6115 0.0053 
30.9111 11.0000 2952.7894 0.2892 0.0995 -0.3043 3.2056 7.0000 16.6545 0.0054 
30.9115 11.0000 2951.1811 0.2930 0.0979 -0.3133 3.1971 7.0000 12.7898 0.0052 
30.9344 11.0000 2962.6181 0.2910 0.0991 -0.3064 3.1981 7.0000 16.2167 0.0052 
30.9167 11.0000 2954.2544 0.2885 0.0985 -0.3030 3.1992 6.0000 16.5254 0.0052 
30.9514 11.0000 2968.9599 0.2889 0.0970 -0.3055 3.1958 7.0000 12.9181 0.0053 
30.9475 11.0000 2968.4963 0.2902 0.0989 -0.3040 3.1986 7.0000 13.1377 0.0052 
30.9297 11.0000 2958.7701 0.2887 0.1003 -0.3007 3.2044 7.0000 15.2919 0.0048 
30.9209 11.0000 2957.8455 0.2873 0.0995 -0.2997 3.2086 8.0000 1.8468 0.0055 
30.9216 11.0000 2959.5051 0.2871 0.0991 -0.3005 3.1934 6.0000 3.3790 0.0044 
30.9253 11.0000 2958.7988 0.2914 0.0997 -0.3077 3.1962 7.0000 3.7285 0.0058 
30.9330 11.0000 2962.5362 0.2929 0.0993 -0.3112 3.2010 7.0000 8.9545 0.0049 
30.9372 11.0000 2964.5773 0.2916 0.0982 -0.3091 3.1949 6.0000 13.0077 0.0051 
30.9195 11.0000 2953.0742 0.2904 0.1002 -0.3034 3.1969 6.0000 8.8541 0.0057 
30.9405 11.0000 2965.9444 0.2906 0.0989 -0.3047 3.2020 7.0000 9.6209 0.0051 
30.9246 11.0000 2958.3994 0.2882 0.0995 -0.3025 3.2010 7.0000 9.7466 0.0049 
30.9549 11.0000 2970.0602 0.2897 0.0983 -0.3065 3.1966 6.0000 10.0073 0.0051 
30.9085 11.0000 2954.4276 0.2951 0.0986 -0.3132 3.1980 6.0000 10.0298 0.0051 
30.9150 11.0000 2948.8555 0.2927 0.0995 -0.3087 3.2003 7.0000 10.4230 0.0049 
30.9104 11.0000 2949.8179 0.2926 0.0988 -0.3099 3.2008 7.0000 2.8124 0.0044 
30.9500 11.0000 2968.5222 0.2907 0.1001 -0.3056 3.2024 6.0000 1.9334 0.0050 
30.9059 11.0000 2953.2822 0.2891 0.0987 -0.3077 3.1971 6.0000 2.7276 0.0048 
30.9290 11.0000 2961.1891 0.2900 0.0986 -0.3063 3.2003 7.0000 2.7272 0.0048 
30.9339 11.0000 2961.0444 0.2897 0.0985 -0.3062 3.2041 7.0000 4.8119 0.0051 
30.9356 11.0000 2960.8112 0.2924 0.0985 -0.3108 3.2002 6.0000 5.8267 0.0050 
30.9342 11.0000 2960.3123 0.2893 0.0974 -0.3080 3.1932 6.0000 7.6740 0.0043 
30.9283 11.0000 2959.1858 0.2888 0.0961 -0.3102 3.1997 7.0000 8.6765 0.0053 
30.9470 11.0000 2965.5976 0.2878 0.0983 -0.3028 3.2041 7.0000 9.2179 0.0053 
30.9115 11.0000 2954.3588 0.2924 0.0993 -0.3093 3.2016 7.0000 8.9741 0.0048 
30.9335 11.0000 2961.7843 0.2949 0.1005 -0.3114 3.1942 7.0000 8.2676 0.0051 
30.9493 11.0000 2966.3119 0.2897 0.0990 -0.3066 3.1954 7.0000 1.8920 0.0049 
30.9302 11.0000 2957.7722 0.2925 0.0993 -0.3094 3.2014 6.0000 2.7687 0.0051 
30.9374 11.0000 2961.4454 0.2935 0.0998 -0.3097 3.1979 6.0000 3.0598 0.0055 
30.9393 11.0000 2964.8161 0.2906 0.0979 -0.3056 3.1973 6.0000 2.0660 0.0044 
30.9195 11.0000 2952.1508 0.2905 0.0987 -0.3056 3.1990 6.0000 2.7236 0.0052 
30.9335 11.0000 2956.1982 0.2909 0.0992 -0.3112 3.1979 7.0000 1.9310 0.0045 
30.9528 11.0000 2968.7754 0.2902 0.1001 -0.3056 3.1992 6.0000 2.9488 0.0058 
30.9300 11.0000 2956.1461 0.2905 0.0995 -0.3059 3.1981 7.0000 2.9012 0.0058 
30.9213 11.0000 2958.9979 0.2893 0.0983 -0.3053 3.1984 6.0000 2.9449 0.0056 
30.9629 11.0000 2977.4430 0.2916 0.0996 -0.3052 3.1981 6.0000 3.1154 0.0061 
30.9363 11.0000 2964.1972 0.2902 0.0986 -0.3058 3.1975 6.0000 3.2024 0.0061 
30.9297 11.0000 2959.4692 0.2901 0.0995 -0.3051 3.1995 7.0000 2.9484 0.0053 
30.9484 11.0000 2966.9946 0.2877 0.0968 -0.3090 3.1935 6.0000 2.8109 0.0051 
30.9507 11.0000 2970.9823 0.2914 0.0986 -0.3087 3.1981 6.0000 1.9829 0.0056 
30.9176 11.0000 2956.0215 0.2868 0.0976 -0.3029 3.1954 7.0000 2.8592 0.0054 
30.9267 11.0000 2957.6688 0.2907 0.0977 -0.3113 3.2007 7.0000 2.8572 0.0050 
30.9059 11.0000 2951.2148 0.2904 0.1003 -0.3045 3.2025 7.0000 2.9452 0.0061 
30.9129 11.0000 2953.4302 0.2899 0.0996 -0.3060 3.1961 7.0000 2.9053 0.0051 
30.9209 11.0000 2957.1662 0.2900 0.0985 -0.3061 3.2001 6.0000 2.6351 0.0051 
30.8989 11.0000 2944.7965 0.2911 0.1002 -0.3081 3.2021 7.0000 2.9927 0.0049 
30.9531 11.0000 2968.4592 0.2879 0.1000 -0.3022 3.2030 7.0000 2.9487 0.0048 
30.9286 11.0000 2958.4379 0.2934 0.0995 -0.3117 3.2017 7.0000 2.9930 0.0046 
30.9223 11.0000 2956.5275 0.2921 0.0999 -0.3054 3.2056 6.0000 1.9768 0.0053 
30.9132 11.0000 2955.5509 0.2899 0.0987 -0.3072 3.1977 6.0000 2.9044 0.0055 
30.9192 11.0000 2954.9265 0.2893 0.0995 -0.3039 3.1969 7.0000 1.9777 0.0046 
30.8982 11.0000 2946.8436 0.2907 0.0971 -0.3113 3.1946 7.0000 2.8590 0.0054 
30.9321 11.0000 2955.7194 0.2885 0.0981 -0.3074 3.2023 7.0000 2.0683 0.0049 
30.9370 11.0000 2962.4853 0.2923 0.0992 -0.3082 3.2026 7.0000 2.8409 0.0052 
30.9286 11.0000 2958.2164 0.2865 0.0984 -0.3001 3.1957 7.0000 2.0221 0.0052 
30.9358 11.0000 2964.3296 0.2902 0.0989 -0.3040 3.2001 7.0000 3.0966 0.0048 
30.9036 11.0000 2944.0798 0.2883 0.0986 -0.3079 3.1982 7.0000 5.1859 0.0046 
30.9447 11.0000 2966.9330 0.2916 0.0978 -0.3074 3.1995 7.0000 5.1906 0.0050 
30.9239 11.0000 2957.1169 0.2884 0.0978 -0.3077 3.2055 6.0000 2.7680 0.0046 
30.9178 11.0000 2954.5544 0.2918 0.0992 -0.3065 3.2010 7.0000 2.9896 0.0057 
30.9435 11.0000 2965.0390 0.2899 0.0988 -0.3039 3.1966 7.0000 2.7727 0.0057 
30.9248 11.0000 2956.7972 0.2908 0.1000 -0.3060 3.2014 6.0000 2.8618 0.0048 
30.9211 11.0000 2957.7668 0.2905 0.1001 -0.3074 3.1996 7.0000 1.8896 0.0055 
30.9344 11.0000 2959.3831 0.2910 0.0984 -0.3103 3.1986 7.0000 2.9017 0.0050 
30.9258 11.0000 2957.4930 0.2902 0.0981 -0.3103 3.1969 6.0000 3.0336 0.0057 
30.9384 11.0000 2963.7416 0.2901 0.0991 -0.3059 3.1970 7.0000 2.8614 0.0063 
30.9332 11.0000 2962.1802 0.2897 0.0982 -0.3081 3.2013 6.0000 3.2102 0.0049 
30.9430 11.0000 2966.0777 0.2892 0.0979 -0.3039 3.2021 7.0000 2.8177 0.0055 
30.9050 11.0000 2949.2218 0.2939 0.1003 -0.3101 3.2048 7.0000 3.2562 0.0049 
30.9099 11.0000 2946.6228 0.2913 0.1005 -0.3048 3.2001 7.0000 3.3024 0.0049 
30.9113 11.0000 2949.1263 0.2906 0.0999 -0.3076 3.2002 7.0000 2.9085 0.0054 
30.9164 11.0000 2953.8191 0.2912 0.0990 -0.3069 3.1975 7.0000 2.8592 0.0051 
30.9379 11.0000 2965.3324 0.2899 0.0994 -0.3061 3.1987 6.0000 1.9775 0.0048 
30.9323 11.0000 2959.7178 0.2926 0.0991 -0.3112 3.2014 7.0000 2.9461 0.0052 
30.9118 11.0000 2949.2362 0.2903 0.0979 -0.3083 3.2023 7.0000 2.8618 0.0051 
30.8917 11.0000 2943.6062 0.2933 0.0998 -0.3128 3.1981 6.0000 2.9915 0.0050 
30.9167 11.0000 2954.5299 0.2916 0.1003 -0.3060 3.2050 7.0000 2.9457 0.0052 
30.9337 11.0000 2960.7390 0.2890 0.0980 -0.3062 3.1996 7.0000 2.8590 0.0051 
30.9365 11.0000 2962.4641 0.2908 0.1006 -0.3019 3.1951 7.0000 2.7380 0.0051 
30.9342 11.0000 2960.4386 0.2903 0.0968 -0.3110 3.1981 7.0000 2.6426 0.0051 
30.9286 11.0000 2957.9603 0.2938 0.1000 -0.3083 3.1955 7.0000 2.9438 0.0046 
30.9370 11.0000 2963.6398 0.2862 0.0993 -0.2977 3.2013 7.0000 2.9037 0.0044 
30.9183 11.0000 2956.6394 0.2898 0.0994 -0.3061 3.2036 7.0000 2.9885 0.0039 
30.9267 11.0000 2959.7019 0.2879 0.0991 -0.3019 3.1998 6.0000 2.9047 0.0039 
30.9258 11.0000 2957.5838 0.2891 0.0990 -0.3048 3.1993 7.0000 2.8166 0.0039 
30.9295 11.0000 2962.8655 0.2890 0.0981 -0.3078 3.1921 6.0000 1.9800 0.0039 
30.9323 11.0000 2961.3548 0.2922 0.1011 -0.3064 3.2023 6.0000 2.9910 0.0039 
30.9300 11.0000 2960.8676 0.2893 0.0993 -0.3049 3.1999 8.0000 2.9021 0.0039 
30.9463 11.0000 2968.7505 0.2930 0.0988 -0.3131 3.2011 6.0000 2.9041 0.0039 
30.9297 11.0000 2959.5658 0.2902 0.0980 -0.3095 3.1988 7.0000 2.9487 0.0039 
30.9435 11.0000 2965.6844 0.2911 0.0981 -0.3075 3.1969 7.0000 2.7718 0.0039 
30.9517 11.0000 2970.1552 0.2927 0.0987 -0.3110 3.1943 6.0000 2.8129 0.0039 
30.9662 11.0000 2973.1216 0.2932 0.0980 -0.3145 3.1962 7.0000 3.0301 0.0039 
