30.9288 11.0000 2960.0140 0.2813 0.0957 -0.3068 3.1915 7.0000 16.7724 0.0049 
30.9195 11.0000 2951.4230 0.2793 0.0934 -0.3098 3.1968 7.0000 17.2677 0.0057 
30.9430 11.0000 2966.6879 0.2794 0.0945 -0.3043 3.1931 8.0000 17.3041 0.0045 
30.9465 11.0000 2965.1557 0.2808 0.0923 -0.3102 3.1910 6.0000 17.2716 0.0059 
30.9295 11.0000 2960.4255 0.2796 0.0939 -0.3062 3.1910 6.0000 17.0801 0.0059 
30.9398 11.0000 2963.1155 0.2797 0.0945 -0.3066 3.1902 7.0000 16.5076 0.0057 
30.9057 11.0000 2951.5016 0.2751 0.0936 -0.3012 3.1926 7.0000 15.3629 0.0046 
30.9274 11.0000 2958.6127 0.2805 0.0933 -0.3093 3.1881 7.0000 17.2996 0.0059 
30.9283 11.0000 2959.7537 0.2774 0.0923 -0.3045 3.1915 7.0000 16.1133 0.0059 
30.9554 11.0000 2968.6769 0.2797 0.0943 -0.3058 3.1908 6.0000 16.7287 0.0059 
30.9190 11.0000 2954.2260 0.2777 0.0928 -0.3062 3.1965 7.0000 15.3668 0.0059 
30.9029 11.0000 2948.7416 0.2774 0.0952 -0.3031 3.1966 6.0000 1.8884 0.0048 
30.9337 11.0000 2961.7925 0.2794 0.0934 -0.3091 3.1906 7.0000 2.8133 0.0042 
30.9479 11.0000 2966.0822 0.2824 0.0919 -0.3157 3.1876 7.0000 2.7682 0.0047 
30.9104 11.0000 2951.7171 0.2784 0.0927 -0.3097 3.1956 7.0000 1.8923 0.0052 
30.9043 11.0000 2943.8697 0.2780 0.0935 -0.3084 3.1994 6.0000 3.4186 0.0054 
30.9309 11.0000 2959.9634 0.2782 0.0921 -0.3093 3.1941 7.0000 4.1447 0.0054 
30.9241 11.0000 2957.8501 0.2803 0.0936 -0.3078 3.1943 6.0000 9.6677 0.0055 
30.9262 11.0000 2956.7012 0.2806 0.0930 -0.3092 3.1912 6.0000 9.8897 0.0048 
30.9111 11.0000 2953.1088 0.2817 0.0924 -0.3129 3.1918 6.0000 9.9975 0.0055 
30.9395 11.0000 2961.8074 0.2779 0.0937 -0.3026 3.1912 7.0000 9.8620 0.0046 
30.9251 11.0000 2956.2400 0.2811 0.0931 -0.3113 3.1922 7.0000 9.4905 0.0048 
30.9395 11.0000 2963.5264 0.2787 0.0929 -0.3092 3.1923 6.0000 2.9468 0.0053 
30.9197 11.0000 2954.6942 0.2798 0.0927 -0.3105 3.1962 6.0000 2.9027 0.0048 
30.9580 11.0000 2970.6060 0.2801 0.0925 -0.3093 3.1900 7.0000 1.9349 0.0049 
30.9409 11.0000 2961.6849 0.2795 0.0920 -0.3111 3.1851 7.0000 3.0345 0.0057 
30.9195 11.0000 2955.1204 0.2804 0.0947 -0.3076 3.1942 7.0000 2.8140 0.0057 
30.9449 11.0000 2966.0187 0.2778 0.0933 -0.3066 3.1927 7.0000 2.9919 0.0052 
30.9384 11.0000 2963.7787 0.2788 0.0919 -0.3082 3.1892 6.0000 2.8129 0.0052 
30.9150 11.0000 2956.5927 0.2787 0.0932 -0.3060 3.1915 7.0000 2.9004 0.0053 
30.9157 11.0000 2954.0012 0.2763 0.0913 -0.3086 3.1902 7.0000 3.0345 0.0053 
30.9388 11.0000 2959.7899 0.2792 0.0930 -0.3111 3.1926 7.0000 3.7908 0.0061 
30.9365 11.0000 2960.1022 0.2778 0.0924 -0.3075 3.1965 7.0000 3.5979 0.0061 
30.9227 11.0000 2953.9694 0.2817 0.0947 -0.3103 3.1954 7.0000 1.9777 0.0050 
30.9372 11.0000 2961.5731 0.2767 0.0930 -0.3048 3.1952 6.0000 2.9895 0.0048 
30.9104 11.0000 2953.6436 0.2769 0.0914 -0.3076 3.1886 7.0000 2.8888 0.0051 
30.9300 11.0000 2960.5563 0.2789 0.0931 -0.3098 3.1937 7.0000 3.4278 0.0043 
30.9255 11.0000 2958.6821 0.2780 0.0931 -0.3037 3.1927 6.0000 2.8562 0.0043 
30.9409 11.0000 2966.3613 0.2784 0.0934 -0.3076 3.1970 7.0000 3.0045 0.0059 
30.9234 11.0000 2959.5236 0.2803 0.0947 -0.3070 3.1893 6.0000 2.8095 0.0055 
30.9370 11.0000 2963.3035 0.2771 0.0927 -0.3064 3.1964 7.0000 2.9914 0.0064 
30.8994 11.0000 2944.0614 0.2777 0.0915 -0.3090 3.1926 7.0000 3.0783 0.0064 
30.9307 11.0000 2956.4211 0.2803 0.0928 -0.3113 3.1937 7.0000 3.8442 0.0044 
30.9316 11.0000 2959.8291 0.2760 0.0931 -0.3035 3.1949 7.0000 3.6444 0.0044 
30.9379 11.0000 2963.6601 0.2780 0.0917 -0.3065 3.1932 6.0000 1.9796 0.0059 
30.9293 11.0000 2961.5518 0.2797 0.0931 -0.3096 3.1901 6.0000 2.9906 0.0052 
30.9524 11.0000 2968.9792 0.2786 0.0932 -0.3078 3.1931 7.0000 2.9902 0.0050 
30.9057 11.0000 2949.6148 0.2802 0.0937 -0.3100 3.1915 7.0000 3.3012 0.0047 
30.9050 11.0000 2947.6083 0.2797 0.0932 -0.3095 3.1958 7.0000 3.1690 0.0047 
30.9153 11.0000 2955.5705 0.2786 0.0927 -0.3102 3.1911 7.0000 3.1158 0.0056 
30.9388 11.0000 2963.2808 0.2754 0.0918 -0.3043 3.1870 6.0000 2.1754 0.0049 
30.8901 11.0000 2942.4727 0.2792 0.0933 -0.3093 3.1986 8.0000 2.8994 0.0056 
30.9293 11.0000 2958.8065 0.2777 0.0913 -0.3099 3.1891 6.0000 2.6822 0.0058 
30.9512 11.0000 2969.4374 0.2763 0.0925 -0.3037 3.1913 7.0000 2.7269 0.0058 
30.9164 11.0000 2949.5810 0.2800 0.0929 -0.3113 3.1907 6.0000 4.1371 0.0054 
30.9353 11.0000 2962.3102 0.2784 0.0920 -0.3090 3.1927 7.0000 3.7384 0.0054 
30.9272 11.0000 2953.9655 0.2813 0.0932 -0.3118 3.1954 7.0000 1.9337 0.0051 
30.9318 11.0000 2962.8058 0.2775 0.0926 -0.3074 3.1946 6.0000 2.9488 0.0045 
30.9407 11.0000 2965.6139 0.2773 0.0930 -0.3036 3.1978 8.0000 2.9877 0.0047 
30.9181 11.0000 2958.0187 0.2785 0.0922 -0.3081 3.1909 7.0000 3.6344 0.0043 
30.9122 11.0000 2949.1604 0.2813 0.0938 -0.3101 3.1962 6.0000 3.4585 0.0043 
30.9281 11.0000 2960.1496 0.2802 0.0933 -0.3096 3.1935 6.0000 3.2580 0.0049 
30.9064 11.0000 2949.8950 0.2769 0.0912 -0.3101 3.1901 7.0000 3.3377 0.0049 
30.9346 11.0000 2960.7530 0.2779 0.0933 -0.3063 3.1932 7.0000 2.7697 0.0057 
30.9195 11.0000 2955.8683 0.2748 0.0922 -0.3037 3.1918 7.0000 2.8562 0.0057 
30.9069 11.0000 2948.7498 0.2816 0.0935 -0.3110 3.1921 6.0000 3.3861 0.0058 
30.9276 11.0000 2957.3042 0.2804 0.0942 -0.3085 3.1980 7.0000 3.6527 0.0058 
30.9465 11.0000 2968.1179 0.2796 0.0931 -0.3056 3.1923 6.0000 1.9785 0.0045 
30.9421 11.0000 2964.7880 0.2789 0.0940 -0.3040 3.1932 7.0000 2.9471 0.0052 
30.9528 11.0000 2970.2176 0.2798 0.0931 -0.3055 3.1955 7.0000 2.9457 0.0049 
30.9433 11.0000 2964.2537 0.2743 0.0931 -0.3008 3.1906 6.0000 3.5218 0.0051 
30.9365 11.0000 2961.0586 0.2743 0.0907 -0.3068 3.1922 7.0000 3.5652 0.0049 
30.9225 11.0000 2955.0635 0.2789 0.0922 -0.3093 3.1954 7.0000 3.3001 0.0049 
30.9092 11.0000 2948.5371 0.2794 0.0928 -0.3096 3.1917 8.0000 3.2142 0.0049 
30.9377 11.0000 2963.2143 0.2807 0.0935 -0.3086 3.1957 7.0000 3.0063 0.0049 
30.9463 11.0000 2966.2449 0.2762 0.0935 -0.3038 3.1974 7.0000 3.4268 0.0049 
30.9080 11.0000 2951.2120 0.2805 0.0935 -0.3090 3.1971 7.0000 2.0659 0.0042 
30.9386 11.0000 2959.1123 0.2799 0.0943 -0.3075 3.1970 7.0000 3.1846 0.0059 
30.9262 11.0000 2958.9624 0.2772 0.0929 -0.3039 3.1883 7.0000 2.8620 0.0048 
30.9568 11.0000 2969.6613 0.2777 0.0925 -0.3055 3.1927 7.0000 2.9478 0.0053 
30.9339 11.0000 2962.9720 0.2774 0.0932 -0.3045 3.1935 8.0000 1.9818 0.0049 
30.9358 11.0000 2963.7813 0.2766 0.0915 -0.3059 3.1914 6.0000 2.9491 0.0041 
30.9302 11.0000 2959.8291 0.2754 0.0937 -0.3018 3.1984 6.0000 2.8582 0.0051 
30.9365 11.0000 2961.6629 0.2787 0.0928 -0.3075 3.1929 6.0000 3.1208 0.0058 
30.9360 11.0000 2958.2108 0.2821 0.0934 -0.3125 3.1914 6.0000 2.9466 0.0054 
30.9125 11.0000 2951.9232 0.2783 0.0926 -0.3109 3.1923 8.0000 5.0069 0.0054 
30.9566 11.0000 2972.6982 0.2796 0.0938 -0.3064 3.1936 6.0000 5.4553 0.0041 
30.9057 11.0000 2949.9017 0.2727 0.0909 -0.3045 3.1888 7.0000 4.9706 0.0041 
30.9377 11.0000 2962.8686 0.2799 0.0933 -0.3088 3.1912 6.0000 2.9021 0.0043 
30.9353 11.0000 2961.9064 0.2793 0.0947 -0.3057 3.1964 6.0000 2.9887 0.0043 
30.9237 11.0000 2957.2589 0.2758 0.0920 -0.3040 3.1928 7.0000 2.0227 0.0043 
30.9594 11.0000 2975.7206 0.2777 0.0929 -0.3045 3.1943 7.0000 3.0346 0.0043 
30.9279 11.0000 2957.5210 0.2771 0.0916 -0.3056 3.1914 7.0000 3.0324 0.0043 
30.9062 11.0000 2947.5749 0.2809 0.0926 -0.3130 3.1967 7.0000 2.8162 0.0043 
30.9183 11.0000 2953.3091 0.2799 0.0939 -0.3067 3.1931 7.0000 3.0386 0.0043 
30.9587 11.0000 2970.4734 0.2817 0.0935 -0.3087 3.1953 7.0000 3.0323 0.0043 
30.9073 11.0000 2944.9388 0.2781 0.0925 -0.3095 3.1964 7.0000 4.7308 0.0043 
30.9232 11.0000 2953.9367 0.2774 0.0939 -0.3049 3.1973 7.0000 5.0524 0.0043 
30.9547 11.0000 2968.1727 0.2753 0.0936 -0.3014 3.1971 6.0000 4.3588 0.0043 
30.9540 11.0000 2969.0203 0.2759 0.0933 -0.3020 3.1969 6.0000 2.9025 0.0043 
