30.6100 11.0000 2822.2239 0.3697 0.1648 -0.2835 2.9823 5.0000 3.1547 0.0200 
30.5915 11.0000 2829.7680 0.3820 0.1702 -0.2886 2.9878 5.0000 3.2710 0.0200 
30.5060 11.0000 2795.8551 0.3746 0.1679 -0.2843 2.9853 6.0000 3.2556 0.0182 
30.5626 11.0000 2815.8224 0.3694 0.1658 -0.2854 2.9847 6.0000 3.0252 0.0188 
30.6416 11.0000 2871.9559 0.3680 0.1612 -0.2802 2.9766 5.0000 2.9429 0.0188 
30.6307 11.0000 2832.4314 0.3690 0.1677 -0.2756 2.9805 6.0000 2.8668 0.0190 
30.5888 11.0000 2816.1220 0.3731 0.1672 -0.2842 2.9813 6.0000 2.9836 0.0146 
30.6127 11.0000 2827.5523 0.3735 0.1688 -0.2855 2.9807 5.0000 2.9498 0.0200 
30.6133 11.0000 2818.4499 0.3725 0.1661 -0.2892 2.9798 5.0000 2.9895 0.0200 
30.6035 11.0000 2821.9635 0.3708 0.1688 -0.2849 2.9815 5.0000 2.7490 0.0204 
30.6275 11.0000 2816.8742 0.3800 0.1716 -0.2935 2.9901 6.0000 3.2229 0.0172 
30.5300 11.0000 2774.6759 0.3838 0.1738 -0.2982 3.0002 5.0000 0.3929 0.0190 
30.4657 11.0000 2760.9978 0.3725 0.1692 -0.2867 2.9925 5.0000 0.4868 0.0150 
30.6389 11.0000 2838.3355 0.3788 0.1710 -0.2833 2.9861 5.0000 0.3543 0.0136 
30.5621 11.0000 2799.8595 0.3654 0.1661 -0.2827 2.9957 5.0000 0.5249 0.0165 
30.5142 11.0000 2784.3464 0.3720 0.1643 -0.2932 2.9835 5.0000 0.5224 0.0196 
30.6836 11.0000 2870.0969 0.3684 0.1637 -0.2768 2.9821 6.0000 0.4858 0.0150 
30.4766 11.0000 2768.0479 0.3734 0.1672 -0.2942 2.9923 6.0000 0.5239 0.0154 
30.6051 11.0000 2802.2222 0.3678 0.1683 -0.2802 2.9873 5.0000 1.4103 0.0142 
30.4739 11.0000 2750.2527 0.3723 0.1678 -0.2904 2.9975 6.0000 1.0295 0.0165 
30.6781 11.0000 2864.0011 0.3787 0.1681 -0.2914 2.9812 5.0000 1.3142 0.0154 
30.5828 11.0000 2813.2761 0.3796 0.1698 -0.2915 2.9965 6.0000 1.2308 0.0154 
30.5942 11.0000 2827.6656 0.3779 0.1736 -0.2846 2.9922 5.0000 0.5712 0.0138 
30.5065 11.0000 2774.0920 0.3765 0.1687 -0.2952 2.9895 5.0000 0.4379 0.0158 
30.6683 11.0000 2850.4434 0.3750 0.1679 -0.2884 2.9775 6.0000 0.5296 0.0167 
30.6280 11.0000 2826.4461 0.3668 0.1654 -0.2813 2.9829 6.0000 0.5584 0.0159 
30.6013 11.0000 2812.9090 0.3726 0.1720 -0.2787 2.9981 6.0000 0.6093 0.0206 
30.4897 11.0000 2767.4858 0.3715 0.1667 -0.2931 2.9947 6.0000 0.3915 0.0148 
30.6144 11.0000 2818.8769 0.3739 0.1678 -0.2857 2.9823 5.0000 0.5270 0.0160 
30.6525 11.0000 2846.4706 0.3745 0.1678 -0.2885 2.9834 5.0000 0.7015 0.0165 
30.5637 11.0000 2818.1770 0.3829 0.1709 -0.3008 2.9946 5.0000 1.1353 0.0206 
30.6367 11.0000 2839.5065 0.3750 0.1700 -0.2822 2.9899 6.0000 1.2227 0.0159 
30.6024 11.0000 2822.5670 0.3717 0.1675 -0.2809 2.9831 6.0000 1.0967 0.0181 
30.6329 11.0000 2827.8480 0.3766 0.1699 -0.2877 2.9889 5.0000 0.5667 0.0137 
30.6645 11.0000 2871.2462 0.3789 0.1673 -0.2924 2.9758 6.0000 0.4786 0.0171 
30.5763 11.0000 2800.3497 0.3751 0.1668 -0.2924 2.9905 5.0000 0.5134 0.0166 
30.5997 11.0000 2816.5703 0.3806 0.1711 -0.2912 2.9888 6.0000 0.5313 0.0166 
30.5327 11.0000 2781.2870 0.3770 0.1673 -0.2986 2.9919 5.0000 0.5291 0.0152 
30.4597 11.0000 2746.6819 0.3697 0.1699 -0.2878 3.0029 6.0000 0.5729 0.0137 
30.5959 11.0000 2807.8273 0.3742 0.1694 -0.2855 2.9880 5.0000 0.9707 0.0165 
30.5300 11.0000 2811.9292 0.3765 0.1686 -0.2894 2.9811 6.0000 0.7903 0.0160 
30.5806 11.0000 2827.8382 0.3694 0.1668 -0.2763 2.9831 6.0000 0.5659 0.0166 
30.5991 11.0000 2818.6705 0.3707 0.1678 -0.2834 2.9718 5.0000 0.5289 0.0166 
30.6667 11.0000 2867.9346 0.3686 0.1657 -0.2770 2.9734 6.0000 0.5306 0.0164 
30.5626 11.0000 2811.9504 0.3658 0.1666 -0.2841 2.9871 6.0000 0.5725 0.0159 
30.5801 11.0000 2831.5212 0.3703 0.1696 -0.2772 2.9866 5.0000 0.5690 0.0146 
30.5899 11.0000 2808.2233 0.3746 0.1701 -0.2837 2.9840 5.0000 0.6486 0.0169 
30.5599 11.0000 2787.4210 0.3712 0.1678 -0.2880 2.9842 6.0000 1.1804 0.0138 
30.6432 11.0000 2863.8557 0.3620 0.1638 -0.2697 2.9808 5.0000 1.3120 0.0154 
30.6225 11.0000 2839.0583 0.3704 0.1674 -0.2813 2.9782 6.0000 1.2286 0.0183 
30.5817 11.0000 2794.0349 0.3731 0.1693 -0.2876 2.9969 5.0000 0.5711 0.0154 
30.6650 11.0000 2857.6411 0.3710 0.1658 -0.2794 2.9743 5.0000 0.5729 0.0154 
30.5959 11.0000 2832.7467 0.3734 0.1664 -0.2899 2.9812 6.0000 0.5722 0.0171 
30.5855 11.0000 2813.9619 0.3761 0.1684 -0.2957 2.9847 5.0000 0.5691 0.0170 
30.6639 11.0000 2878.2157 0.3732 0.1660 -0.2813 2.9737 5.0000 0.5308 0.0180 
30.5714 11.0000 2830.2026 0.3796 0.1679 -0.2933 2.9812 6.0000 0.3958 0.0190 
30.6008 11.0000 2824.4918 0.3821 0.1726 -0.2920 2.9931 6.0000 0.5300 0.0155 
30.6389 11.0000 2857.0267 0.3730 0.1673 -0.2821 2.9827 6.0000 0.5727 0.0125 
30.5283 11.0000 2796.7538 0.3735 0.1696 -0.2892 2.9884 5.0000 0.5713 0.0176 
30.6144 11.0000 2828.3322 0.3694 0.1658 -0.2844 2.9854 5.0000 0.5305 0.0148 
30.6166 11.0000 2826.0561 0.3681 0.1669 -0.2774 2.9854 5.0000 0.5592 0.0175 
30.5349 11.0000 2806.1574 0.3778 0.1686 -0.2948 2.9923 5.0000 1.0119 0.0135 
30.5637 11.0000 2810.5583 0.3708 0.1677 -0.2856 2.9883 5.0000 1.0116 0.0160 
30.5659 11.0000 2806.3508 0.3777 0.1697 -0.2951 2.9968 6.0000 0.5711 0.0148 
30.5376 11.0000 2809.4570 0.3697 0.1701 -0.2764 2.9867 5.0000 0.5652 0.0148 
30.5065 11.0000 2777.0136 0.3696 0.1669 -0.2866 2.9873 5.0000 0.5724 0.0136 
30.6133 11.0000 2845.1743 0.3703 0.1685 -0.2707 2.9813 7.0000 0.5722 0.0136 
30.5479 11.0000 2811.6639 0.3791 0.1689 -0.2997 2.9857 5.0000 0.5715 0.0191 
30.6334 11.0000 2852.7914 0.3722 0.1638 -0.2888 2.9776 6.0000 0.3964 0.0156 
30.7032 11.0000 2873.0637 0.3714 0.1657 -0.2866 2.9810 5.0000 0.5696 0.0190 
30.5534 11.0000 2803.7086 0.3706 0.1701 -0.2759 2.9913 6.0000 0.5721 0.0176 
30.6710 11.0000 2859.2963 0.3713 0.1638 -0.2848 2.9766 5.0000 0.5720 0.0176 
30.5969 11.0000 2812.3344 0.3741 0.1682 -0.2876 2.9909 6.0000 0.5727 0.0176 
30.6345 11.0000 2833.5343 0.3753 0.1683 -0.2919 2.9777 5.0000 0.6131 0.0190 
30.6035 11.0000 2803.9918 0.3644 0.1677 -0.2752 2.9900 5.0000 0.6173 0.0156 
30.6694 11.0000 2845.6743 0.3776 0.1688 -0.2899 2.9805 6.0000 0.6592 0.0200 
30.6106 11.0000 2834.5599 0.3823 0.1727 -0.2867 2.9921 6.0000 0.6131 0.0129 
30.6694 11.0000 2852.7064 0.3706 0.1684 -0.2729 2.9901 6.0000 0.5714 0.0200 
30.5033 11.0000 2774.9880 0.3689 0.1655 -0.2911 2.9860 6.0000 0.3960 0.0177 
30.5065 11.0000 2801.6972 0.3802 0.1685 -0.2958 2.9804 5.0000 0.5721 0.0169 
30.5479 11.0000 2792.2347 0.3728 0.1682 -0.2846 2.9869 6.0000 0.5709 0.0150 
30.5496 11.0000 2782.5098 0.3756 0.1703 -0.2929 2.9967 6.0000 0.5714 0.0170 
30.5044 11.0000 2777.2070 0.3755 0.1676 -0.2954 2.9835 5.0000 0.5724 0.0144 
30.5082 11.0000 2772.7707 0.3711 0.1685 -0.2855 2.9886 5.0000 0.5313 0.0178 
30.4766 11.0000 2777.5381 0.3701 0.1675 -0.2840 2.9847 5.0000 0.5723 0.0151 
30.6084 11.0000 2840.8883 0.3627 0.1637 -0.2715 2.9838 6.0000 0.5151 0.0155 
30.5964 11.0000 2815.2527 0.3748 0.1695 -0.2880 2.9826 5.0000 0.5236 0.0186 
30.6895 11.0000 2833.6601 0.3761 0.1717 -0.2877 2.9818 5.0000 0.6571 0.0119 
30.5452 11.0000 2786.0610 0.3735 0.1693 -0.2862 2.9998 5.0000 0.5730 0.0161 
30.6258 11.0000 2811.7358 0.3740 0.1700 -0.2948 2.9899 5.0000 0.5730 0.0184 
30.5686 11.0000 2820.0153 0.3733 0.1671 -0.2842 2.9951 6.0000 0.5721 0.0184 
30.5659 11.0000 2823.3698 0.3666 0.1660 -0.2768 2.9894 6.0000 0.5715 0.0184 
30.6111 11.0000 2825.4259 0.3738 0.1681 -0.2871 2.9890 6.0000 0.6147 0.0184 
30.6449 11.0000 2844.1373 0.3667 0.1688 -0.2754 2.9883 5.0000 0.3974 0.0184 
30.5425 11.0000 2795.0120 0.3862 0.1740 -0.3020 2.9920 6.0000 0.5732 0.0184 
30.6247 11.0000 2840.1569 0.3701 0.1663 -0.2879 2.9820 5.0000 0.5712 0.0184 
30.5191 11.0000 2788.3437 0.3761 0.1722 -0.2919 2.9928 6.0000 0.5723 0.0184 
30.7222 11.0000 2871.4995 0.3714 0.1690 -0.2812 2.9889 5.0000 0.6130 0.0184 
30.5948 11.0000 2823.8263 0.3754 0.1668 -0.2904 2.9786 5.0000 0.5723 0.0184 
30.5251 11.0000 2784.1171 0.3667 0.1687 -0.2782 2.9885 6.0000 0.5689 0.0184 
