30.9062 11.0000 2953.4136 0.3445 0.1275 -0.2933 3.2363 7.0000 15.3971 0.0063 
30.9209 11.0000 2958.6060 0.3460 0.1281 -0.2954 3.2311 7.0000 14.9126 0.0050 
30.9251 11.0000 2958.6762 0.3482 0.1284 -0.2984 3.2339 7.0000 15.4010 0.0067 
30.9328 11.0000 2961.4444 0.3450 0.1293 -0.2926 3.2267 8.0000 14.5214 0.0067 
30.9372 11.0000 2964.0663 0.3478 0.1285 -0.2953 3.2347 7.0000 14.6928 0.0050 
30.8971 11.0000 2947.4024 0.3451 0.1280 -0.2943 3.2272 7.0000 12.1861 0.0063 
30.9115 11.0000 2954.5268 0.3431 0.1269 -0.2957 3.2316 7.0000 13.2417 0.0063 
30.9328 11.0000 2963.6314 0.3485 0.1310 -0.2897 3.2341 7.0000 15.4384 0.0063 
30.9062 11.0000 2952.2591 0.3463 0.1293 -0.2933 3.2325 6.0000 13.0199 0.0063 
30.9344 11.0000 2963.7883 0.3490 0.1301 -0.2949 3.2282 7.0000 12.2720 0.0063 
30.9192 11.0000 2957.9244 0.3452 0.1288 -0.2941 3.2280 7.0000 15.3950 0.0050 
30.8805 11.0000 2941.8744 0.3448 0.1307 -0.2884 3.2334 7.0000 1.6744 0.0043 
30.9461 11.0000 2968.4274 0.3475 0.1281 -0.2974 3.2301 6.0000 2.3751 0.0053 
30.9311 11.0000 2964.1874 0.3456 0.1279 -0.2955 3.2222 7.0000 2.5078 0.0049 
30.9398 11.0000 2968.4617 0.3476 0.1297 -0.2937 3.2284 6.0000 2.4637 0.0047 
30.8912 11.0000 2945.7302 0.3517 0.1323 -0.2941 3.2390 7.0000 2.6399 0.0059 
30.9111 11.0000 2955.2414 0.3448 0.1270 -0.2983 3.2276 7.0000 3.1619 0.0054 
30.9188 11.0000 2955.1928 0.3501 0.1312 -0.3000 3.2326 7.0000 4.3982 0.0054 
30.9234 11.0000 2959.6657 0.3480 0.1288 -0.2941 3.2350 7.0000 5.5960 0.0051 
30.9118 11.0000 2952.2822 0.3473 0.1288 -0.2976 3.2310 7.0000 6.6484 0.0051 
30.9136 11.0000 2950.4176 0.3478 0.1257 -0.3035 3.2264 7.0000 5.9570 0.0051 
30.9547 11.0000 2971.3922 0.3479 0.1276 -0.2995 3.2314 6.0000 5.8397 0.0051 
30.9031 11.0000 2950.6043 0.3467 0.1269 -0.2986 3.2244 8.0000 2.5494 0.0056 
30.9360 11.0000 2965.0511 0.3481 0.1290 -0.2976 3.2294 7.0000 1.8922 0.0056 
30.9237 11.0000 2958.8021 0.3515 0.1297 -0.2979 3.2322 7.0000 2.7271 0.0048 
30.9419 11.0000 2967.7056 0.3460 0.1293 -0.2934 3.2287 7.0000 2.5089 0.0047 
30.9206 11.0000 2956.6176 0.3453 0.1273 -0.2942 3.2259 6.0000 2.5946 0.0045 
30.9080 11.0000 2947.7838 0.3526 0.1283 -0.3065 3.2312 7.0000 2.9023 0.0048 
30.9276 11.0000 2962.2523 0.3467 0.1277 -0.2951 3.2242 7.0000 2.6384 0.0048 
30.8905 11.0000 2947.1713 0.3435 0.1270 -0.2945 3.2268 7.0000 2.9672 0.0057 
30.8842 11.0000 2943.3520 0.3464 0.1299 -0.2910 3.2332 7.0000 4.1918 0.0057 
30.9255 11.0000 2958.9052 0.3474 0.1305 -0.2915 3.2309 7.0000 4.1753 0.0057 
30.9470 11.0000 2967.0110 0.3447 0.1249 -0.2973 3.2246 7.0000 3.9622 0.0057 
30.9139 11.0000 2950.4592 0.3473 0.1295 -0.2946 3.2363 7.0000 1.8481 0.0060 
30.9437 11.0000 2965.7470 0.3481 0.1272 -0.3000 3.2301 7.0000 2.8821 0.0057 
30.9386 11.0000 2962.2836 0.3467 0.1283 -0.2976 3.2312 7.0000 2.6502 0.0064 
30.9414 11.0000 2966.5376 0.3447 0.1296 -0.2920 3.2334 7.0000 2.7732 0.0050 
30.9393 11.0000 2963.6373 0.3495 0.1305 -0.2961 3.2283 7.0000 2.5973 0.0053 
30.9111 11.0000 2953.6443 0.3497 0.1280 -0.3031 3.2328 7.0000 2.6388 0.0051 
30.9090 11.0000 2951.1569 0.3477 0.1298 -0.2956 3.2322 7.0000 2.7373 0.0051 
30.9419 11.0000 2966.1083 0.3432 0.1284 -0.2905 3.2288 6.0000 3.1811 0.0045 
30.9192 11.0000 2953.6239 0.3489 0.1295 -0.2975 3.2291 6.0000 4.0838 0.0062 
30.9258 11.0000 2960.8051 0.3449 0.1278 -0.2954 3.2339 6.0000 3.9103 0.0062 
30.9006 11.0000 2948.0733 0.3531 0.1327 -0.2996 3.2368 7.0000 3.6875 0.0062 
30.9115 11.0000 2946.9031 0.3476 0.1259 -0.3037 3.2303 6.0000 1.8444 0.0051 
30.8896 11.0000 2943.1286 0.3489 0.1276 -0.3038 3.2306 7.0000 2.7306 0.0061 
30.9307 11.0000 2957.7000 0.3473 0.1298 -0.2950 3.2401 7.0000 2.5955 0.0061 
30.9220 11.0000 2958.5892 0.3452 0.1285 -0.2940 3.2297 6.0000 2.7270 0.0056 
30.9295 11.0000 2960.8198 0.3449 0.1290 -0.2916 3.2322 7.0000 2.5908 0.0061 
30.9290 11.0000 2961.0752 0.3545 0.1305 -0.3039 3.2337 7.0000 1.8448 0.0055 
30.9479 11.0000 2967.7493 0.3466 0.1273 -0.2999 3.2277 7.0000 2.9471 0.0052 
30.8957 11.0000 2949.3193 0.3515 0.1311 -0.2975 3.2323 7.0000 3.7343 0.0052 
30.9195 11.0000 2958.2761 0.3464 0.1292 -0.2922 3.2304 7.0000 2.8438 0.0052 
30.8735 11.0000 2939.7729 0.3459 0.1293 -0.2918 3.2303 7.0000 4.3461 0.0067 
30.8894 11.0000 2945.4029 0.3489 0.1297 -0.2984 3.2301 7.0000 4.6650 0.0067 
30.8989 11.0000 2944.1947 0.3484 0.1271 -0.3065 3.2316 7.0000 4.3562 0.0054 
30.9139 11.0000 2954.7162 0.3456 0.1285 -0.2940 3.2222 7.0000 2.7170 0.0054 
30.9153 11.0000 2955.5889 0.3457 0.1279 -0.2948 3.2373 7.0000 2.6341 0.0053 
30.9129 11.0000 2952.6646 0.3551 0.1297 -0.3092 3.2320 7.0000 1.8454 0.0053 
30.8980 11.0000 2951.2883 0.3467 0.1297 -0.2910 3.2307 7.0000 2.7274 0.0052 
30.9244 11.0000 2960.7278 0.3474 0.1320 -0.2882 3.2301 7.0000 1.8713 0.0050 
30.9386 11.0000 2965.1713 0.3503 0.1304 -0.2939 3.2271 7.0000 3.1814 0.0049 
30.8791 11.0000 2940.7136 0.3499 0.1288 -0.2962 3.2326 7.0000 2.7633 0.0049 
30.9185 11.0000 2953.9736 0.3446 0.1263 -0.2932 3.2312 7.0000 3.2101 0.0049 
30.8922 11.0000 2948.7320 0.3480 0.1294 -0.2979 3.2299 7.0000 3.9365 0.0055 
30.8929 11.0000 2945.4995 0.3455 0.1274 -0.2982 3.2268 7.0000 3.7843 0.0055 
30.9183 11.0000 2952.9631 0.3525 0.1293 -0.3018 3.2299 6.0000 3.6940 0.0055 
30.9227 11.0000 2957.7306 0.3507 0.1288 -0.2993 3.2265 7.0000 1.8067 0.0052 
30.9258 11.0000 2961.4178 0.3441 0.1280 -0.2901 3.2298 7.0000 2.7716 0.0049 
30.9220 11.0000 2954.1487 0.3484 0.1299 -0.2991 3.2259 6.0000 2.6372 0.0053 
30.9321 11.0000 2960.0049 0.3490 0.1284 -0.2969 3.2278 7.0000 3.0358 0.0060 
30.9360 11.0000 2964.3214 0.3470 0.1285 -0.2962 3.2303 6.0000 2.6374 0.0060 
30.9171 11.0000 2952.8695 0.3464 0.1270 -0.2988 3.2226 6.0000 2.8348 0.0055 
30.9213 11.0000 2959.1242 0.3467 0.1294 -0.2924 3.2317 7.0000 4.0013 0.0055 
30.8952 11.0000 2948.2934 0.3447 0.1285 -0.2931 3.2281 7.0000 4.6392 0.0055 
30.9225 11.0000 2958.2878 0.3460 0.1272 -0.2964 3.2315 7.0000 5.1678 0.0051 
30.9050 11.0000 2949.5226 0.3479 0.1281 -0.2988 3.2299 7.0000 4.8389 0.0051 
30.9272 11.0000 2958.7432 0.3463 0.1272 -0.2951 3.2332 7.0000 4.6134 0.0051 
30.9342 11.0000 2963.7318 0.3449 0.1283 -0.2909 3.2300 7.0000 2.6802 0.0053 
30.9232 11.0000 2959.3219 0.3520 0.1303 -0.2971 3.2275 8.0000 1.8919 0.0058 
30.9013 11.0000 2947.4220 0.3478 0.1291 -0.2949 3.2289 7.0000 2.6849 0.0052 
30.9500 11.0000 2972.7304 0.3437 0.1305 -0.2867 3.2360 7.0000 2.9026 0.0044 
30.9066 11.0000 2955.0572 0.3461 0.1273 -0.2947 3.2237 6.0000 3.0356 0.0057 
30.9218 11.0000 2956.1046 0.3465 0.1283 -0.2963 3.2275 7.0000 1.8055 0.0057 
30.9167 11.0000 2958.5378 0.3455 0.1288 -0.2929 3.2287 7.0000 2.5968 0.0057 
30.9293 11.0000 2963.3950 0.3443 0.1283 -0.2912 3.2327 7.0000 3.1119 0.0050 
30.9302 11.0000 2964.9561 0.3461 0.1292 -0.2898 3.2262 6.0000 2.9739 0.0050 
30.9164 11.0000 2954.8784 0.3490 0.1268 -0.3042 3.2283 6.0000 3.7121 0.0050 
30.9118 11.0000 2954.0336 0.3485 0.1297 -0.2992 3.2368 7.0000 4.4760 0.0050 
30.9120 11.0000 2954.4853 0.3475 0.1301 -0.2960 3.2301 7.0000 4.5208 0.0056 
30.9272 11.0000 2959.4293 0.3471 0.1287 -0.2958 3.2317 7.0000 4.1762 0.0056 
30.9090 11.0000 2951.9566 0.3481 0.1287 -0.2968 3.2290 7.0000 2.6842 0.0054 
30.9496 11.0000 2970.1793 0.3453 0.1268 -0.2970 3.2307 7.0000 2.7687 0.0054 
30.9108 11.0000 2954.9192 0.3460 0.1283 -0.2934 3.2295 7.0000 2.6827 0.0054 
30.9118 11.0000 2956.8606 0.3502 0.1298 -0.2950 3.2311 7.0000 1.8054 0.0054 
30.9318 11.0000 2958.9755 0.3497 0.1288 -0.3022 3.2312 6.0000 2.5969 0.0054 
30.9241 11.0000 2957.4073 0.3494 0.1282 -0.3015 3.2287 8.0000 3.7899 0.0054 
30.9127 11.0000 2956.9248 0.3467 0.1301 -0.2941 3.2256 7.0000 3.1285 0.0054 
30.9134 11.0000 2955.5105 0.3477 0.1288 -0.2996 3.2274 7.0000 2.5139 0.0054 
30.9192 11.0000 2956.8140 0.3483 0.1288 -0.2974 3.2292 7.0000 2.6259 0.0054 
