30.9370 11.0000 2967.4893 0.4047 0.1600 -0.2772 3.2586 7.0000 12.2950 0.0059 
30.8915 11.0000 2944.5675 0.4100 0.1649 -0.2799 3.2668 7.0000 12.1342 0.0053 
30.9024 11.0000 2948.5780 0.4074 0.1595 -0.2836 3.2672 7.0000 14.3505 0.0059 
30.8971 11.0000 2949.1375 0.4098 0.1620 -0.2819 3.2643 7.0000 14.0436 0.0059 
30.9309 11.0000 2960.2652 0.4102 0.1623 -0.2832 3.2650 7.0000 11.9618 0.0059 
30.8992 11.0000 2950.5222 0.4060 0.1646 -0.2711 3.2605 7.0000 12.0935 0.0059 
30.9269 11.0000 2958.0854 0.4115 0.1663 -0.2737 3.2696 7.0000 14.7880 0.0059 
30.9027 11.0000 2952.6723 0.4059 0.1625 -0.2741 3.2697 7.0000 13.5644 0.0058 
30.9136 11.0000 2953.9255 0.4101 0.1615 -0.2868 3.2632 7.0000 14.5701 0.0052 
30.9160 11.0000 2958.1153 0.4090 0.1648 -0.2735 3.2605 7.0000 12.6168 0.0059 
30.9220 11.0000 2958.4883 0.4061 0.1605 -0.2804 3.2665 6.0000 14.4414 0.0058 
30.9083 11.0000 2950.3768 0.4016 0.1620 -0.2746 3.2760 7.0000 1.6270 0.0057 
30.9045 11.0000 2944.4426 0.4131 0.1655 -0.2813 3.2739 7.0000 2.3768 0.0058 
30.9234 11.0000 2953.8156 0.4067 0.1630 -0.2784 3.2678 7.0000 2.3319 0.0057 
30.9069 11.0000 2952.0271 0.4082 0.1637 -0.2742 3.2616 7.0000 1.5432 0.0064 
30.9034 11.0000 2949.8669 0.4091 0.1654 -0.2711 3.2684 7.0000 2.2440 0.0064 
30.9073 11.0000 2953.3000 0.4065 0.1627 -0.2729 3.2645 7.0000 3.4562 0.0050 
30.9190 11.0000 2958.7675 0.4095 0.1646 -0.2785 3.2607 7.0000 3.9406 0.0065 
30.8947 11.0000 2951.5257 0.4130 0.1647 -0.2842 3.2630 7.0000 7.4497 0.0055 
30.9274 11.0000 2962.0609 0.4118 0.1686 -0.2745 3.2795 7.0000 7.1859 0.0065 
30.8964 11.0000 2951.9132 0.4058 0.1627 -0.2779 3.2634 6.0000 6.9884 0.0050 
30.9092 11.0000 2953.5203 0.4051 0.1636 -0.2685 3.2581 9.0000 6.9937 0.0055 
30.9069 11.0000 2952.7904 0.4057 0.1638 -0.2719 3.2675 7.0000 1.6283 0.0047 
30.9118 11.0000 2953.6986 0.4105 0.1610 -0.2834 3.2589 7.0000 2.6860 0.0053 
30.8882 11.0000 2949.6730 0.4069 0.1638 -0.2751 3.2637 7.0000 2.3315 0.0059 
30.8877 11.0000 2939.6422 0.4101 0.1640 -0.2786 3.2700 7.0000 2.3732 0.0056 
30.9311 11.0000 2956.3506 0.4084 0.1621 -0.2838 3.2496 6.0000 2.4656 0.0057 
30.9050 11.0000 2951.9120 0.4120 0.1643 -0.2799 3.2695 6.0000 3.8262 0.0053 
30.8873 11.0000 2941.1207 0.4087 0.1617 -0.2808 3.2631 6.0000 3.9599 0.0052 
30.9176 11.0000 2954.9825 0.4090 0.1636 -0.2779 3.2716 8.0000 2.5075 0.0052 
30.9400 11.0000 2966.3623 0.4077 0.1633 -0.2780 3.2720 7.0000 3.0777 0.0052 
30.8999 11.0000 2952.9556 0.4070 0.1646 -0.2715 3.2681 7.0000 2.9290 0.0052 
30.9409 11.0000 2965.6055 0.4077 0.1644 -0.2747 3.2719 7.0000 3.0765 0.0048 
30.9223 11.0000 2961.2467 0.4059 0.1629 -0.2701 3.2571 7.0000 1.7112 0.0056 
30.9043 11.0000 2950.4596 0.4072 0.1640 -0.2730 3.2757 7.0000 2.6395 0.0052 
30.9134 11.0000 2957.4482 0.4078 0.1649 -0.2686 3.2664 7.0000 2.5359 0.0058 
30.9108 11.0000 2955.6585 0.4065 0.1667 -0.2696 3.2632 9.0000 2.3792 0.0049 
30.9136 11.0000 2948.9825 0.4085 0.1652 -0.2768 3.2724 9.0000 2.5922 0.0064 
30.9223 11.0000 2962.5460 0.4085 0.1639 -0.2735 3.2637 7.0000 2.4584 0.0054 
30.9265 11.0000 2962.8249 0.4083 0.1639 -0.2741 3.2621 7.0000 2.4608 0.0058 
30.9246 11.0000 2954.6837 0.4120 0.1675 -0.2784 3.2636 7.0000 2.4197 0.0042 
30.9384 11.0000 2967.4690 0.4062 0.1632 -0.2755 3.2591 7.0000 3.1273 0.0057 
30.9143 11.0000 2957.5717 0.4099 0.1627 -0.2801 3.2665 8.0000 3.3722 0.0057 
30.8814 11.0000 2942.7215 0.4053 0.1653 -0.2682 3.2688 7.0000 2.9114 0.0057 
30.9363 11.0000 2967.3922 0.4091 0.1654 -0.2696 3.2683 7.0000 3.1186 0.0057 
30.9246 11.0000 2959.2516 0.4015 0.1596 -0.2714 3.2702 7.0000 1.7129 0.0051 
30.9066 11.0000 2949.0542 0.4095 0.1650 -0.2766 3.2644 7.0000 2.6396 0.0061 
30.9202 11.0000 2956.9330 0.4061 0.1632 -0.2715 3.2560 7.0000 2.4623 0.0055 
30.8891 11.0000 2950.3772 0.4106 0.1665 -0.2744 3.2682 7.0000 2.4193 0.0044 
30.9073 11.0000 2952.7040 0.4061 0.1668 -0.2689 3.2694 7.0000 2.5525 0.0045 
30.9566 11.0000 2974.2883 0.4031 0.1608 -0.2763 3.2557 7.0000 2.5073 0.0045 
30.9108 11.0000 2956.0331 0.4063 0.1641 -0.2725 3.2653 7.0000 2.5494 0.0055 
30.8662 11.0000 2926.9094 0.4121 0.1653 -0.2808 3.2684 6.0000 3.4553 0.0054 
30.9335 11.0000 2960.3382 0.4016 0.1597 -0.2761 3.2620 6.0000 3.3250 0.0054 
30.9470 11.0000 2972.1011 0.4069 0.1631 -0.2755 3.2667 7.0000 2.9225 0.0050 
30.9281 11.0000 2963.1352 0.4029 0.1619 -0.2728 3.2642 7.0000 3.2037 0.0050 
30.8982 11.0000 2950.9648 0.4104 0.1628 -0.2798 3.2687 7.0000 1.6697 0.0050 
30.9153 11.0000 2958.9977 0.4106 0.1657 -0.2728 3.2834 7.0000 1.7589 0.0052 
30.9517 11.0000 2967.9879 0.4089 0.1654 -0.2735 3.2625 7.0000 2.5066 0.0059 
30.9458 11.0000 2970.1730 0.4100 0.1632 -0.2792 3.2571 7.0000 2.4647 0.0064 
30.9223 11.0000 2963.3161 0.4046 0.1635 -0.2701 3.2732 7.0000 4.1148 0.0060 
30.9176 11.0000 2955.7087 0.4107 0.1660 -0.2744 3.2703 7.0000 4.1799 0.0054 
30.9202 11.0000 2956.1506 0.4086 0.1599 -0.2858 3.2667 6.0000 2.5944 0.0047 
30.8887 11.0000 2947.6375 0.4069 0.1639 -0.2739 3.2586 7.0000 3.1507 0.0062 
30.9318 11.0000 2961.9468 0.4051 0.1640 -0.2745 3.2661 7.0000 2.7273 0.0062 
30.8814 11.0000 2943.9286 0.4041 0.1621 -0.2713 3.2702 7.0000 2.9042 0.0063 
30.9085 11.0000 2957.8018 0.4040 0.1637 -0.2679 3.2641 7.0000 3.7367 0.0063 
30.9253 11.0000 2964.1074 0.4022 0.1655 -0.2668 3.2631 7.0000 3.1661 0.0062 
30.9055 11.0000 2951.2376 0.4081 0.1635 -0.2773 3.2611 7.0000 1.7156 0.0053 
30.8887 11.0000 2946.2743 0.4088 0.1638 -0.2719 3.2686 7.0000 2.5922 0.0051 
30.9017 11.0000 2949.5628 0.4078 0.1643 -0.2768 3.2687 7.0000 2.5932 0.0053 
30.9183 11.0000 2960.3770 0.4084 0.1640 -0.2748 3.2603 6.0000 2.5065 0.0062 
30.9414 11.0000 2969.4141 0.4038 0.1636 -0.2701 3.2615 7.0000 2.5935 0.0044 
30.9216 11.0000 2957.6996 0.4125 0.1650 -0.2808 3.2732 6.0000 2.6399 0.0045 
30.8950 11.0000 2949.7302 0.4103 0.1662 -0.2754 3.2679 7.0000 1.7196 0.0047 
30.8931 11.0000 2950.1545 0.4079 0.1658 -0.2667 3.2685 7.0000 5.2491 0.0053 
30.8861 11.0000 2940.4197 0.4126 0.1658 -0.2822 3.2685 6.0000 5.3695 0.0058 
30.8910 11.0000 2942.3032 0.4106 0.1662 -0.2731 3.2705 7.0000 3.6932 0.0053 
30.9286 11.0000 2959.7981 0.4116 0.1643 -0.2797 3.2679 7.0000 2.8157 0.0052 
30.9286 11.0000 2962.6424 0.4090 0.1657 -0.2728 3.2681 7.0000 2.9470 0.0052 
30.9213 11.0000 2959.8810 0.4082 0.1607 -0.2786 3.2608 7.0000 1.7578 0.0055 
30.8938 11.0000 2943.4036 0.4083 0.1649 -0.2770 3.2662 7.0000 2.5085 0.0055 
30.9510 11.0000 2969.5675 0.4107 0.1657 -0.2761 3.2681 7.0000 2.5525 0.0055 
30.9484 11.0000 2972.8894 0.4025 0.1618 -0.2685 3.2680 7.0000 2.6389 0.0059 
30.9398 11.0000 2966.3884 0.4091 0.1642 -0.2735 3.2686 6.0000 2.5975 0.0056 
30.9073 11.0000 2947.8723 0.4085 0.1616 -0.2809 3.2584 7.0000 2.6286 0.0052 
30.9239 11.0000 2960.9851 0.4118 0.1631 -0.2798 3.2677 7.0000 2.5355 0.0052 
30.9174 11.0000 2958.3732 0.4042 0.1636 -0.2708 3.2693 7.0000 3.0299 0.0050 
30.9246 11.0000 2952.9496 0.4055 0.1634 -0.2731 3.2669 7.0000 2.6805 0.0057 
30.9188 11.0000 2955.0710 0.4085 0.1631 -0.2757 3.2641 7.0000 2.8588 0.0057 
30.9171 11.0000 2956.2687 0.4052 0.1608 -0.2772 3.2732 7.0000 2.9910 0.0057 
30.9178 11.0000 2960.8718 0.4100 0.1643 -0.2801 3.2659 7.0000 1.6740 0.0055 
30.9150 11.0000 2956.4444 0.4076 0.1652 -0.2671 3.2710 7.0000 2.5528 0.0057 
30.9057 11.0000 2952.1025 0.4051 0.1604 -0.2812 3.2637 7.0000 2.5924 0.0057 
30.9162 11.0000 2957.0987 0.4043 0.1613 -0.2761 3.2595 7.0000 2.5069 0.0057 
30.9146 11.0000 2954.9141 0.4055 0.1619 -0.2780 3.2676 7.0000 1.7151 0.0057 
30.9272 11.0000 2957.8571 0.4061 0.1636 -0.2722 3.2693 7.0000 2.6361 0.0057 
30.9388 11.0000 2969.5738 0.4073 0.1664 -0.2705 3.2672 7.0000 4.2233 0.0057 
30.9318 11.0000 2962.8847 0.4068 0.1639 -0.2715 3.2575 7.0000 4.1330 0.0057 
30.9111 11.0000 2950.7488 0.4087 0.1665 -0.2753 3.2663 7.0000 2.6855 0.0057 
