30.9740 11.0000 2977.2259 0.2937 0.0976 -0.3023 3.2738 7.0000 24.6042 0.0036 
30.9702 11.0000 2974.3359 0.2974 0.0990 -0.3019 3.2728 7.0000 25.9216 0.0036 
30.9759 11.0000 2977.3214 0.2950 0.0978 -0.3009 3.2723 7.0000 24.6476 0.0041 
30.9610 11.0000 2973.1334 0.2953 0.0964 -0.3038 3.2702 7.0000 24.8643 0.0041 
30.9873 11.0000 2983.1044 0.2989 0.0983 -0.3087 3.2724 7.0000 24.2982 0.0025 
30.9851 11.0000 2981.8148 0.2947 0.0980 -0.3007 3.2668 7.0000 26.9313 0.0037 
30.9815 11.0000 2979.3217 0.2956 0.0982 -0.3007 3.2688 6.0000 26.8903 0.0025 
30.9677 11.0000 2974.8805 0.2931 0.0965 -0.3018 3.2726 8.0000 24.9527 0.0037 
30.9922 11.0000 2983.0744 0.2967 0.0979 -0.3064 3.2725 7.0000 26.1435 0.0033 
30.9936 11.0000 2984.9168 0.2943 0.0974 -0.3030 3.2698 8.0000 26.6702 0.0036 
30.9646 11.0000 2973.1351 0.2993 0.1006 -0.3026 3.2758 7.0000 25.0413 0.0025 
30.9711 11.0000 2974.5211 0.2928 0.0972 -0.2998 3.2694 8.0000 3.4757 0.0040 
30.9706 11.0000 2974.4517 0.2962 0.0989 -0.3043 3.2715 7.0000 2.7251 0.0040 
30.9749 11.0000 2979.2774 0.2940 0.0972 -0.2991 3.2694 7.0000 4.2529 0.0036 
30.9748 11.0000 2977.8722 0.2968 0.0992 -0.3040 3.2731 7.0000 4.7205 0.0035 
30.9539 11.0000 2970.4274 0.2927 0.0957 -0.3060 3.2688 7.0000 4.2538 0.0040 
31.0076 11.0000 2991.0697 0.2958 0.0981 -0.3059 3.2725 7.0000 4.2101 0.0040 
30.9720 11.0000 2975.2781 0.2929 0.0964 -0.3034 3.2708 7.0000 4.9137 0.0035 
30.9726 11.0000 2975.3822 0.2973 0.0977 -0.3089 3.2764 7.0000 9.0164 0.0035 
30.9592 11.0000 2969.0842 0.3001 0.0993 -0.3081 3.2691 7.0000 9.1483 0.0029 
31.0013 11.0000 2988.9208 0.2974 0.0984 -0.3034 3.2738 7.0000 4.9619 0.0042 
30.9631 11.0000 2971.5064 0.2964 0.0967 -0.3109 3.2716 6.0000 5.1809 0.0042 
30.9575 11.0000 2970.7522 0.2979 0.0980 -0.3064 3.2721 7.0000 5.1553 0.0037 
30.9960 11.0000 2985.3811 0.2954 0.1001 -0.2988 3.2773 7.0000 4.9306 0.0037 
30.9771 11.0000 2977.8695 0.2957 0.0994 -0.2986 3.2732 7.0000 3.0347 0.0037 
30.9757 11.0000 2978.4793 0.2942 0.0976 -0.3030 3.2710 7.0000 3.1706 0.0039 
30.9617 11.0000 2971.1195 0.2977 0.0997 -0.3022 3.2754 7.0000 4.1778 0.0034 
30.9755 11.0000 2977.1494 0.2913 0.0963 -0.2999 3.2726 7.0000 4.9789 0.0035 
30.9793 11.0000 2978.6329 0.2966 0.0986 -0.3057 3.2730 7.0000 4.2605 0.0035 
30.9699 11.0000 2974.9867 0.2923 0.0961 -0.2995 3.2711 7.0000 4.5700 0.0043 
30.9552 11.0000 2965.9702 0.2968 0.0973 -0.3078 3.2732 7.0000 4.8353 0.0037 
30.9735 11.0000 2975.3656 0.2939 0.0961 -0.3030 3.2699 7.0000 4.3078 0.0043 
30.9710 11.0000 2975.6342 0.2940 0.0957 -0.3073 3.2701 7.0000 4.3472 0.0043 
30.9713 11.0000 2975.6182 0.2964 0.0974 -0.3076 3.2754 7.0000 3.3770 0.0032 
30.9784 11.0000 2980.3270 0.2965 0.0979 -0.3023 3.2694 8.0000 4.0796 0.0043 
30.9660 11.0000 2973.4542 0.2960 0.0978 -0.3027 3.2691 7.0000 4.6940 0.0032 
30.9804 11.0000 2979.7224 0.2975 0.0974 -0.3098 3.2724 7.0000 4.2205 0.0034 
30.9791 11.0000 2979.9858 0.2957 0.0966 -0.3048 3.2704 7.0000 4.2669 0.0039 
30.9828 11.0000 2980.6767 0.2946 0.0975 -0.3027 3.2717 7.0000 5.3219 0.0030 
30.9542 11.0000 2970.5603 0.2958 0.0983 -0.3040 3.2728 7.0000 6.0287 0.0030 
30.9526 11.0000 2967.3907 0.2927 0.0972 -0.3014 3.2681 7.0000 5.1033 0.0038 
30.9715 11.0000 2973.2729 0.2946 0.0982 -0.3034 3.2748 7.0000 6.2309 0.0043 
30.9840 11.0000 2980.8495 0.2963 0.0976 -0.3054 3.2718 7.0000 5.0736 0.0036 
30.9532 11.0000 2967.9365 0.2974 0.0974 -0.3056 3.2677 7.0000 5.3615 0.0036 
30.9867 11.0000 2981.1229 0.2945 0.0980 -0.3013 3.2711 7.0000 2.9915 0.0036 
30.9880 11.0000 2982.7656 0.2960 0.0978 -0.3038 3.2672 7.0000 4.2248 0.0032 
30.9671 11.0000 2974.3299 0.2947 0.0979 -0.3009 3.2747 8.0000 4.2223 0.0036 
30.9808 11.0000 2979.7703 0.2968 0.0981 -0.3035 3.2723 7.0000 4.2689 0.0036 
30.9682 11.0000 2974.6180 0.2939 0.0974 -0.3035 3.2723 8.0000 4.1809 0.0040 
30.9940 11.0000 2984.3466 0.2957 0.0985 -0.3059 3.2706 7.0000 2.9919 0.0033 
30.9951 11.0000 2984.1719 0.2953 0.0981 -0.3030 3.2682 8.0000 5.6148 0.0033 
30.9535 11.0000 2968.5634 0.2962 0.0973 -0.3065 3.2711 7.0000 5.0905 0.0033 
30.9755 11.0000 2974.8914 0.2969 0.0982 -0.3045 3.2726 7.0000 4.2211 0.0034 
30.9755 11.0000 2974.8987 0.2965 0.0976 -0.3064 3.2721 7.0000 4.5738 0.0035 
30.9866 11.0000 2982.1004 0.2960 0.0989 -0.3044 3.2720 8.0000 4.7480 0.0035 
30.9742 11.0000 2976.7736 0.2984 0.0986 -0.3058 3.2692 7.0000 3.1268 0.0031 
30.9755 11.0000 2978.2554 0.2987 0.0981 -0.3059 3.2715 7.0000 4.3393 0.0036 
30.9615 11.0000 2971.3836 0.2952 0.0984 -0.3030 3.2714 7.0000 4.2688 0.0037 
30.9757 11.0000 2977.3611 0.2933 0.0969 -0.3033 3.2722 7.0000 4.3118 0.0035 
30.9857 11.0000 2983.3662 0.2949 0.0981 -0.3019 3.2691 8.0000 4.4427 0.0033 
30.9847 11.0000 2982.1008 0.2942 0.0960 -0.3066 3.2699 7.0000 4.3005 0.0031 
30.9828 11.0000 2979.2894 0.2972 0.0973 -0.3081 3.2753 7.0000 4.3516 0.0036 
30.9806 11.0000 2981.5163 0.2944 0.0963 -0.3058 3.2692 7.0000 4.3122 0.0038 
30.9795 11.0000 2978.1964 0.2937 0.0972 -0.3049 3.2726 8.0000 5.0484 0.0034 
30.9724 11.0000 2974.7783 0.2972 0.0976 -0.3079 3.2727 8.0000 5.0391 0.0034 
30.9759 11.0000 2977.4768 0.2944 0.0975 -0.3045 3.2740 7.0000 4.9338 0.0034 
30.9911 11.0000 2982.9218 0.2985 0.0979 -0.3092 3.2690 7.0000 4.2638 0.0034 
30.9729 11.0000 2976.4297 0.2968 0.0979 -0.3062 3.2712 7.0000 4.3109 0.0043 
30.9782 11.0000 2978.0354 0.2949 0.0979 -0.3033 3.2712 8.0000 4.3086 0.0037 
30.9835 11.0000 2980.3190 0.2984 0.0980 -0.3108 3.2717 8.0000 4.3512 0.0035 
30.9677 11.0000 2976.9926 0.2933 0.0971 -0.3030 3.2774 7.0000 5.1926 0.0034 
30.9915 11.0000 2984.4978 0.2956 0.0977 -0.3035 3.2737 7.0000 4.2678 0.0032 
30.9742 11.0000 2976.5367 0.2966 0.0980 -0.3061 3.2717 7.0000 4.3981 0.0037 
30.9822 11.0000 2980.0606 0.2960 0.0970 -0.3047 3.2753 7.0000 4.3976 0.0033 
30.9733 11.0000 2976.3375 0.2941 0.0974 -0.3041 3.2712 7.0000 7.7435 0.0035 
30.9806 11.0000 2980.6245 0.2938 0.0973 -0.3011 3.2788 7.0000 11.7464 0.0036 
30.9804 11.0000 2978.0512 0.2936 0.0962 -0.3044 3.2719 6.0000 11.5998 0.0031 
30.9539 11.0000 2969.2242 0.2910 0.0967 -0.2981 3.2751 7.0000 11.0321 0.0035 
30.9724 11.0000 2975.4826 0.2947 0.0969 -0.3043 3.2717 7.0000 3.4055 0.0039 
30.9793 11.0000 2978.8219 0.2976 0.0980 -0.3084 3.2717 7.0000 3.9119 0.0031 
30.9873 11.0000 2981.7066 0.2958 0.0985 -0.3022 3.2693 7.0000 4.3966 0.0032 
30.9800 11.0000 2981.2121 0.2941 0.0986 -0.2996 3.2703 7.0000 3.0386 0.0040 
30.9715 11.0000 2975.6580 0.2933 0.0965 -0.3038 3.2709 7.0000 5.1032 0.0039 
30.9906 11.0000 2982.4172 0.2956 0.0968 -0.3090 3.2711 7.0000 4.4384 0.0039 
30.9844 11.0000 2983.1060 0.2968 0.0985 -0.3064 3.2718 7.0000 4.3554 0.0036 
30.9762 11.0000 2979.1429 0.2930 0.0976 -0.2982 3.2762 7.0000 4.4611 0.0035 
30.9793 11.0000 2980.2413 0.2962 0.0972 -0.3039 3.2731 7.0000 4.3554 0.0030 
30.9944 11.0000 2984.9637 0.2964 0.0978 -0.3018 3.2745 9.0000 5.0531 0.0032 
30.9650 11.0000 2973.2173 0.2956 0.1004 -0.2983 3.2819 7.0000 5.1850 0.0032 
30.9918 11.0000 2985.0438 0.2951 0.0973 -0.3045 3.2701 7.0000 4.5323 0.0041 
30.9860 11.0000 2981.6184 0.2949 0.0987 -0.3012 3.2757 7.0000 4.3846 0.0030 
30.9615 11.0000 2971.0692 0.2976 0.0988 -0.3028 3.2699 7.0000 4.3507 0.0030 
30.9753 11.0000 2977.9608 0.2960 0.0982 -0.3035 3.2722 7.0000 4.3952 0.0030 
30.9648 11.0000 2974.5330 0.2947 0.0988 -0.2997 3.2750 7.0000 3.0369 0.0030 
30.9748 11.0000 2976.7424 0.2983 0.0989 -0.3036 3.2693 7.0000 4.7096 0.0030 
30.9791 11.0000 2978.9541 0.2955 0.0980 -0.3040 3.2677 7.0000 4.7932 0.0030 
30.9593 11.0000 2971.2057 0.2965 0.0999 -0.3014 3.2754 7.0000 4.4964 0.0030 
30.9942 11.0000 2984.3519 0.2962 0.0977 -0.3039 3.2728 7.0000 4.2256 0.0030 
30.9880 11.0000 2982.3874 0.2931 0.0985 -0.2984 3.2743 7.0000 4.3982 0.0030 
30.9938 11.0000 2984.9207 0.2945 0.0953 -0.3047 3.2676 7.0000 3.0652 0.0030 
