30.8279 1.0000 2922.7887 0.3995 0.1641 -0.2781 3.2213 7.0000 10.6465 0.0070 
30.8647 1.0000 2940.8987 0.4024 0.1648 -0.2786 3.2152 7.0000 10.6859 0.0070 
30.8704 1.0000 2939.3325 0.3986 0.1629 -0.2772 3.2143 7.0000 9.0836 0.0062 
30.8913 1.0000 2945.9014 0.4007 0.1624 -0.2834 3.2187 7.0000 8.9970 0.0070 
30.8775 1.0000 2940.7854 0.4066 0.1627 -0.2892 3.2180 7.0000 10.8968 0.0070 
30.8807 1.0000 2941.6501 0.3978 0.1612 -0.2800 3.2054 7.0000 10.7244 0.0072 
30.8954 1.0000 2940.2470 0.3990 0.1619 -0.2828 3.2213 6.0000 10.4892 0.0068 
30.9031 1.0000 2950.9464 0.3989 0.1609 -0.2771 3.2063 7.0000 10.4455 0.0075 
30.8905 1.0000 2953.3971 0.4004 0.1615 -0.2802 3.2123 6.0000 10.8930 0.0056 
30.8758 1.0000 2941.8420 0.3973 0.1602 -0.2844 3.2171 7.0000 9.0073 0.0068 
30.8987 1.0000 2950.3644 0.3984 0.1601 -0.2847 3.2109 6.0000 9.7057 0.0072 
30.8957 1.0000 2951.9741 0.3977 0.1632 -0.2764 3.2084 7.0000 1.1454 0.0051 
30.8769 1.0000 2939.9278 0.3994 0.1628 -0.2852 3.2138 7.0000 1.8030 0.0071 
30.8641 1.0000 2927.2429 0.3987 0.1626 -0.2809 3.2216 7.0000 1.8909 0.0064 
30.8538 1.0000 2934.2778 0.4008 0.1642 -0.2827 3.2137 7.0000 1.6591 0.0071 
30.8717 1.0000 2935.2879 0.3945 0.1611 -0.2771 3.2116 6.0000 1.6753 0.0073 
30.9142 1.0000 2956.2554 0.3982 0.1621 -0.2769 3.2103 6.0000 2.1079 0.0076 
30.8690 1.0000 2935.3140 0.3934 0.1572 -0.2818 3.2045 6.0000 2.0636 0.0073 
30.8655 1.0000 2936.3205 0.4005 0.1618 -0.2857 3.2075 7.0000 1.8324 0.0057 
30.8818 1.0000 2942.2636 0.3948 0.1629 -0.2782 3.2169 7.0000 2.4960 0.0057 
30.9123 1.0000 2957.8391 0.3867 0.1586 -0.2725 3.2156 6.0000 2.6314 0.0057 
30.9300 1.0000 2966.7075 0.3958 0.1603 -0.2782 3.2152 6.0000 2.3738 0.0068 
30.8671 1.0000 2938.4839 0.4015 0.1623 -0.2840 3.2066 7.0000 1.1905 0.0069 
30.8687 1.0000 2942.5014 0.4005 0.1646 -0.2751 3.2180 6.0000 1.7141 0.0071 
30.8892 1.0000 2949.2203 0.3940 0.1586 -0.2787 3.2123 7.0000 1.7973 0.0058 
30.8619 1.0000 2933.3619 0.3953 0.1592 -0.2796 3.2142 6.0000 1.8446 0.0069 
30.8508 1.0000 2928.5504 0.4044 0.1644 -0.2872 3.2210 7.0000 1.2312 0.0063 
30.8606 1.0000 2932.6988 0.3945 0.1605 -0.2813 3.2059 7.0000 2.1558 0.0069 
30.9112 1.0000 2956.8034 0.3986 0.1599 -0.2827 3.2154 6.0000 2.0190 0.0061 
30.8766 1.0000 2938.5765 0.3961 0.1610 -0.2798 3.2064 7.0000 2.6171 0.0056 
30.8306 1.0000 2911.3238 0.3957 0.1627 -0.2794 3.2170 6.0000 2.2039 0.0063 
30.8445 1.0000 2931.3597 0.4009 0.1639 -0.2787 3.2150 7.0000 1.7328 0.0063 
30.8742 1.0000 2941.9534 0.3979 0.1628 -0.2804 3.2123 6.0000 1.8913 0.0064 
30.8932 1.0000 2950.3559 0.3954 0.1598 -0.2779 3.2153 7.0000 1.8486 0.0060 
30.8679 1.0000 2939.9937 0.3995 0.1619 -0.2805 3.2162 7.0000 1.2325 0.0072 
30.9063 1.0000 2954.6304 0.4036 0.1642 -0.2826 3.2177 7.0000 1.2672 0.0065 
30.8734 1.0000 2940.1996 0.3970 0.1612 -0.2801 3.2155 7.0000 1.9325 0.0062 
30.8739 1.0000 2942.9333 0.3969 0.1634 -0.2758 3.2156 8.0000 1.8463 0.0069 
30.8995 1.0000 2947.1830 0.4025 0.1634 -0.2800 3.2103 7.0000 2.0671 0.0067 
30.9131 1.0000 2953.8333 0.4029 0.1617 -0.2882 3.2194 6.0000 1.9790 0.0067 
30.8878 1.0000 2950.3595 0.3962 0.1629 -0.2714 3.2176 6.0000 2.1565 0.0082 
30.8905 1.0000 2946.8154 0.4020 0.1614 -0.2837 3.2117 7.0000 2.0697 0.0057 
30.8892 1.0000 2948.0259 0.3993 0.1644 -0.2778 3.2106 7.0000 2.1510 0.0067 
30.8998 1.0000 2950.6686 0.4005 0.1645 -0.2812 3.2175 7.0000 2.2858 0.0067 
30.8644 1.0000 2936.0836 0.3992 0.1635 -0.2766 3.2098 7.0000 1.8901 0.0080 
30.8747 1.0000 2937.4213 0.4009 0.1609 -0.2880 3.2095 7.0000 1.9759 0.0064 
30.8867 1.0000 2947.6473 0.3945 0.1636 -0.2708 3.2185 6.0000 1.2292 0.0060 
30.8957 1.0000 2942.8845 0.3945 0.1586 -0.2831 3.2052 7.0000 1.8445 0.0068 
30.8799 1.0000 2943.2816 0.4023 0.1614 -0.2883 3.2169 6.0000 1.9323 0.0072 
30.8897 1.0000 2949.7819 0.3982 0.1620 -0.2823 3.2169 6.0000 2.3818 0.0078 
30.8322 1.0000 2917.0964 0.3995 0.1618 -0.2828 3.2185 8.0000 1.9362 0.0078 
30.9109 1.0000 2959.2830 0.3995 0.1630 -0.2803 3.2187 6.0000 2.0160 0.0077 
30.8799 1.0000 2947.5123 0.4011 0.1628 -0.2820 3.2238 7.0000 1.8945 0.0077 
30.8870 1.0000 2947.0618 0.3965 0.1601 -0.2801 3.2104 7.0000 1.9618 0.0072 
30.9014 1.0000 2951.1552 0.4020 0.1626 -0.2843 3.2161 6.0000 1.8471 0.0064 
30.8391 1.0000 2932.5591 0.4022 0.1653 -0.2788 3.2201 6.0000 1.2755 0.0066 
30.8883 1.0000 2939.3145 0.4011 0.1622 -0.2828 3.2081 6.0000 1.9310 0.0070 
30.8775 1.0000 2945.2187 0.3983 0.1644 -0.2722 3.2184 8.0000 1.9352 0.0080 
30.8641 1.0000 2930.6506 0.3977 0.1601 -0.2821 3.2066 6.0000 1.8887 0.0063 
30.8464 1.0000 2929.1490 0.3974 0.1608 -0.2786 3.2117 7.0000 1.9341 0.0067 
30.8913 1.0000 2940.4436 0.4023 0.1626 -0.2856 3.2122 7.0000 1.8009 0.0083 
30.8478 1.0000 2934.5624 0.4004 0.1622 -0.2813 3.2178 8.0000 2.0658 0.0060 
30.8777 1.0000 2944.6179 0.4075 0.1648 -0.2915 3.2165 7.0000 1.7155 0.0069 
30.8647 1.0000 2932.9376 0.3985 0.1646 -0.2769 3.2097 6.0000 1.9360 0.0076 
30.8894 1.0000 2949.2010 0.3957 0.1610 -0.2797 3.2126 6.0000 1.8051 0.0065 
30.8821 1.0000 2941.0605 0.4019 0.1591 -0.2934 3.1987 7.0000 1.8499 0.0076 
30.8704 1.0000 2934.9455 0.3936 0.1599 -0.2794 3.2050 7.0000 1.9373 0.0069 
30.8385 1.0000 2921.9670 0.3991 0.1611 -0.2826 3.2101 6.0000 2.0186 0.0072 
30.8916 1.0000 2945.1514 0.4004 0.1616 -0.2837 3.2059 7.0000 1.9331 0.0066 
30.8794 1.0000 2942.6767 0.3995 0.1597 -0.2844 3.2221 7.0000 1.2737 0.0072 
30.8298 1.0000 2919.1005 0.3983 0.1638 -0.2814 3.2151 6.0000 1.9333 0.0061 
30.9022 1.0000 2946.7437 0.3984 0.1610 -0.2842 3.2091 7.0000 1.9792 0.0069 
30.8747 1.0000 2944.2092 0.3926 0.1573 -0.2801 3.1994 6.0000 1.9347 0.0062 
30.8535 1.0000 2925.7631 0.3983 0.1612 -0.2823 3.2201 7.0000 2.1536 0.0075 
30.8766 1.0000 2945.6509 0.3998 0.1640 -0.2759 3.2135 6.0000 1.9324 0.0064 
30.8862 1.0000 2948.4404 0.3964 0.1586 -0.2817 3.2018 6.0000 2.0219 0.0064 
30.8510 1.0000 2924.7677 0.4010 0.1654 -0.2750 3.2284 7.0000 1.9797 0.0064 
30.8655 1.0000 2937.9458 0.3976 0.1616 -0.2794 3.2151 6.0000 1.8472 0.0064 
30.8633 1.0000 2938.6247 0.3992 0.1623 -0.2822 3.2220 6.0000 1.2776 0.0073 
30.8832 1.0000 2942.4826 0.3997 0.1598 -0.2856 3.2074 7.0000 1.9761 0.0053 
30.8984 1.0000 2953.0509 0.3937 0.1603 -0.2750 3.2032 6.0000 1.8826 0.0060 
30.8736 1.0000 2944.1019 0.3967 0.1611 -0.2766 3.2051 7.0000 1.3212 0.0064 
30.8946 1.0000 2950.4194 0.3924 0.1623 -0.2707 3.2093 6.0000 1.9803 0.0069 
30.8540 1.0000 2938.2830 0.3993 0.1616 -0.2774 3.2193 7.0000 1.8903 0.0072 
30.8878 1.0000 2945.2985 0.3998 0.1609 -0.2837 3.2096 8.0000 2.0194 0.0060 
30.9227 1.0000 2962.7851 0.3986 0.1602 -0.2791 3.2136 7.0000 1.9255 0.0082 
30.8894 1.0000 2942.6190 0.3979 0.1635 -0.2766 3.2181 7.0000 2.0513 0.0082 
30.8036 1.0000 2897.4055 0.3978 0.1633 -0.2835 3.2184 7.0000 1.7580 0.0053 
30.8627 1.0000 2934.7908 0.4005 0.1635 -0.2795 3.2163 7.0000 1.8915 0.0071 
30.9221 1.0000 2958.9790 0.3944 0.1582 -0.2794 3.2091 7.0000 2.0240 0.0072 
30.9011 1.0000 2953.8540 0.3938 0.1596 -0.2738 3.2127 7.0000 1.8942 0.0072 
30.8903 1.0000 2948.9126 0.4008 0.1634 -0.2823 3.2120 7.0000 1.9338 0.0072 
30.9025 1.0000 2950.8287 0.4021 0.1631 -0.2829 3.2067 7.0000 1.8924 0.0072 
30.8736 1.0000 2935.2791 0.3967 0.1603 -0.2857 3.2124 6.0000 1.2785 0.0072 
30.8636 1.0000 2937.7258 0.3980 0.1605 -0.2833 3.2152 6.0000 2.0236 0.0072 
30.8328 1.0000 2926.6449 0.3953 0.1610 -0.2773 3.2154 6.0000 1.9356 0.0072 
30.9216 1.0000 2964.8410 0.3940 0.1587 -0.2780 3.2067 7.0000 1.9793 0.0072 
30.8674 1.0000 2927.8121 0.3930 0.1595 -0.2846 3.2150 7.0000 1.9393 0.0072 
30.8810 1.0000 2945.2170 0.3965 0.1610 -0.2778 3.2116 6.0000 2.0643 0.0072 
30.8649 1.0000 2937.0202 0.4062 0.1650 -0.2834 3.2201 6.0000 2.2805 0.0072 
