30.8595 1.0000 2920.9771 0.3805 0.1497 -0.2939 3.2114 7.0000 10.3025 0.0069 
30.8704 1.0000 2936.6604 0.3829 0.1492 -0.2947 3.2069 7.0000 11.0652 0.0069 
30.8581 1.0000 2928.8987 0.3845 0.1497 -0.3046 3.1892 7.0000 10.6987 0.0069 
30.8568 1.0000 2917.8306 0.3802 0.1491 -0.2962 3.1965 6.0000 11.3150 0.0074 
30.9112 1.0000 2958.3461 0.3770 0.1496 -0.2840 3.2026 7.0000 10.3398 0.0066 
30.8892 1.0000 2950.8459 0.3790 0.1504 -0.2837 3.2031 6.0000 10.9767 0.0058 
30.8761 1.0000 2940.5501 0.3806 0.1514 -0.2880 3.1964 7.0000 10.0011 0.0062 
30.8922 1.0000 2945.8418 0.3767 0.1478 -0.2908 3.1916 6.0000 9.7174 0.0058 
30.8627 1.0000 2936.5915 0.3796 0.1494 -0.2915 3.1957 7.0000 10.3802 0.0062 
30.8361 1.0000 2916.3453 0.3766 0.1504 -0.2883 3.2006 6.0000 10.8525 0.0066 
30.8478 1.0000 2930.4700 0.3796 0.1506 -0.2869 3.2012 6.0000 10.3775 0.0066 
30.9088 1.0000 2954.3883 0.3803 0.1484 -0.2938 3.2032 7.0000 1.2742 0.0083 
30.9085 1.0000 2956.8908 0.3792 0.1520 -0.2832 3.2132 7.0000 2.5066 0.0071 
30.8965 1.0000 2942.3086 0.3796 0.1503 -0.2898 3.2035 6.0000 1.8865 0.0058 
30.8922 1.0000 2950.8066 0.3769 0.1484 -0.2889 3.2000 6.0000 2.3663 0.0076 
30.8731 1.0000 2933.7042 0.3763 0.1513 -0.2875 3.2027 6.0000 2.3717 0.0063 
30.8843 1.0000 2944.3696 0.3778 0.1498 -0.2845 3.2043 7.0000 1.7781 0.0058 
30.8892 1.0000 2948.4360 0.3760 0.1492 -0.2881 3.2003 6.0000 2.8583 0.0063 
30.8913 1.0000 2948.3331 0.3840 0.1521 -0.2897 3.2032 7.0000 3.1398 0.0058 
30.8900 1.0000 2946.7367 0.3807 0.1503 -0.2868 3.1950 7.0000 3.7064 0.0063 
30.8524 1.0000 2926.8263 0.3767 0.1493 -0.2847 3.2008 7.0000 3.6916 0.0057 
30.8295 1.0000 2914.3192 0.3774 0.1500 -0.2902 3.2113 6.0000 3.4317 0.0057 
30.8924 1.0000 2948.1615 0.3799 0.1497 -0.2879 3.1991 6.0000 1.9794 0.0066 
30.8755 1.0000 2940.0242 0.3785 0.1507 -0.2895 3.2008 7.0000 2.0843 0.0072 
30.8682 1.0000 2939.4001 0.3767 0.1478 -0.2897 3.2024 6.0000 1.3167 0.0065 
30.9071 1.0000 2955.8396 0.3790 0.1493 -0.2824 3.2012 6.0000 1.8909 0.0068 
30.8524 1.0000 2933.0321 0.3790 0.1514 -0.2886 3.2089 6.0000 2.4182 0.0065 
30.8755 1.0000 2942.8837 0.3820 0.1501 -0.2903 3.1988 6.0000 2.1616 0.0080 
30.9088 1.0000 2957.1944 0.3808 0.1495 -0.2889 3.1934 7.0000 1.8438 0.0057 
30.8927 1.0000 2951.7026 0.3797 0.1491 -0.2878 3.1999 7.0000 2.0201 0.0074 
30.9090 1.0000 2954.0248 0.3834 0.1520 -0.2863 3.2011 6.0000 1.9390 0.0081 
30.9169 1.0000 2958.6740 0.3760 0.1489 -0.2848 3.1956 7.0000 1.8436 0.0059 
30.8821 1.0000 2945.1435 0.3837 0.1512 -0.2988 3.2052 7.0000 1.8911 0.0066 
30.8385 1.0000 2921.0839 0.3820 0.1524 -0.2894 3.2064 6.0000 2.0212 0.0066 
30.8873 1.0000 2949.5044 0.3791 0.1501 -0.2833 3.1945 7.0000 1.2348 0.0052 
30.8502 1.0000 2930.9385 0.3834 0.1498 -0.2951 3.2002 6.0000 2.3716 0.0064 
30.8780 1.0000 2941.5735 0.3801 0.1504 -0.2886 3.2068 6.0000 2.0684 0.0058 
30.8657 1.0000 2938.9660 0.3740 0.1496 -0.2801 3.2021 6.0000 1.9336 0.0070 
30.9099 1.0000 2958.5828 0.3740 0.1476 -0.2797 3.1945 6.0000 1.8498 0.0066 
30.8570 1.0000 2925.9164 0.3786 0.1495 -0.2875 3.2081 6.0000 1.3629 0.0080 
30.8374 1.0000 2915.1506 0.3885 0.1508 -0.3035 3.2057 8.0000 2.0224 0.0071 
30.9058 1.0000 2950.6367 0.3756 0.1493 -0.2815 3.1957 7.0000 1.9816 0.0056 
30.8843 1.0000 2940.9248 0.3786 0.1479 -0.2918 3.1965 6.0000 2.0245 0.0078 
30.8832 1.0000 2936.7375 0.3863 0.1528 -0.2980 3.2126 6.0000 1.9791 0.0068 
30.8843 1.0000 2940.8036 0.3830 0.1516 -0.2898 3.2123 6.0000 2.0247 0.0071 
30.9243 1.0000 2956.9916 0.3760 0.1495 -0.2840 3.1945 7.0000 2.0217 0.0074 
30.8900 1.0000 2941.8810 0.3849 0.1509 -0.2942 3.1987 7.0000 2.0205 0.0071 
30.9088 1.0000 2955.6002 0.3798 0.1504 -0.2846 3.1989 6.0000 2.0203 0.0071 
30.8696 1.0000 2936.6343 0.3832 0.1523 -0.2936 3.2052 6.0000 2.1991 0.0081 
30.8399 1.0000 2930.2481 0.3783 0.1528 -0.2829 3.2049 7.0000 1.8002 0.0068 
30.8469 1.0000 2934.9954 0.3735 0.1496 -0.2838 3.1987 6.0000 1.8434 0.0068 
30.8676 1.0000 2936.4039 0.3818 0.1523 -0.2894 3.2057 6.0000 1.3642 0.0069 
30.9145 1.0000 2957.0033 0.3773 0.1490 -0.2840 3.2078 6.0000 1.2750 0.0058 
30.8761 1.0000 2939.2797 0.3790 0.1488 -0.2933 3.2075 6.0000 2.0233 0.0068 
30.8745 1.0000 2937.7239 0.3821 0.1506 -0.2937 3.2068 7.0000 2.1547 0.0068 
30.8682 1.0000 2939.1999 0.3863 0.1538 -0.2919 3.2115 6.0000 1.3631 0.0071 
30.8584 1.0000 2939.4559 0.3803 0.1534 -0.2858 3.2052 6.0000 2.0260 0.0057 
30.8671 1.0000 2940.9001 0.3790 0.1483 -0.2916 3.2050 7.0000 2.0230 0.0065 
30.8804 1.0000 2937.8222 0.3750 0.1500 -0.2850 3.2048 7.0000 3.2980 0.0069 
30.8377 1.0000 2927.9474 0.3814 0.1519 -0.2905 3.2064 7.0000 3.2954 0.0069 
30.8777 1.0000 2939.3058 0.3790 0.1478 -0.2974 3.1985 6.0000 1.3951 0.0069 
30.8913 1.0000 2948.9646 0.3820 0.1539 -0.2828 3.2050 7.0000 2.3747 0.0071 
30.9071 1.0000 2956.6492 0.3757 0.1468 -0.2855 3.1978 6.0000 2.4605 0.0071 
30.8753 1.0000 2942.3420 0.3804 0.1482 -0.2928 3.2046 7.0000 2.0255 0.0065 
30.8761 1.0000 2942.0703 0.3756 0.1491 -0.2841 3.1958 7.0000 2.0231 0.0081 
30.8682 1.0000 2940.6533 0.3787 0.1497 -0.2891 3.1986 6.0000 2.0240 0.0063 
30.9099 1.0000 2952.6716 0.3757 0.1491 -0.2864 3.2019 6.0000 2.0658 0.0058 
30.8845 1.0000 2938.7004 0.3799 0.1490 -0.2936 3.1971 6.0000 2.0233 0.0054 
30.8745 1.0000 2939.3186 0.3819 0.1510 -0.2871 3.2054 7.0000 3.5207 0.0061 
30.8693 1.0000 2939.5972 0.3773 0.1488 -0.2860 3.2022 7.0000 2.7296 0.0068 
30.8856 1.0000 2944.7285 0.3790 0.1476 -0.2902 3.1961 6.0000 3.3145 0.0054 
30.9115 1.0000 2957.7056 0.3792 0.1495 -0.2874 3.1958 6.0000 4.4381 0.0069 
30.8668 1.0000 2940.7127 0.3791 0.1519 -0.2830 3.2095 6.0000 4.3113 0.0069 
30.8597 1.0000 2926.5014 0.3783 0.1492 -0.2905 3.2074 6.0000 2.5505 0.0069 
30.8355 1.0000 2919.1879 0.3857 0.1530 -0.2960 3.2081 6.0000 2.5051 0.0066 
30.8908 1.0000 2952.5218 0.3768 0.1503 -0.2806 3.2013 7.0000 2.0230 0.0081 
30.9063 1.0000 2946.7081 0.3779 0.1509 -0.2828 3.2014 7.0000 2.0662 0.0075 
30.8775 1.0000 2937.4638 0.3866 0.1528 -0.2974 3.2074 7.0000 2.0678 0.0060 
30.9205 1.0000 2959.3012 0.3768 0.1487 -0.2888 3.1967 7.0000 1.9364 0.0064 
30.8723 1.0000 2938.8004 0.3818 0.1525 -0.2847 3.2035 6.0000 3.4710 0.0060 
30.8813 1.0000 2946.5158 0.3819 0.1537 -0.2843 3.2058 7.0000 2.5941 0.0061 
30.8979 1.0000 2949.4989 0.3811 0.1516 -0.2898 3.2003 7.0000 1.9369 0.0060 
30.8725 1.0000 2940.9142 0.3787 0.1506 -0.2854 3.2083 8.0000 2.0254 0.0069 
30.8813 1.0000 2938.3486 0.3829 0.1505 -0.2927 3.2067 7.0000 2.3739 0.0067 
30.9085 1.0000 2960.2203 0.3790 0.1497 -0.2886 3.2050 6.0000 2.1569 0.0060 
30.8382 1.0000 2919.5436 0.3849 0.1516 -0.2951 3.2005 7.0000 1.8393 0.0064 
30.8548 1.0000 2930.8527 0.3807 0.1500 -0.2936 3.2076 6.0000 1.9787 0.0067 
30.9001 1.0000 2943.7350 0.3746 0.1475 -0.2861 3.1875 6.0000 2.0258 0.0073 
30.8883 1.0000 2946.1070 0.3793 0.1531 -0.2841 3.2008 6.0000 2.0679 0.0068 
30.8979 1.0000 2944.3979 0.3830 0.1514 -0.2933 3.1935 7.0000 1.9801 0.0066 
30.9001 1.0000 2950.6680 0.3804 0.1511 -0.2887 3.2001 6.0000 2.0289 0.0066 
30.8949 1.0000 2951.2356 0.3791 0.1500 -0.2860 3.1915 7.0000 3.3435 0.0066 
30.8513 1.0000 2937.1220 0.3731 0.1496 -0.2781 3.2093 7.0000 2.4625 0.0066 
30.8900 1.0000 2949.3192 0.3771 0.1468 -0.2916 3.1925 6.0000 1.9335 0.0066 
30.8728 1.0000 2943.7214 0.3777 0.1471 -0.2901 3.1936 6.0000 1.3191 0.0066 
30.8802 1.0000 2934.9888 0.3790 0.1506 -0.2883 3.2065 6.0000 2.1067 0.0066 
30.8783 1.0000 2945.7838 0.3803 0.1515 -0.2850 3.1990 7.0000 2.0227 0.0066 
30.8603 1.0000 2938.0392 0.3819 0.1515 -0.2911 3.2011 6.0000 1.9779 0.0066 
30.8764 1.0000 2944.8666 0.3812 0.1510 -0.2915 3.1971 6.0000 2.0233 0.0066 
30.8834 1.0000 2945.2394 0.3792 0.1512 -0.2899 3.2034 7.0000 2.0663 0.0066 
