30.8863 11.0000 2921.6013 0.1776 0.0670 -0.2511 3.0588 6.0000 12.4123 0.0061 
30.9157 11.0000 2936.8144 0.1781 0.0664 -0.2512 3.0609 6.0000 13.1601 0.0061 
30.8817 11.0000 2925.2699 0.1790 0.0663 -0.2537 3.0623 6.0000 12.0206 0.0061 
30.8706 11.0000 2919.0928 0.1755 0.0656 -0.2490 3.0589 6.0000 12.6776 0.0061 
30.9134 11.0000 2939.4503 0.1755 0.0660 -0.2483 3.0638 6.0000 13.0705 0.0062 
30.8873 11.0000 2922.1967 0.1760 0.0667 -0.2469 3.0622 6.0000 13.0279 0.0056 
30.9111 11.0000 2938.1353 0.1758 0.0664 -0.2471 3.0624 6.0000 12.7644 0.0067 
30.8788 11.0000 2924.3722 0.1785 0.0659 -0.2530 3.0658 6.0000 13.3320 0.0061 
30.8859 11.0000 2927.6127 0.1785 0.0662 -0.2523 3.0595 6.0000 12.1941 0.0061 
30.8977 11.0000 2931.1980 0.1787 0.0664 -0.2508 3.0623 6.0000 12.8086 0.0053 
30.8735 11.0000 2919.0225 0.1753 0.0661 -0.2489 3.0595 6.0000 13.2926 0.0056 
30.8948 11.0000 2929.0415 0.1725 0.0664 -0.2440 3.0622 6.0000 1.9366 0.0058 
30.9131 11.0000 2936.0735 0.1782 0.0662 -0.2527 3.0608 6.0000 1.3648 0.0069 
30.9222 11.0000 2941.9752 0.1777 0.0657 -0.2522 3.0621 7.0000 1.8944 0.0069 
30.9127 11.0000 2935.4768 0.1776 0.0656 -0.2532 3.0562 6.0000 1.9373 0.0071 
30.8993 11.0000 2931.6314 0.1767 0.0662 -0.2492 3.0611 6.0000 1.8484 0.0071 
30.8993 11.0000 2929.8882 0.1782 0.0665 -0.2511 3.0636 6.0000 3.8748 0.0052 
30.9036 11.0000 2933.1693 0.1779 0.0662 -0.2508 3.0636 6.0000 5.9673 0.0068 
30.8837 11.0000 2920.0003 0.1742 0.0661 -0.2475 3.0630 6.0000 5.9257 0.0068 
30.9007 11.0000 2931.4899 0.1795 0.0669 -0.2532 3.0641 6.0000 6.1149 0.0068 
30.8954 11.0000 2927.5297 0.1776 0.0674 -0.2485 3.0652 7.0000 5.8262 0.0055 
30.9059 11.0000 2934.3938 0.1802 0.0668 -0.2524 3.0601 6.0000 5.6168 0.0068 
30.8725 11.0000 2919.5173 0.1784 0.0658 -0.2551 3.0614 6.0000 1.4479 0.0064 
30.8905 11.0000 2928.7902 0.1820 0.0669 -0.2583 3.0660 6.0000 2.8877 0.0063 
30.8676 11.0000 2914.3212 0.1790 0.0656 -0.2558 3.0631 6.0000 2.7635 0.0052 
30.9042 11.0000 2932.9784 0.1751 0.0664 -0.2469 3.0659 6.0000 2.6838 0.0055 
30.9167 11.0000 2935.9412 0.1801 0.0659 -0.2568 3.0590 6.0000 2.5981 0.0057 
30.9271 11.0000 2947.2199 0.1753 0.0661 -0.2473 3.0612 6.0000 1.4486 0.0063 
30.8761 11.0000 2918.4977 0.1795 0.0659 -0.2535 3.0614 6.0000 2.1139 0.0061 
30.9098 11.0000 2933.7935 0.1758 0.0665 -0.2473 3.0613 6.0000 3.7766 0.0061 
30.8925 11.0000 2928.4386 0.1783 0.0664 -0.2528 3.0624 6.0000 5.1511 0.0058 
30.8971 11.0000 2931.6869 0.1781 0.0663 -0.2519 3.0618 6.0000 4.6228 0.0058 
30.8882 11.0000 2926.4922 0.1784 0.0663 -0.2532 3.0632 6.0000 4.4476 0.0058 
30.9252 11.0000 2946.2987 0.1781 0.0660 -0.2512 3.0585 6.0000 1.4070 0.0061 
30.8925 11.0000 2929.0980 0.1814 0.0668 -0.2554 3.0626 6.0000 2.1087 0.0056 
30.9098 11.0000 2934.9147 0.1757 0.0659 -0.2482 3.0626 6.0000 3.8729 0.0056 
30.8758 11.0000 2916.9716 0.1791 0.0666 -0.2537 3.0617 6.0000 3.0271 0.0056 
30.9176 11.0000 2941.8592 0.1749 0.0664 -0.2457 3.0641 6.0000 2.1119 0.0057 
30.8984 11.0000 2935.2912 0.1778 0.0653 -0.2532 3.0576 6.0000 2.1093 0.0056 
30.8918 11.0000 2924.2493 0.1767 0.0658 -0.2511 3.0617 6.0000 2.3741 0.0051 
30.9062 11.0000 2928.8173 0.1755 0.0660 -0.2493 3.0612 6.0000 2.2450 0.0059 
30.8863 11.0000 2925.7229 0.1748 0.0659 -0.2481 3.0654 7.0000 3.2974 0.0061 
30.8980 11.0000 2932.4324 0.1770 0.0667 -0.2503 3.0617 6.0000 3.2547 0.0061 
30.8967 11.0000 2924.2441 0.1769 0.0657 -0.2521 3.0606 6.0000 3.1221 0.0061 
30.9101 11.0000 2935.2092 0.1787 0.0665 -0.2515 3.0590 6.0000 2.1116 0.0065 
30.9147 11.0000 2936.4288 0.1770 0.0652 -0.2519 3.0606 6.0000 2.0209 0.0063 
30.8922 11.0000 2928.7938 0.1761 0.0653 -0.2508 3.0638 6.0000 3.8739 0.0061 
30.8895 11.0000 2925.9556 0.1765 0.0655 -0.2501 3.0626 6.0000 5.4991 0.0061 
30.9278 11.0000 2943.6118 0.1823 0.0669 -0.2564 3.0598 6.0000 5.2940 0.0061 
30.8768 11.0000 2922.4199 0.1773 0.0661 -0.2502 3.0634 6.0000 3.3425 0.0057 
30.9056 11.0000 2933.0954 0.1776 0.0670 -0.2506 3.0601 6.0000 2.0669 0.0052 
30.8993 11.0000 2932.2493 0.1763 0.0662 -0.2501 3.0625 6.0000 2.0698 0.0059 
30.8879 11.0000 2924.5935 0.1777 0.0662 -0.2527 3.0599 7.0000 3.1219 0.0067 
30.8876 11.0000 2924.0572 0.1784 0.0657 -0.2534 3.0632 6.0000 3.1646 0.0067 
30.8859 11.0000 2926.6363 0.1786 0.0653 -0.2534 3.0606 6.0000 2.9911 0.0067 
30.9114 11.0000 2933.6840 0.1778 0.0662 -0.2519 3.0586 6.0000 2.1121 0.0051 
30.8912 11.0000 2929.5993 0.1793 0.0665 -0.2551 3.0625 6.0000 1.4931 0.0055 
30.8993 11.0000 2930.3379 0.1756 0.0662 -0.2486 3.0642 6.0000 2.0661 0.0074 
30.8951 11.0000 2932.2843 0.1806 0.0667 -0.2559 3.0611 6.0000 4.6981 0.0052 
30.9190 11.0000 2943.5121 0.1791 0.0659 -0.2530 3.0642 6.0000 5.3160 0.0074 
30.9248 11.0000 2944.1366 0.1800 0.0665 -0.2527 3.0590 6.0000 5.0972 0.0063 
30.9056 11.0000 2929.0069 0.1783 0.0667 -0.2520 3.0623 6.0000 2.0655 0.0065 
30.8791 11.0000 2923.2987 0.1798 0.0664 -0.2537 3.0628 6.0000 2.0504 0.0058 
30.9242 11.0000 2940.8343 0.1781 0.0660 -0.2528 3.0584 6.0000 2.2874 0.0058 
30.9176 11.0000 2940.8788 0.1765 0.0664 -0.2481 3.0599 6.0000 2.6844 0.0050 
30.9157 11.0000 2937.3938 0.1784 0.0663 -0.2530 3.0609 6.0000 2.6403 0.0050 
30.9304 11.0000 2943.7065 0.1763 0.0668 -0.2484 3.0622 6.0000 1.9784 0.0060 
30.8582 11.0000 2910.0510 0.1776 0.0662 -0.2528 3.0661 6.0000 1.4100 0.0057 
30.9216 11.0000 2940.7781 0.1753 0.0666 -0.2471 3.0618 7.0000 2.8148 0.0058 
30.9265 11.0000 2939.8395 0.1787 0.0665 -0.2520 3.0628 6.0000 2.6817 0.0058 
30.8918 11.0000 2930.1680 0.1763 0.0658 -0.2504 3.0585 6.0000 2.1116 0.0064 
30.8869 11.0000 2926.0173 0.1779 0.0662 -0.2512 3.0619 6.0000 1.9805 0.0059 
30.9062 11.0000 2932.9696 0.1782 0.0658 -0.2523 3.0646 6.0000 1.9864 0.0053 
30.8863 11.0000 2928.1627 0.1760 0.0653 -0.2502 3.0620 6.0000 1.7140 0.0059 
30.9317 11.0000 2943.0944 0.1757 0.0659 -0.2488 3.0641 6.0000 2.2449 0.0054 
30.9013 11.0000 2933.4340 0.1769 0.0666 -0.2498 3.0609 7.0000 2.3323 0.0063 
30.9020 11.0000 2931.0922 0.1759 0.0656 -0.2485 3.0633 6.0000 2.3781 0.0063 
30.9092 11.0000 2933.2359 0.1794 0.0669 -0.2521 3.0624 6.0000 2.1862 0.0062 
30.9082 11.0000 2936.2229 0.1737 0.0645 -0.2470 3.0605 6.0000 2.0224 0.0058 
30.9062 11.0000 2935.8667 0.1801 0.0660 -0.2540 3.0615 6.0000 2.1101 0.0058 
30.8889 11.0000 2924.7418 0.1745 0.0659 -0.2462 3.0612 6.0000 2.0206 0.0060 
30.9029 11.0000 2933.1340 0.1764 0.0664 -0.2486 3.0603 6.0000 1.4932 0.0059 
30.8993 11.0000 2931.9889 0.1747 0.0656 -0.2469 3.0581 6.0000 2.6363 0.0056 
30.9235 11.0000 2936.8742 0.1798 0.0661 -0.2562 3.0616 6.0000 2.5922 0.0059 
30.9183 11.0000 2944.6082 0.1754 0.0654 -0.2485 3.0649 6.0000 2.0229 0.0060 
30.8912 11.0000 2932.2395 0.1779 0.0659 -0.2510 3.0631 6.0000 2.1036 0.0061 
30.8967 11.0000 2930.7369 0.1780 0.0666 -0.2508 3.0633 6.0000 2.2434 0.0056 
30.9085 11.0000 2935.2265 0.1762 0.0665 -0.2490 3.0603 6.0000 2.3751 0.0056 
30.8964 11.0000 2930.9654 0.1789 0.0658 -0.2540 3.0609 6.0000 2.0285 0.0059 
30.9036 11.0000 2932.2526 0.1739 0.0662 -0.2446 3.0640 6.0000 2.1113 0.0053 
30.9003 11.0000 2928.3974 0.1757 0.0661 -0.2480 3.0647 6.0000 2.0239 0.0053 
30.9062 11.0000 2930.9118 0.1758 0.0656 -0.2509 3.0624 6.0000 1.9797 0.0053 
30.9000 11.0000 2931.5791 0.1788 0.0669 -0.2539 3.0621 6.0000 1.9793 0.0053 
30.9042 11.0000 2932.2647 0.1792 0.0665 -0.2552 3.0634 6.0000 2.1525 0.0053 
30.9134 11.0000 2936.2435 0.1783 0.0660 -0.2514 3.0628 6.0000 2.1108 0.0053 
30.8974 11.0000 2931.4039 0.1789 0.0665 -0.2518 3.0617 6.0000 2.1146 0.0053 
30.9124 11.0000 2938.5987 0.1801 0.0662 -0.2541 3.0571 7.0000 2.1120 0.0053 
30.9167 11.0000 2937.5618 0.1749 0.0661 -0.2473 3.0579 6.0000 2.2423 0.0053 
30.9039 11.0000 2932.3095 0.1759 0.0662 -0.2486 3.0618 6.0000 2.3716 0.0053 
30.9232 11.0000 2940.8458 0.1781 0.0669 -0.2496 3.0615 6.0000 2.1555 0.0053 
