30.7104 1.0000 2850.6528 0.3501 0.1418 -0.3086 3.0626 6.0000 5.4999 0.0106 
30.7157 1.0000 2873.7623 0.3461 0.1441 -0.2932 3.0627 6.0000 5.5877 0.0107 
30.8015 1.0000 2909.9334 0.3444 0.1405 -0.2969 3.0570 6.0000 5.3219 0.0146 
30.7606 1.0000 2902.8129 0.3459 0.1431 -0.2906 3.0586 6.0000 5.5893 0.0146 
30.6879 1.0000 2859.9926 0.3443 0.1419 -0.2970 3.0654 5.0000 5.0590 0.0146 
30.7386 1.0000 2885.4175 0.3457 0.1435 -0.2955 3.0595 6.0000 5.5512 0.0146 
30.6409 1.0000 2841.2610 0.3497 0.1442 -0.2974 3.0645 6.0000 5.5437 0.0146 
30.7512 1.0000 2872.9436 0.3473 0.1428 -0.3034 3.0626 6.0000 5.1462 0.0107 
30.7333 1.0000 2872.0266 0.3493 0.1445 -0.3026 3.0598 6.0000 5.5862 0.0116 
30.6703 1.0000 2851.7929 0.3396 0.1398 -0.2903 3.0556 5.0000 5.5851 0.0107 
30.7283 1.0000 2885.3051 0.3544 0.1454 -0.3043 3.0675 6.0000 5.0609 0.0146 
30.7288 1.0000 2879.2328 0.3501 0.1442 -0.3000 3.0601 6.0000 0.6165 0.0131 
30.6389 1.0000 2822.5078 0.3475 0.1439 -0.2979 3.0655 6.0000 0.9250 0.0120 
30.7582 1.0000 2883.5964 0.3557 0.1469 -0.3037 3.0651 6.0000 1.4751 0.0119 
30.7426 1.0000 2878.0621 0.3475 0.1465 -0.2913 3.0666 7.0000 1.6034 0.0103 
30.7618 1.0000 2901.6842 0.3396 0.1396 -0.2912 3.0552 6.0000 2.8870 0.0120 
30.7104 1.0000 2858.9220 0.3500 0.1444 -0.3042 3.0650 6.0000 3.2068 0.0120 
30.6855 1.0000 2880.4775 0.3474 0.1432 -0.2998 3.0651 6.0000 4.1654 0.0120 
30.7410 1.0000 2895.9726 0.3423 0.1419 -0.2899 3.0623 6.0000 3.5472 0.0120 
30.6855 1.0000 2852.9579 0.3433 0.1413 -0.2936 3.0614 6.0000 3.9386 0.0120 
30.7283 1.0000 2860.0184 0.3430 0.1423 -0.2944 3.0582 6.0000 3.3978 0.0120 
30.7239 1.0000 2870.7631 0.3527 0.1433 -0.3064 3.0632 5.0000 3.4253 0.0120 
30.7692 1.0000 2889.6924 0.3508 0.1422 -0.3075 3.0642 6.0000 0.8816 0.0097 
30.7169 1.0000 2860.8190 0.3452 0.1416 -0.2970 3.0603 6.0000 0.6576 0.0108 
30.7222 1.0000 2870.4628 0.3453 0.1423 -0.2979 3.0633 6.0000 0.9670 0.0126 
30.7177 1.0000 2867.4853 0.3440 0.1444 -0.2924 3.0741 6.0000 0.9524 0.0130 
30.7484 1.0000 2880.9252 0.3447 0.1434 -0.2971 3.0573 6.0000 2.8568 0.0132 
30.7377 1.0000 2887.8758 0.3408 0.1398 -0.2921 3.0612 7.0000 4.1131 0.0132 
30.7239 1.0000 2862.9984 0.3523 0.1454 -0.3038 3.0627 6.0000 3.0569 0.0126 
30.7382 1.0000 2873.9081 0.3462 0.1446 -0.2971 3.0622 5.0000 3.3750 0.0126 
30.7733 1.0000 2894.6291 0.3509 0.1416 -0.3073 3.0556 6.0000 3.2570 0.0126 
30.7251 1.0000 2863.1577 0.3446 0.1403 -0.3037 3.0600 5.0000 3.2541 0.0126 
30.7557 1.0000 2872.8824 0.3444 0.1433 -0.2965 3.0681 6.0000 3.0793 0.0126 
30.7868 1.0000 2899.2435 0.3459 0.1416 -0.2963 3.0585 6.0000 0.6597 0.0126 
30.6993 1.0000 2859.6777 0.3505 0.1434 -0.3029 3.0611 6.0000 0.8853 0.0139 
30.6863 1.0000 2864.7500 0.3461 0.1431 -0.2996 3.0593 6.0000 0.9606 0.0128 
30.6801 1.0000 2844.7320 0.3447 0.1406 -0.3044 3.0630 6.0000 0.9268 0.0123 
30.6532 1.0000 2833.3476 0.3502 0.1432 -0.3040 3.0649 6.0000 0.9176 0.0121 
30.7006 1.0000 2865.3313 0.3526 0.1445 -0.3051 3.0594 6.0000 0.8822 0.0110 
30.7218 1.0000 2869.0167 0.3474 0.1432 -0.3005 3.0614 6.0000 2.3494 0.0107 
30.6944 1.0000 2867.9359 0.3451 0.1423 -0.2946 3.0644 5.0000 2.5297 0.0113 
30.7549 1.0000 2888.5878 0.3416 0.1414 -0.2894 3.0578 6.0000 2.8776 0.0113 
30.7304 1.0000 2876.4118 0.3566 0.1454 -0.3103 3.0572 6.0000 2.7095 0.0113 
30.6601 1.0000 2842.8276 0.3484 0.1453 -0.2996 3.0632 6.0000 2.6697 0.0113 
30.7480 1.0000 2902.0723 0.3428 0.1418 -0.2904 3.0601 6.0000 2.4143 0.0113 
30.7569 1.0000 2881.3689 0.3466 0.1450 -0.2966 3.0632 6.0000 0.9236 0.0118 
30.6940 1.0000 2873.1716 0.3496 0.1433 -0.3026 3.0613 6.0000 0.6602 0.0121 
30.7087 1.0000 2863.2508 0.3489 0.1422 -0.3023 3.0554 6.0000 1.0085 0.0130 
30.7136 1.0000 2858.2986 0.3441 0.1428 -0.2979 3.0678 7.0000 0.9677 0.0141 
30.7496 1.0000 2877.2161 0.3451 0.1412 -0.2977 3.0566 6.0000 0.9182 0.0113 
30.7398 1.0000 2884.1181 0.3476 0.1422 -0.2999 3.0630 6.0000 0.8794 0.0113 
30.6850 1.0000 2853.0449 0.3450 0.1425 -0.3002 3.0659 6.0000 1.3011 0.0109 
30.7173 1.0000 2867.7541 0.3491 0.1421 -0.3058 3.0520 6.0000 1.4762 0.0109 
30.7087 1.0000 2864.1654 0.3472 0.1427 -0.3008 3.0612 6.0000 1.6621 0.0109 
30.6810 1.0000 2850.8636 0.3433 0.1397 -0.3028 3.0660 6.0000 1.6958 0.0109 
30.7145 1.0000 2864.6916 0.3474 0.1416 -0.3005 3.0611 6.0000 1.6665 0.0109 
30.7239 1.0000 2883.2471 0.3440 0.1437 -0.2937 3.0600 6.0000 0.6588 0.0132 
30.6867 1.0000 2849.0290 0.3493 0.1442 -0.3005 3.0666 6.0000 0.9609 0.0113 
30.6532 1.0000 2833.7300 0.3459 0.1454 -0.2966 3.0633 6.0000 1.0119 0.0140 
30.7398 1.0000 2885.3284 0.3434 0.1407 -0.2957 3.0622 6.0000 0.9266 0.0110 
30.7247 1.0000 2873.9882 0.3436 0.1417 -0.2978 3.0556 6.0000 0.9563 0.0125 
30.7500 1.0000 2897.9665 0.3439 0.1422 -0.2942 3.0654 6.0000 0.9653 0.0125 
30.7512 1.0000 2895.0261 0.3427 0.1393 -0.2965 3.0606 6.0000 1.0566 0.0120 
30.6912 1.0000 2851.5768 0.3527 0.1448 -0.3039 3.0650 6.0000 1.5694 0.0135 
30.7627 1.0000 2890.3942 0.3482 0.1417 -0.3019 3.0580 6.0000 1.7469 0.0135 
30.6965 1.0000 2853.1769 0.3500 0.1465 -0.3012 3.0679 6.0000 1.7456 0.0135 
30.6830 1.0000 2834.6565 0.3443 0.1433 -0.2953 3.0661 5.0000 1.6577 0.0135 
30.7386 1.0000 2882.8611 0.3496 0.1442 -0.2985 3.0594 6.0000 0.6610 0.0114 
30.6565 1.0000 2829.7243 0.3460 0.1454 -0.2966 3.0681 6.0000 0.9676 0.0113 
30.7475 1.0000 2887.4383 0.3421 0.1414 -0.2931 3.0592 6.0000 1.0112 0.0100 
30.7365 1.0000 2875.4326 0.3516 0.1450 -0.3004 3.0670 6.0000 0.9252 0.0131 
30.7018 1.0000 2849.4179 0.3474 0.1450 -0.3005 3.0688 6.0000 0.7013 0.0135 
30.7157 1.0000 2880.9187 0.3471 0.1398 -0.3047 3.0569 6.0000 1.0041 0.0117 
30.7181 1.0000 2870.8325 0.3492 0.1449 -0.2950 3.0663 6.0000 1.0107 0.0089 
30.6716 1.0000 2832.0392 0.3465 0.1445 -0.3041 3.0716 6.0000 0.9705 0.0125 
30.7373 1.0000 2879.4694 0.3431 0.1419 -0.3028 3.0604 6.0000 1.4855 0.0130 
30.7202 1.0000 2864.3954 0.3447 0.1424 -0.2918 3.0603 6.0000 1.7062 0.0130 
30.7132 1.0000 2879.3730 0.3496 0.1438 -0.2981 3.0642 6.0000 1.7988 0.0130 
30.7406 1.0000 2886.1409 0.3430 0.1409 -0.2920 3.0613 5.0000 1.6711 0.0130 
30.6732 1.0000 2842.4988 0.3414 0.1412 -0.2976 3.0630 6.0000 0.9676 0.0123 
30.7774 1.0000 2893.9620 0.3503 0.1427 -0.3059 3.0590 6.0000 0.7001 0.0108 
30.6850 1.0000 2865.8297 0.3436 0.1407 -0.2961 3.0606 5.0000 1.0144 0.0133 
30.7275 1.0000 2865.9330 0.3480 0.1423 -0.3059 3.0621 6.0000 0.9243 0.0123 
30.8109 1.0000 2906.6989 0.3449 0.1422 -0.2955 3.0661 6.0000 0.9678 0.0117 
30.7022 1.0000 2861.7941 0.3452 0.1436 -0.3008 3.0607 6.0000 0.8825 0.0117 
30.6887 1.0000 2857.0711 0.3492 0.1429 -0.3073 3.0657 6.0000 1.0083 0.0131 
30.7508 1.0000 2888.4293 0.3478 0.1432 -0.2965 3.0625 6.0000 1.1767 0.0104 
30.7337 1.0000 2879.4559 0.3447 0.1451 -0.2904 3.0579 6.0000 1.5753 0.0104 
30.7145 1.0000 2883.1140 0.3442 0.1408 -0.2930 3.0491 5.0000 1.5400 0.0128 
30.7557 1.0000 2891.2766 0.3524 0.1444 -0.2994 3.0573 5.0000 1.4088 0.0104 
30.7087 1.0000 2863.3092 0.3476 0.1428 -0.3027 3.0569 6.0000 0.7017 0.0146 
30.7083 1.0000 2873.3730 0.3447 0.1412 -0.2935 3.0600 5.0000 0.9695 0.0146 
30.6797 1.0000 2834.2721 0.3449 0.1414 -0.3014 3.0695 6.0000 0.9688 0.0146 
30.7279 1.0000 2867.5645 0.3485 0.1444 -0.3001 3.0704 6.0000 1.0543 0.0146 
30.7594 1.0000 2878.8889 0.3422 0.1412 -0.2981 3.0563 5.0000 1.0032 0.0146 
30.6842 1.0000 2865.7631 0.3508 0.1457 -0.2966 3.0655 6.0000 0.9194 0.0146 
30.7655 1.0000 2881.0882 0.3495 0.1444 -0.3004 3.0581 6.0000 1.0531 0.0146 
30.6944 1.0000 2847.5984 0.3444 0.1395 -0.3034 3.0562 6.0000 1.1535 0.0146 
30.6944 1.0000 2851.0576 0.3441 0.1398 -0.3052 3.0583 6.0000 1.0641 0.0146 
30.6405 1.0000 2850.7913 0.3473 0.1441 -0.2996 3.0664 6.0000 0.9463 0.0146 
