30.8051 1.0000 2915.0862 0.2572 0.0973 -0.2968 3.0167 6.0000 5.9977 0.0103 
30.7320 1.0000 2871.8182 0.2606 0.0994 -0.3007 3.0306 5.0000 6.1338 0.0111 
30.6830 1.0000 2859.7006 0.2548 0.0975 -0.2958 3.0221 6.0000 6.5354 0.0121 
30.7136 1.0000 2857.7729 0.2596 0.0975 -0.3063 3.0212 6.0000 6.9111 0.0122 
30.7402 1.0000 2884.2908 0.2593 0.0986 -0.2981 3.0262 6.0000 6.6407 0.0116 
30.7643 1.0000 2892.9400 0.2608 0.0976 -0.3008 3.0186 6.0000 6.7559 0.0116 
30.7255 1.0000 2859.6279 0.2616 0.0973 -0.3057 3.0183 5.0000 6.2625 0.0116 
30.7835 1.0000 2895.0163 0.2601 0.0987 -0.3016 3.0226 6.0000 6.7290 0.0116 
30.8015 1.0000 2900.1949 0.2617 0.0995 -0.3014 3.0244 6.0000 6.0865 0.0116 
30.7831 1.0000 2896.0376 0.2618 0.1001 -0.3015 3.0219 6.0000 6.7555 0.0104 
30.7414 1.0000 2882.1324 0.2580 0.0966 -0.3022 3.0207 6.0000 6.7221 0.0103 
30.7688 1.0000 2885.3472 0.2589 0.0958 -0.3036 3.0206 6.0000 1.0994 0.0104 
30.7112 1.0000 2857.3954 0.2569 0.0975 -0.3020 3.0236 6.0000 1.0089 0.0100 
30.7659 1.0000 2886.4673 0.2591 0.0963 -0.3049 3.0234 6.0000 1.0910 0.0098 
30.7304 1.0000 2871.8403 0.2550 0.0984 -0.2946 3.0266 6.0000 0.7861 0.0090 
30.7463 1.0000 2874.6932 0.2573 0.0967 -0.3017 3.0242 6.0000 1.1392 0.0092 
30.7300 1.0000 2871.4461 0.2587 0.0972 -0.3028 3.0203 6.0000 1.1026 0.0104 
30.7602 1.0000 2885.1148 0.2602 0.0986 -0.3027 3.0250 6.0000 2.0041 0.0136 
30.7349 1.0000 2885.3039 0.2526 0.0977 -0.2866 3.0194 6.0000 3.4283 0.0136 
30.7770 1.0000 2893.7496 0.2561 0.0951 -0.3003 3.0203 6.0000 3.4699 0.0113 
30.7557 1.0000 2870.6642 0.2572 0.0967 -0.3035 3.0225 6.0000 3.3855 0.0113 
30.8084 1.0000 2907.3141 0.2627 0.0973 -0.3070 3.0206 5.0000 2.7231 0.0113 
30.7676 1.0000 2875.5049 0.2568 0.0957 -0.3037 3.0239 5.0000 0.7070 0.0102 
30.7774 1.0000 2896.3954 0.2541 0.0960 -0.2961 3.0238 6.0000 1.0997 0.0114 
30.7855 1.0000 2895.0772 0.2571 0.0981 -0.2975 3.0217 6.0000 0.7483 0.0116 
30.8039 1.0000 2895.1189 0.2634 0.0976 -0.3085 3.0219 6.0000 1.0579 0.0128 
30.7672 1.0000 2880.2206 0.2617 0.0980 -0.3054 3.0201 6.0000 1.1866 0.0113 
30.6708 1.0000 2844.9710 0.2564 0.0964 -0.3013 3.0204 6.0000 1.1410 0.0103 
30.7034 1.0000 2859.1111 0.2590 0.0978 -0.3022 3.0209 6.0000 1.0972 0.0113 
30.7398 1.0000 2878.9330 0.2552 0.0975 -0.2939 3.0207 6.0000 1.2294 0.0113 
30.7655 1.0000 2886.5225 0.2553 0.0965 -0.2966 3.0210 6.0000 1.5363 0.0090 
30.7557 1.0000 2870.4330 0.2566 0.0957 -0.3017 3.0177 6.0000 1.7989 0.0090 
30.7729 1.0000 2888.4383 0.2572 0.0967 -0.3030 3.0180 6.0000 1.7613 0.0090 
30.7304 1.0000 2873.3742 0.2604 0.0984 -0.3040 3.0217 6.0000 0.8278 0.0110 
30.7353 1.0000 2868.3386 0.2580 0.0967 -0.3057 3.0212 6.0000 1.1418 0.0105 
30.6940 1.0000 2860.5135 0.2591 0.0969 -0.3043 3.0233 6.0000 0.8689 0.0115 
30.7382 1.0000 2862.1712 0.2600 0.0982 -0.3046 3.0228 6.0000 1.1003 0.0112 
30.7382 1.0000 2873.0817 0.2573 0.0985 -0.2966 3.0254 6.0000 1.2299 0.0108 
30.7708 1.0000 2885.8350 0.2627 0.0979 -0.3070 3.0211 6.0000 1.6284 0.0119 
30.7398 1.0000 2877.5719 0.2589 0.0969 -0.3014 3.0155 5.0000 1.0954 0.0096 
30.8088 1.0000 2904.8092 0.2600 0.0984 -0.3004 3.0213 6.0000 1.1870 0.0121 
30.7488 1.0000 2872.9391 0.2595 0.0971 -0.3037 3.0220 6.0000 1.2204 0.0116 
30.7504 1.0000 2869.4849 0.2542 0.0965 -0.2992 3.0244 5.0000 1.5290 0.0116 
30.7475 1.0000 2875.4620 0.2560 0.0984 -0.2981 3.0238 6.0000 1.4039 0.0116 
30.7635 1.0000 2902.9052 0.2553 0.0959 -0.2977 3.0176 6.0000 1.1411 0.0108 
30.7418 1.0000 2875.9432 0.2594 0.0967 -0.3042 3.0217 6.0000 1.0020 0.0095 
30.7320 1.0000 2865.3717 0.2593 0.0975 -0.3049 3.0225 6.0000 0.7495 0.0116 
30.7533 1.0000 2879.6046 0.2591 0.0979 -0.3039 3.0240 6.0000 1.0995 0.0112 
30.7198 1.0000 2859.8860 0.2564 0.0962 -0.2984 3.0266 6.0000 1.1004 0.0114 
30.7896 1.0000 2897.6029 0.2585 0.0970 -0.2999 3.0222 6.0000 1.0967 0.0111 
30.7157 1.0000 2866.4747 0.2568 0.0976 -0.2998 3.0229 6.0000 1.0979 0.0102 
30.7292 1.0000 2867.2202 0.2607 0.0984 -0.3031 3.0274 6.0000 1.1878 0.0126 
30.7745 1.0000 2900.8611 0.2576 0.0981 -0.2966 3.0164 6.0000 1.3038 0.0123 
30.7574 1.0000 2883.6806 0.2617 0.0978 -0.3060 3.0216 6.0000 1.3482 0.0123 
30.7541 1.0000 2878.1720 0.2554 0.0970 -0.2992 3.0208 6.0000 1.3629 0.0123 
30.7929 1.0000 2900.5511 0.2565 0.0968 -0.2986 3.0193 6.0000 1.1447 0.0124 
30.7288 1.0000 2871.7859 0.2567 0.0971 -0.2991 3.0237 6.0000 1.2296 0.0102 
30.7422 1.0000 2874.4616 0.2567 0.0973 -0.3008 3.0248 5.0000 1.1431 0.0116 
30.7365 1.0000 2876.4420 0.2563 0.0962 -0.3014 3.0210 6.0000 0.8339 0.0109 
30.7455 1.0000 2875.3922 0.2609 0.0987 -0.3051 3.0262 6.0000 1.0577 0.0115 
30.7737 1.0000 2880.1148 0.2604 0.0961 -0.3063 3.0172 5.0000 1.2585 0.0122 
30.7010 1.0000 2856.7100 0.2564 0.0961 -0.3015 3.0258 6.0000 1.1877 0.0114 
30.7092 1.0000 2856.7145 0.2582 0.0974 -0.3010 3.0267 6.0000 1.1891 0.0108 
30.7565 1.0000 2896.3182 0.2553 0.0966 -0.2966 3.0180 6.0000 1.1852 0.0113 
30.7288 1.0000 2862.0592 0.2589 0.0970 -0.3020 3.0210 6.0000 1.6000 0.0105 
30.7288 1.0000 2875.1377 0.2569 0.0982 -0.2990 3.0239 6.0000 1.8005 0.0105 
30.7047 1.0000 2861.1250 0.2569 0.0975 -0.2994 3.0236 6.0000 1.1872 0.0123 
30.7737 1.0000 2890.4926 0.2569 0.0972 -0.2985 3.0219 5.0000 1.1445 0.0121 
30.7328 1.0000 2867.5315 0.2596 0.0969 -0.3049 3.0247 6.0000 1.1450 0.0100 
30.7500 1.0000 2868.3934 0.2590 0.0970 -0.3057 3.0251 6.0000 0.8372 0.0101 
30.7128 1.0000 2860.9685 0.2545 0.0969 -0.2967 3.0253 6.0000 1.1445 0.0115 
30.7357 1.0000 2873.4342 0.2598 0.0984 -0.3045 3.0250 6.0000 1.2345 0.0093 
30.7553 1.0000 2875.1846 0.2596 0.0973 -0.3057 3.0260 6.0000 1.1883 0.0114 
30.7377 1.0000 2871.7377 0.2583 0.0978 -0.3029 3.0190 6.0000 1.1899 0.0103 
30.7623 1.0000 2876.1785 0.2580 0.0962 -0.3056 3.0231 6.0000 1.1879 0.0117 
30.7194 1.0000 2864.1789 0.2580 0.0970 -0.3008 3.0244 6.0000 1.4770 0.0117 
30.7083 1.0000 2864.8799 0.2577 0.0981 -0.2991 3.0279 6.0000 1.5393 0.0117 
30.7145 1.0000 2861.4391 0.2572 0.0979 -0.2994 3.0251 6.0000 0.9626 0.0104 
30.7782 1.0000 2898.7941 0.2577 0.0974 -0.2996 3.0220 6.0000 1.1444 0.0105 
30.7753 1.0000 2887.9461 0.2594 0.0966 -0.3044 3.0205 5.0000 1.1854 0.0113 
30.7333 1.0000 2870.1307 0.2551 0.0964 -0.3003 3.0202 6.0000 1.1455 0.0113 
30.7635 1.0000 2875.8047 0.2606 0.0987 -0.3067 3.0248 5.0000 1.1861 0.0118 
30.8015 1.0000 2904.9126 0.2578 0.0963 -0.3003 3.0219 6.0000 0.8340 0.0126 
30.7349 1.0000 2876.7337 0.2566 0.0962 -0.3002 3.0251 5.0000 1.2752 0.0119 
30.7688 1.0000 2897.1483 0.2573 0.0975 -0.2981 3.0179 6.0000 1.1866 0.0117 
30.7680 1.0000 2889.7864 0.2586 0.0970 -0.3033 3.0225 6.0000 1.1877 0.0114 
30.7275 1.0000 2864.9261 0.2550 0.0978 -0.2981 3.0251 6.0000 0.8344 0.0117 
30.7259 1.0000 2861.9412 0.2584 0.0968 -0.3045 3.0284 6.0000 1.1903 0.0115 
30.7892 1.0000 2895.7177 0.2542 0.0961 -0.2953 3.0238 6.0000 1.4684 0.0115 
30.7394 1.0000 2867.3709 0.2618 0.0973 -0.3107 3.0204 5.0000 1.5735 0.0100 
30.7324 1.0000 2864.7663 0.2552 0.0972 -0.3008 3.0237 5.0000 1.1788 0.0103 
30.7251 1.0000 2866.9636 0.2624 0.0981 -0.3074 3.0216 6.0000 0.7937 0.0103 
30.7006 1.0000 2854.9142 0.2584 0.0970 -0.3035 3.0252 6.0000 1.1401 0.0103 
30.7206 1.0000 2865.6818 0.2587 0.0972 -0.3046 3.0232 7.0000 1.1870 0.0103 
30.7279 1.0000 2868.7908 0.2584 0.0989 -0.2996 3.0267 5.0000 1.2750 0.0103 
30.7271 1.0000 2862.1556 0.2598 0.0968 -0.3079 3.0235 6.0000 1.0048 0.0103 
30.7349 1.0000 2872.9355 0.2605 0.0988 -0.3042 3.0264 6.0000 1.2264 0.0103 
30.7345 1.0000 2868.5756 0.2571 0.0958 -0.3038 3.0227 5.0000 1.2313 0.0103 
30.7778 1.0000 2902.2034 0.2592 0.0978 -0.3005 3.0192 6.0000 1.1418 0.0103 
30.7704 1.0000 2876.9310 0.2536 0.0971 -0.2949 3.0253 6.0000 0.9913 0.0103 
