30.8507 11.0000 2928.0170 0.2987 0.1093 -0.3037 3.0988 6.0000 8.6345 0.0075 
30.8425 11.0000 2915.1967 0.2993 0.1100 -0.3082 3.1053 6.0000 8.2958 0.0086 
30.8529 11.0000 2928.2784 0.2989 0.1094 -0.3060 3.1035 6.0000 8.2501 0.0072 
30.8288 11.0000 2916.6627 0.3008 0.1106 -0.3092 3.1012 6.0000 7.9141 0.0083 
30.8137 11.0000 2906.2758 0.3025 0.1123 -0.3118 3.1096 6.0000 7.8788 0.0072 
30.8399 11.0000 2919.8990 0.3009 0.1098 -0.3099 3.1017 6.0000 9.0588 0.0086 
30.8461 11.0000 2927.9814 0.3012 0.1102 -0.3080 3.1107 6.0000 9.3615 0.0083 
30.8337 11.0000 2927.0706 0.2961 0.1109 -0.2983 3.1031 6.0000 8.8910 0.0088 
30.8444 11.0000 2931.7546 0.2986 0.1129 -0.2980 3.1054 6.0000 9.5794 0.0075 
30.8141 11.0000 2897.0595 0.3021 0.1111 -0.3119 3.1119 6.0000 9.6149 0.0075 
30.8804 11.0000 2941.1676 0.3016 0.1101 -0.3117 3.1013 7.0000 7.6744 0.0086 
30.8647 11.0000 2934.4415 0.3023 0.1092 -0.3121 3.0978 6.0000 1.4946 0.0092 
30.8307 11.0000 2913.8480 0.3012 0.1095 -0.3164 3.1054 6.0000 1.6266 0.0071 
30.8454 11.0000 2927.3706 0.2991 0.1123 -0.3052 3.1105 6.0000 1.2145 0.0091 
30.8023 11.0000 2915.7938 0.2948 0.1094 -0.3036 3.1081 6.0000 1.9493 0.0099 
30.8203 11.0000 2914.3663 0.2986 0.1110 -0.3093 3.1065 6.0000 1.9805 0.0071 
30.8559 11.0000 2933.3366 0.3010 0.1105 -0.3088 3.1002 6.0000 2.4572 0.0083 
30.8288 11.0000 2912.4438 0.3033 0.1117 -0.3119 3.1055 6.0000 3.3539 0.0101 
30.7925 11.0000 2899.1647 0.3010 0.1103 -0.3126 3.1040 6.0000 1.5967 0.0102 
30.8297 11.0000 2918.4193 0.2999 0.1117 -0.3067 3.1094 6.0000 2.5075 0.0101 
30.7990 11.0000 2906.1059 0.2996 0.1111 -0.3102 3.1057 6.0000 2.5035 0.0101 
30.7824 11.0000 2898.8526 0.2987 0.1095 -0.3108 3.1031 7.0000 2.4979 0.0101 
30.8062 11.0000 2903.8395 0.2950 0.1103 -0.3041 3.1116 6.0000 1.5377 0.0088 
30.8036 11.0000 2912.4304 0.2970 0.1095 -0.3057 3.1065 6.0000 1.5819 0.0075 
30.8320 11.0000 2919.0542 0.3030 0.1105 -0.3146 3.1049 6.0000 1.5383 0.0075 
30.8690 11.0000 2941.9229 0.2981 0.1091 -0.3049 3.1029 6.0000 1.0535 0.0081 
30.7725 11.0000 2884.5245 0.2979 0.1116 -0.3054 3.1079 7.0000 1.4951 0.0075 
30.7716 11.0000 2881.8203 0.2987 0.1105 -0.3127 3.1069 6.0000 1.5311 0.0069 
30.7761 11.0000 2887.0523 0.2992 0.1092 -0.3111 3.1063 7.0000 1.6277 0.0091 
30.8212 11.0000 2915.0768 0.2953 0.1092 -0.3060 3.1092 6.0000 2.8963 0.0099 
30.8304 11.0000 2918.5605 0.2987 0.1105 -0.3065 3.1061 7.0000 2.9870 0.0091 
30.7948 11.0000 2903.4291 0.3017 0.1110 -0.3120 3.1067 6.0000 2.2132 0.0070 
30.8366 11.0000 2926.1507 0.2955 0.1100 -0.3032 3.1055 6.0000 2.1102 0.0070 
30.8167 11.0000 2918.0791 0.2985 0.1114 -0.3046 3.1094 6.0000 1.0543 0.0087 
30.8542 11.0000 2928.2154 0.2953 0.1089 -0.3034 3.0979 6.0000 1.4987 0.0073 
30.7941 11.0000 2912.0333 0.2979 0.1110 -0.3035 3.1072 6.0000 2.7343 0.0080 
30.8546 11.0000 2927.2542 0.3018 0.1120 -0.3082 3.1151 6.0000 3.0976 0.0080 
30.8742 11.0000 2934.4500 0.2996 0.1092 -0.3092 3.1077 6.0000 1.3149 0.0080 
30.8075 11.0000 2902.4546 0.2995 0.1105 -0.3104 3.1103 6.0000 1.6282 0.0095 
30.7974 11.0000 2905.7121 0.3002 0.1103 -0.3106 3.1070 6.0000 2.0237 0.0078 
30.7810 11.0000 2889.2676 0.2987 0.1094 -0.3112 3.1060 6.0000 1.8895 0.0095 
30.8699 11.0000 2942.0029 0.3029 0.1103 -0.3122 3.1036 6.0000 1.6720 0.0074 
30.8039 11.0000 2895.4464 0.3021 0.1111 -0.3174 3.1100 6.0000 1.6278 0.0096 
30.8186 11.0000 2914.5807 0.2952 0.1079 -0.3064 3.1015 6.0000 1.6740 0.0096 
30.8627 11.0000 2929.2206 0.2942 0.1084 -0.3024 3.1031 5.0000 1.6698 0.0091 
30.8389 11.0000 2923.1824 0.3052 0.1114 -0.3153 3.1038 6.0000 1.4039 0.0079 
30.7882 11.0000 2895.5497 0.2997 0.1099 -0.3143 3.1080 6.0000 1.9774 0.0087 
30.8386 11.0000 2926.3163 0.2980 0.1102 -0.3025 3.1012 6.0000 1.4978 0.0097 
30.7948 11.0000 2885.0686 0.2997 0.1095 -0.3135 3.1065 6.0000 1.6174 0.0096 
30.8418 11.0000 2927.7523 0.3008 0.1118 -0.3059 3.1097 6.0000 2.7674 0.0080 
30.8458 11.0000 2928.6948 0.2959 0.1105 -0.3034 3.1082 6.0000 2.7711 0.0080 
30.8595 11.0000 2937.4739 0.3012 0.1104 -0.3099 3.1049 6.0000 1.4952 0.0095 
30.7902 11.0000 2893.4761 0.3001 0.1090 -0.3144 3.1058 6.0000 1.6249 0.0086 
30.9033 11.0000 2945.1637 0.2960 0.1111 -0.3015 3.1049 6.0000 1.5814 0.0083 
30.8065 11.0000 2901.5804 0.2975 0.1104 -0.3092 3.1098 7.0000 1.7122 0.0083 
30.8425 11.0000 2926.1265 0.2980 0.1098 -0.3062 3.1060 6.0000 1.5848 0.0082 
30.7876 11.0000 2886.4441 0.2994 0.1107 -0.3084 3.1063 6.0000 1.4972 0.0082 
30.8190 11.0000 2911.5225 0.2993 0.1103 -0.3102 3.1020 6.0000 1.6706 0.0084 
30.7944 11.0000 2905.4049 0.3004 0.1106 -0.3101 3.1035 6.0000 1.6259 0.0083 
30.7918 11.0000 2890.1634 0.2977 0.1109 -0.3084 3.1064 6.0000 1.0548 0.0088 
30.8395 11.0000 2922.0408 0.3022 0.1103 -0.3108 3.1034 6.0000 1.5685 0.0085 
30.8382 11.0000 2920.7634 0.2952 0.1101 -0.3044 3.1047 6.0000 2.2012 0.0083 
30.8212 11.0000 2909.8582 0.2996 0.1107 -0.3079 3.1063 6.0000 2.1993 0.0096 
30.8314 11.0000 2912.1739 0.3008 0.1086 -0.3136 3.0993 6.0000 1.5382 0.0082 
30.8059 11.0000 2909.0601 0.3014 0.1108 -0.3114 3.1050 6.0000 1.6749 0.0091 
30.8147 11.0000 2917.7624 0.2973 0.1082 -0.3115 3.1011 6.0000 1.7590 0.0091 
30.8340 11.0000 2913.1595 0.3030 0.1107 -0.3155 3.1074 6.0000 1.1434 0.0074 
30.7971 11.0000 2900.3725 0.2971 0.1094 -0.3086 3.1046 6.0000 1.6286 0.0079 
30.8268 11.0000 2923.0765 0.2981 0.1097 -0.3075 3.1016 6.0000 1.5419 0.0079 
30.8297 11.0000 2904.2190 0.2980 0.1099 -0.3100 3.1003 6.0000 1.5831 0.0083 
30.8258 11.0000 2912.3144 0.2979 0.1091 -0.3113 3.1031 6.0000 1.6706 0.0098 
30.8320 11.0000 2916.0941 0.3022 0.1116 -0.3108 3.1062 6.0000 1.6287 0.0091 
30.7915 11.0000 2895.8020 0.2997 0.1102 -0.3121 3.1095 7.0000 1.5841 0.0082 
30.8330 11.0000 2910.9601 0.2999 0.1092 -0.3119 3.1053 6.0000 1.6278 0.0079 
30.8056 11.0000 2901.7533 0.2986 0.1098 -0.3107 3.1072 6.0000 1.5373 0.0081 
30.8239 11.0000 2905.6343 0.3004 0.1093 -0.3155 3.1045 6.0000 1.7173 0.0075 
30.8582 11.0000 2937.0180 0.2928 0.1080 -0.2994 3.0960 6.0000 1.8900 0.0075 
30.8438 11.0000 2925.2644 0.3015 0.1099 -0.3129 3.1082 6.0000 1.1001 0.0079 
30.8261 11.0000 2914.9647 0.3030 0.1107 -0.3141 3.1076 6.0000 1.7140 0.0091 
30.8294 11.0000 2923.9467 0.2994 0.1109 -0.3055 3.1078 6.0000 1.6691 0.0073 
30.7853 11.0000 2895.1843 0.2985 0.1104 -0.3083 3.1064 6.0000 1.6709 0.0079 
30.8065 11.0000 2908.0745 0.2980 0.1103 -0.3089 3.0998 6.0000 1.6289 0.0089 
30.8350 11.0000 2922.7373 0.2982 0.1095 -0.3073 3.0983 6.0000 1.6697 0.0090 
30.8428 11.0000 2926.5977 0.2982 0.1097 -0.3101 3.1084 6.0000 1.5824 0.0085 
30.8065 11.0000 2907.6588 0.2988 0.1102 -0.3092 3.1005 6.0000 2.6720 0.0087 
30.8359 11.0000 2913.7624 0.2973 0.1107 -0.3063 3.1048 6.0000 1.9258 0.0083 
30.8559 11.0000 2933.4484 0.2991 0.1090 -0.3117 3.1068 7.0000 1.5347 0.0087 
30.7690 11.0000 2889.6265 0.3006 0.1115 -0.3081 3.1104 6.0000 1.7609 0.0092 
30.8072 11.0000 2909.4699 0.2965 0.1108 -0.3053 3.1051 6.0000 1.8900 0.0092 
30.8621 11.0000 2936.6373 0.2984 0.1107 -0.3034 3.1056 6.0000 1.7131 0.0076 
30.8441 11.0000 2927.1490 0.2982 0.1113 -0.3026 3.1108 6.0000 1.5850 0.0076 
30.8307 11.0000 2922.9608 0.2966 0.1101 -0.3037 3.1041 6.0000 1.6701 0.0076 
30.8134 11.0000 2903.4020 0.2990 0.1092 -0.3115 3.1057 6.0000 1.0558 0.0076 
30.8078 11.0000 2898.2997 0.3006 0.1096 -0.3165 3.1100 6.0000 1.7138 0.0076 
30.8235 11.0000 2924.7778 0.2984 0.1101 -0.3038 3.1050 6.0000 1.6710 0.0076 
30.8190 11.0000 2912.4918 0.2980 0.1100 -0.3077 3.1009 6.0000 1.6274 0.0076 
30.7788 11.0000 2902.0353 0.2965 0.1105 -0.3047 3.1040 6.0000 2.0201 0.0076 
30.8042 11.0000 2900.9183 0.3013 0.1095 -0.3197 3.1048 6.0000 2.0650 0.0076 
30.8533 11.0000 2925.1693 0.2959 0.1091 -0.3055 3.1026 6.0000 1.8033 0.0076 
30.8510 11.0000 2920.9915 0.2947 0.1088 -0.3047 3.1034 6.0000 1.8485 0.0076 
