30.6900 1.0000 2874.6524 0.3211 0.1295 -0.2985 3.0526 6.0000 5.8481 0.0106 
30.6912 1.0000 2851.5727 0.3239 0.1295 -0.3057 3.0527 6.0000 5.4937 0.0105 
30.7047 1.0000 2865.3676 0.3224 0.1289 -0.3019 3.0545 6.0000 5.9722 0.0124 
30.6965 1.0000 2860.9890 0.3230 0.1290 -0.3071 3.0479 6.0000 5.3157 0.0108 
30.7500 1.0000 2887.8260 0.3232 0.1283 -0.3042 3.0508 6.0000 5.8440 0.0105 
30.6859 1.0000 2850.8791 0.3209 0.1294 -0.3006 3.0512 5.0000 5.5390 0.0131 
30.6511 1.0000 2833.9975 0.3273 0.1306 -0.3102 3.0534 5.0000 5.0531 0.0105 
30.7218 1.0000 2869.3517 0.3317 0.1328 -0.3099 3.0491 7.0000 5.7144 0.0108 
30.7226 1.0000 2875.9056 0.3198 0.1305 -0.2949 3.0485 6.0000 5.8442 0.0131 
30.7149 1.0000 2873.9379 0.3253 0.1284 -0.3077 3.0502 6.0000 5.4970 0.0133 
30.6957 1.0000 2862.5760 0.3221 0.1308 -0.2983 3.0487 5.0000 5.7146 0.0133 
30.7610 1.0000 2883.0114 0.3269 0.1338 -0.3023 3.0594 6.0000 0.9454 0.0126 
30.7545 1.0000 2878.8558 0.3219 0.1281 -0.3035 3.0474 6.0000 0.6585 0.0125 
30.7267 1.0000 2884.6797 0.3254 0.1306 -0.3049 3.0582 6.0000 1.0946 0.0119 
30.7639 1.0000 2900.0735 0.3182 0.1294 -0.2945 3.0562 6.0000 1.0563 0.0119 
30.6859 1.0000 2853.7312 0.3301 0.1324 -0.3079 3.0522 5.0000 1.0547 0.0107 
30.6793 1.0000 2861.8632 0.3226 0.1275 -0.3044 3.0429 6.0000 1.7853 0.0111 
30.7394 1.0000 2881.2124 0.3268 0.1291 -0.3082 3.0444 6.0000 2.8696 0.0111 
30.7288 1.0000 2865.1168 0.3260 0.1290 -0.3110 3.0507 6.0000 3.1446 0.0122 
30.8064 1.0000 2917.0355 0.3242 0.1286 -0.3025 3.0445 6.0000 2.8387 0.0127 
30.7026 1.0000 2863.3713 0.3248 0.1290 -0.3073 3.0504 6.0000 2.5041 0.0116 
30.7480 1.0000 2888.0543 0.3181 0.1276 -0.2968 3.0470 6.0000 2.2857 0.0119 
30.7002 1.0000 2848.5486 0.3213 0.1302 -0.3060 3.0560 6.0000 0.7028 0.0120 
30.7202 1.0000 2857.3370 0.3304 0.1304 -0.3152 3.0555 5.0000 1.0533 0.0113 
30.6944 1.0000 2852.8039 0.3296 0.1292 -0.3165 3.0480 6.0000 1.6733 0.0109 
30.7590 1.0000 2890.5335 0.3242 0.1308 -0.2985 3.0483 6.0000 1.8930 0.0122 
30.7369 1.0000 2875.7018 0.3270 0.1299 -0.3059 3.0526 6.0000 1.2746 0.0107 
30.7463 1.0000 2893.7414 0.3174 0.1289 -0.2986 3.0455 6.0000 0.9679 0.0120 
30.7414 1.0000 2890.6699 0.3140 0.1268 -0.2888 3.0494 6.0000 0.9414 0.0120 
30.6953 1.0000 2847.2798 0.3229 0.1299 -0.3053 3.0567 6.0000 0.9672 0.0117 
30.7132 1.0000 2867.2410 0.3223 0.1293 -0.3054 3.0448 6.0000 0.9650 0.0117 
30.7308 1.0000 2866.5441 0.3230 0.1304 -0.3009 3.0510 6.0000 0.9232 0.0117 
30.7190 1.0000 2882.3399 0.3245 0.1301 -0.3014 3.0548 6.0000 0.9686 0.0108 
30.7561 1.0000 2877.9465 0.3279 0.1286 -0.3133 3.0471 6.0000 1.0121 0.0123 
30.7394 1.0000 2877.9828 0.3262 0.1297 -0.3084 3.0491 6.0000 0.6599 0.0137 
30.7116 1.0000 2866.5212 0.3248 0.1281 -0.3063 3.0454 6.0000 1.0895 0.0115 
30.7525 1.0000 2885.2717 0.3234 0.1307 -0.2994 3.0602 6.0000 0.9670 0.0118 
30.7185 1.0000 2875.1503 0.3225 0.1290 -0.3040 3.0525 5.0000 1.0137 0.0111 
30.7418 1.0000 2886.9587 0.3196 0.1291 -0.2984 3.0440 6.0000 1.0096 0.0111 
30.7283 1.0000 2859.4861 0.3242 0.1331 -0.3007 3.0548 6.0000 0.9650 0.0111 
30.7569 1.0000 2884.1389 0.3322 0.1337 -0.3092 3.0499 6.0000 2.1957 0.0123 
30.7157 1.0000 2857.6430 0.3285 0.1290 -0.3145 3.0547 6.0000 2.2434 0.0123 
30.7549 1.0000 2880.4914 0.3232 0.1292 -0.3042 3.0494 6.0000 1.8918 0.0123 
30.6679 1.0000 2842.7002 0.3186 0.1284 -0.2964 3.0496 6.0000 1.0540 0.0123 
30.7092 1.0000 2865.2459 0.3197 0.1287 -0.2969 3.0458 6.0000 0.6597 0.0121 
30.7255 1.0000 2860.7953 0.3287 0.1307 -0.3101 3.0470 6.0000 1.0141 0.0122 
30.7337 1.0000 2893.5756 0.3168 0.1276 -0.2898 3.0499 6.0000 0.6622 0.0108 
30.7447 1.0000 2882.3738 0.3278 0.1307 -0.3109 3.0468 6.0000 1.0362 0.0105 
30.6957 1.0000 2859.4837 0.3223 0.1305 -0.3011 3.0535 6.0000 1.1683 0.0133 
30.7324 1.0000 2880.6867 0.3182 0.1285 -0.2950 3.0506 6.0000 1.3900 0.0118 
30.7075 1.0000 2869.8746 0.3163 0.1285 -0.2939 3.0525 6.0000 1.3167 0.0118 
30.6953 1.0000 2866.0870 0.3205 0.1289 -0.3002 3.0513 6.0000 1.4518 0.0125 
30.7324 1.0000 2880.4085 0.3298 0.1296 -0.3115 3.0485 6.0000 1.6699 0.0135 
30.7083 1.0000 2856.7100 0.3249 0.1306 -0.3021 3.0544 6.0000 1.3183 0.0120 
30.7153 1.0000 2850.7177 0.3261 0.1303 -0.3103 3.0519 5.0000 1.0146 0.0098 
30.7124 1.0000 2861.0511 0.3308 0.1323 -0.3151 3.0484 6.0000 0.7044 0.0105 
30.7533 1.0000 2891.1291 0.3219 0.1308 -0.2970 3.0472 6.0000 1.0569 0.0129 
30.7643 1.0000 2883.3264 0.3251 0.1291 -0.3084 3.0484 6.0000 1.0121 0.0117 
30.6855 1.0000 2869.1462 0.3206 0.1288 -0.2960 3.0496 6.0000 0.7035 0.0131 
30.6777 1.0000 2854.2271 0.3248 0.1318 -0.3030 3.0581 6.0000 1.0089 0.0109 
30.7234 1.0000 2872.3828 0.3230 0.1297 -0.3056 3.0420 6.0000 1.0034 0.0129 
30.6724 1.0000 2840.8668 0.3249 0.1279 -0.3119 3.0494 5.0000 1.4070 0.0121 
30.7042 1.0000 2862.9931 0.3243 0.1289 -0.3064 3.0523 6.0000 1.6110 0.0113 
30.7038 1.0000 2858.6422 0.3287 0.1309 -0.3139 3.0557 6.0000 0.9178 0.0121 
30.7173 1.0000 2862.6891 0.3251 0.1307 -0.3057 3.0561 5.0000 0.9649 0.0113 
30.7855 1.0000 2897.4620 0.3214 0.1308 -0.2977 3.0529 6.0000 1.0544 0.0109 
30.6900 1.0000 2857.1324 0.3234 0.1297 -0.3037 3.0525 6.0000 1.0967 0.0126 
30.7092 1.0000 2850.9624 0.3233 0.1293 -0.3054 3.0482 6.0000 1.7599 0.0115 
30.7283 1.0000 2880.7018 0.3216 0.1286 -0.3001 3.0457 5.0000 1.2393 0.0126 
30.6838 1.0000 2848.6205 0.3282 0.1326 -0.3069 3.0583 6.0000 1.0126 0.0118 
30.7516 1.0000 2882.6834 0.3300 0.1312 -0.3093 3.0517 6.0000 1.0104 0.0112 
30.7136 1.0000 2856.3542 0.3248 0.1293 -0.3065 3.0597 6.0000 1.0440 0.0119 
30.7394 1.0000 2883.0339 0.3233 0.1302 -0.3028 3.0540 6.0000 1.0135 0.0112 
30.7288 1.0000 2876.1528 0.3251 0.1296 -0.3025 3.0445 6.0000 2.0272 0.0116 
30.7157 1.0000 2862.3060 0.3270 0.1323 -0.3068 3.0520 6.0000 2.3308 0.0116 
30.7525 1.0000 2884.3105 0.3248 0.1313 -0.3000 3.0519 6.0000 2.1554 0.0125 
30.6985 1.0000 2850.2463 0.3280 0.1300 -0.3163 3.0506 5.0000 1.0565 0.0132 
30.7002 1.0000 2859.7537 0.3289 0.1292 -0.3127 3.0476 6.0000 1.0115 0.0123 
30.7345 1.0000 2882.7185 0.3194 0.1291 -0.2933 3.0519 7.0000 0.7032 0.0123 
30.7234 1.0000 2864.2034 0.3257 0.1296 -0.3076 3.0486 6.0000 1.0575 0.0122 
30.7426 1.0000 2878.4171 0.3224 0.1304 -0.3016 3.0462 6.0000 1.0585 0.0080 
30.7218 1.0000 2865.5278 0.3246 0.1301 -0.3045 3.0563 6.0000 1.0986 0.0108 
30.7435 1.0000 2875.2055 0.3242 0.1294 -0.3048 3.0519 6.0000 1.0565 0.0108 
30.7292 1.0000 2875.0854 0.3248 0.1286 -0.3071 3.0424 6.0000 1.0110 0.0095 
30.7316 1.0000 2870.9310 0.3253 0.1298 -0.3035 3.0475 6.0000 0.9607 0.0140 
30.7038 1.0000 2873.2925 0.3254 0.1317 -0.3021 3.0498 5.0000 1.0457 0.0125 
30.6818 1.0000 2842.4498 0.3230 0.1308 -0.3022 3.0526 6.0000 1.1861 0.0103 
30.7087 1.0000 2871.3734 0.3259 0.1315 -0.2999 3.0452 6.0000 1.0555 0.0121 
30.7128 1.0000 2879.7859 0.3208 0.1297 -0.2976 3.0519 6.0000 1.8456 0.0108 
30.7855 1.0000 2910.2145 0.3241 0.1295 -0.2964 3.0460 6.0000 1.3638 0.0108 
30.8395 1.0000 2913.5940 0.3290 0.1304 -0.3125 3.0505 6.0000 1.0564 0.0121 
30.7549 1.0000 2890.2002 0.3201 0.1287 -0.2958 3.0502 6.0000 1.0973 0.0121 
30.7545 1.0000 2885.3632 0.3173 0.1282 -0.2922 3.0466 6.0000 1.0542 0.0121 
30.7181 1.0000 2882.1883 0.3220 0.1304 -0.2999 3.0473 6.0000 1.9307 0.0121 
30.6957 1.0000 2857.8015 0.3279 0.1313 -0.3102 3.0562 6.0000 1.8423 0.0121 
30.7933 1.0000 2910.8578 0.3291 0.1317 -0.3060 3.0499 6.0000 0.7437 0.0121 
30.6573 1.0000 2836.3689 0.3225 0.1319 -0.3006 3.0561 6.0000 1.0573 0.0121 
30.7018 1.0000 2859.1834 0.3243 0.1300 -0.3067 3.0605 6.0000 1.0561 0.0121 
30.7688 1.0000 2896.1601 0.3287 0.1305 -0.3065 3.0465 6.0000 1.0519 0.0121 
30.7145 1.0000 2866.8435 0.3200 0.1280 -0.3023 3.0507 6.0000 1.0994 0.0121 
