31.0531 1.0000 3001.1877 0.0800 0.0424 -0.1253 3.1821 7.0000 30.8666 0.0011 
31.0554 1.0000 3001.0492 0.0812 0.0420 -0.1298 3.1797 7.0000 28.1914 0.0011 
31.0576 1.0000 3001.8440 0.0779 0.0426 -0.1224 3.1795 8.0000 30.2158 0.0011 
31.0609 1.0000 3003.9030 0.0814 0.0422 -0.1303 3.1822 7.0000 27.6225 0.0011 
31.0558 1.0000 3000.8254 0.0786 0.0423 -0.1217 3.1804 7.0000 27.5357 0.0011 
31.0543 1.0000 3001.3703 0.0803 0.0416 -0.1294 3.1800 7.0000 29.7809 0.0009 
31.0549 1.0000 3001.3499 0.0789 0.0420 -0.1237 3.1803 7.0000 29.8179 0.0009 
31.0578 1.0000 3002.5051 0.0795 0.0423 -0.1254 3.1808 7.0000 30.7798 0.0009 
31.0539 1.0000 3000.6738 0.0823 0.0425 -0.1302 3.1791 7.0000 29.4671 0.0009 
31.0586 1.0000 3002.8785 0.0833 0.0423 -0.1334 3.1816 7.0000 30.8259 0.0011 
31.0554 1.0000 3000.6283 0.0819 0.0421 -0.1298 3.1821 7.0000 28.7646 0.0011 
31.0596 1.0000 3003.5071 0.0797 0.0416 -0.1273 3.1800 6.0000 3.2133 0.0010 
31.0574 1.0000 3002.1336 0.0804 0.0421 -0.1286 3.1787 7.0000 4.1358 0.0010 
31.0578 1.0000 3002.0333 0.0816 0.0427 -0.1280 3.1800 7.0000 5.8054 0.0009 
31.0572 1.0000 3001.9534 0.0792 0.0423 -0.1239 3.1786 7.0000 5.6274 0.0009 
31.0539 1.0000 3000.7269 0.0818 0.0423 -0.1307 3.1798 7.0000 3.9104 0.0009 
31.0625 1.0000 3005.2304 0.0832 0.0420 -0.1352 3.1816 7.0000 7.5247 0.0010 
31.0556 1.0000 3001.8589 0.0809 0.0424 -0.1289 3.1787 7.0000 11.2892 0.0010 
31.0592 1.0000 3002.9097 0.0783 0.0422 -0.1204 3.1762 7.0000 12.2935 0.0009 
31.0590 1.0000 3003.0143 0.0783 0.0420 -0.1227 3.1811 7.0000 12.3419 0.0009 
31.0613 1.0000 3003.6174 0.0783 0.0415 -0.1249 3.1806 8.0000 12.1328 0.0009 
31.0566 1.0000 3001.0541 0.0798 0.0427 -0.1245 3.1826 7.0000 11.6091 0.0009 
31.0551 1.0000 3001.3666 0.0822 0.0420 -0.1312 3.1817 8.0000 4.3462 0.0009 
31.0574 1.0000 3002.1091 0.0812 0.0420 -0.1297 3.1847 7.0000 3.2937 0.0009 
31.0588 1.0000 3002.9453 0.0816 0.0416 -0.1319 3.1803 7.0000 3.2540 0.0010 
31.0525 1.0000 2999.0053 0.0817 0.0417 -0.1327 3.1800 7.0000 3.9605 0.0011 
31.0543 1.0000 3000.3288 0.0799 0.0422 -0.1256 3.1819 7.0000 4.3112 0.0010 
31.0590 1.0000 3002.6399 0.0813 0.0416 -0.1320 3.1818 7.0000 4.3998 0.0010 
31.0574 1.0000 3002.0897 0.0801 0.0419 -0.1270 3.1813 6.0000 4.6819 0.0010 
31.0611 1.0000 3003.4428 0.0807 0.0419 -0.1293 3.1807 6.0000 13.6548 0.0010 
31.0584 1.0000 3002.1056 0.0809 0.0420 -0.1298 3.1811 7.0000 13.5680 0.0010 
31.0517 1.0000 2999.8346 0.0811 0.0423 -0.1286 3.1818 7.0000 13.6893 0.0010 
31.0590 1.0000 3002.0980 0.0771 0.0418 -0.1206 3.1840 7.0000 13.6144 0.0010 
31.0580 1.0000 3002.5652 0.0789 0.0423 -0.1236 3.1817 7.0000 4.2356 0.0008 
31.0549 1.0000 3001.0319 0.0785 0.0430 -0.1224 3.1847 7.0000 3.2566 0.0009 
31.0523 1.0000 2999.3333 0.0808 0.0417 -0.1307 3.1814 8.0000 4.3825 0.0011 
31.0541 1.0000 3000.8662 0.0815 0.0421 -0.1323 3.1829 7.0000 4.2637 0.0009 
31.0568 1.0000 3001.6291 0.0844 0.0420 -0.1353 3.1830 7.0000 3.3322 0.0010 
31.0545 1.0000 3001.6554 0.0822 0.0423 -0.1326 3.1836 7.0000 8.4916 0.0007 
31.0605 1.0000 3003.0760 0.0805 0.0420 -0.1284 3.1832 7.0000 12.5383 0.0007 
31.0539 1.0000 3001.1213 0.0813 0.0424 -0.1278 3.1806 7.0000 12.8904 0.0009 
31.0590 1.0000 3003.0372 0.0799 0.0420 -0.1267 3.1803 7.0000 11.8330 0.0007 
31.0539 1.0000 3000.1019 0.0783 0.0424 -0.1222 3.1827 7.0000 8.1500 0.0009 
31.0607 1.0000 3004.0153 0.0774 0.0423 -0.1197 3.1815 7.0000 7.6435 0.0009 
31.0598 1.0000 3002.7590 0.0809 0.0418 -0.1295 3.1800 7.0000 4.3127 0.0009 
31.0541 1.0000 3000.6103 0.0786 0.0416 -0.1236 3.1827 7.0000 4.3546 0.0010 
31.0535 1.0000 2999.7923 0.0791 0.0421 -0.1232 3.1826 7.0000 3.2977 0.0010 
31.0588 1.0000 3002.4632 0.0805 0.0425 -0.1250 3.1816 7.0000 4.3994 0.0008 
31.0582 1.0000 3002.5200 0.0822 0.0424 -0.1298 3.1818 7.0000 4.3107 0.0008 
31.0639 1.0000 3005.5725 0.0805 0.0426 -0.1270 3.1795 7.0000 4.3107 0.0010 
31.0584 1.0000 3002.2214 0.0814 0.0419 -0.1311 3.1799 7.0000 7.0829 0.0010 
31.0590 1.0000 3003.4596 0.0811 0.0418 -0.1301 3.1841 8.0000 8.2067 0.0010 
31.0631 1.0000 3005.3339 0.0761 0.0418 -0.1184 3.1797 7.0000 8.2505 0.0010 
31.0539 1.0000 2999.6912 0.0802 0.0423 -0.1271 3.1817 6.0000 6.5551 0.0010 
31.0568 1.0000 3002.2623 0.0777 0.0418 -0.1234 3.1765 6.0000 6.1848 0.0009 
31.0582 1.0000 3002.8625 0.0777 0.0419 -0.1228 3.1825 7.0000 3.3415 0.0010 
31.0566 1.0000 3002.2067 0.0809 0.0424 -0.1295 3.1811 7.0000 4.3103 0.0012 
31.0615 1.0000 3004.1942 0.0812 0.0427 -0.1271 3.1822 7.0000 4.3101 0.0010 
31.0564 1.0000 3001.0786 0.0850 0.0421 -0.1384 3.1824 7.0000 8.3562 0.0009 
31.0541 1.0000 3001.2228 0.0822 0.0419 -0.1326 3.1787 6.0000 8.4326 0.0012 
31.0564 1.0000 3001.8403 0.0817 0.0416 -0.1324 3.1821 7.0000 4.3407 0.0007 
31.0556 1.0000 3000.6977 0.0820 0.0420 -0.1315 3.1841 7.0000 3.6153 0.0010 
31.0554 1.0000 3001.3246 0.0821 0.0422 -0.1321 3.1798 6.0000 4.3110 0.0008 
31.0596 1.0000 3003.0214 0.0790 0.0423 -0.1223 3.1824 7.0000 5.7384 0.0011 
31.0594 1.0000 3001.8654 0.0812 0.0422 -0.1307 3.1802 7.0000 5.6149 0.0011 
31.0594 1.0000 3003.0049 0.0810 0.0418 -0.1291 3.1811 7.0000 6.0310 0.0011 
31.0558 1.0000 3001.7817 0.0790 0.0421 -0.1235 3.1820 7.0000 6.2306 0.0011 
31.0496 1.0000 2998.1797 0.0812 0.0419 -0.1312 3.1799 7.0000 3.9591 0.0009 
31.0600 1.0000 3003.1307 0.0791 0.0425 -0.1233 3.1809 7.0000 4.3068 0.0011 
31.0496 1.0000 2998.4479 0.0832 0.0423 -0.1338 3.1804 7.0000 3.3817 0.0012 
31.0547 1.0000 3001.3656 0.0825 0.0419 -0.1319 3.1811 7.0000 4.3548 0.0012 
31.0635 1.0000 3005.7114 0.0795 0.0421 -0.1252 3.1816 7.0000 4.3247 0.0009 
31.0615 1.0000 3003.3509 0.0827 0.0418 -0.1343 3.1805 7.0000 4.2699 0.0010 
31.0537 1.0000 3000.8319 0.0806 0.0419 -0.1300 3.1774 6.0000 4.3059 0.0008 
31.0605 1.0000 3003.2239 0.0824 0.0422 -0.1322 3.1781 7.0000 5.6353 0.0010 
31.0607 1.0000 3003.3303 0.0756 0.0414 -0.1186 3.1798 7.0000 8.3674 0.0010 
31.0590 1.0000 3002.7990 0.0794 0.0415 -0.1279 3.1823 6.0000 9.0152 0.0010 
31.0598 1.0000 3003.2036 0.0780 0.0421 -0.1218 3.1805 6.0000 8.3589 0.0010 
31.0480 1.0000 2998.2314 0.0796 0.0424 -0.1262 3.1789 7.0000 4.2833 0.0010 
31.0537 1.0000 2999.5854 0.0829 0.0420 -0.1329 3.1819 7.0000 3.3848 0.0011 
31.0509 1.0000 2999.3011 0.0840 0.0418 -0.1361 3.1812 8.0000 4.3526 0.0011 
31.0562 1.0000 3001.3748 0.0800 0.0422 -0.1278 3.1795 7.0000 4.3574 0.0009 
31.0594 1.0000 3003.1250 0.0797 0.0418 -0.1259 3.1813 7.0000 3.3428 0.0009 
31.0543 1.0000 3000.1462 0.0827 0.0428 -0.1312 3.1804 7.0000 4.3999 0.0011 
31.0623 1.0000 3004.2794 0.0813 0.0422 -0.1304 3.1811 7.0000 4.3109 0.0009 
31.0549 1.0000 3000.9512 0.0812 0.0423 -0.1287 3.1836 7.0000 4.2550 0.0010 
31.0580 1.0000 3002.1266 0.0810 0.0424 -0.1286 3.1795 7.0000 8.0440 0.0009 
31.0572 1.0000 3002.0349 0.0837 0.0422 -0.1341 3.1811 6.0000 10.0681 0.0008 
31.0566 1.0000 3001.7096 0.0790 0.0418 -0.1259 3.1829 7.0000 7.6956 0.0010 
31.0539 1.0000 3000.0357 0.0774 0.0422 -0.1197 3.1802 7.0000 7.0817 0.0008 
31.0578 1.0000 3002.5664 0.0803 0.0420 -0.1287 3.1804 7.0000 8.7496 0.0010 
31.0594 1.0000 3003.2853 0.0850 0.0420 -0.1387 3.1788 7.0000 8.5380 0.0010 
31.0592 1.0000 3002.1360 0.0805 0.0422 -0.1277 3.1806 7.0000 4.3987 0.0010 
31.0578 1.0000 3002.1893 0.0783 0.0421 -0.1224 3.1779 7.0000 3.3007 0.0010 
31.0531 1.0000 2999.6757 0.0797 0.0422 -0.1259 3.1821 7.0000 4.4015 0.0010 
31.0576 1.0000 3002.0809 0.0808 0.0421 -0.1284 3.1784 7.0000 4.4300 0.0010 
31.0564 1.0000 3000.8740 0.0809 0.0420 -0.1302 3.1821 7.0000 4.2771 0.0010 
31.0566 1.0000 3001.5486 0.0795 0.0423 -0.1245 3.1835 7.0000 4.3119 0.0010 
31.0619 1.0000 3003.6757 0.0816 0.0422 -0.1309 3.1816 7.0000 4.4870 0.0010 
31.0570 1.0000 3002.4005 0.0804 0.0419 -0.1266 3.1806 6.0000 3.5473 0.0010 
