30.7373 1.0000 2874.4604 0.3540 0.1464 -0.2974 3.0674 5.0000 4.8606 0.0126 
30.7173 1.0000 2886.2345 0.3497 0.1447 -0.2942 3.0657 6.0000 4.8690 0.0103 
30.6622 1.0000 2842.5805 0.3514 0.1475 -0.2939 3.0652 6.0000 5.1987 0.0124 
30.6748 1.0000 2839.5678 0.3520 0.1477 -0.2960 3.0644 6.0000 4.8796 0.0108 
30.7451 1.0000 2879.8983 0.3587 0.1487 -0.2990 3.0577 6.0000 5.4729 0.0103 
30.7553 1.0000 2877.7283 0.3564 0.1479 -0.2973 3.0604 6.0000 5.4177 0.0111 
30.7704 1.0000 2890.7708 0.3596 0.1493 -0.3021 3.0603 6.0000 5.4697 0.0126 
30.7447 1.0000 2895.0266 0.3559 0.1464 -0.2929 3.0573 6.0000 5.5501 0.0126 
30.6904 1.0000 2855.9841 0.3560 0.1519 -0.2883 3.0671 6.0000 5.3765 0.0103 
30.7365 1.0000 2879.9657 0.3536 0.1461 -0.2924 3.0664 7.0000 5.3739 0.0126 
30.7741 1.0000 2902.6716 0.3523 0.1461 -0.2913 3.0577 6.0000 5.5051 0.0111 
30.6642 1.0000 2848.8056 0.3513 0.1453 -0.2948 3.0571 6.0000 0.6556 0.0126 
30.7051 1.0000 2855.4416 0.3502 0.1481 -0.2928 3.0702 6.0000 0.8344 0.0142 
30.7700 1.0000 2883.2488 0.3506 0.1491 -0.2879 3.0688 6.0000 0.9246 0.0118 
30.6797 1.0000 2850.7141 0.3529 0.1466 -0.3014 3.0574 6.0000 1.8943 0.0129 
30.7545 1.0000 2879.3182 0.3585 0.1497 -0.3015 3.0687 6.0000 2.1126 0.0104 
30.6993 1.0000 2862.9318 0.3606 0.1493 -0.3064 3.0624 7.0000 0.8913 0.0118 
30.8056 1.0000 2915.5842 0.3509 0.1475 -0.2849 3.0599 6.0000 1.3090 0.0122 
30.7177 1.0000 2870.1279 0.3571 0.1507 -0.2937 3.0711 6.0000 2.2111 0.0095 
30.7006 1.0000 2858.6430 0.3565 0.1461 -0.3032 3.0592 6.0000 2.8784 0.0095 
30.7251 1.0000 2876.5633 0.3500 0.1460 -0.2910 3.0687 6.0000 2.4872 0.0118 
30.6900 1.0000 2844.2631 0.3582 0.1476 -0.3063 3.0650 6.0000 2.6617 0.0120 
30.7002 1.0000 2864.3088 0.3537 0.1487 -0.2899 3.0754 6.0000 0.6156 0.0100 
30.6503 1.0000 2842.3587 0.3659 0.1513 -0.3099 3.0662 6.0000 0.8817 0.0138 
30.7234 1.0000 2879.2067 0.3490 0.1462 -0.2873 3.0616 6.0000 0.6149 0.0132 
30.7247 1.0000 2887.5266 0.3561 0.1494 -0.2908 3.0663 6.0000 0.9231 0.0120 
30.8019 1.0000 2896.7463 0.3557 0.1499 -0.2935 3.0679 6.0000 0.9713 0.0132 
30.7659 1.0000 2884.2712 0.3568 0.1505 -0.2894 3.0668 6.0000 0.9254 0.0129 
30.7116 1.0000 2879.6070 0.3549 0.1441 -0.3062 3.0609 6.0000 0.9689 0.0137 
30.7929 1.0000 2918.3738 0.3551 0.1483 -0.2898 3.0563 6.0000 0.9259 0.0097 
30.7173 1.0000 2869.4947 0.3426 0.1449 -0.2814 3.0654 6.0000 0.9664 0.0119 
30.7426 1.0000 2893.1295 0.3587 0.1490 -0.2992 3.0614 5.0000 1.2224 0.0119 
30.7786 1.0000 2891.3672 0.3532 0.1490 -0.2931 3.0629 6.0000 1.1843 0.0119 
30.6626 1.0000 2834.6614 0.3566 0.1481 -0.3021 3.0714 6.0000 0.8822 0.0120 
30.6806 1.0000 2848.8068 0.3558 0.1452 -0.3044 3.0659 6.0000 0.6167 0.0107 
30.7394 1.0000 2882.6152 0.3524 0.1489 -0.2893 3.0641 6.0000 0.9567 0.0091 
30.6920 1.0000 2847.5690 0.3565 0.1495 -0.2951 3.0661 6.0000 0.9218 0.0122 
30.7181 1.0000 2868.4804 0.3549 0.1493 -0.2978 3.0694 5.0000 0.8801 0.0109 
30.6654 1.0000 2836.3276 0.3557 0.1478 -0.3027 3.0647 6.0000 0.9243 0.0106 
30.7884 1.0000 2900.0143 0.3488 0.1454 -0.2897 3.0604 6.0000 0.9701 0.0124 
30.7202 1.0000 2866.0221 0.3514 0.1483 -0.2909 3.0699 6.0000 0.9677 0.0124 
30.7578 1.0000 2881.6757 0.3557 0.1456 -0.3006 3.0666 6.0000 1.0844 0.0100 
30.7529 1.0000 2868.0408 0.3628 0.1511 -0.3032 3.0699 6.0000 1.4469 0.0100 
30.7586 1.0000 2892.8113 0.3573 0.1480 -0.2975 3.0588 6.0000 1.3219 0.0100 
30.7512 1.0000 2889.7377 0.3502 0.1453 -0.2959 3.0629 6.0000 0.6172 0.0143 
30.7173 1.0000 2852.3615 0.3547 0.1502 -0.2927 3.0727 6.0000 0.8795 0.0108 
30.8064 1.0000 2916.8705 0.3559 0.1475 -0.2943 3.0624 6.0000 0.9231 0.0116 
30.7108 1.0000 2860.9065 0.3491 0.1461 -0.2901 3.0724 6.0000 1.0107 0.0117 
30.7594 1.0000 2872.9297 0.3563 0.1470 -0.3023 3.0588 6.0000 0.8807 0.0111 
30.7067 1.0000 2864.8595 0.3556 0.1479 -0.2981 3.0579 6.0000 0.9241 0.0142 
30.7823 1.0000 2892.9886 0.3471 0.1470 -0.2861 3.0557 6.0000 1.2175 0.0132 
30.7786 1.0000 2902.7194 0.3462 0.1435 -0.2858 3.0576 6.0000 1.1273 0.0132 
30.7398 1.0000 2870.1287 0.3500 0.1461 -0.2930 3.0682 5.0000 1.6687 0.0123 
30.6622 1.0000 2821.4040 0.3551 0.1502 -0.3013 3.0702 6.0000 1.8050 0.0123 
30.6491 1.0000 2842.2892 0.3531 0.1480 -0.2972 3.0670 6.0000 1.6718 0.0123 
30.7549 1.0000 2906.1225 0.3498 0.1448 -0.2878 3.0571 6.0000 0.6586 0.0123 
30.7308 1.0000 2882.1242 0.3463 0.1416 -0.2888 3.0559 6.0000 0.9238 0.0106 
30.7451 1.0000 2881.8207 0.3502 0.1503 -0.2846 3.0609 6.0000 1.0083 0.0123 
30.7271 1.0000 2871.0029 0.3562 0.1504 -0.2912 3.0706 6.0000 0.9236 0.0125 
30.6503 1.0000 2835.4669 0.3516 0.1469 -0.2915 3.0674 6.0000 0.6584 0.0112 
30.6826 1.0000 2842.1565 0.3564 0.1511 -0.2962 3.0730 6.0000 0.9981 0.0110 
30.6744 1.0000 2832.6189 0.3561 0.1509 -0.2983 3.0768 6.0000 1.3193 0.0107 
30.7100 1.0000 2858.7586 0.3582 0.1476 -0.3046 3.0667 6.0000 1.2765 0.0107 
30.6940 1.0000 2849.2561 0.3600 0.1505 -0.3041 3.0755 6.0000 1.6266 0.0134 
30.7594 1.0000 2894.6381 0.3566 0.1475 -0.3007 3.0598 6.0000 1.8053 0.0100 
30.7096 1.0000 2868.3211 0.3567 0.1482 -0.3014 3.0707 5.0000 1.6721 0.0100 
30.7594 1.0000 2882.7390 0.3502 0.1437 -0.2968 3.0633 6.0000 0.9667 0.0134 
30.7100 1.0000 2872.5596 0.3535 0.1454 -0.3001 3.0603 6.0000 0.9258 0.0134 
30.7022 1.0000 2858.9105 0.3490 0.1444 -0.2982 3.0628 6.0000 0.6606 0.0138 
30.7431 1.0000 2879.6687 0.3603 0.1465 -0.3077 3.0548 6.0000 0.9659 0.0129 
30.7492 1.0000 2875.1450 0.3538 0.1502 -0.2915 3.0658 6.0000 0.9674 0.0107 
30.7565 1.0000 2883.3460 0.3537 0.1497 -0.2867 3.0746 6.0000 0.9660 0.0135 
30.7218 1.0000 2879.8619 0.3479 0.1480 -0.2822 3.0717 6.0000 1.3573 0.0144 
30.6769 1.0000 2840.0960 0.3497 0.1466 -0.2951 3.0650 6.0000 1.3161 0.0144 
30.7798 1.0000 2887.6266 0.3573 0.1517 -0.2944 3.0726 6.0000 0.9663 0.0144 
30.7635 1.0000 2895.5515 0.3518 0.1458 -0.2901 3.0550 6.0000 0.9945 0.0118 
30.7398 1.0000 2868.1618 0.3591 0.1482 -0.3061 3.0630 6.0000 1.4033 0.0118 
30.6765 1.0000 2851.9252 0.3543 0.1480 -0.2970 3.0647 5.0000 1.3203 0.0099 
30.6626 1.0000 2840.5989 0.3620 0.1481 -0.3113 3.0679 6.0000 1.0557 0.0122 
30.6904 1.0000 2850.6618 0.3554 0.1474 -0.3010 3.0663 6.0000 0.7012 0.0121 
30.7569 1.0000 2885.4747 0.3569 0.1483 -0.3015 3.0698 6.0000 0.9274 0.0123 
30.6720 1.0000 2845.0588 0.3566 0.1474 -0.3068 3.0702 6.0000 0.9669 0.0111 
30.6467 1.0000 2823.7921 0.3552 0.1483 -0.3022 3.0739 6.0000 1.0519 0.0121 
30.7377 1.0000 2879.2729 0.3478 0.1454 -0.2932 3.0605 6.0000 1.4445 0.0114 
30.7704 1.0000 2893.8137 0.3566 0.1490 -0.2958 3.0632 6.0000 1.9751 0.0121 
30.7230 1.0000 2879.3779 0.3594 0.1480 -0.3028 3.0624 6.0000 1.8875 0.0121 
30.7823 1.0000 2904.6123 0.3555 0.1484 -0.2937 3.0601 6.0000 1.1862 0.0121 
30.8313 1.0000 2915.8211 0.3522 0.1488 -0.2862 3.0627 6.0000 1.0499 0.0121 
30.7124 1.0000 2870.6503 0.3507 0.1466 -0.2944 3.0622 6.0000 0.9642 0.0136 
30.7136 1.0000 2873.8342 0.3474 0.1439 -0.2926 3.0621 6.0000 0.9265 0.0126 
30.7092 1.0000 2868.0135 0.3550 0.1479 -0.2967 3.0665 6.0000 0.7011 0.0088 
30.7443 1.0000 2887.0523 0.3529 0.1462 -0.2958 3.0689 6.0000 0.9268 0.0126 
30.7141 1.0000 2859.9722 0.3532 0.1452 -0.2993 3.0663 6.0000 1.0098 0.0126 
30.8162 1.0000 2909.1078 0.3563 0.1457 -0.3007 3.0588 6.0000 2.2240 0.0126 
30.7014 1.0000 2866.9436 0.3498 0.1454 -0.2904 3.0619 6.0000 1.8853 0.0126 
30.7357 1.0000 2893.5670 0.3566 0.1494 -0.2872 3.0663 6.0000 0.9669 0.0126 
30.7157 1.0000 2867.5449 0.3582 0.1514 -0.2932 3.0656 6.0000 1.0024 0.0126 
30.6695 1.0000 2846.2643 0.3528 0.1482 -0.2954 3.0631 6.0000 1.2736 0.0126 
30.7696 1.0000 2893.6601 0.3562 0.1476 -0.3010 3.0608 6.0000 1.4381 0.0126 
30.7010 1.0000 2851.3889 0.3603 0.1498 -0.3042 3.0602 5.0000 1.1941 0.0126 
