30.7234 1.0000 2885.1585 0.4153 0.1839 -0.2761 3.0966 6.0000 5.0022 0.0116 
30.7104 1.0000 2875.7361 0.4076 0.1852 -0.2609 3.0997 6.0000 5.0696 0.0122 
30.7676 1.0000 2892.2357 0.4086 0.1849 -0.2572 3.0926 6.0000 4.8704 0.0116 
30.7480 1.0000 2882.5286 0.4132 0.1844 -0.2685 3.1015 6.0000 4.8285 0.0135 
30.7042 1.0000 2876.2770 0.4064 0.1820 -0.2607 3.1004 6.0000 5.0035 0.0123 
30.7455 1.0000 2896.3689 0.4170 0.1888 -0.2639 3.1017 6.0000 5.0577 0.0139 
30.7006 1.0000 2885.1642 0.4132 0.1865 -0.2648 3.0897 6.0000 4.8840 0.0122 
30.6920 1.0000 2858.1033 0.4092 0.1853 -0.2664 3.1084 6.0000 5.0471 0.0122 
30.7141 1.0000 2858.3832 0.4132 0.1855 -0.2747 3.1056 6.0000 5.0450 0.0122 
30.7394 1.0000 2873.8096 0.4092 0.1821 -0.2706 3.0915 7.0000 4.2557 0.0122 
30.7292 1.0000 2876.7153 0.4130 0.1899 -0.2560 3.1051 6.0000 4.1249 0.0139 
30.6712 1.0000 2841.3681 0.4118 0.1842 -0.2724 3.0966 6.0000 0.5708 0.0113 
30.7288 1.0000 2868.9428 0.4060 0.1858 -0.2588 3.1048 6.0000 0.5722 0.0094 
30.7210 1.0000 2859.6389 0.4146 0.1890 -0.2689 3.1038 6.0000 0.8321 0.0116 
30.7124 1.0000 2901.5408 0.4118 0.1829 -0.2696 3.0915 6.0000 0.7446 0.0130 
30.7263 1.0000 2866.1638 0.4104 0.1851 -0.2686 3.0916 6.0000 1.5056 0.0137 
30.6614 1.0000 2826.5110 0.4094 0.1865 -0.2664 3.1019 5.0000 1.8583 0.0100 
30.7006 1.0000 2861.3162 0.4165 0.1866 -0.2763 3.1022 6.0000 1.6203 0.0100 
30.7071 1.0000 2851.9416 0.4173 0.1850 -0.2786 3.0822 6.0000 1.5359 0.0100 
30.7406 1.0000 2876.6900 0.4126 0.1895 -0.2599 3.1091 6.0000 1.3412 0.0100 
30.8105 1.0000 2912.2953 0.4102 0.1856 -0.2578 3.0914 6.0000 1.0803 0.0100 
30.7390 1.0000 2877.9093 0.4073 0.1818 -0.2744 3.0855 6.0000 1.2093 0.0100 
30.6658 1.0000 2859.2149 0.4118 0.1841 -0.2673 3.0963 6.0000 0.8350 0.0121 
30.7978 1.0000 2923.3758 0.4105 0.1870 -0.2566 3.0947 6.0000 0.8354 0.0135 
30.7304 1.0000 2858.3100 0.4086 0.1803 -0.2758 3.0986 6.0000 0.8367 0.0112 
30.6891 1.0000 2857.7345 0.4128 0.1862 -0.2720 3.0998 7.0000 0.5714 0.0135 
30.7794 1.0000 2913.9600 0.4093 0.1805 -0.2639 3.0907 6.0000 0.7490 0.0115 
30.7721 1.0000 2898.4612 0.4101 0.1831 -0.2709 3.0940 6.0000 1.1779 0.0134 
30.7349 1.0000 2881.5494 0.4110 0.1825 -0.2735 3.0911 6.0000 1.8078 0.0132 
30.6687 1.0000 2846.8019 0.4156 0.1862 -0.2824 3.0908 6.0000 1.9877 0.0132 
30.7667 1.0000 2897.0515 0.4096 0.1831 -0.2699 3.0972 6.0000 1.9615 0.0134 
30.7157 1.0000 2878.0556 0.4165 0.1860 -0.2751 3.1048 6.0000 2.0586 0.0132 
30.7153 1.0000 2863.2406 0.4104 0.1840 -0.2705 3.0901 6.0000 1.8889 0.0132 
30.6736 1.0000 2841.3832 0.4117 0.1835 -0.2757 3.1038 6.0000 0.5715 0.0124 
30.7181 1.0000 2870.3039 0.4077 0.1834 -0.2667 3.0946 6.0000 1.0953 0.0123 
30.7418 1.0000 2883.7998 0.4121 0.1873 -0.2625 3.1052 6.0000 1.1345 0.0110 
30.7324 1.0000 2880.4416 0.4044 0.1844 -0.2597 3.1006 6.0000 0.8730 0.0129 
30.6757 1.0000 2873.2761 0.4078 0.1870 -0.2580 3.1007 6.0000 0.8346 0.0113 
30.6814 1.0000 2856.0025 0.4084 0.1853 -0.2679 3.0974 6.0000 0.9209 0.0130 
30.6417 1.0000 2826.1221 0.4122 0.1861 -0.2733 3.1035 6.0000 1.0790 0.0112 
30.7251 1.0000 2861.0061 0.4047 0.1833 -0.2619 3.0966 6.0000 1.3955 0.0110 
30.7590 1.0000 2900.7116 0.4026 0.1814 -0.2534 3.0936 6.0000 1.6528 0.0157 
30.7512 1.0000 2889.4955 0.4088 0.1826 -0.2690 3.0953 6.0000 1.6087 0.0157 
30.7067 1.0000 2856.8072 0.4153 0.1869 -0.2728 3.0982 6.0000 1.6215 0.0157 
30.7092 1.0000 2864.3043 0.4098 0.1842 -0.2698 3.0959 6.0000 0.5720 0.0112 
30.7492 1.0000 2893.2970 0.4131 0.1888 -0.2598 3.1023 6.0000 0.8759 0.0113 
30.6912 1.0000 2848.7541 0.4143 0.1856 -0.2666 3.1033 6.0000 0.8338 0.0105 
30.7386 1.0000 2879.4775 0.4094 0.1835 -0.2657 3.1042 6.0000 0.8780 0.0120 
30.6875 1.0000 2862.0053 0.4103 0.1838 -0.2668 3.0944 6.0000 0.8788 0.0108 
30.7431 1.0000 2885.2034 0.4090 0.1840 -0.2666 3.0885 6.0000 0.8803 0.0136 
30.6054 1.0000 2802.0997 0.4161 0.1889 -0.2750 3.1082 6.0000 0.8763 0.0163 
30.7471 1.0000 2891.3807 0.4114 0.1825 -0.2658 3.0988 7.0000 1.3197 0.0099 
30.6765 1.0000 2845.7112 0.4131 0.1877 -0.2724 3.1041 5.0000 1.5530 0.0109 
30.7471 1.0000 2900.7157 0.4045 0.1826 -0.2565 3.0947 6.0000 1.5853 0.0109 
30.7770 1.0000 2889.0180 0.4128 0.1863 -0.2679 3.1001 6.0000 1.8656 0.0109 
30.7377 1.0000 2880.3615 0.4153 0.1873 -0.2727 3.0986 6.0000 1.5713 0.0109 
30.7623 1.0000 2894.8386 0.4173 0.1862 -0.2762 3.0889 6.0000 0.8390 0.0122 
30.7190 1.0000 2889.0854 0.4154 0.1874 -0.2678 3.0828 6.0000 0.8815 0.0119 
30.7533 1.0000 2893.4310 0.4113 0.1865 -0.2645 3.0974 6.0000 0.8817 0.0096 
30.5874 1.0000 2808.2292 0.4223 0.1886 -0.2816 3.1108 5.0000 0.9261 0.0106 
30.7823 1.0000 2914.8644 0.3973 0.1828 -0.2494 3.0939 6.0000 0.6897 0.0095 
30.6703 1.0000 2842.9526 0.4054 0.1852 -0.2631 3.1127 6.0000 0.5735 0.0126 
30.7508 1.0000 2892.6977 0.4129 0.1874 -0.2582 3.1040 6.0000 0.8812 0.0113 
30.6818 1.0000 2850.6703 0.4129 0.1856 -0.2705 3.1082 6.0000 1.2116 0.0110 
30.7435 1.0000 2882.0184 0.4020 0.1816 -0.2661 3.1025 7.0000 1.4824 0.0110 
30.7361 1.0000 2891.5282 0.4153 0.1880 -0.2653 3.1020 6.0000 1.5309 0.0110 
30.7128 1.0000 2874.8868 0.4045 0.1837 -0.2629 3.0883 6.0000 1.3622 0.0110 
30.6989 1.0000 2872.7247 0.4078 0.1861 -0.2637 3.0992 6.0000 0.9235 0.0126 
30.7202 1.0000 2877.0229 0.4144 0.1832 -0.2761 3.0957 6.0000 0.6155 0.0140 
30.7925 1.0000 2899.7982 0.4127 0.1860 -0.2665 3.0937 6.0000 0.9646 0.0100 
30.7949 1.0000 2914.6058 0.4072 0.1828 -0.2644 3.0915 6.0000 0.9203 0.0140 
30.7598 1.0000 2891.8178 0.4088 0.1845 -0.2633 3.1112 6.0000 0.9233 0.0112 
30.7390 1.0000 2890.6013 0.4045 0.1836 -0.2579 3.0946 6.0000 0.9223 0.0116 
30.7488 1.0000 2886.9824 0.4101 0.1838 -0.2730 3.1025 6.0000 0.9264 0.0111 
30.7300 1.0000 2870.5923 0.4128 0.1882 -0.2688 3.1048 6.0000 1.3851 0.0133 
30.7598 1.0000 2903.5347 0.4085 0.1852 -0.2595 3.1009 6.0000 1.8353 0.0118 
30.6855 1.0000 2868.5319 0.4152 0.1853 -0.2785 3.1022 6.0000 2.0178 0.0112 
30.6589 1.0000 2832.9191 0.4115 0.1856 -0.2695 3.1042 6.0000 1.9355 0.0106 
30.6998 1.0000 2861.6066 0.4143 0.1848 -0.2785 3.0883 6.0000 0.8786 0.0110 
30.7778 1.0000 2899.7484 0.4050 0.1821 -0.2664 3.0913 6.0000 0.9662 0.0100 
30.6589 1.0000 2854.9587 0.4202 0.1883 -0.2741 3.1010 6.0000 0.9668 0.0107 
30.7431 1.0000 2885.5511 0.4212 0.1847 -0.2809 3.0935 7.0000 0.9654 0.0114 
30.7038 1.0000 2856.5523 0.4125 0.1863 -0.2720 3.1001 6.0000 0.9618 0.0148 
30.7316 1.0000 2879.0960 0.4102 0.1844 -0.2679 3.1000 6.0000 0.6616 0.0124 
30.7226 1.0000 2866.8693 0.4154 0.1833 -0.2828 3.0862 6.0000 0.9237 0.0130 
30.7439 1.0000 2896.6916 0.4161 0.1882 -0.2653 3.0937 6.0000 0.9087 0.0127 
30.6781 1.0000 2864.8464 0.4034 0.1843 -0.2573 3.0905 6.0000 0.9245 0.0125 
30.7594 1.0000 2899.7745 0.4030 0.1832 -0.2486 3.1004 6.0000 0.8383 0.0125 
30.7488 1.0000 2887.5429 0.4108 0.1864 -0.2667 3.1001 6.0000 0.8829 0.0125 
30.7051 1.0000 2878.0458 0.4051 0.1828 -0.2635 3.0952 6.0000 0.8827 0.0106 
30.7794 1.0000 2915.2704 0.4049 0.1854 -0.2470 3.0893 6.0000 0.6160 0.0106 
30.7565 1.0000 2899.7006 0.4143 0.1839 -0.2682 3.0915 6.0000 0.9244 0.0106 
30.7357 1.0000 2864.1123 0.4152 0.1866 -0.2760 3.0939 6.0000 0.9245 0.0106 
30.6319 1.0000 2814.3562 0.4113 0.1853 -0.2725 3.1068 6.0000 0.9653 0.0106 
30.6863 1.0000 2847.1822 0.4186 0.1881 -0.2833 3.1028 6.0000 0.8786 0.0106 
30.6973 1.0000 2865.1209 0.4110 0.1850 -0.2655 3.1002 6.0000 0.9681 0.0106 
30.7034 1.0000 2868.8051 0.4169 0.1853 -0.2769 3.0964 5.0000 0.9205 0.0106 
30.7761 1.0000 2900.4424 0.4079 0.1840 -0.2632 3.1062 6.0000 1.4085 0.0106 
30.7026 1.0000 2857.4649 0.4142 0.1866 -0.2734 3.0956 6.0000 1.4057 0.0106 
30.7598 1.0000 2887.2757 0.4172 0.1870 -0.2748 3.0937 6.0000 0.8829 0.0106 
