30.7365 1.0000 2881.2136 0.3552 0.1469 -0.3022 3.0592 5.0000 5.4751 0.0120 
30.6765 1.0000 2841.5801 0.3483 0.1449 -0.2978 3.0580 6.0000 5.2104 0.0120 
30.7410 1.0000 2876.8035 0.3502 0.1461 -0.2973 3.0655 6.0000 5.2088 0.0120 
30.7038 1.0000 2856.5266 0.3478 0.1457 -0.2900 3.0752 6.0000 5.3852 0.0109 
30.6842 1.0000 2853.0167 0.3479 0.1453 -0.2943 3.0679 7.0000 5.5183 0.0109 
30.7757 1.0000 2908.9408 0.3537 0.1466 -0.2961 3.0588 5.0000 5.5186 0.0111 
30.7067 1.0000 2870.2165 0.3452 0.1438 -0.2893 3.0599 6.0000 5.5607 0.0111 
30.6168 1.0000 2817.9849 0.3496 0.1453 -0.3001 3.0685 6.0000 5.3868 0.0111 
30.6965 1.0000 2854.7382 0.3528 0.1467 -0.3007 3.0659 6.0000 5.4719 0.0110 
30.6230 1.0000 2822.9085 0.3501 0.1480 -0.3024 3.0793 6.0000 5.0311 0.0109 
30.6687 1.0000 2853.8497 0.3526 0.1474 -0.3013 3.0703 6.0000 5.2063 0.0124 
30.7488 1.0000 2888.0388 0.3515 0.1463 -0.2971 3.0608 6.0000 0.6158 0.0131 
30.7194 1.0000 2870.2953 0.3493 0.1448 -0.2941 3.0613 6.0000 0.9687 0.0109 
30.7463 1.0000 2884.4444 0.3427 0.1415 -0.2897 3.0606 7.0000 1.1279 0.0128 
30.7500 1.0000 2877.2970 0.3536 0.1465 -0.2997 3.0647 6.0000 1.4551 0.0123 
30.7733 1.0000 2883.5069 0.3454 0.1425 -0.2928 3.0616 6.0000 3.0054 0.0132 
30.7557 1.0000 2878.4126 0.3514 0.1439 -0.3033 3.0554 6.0000 4.6359 0.0109 
30.6830 1.0000 2864.4873 0.3452 0.1433 -0.2899 3.0549 6.0000 4.1569 0.0109 
30.7181 1.0000 2871.8080 0.3494 0.1446 -0.2950 3.0594 6.0000 4.4150 0.0109 
30.7328 1.0000 2884.8538 0.3431 0.1434 -0.2817 3.0678 6.0000 3.8611 0.0105 
30.7230 1.0000 2867.2128 0.3488 0.1429 -0.3031 3.0628 6.0000 3.7793 0.0123 
30.6859 1.0000 2860.9424 0.3458 0.1452 -0.2900 3.0672 6.0000 3.6099 0.0109 
30.7512 1.0000 2873.0886 0.3529 0.1441 -0.3050 3.0640 6.0000 0.9258 0.0117 
30.7075 1.0000 2862.6650 0.3506 0.1449 -0.3007 3.0637 6.0000 1.0877 0.0122 
30.7492 1.0000 2870.6577 0.3522 0.1452 -0.3069 3.0545 6.0000 0.9690 0.0144 
30.6944 1.0000 2867.9641 0.3472 0.1432 -0.2912 3.0664 6.0000 0.7072 0.0144 
30.6826 1.0000 2839.5645 0.3475 0.1429 -0.3044 3.0570 6.0000 0.9655 0.0132 
30.7500 1.0000 2883.9338 0.3544 0.1449 -0.3023 3.0579 5.0000 0.9230 0.0151 
30.7279 1.0000 2868.9636 0.3487 0.1457 -0.2965 3.0663 6.0000 1.1675 0.0098 
30.7627 1.0000 2896.8615 0.3462 0.1446 -0.2869 3.0686 6.0000 1.4338 0.0138 
30.7251 1.0000 2863.9579 0.3533 0.1451 -0.3032 3.0564 6.0000 1.5616 0.0118 
30.7206 1.0000 2871.5523 0.3461 0.1423 -0.2980 3.0592 6.0000 1.7973 0.0124 
30.7271 1.0000 2882.3064 0.3520 0.1431 -0.3049 3.0549 6.0000 1.0971 0.0124 
30.6830 1.0000 2853.0123 0.3556 0.1450 -0.3087 3.0629 6.0000 0.9237 0.0103 
30.7112 1.0000 2883.8934 0.3474 0.1439 -0.2973 3.0592 6.0000 0.9673 0.0107 
30.6450 1.0000 2828.8934 0.3535 0.1474 -0.3058 3.0728 6.0000 0.9555 0.0128 
30.7688 1.0000 2896.7835 0.3518 0.1446 -0.3012 3.0647 6.0000 1.3662 0.0123 
30.7226 1.0000 2862.6565 0.3493 0.1415 -0.3017 3.0552 6.0000 1.3173 0.0123 
30.6646 1.0000 2850.0568 0.3543 0.1465 -0.3036 3.0647 6.0000 0.9665 0.0116 
30.6230 1.0000 2820.0551 0.3480 0.1438 -0.3009 3.0599 6.0000 0.7027 0.0099 
30.7851 1.0000 2902.0776 0.3450 0.1411 -0.2919 3.0593 6.0000 0.9218 0.0110 
30.7063 1.0000 2862.6793 0.3497 0.1439 -0.2962 3.0559 6.0000 1.0110 0.0100 
30.7177 1.0000 2875.3105 0.3472 0.1455 -0.2912 3.0597 6.0000 1.1858 0.0103 
30.7688 1.0000 2901.8983 0.3464 0.1438 -0.2882 3.0589 6.0000 1.1413 0.0100 
30.7823 1.0000 2899.5940 0.3481 0.1433 -0.2952 3.0603 6.0000 0.9234 0.0124 
30.7561 1.0000 2899.4334 0.3481 0.1451 -0.2881 3.0649 6.0000 0.9648 0.0117 
30.6940 1.0000 2873.5343 0.3442 0.1423 -0.2946 3.0653 6.0000 1.0533 0.0138 
30.7083 1.0000 2855.9902 0.3497 0.1451 -0.2984 3.0736 6.0000 1.0544 0.0111 
30.7292 1.0000 2865.6777 0.3423 0.1417 -0.2974 3.0586 6.0000 1.3224 0.0107 
30.6732 1.0000 2838.6389 0.3552 0.1489 -0.3033 3.0723 6.0000 1.4318 0.0107 
30.7708 1.0000 2894.5180 0.3487 0.1433 -0.2953 3.0637 6.0000 0.9207 0.0107 
30.7496 1.0000 2888.1438 0.3423 0.1425 -0.2884 3.0505 6.0000 0.9242 0.0128 
30.7790 1.0000 2897.8096 0.3435 0.1413 -0.2934 3.0629 6.0000 0.9235 0.0128 
30.6769 1.0000 2847.6299 0.3492 0.1444 -0.3009 3.0624 5.0000 1.2785 0.0136 
30.7051 1.0000 2850.9126 0.3571 0.1473 -0.3050 3.0675 6.0000 1.1435 0.0124 
30.7279 1.0000 2871.5735 0.3462 0.1433 -0.2930 3.0603 6.0000 0.6595 0.0124 
30.6646 1.0000 2844.8926 0.3512 0.1450 -0.3059 3.0626 6.0000 0.9268 0.0131 
30.7443 1.0000 2883.0478 0.3445 0.1434 -0.2965 3.0611 6.0000 1.0548 0.0122 
30.7582 1.0000 2890.6450 0.3545 0.1460 -0.3015 3.0660 6.0000 0.9685 0.0098 
30.6793 1.0000 2850.1001 0.3469 0.1440 -0.2969 3.0671 6.0000 1.3131 0.0122 
30.7141 1.0000 2863.2884 0.3504 0.1461 -0.2926 3.0588 6.0000 1.5767 0.0133 
30.6924 1.0000 2856.0641 0.3499 0.1432 -0.3024 3.0592 6.0000 1.2765 0.0101 
30.6998 1.0000 2864.7288 0.3466 0.1442 -0.2924 3.0602 6.0000 0.8814 0.0101 
30.7063 1.0000 2867.9420 0.3508 0.1452 -0.2981 3.0641 5.0000 0.6599 0.0124 
30.6683 1.0000 2838.1250 0.3472 0.1434 -0.3028 3.0622 6.0000 1.0918 0.0128 
30.6479 1.0000 2839.7712 0.3584 0.1481 -0.3043 3.0743 6.0000 1.2704 0.0128 
30.6855 1.0000 2869.3117 0.3550 0.1445 -0.3065 3.0623 6.0000 0.9092 0.0128 
30.7071 1.0000 2861.2761 0.3497 0.1435 -0.2998 3.0643 5.0000 0.9669 0.0152 
30.7124 1.0000 2862.0123 0.3434 0.1451 -0.2921 3.0657 6.0000 0.6606 0.0126 
30.7234 1.0000 2866.5743 0.3487 0.1453 -0.2938 3.0633 6.0000 1.0989 0.0109 
30.7835 1.0000 2892.5547 0.3512 0.1451 -0.2974 3.0627 6.0000 1.0549 0.0109 
30.7766 1.0000 2900.2958 0.3520 0.1446 -0.3004 3.0615 5.0000 0.9690 0.0106 
30.7324 1.0000 2861.0788 0.3561 0.1478 -0.3026 3.0666 6.0000 1.5858 0.0116 
30.6793 1.0000 2854.5200 0.3550 0.1467 -0.3044 3.0686 6.0000 1.4959 0.0123 
30.6932 1.0000 2867.7169 0.3509 0.1481 -0.2920 3.0682 6.0000 0.9662 0.0123 
30.7136 1.0000 2864.6033 0.3501 0.1453 -0.3034 3.0611 6.0000 1.0551 0.0122 
30.6928 1.0000 2870.6405 0.3480 0.1439 -0.2894 3.0659 6.0000 1.0999 0.0097 
30.6998 1.0000 2871.6618 0.3509 0.1464 -0.2936 3.0637 6.0000 0.9675 0.0124 
30.6217 1.0000 2833.3693 0.3492 0.1456 -0.2972 3.0663 7.0000 0.6607 0.0092 
30.7525 1.0000 2893.3529 0.3494 0.1458 -0.2966 3.0617 6.0000 0.9645 0.0116 
30.7096 1.0000 2878.6389 0.3505 0.1466 -0.2961 3.0656 6.0000 1.3166 0.0128 
30.7614 1.0000 2882.5854 0.3480 0.1446 -0.2970 3.0664 6.0000 1.3158 0.0103 
30.7087 1.0000 2874.0911 0.3487 0.1470 -0.2930 3.0682 6.0000 0.9704 0.0100 
30.7312 1.0000 2877.6908 0.3548 0.1461 -0.3030 3.0584 6.0000 1.0088 0.0094 
30.7092 1.0000 2878.7725 0.3423 0.1429 -0.2860 3.0628 6.0000 1.0537 0.0106 
30.7892 1.0000 2908.2602 0.3483 0.1453 -0.2887 3.0609 6.0000 0.8641 0.0098 
30.7108 1.0000 2862.8836 0.3498 0.1439 -0.3003 3.0652 6.0000 1.0078 0.0123 
30.7055 1.0000 2874.2055 0.3506 0.1453 -0.2974 3.0630 6.0000 0.9670 0.0132 
30.8023 1.0000 2905.9334 0.3435 0.1417 -0.2926 3.0509 7.0000 1.0104 0.0130 
30.7296 1.0000 2864.8529 0.3479 0.1456 -0.2924 3.0668 6.0000 1.0106 0.0118 
30.6936 1.0000 2853.6401 0.3500 0.1452 -0.2954 3.0672 6.0000 0.9694 0.0118 
30.7688 1.0000 2901.5462 0.3585 0.1440 -0.3118 3.0527 6.0000 1.0129 0.0118 
30.7782 1.0000 2912.9379 0.3405 0.1409 -0.2863 3.0602 6.0000 1.0118 0.0118 
30.7100 1.0000 2864.5257 0.3443 0.1422 -0.2961 3.0568 6.0000 0.6606 0.0118 
30.7970 1.0000 2896.8844 0.3543 0.1459 -0.3019 3.0614 6.0000 1.0541 0.0118 
30.7610 1.0000 2889.6818 0.3412 0.1409 -0.2888 3.0610 6.0000 1.0543 0.0118 
30.7839 1.0000 2890.6025 0.3515 0.1453 -0.2968 3.0585 6.0000 1.0073 0.0118 
30.6810 1.0000 2849.6850 0.3482 0.1461 -0.2929 3.0675 6.0000 1.0056 0.0118 
30.6867 1.0000 2854.8011 0.3512 0.1448 -0.3024 3.0655 6.0000 1.0129 0.0118 
30.7234 1.0000 2879.1336 0.3513 0.1453 -0.2964 3.0624 6.0000 0.9693 0.0118 
