30.9461 1.0000 2967.0219 0.3874 0.1506 -0.2795 3.2905 7.0000 18.9707 0.0054 
30.9293 1.0000 2958.8429 0.3910 0.1534 -0.2781 3.3007 7.0000 18.8803 0.0054 
30.9428 1.0000 2962.5637 0.3954 0.1536 -0.2831 3.2925 7.0000 16.9541 0.0054 
30.9432 1.0000 2966.3435 0.3903 0.1541 -0.2741 3.2992 7.0000 16.7701 0.0054 
30.9800 1.0000 2980.5643 0.3884 0.1506 -0.2808 3.2884 7.0000 19.0555 0.0047 
30.9416 1.0000 2965.8821 0.3932 0.1491 -0.2865 3.2993 7.0000 18.9675 0.0047 
30.9369 1.0000 2965.6897 0.3925 0.1550 -0.2738 3.2968 7.0000 18.4860 0.0043 
30.9442 1.0000 2968.1601 0.3941 0.1530 -0.2838 3.2927 8.0000 18.7488 0.0055 
30.9688 1.0000 2976.8435 0.3911 0.1508 -0.2819 3.3002 7.0000 17.4405 0.0054 
30.9694 1.0000 2975.7772 0.3947 0.1508 -0.2861 3.2974 7.0000 16.2441 0.0034 
30.9373 1.0000 2963.6029 0.3875 0.1468 -0.2818 3.2938 7.0000 16.9474 0.0054 
30.9524 1.0000 2970.6156 0.3895 0.1514 -0.2809 3.2963 7.0000 2.1104 0.0056 
30.9422 1.0000 2965.8924 0.3887 0.1509 -0.2735 3.2941 7.0000 2.9469 0.0045 
30.9661 1.0000 2973.5545 0.3955 0.1496 -0.2930 3.2815 7.0000 2.4169 0.0052 
30.9158 1.0000 2951.5668 0.3912 0.1535 -0.2798 3.2924 7.0000 3.4734 0.0045 
30.9189 1.0000 2955.2623 0.3905 0.1538 -0.2750 3.3030 7.0000 2.4154 0.0045 
30.9328 1.0000 2954.0143 0.3962 0.1547 -0.2809 3.2997 8.0000 5.9967 0.0044 
30.9363 1.0000 2962.1650 0.3903 0.1526 -0.2765 3.2930 7.0000 5.0749 0.0052 
30.9383 1.0000 2969.0419 0.3927 0.1504 -0.2821 3.2914 7.0000 7.6146 0.0044 
30.9567 1.0000 2972.4998 0.3932 0.1514 -0.2864 3.2972 7.0000 8.2124 0.0052 
30.9547 1.0000 2969.5376 0.3887 0.1507 -0.2752 3.2886 7.0000 7.9841 0.0052 
30.9134 1.0000 2953.1283 0.3904 0.1508 -0.2839 3.2926 7.0000 7.4007 0.0044 
30.9469 1.0000 2968.3203 0.3938 0.1500 -0.2866 3.2905 7.0000 3.2078 0.0049 
30.9487 1.0000 2969.2917 0.3920 0.1532 -0.2774 3.3011 8.0000 3.0343 0.0049 
30.9056 1.0000 2953.1440 0.3872 0.1499 -0.2791 3.2945 7.0000 4.1750 0.0050 
30.9254 1.0000 2958.2437 0.3916 0.1482 -0.2877 3.2873 7.0000 3.1228 0.0050 
30.9493 1.0000 2969.9013 0.3924 0.1518 -0.2816 3.2986 7.0000 3.2469 0.0041 
30.9269 1.0000 2959.9847 0.3910 0.1509 -0.2782 3.2976 7.0000 2.6435 0.0052 
30.9526 1.0000 2969.1671 0.3915 0.1496 -0.2833 3.2918 7.0000 3.4716 0.0052 
30.9416 1.0000 2967.3372 0.3870 0.1490 -0.2812 3.2930 7.0000 8.1300 0.0040 
30.9440 1.0000 2967.3909 0.3885 0.1506 -0.2759 3.2922 8.0000 5.9479 0.0045 
30.9436 1.0000 2966.2884 0.3902 0.1510 -0.2823 3.2916 7.0000 6.6545 0.0040 
30.9346 1.0000 2965.0831 0.3919 0.1499 -0.2858 3.2936 7.0000 6.5497 0.0040 
30.9338 1.0000 2963.0306 0.3927 0.1493 -0.2878 3.2938 7.0000 2.2437 0.0045 
30.9608 1.0000 2976.6072 0.3932 0.1515 -0.2806 3.2894 7.0000 3.1195 0.0045 
30.9334 1.0000 2963.8397 0.3947 0.1532 -0.2849 3.2999 7.0000 3.2016 0.0040 
30.9532 1.0000 2971.0929 0.3908 0.1516 -0.2774 3.2953 7.0000 4.2663 0.0052 
30.9244 1.0000 2960.8127 0.3922 0.1510 -0.2821 3.2885 7.0000 4.2191 0.0045 
30.9485 1.0000 2967.1836 0.3932 0.1536 -0.2810 3.2946 8.0000 3.5200 0.0045 
30.9630 1.0000 2975.6033 0.3885 0.1507 -0.2803 3.2937 8.0000 3.7207 0.0045 
30.9753 1.0000 2980.8413 0.3870 0.1506 -0.2742 3.2940 7.0000 4.2561 0.0045 
30.9269 1.0000 2960.7422 0.3898 0.1500 -0.2808 3.2910 7.0000 3.5948 0.0045 
30.9263 1.0000 2961.8286 0.3902 0.1520 -0.2791 3.2958 7.0000 4.4129 0.0045 
30.9465 1.0000 2965.7379 0.3931 0.1500 -0.2872 3.2906 7.0000 4.3468 0.0045 
30.9487 1.0000 2969.7774 0.3917 0.1502 -0.2817 3.2944 7.0000 2.6294 0.0048 
30.9630 1.0000 2975.9465 0.3907 0.1495 -0.2813 3.2891 7.0000 3.1677 0.0041 
30.9261 1.0000 2955.2970 0.3895 0.1495 -0.2835 3.2863 7.0000 2.1528 0.0045 
30.9465 1.0000 2969.7214 0.3892 0.1480 -0.2866 3.2957 7.0000 3.1669 0.0047 
30.9471 1.0000 2968.7678 0.3875 0.1475 -0.2846 3.2932 8.0000 3.2086 0.0045 
30.9224 1.0000 2958.8201 0.3900 0.1487 -0.2830 3.2934 7.0000 4.5995 0.0042 
30.9712 1.0000 2979.2126 0.3944 0.1498 -0.2877 3.2871 7.0000 5.2885 0.0042 
30.9414 1.0000 2966.6303 0.3921 0.1508 -0.2785 3.2885 7.0000 6.8615 0.0042 
30.9424 1.0000 2968.4034 0.3904 0.1510 -0.2814 3.2974 7.0000 7.1039 0.0053 
30.9532 1.0000 2972.4694 0.3923 0.1513 -0.2821 3.2946 8.0000 7.2499 0.0042 
30.9371 1.0000 2965.8879 0.3918 0.1537 -0.2783 3.3001 7.0000 6.7997 0.0053 
30.9473 1.0000 2970.1040 0.3889 0.1474 -0.2854 3.2856 7.0000 2.2400 0.0046 
30.9596 1.0000 2971.8084 0.3903 0.1500 -0.2845 3.2915 7.0000 3.2440 0.0044 
30.9459 1.0000 2967.7330 0.3909 0.1534 -0.2777 3.2971 7.0000 3.1263 0.0043 
30.9400 1.0000 2965.9675 0.3933 0.1522 -0.2805 3.2962 7.0000 2.1567 0.0046 
30.9573 1.0000 2972.7290 0.3920 0.1506 -0.2815 3.2952 7.0000 3.0779 0.0039 
30.9222 1.0000 2955.3815 0.3947 0.1513 -0.2822 3.3022 7.0000 2.8760 0.0056 
30.9308 1.0000 2962.6215 0.3901 0.1524 -0.2772 3.2979 8.0000 8.2959 0.0045 
30.9481 1.0000 2969.1571 0.3933 0.1514 -0.2807 3.2925 7.0000 8.6855 0.0051 
30.9712 1.0000 2976.2463 0.3913 0.1522 -0.2774 3.2907 7.0000 8.5978 0.0054 
30.9299 1.0000 2963.1767 0.3901 0.1522 -0.2766 3.2999 8.0000 8.0240 0.0052 
30.9446 1.0000 2968.5090 0.3905 0.1522 -0.2775 3.2935 7.0000 8.1906 0.0056 
30.9500 1.0000 2969.9526 0.3881 0.1477 -0.2812 3.2895 7.0000 3.3830 0.0043 
30.9522 1.0000 2971.4436 0.3892 0.1526 -0.2748 3.2964 8.0000 3.2130 0.0044 
30.9453 1.0000 2968.3317 0.3905 0.1504 -0.2825 3.2964 8.0000 3.3414 0.0044 
30.9649 1.0000 2975.7964 0.3938 0.1505 -0.2850 3.2909 7.0000 3.2562 0.0039 
30.9287 1.0000 2959.5323 0.3945 0.1516 -0.2854 3.2955 7.0000 3.3389 0.0051 
30.9273 1.0000 2961.5231 0.3879 0.1490 -0.2819 3.2887 7.0000 2.1972 0.0047 
30.9146 1.0000 2953.5952 0.3934 0.1533 -0.2834 3.2945 8.0000 3.4652 0.0040 
30.9406 1.0000 2964.6360 0.3884 0.1486 -0.2794 3.2950 7.0000 2.3319 0.0045 
30.9191 1.0000 2953.4589 0.3904 0.1477 -0.2877 3.2882 7.0000 3.3396 0.0040 
30.9485 1.0000 2969.6346 0.3898 0.1511 -0.2791 3.2905 8.0000 3.0791 0.0041 
30.9542 1.0000 2971.3113 0.3922 0.1504 -0.2837 3.2925 7.0000 3.2552 0.0047 
30.9502 1.0000 2967.7104 0.3964 0.1517 -0.2888 3.3000 7.0000 3.2992 0.0038 
30.9508 1.0000 2970.9757 0.3925 0.1543 -0.2766 3.2939 7.0000 3.2968 0.0045 
30.9651 1.0000 2978.0098 0.3897 0.1505 -0.2806 3.2895 7.0000 3.2968 0.0045 
30.9291 1.0000 2961.2800 0.3917 0.1494 -0.2865 3.2995 8.0000 3.2407 0.0039 
30.9406 1.0000 2964.0609 0.3940 0.1537 -0.2841 3.2993 7.0000 3.3288 0.0044 
30.9616 1.0000 2974.4781 0.3913 0.1511 -0.2817 3.2979 7.0000 2.2401 0.0058 
30.9483 1.0000 2967.3433 0.3903 0.1511 -0.2790 3.2984 7.0000 2.2841 0.0042 
30.9628 1.0000 2975.4884 0.3859 0.1506 -0.2753 3.2904 7.0000 3.2969 0.0050 
30.9587 1.0000 2973.5310 0.3870 0.1488 -0.2778 3.2988 7.0000 3.3641 0.0046 
30.9422 1.0000 2965.3405 0.3906 0.1518 -0.2805 3.2970 7.0000 3.2572 0.0036 
30.9681 1.0000 2975.9692 0.3922 0.1500 -0.2865 3.2948 6.0000 3.2802 0.0051 
30.9083 1.0000 2952.2947 0.3895 0.1514 -0.2799 3.2907 7.0000 3.2522 0.0048 
30.9477 1.0000 2968.1928 0.3923 0.1490 -0.2841 3.2936 7.0000 2.2842 0.0049 
30.9475 1.0000 2969.1750 0.3852 0.1473 -0.2815 3.2864 7.0000 3.6965 0.0049 
30.9657 1.0000 2977.1340 0.3913 0.1513 -0.2789 3.2912 7.0000 2.3719 0.0049 
30.9504 1.0000 2970.6019 0.3904 0.1519 -0.2835 3.3016 7.0000 3.2570 0.0049 
30.9563 1.0000 2970.3141 0.3930 0.1509 -0.2858 3.2873 7.0000 3.3870 0.0049 
30.9312 1.0000 2963.6712 0.3915 0.1515 -0.2797 3.2872 7.0000 2.2017 0.0049 
30.9434 1.0000 2968.1779 0.3917 0.1507 -0.2840 3.2902 7.0000 3.3006 0.0049 
30.9743 1.0000 2978.7045 0.3870 0.1465 -0.2843 3.2927 7.0000 3.3008 0.0049 
30.9297 1.0000 2961.9781 0.3886 0.1510 -0.2801 3.3020 7.0000 3.2140 0.0049 
30.9371 1.0000 2962.6346 0.3900 0.1513 -0.2812 3.2882 7.0000 3.2978 0.0049 
30.9355 1.0000 2965.2786 0.3951 0.1507 -0.2860 3.2938 7.0000 3.3431 0.0049 
