30.4158 1.0000 2767.1912 0.4373 0.2179 -0.2612 2.8796 5.0000 1.5492 0.0228 
30.4093 1.0000 2756.2190 0.4278 0.2195 -0.2530 2.8884 5.0000 1.5493 0.0248 
30.4910 1.0000 2814.5163 0.4446 0.2174 -0.2792 2.8724 5.0000 1.5494 0.0248 
30.4493 1.0000 2761.4804 0.4339 0.2182 -0.2630 2.8947 5.0000 1.5541 0.0248 
30.3309 1.0000 2760.1953 0.4415 0.2161 -0.2721 2.8785 5.0000 1.5504 0.0248 
30.4453 1.0000 2797.2377 0.4564 0.2287 -0.2763 2.8975 6.0000 1.5503 0.0248 
30.4608 1.0000 2793.3652 0.4512 0.2201 -0.2787 2.8725 5.0000 1.3722 0.0216 
30.4167 1.0000 2767.0376 0.4402 0.2191 -0.2727 2.8797 5.0000 1.4164 0.0248 
30.2998 1.0000 2720.6814 0.4489 0.2211 -0.2856 2.8753 5.0000 1.3760 0.0209 
30.3325 1.0000 2715.5596 0.4423 0.2234 -0.2723 2.9045 5.0000 1.4704 0.0248 
30.3799 1.0000 2741.6699 0.4538 0.2238 -0.2909 2.8868 6.0000 1.5027 0.0248 
30.3938 1.0000 2737.4404 0.4474 0.2242 -0.2728 2.8907 5.0000 0.2480 0.0201 
30.3333 1.0000 2741.4886 0.4361 0.2157 -0.2812 2.8818 5.0000 0.2527 0.0205 
30.4248 1.0000 2774.0310 0.4408 0.2224 -0.2645 2.8750 5.0000 0.6388 0.0228 
30.4559 1.0000 2801.4959 0.4432 0.2168 -0.2771 2.8802 5.0000 0.7677 0.0212 
30.1912 1.0000 2684.0319 0.4476 0.2255 -0.2795 2.9093 5.0000 0.9057 0.0299 
30.4183 1.0000 2800.2516 0.4341 0.2185 -0.2512 2.8817 5.0000 1.2628 0.0295 
30.3203 1.0000 2739.7247 0.4362 0.2172 -0.2670 2.8806 5.0000 0.9998 0.0235 
30.4289 1.0000 2782.0580 0.4300 0.2200 -0.2460 2.9027 6.0000 1.0021 0.0266 
30.2729 1.0000 2699.6397 0.4370 0.2188 -0.2817 2.8855 5.0000 1.0918 0.0286 
30.4191 1.0000 2764.2974 0.4435 0.2175 -0.2826 2.8743 5.0000 1.0009 0.0249 
30.4730 1.0000 2805.4175 0.4241 0.2142 -0.2530 2.8832 5.0000 0.2940 0.0212 
30.2214 1.0000 2692.0613 0.4361 0.2288 -0.2508 2.9038 5.0000 0.1776 0.0262 
30.4616 1.0000 2765.7075 0.4442 0.2230 -0.2731 2.8838 5.0000 0.3060 0.0235 
30.2925 1.0000 2721.4632 0.4211 0.2181 -0.2426 2.8974 6.0000 0.3052 0.0249 
30.3930 1.0000 2735.9592 0.4388 0.2245 -0.2726 2.8951 5.0000 0.2604 0.0232 
30.1944 1.0000 2679.5253 0.4293 0.2234 -0.2499 2.9103 5.0000 0.2636 0.0194 
30.4404 1.0000 2775.5343 0.4515 0.2248 -0.2693 2.8806 5.0000 0.2589 0.0253 
30.1846 1.0000 2672.8962 0.4402 0.2250 -0.2602 2.8987 5.0000 0.2668 0.0201 
30.3717 1.0000 2748.2124 0.4423 0.2222 -0.2719 2.8861 5.0000 0.4346 0.0201 
30.2802 1.0000 2693.7500 0.4525 0.2234 -0.2958 2.8907 5.0000 0.3955 0.0201 
30.3717 1.0000 2761.3472 0.4329 0.2216 -0.2510 2.8776 5.0000 0.2646 0.0251 
30.3309 1.0000 2714.3848 0.4384 0.2181 -0.2736 2.8797 5.0000 0.2650 0.0181 
30.2108 1.0000 2708.1740 0.4615 0.2277 -0.2926 2.8938 6.0000 0.4387 0.0217 
30.5343 1.0000 2833.6315 0.4413 0.2173 -0.2675 2.8652 5.0000 0.3074 0.0164 
30.4943 1.0000 2765.0359 0.4472 0.2214 -0.2904 2.8855 6.0000 0.2184 0.0227 
30.3807 1.0000 2741.1993 0.4400 0.2195 -0.2770 2.8852 5.0000 0.2640 0.0284 
30.3309 1.0000 2723.2925 0.4262 0.2166 -0.2591 2.8943 5.0000 0.3057 0.0240 
30.3186 1.0000 2724.3889 0.4348 0.2190 -0.2737 2.8771 5.0000 0.3065 0.0241 
30.3979 1.0000 2740.6225 0.4343 0.2203 -0.2682 2.8868 5.0000 0.2659 0.0198 
30.4755 1.0000 2779.7369 0.4420 0.2238 -0.2619 2.8813 5.0000 0.2182 0.0199 
30.5204 1.0000 2835.1364 0.4400 0.2204 -0.2547 2.8846 5.0000 0.4799 0.0226 
30.4616 1.0000 2809.4845 0.4466 0.2204 -0.2731 2.8779 5.0000 0.6547 0.0204 
30.3268 1.0000 2715.7859 0.4368 0.2222 -0.2665 2.9099 5.0000 0.5769 0.0226 
30.4273 1.0000 2791.5270 0.4324 0.2146 -0.2599 2.8838 5.0000 0.3057 0.0229 
30.5842 1.0000 2833.4714 0.4350 0.2202 -0.2530 2.8675 5.0000 0.2661 0.0244 
30.4788 1.0000 2814.2435 0.4511 0.2212 -0.2796 2.8739 5.0000 0.2655 0.0244 
30.2279 1.0000 2684.9534 0.4280 0.2179 -0.2621 2.8877 5.0000 0.2206 0.0198 
30.3595 1.0000 2728.2990 0.4446 0.2220 -0.2777 2.8994 6.0000 0.2661 0.0196 
30.4845 1.0000 2774.3652 0.4339 0.2141 -0.2765 2.8837 5.0000 0.3079 0.0231 
30.3342 1.0000 2717.3480 0.4444 0.2214 -0.2838 2.8816 5.0000 0.2192 0.0213 
30.3546 1.0000 2736.0654 0.4303 0.2162 -0.2644 2.8834 6.0000 0.3042 0.0231 
30.4665 1.0000 2786.6781 0.4501 0.2251 -0.2690 2.8969 5.0000 0.3070 0.0209 
30.3987 1.0000 2773.6748 0.4600 0.2252 -0.2833 2.8960 5.0000 0.3075 0.0197 
30.3309 1.0000 2739.7083 0.4323 0.2209 -0.2589 2.8886 5.0000 0.3101 0.0244 
30.4379 1.0000 2783.4779 0.4458 0.2218 -0.2722 2.8754 5.0000 0.3086 0.0244 
30.3913 1.0000 2743.7410 0.4401 0.2202 -0.2750 2.8865 5.0000 0.2191 0.0200 
30.3448 1.0000 2737.9730 0.4350 0.2155 -0.2752 2.8728 5.0000 0.2652 0.0268 
30.3529 1.0000 2742.6822 0.4453 0.2241 -0.2723 2.8925 5.0000 0.3092 0.0269 
30.4877 1.0000 2792.5915 0.4540 0.2288 -0.2747 2.9052 5.0000 0.3093 0.0269 
30.4763 1.0000 2778.4379 0.4317 0.2189 -0.2580 2.8798 5.0000 0.2699 0.0241 
30.3848 1.0000 2747.1511 0.4332 0.2178 -0.2648 2.8821 5.0000 0.1789 0.0221 
30.3031 1.0000 2729.1528 0.4386 0.2246 -0.2584 2.8921 5.0000 0.3091 0.0191 
30.4502 1.0000 2804.1773 0.4338 0.2212 -0.2501 2.8715 5.0000 0.2646 0.0241 
30.4134 1.0000 2779.3105 0.4425 0.2221 -0.2620 2.8752 5.0000 0.3080 0.0237 
30.4861 1.0000 2806.8668 0.4415 0.2215 -0.2608 2.8828 5.0000 0.2200 0.0269 
30.3456 1.0000 2708.6691 0.4406 0.2219 -0.2774 2.8837 5.0000 0.3071 0.0237 
30.4804 1.0000 2792.8080 0.4424 0.2228 -0.2595 2.8880 5.0000 0.3511 0.0258 
30.2753 1.0000 2705.3570 0.4388 0.2237 -0.2702 2.8953 6.0000 0.3508 0.0218 
30.2729 1.0000 2688.3987 0.4377 0.2220 -0.2660 2.9006 6.0000 0.3070 0.0199 
30.3881 1.0000 2767.0645 0.4413 0.2209 -0.2672 2.8917 5.0000 0.4832 0.0237 
30.4632 1.0000 2776.8791 0.4513 0.2198 -0.2772 2.8823 5.0000 0.6153 0.0239 
30.3554 1.0000 2722.5376 0.4359 0.2203 -0.2701 2.8849 6.0000 0.4839 0.0237 
30.5041 1.0000 2774.1961 0.4319 0.2197 -0.2692 2.8855 5.0000 0.3980 0.0239 
30.4314 1.0000 2757.2876 0.4422 0.2203 -0.2730 2.8833 5.0000 0.3062 0.0196 
30.4902 1.0000 2802.5343 0.4198 0.2224 -0.2196 2.8883 5.0000 0.2662 0.0234 
30.3660 1.0000 2762.9788 0.4427 0.2213 -0.2599 2.8921 6.0000 0.2184 0.0242 
30.4804 1.0000 2808.1748 0.4440 0.2164 -0.2804 2.8637 5.0000 0.2983 0.0227 
30.3039 1.0000 2745.7966 0.4467 0.2203 -0.2847 2.8932 6.0000 0.2800 0.0199 
30.4224 1.0000 2788.5907 0.4378 0.2204 -0.2663 2.8659 5.0000 0.3073 0.0185 
30.4788 1.0000 2777.1013 0.4515 0.2232 -0.2789 2.8798 5.0000 0.3068 0.0260 
30.4812 1.0000 2791.1029 0.4438 0.2253 -0.2601 2.8932 5.0000 0.3050 0.0284 
30.3619 1.0000 2744.9592 0.4456 0.2228 -0.2679 2.8865 5.0000 0.2179 0.0227 
30.4493 1.0000 2764.4845 0.4314 0.2225 -0.2464 2.8891 5.0000 0.3073 0.0242 
30.3668 1.0000 2742.6667 0.4373 0.2221 -0.2626 2.8965 5.0000 0.3075 0.0260 
30.4306 1.0000 2765.1307 0.4380 0.2223 -0.2557 2.9031 5.0000 0.3923 0.0270 
30.3758 1.0000 2742.9485 0.4290 0.2151 -0.2599 2.8726 5.0000 0.3949 0.0250 
30.3954 1.0000 2744.1144 0.4361 0.2243 -0.2557 2.8784 5.0000 0.3073 0.0230 
30.3513 1.0000 2737.5515 0.4421 0.2266 -0.2599 2.8897 5.0000 0.1789 0.0246 
30.3962 1.0000 2737.2680 0.4450 0.2261 -0.2785 2.8814 5.0000 0.3070 0.0230 
30.3399 1.0000 2722.9542 0.4367 0.2230 -0.2640 2.8911 5.0000 0.3078 0.0230 
30.5229 1.0000 2799.7998 0.4381 0.2187 -0.2619 2.8885 5.0000 0.2107 0.0250 
30.2990 1.0000 2704.4583 0.4367 0.2230 -0.2706 2.8921 5.0000 0.3031 0.0230 
30.2737 1.0000 2721.7606 0.4457 0.2256 -0.2684 2.8957 5.0000 0.3089 0.0230 
30.2296 1.0000 2688.3856 0.4335 0.2225 -0.2545 2.8926 5.0000 0.3095 0.0230 
30.3513 1.0000 2714.9657 0.4416 0.2144 -0.2947 2.8792 6.0000 0.3029 0.0230 
30.3284 1.0000 2739.4542 0.4390 0.2233 -0.2663 2.8915 5.0000 0.3075 0.0230 
30.2704 1.0000 2697.2712 0.4371 0.2255 -0.2541 2.9027 5.0000 0.2580 0.0230 
30.3701 1.0000 2743.8897 0.4299 0.2202 -0.2476 2.8764 6.0000 0.3072 0.0230 
30.3864 1.0000 2750.9845 0.4375 0.2171 -0.2780 2.8686 5.0000 0.3071 0.0230 
