30.9447 11.0000 2967.4652 0.3882 0.1524 -0.2715 3.2462 6.0000 11.6582 0.0043 
30.8800 11.0000 2935.7470 0.3938 0.1548 -0.2830 3.2629 7.0000 14.4666 0.0043 
30.8861 11.0000 2947.8200 0.3951 0.1555 -0.2847 3.2592 6.0000 12.0842 0.0043 
30.9118 11.0000 2957.3333 0.3871 0.1540 -0.2767 3.2495 7.0000 14.0719 0.0043 
30.9321 11.0000 2959.0726 0.3927 0.1546 -0.2830 3.2534 8.0000 14.8637 0.0049 
30.9024 11.0000 2952.1340 0.3911 0.1563 -0.2775 3.2590 7.0000 15.2133 0.0043 
30.9167 11.0000 2948.3693 0.3952 0.1553 -0.2845 3.2625 7.0000 14.7318 0.0064 
30.9290 11.0000 2959.1545 0.3904 0.1523 -0.2835 3.2469 7.0000 13.9840 0.0060 
30.9302 11.0000 2962.3700 0.3900 0.1557 -0.2767 3.2472 7.0000 13.8094 0.0050 
30.8978 11.0000 2944.9657 0.3899 0.1523 -0.2815 3.2593 7.0000 12.2882 0.0043 
30.8947 11.0000 2948.5273 0.3910 0.1518 -0.2850 3.2532 6.0000 11.9221 0.0064 
30.9318 11.0000 2964.8109 0.3913 0.1545 -0.2800 3.2608 7.0000 1.6694 0.0063 
30.9339 11.0000 2965.3240 0.3972 0.1562 -0.2880 3.2584 8.0000 1.5814 0.0049 
30.8891 11.0000 2948.7059 0.3915 0.1541 -0.2855 3.2495 7.0000 1.5829 0.0058 
30.9013 11.0000 2949.3611 0.3885 0.1547 -0.2764 3.2643 7.0000 2.1981 0.0069 
30.9526 11.0000 2969.9897 0.3904 0.1545 -0.2820 3.2568 7.0000 2.4156 0.0069 
30.9227 11.0000 2959.8114 0.3872 0.1511 -0.2797 3.2497 7.0000 3.7343 0.0061 
30.9104 11.0000 2952.1702 0.3903 0.1536 -0.2819 3.2617 7.0000 4.1795 0.0061 
30.9349 11.0000 2964.0432 0.3962 0.1530 -0.2901 3.2502 7.0000 5.0294 0.0061 
30.9062 11.0000 2950.9323 0.3887 0.1522 -0.2854 3.2459 7.0000 5.5565 0.0055 
30.9050 11.0000 2954.0549 0.3901 0.1510 -0.2823 3.2601 7.0000 5.2636 0.0056 
30.8919 11.0000 2945.9841 0.3904 0.1528 -0.2843 3.2537 7.0000 4.8849 0.0056 
30.9346 11.0000 2963.0570 0.3920 0.1529 -0.2849 3.2532 7.0000 1.6720 0.0053 
30.9076 11.0000 2953.2715 0.3920 0.1530 -0.2853 3.2532 8.0000 2.4656 0.0053 
30.8739 11.0000 2943.4171 0.3903 0.1538 -0.2807 3.2584 6.0000 2.5063 0.0049 
30.9297 11.0000 2961.6562 0.3936 0.1553 -0.2806 3.2553 7.0000 2.2838 0.0053 
30.8987 11.0000 2951.3114 0.3902 0.1528 -0.2844 3.2631 7.0000 2.4578 0.0043 
30.9162 11.0000 2954.9846 0.3942 0.1521 -0.2894 3.2532 7.0000 2.6655 0.0043 
30.9143 11.0000 2956.8777 0.3921 0.1541 -0.2830 3.2628 7.0000 3.1727 0.0055 
30.9323 11.0000 2964.1529 0.3917 0.1516 -0.2868 3.2490 7.0000 3.4168 0.0045 
30.9528 11.0000 2971.3452 0.3923 0.1550 -0.2838 3.2591 7.0000 4.0972 0.0047 
30.9143 11.0000 2956.1828 0.3906 0.1551 -0.2793 3.2605 8.0000 3.8949 0.0052 
30.9237 11.0000 2958.0100 0.3921 0.1502 -0.2906 3.2485 7.0000 3.7379 0.0052 
30.9213 11.0000 2957.8707 0.3908 0.1556 -0.2778 3.2553 7.0000 1.6750 0.0043 
30.9339 11.0000 2964.1022 0.3905 0.1530 -0.2831 3.2536 7.0000 2.5073 0.0060 
30.9239 11.0000 2960.3779 0.3889 0.1547 -0.2768 3.2605 8.0000 2.4479 0.0060 
30.9524 11.0000 2972.5488 0.3927 0.1556 -0.2793 3.2517 6.0000 2.6332 0.0053 
30.9181 11.0000 2958.2951 0.3872 0.1510 -0.2845 3.2548 7.0000 4.0154 0.0042 
30.9435 11.0000 2965.3385 0.3952 0.1550 -0.2830 3.2527 7.0000 3.8269 0.0061 
30.9477 11.0000 2971.5801 0.3876 0.1509 -0.2773 3.2558 7.0000 4.4004 0.0047 
30.9400 11.0000 2965.4683 0.3885 0.1539 -0.2787 3.2526 6.0000 2.6404 0.0055 
30.9160 11.0000 2960.2113 0.3924 0.1538 -0.2851 3.2585 7.0000 2.5067 0.0055 
30.9269 11.0000 2963.9283 0.3918 0.1523 -0.2848 3.2486 7.0000 2.5527 0.0055 
30.9335 11.0000 2963.9456 0.3936 0.1557 -0.2797 3.2558 7.0000 2.4195 0.0044 
30.9573 11.0000 2979.1506 0.3901 0.1526 -0.2785 3.2467 8.0000 2.5926 0.0044 
30.9020 11.0000 2953.5105 0.3910 0.1530 -0.2835 3.2539 7.0000 1.7596 0.0046 
30.8903 11.0000 2946.2852 0.3926 0.1511 -0.2871 3.2540 6.0000 4.1780 0.0061 
30.8987 11.0000 2947.0030 0.3912 0.1552 -0.2821 3.2596 7.0000 4.2225 0.0057 
30.9409 11.0000 2968.4592 0.3880 0.1522 -0.2812 3.2541 7.0000 1.7565 0.0046 
30.9239 11.0000 2962.2668 0.3886 0.1510 -0.2859 3.2545 7.0000 2.5546 0.0056 
30.9178 11.0000 2956.1662 0.3907 0.1536 -0.2812 3.2594 6.0000 2.6803 0.0058 
30.9092 11.0000 2953.5212 0.3901 0.1532 -0.2809 3.2499 6.0000 2.8667 0.0052 
30.9234 11.0000 2958.3574 0.3870 0.1505 -0.2823 3.2496 7.0000 3.7575 0.0052 
30.9517 11.0000 2967.5577 0.3896 0.1542 -0.2790 3.2595 6.0000 4.0413 0.0052 
30.9232 11.0000 2959.0941 0.3966 0.1547 -0.2888 3.2557 7.0000 2.4570 0.0055 
30.9449 11.0000 2972.0271 0.3908 0.1523 -0.2832 3.2503 8.0000 2.5945 0.0055 
30.9442 11.0000 2965.0602 0.3897 0.1545 -0.2790 3.2556 7.0000 1.7171 0.0057 
30.8992 11.0000 2944.2073 0.3929 0.1534 -0.2880 3.2533 7.0000 2.9441 0.0057 
30.9118 11.0000 2951.4981 0.3857 0.1501 -0.2836 3.2563 7.0000 2.6377 0.0053 
30.9125 11.0000 2956.4785 0.3902 0.1528 -0.2827 3.2571 7.0000 2.6413 0.0059 
30.9083 11.0000 2955.4146 0.3916 0.1561 -0.2767 3.2587 7.0000 2.6223 0.0050 
30.9248 11.0000 2960.0619 0.3918 0.1544 -0.2817 3.2586 6.0000 2.6421 0.0046 
30.9171 11.0000 2958.6909 0.3892 0.1517 -0.2799 3.2529 7.0000 2.5954 0.0056 
30.9325 11.0000 2962.1092 0.3903 0.1544 -0.2787 3.2570 8.0000 4.4453 0.0056 
30.9255 11.0000 2957.7063 0.3890 0.1525 -0.2827 3.2534 7.0000 6.0683 0.0056 
30.8957 11.0000 2948.0362 0.3882 0.1523 -0.2815 3.2572 7.0000 5.0591 0.0062 
30.9113 11.0000 2958.0439 0.3877 0.1529 -0.2740 3.2559 7.0000 4.6185 0.0062 
30.9218 11.0000 2962.7537 0.3857 0.1495 -0.2847 3.2485 7.0000 2.6381 0.0058 
30.9048 11.0000 2953.3704 0.3872 0.1521 -0.2776 3.2505 6.0000 2.6388 0.0052 
30.9101 11.0000 2957.5521 0.3945 0.1568 -0.2815 3.2549 6.0000 1.7146 0.0052 
30.9311 11.0000 2965.9094 0.3963 0.1550 -0.2822 3.2511 7.0000 2.6825 0.0055 
30.9442 11.0000 2971.9442 0.3902 0.1525 -0.2839 3.2575 7.0000 2.6823 0.0055 
30.9136 11.0000 2954.3875 0.3932 0.1553 -0.2810 3.2543 7.0000 2.6383 0.0060 
30.8964 11.0000 2953.1092 0.3894 0.1547 -0.2777 3.2537 7.0000 3.4482 0.0052 
30.8749 11.0000 2938.3646 0.3952 0.1555 -0.2834 3.2627 7.0000 6.4670 0.0052 
30.9085 11.0000 2954.0812 0.3915 0.1548 -0.2811 3.2540 7.0000 5.9854 0.0052 
30.9190 11.0000 2958.5910 0.3914 0.1540 -0.2793 3.2594 7.0000 5.1930 0.0052 
30.9080 11.0000 2953.8588 0.3928 0.1537 -0.2831 3.2576 7.0000 4.7490 0.0052 
30.9267 11.0000 2953.5054 0.3960 0.1552 -0.2876 3.2540 7.0000 2.6828 0.0053 
30.9265 11.0000 2962.8070 0.3906 0.1543 -0.2764 3.2543 8.0000 1.7581 0.0054 
30.9169 11.0000 2955.8562 0.3865 0.1504 -0.2822 3.2477 7.0000 2.6798 0.0061 
30.9174 11.0000 2958.7509 0.3898 0.1551 -0.2784 3.2502 7.0000 2.5973 0.0057 
30.9006 11.0000 2955.1242 0.3914 0.1531 -0.2825 3.2504 6.0000 2.6394 0.0053 
30.9272 11.0000 2962.5019 0.3949 0.1570 -0.2868 3.2518 7.0000 2.5971 0.0052 
30.9260 11.0000 2962.3877 0.3871 0.1522 -0.2799 3.2587 9.0000 2.5961 0.0059 
30.9414 11.0000 2965.9349 0.3921 0.1538 -0.2873 3.2576 7.0000 3.4708 0.0048 
30.8803 11.0000 2945.3107 0.3920 0.1536 -0.2815 3.2548 7.0000 5.1511 0.0059 
30.9262 11.0000 2960.7082 0.3876 0.1531 -0.2747 3.2580 7.0000 5.1051 0.0059 
30.9195 11.0000 2959.9841 0.3918 0.1513 -0.2890 3.2587 7.0000 5.1008 0.0061 
30.9230 11.0000 2958.1793 0.3899 0.1564 -0.2727 3.2589 8.0000 2.6845 0.0052 
30.9118 11.0000 2955.6282 0.3928 0.1530 -0.2840 3.2501 7.0000 1.7158 0.0052 
30.8992 11.0000 2947.0927 0.3994 0.1577 -0.2867 3.2564 7.0000 1.7554 0.0052 
30.9216 11.0000 2958.7383 0.3880 0.1543 -0.2771 3.2517 7.0000 2.6835 0.0052 
30.9260 11.0000 2956.8700 0.3937 0.1532 -0.2835 3.2574 7.0000 2.6818 0.0052 
30.9372 11.0000 2965.1123 0.3938 0.1537 -0.2877 3.2562 7.0000 2.6826 0.0052 
30.9052 11.0000 2950.2619 0.3891 0.1518 -0.2847 3.2488 7.0000 2.7675 0.0052 
30.9104 11.0000 2955.6751 0.3894 0.1531 -0.2789 3.2595 7.0000 3.9605 0.0052 
30.9101 11.0000 2953.2640 0.3956 0.1552 -0.2854 3.2498 8.0000 5.1925 0.0052 
30.8978 11.0000 2950.8294 0.3890 0.1536 -0.2784 3.2608 7.0000 3.5164 0.0052 
30.9248 11.0000 2960.3805 0.3885 0.1535 -0.2798 3.2624 7.0000 2.6824 0.0052 
