30.8829 1.0000 2940.3426 0.2389 0.0797 -0.2969 3.1328 6.0000 12.9318 0.0063 
30.9216 1.0000 2955.9442 0.2409 0.0796 -0.3020 3.1309 6.0000 13.5492 0.0052 
30.8935 1.0000 2943.0136 0.2385 0.0794 -0.3003 3.1335 7.0000 14.6783 0.0052 
30.8796 1.0000 2937.6209 0.2347 0.0788 -0.2943 3.1335 6.0000 12.2286 0.0052 
30.9344 1.0000 2959.5746 0.2392 0.0803 -0.2988 3.1309 7.0000 12.0987 0.0052 
30.8843 1.0000 2936.0803 0.2412 0.0791 -0.3032 3.1287 6.0000 13.4157 0.0062 
30.9414 1.0000 2964.3110 0.2389 0.0787 -0.2997 3.1297 6.0000 14.1095 0.0067 
30.8954 1.0000 2942.7342 0.2395 0.0801 -0.2979 3.1347 7.0000 14.2442 0.0063 
30.9213 1.0000 2957.2949 0.2393 0.0798 -0.2982 3.1342 6.0000 13.9401 0.0062 
30.9088 1.0000 2951.3889 0.2410 0.0794 -0.3010 3.1296 6.0000 14.0683 0.0047 
30.9071 1.0000 2944.5305 0.2381 0.0796 -0.2990 3.1256 7.0000 14.4159 0.0047 
30.8704 1.0000 2927.0586 0.2366 0.0785 -0.3000 3.1307 6.0000 2.4211 0.0058 
30.8807 1.0000 2934.7666 0.2379 0.0791 -0.3017 3.1311 6.0000 1.7153 0.0045 
30.8924 1.0000 2933.9703 0.2385 0.0791 -0.3026 3.1378 6.0000 2.3677 0.0062 
30.9401 1.0000 2965.7151 0.2362 0.0781 -0.2965 3.1312 7.0000 2.4134 0.0061 
30.8922 1.0000 2943.1566 0.2414 0.0790 -0.3023 3.1284 6.0000 3.2660 0.0058 
30.9191 1.0000 2956.1419 0.2381 0.0794 -0.2988 3.1315 6.0000 2.5028 0.0065 
30.9265 1.0000 2955.8892 0.2382 0.0791 -0.2993 3.1323 7.0000 2.5494 0.0058 
30.9044 1.0000 2942.7710 0.2347 0.0793 -0.2953 3.1340 6.0000 2.3346 0.0060 
30.9044 1.0000 2941.4243 0.2370 0.0788 -0.2984 3.1343 7.0000 4.0252 0.0057 
30.8870 1.0000 2939.8276 0.2383 0.0780 -0.3017 3.1318 6.0000 4.4138 0.0057 
30.9022 1.0000 2948.1816 0.2369 0.0781 -0.2998 3.1326 6.0000 4.0460 0.0056 
30.9466 1.0000 2963.7219 0.2405 0.0784 -0.3039 3.1258 7.0000 1.6279 0.0064 
30.9069 1.0000 2947.8960 0.2391 0.0792 -0.3014 3.1287 6.0000 2.3298 0.0066 
30.8943 1.0000 2939.6413 0.2369 0.0790 -0.2986 3.1314 7.0000 2.3738 0.0051 
30.9063 1.0000 2944.5542 0.2356 0.0790 -0.2984 3.1328 6.0000 2.3776 0.0065 
30.8981 1.0000 2946.2802 0.2393 0.0796 -0.3004 3.1324 6.0000 2.2861 0.0055 
30.9069 1.0000 2942.6089 0.2383 0.0795 -0.3003 3.1316 7.0000 2.6417 0.0064 
30.9011 1.0000 2948.3946 0.2356 0.0792 -0.2959 3.1333 6.0000 2.3773 0.0060 
30.9142 1.0000 2952.8175 0.2384 0.0798 -0.2980 3.1331 6.0000 2.5469 0.0066 
30.9115 1.0000 2951.2639 0.2366 0.0783 -0.2983 3.1280 6.0000 2.3761 0.0065 
30.9009 1.0000 2937.7228 0.2396 0.0787 -0.3025 3.1308 6.0000 2.5511 0.0060 
30.8824 1.0000 2937.4371 0.2402 0.0791 -0.3048 3.1299 6.0000 2.7227 0.0060 
30.8875 1.0000 2932.3946 0.2397 0.0798 -0.3003 3.1314 6.0000 2.3763 0.0056 
30.9167 1.0000 2952.3603 0.2371 0.0784 -0.2991 3.1318 6.0000 2.7477 0.0062 
30.9303 1.0000 2958.8472 0.2359 0.0799 -0.2945 3.1283 6.0000 2.8056 0.0072 
30.9164 1.0000 2949.3971 0.2387 0.0794 -0.3001 3.1327 6.0000 2.3542 0.0072 
30.8870 1.0000 2932.8336 0.2376 0.0798 -0.3007 3.1326 6.0000 1.6281 0.0062 
30.9003 1.0000 2944.0321 0.2397 0.0793 -0.3020 3.1397 6.0000 2.2420 0.0062 
30.8840 1.0000 2938.0044 0.2422 0.0801 -0.3055 3.1304 6.0000 2.4528 0.0048 
30.8862 1.0000 2934.0997 0.2379 0.0793 -0.3010 3.1337 7.0000 2.5064 0.0060 
30.9014 1.0000 2942.7685 0.2390 0.0793 -0.3000 3.1289 6.0000 2.5027 0.0062 
30.8815 1.0000 2936.8058 0.2381 0.0787 -0.3019 3.1331 6.0000 2.8251 0.0059 
30.9120 1.0000 2953.0923 0.2347 0.0789 -0.2944 3.1352 7.0000 2.9148 0.0059 
30.8657 1.0000 2932.8941 0.2396 0.0804 -0.2996 3.1336 7.0000 2.4573 0.0059 
30.8962 1.0000 2944.4891 0.2385 0.0798 -0.3005 3.1324 6.0000 2.4483 0.0060 
30.8965 1.0000 2948.6661 0.2358 0.0777 -0.2967 3.1265 6.0000 3.4402 0.0052 
30.8965 1.0000 2943.0068 0.2419 0.0807 -0.3012 3.1343 6.0000 4.0329 0.0051 
30.9390 1.0000 2963.4137 0.2386 0.0797 -0.2999 3.1324 6.0000 3.6362 0.0057 
30.8723 1.0000 2930.9946 0.2403 0.0792 -0.3051 3.1327 6.0000 2.5959 0.0052 
30.9009 1.0000 2949.8701 0.2352 0.0793 -0.2923 3.1330 6.0000 2.4606 0.0063 
30.8935 1.0000 2940.9060 0.2363 0.0782 -0.2994 3.1279 6.0000 2.4576 0.0060 
30.9055 1.0000 2950.3641 0.2401 0.0789 -0.3012 3.1312 6.0000 2.3724 0.0059 
30.8832 1.0000 2940.3755 0.2364 0.0798 -0.2977 3.1324 6.0000 2.3251 0.0060 
30.9020 1.0000 2943.6865 0.2384 0.0788 -0.3003 3.1310 6.0000 2.3291 0.0059 
30.9055 1.0000 2941.5408 0.2404 0.0794 -0.3022 3.1297 6.0000 1.6707 0.0053 
30.9099 1.0000 2952.4336 0.2359 0.0786 -0.2952 3.1308 6.0000 2.3760 0.0075 
30.9243 1.0000 2953.1503 0.2423 0.0795 -0.3046 3.1334 6.0000 1.5857 0.0066 
30.9273 1.0000 2958.6449 0.2391 0.0790 -0.2993 3.1295 6.0000 2.4661 0.0071 
30.9281 1.0000 2955.7473 0.2416 0.0783 -0.3039 3.1298 6.0000 2.3772 0.0074 
30.8908 1.0000 2943.7601 0.2404 0.0790 -0.3017 3.1321 6.0000 2.4954 0.0058 
30.9025 1.0000 2943.8162 0.2408 0.0786 -0.3033 3.1324 6.0000 2.5051 0.0061 
30.9036 1.0000 2946.8886 0.2388 0.0793 -0.3015 3.1317 6.0000 2.5059 0.0054 
30.8984 1.0000 2942.2489 0.2425 0.0804 -0.3050 3.1275 6.0000 3.4727 0.0069 
30.9001 1.0000 2941.0817 0.2384 0.0786 -0.3019 3.1321 6.0000 3.2981 0.0059 
30.9213 1.0000 2950.9491 0.2397 0.0784 -0.3033 3.1282 7.0000 2.4210 0.0061 
30.8548 1.0000 2919.7922 0.2377 0.0784 -0.3008 3.1337 6.0000 1.6704 0.0068 
30.8821 1.0000 2938.0686 0.2372 0.0788 -0.3011 3.1290 7.0000 1.7559 0.0069 
30.8570 1.0000 2921.2168 0.2413 0.0797 -0.3033 3.1325 7.0000 2.4601 0.0055 
30.8671 1.0000 2927.7565 0.2387 0.0801 -0.3003 3.1346 6.0000 1.7123 0.0048 
30.9085 1.0000 2941.9581 0.2383 0.0795 -0.3005 3.1344 7.0000 2.3764 0.0063 
30.9047 1.0000 2948.1571 0.2395 0.0803 -0.2992 3.1326 6.0000 2.5064 0.0063 
30.8992 1.0000 2948.7503 0.2351 0.0791 -0.2967 3.1336 6.0000 2.4607 0.0062 
30.9188 1.0000 2953.3576 0.2396 0.0789 -0.3024 3.1320 6.0000 1.6267 0.0058 
30.8745 1.0000 2931.9809 0.2375 0.0796 -0.3002 3.1378 7.0000 2.4191 0.0060 
30.8981 1.0000 2945.5153 0.2389 0.0791 -0.3009 3.1293 6.0000 2.4593 0.0060 
30.8734 1.0000 2934.1209 0.2386 0.0790 -0.3011 3.1328 6.0000 2.4169 0.0066 
30.8775 1.0000 2926.8595 0.2416 0.0792 -0.3074 3.1303 6.0000 2.4199 0.0063 
30.9180 1.0000 2952.2761 0.2371 0.0789 -0.2980 3.1277 6.0000 1.7141 0.0064 
30.9368 1.0000 2961.3066 0.2380 0.0797 -0.2988 3.1306 6.0000 2.5038 0.0044 
30.8911 1.0000 2941.9641 0.2362 0.0798 -0.2958 3.1335 6.0000 2.5500 0.0058 
30.9063 1.0000 2951.8034 0.2390 0.0790 -0.3003 3.1363 6.0000 3.3436 0.0058 
30.9036 1.0000 2949.2824 0.2378 0.0796 -0.2966 3.1345 6.0000 2.5543 0.0058 
30.8965 1.0000 2942.1206 0.2434 0.0800 -0.3054 3.1293 6.0000 2.4601 0.0057 
30.9006 1.0000 2948.4978 0.2338 0.0785 -0.2939 3.1292 6.0000 2.5069 0.0062 
30.8821 1.0000 2938.5466 0.2393 0.0799 -0.2996 3.1306 6.0000 2.8273 0.0059 
30.8960 1.0000 2946.1362 0.2368 0.0781 -0.2996 3.1295 7.0000 2.8989 0.0059 
30.8913 1.0000 2943.6471 0.2381 0.0790 -0.2989 3.1333 7.0000 2.8121 0.0059 
30.8903 1.0000 2935.9551 0.2370 0.0792 -0.2991 3.1302 6.0000 2.4201 0.0063 
30.9082 1.0000 2952.2996 0.2379 0.0790 -0.2985 3.1287 6.0000 2.4181 0.0057 
30.9088 1.0000 2949.0635 0.2377 0.0799 -0.2969 3.1311 6.0000 1.6704 0.0057 
30.9504 1.0000 2968.0275 0.2367 0.0781 -0.2986 3.1280 6.0000 2.4177 0.0057 
30.9074 1.0000 2946.9981 0.2413 0.0795 -0.3042 3.1316 6.0000 2.5086 0.0057 
30.9104 1.0000 2946.8094 0.2394 0.0796 -0.3013 3.1322 7.0000 2.4200 0.0057 
30.8943 1.0000 2944.7522 0.2363 0.0781 -0.2981 3.1316 6.0000 2.4638 0.0057 
30.9031 1.0000 2948.9474 0.2371 0.0782 -0.2997 3.1272 6.0000 2.5473 0.0057 
30.8881 1.0000 2941.6062 0.2344 0.0790 -0.2943 3.1325 6.0000 2.7286 0.0057 
30.8837 1.0000 2938.3243 0.2373 0.0783 -0.3004 3.1295 6.0000 3.4815 0.0057 
30.8922 1.0000 2942.5833 0.2393 0.0790 -0.3015 3.1331 6.0000 2.9523 0.0057 
30.9107 1.0000 2950.6639 0.2383 0.0790 -0.2991 3.1333 6.0000 2.5498 0.0057 
