30.9964 11.0000 2983.7102 0.2005 0.0589 -0.2835 3.2288 7.0000 29.6790 0.0033 
30.9898 11.0000 2981.0837 0.2040 0.0593 -0.2883 3.2285 6.0000 30.6050 0.0035 
30.9809 11.0000 2977.1866 0.1996 0.0589 -0.2829 3.2260 6.0000 32.4955 0.0035 
30.9871 11.0000 2980.0434 0.2026 0.0597 -0.2867 3.2277 7.0000 32.4922 0.0033 
30.9809 11.0000 2975.3353 0.2044 0.0598 -0.2907 3.2282 8.0000 30.9976 0.0030 
30.9951 11.0000 2983.6857 0.2042 0.0592 -0.2883 3.2294 7.0000 32.7137 0.0035 
31.0084 11.0000 2988.3186 0.2025 0.0590 -0.2876 3.2269 7.0000 30.6918 0.0035 
30.9887 11.0000 2982.0487 0.2001 0.0589 -0.2841 3.2284 7.0000 30.3409 0.0027 
30.9929 11.0000 2983.0866 0.2016 0.0594 -0.2858 3.2288 7.0000 30.7786 0.0035 
30.9884 11.0000 2981.5036 0.2034 0.0601 -0.2850 3.2295 7.0000 30.9114 0.0035 
30.9853 11.0000 2977.9858 0.2026 0.0595 -0.2868 3.2309 7.0000 32.7570 0.0034 
31.0015 11.0000 2985.6068 0.2027 0.0586 -0.2891 3.2295 7.0000 4.2516 0.0031 
30.9944 11.0000 2982.5817 0.2042 0.0589 -0.2891 3.2275 7.0000 4.7417 0.0032 
30.9811 11.0000 2977.4406 0.2014 0.0593 -0.2861 3.2292 7.0000 4.5176 0.0032 
30.9849 11.0000 2979.5537 0.2007 0.0588 -0.2853 3.2321 7.0000 3.6891 0.0029 
30.9784 11.0000 2976.4759 0.2030 0.0589 -0.2893 3.2303 7.0000 4.6573 0.0032 
30.9916 11.0000 2981.5568 0.2035 0.0602 -0.2874 3.2321 7.0000 8.8849 0.0031 
31.0036 11.0000 2987.8606 0.2009 0.0588 -0.2850 3.2310 7.0000 12.3982 0.0032 
30.9775 11.0000 2974.8437 0.2035 0.0599 -0.2898 3.2266 7.0000 13.8819 0.0030 
30.9933 11.0000 2983.6293 0.2006 0.0590 -0.2865 3.2272 7.0000 14.7270 0.0030 
30.9866 11.0000 2977.5205 0.1991 0.0591 -0.2842 3.2289 7.0000 14.5116 0.0030 
30.9880 11.0000 2980.4236 0.2027 0.0595 -0.2874 3.2312 7.0000 13.7210 0.0031 
30.9907 11.0000 2980.7972 0.2002 0.0589 -0.2853 3.2296 7.0000 4.9265 0.0026 
30.9864 11.0000 2980.9040 0.2025 0.0592 -0.2871 3.2302 7.0000 4.8529 0.0033 
30.9958 11.0000 2983.0350 0.2006 0.0589 -0.2853 3.2286 7.0000 3.4721 0.0027 
30.9862 11.0000 2980.0292 0.2038 0.0593 -0.2895 3.2296 8.0000 4.8177 0.0028 
30.9946 11.0000 2983.1619 0.2009 0.0587 -0.2839 3.2270 7.0000 4.9744 0.0032 
30.9886 11.0000 2980.8718 0.1996 0.0587 -0.2828 3.2297 7.0000 3.5563 0.0032 
30.9915 11.0000 2981.6814 0.2018 0.0594 -0.2861 3.2315 7.0000 4.6632 0.0031 
30.9947 11.0000 2981.5619 0.2033 0.0592 -0.2889 3.2292 7.0000 5.4938 0.0029 
30.9933 11.0000 2982.0347 0.2013 0.0586 -0.2881 3.2303 7.0000 6.2379 0.0029 
30.9987 11.0000 2983.4348 0.2016 0.0590 -0.2859 3.2289 7.0000 6.7032 0.0029 
31.0058 11.0000 2988.3312 0.2014 0.0584 -0.2854 3.2300 6.0000 6.7665 0.0029 
30.9847 11.0000 2978.2317 0.2017 0.0594 -0.2859 3.2298 7.0000 4.7509 0.0032 
31.0018 11.0000 2986.4510 0.2004 0.0582 -0.2859 3.2272 7.0000 3.8708 0.0033 
30.9985 11.0000 2984.7008 0.2022 0.0586 -0.2874 3.2292 7.0000 4.8785 0.0032 
30.9882 11.0000 2980.3125 0.2009 0.0588 -0.2863 3.2340 7.0000 5.6471 0.0029 
30.9824 11.0000 2978.1638 0.2031 0.0602 -0.2883 3.2319 7.0000 4.8443 0.0034 
30.9909 11.0000 2982.1053 0.2001 0.0582 -0.2868 3.2289 7.0000 5.7724 0.0031 
30.9960 11.0000 2983.2979 0.2003 0.0588 -0.2851 3.2268 7.0000 4.7077 0.0025 
30.9711 11.0000 2973.4141 0.2018 0.0593 -0.2871 3.2330 7.0000 6.1393 0.0031 
30.9920 11.0000 2982.6894 0.2004 0.0592 -0.2858 3.2287 7.0000 9.1703 0.0031 
30.9927 11.0000 2982.0198 0.1998 0.0586 -0.2867 3.2290 7.0000 9.3314 0.0031 
30.9840 11.0000 2975.9268 0.1985 0.0586 -0.2831 3.2276 7.0000 8.9038 0.0031 
30.9869 11.0000 2979.7061 0.2002 0.0589 -0.2851 3.2291 8.0000 4.2383 0.0031 
30.9920 11.0000 2981.5198 0.2029 0.0597 -0.2887 3.2293 7.0000 5.8945 0.0031 
30.9915 11.0000 2981.7200 0.1989 0.0589 -0.2831 3.2303 7.0000 5.8919 0.0028 
30.9980 11.0000 2985.2008 0.1993 0.0584 -0.2833 3.2318 7.0000 4.7065 0.0030 
30.9826 11.0000 2977.6966 0.2027 0.0592 -0.2895 3.2308 6.0000 4.9705 0.0032 
31.0105 11.0000 2989.6975 0.2028 0.0594 -0.2869 3.2276 7.0000 4.8394 0.0035 
30.9913 11.0000 2982.3350 0.2021 0.0588 -0.2868 3.2293 7.0000 4.6479 0.0032 
31.0076 11.0000 2988.6304 0.2009 0.0589 -0.2854 3.2286 7.0000 6.4634 0.0031 
30.9786 11.0000 2975.6097 0.2009 0.0579 -0.2870 3.2292 6.0000 8.3524 0.0031 
30.9867 11.0000 2979.3473 0.2000 0.0586 -0.2836 3.2301 8.0000 8.3579 0.0035 
30.9900 11.0000 2981.2369 0.1999 0.0584 -0.2840 3.2289 6.0000 8.0006 0.0029 
30.9911 11.0000 2982.1819 0.2007 0.0592 -0.2840 3.2285 8.0000 3.5211 0.0031 
30.9991 11.0000 2985.3854 0.2010 0.0585 -0.2868 3.2260 7.0000 4.9270 0.0028 
30.9927 11.0000 2982.0877 0.2015 0.0596 -0.2848 3.2300 7.0000 4.9647 0.0036 
30.9789 11.0000 2976.7320 0.2036 0.0599 -0.2876 3.2329 7.0000 3.9932 0.0033 
30.9882 11.0000 2980.3479 0.2029 0.0588 -0.2886 3.2271 6.0000 4.9281 0.0030 
30.9862 11.0000 2979.3500 0.2001 0.0588 -0.2855 3.2303 7.0000 5.0523 0.0035 
30.9795 11.0000 2976.4566 0.2041 0.0593 -0.2906 3.2274 7.0000 4.9708 0.0027 
30.9962 11.0000 2983.7769 0.2037 0.0594 -0.2898 3.2271 7.0000 4.8336 0.0030 
30.9891 11.0000 2981.4586 0.2006 0.0590 -0.2848 3.2312 7.0000 4.9228 0.0032 
30.9806 11.0000 2977.6057 0.2003 0.0586 -0.2840 3.2295 7.0000 6.1529 0.0037 
30.9909 11.0000 2982.7282 0.1981 0.0587 -0.2820 3.2290 8.0000 6.3806 0.0037 
30.9751 11.0000 2975.6507 0.2037 0.0595 -0.2890 3.2320 7.0000 4.9269 0.0029 
30.9984 11.0000 2984.5741 0.2011 0.0585 -0.2862 3.2260 7.0000 3.5201 0.0034 
30.9844 11.0000 2978.8410 0.2019 0.0585 -0.2867 3.2294 7.0000 4.8800 0.0028 
30.9944 11.0000 2982.9733 0.2018 0.0587 -0.2879 3.2265 7.0000 4.9179 0.0038 
30.9786 11.0000 2976.7665 0.2029 0.0595 -0.2871 3.2267 7.0000 4.9903 0.0029 
31.0016 11.0000 2986.0733 0.2010 0.0597 -0.2829 3.2313 7.0000 4.9675 0.0032 
30.9931 11.0000 2982.5886 0.2002 0.0590 -0.2835 3.2272 7.0000 4.9540 0.0033 
30.9882 11.0000 2981.2685 0.2013 0.0592 -0.2861 3.2302 7.0000 3.6077 0.0031 
30.9726 11.0000 2973.1531 0.1997 0.0582 -0.2856 3.2281 7.0000 4.9242 0.0028 
30.9844 11.0000 2978.7146 0.2025 0.0596 -0.2874 3.2285 7.0000 6.1862 0.0028 
30.9971 11.0000 2984.5027 0.2016 0.0589 -0.2873 3.2284 8.0000 6.3189 0.0028 
30.9804 11.0000 2976.8676 0.2019 0.0591 -0.2885 3.2306 7.0000 4.9677 0.0033 
30.9987 11.0000 2985.3292 0.2007 0.0595 -0.2847 3.2288 7.0000 5.1014 0.0028 
30.9680 11.0000 2972.0663 0.2019 0.0600 -0.2861 3.2324 7.0000 5.0162 0.0032 
30.9878 11.0000 2975.8902 0.2020 0.0586 -0.2879 3.2251 7.0000 4.7407 0.0028 
30.9962 11.0000 2984.2778 0.2026 0.0590 -0.2891 3.2296 6.0000 5.1371 0.0030 
30.9897 11.0000 2980.9016 0.2011 0.0586 -0.2858 3.2323 7.0000 5.1812 0.0028 
30.9847 11.0000 2978.7064 0.2017 0.0593 -0.2866 3.2323 7.0000 3.6059 0.0034 
30.9995 11.0000 2985.4897 0.2002 0.0593 -0.2849 3.2289 7.0000 5.0469 0.0029 
30.9996 11.0000 2985.7326 0.2004 0.0586 -0.2849 3.2284 7.0000 4.9816 0.0029 
30.9902 11.0000 2981.1581 0.2006 0.0584 -0.2875 3.2288 7.0000 6.1999 0.0030 
30.9858 11.0000 2978.7538 0.2015 0.0592 -0.2873 3.2345 8.0000 6.3770 0.0030 
31.0002 11.0000 2984.0886 0.2029 0.0591 -0.2876 3.2294 7.0000 5.0432 0.0030 
30.9886 11.0000 2979.5065 0.2029 0.0590 -0.2889 3.2290 7.0000 3.5649 0.0031 
30.9993 11.0000 2985.9027 0.1998 0.0583 -0.2843 3.2297 7.0000 4.9712 0.0030 
30.9828 11.0000 2978.3346 0.1999 0.0593 -0.2845 3.2292 7.0000 5.0738 0.0030 
30.9922 11.0000 2981.2672 0.2012 0.0585 -0.2873 3.2279 7.0000 5.0578 0.0030 
30.9987 11.0000 2985.5269 0.2005 0.0591 -0.2849 3.2250 7.0000 5.0161 0.0030 
30.9958 11.0000 2982.6313 0.2019 0.0595 -0.2855 3.2287 7.0000 4.9389 0.0030 
30.9964 11.0000 2983.6060 0.2025 0.0592 -0.2891 3.2301 7.0000 3.8549 0.0030 
30.9933 11.0000 2982.1387 0.2016 0.0588 -0.2868 3.2316 7.0000 5.1451 0.0030 
31.0067 11.0000 2988.2662 0.2023 0.0588 -0.2871 3.2276 7.0000 6.2297 0.0030 
30.9909 11.0000 2981.7531 0.2036 0.0589 -0.2870 3.2285 7.0000 4.9538 0.0030 
30.9938 11.0000 2981.7444 0.2037 0.0592 -0.2898 3.2278 7.0000 5.3243 0.0030 
