30.8859 1.0000 2944.3467 0.3253 0.1215 -0.2915 3.1648 6.0000 11.4135 0.0065 
30.8968 1.0000 2946.1013 0.3360 0.1225 -0.3132 3.1714 7.0000 11.2955 0.0065 
30.8919 1.0000 2946.6209 0.3323 0.1223 -0.3040 3.1697 6.0000 11.7182 0.0059 
30.8916 1.0000 2945.9621 0.3325 0.1206 -0.3115 3.1736 6.0000 11.9841 0.0065 
30.9009 1.0000 2952.6446 0.3248 0.1197 -0.2966 3.1691 7.0000 11.8945 0.0065 
30.8736 1.0000 2931.4921 0.3328 0.1226 -0.3102 3.1732 6.0000 10.7730 0.0081 
30.8587 1.0000 2926.2029 0.3296 0.1227 -0.3035 3.1801 6.0000 11.5467 0.0052 
30.8984 1.0000 2943.1196 0.3260 0.1209 -0.3009 3.1768 8.0000 11.8977 0.0074 
30.9009 1.0000 2952.7993 0.3325 0.1224 -0.3044 3.1721 7.0000 11.0946 0.0067 
30.8636 1.0000 2926.2887 0.3314 0.1248 -0.3010 3.1803 7.0000 10.0462 0.0063 
30.8391 1.0000 2926.7462 0.3307 0.1219 -0.3060 3.1808 6.0000 11.4213 0.0052 
30.8380 1.0000 2923.5779 0.3285 0.1210 -0.3023 3.1728 7.0000 2.0201 0.0073 
30.8584 1.0000 2932.6778 0.3325 0.1228 -0.3051 3.1729 7.0000 2.0677 0.0065 
30.8799 1.0000 2942.0131 0.3322 0.1217 -0.3115 3.1756 7.0000 1.2752 0.0060 
30.9273 1.0000 2959.2712 0.3297 0.1213 -0.3017 3.1768 6.0000 2.0703 0.0067 
30.9028 1.0000 2949.3603 0.3301 0.1222 -0.3038 3.1694 7.0000 2.0816 0.0065 
30.8489 1.0000 2929.4521 0.3268 0.1214 -0.3003 3.1731 6.0000 1.9648 0.0059 
30.8864 1.0000 2944.4570 0.3267 0.1207 -0.2992 3.1737 6.0000 2.3163 0.0059 
30.9158 1.0000 2956.9611 0.3281 0.1235 -0.2939 3.1768 6.0000 2.8259 0.0058 
30.8962 1.0000 2945.8342 0.3313 0.1234 -0.2993 3.1782 6.0000 2.4375 0.0059 
30.8755 1.0000 2942.9074 0.3292 0.1205 -0.3051 3.1726 6.0000 3.4216 0.0063 
30.9009 1.0000 2951.6438 0.3287 0.1218 -0.2967 3.1801 6.0000 3.1994 0.0072 
30.8619 1.0000 2930.6141 0.3282 0.1209 -0.3046 3.1738 6.0000 1.9814 0.0057 
30.8851 1.0000 2939.4156 0.3320 0.1217 -0.3083 3.1750 7.0000 2.1488 0.0060 
30.8647 1.0000 2939.3704 0.3292 0.1238 -0.2994 3.1765 7.0000 2.0673 0.0075 
30.8870 1.0000 2947.2051 0.3288 0.1223 -0.2959 3.1757 6.0000 1.3621 0.0059 
30.8807 1.0000 2943.0090 0.3285 0.1224 -0.3019 3.1775 7.0000 2.0217 0.0062 
30.9058 1.0000 2950.8548 0.3288 0.1238 -0.2986 3.1792 7.0000 2.2005 0.0070 
30.9031 1.0000 2953.7971 0.3276 0.1215 -0.2983 3.1747 7.0000 3.1662 0.0070 
30.8317 1.0000 2924.5120 0.3292 0.1215 -0.3015 3.1662 7.0000 3.8700 0.0066 
30.9069 1.0000 2952.4638 0.3284 0.1226 -0.2985 3.1803 7.0000 2.6840 0.0066 
30.8930 1.0000 2949.0054 0.3264 0.1202 -0.2981 3.1744 6.0000 2.1132 0.0067 
30.9031 1.0000 2953.6253 0.3288 0.1210 -0.3032 3.1760 7.0000 2.0220 0.0067 
30.9115 1.0000 2958.0869 0.3244 0.1199 -0.2945 3.1740 6.0000 1.3636 0.0071 
30.9022 1.0000 2954.1697 0.3285 0.1222 -0.3016 3.1750 6.0000 2.0223 0.0065 
30.8543 1.0000 2922.8276 0.3302 0.1231 -0.3007 3.1774 6.0000 2.1050 0.0056 
30.8952 1.0000 2949.1179 0.3256 0.1203 -0.3007 3.1738 6.0000 2.0544 0.0067 
30.8706 1.0000 2932.7484 0.3300 0.1233 -0.3003 3.1737 6.0000 2.0659 0.0066 
30.8704 1.0000 2934.8096 0.3334 0.1227 -0.3032 3.1809 7.0000 2.1101 0.0062 
30.8818 1.0000 2938.5967 0.3332 0.1223 -0.3064 3.1700 6.0000 2.0663 0.0062 
30.8853 1.0000 2943.3178 0.3298 0.1235 -0.2985 3.1785 7.0000 2.2413 0.0062 
30.8802 1.0000 2945.4134 0.3291 0.1230 -0.3016 3.1760 7.0000 2.1971 0.0062 
30.8843 1.0000 2944.2089 0.3239 0.1194 -0.2999 3.1716 6.0000 2.1063 0.0062 
30.8676 1.0000 2940.5103 0.3261 0.1215 -0.2987 3.1732 8.0000 2.0222 0.0062 
30.8859 1.0000 2942.5806 0.3293 0.1217 -0.3040 3.1696 6.0000 1.3630 0.0073 
30.9148 1.0000 2955.4227 0.3342 0.1245 -0.3041 3.1714 7.0000 2.1107 0.0059 
30.8794 1.0000 2943.0460 0.3331 0.1208 -0.3114 3.1741 6.0000 2.1538 0.0049 
30.8829 1.0000 2943.4891 0.3249 0.1204 -0.2971 3.1753 6.0000 2.0699 0.0068 
30.8957 1.0000 2947.3772 0.3322 0.1238 -0.3042 3.1745 6.0000 2.0670 0.0073 
30.8747 1.0000 2936.8682 0.3320 0.1225 -0.3027 3.1757 6.0000 3.6955 0.0060 
30.8802 1.0000 2942.6299 0.3326 0.1230 -0.3045 3.1690 7.0000 4.1323 0.0065 
30.8938 1.0000 2949.7612 0.3324 0.1215 -0.3064 3.1807 6.0000 2.6856 0.0068 
30.9020 1.0000 2940.1841 0.3326 0.1234 -0.3087 3.1848 7.0000 2.2284 0.0066 
30.8306 1.0000 2909.0983 0.3296 0.1214 -0.3055 3.1745 6.0000 4.0828 0.0066 
30.8611 1.0000 2936.2963 0.3291 0.1212 -0.3066 3.1747 7.0000 3.7795 0.0066 
30.9050 1.0000 2954.8214 0.3332 0.1237 -0.3015 3.1757 6.0000 1.4051 0.0068 
30.9344 1.0000 2963.6675 0.3296 0.1209 -0.3036 3.1713 7.0000 2.1539 0.0059 
30.8766 1.0000 2940.0754 0.3301 0.1244 -0.3011 3.1805 6.0000 2.1558 0.0061 
30.8785 1.0000 2941.0270 0.3322 0.1228 -0.3006 3.1759 6.0000 2.5047 0.0073 
30.8608 1.0000 2934.4529 0.3331 0.1235 -0.3051 3.1772 6.0000 1.8462 0.0070 
30.9006 1.0000 2949.2862 0.3317 0.1231 -0.3064 3.1731 6.0000 2.1447 0.0073 
30.8848 1.0000 2940.7797 0.3334 0.1211 -0.3118 3.1726 6.0000 1.4073 0.0057 
30.8780 1.0000 2939.2791 0.3312 0.1214 -0.3083 3.1792 6.0000 2.2004 0.0069 
30.8834 1.0000 2940.0090 0.3288 0.1218 -0.3024 3.1757 6.0000 2.3580 0.0067 
30.8864 1.0000 2940.4869 0.3280 0.1214 -0.3047 3.1683 6.0000 3.7986 0.0069 
30.8704 1.0000 2937.9325 0.3303 0.1212 -0.3038 3.1715 6.0000 3.5848 0.0078 
30.8706 1.0000 2937.1667 0.3264 0.1215 -0.2972 3.1728 6.0000 2.1041 0.0078 
30.9028 1.0000 2949.0632 0.3330 0.1244 -0.3020 3.1728 6.0000 1.3674 0.0061 
30.8984 1.0000 2948.6511 0.3302 0.1232 -0.3026 3.1787 7.0000 2.1529 0.0068 
30.8611 1.0000 2934.3952 0.3261 0.1207 -0.3006 3.1742 6.0000 2.0272 0.0074 
30.9267 1.0000 2959.2127 0.3269 0.1221 -0.2971 3.1752 6.0000 2.0214 0.0054 
30.9104 1.0000 2955.8753 0.3303 0.1219 -0.3036 3.1749 6.0000 2.1959 0.0049 
30.8736 1.0000 2934.6874 0.3328 0.1220 -0.3106 3.1746 8.0000 2.2004 0.0064 
30.9031 1.0000 2949.5458 0.3296 0.1212 -0.3053 3.1791 6.0000 1.9759 0.0061 
30.8785 1.0000 2940.5730 0.3266 0.1233 -0.2934 3.1776 7.0000 2.4587 0.0064 
30.8469 1.0000 2924.1909 0.3310 0.1213 -0.3097 3.1786 7.0000 2.2440 0.0062 
30.8644 1.0000 2930.4229 0.3277 0.1206 -0.3066 3.1705 6.0000 2.1546 0.0072 
30.8971 1.0000 2948.8606 0.3309 0.1237 -0.2972 3.1748 7.0000 2.1087 0.0067 
30.8995 1.0000 2947.0596 0.3305 0.1215 -0.3063 3.1719 8.0000 2.1114 0.0070 
30.8769 1.0000 2935.9858 0.3301 0.1222 -0.3047 3.1756 7.0000 1.3965 0.0061 
30.8578 1.0000 2928.1705 0.3327 0.1232 -0.3063 3.1801 7.0000 2.1971 0.0064 
30.9202 1.0000 2957.1152 0.3270 0.1197 -0.3033 3.1695 6.0000 2.1094 0.0056 
30.9360 1.0000 2962.8031 0.3295 0.1216 -0.3045 3.1699 6.0000 2.0562 0.0068 
30.8886 1.0000 2945.2628 0.3266 0.1223 -0.2966 3.1781 7.0000 2.1995 0.0077 
30.8709 1.0000 2932.1449 0.3289 0.1225 -0.2984 3.1755 7.0000 3.5591 0.0062 
30.8952 1.0000 2946.1885 0.3316 0.1205 -0.3112 3.1675 7.0000 3.3354 0.0064 
30.8791 1.0000 2942.6868 0.3336 0.1232 -0.3034 3.1780 6.0000 2.2419 0.0062 
30.8636 1.0000 2929.2797 0.3330 0.1219 -0.3078 3.1738 7.0000 2.2255 0.0079 
30.8973 1.0000 2949.3799 0.3306 0.1230 -0.3022 3.1766 6.0000 2.1131 0.0059 
30.8717 1.0000 2934.6024 0.3324 0.1224 -0.3059 3.1729 7.0000 1.4527 0.0066 
30.8875 1.0000 2940.7857 0.3345 0.1231 -0.3082 3.1736 7.0000 2.1979 0.0066 
30.9134 1.0000 2957.6830 0.3280 0.1218 -0.2948 3.1661 6.0000 2.1968 0.0066 
30.8769 1.0000 2931.8578 0.3328 0.1236 -0.3065 3.1734 7.0000 2.0694 0.0066 
30.8483 1.0000 2923.8611 0.3299 0.1224 -0.3061 3.1718 6.0000 2.1095 0.0066 
30.8897 1.0000 2947.6955 0.3294 0.1231 -0.3018 3.1701 6.0000 2.2413 0.0066 
30.8957 1.0000 2951.1002 0.3288 0.1221 -0.2979 3.1698 6.0000 2.0674 0.0066 
30.8557 1.0000 2930.9779 0.3302 0.1208 -0.3055 3.1742 6.0000 2.2898 0.0066 
30.8431 1.0000 2917.1430 0.3275 0.1219 -0.3045 3.1748 6.0000 2.3329 0.0066 
30.9052 1.0000 2954.6923 0.3286 0.1211 -0.3017 3.1784 6.0000 2.1090 0.0066 
30.8837 1.0000 2944.6285 0.3320 0.1220 -0.3039 3.1683 6.0000 2.1531 0.0066 
