30.6786 11.0000 2857.8230 0.4235 0.2007 -0.2581 3.0067 6.0000 2.9141 0.0163 
30.6019 11.0000 2826.1520 0.4320 0.2120 -0.2491 3.0345 6.0000 2.6328 0.0208 
30.5942 11.0000 2842.5267 0.4249 0.2069 -0.2436 3.0228 6.0000 2.7166 0.0208 
30.6525 11.0000 2847.0060 0.4324 0.2090 -0.2587 3.0144 6.0000 2.9614 0.0202 
30.4521 11.0000 2777.5223 0.4324 0.2059 -0.2727 3.0228 6.0000 2.7286 0.0208 
30.5245 11.0000 2786.5452 0.4366 0.2088 -0.2786 3.0212 5.0000 3.0377 0.0208 
30.7026 11.0000 2864.3927 0.4186 0.2009 -0.2479 3.0204 5.0000 2.8457 0.0202 
30.6225 11.0000 2833.6727 0.4301 0.2100 -0.2497 3.0115 6.0000 2.9510 0.0184 
30.6558 11.0000 2862.0795 0.4301 0.2037 -0.2648 3.0207 5.0000 2.9554 0.0129 
30.5212 11.0000 2810.0637 0.4156 0.2005 -0.2434 3.0109 5.0000 2.7945 0.0208 
30.6803 11.0000 2860.6541 0.4214 0.1995 -0.2649 3.0157 5.0000 2.8369 0.0208 
30.4722 11.0000 2760.1204 0.4264 0.2090 -0.2613 3.0323 6.0000 0.3105 0.0169 
30.6111 11.0000 2821.6236 0.4180 0.2018 -0.2535 3.0131 6.0000 0.3909 0.0167 
30.5877 11.0000 2820.6176 0.4195 0.1997 -0.2602 3.0073 6.0000 0.5256 0.0180 
30.6895 11.0000 2857.4434 0.4196 0.2043 -0.2480 3.0158 6.0000 0.4838 0.0141 
30.4532 11.0000 2750.0686 0.4392 0.2096 -0.2787 3.0377 6.0000 0.4838 0.0166 
30.5937 11.0000 2812.2113 0.4219 0.2028 -0.2563 3.0065 6.0000 0.8427 0.0165 
30.7032 11.0000 2877.0882 0.4197 0.2020 -0.2538 3.0070 5.0000 0.8834 0.0168 
30.5310 11.0000 2798.2789 0.4191 0.2019 -0.2553 3.0199 5.0000 1.0329 0.0165 
30.5926 11.0000 2822.2380 0.4259 0.2031 -0.2607 3.0118 5.0000 1.2706 0.0165 
30.5752 11.0000 2840.1808 0.4281 0.2004 -0.2624 2.9969 6.0000 1.3401 0.0145 
30.5703 11.0000 2828.8911 0.4289 0.2048 -0.2569 3.0169 5.0000 1.3117 0.0158 
30.5746 11.0000 2836.7233 0.4234 0.2088 -0.2379 3.0269 6.0000 0.4855 0.0153 
30.6035 11.0000 2827.2554 0.4218 0.2051 -0.2562 3.0163 6.0000 0.4832 0.0177 
30.5779 11.0000 2849.7865 0.4353 0.2011 -0.2778 3.0173 5.0000 0.5252 0.0168 
30.5381 11.0000 2773.5109 0.4246 0.2086 -0.2584 3.0256 6.0000 0.4839 0.0142 
30.6536 11.0000 2874.2070 0.4231 0.2011 -0.2599 3.0102 6.0000 0.3503 0.0141 
30.5741 11.0000 2798.7854 0.4265 0.2044 -0.2713 3.0107 5.0000 0.5256 0.0137 
30.5828 11.0000 2811.2908 0.4240 0.2019 -0.2686 3.0117 6.0000 0.4855 0.0139 
30.6427 11.0000 2857.7996 0.4209 0.2048 -0.2416 3.0158 6.0000 0.5516 0.0160 
30.6133 11.0000 2842.2958 0.4340 0.2060 -0.2679 3.0082 5.0000 0.6514 0.0133 
30.6225 11.0000 2823.2527 0.4273 0.2085 -0.2576 3.0222 5.0000 0.7876 0.0133 
30.6187 11.0000 2822.5103 0.4313 0.2028 -0.2735 3.0271 6.0000 0.7068 0.0133 
30.6525 11.0000 2850.3965 0.4241 0.2037 -0.2584 3.0064 5.0000 0.4863 0.0170 
30.6531 11.0000 2830.1814 0.4225 0.2022 -0.2675 3.0126 6.0000 0.3931 0.0148 
30.5463 11.0000 2801.5316 0.4196 0.2018 -0.2570 3.0071 5.0000 0.5190 0.0141 
30.5741 11.0000 2814.3475 0.4216 0.2064 -0.2521 3.0375 5.0000 0.5275 0.0141 
30.6667 11.0000 2876.7353 0.4175 0.2011 -0.2465 3.0150 5.0000 0.4855 0.0181 
30.5980 11.0000 2823.3328 0.4308 0.2064 -0.2629 3.0265 6.0000 0.5223 0.0149 
30.6612 11.0000 2849.2010 0.4144 0.1984 -0.2601 3.0097 6.0000 0.5152 0.0182 
30.6786 11.0000 2853.9771 0.4222 0.2068 -0.2501 3.0171 6.0000 0.5281 0.0190 
30.5447 11.0000 2795.4455 0.4358 0.2090 -0.2684 3.0320 7.0000 0.7068 0.0197 
30.5969 11.0000 2825.3894 0.4226 0.2025 -0.2618 3.0101 6.0000 0.7475 0.0197 
30.6329 11.0000 2850.4771 0.4204 0.2023 -0.2531 3.0146 6.0000 0.7023 0.0148 
30.5670 11.0000 2825.2141 0.4254 0.2055 -0.2561 3.0215 5.0000 0.3534 0.0177 
30.6552 11.0000 2854.7206 0.4175 0.1991 -0.2577 3.0058 5.0000 0.5275 0.0151 
30.6285 11.0000 2827.3791 0.4213 0.2023 -0.2567 3.0104 5.0000 0.5269 0.0169 
30.5327 11.0000 2778.1993 0.4289 0.2048 -0.2668 3.0239 6.0000 0.5275 0.0182 
30.6296 11.0000 2865.3148 0.4204 0.2002 -0.2487 2.9991 6.0000 0.5265 0.0163 
30.5458 11.0000 2793.1362 0.4220 0.2060 -0.2540 3.0236 5.0000 0.5279 0.0157 
30.5305 11.0000 2803.8241 0.4212 0.2056 -0.2489 3.0331 5.0000 0.3940 0.0182 
30.5076 11.0000 2782.1781 0.4230 0.2026 -0.2663 3.0132 6.0000 0.5295 0.0180 
30.4869 11.0000 2786.4510 0.4223 0.2025 -0.2655 3.0062 6.0000 0.5684 0.0150 
30.6324 11.0000 2845.4003 0.4277 0.2047 -0.2604 3.0074 5.0000 0.5231 0.0150 
30.5414 11.0000 2778.3077 0.4260 0.2036 -0.2683 3.0252 6.0000 0.6018 0.0161 
30.6236 11.0000 2848.5523 0.4296 0.2052 -0.2561 3.0160 6.0000 0.5238 0.0161 
30.5321 11.0000 2782.2364 0.4315 0.2071 -0.2629 3.0224 6.0000 0.5276 0.0204 
30.5686 11.0000 2801.0142 0.4170 0.1995 -0.2598 3.0181 6.0000 0.3541 0.0155 
30.5305 11.0000 2789.6863 0.4233 0.2040 -0.2636 3.0122 6.0000 0.4853 0.0175 
30.5893 11.0000 2842.4188 0.4281 0.2039 -0.2605 3.0124 6.0000 0.5270 0.0175 
30.6073 11.0000 2825.5556 0.4327 0.2124 -0.2596 3.0262 5.0000 0.5248 0.0165 
30.5359 11.0000 2787.1127 0.4239 0.2050 -0.2628 3.0236 6.0000 0.5683 0.0123 
30.6269 11.0000 2812.6792 0.4251 0.2015 -0.2672 3.0047 6.0000 0.5283 0.0130 
30.5969 11.0000 2817.7930 0.4235 0.2058 -0.2523 3.0193 6.0000 0.6509 0.0146 
30.5953 11.0000 2823.2794 0.4198 0.2032 -0.2539 3.0174 6.0000 0.5252 0.0146 
30.5594 11.0000 2792.0833 0.4251 0.2060 -0.2591 3.0308 7.0000 0.6105 0.0158 
30.4646 11.0000 2777.9237 0.4251 0.2060 -0.2557 3.0328 6.0000 0.6201 0.0158 
30.5534 11.0000 2816.9548 0.4248 0.2030 -0.2588 3.0078 5.0000 0.5287 0.0152 
30.5806 11.0000 2815.2821 0.4142 0.2026 -0.2477 3.0263 7.0000 0.6142 0.0185 
30.6133 11.0000 2832.5196 0.4255 0.2022 -0.2671 3.0132 6.0000 0.4409 0.0146 
30.5828 11.0000 2784.8012 0.4290 0.2033 -0.2698 3.0244 6.0000 0.5293 0.0185 
30.7075 11.0000 2873.8747 0.4181 0.2018 -0.2539 3.0106 6.0000 0.5279 0.0177 
30.6868 11.0000 2882.7963 0.4105 0.1964 -0.2407 3.0045 6.0000 0.5285 0.0182 
30.6400 11.0000 2832.8290 0.4186 0.2083 -0.2364 3.0288 6.0000 0.5692 0.0176 
30.6383 11.0000 2845.3638 0.4161 0.1994 -0.2553 3.0059 5.0000 1.3076 0.0127 
30.5997 11.0000 2834.4771 0.4222 0.2004 -0.2569 3.0148 6.0000 0.8762 0.0176 
30.6024 11.0000 2834.2554 0.4239 0.2047 -0.2522 3.0283 5.0000 0.9680 0.0127 
30.6580 11.0000 2839.0812 0.4151 0.1998 -0.2536 3.0158 5.0000 0.6090 0.0184 
30.6225 11.0000 2856.7004 0.4228 0.2006 -0.2588 3.0161 6.0000 0.6574 0.0184 
30.5212 11.0000 2793.9227 0.4178 0.2028 -0.2597 3.0169 5.0000 0.5266 0.0173 
30.6138 11.0000 2821.1629 0.4220 0.2036 -0.2532 3.0134 6.0000 0.5727 0.0165 
30.5458 11.0000 2789.2429 0.4239 0.2023 -0.2613 3.0146 6.0000 0.6136 0.0164 
30.5321 11.0000 2798.6786 0.4218 0.2028 -0.2558 3.0210 6.0000 0.3939 0.0160 
30.5490 11.0000 2800.8295 0.4295 0.2050 -0.2658 3.0308 6.0000 0.5690 0.0188 
30.5550 11.0000 2800.0191 0.4355 0.2073 -0.2729 3.0183 5.0000 1.0693 0.0190 
30.6961 11.0000 2865.0153 0.4156 0.2009 -0.2494 2.9992 5.0000 0.9468 0.0195 
30.5370 11.0000 2801.2696 0.4288 0.2080 -0.2662 3.0225 6.0000 0.5283 0.0141 
30.5261 11.0000 2795.6754 0.4224 0.2044 -0.2577 3.0100 6.0000 0.5293 0.0141 
30.6541 11.0000 2849.1024 0.4166 0.1987 -0.2568 3.0107 6.0000 0.6129 0.0141 
30.5855 11.0000 2817.7870 0.4230 0.2040 -0.2590 3.0151 6.0000 0.6156 0.0141 
30.5828 11.0000 2823.3502 0.4260 0.2044 -0.2628 3.0098 5.0000 0.5284 0.0141 
30.5572 11.0000 2784.6176 0.4263 0.2048 -0.2642 3.0287 5.0000 0.3942 0.0141 
30.5959 11.0000 2822.3404 0.4282 0.2026 -0.2707 3.0177 6.0000 0.4389 0.0141 
30.5131 11.0000 2788.9493 0.4350 0.2047 -0.2787 3.0069 6.0000 0.5291 0.0141 
30.5076 11.0000 2789.4477 0.4305 0.2049 -0.2741 3.0324 5.0000 0.5661 0.0141 
30.4924 11.0000 2777.2026 0.4321 0.2055 -0.2773 3.0148 5.0000 0.5285 0.0141 
30.6547 11.0000 2842.0915 0.4159 0.2047 -0.2411 3.0149 6.0000 0.5329 0.0141 
30.5937 11.0000 2812.8431 0.4343 0.2081 -0.2638 3.0205 5.0000 0.8778 0.0141 
30.5060 11.0000 2781.9924 0.4191 0.2054 -0.2438 3.0267 6.0000 1.0135 0.0141 
30.6547 11.0000 2868.1852 0.4323 0.2087 -0.2577 3.0118 6.0000 0.6593 0.0141 
