30.9859 1.0000 2978.4700 0.1925 0.0577 -0.2808 3.1948 7.0000 27.8775 0.0031 
30.9777 1.0000 2974.2478 0.1918 0.0585 -0.2770 3.1942 8.0000 26.6285 0.0039 
30.9671 1.0000 2969.6585 0.1915 0.0583 -0.2782 3.1924 7.0000 28.0934 0.0039 
30.9645 1.0000 2970.3615 0.1898 0.0581 -0.2755 3.1943 6.0000 28.0129 0.0039 
30.9963 1.0000 2983.0901 0.1883 0.0572 -0.2745 3.1929 7.0000 25.0270 0.0031 
30.9547 1.0000 2967.2371 0.1909 0.0581 -0.2786 3.1944 7.0000 24.2750 0.0031 
30.9786 1.0000 2976.6595 0.1916 0.0589 -0.2765 3.1948 6.0000 24.6084 0.0031 
30.9916 1.0000 2981.5594 0.1887 0.0583 -0.2739 3.1892 6.0000 24.1334 0.0031 
30.9681 1.0000 2971.9009 0.1910 0.0583 -0.2770 3.1892 7.0000 27.1122 0.0031 
30.9781 1.0000 2975.2770 0.1909 0.0579 -0.2782 3.1917 6.0000 27.6232 0.0031 
30.9839 1.0000 2979.0227 0.1905 0.0577 -0.2772 3.1889 7.0000 26.0848 0.0039 
30.9908 1.0000 2981.4222 0.1893 0.0579 -0.2769 3.1951 7.0000 5.7606 0.0039 
30.9808 1.0000 2974.9342 0.1926 0.0580 -0.2803 3.1943 7.0000 12.3186 0.0042 
30.9653 1.0000 2971.3615 0.1937 0.0581 -0.2804 3.1939 7.0000 11.3225 0.0037 
30.9655 1.0000 2968.4138 0.1916 0.0581 -0.2790 3.1949 7.0000 12.1727 0.0037 
30.9808 1.0000 2976.1575 0.1897 0.0567 -0.2787 3.1908 6.0000 18.7978 0.0035 
30.9739 1.0000 2971.5637 0.1911 0.0580 -0.2782 3.1912 6.0000 16.6739 0.0036 
30.9618 1.0000 2967.5116 0.1903 0.0581 -0.2764 3.1943 7.0000 21.3729 0.0039 
30.9783 1.0000 2976.7149 0.1893 0.0576 -0.2759 3.1923 7.0000 20.9180 0.0036 
30.9953 1.0000 2982.5876 0.1887 0.0574 -0.2764 3.1928 7.0000 20.0372 0.0036 
30.9659 1.0000 2967.9451 0.1932 0.0576 -0.2830 3.1896 7.0000 18.1533 0.0038 
30.9594 1.0000 2969.3152 0.1899 0.0577 -0.2766 3.1922 7.0000 18.1663 0.0034 
30.9663 1.0000 2972.2535 0.1889 0.0571 -0.2759 3.1923 7.0000 4.1700 0.0038 
30.9741 1.0000 2972.2304 0.1895 0.0580 -0.2764 3.1908 7.0000 4.2108 0.0037 
30.9726 1.0000 2973.5135 0.1884 0.0571 -0.2760 3.1948 7.0000 4.6665 0.0044 
30.9573 1.0000 2962.0770 0.1905 0.0579 -0.2786 3.1981 6.0000 6.9891 0.0044 
30.9696 1.0000 2971.9011 0.1900 0.0579 -0.2762 3.1935 6.0000 8.0562 0.0035 
30.9592 1.0000 2965.2473 0.1923 0.0581 -0.2824 3.1937 6.0000 5.2409 0.0036 
30.9808 1.0000 2977.9786 0.1892 0.0573 -0.2773 3.1917 7.0000 5.0037 0.0044 
30.9745 1.0000 2973.6646 0.1891 0.0574 -0.2765 3.1944 7.0000 4.1679 0.0035 
30.9659 1.0000 2970.5172 0.1890 0.0578 -0.2771 3.1946 7.0000 7.2386 0.0035 
30.9759 1.0000 2974.3391 0.1910 0.0579 -0.2803 3.1947 7.0000 7.4212 0.0035 
30.9724 1.0000 2974.1705 0.1886 0.0575 -0.2752 3.1952 7.0000 7.2499 0.0035 
30.9679 1.0000 2972.5884 0.1896 0.0574 -0.2788 3.1937 6.0000 3.0298 0.0044 
30.9786 1.0000 2974.1285 0.1888 0.0576 -0.2762 3.1899 6.0000 4.2613 0.0035 
30.9500 1.0000 2962.5792 0.1872 0.0576 -0.2751 3.1933 7.0000 3.9144 0.0042 
30.9749 1.0000 2972.3188 0.1909 0.0576 -0.2801 3.1944 6.0000 4.8316 0.0036 
30.9683 1.0000 2967.3687 0.1899 0.0577 -0.2796 3.1928 7.0000 5.2293 0.0040 
30.9757 1.0000 2973.8493 0.1909 0.0581 -0.2786 3.1942 7.0000 5.7774 0.0038 
30.9771 1.0000 2974.8772 0.1919 0.0584 -0.2786 3.1910 7.0000 3.7395 0.0040 
30.9775 1.0000 2973.1667 0.1908 0.0589 -0.2780 3.1943 7.0000 5.5635 0.0040 
30.9559 1.0000 2965.5458 0.1881 0.0571 -0.2759 3.1901 6.0000 5.3435 0.0040 
30.9853 1.0000 2978.5049 0.1901 0.0579 -0.2771 3.1913 6.0000 7.1375 0.0038 
30.9510 1.0000 2963.4704 0.1916 0.0582 -0.2802 3.1931 6.0000 7.6334 0.0040 
30.9794 1.0000 2975.1301 0.1890 0.0581 -0.2752 3.1912 7.0000 4.1773 0.0037 
30.9690 1.0000 2973.5987 0.1899 0.0574 -0.2786 3.1939 7.0000 4.2554 0.0038 
30.9567 1.0000 2963.8924 0.1910 0.0576 -0.2796 3.1942 7.0000 3.9313 0.0038 
30.9747 1.0000 2967.9244 0.1889 0.0574 -0.2773 3.1917 7.0000 4.3943 0.0041 
30.9632 1.0000 2966.9651 0.1887 0.0573 -0.2777 3.1908 7.0000 4.1331 0.0039 
30.9771 1.0000 2974.7747 0.1902 0.0570 -0.2778 3.1911 7.0000 5.6964 0.0036 
30.9677 1.0000 2972.5711 0.1886 0.0570 -0.2787 3.1933 7.0000 5.8751 0.0036 
30.9620 1.0000 2965.9910 0.1902 0.0572 -0.2786 3.1940 6.0000 4.2095 0.0040 
30.9702 1.0000 2973.0460 0.1872 0.0566 -0.2752 3.1900 6.0000 6.9302 0.0043 
30.9814 1.0000 2974.0343 0.1909 0.0576 -0.2810 3.1945 7.0000 7.9007 0.0043 
30.9722 1.0000 2971.4996 0.1886 0.0577 -0.2772 3.1935 6.0000 6.7084 0.0039 
30.9602 1.0000 2969.5086 0.1906 0.0579 -0.2783 3.1871 7.0000 4.3059 0.0038 
30.9692 1.0000 2970.8184 0.1873 0.0569 -0.2748 3.1907 7.0000 2.9907 0.0037 
30.9598 1.0000 2965.9007 0.1897 0.0575 -0.2783 3.1961 6.0000 7.5043 0.0040 
30.9655 1.0000 2971.1812 0.1909 0.0575 -0.2793 3.1915 6.0000 7.2931 0.0032 
30.9745 1.0000 2974.7179 0.1885 0.0578 -0.2756 3.1963 7.0000 4.1154 0.0030 
30.9638 1.0000 2969.4694 0.1912 0.0581 -0.2798 3.1903 7.0000 3.1465 0.0037 
30.9737 1.0000 2975.0801 0.1890 0.0574 -0.2765 3.1949 7.0000 3.1642 0.0037 
30.9753 1.0000 2975.4916 0.1883 0.0573 -0.2748 3.1917 7.0000 5.1888 0.0041 
30.9524 1.0000 2961.2406 0.1909 0.0576 -0.2805 3.1949 7.0000 5.4092 0.0041 
30.9653 1.0000 2968.6906 0.1922 0.0581 -0.2804 3.1926 6.0000 5.2279 0.0039 
30.9683 1.0000 2969.0086 0.1899 0.0571 -0.2796 3.1928 6.0000 5.0566 0.0039 
30.9716 1.0000 2973.9845 0.1910 0.0578 -0.2806 3.1935 7.0000 4.2672 0.0037 
30.9620 1.0000 2966.3446 0.1919 0.0576 -0.2796 3.1911 7.0000 4.2180 0.0038 
30.9951 1.0000 2982.8807 0.1895 0.0570 -0.2779 3.1944 6.0000 3.1249 0.0043 
30.9867 1.0000 2979.4859 0.1899 0.0574 -0.2762 3.1917 6.0000 4.2248 0.0037 
30.9716 1.0000 2973.6342 0.1903 0.0579 -0.2768 3.1919 7.0000 4.3519 0.0039 
30.9677 1.0000 2964.4071 0.1877 0.0574 -0.2755 3.1933 7.0000 5.3560 0.0043 
30.9598 1.0000 2965.7766 0.1864 0.0571 -0.2751 3.1935 7.0000 5.4930 0.0035 
30.9767 1.0000 2975.7792 0.1922 0.0570 -0.2825 3.1899 7.0000 5.7161 0.0033 
30.9647 1.0000 2967.6487 0.1879 0.0571 -0.2762 3.1905 7.0000 5.6729 0.0039 
30.9804 1.0000 2973.5237 0.1877 0.0577 -0.2745 3.1943 7.0000 5.3666 0.0040 
30.9532 1.0000 2962.2853 0.1912 0.0575 -0.2803 3.1933 6.0000 5.4743 0.0040 
30.9714 1.0000 2974.0010 0.1893 0.0567 -0.2776 3.1916 7.0000 3.3698 0.0042 
30.9675 1.0000 2971.1934 0.1898 0.0571 -0.2786 3.1910 7.0000 4.7673 0.0033 
30.9532 1.0000 2964.6183 0.1912 0.0572 -0.2817 3.1926 7.0000 4.6025 0.0032 
30.9710 1.0000 2970.5325 0.1896 0.0577 -0.2761 3.1937 7.0000 4.2737 0.0032 
30.9671 1.0000 2969.3956 0.1885 0.0578 -0.2741 3.1964 6.0000 4.3952 0.0031 
30.9796 1.0000 2975.5131 0.1901 0.0575 -0.2779 3.1918 6.0000 4.2579 0.0039 
30.9830 1.0000 2978.0288 0.1914 0.0571 -0.2804 3.1916 7.0000 4.2082 0.0035 
30.9645 1.0000 2970.4596 0.1904 0.0576 -0.2785 3.1927 7.0000 3.0330 0.0040 
30.9636 1.0000 2971.4814 0.1909 0.0582 -0.2785 3.1957 7.0000 4.3198 0.0038 
30.9698 1.0000 2968.2625 0.1915 0.0573 -0.2812 3.1911 6.0000 4.9698 0.0030 
30.9561 1.0000 2962.8442 0.1904 0.0572 -0.2780 3.1907 6.0000 5.0958 0.0038 
30.9837 1.0000 2978.5065 0.1898 0.0571 -0.2776 3.1914 7.0000 4.0659 0.0035 
30.9861 1.0000 2978.6473 0.1893 0.0573 -0.2767 3.1926 7.0000 4.3511 0.0044 
30.9859 1.0000 2978.9753 0.1899 0.0571 -0.2771 3.1908 6.0000 4.2828 0.0044 
30.9918 1.0000 2981.5699 0.1895 0.0573 -0.2771 3.1911 7.0000 4.2225 0.0044 
30.9630 1.0000 2967.1162 0.1891 0.0574 -0.2778 3.1936 7.0000 4.3531 0.0044 
30.9653 1.0000 2969.9069 0.1895 0.0576 -0.2773 3.1957 7.0000 3.4123 0.0044 
30.9788 1.0000 2976.8109 0.1889 0.0569 -0.2770 3.1889 7.0000 4.2139 0.0044 
30.9694 1.0000 2970.0137 0.1893 0.0576 -0.2780 3.1935 7.0000 4.3515 0.0044 
30.9690 1.0000 2972.9667 0.1899 0.0570 -0.2772 3.1944 6.0000 4.2208 0.0044 
30.9924 1.0000 2981.9559 0.1908 0.0576 -0.2792 3.1925 7.0000 4.1683 0.0044 
30.9775 1.0000 2974.5306 0.1881 0.0571 -0.2754 3.1957 7.0000 4.3007 0.0044 
30.9502 1.0000 2963.1912 0.1897 0.0573 -0.2772 3.1925 7.0000 4.3075 0.0044 
