31.0039 1.0000 2992.0394 0.3728 0.1367 -0.2803 3.3471 8.0000 27.6160 0.0030 
31.0222 1.0000 2998.7786 0.3802 0.1412 -0.2856 3.3453 8.0000 28.7910 0.0028 
30.9837 1.0000 2981.7348 0.3778 0.1418 -0.2818 3.3559 8.0000 26.4663 0.0028 
30.9946 1.0000 2986.5884 0.3750 0.1392 -0.2830 3.3550 7.0000 25.6283 0.0030 
30.9998 1.0000 2988.0286 0.3782 0.1430 -0.2799 3.3532 8.0000 26.9930 0.0039 
31.0060 1.0000 2990.7010 0.3738 0.1384 -0.2830 3.3473 8.0000 27.5182 0.0028 
30.9832 1.0000 2982.2768 0.3799 0.1407 -0.2848 3.3510 7.0000 28.3966 0.0030 
30.9825 1.0000 2981.7881 0.3743 0.1403 -0.2789 3.3521 7.0000 27.0384 0.0028 
30.9993 1.0000 2989.5949 0.3745 0.1380 -0.2831 3.3482 7.0000 28.8797 0.0030 
30.9773 1.0000 2978.2984 0.3753 0.1383 -0.2872 3.3516 7.0000 27.7843 0.0030 
30.9997 1.0000 2987.1768 0.3772 0.1374 -0.2870 3.3424 8.0000 27.5289 0.0031 
30.9992 1.0000 2987.4779 0.3759 0.1356 -0.2929 3.3491 7.0000 3.9966 0.0028 
30.9654 1.0000 2974.4015 0.3775 0.1406 -0.2830 3.3496 8.0000 4.4850 0.0028 
30.9935 1.0000 2985.6255 0.3757 0.1389 -0.2814 3.3448 7.0000 4.2619 0.0027 
30.9972 1.0000 2987.0997 0.3785 0.1413 -0.2834 3.3525 7.0000 4.4236 0.0028 
30.9933 1.0000 2984.7178 0.3757 0.1403 -0.2814 3.3504 7.0000 4.6306 0.0028 
31.0011 1.0000 2988.5987 0.3734 0.1391 -0.2815 3.3526 7.0000 7.7118 0.0029 
30.9897 1.0000 2984.1565 0.3796 0.1405 -0.2873 3.3476 8.0000 10.9100 0.0028 
30.9933 1.0000 2986.0351 0.3776 0.1403 -0.2812 3.3501 7.0000 9.3791 0.0029 
30.9797 1.0000 2979.8263 0.3751 0.1395 -0.2817 3.3505 7.0000 11.3172 0.0027 
30.9959 1.0000 2985.3722 0.3746 0.1391 -0.2840 3.3470 7.0000 11.9935 0.0034 
31.0041 1.0000 2988.5567 0.3784 0.1427 -0.2828 3.3511 8.0000 9.9295 0.0034 
31.0007 1.0000 2987.9708 0.3790 0.1406 -0.2865 3.3469 7.0000 3.5908 0.0031 
30.9943 1.0000 2987.6109 0.3785 0.1402 -0.2848 3.3527 7.0000 7.6148 0.0031 
31.0029 1.0000 2989.6219 0.3750 0.1353 -0.2883 3.3500 7.0000 7.2633 0.0039 
31.0002 1.0000 2989.9709 0.3768 0.1399 -0.2792 3.3475 8.0000 4.5225 0.0033 
30.9998 1.0000 2985.6056 0.3782 0.1418 -0.2773 3.3459 7.0000 5.2748 0.0026 
30.9868 1.0000 2983.2962 0.3770 0.1411 -0.2824 3.3500 7.0000 6.4064 0.0034 
30.9827 1.0000 2978.9817 0.3760 0.1408 -0.2804 3.3469 7.0000 6.3780 0.0032 
30.9894 1.0000 2983.7742 0.3786 0.1423 -0.2823 3.3490 8.0000 4.6587 0.0036 
30.9961 1.0000 2987.5920 0.3769 0.1420 -0.2806 3.3491 8.0000 4.6333 0.0036 
30.9825 1.0000 2982.8106 0.3757 0.1401 -0.2818 3.3520 7.0000 5.0563 0.0025 
30.9912 1.0000 2984.0539 0.3787 0.1384 -0.2893 3.3433 7.0000 5.2328 0.0025 
30.9658 1.0000 2972.6975 0.3788 0.1424 -0.2809 3.3526 7.0000 3.2531 0.0030 
30.9830 1.0000 2979.9520 0.3774 0.1383 -0.2850 3.3433 8.0000 4.7191 0.0034 
30.9912 1.0000 2986.5191 0.3754 0.1401 -0.2788 3.3505 7.0000 4.1382 0.0032 
30.9868 1.0000 2983.7913 0.3804 0.1421 -0.2824 3.3497 7.0000 4.8822 0.0037 
31.0052 1.0000 2989.3423 0.3764 0.1381 -0.2816 3.3504 7.0000 3.2969 0.0028 
30.9812 1.0000 2979.5712 0.3775 0.1391 -0.2836 3.3438 7.0000 4.7453 0.0032 
30.9745 1.0000 2978.4307 0.3753 0.1389 -0.2817 3.3453 7.0000 5.0119 0.0033 
30.9809 1.0000 2979.8541 0.3767 0.1416 -0.2803 3.3489 8.0000 5.4568 0.0035 
31.0092 1.0000 2989.8286 0.3807 0.1390 -0.2907 3.3478 7.0000 5.2669 0.0033 
30.9979 1.0000 2985.5997 0.3779 0.1414 -0.2811 3.3488 8.0000 5.5454 0.0035 
30.9943 1.0000 2985.5348 0.3765 0.1414 -0.2811 3.3540 8.0000 5.8511 0.0035 
30.9824 1.0000 2979.3281 0.3754 0.1386 -0.2839 3.3509 7.0000 3.1706 0.0030 
30.9889 1.0000 2983.1132 0.3759 0.1376 -0.2844 3.3443 7.0000 4.6756 0.0037 
30.9990 1.0000 2988.2863 0.3726 0.1376 -0.2820 3.3478 8.0000 3.2100 0.0030 
30.9725 1.0000 2975.5510 0.3738 0.1409 -0.2791 3.3543 8.0000 4.6017 0.0034 
30.9866 1.0000 2982.1198 0.3759 0.1417 -0.2794 3.3537 7.0000 4.8362 0.0039 
30.9838 1.0000 2982.0891 0.3756 0.1397 -0.2817 3.3430 7.0000 3.3419 0.0035 
30.9796 1.0000 2979.4654 0.3765 0.1389 -0.2874 3.3475 7.0000 4.7046 0.0033 
30.9837 1.0000 2981.6382 0.3786 0.1394 -0.2863 3.3488 8.0000 3.3393 0.0035 
30.9768 1.0000 2978.6310 0.3786 0.1392 -0.2875 3.3493 7.0000 4.5705 0.0036 
30.9902 1.0000 2983.9592 0.3787 0.1396 -0.2843 3.3488 8.0000 5.7142 0.0033 
30.9940 1.0000 2985.3935 0.3763 0.1390 -0.2829 3.3440 8.0000 5.8080 0.0033 
30.9730 1.0000 2975.9897 0.3777 0.1399 -0.2831 3.3479 9.0000 3.3379 0.0028 
30.9940 1.0000 2984.8525 0.3752 0.1382 -0.2842 3.3438 7.0000 4.9085 0.0040 
30.9810 1.0000 2980.4598 0.3747 0.1376 -0.2867 3.3425 7.0000 4.3322 0.0032 
30.9788 1.0000 2978.8951 0.3753 0.1413 -0.2752 3.3525 8.0000 4.8772 0.0035 
30.9670 1.0000 2974.2825 0.3740 0.1385 -0.2855 3.3511 7.0000 3.7721 0.0042 
30.9770 1.0000 2981.7477 0.3769 0.1429 -0.2765 3.3497 7.0000 4.8367 0.0030 
30.9850 1.0000 2982.1556 0.3771 0.1397 -0.2841 3.3424 8.0000 4.6660 0.0035 
30.9748 1.0000 2977.4359 0.3788 0.1406 -0.2842 3.3484 8.0000 4.7540 0.0035 
30.9833 1.0000 2981.7422 0.3766 0.1392 -0.2847 3.3479 7.0000 4.7969 0.0041 
30.9855 1.0000 2981.2907 0.3810 0.1408 -0.2856 3.3559 7.0000 4.8321 0.0033 
30.9792 1.0000 2978.8645 0.3744 0.1401 -0.2818 3.3521 7.0000 4.6165 0.0038 
31.0011 1.0000 2989.5227 0.3763 0.1386 -0.2848 3.3401 7.0000 3.4336 0.0033 
30.9864 1.0000 2981.6760 0.3737 0.1372 -0.2854 3.3509 8.0000 4.4441 0.0028 
30.9626 1.0000 2973.3920 0.3761 0.1386 -0.2836 3.3449 7.0000 4.7509 0.0039 
30.9577 1.0000 2969.8631 0.3751 0.1374 -0.2893 3.3483 7.0000 4.9301 0.0034 
30.9933 1.0000 2986.2337 0.3795 0.1401 -0.2882 3.3480 7.0000 4.7530 0.0032 
30.9851 1.0000 2981.7753 0.3817 0.1417 -0.2847 3.3534 7.0000 4.8843 0.0035 
30.9775 1.0000 2982.4773 0.3795 0.1430 -0.2817 3.3516 7.0000 3.9277 0.0033 
30.9840 1.0000 2982.6443 0.3783 0.1416 -0.2821 3.3529 8.0000 5.8317 0.0031 
30.9593 1.0000 2972.9363 0.3736 0.1396 -0.2805 3.3487 7.0000 5.8880 0.0031 
30.9698 1.0000 2975.7353 0.3783 0.1417 -0.2827 3.3517 7.0000 4.8422 0.0029 
30.9998 1.0000 2989.2404 0.3760 0.1399 -0.2828 3.3479 7.0000 4.8382 0.0031 
30.9851 1.0000 2983.6194 0.3788 0.1414 -0.2828 3.3489 8.0000 3.3888 0.0028 
30.9670 1.0000 2975.3366 0.3736 0.1403 -0.2797 3.3480 8.0000 4.7521 0.0031 
30.9819 1.0000 2979.2065 0.3764 0.1402 -0.2823 3.3492 7.0000 4.7945 0.0038 
30.9869 1.0000 2981.8152 0.3749 0.1378 -0.2839 3.3455 7.0000 4.9110 0.0037 
30.9840 1.0000 2981.0237 0.3751 0.1395 -0.2832 3.3409 7.0000 4.7924 0.0029 
30.9786 1.0000 2979.0400 0.3771 0.1403 -0.2862 3.3508 7.0000 4.2822 0.0034 
30.9897 1.0000 2982.6165 0.3747 0.1397 -0.2802 3.3484 7.0000 4.9096 0.0039 
30.9868 1.0000 2984.1624 0.3763 0.1408 -0.2814 3.3479 8.0000 4.8102 0.0036 
30.9974 1.0000 2988.7404 0.3763 0.1360 -0.2908 3.3431 7.0000 5.0452 0.0035 
30.9920 1.0000 2987.5178 0.3761 0.1397 -0.2829 3.3473 7.0000 4.5757 0.0035 
31.0010 1.0000 2987.0725 0.3747 0.1377 -0.2849 3.3399 7.0000 4.6605 0.0036 
30.9897 1.0000 2985.3271 0.3745 0.1399 -0.2821 3.3505 7.0000 4.3060 0.0027 
30.9690 1.0000 2975.8786 0.3771 0.1396 -0.2855 3.3481 7.0000 4.9662 0.0034 
30.9716 1.0000 2975.7779 0.3755 0.1385 -0.2864 3.3452 7.0000 3.3840 0.0034 
30.9975 1.0000 2989.0900 0.3764 0.1417 -0.2779 3.3507 9.0000 4.8646 0.0034 
30.9797 1.0000 2980.4801 0.3781 0.1404 -0.2848 3.3485 7.0000 3.4291 0.0034 
30.9663 1.0000 2974.5351 0.3777 0.1403 -0.2837 3.3482 7.0000 4.4943 0.0034 
30.9753 1.0000 2979.2186 0.3797 0.1441 -0.2780 3.3518 7.0000 5.0165 0.0034 
30.9789 1.0000 2980.5598 0.3755 0.1401 -0.2805 3.3523 8.0000 4.6998 0.0034 
30.9871 1.0000 2982.3150 0.3767 0.1406 -0.2819 3.3506 7.0000 5.5148 0.0034 
31.0023 1.0000 2990.5482 0.3755 0.1374 -0.2887 3.3539 7.0000 5.6937 0.0034 
30.9745 1.0000 2978.3059 0.3757 0.1416 -0.2793 3.3560 7.0000 4.4795 0.0034 
30.9797 1.0000 2982.2807 0.3772 0.1423 -0.2773 3.3563 7.0000 4.8379 0.0034 
