31.0539 1.0000 3007.5294 0.1623 0.1042 -0.1030 2.7616 5.0000 0.9873 0.0012 
31.0515 1.0000 3007.2574 0.1721 0.1057 -0.1241 2.7587 5.0000 0.8527 0.0009 
31.0547 1.0000 3007.2361 0.1691 0.1038 -0.1206 2.7650 5.0000 1.0275 0.0010 
31.0523 1.0000 3008.8627 0.1698 0.1039 -0.1221 2.7611 5.0000 0.9939 0.0010 
31.0596 1.0000 3011.3358 0.1614 0.1052 -0.0980 2.7613 5.0000 1.0458 0.0010 
31.0539 1.0000 3006.8979 0.1627 0.1048 -0.1023 2.7639 5.0000 1.0297 0.0009 
31.0637 1.0000 3015.3031 0.1571 0.1046 -0.0844 2.7609 5.0000 1.0354 0.0009 
31.0580 1.0000 3010.5760 0.1718 0.1043 -0.1262 2.7630 5.0000 1.0412 0.0010 
31.0523 1.0000 3005.7917 0.1775 0.1046 -0.1358 2.7600 5.0000 1.0355 0.0011 
31.0498 1.0000 3006.2590 0.1695 0.1032 -0.1234 2.7596 5.0000 1.0296 0.0009 
31.0498 1.0000 3003.9469 0.1646 0.1046 -0.1063 2.7635 5.0000 1.0397 0.0009 
31.0572 1.0000 3008.9943 0.1707 0.1044 -0.1223 2.7629 5.0000 0.1335 0.0012 
31.0515 1.0000 3007.0000 0.1678 0.1039 -0.1165 2.7558 5.0000 0.2464 0.0010 
31.0572 1.0000 3008.7541 0.1748 0.1039 -0.1334 2.7621 5.0000 0.3369 0.0010 
31.0580 1.0000 3008.8962 0.1607 0.1040 -0.1018 2.7652 5.0000 0.3019 0.0012 
31.0507 1.0000 3005.9902 0.1600 0.1046 -0.0934 2.7609 5.0000 0.2042 0.0012 
31.0564 1.0000 3009.3096 0.1651 0.1040 -0.1086 2.7602 5.0000 0.1652 0.0011 
31.0547 1.0000 3008.2990 0.1667 0.1049 -0.1096 2.7582 5.0000 0.2133 0.0009 
31.0498 1.0000 3005.8145 0.1641 0.1042 -0.1063 2.7655 5.0000 0.1753 0.0011 
31.0556 1.0000 3005.7729 0.1726 0.1052 -0.1242 2.7625 5.0000 0.2501 0.0009 
31.0572 1.0000 3007.5547 0.1731 0.1048 -0.1265 2.7623 5.0000 0.1728 0.0011 
31.0507 1.0000 3004.8292 0.1581 0.1048 -0.0881 2.7586 5.0000 0.1315 0.0011 
31.0498 1.0000 3004.6953 0.1696 0.1040 -0.1215 2.7579 5.0000 0.0904 0.0012 
31.0556 1.0000 3008.9502 0.1629 0.1055 -0.0981 2.7617 5.0000 0.1306 0.0011 
31.0507 1.0000 3003.6127 0.1538 0.1046 -0.0759 2.7579 5.0000 0.1677 0.0011 
31.0515 1.0000 3005.9510 0.1710 0.1059 -0.1188 2.7543 5.0000 0.1732 0.0013 
31.0523 1.0000 3005.1871 0.1769 0.1053 -0.1333 2.7537 5.0000 0.2037 0.0011 
31.0547 1.0000 3006.9959 0.1747 0.1054 -0.1315 2.7639 5.0000 0.1368 0.0011 
31.0596 1.0000 3010.0408 0.1669 0.1057 -0.1098 2.7563 5.0000 0.1766 0.0009 
31.0547 1.0000 3007.8007 0.1650 0.1030 -0.1122 2.7576 5.0000 0.1765 0.0010 
31.0515 1.0000 3006.3137 0.1618 0.1031 -0.1045 2.7630 5.0000 0.2170 0.0013 
31.0539 1.0000 3007.2819 0.1596 0.1034 -0.0994 2.7648 5.0000 0.1310 0.0010 
31.0515 1.0000 3004.2614 0.1735 0.1046 -0.1310 2.7607 5.0000 0.1733 0.0013 
31.0539 1.0000 3008.0000 0.1696 0.1036 -0.1206 2.7590 5.0000 0.1762 0.0010 
31.0539 1.0000 3008.7990 0.1637 0.1042 -0.1051 2.7613 5.0000 0.1715 0.0009 
31.0572 1.0000 3010.5621 0.1696 0.1041 -0.1205 2.7612 5.0000 0.1708 0.0009 
31.0539 1.0000 3009.4845 0.1607 0.1047 -0.0959 2.7638 5.0000 0.1315 0.0011 
31.0474 1.0000 3003.6430 0.1729 0.1039 -0.1271 2.7635 5.0000 0.1749 0.0011 
31.0539 1.0000 3007.6291 0.1643 0.1038 -0.1070 2.7663 5.0000 0.1340 0.0011 
31.0531 1.0000 3005.5752 0.1583 0.1044 -0.0908 2.7600 5.0000 0.1342 0.0010 
31.0466 1.0000 3002.1479 0.1646 0.1051 -0.1061 2.7630 5.0000 0.1315 0.0009 
31.0556 1.0000 3005.2892 0.1669 0.1027 -0.1194 2.7609 5.0000 0.1706 0.0012 
31.0556 1.0000 3008.8603 0.1644 0.1047 -0.1057 2.7616 5.0000 0.1746 0.0011 
31.0466 1.0000 3004.0261 0.1671 0.1040 -0.1134 2.7552 5.0000 0.1740 0.0011 
31.0564 1.0000 3009.2712 0.1658 0.1045 -0.1064 2.7597 5.0000 0.1731 0.0011 
31.0596 1.0000 3010.6928 0.1652 0.1046 -0.1117 2.7578 5.0000 0.1341 0.0012 
31.0588 1.0000 3010.7835 0.1511 0.1045 -0.0681 2.7638 6.0000 0.1724 0.0011 
31.0572 1.0000 3008.1724 0.1618 0.1041 -0.1019 2.7606 5.0000 0.1343 0.0011 
31.0531 1.0000 3007.3815 0.1747 0.1043 -0.1343 2.7553 5.0000 0.1740 0.0009 
31.0531 1.0000 3007.2574 0.1690 0.1041 -0.1195 2.7639 5.0000 0.1337 0.0011 
31.0523 1.0000 3008.5041 0.1712 0.1049 -0.1217 2.7634 5.0000 0.2656 0.0011 
31.0564 1.0000 3009.2157 0.1650 0.1052 -0.1052 2.7575 5.0000 0.2241 0.0012 
31.0482 1.0000 3002.4559 0.1790 0.1050 -0.1381 2.7563 5.0000 0.1340 0.0011 
31.0539 1.0000 3006.8276 0.1546 0.1033 -0.0855 2.7568 5.0000 0.1331 0.0011 
31.0547 1.0000 3006.6618 0.1747 0.1041 -0.1325 2.7610 5.0000 0.1332 0.0011 
31.0523 1.0000 3006.6176 0.1707 0.1051 -0.1207 2.7605 5.0000 0.1728 0.0011 
31.0482 1.0000 3005.9869 0.1685 0.1054 -0.1130 2.7622 5.0000 0.1316 0.0011 
31.0490 1.0000 3003.8881 0.1598 0.1054 -0.0935 2.7631 5.0000 0.1340 0.0009 
31.0531 1.0000 3007.5531 0.1601 0.1046 -0.0927 2.7602 5.0000 0.0914 0.0009 
31.0580 1.0000 3010.3186 0.1751 0.1051 -0.1320 2.7607 5.0000 0.1737 0.0011 
31.0515 1.0000 3006.2647 0.1689 0.1045 -0.1173 2.7641 5.0000 0.1338 0.0011 
31.0531 1.0000 3003.9641 0.1598 0.1041 -0.0962 2.7630 5.0000 0.1305 0.0009 
31.0523 1.0000 3006.2239 0.1739 0.1046 -0.1293 2.7694 5.0000 0.2192 0.0008 
31.0515 1.0000 3006.4453 0.1647 0.1056 -0.1046 2.7612 5.0000 0.2199 0.0010 
31.0580 1.0000 3009.5915 0.1644 0.1039 -0.1068 2.7596 5.0000 0.1362 0.0008 
31.0539 1.0000 3007.1536 0.1815 0.1040 -0.1465 2.7497 5.0000 0.1355 0.0012 
31.0515 1.0000 3006.0882 0.1651 0.1041 -0.1103 2.7531 5.0000 0.2166 0.0010 
31.0515 1.0000 3005.7263 0.1664 0.1032 -0.1155 2.7609 5.0000 0.1370 0.0010 
31.0564 1.0000 3006.4910 0.1598 0.1037 -0.0952 2.7590 5.0000 0.1741 0.0010 
31.0596 1.0000 3011.2165 0.1571 0.1027 -0.0913 2.7581 5.0000 0.1348 0.0010 
31.0531 1.0000 3006.7516 0.1606 0.1045 -0.0957 2.7640 5.0000 0.1304 0.0011 
31.0515 1.0000 3005.4109 0.1711 0.1045 -0.1212 2.7614 5.0000 0.1723 0.0011 
31.0539 1.0000 3006.8701 0.1633 0.1041 -0.1064 2.7591 5.0000 0.1708 0.0010 
31.0621 1.0000 3011.1716 0.1732 0.1050 -0.1275 2.7549 5.0000 0.0905 0.0010 
31.0507 1.0000 3003.9134 0.1813 0.1051 -0.1432 2.7611 5.0000 0.1706 0.0012 
31.0515 1.0000 3005.3268 0.1661 0.1035 -0.1127 2.7577 5.0000 0.2182 0.0009 
31.0547 1.0000 3008.6405 0.1645 0.1045 -0.1070 2.7576 5.0000 0.1753 0.0011 
31.0556 1.0000 3008.0474 0.1614 0.1047 -0.0962 2.7607 5.0000 0.1743 0.0012 
31.0547 1.0000 3007.9109 0.1797 0.1042 -0.1423 2.7580 5.0000 0.1720 0.0012 
31.0547 1.0000 3009.0931 0.1635 0.1046 -0.1044 2.7598 5.0000 0.1743 0.0009 
31.0547 1.0000 3010.4812 0.1524 0.1052 -0.0683 2.7626 5.0000 0.2154 0.0010 
31.0547 1.0000 3009.1806 0.1621 0.1040 -0.1034 2.7579 5.0000 0.3100 0.0010 
31.0523 1.0000 3005.7696 0.1662 0.1047 -0.1092 2.7607 5.0000 0.2625 0.0011 
31.0523 1.0000 3006.4150 0.1665 0.1035 -0.1159 2.7580 5.0000 0.1740 0.0011 
31.0523 1.0000 3005.5703 0.1664 0.1042 -0.1118 2.7596 5.0000 0.1742 0.0010 
31.0596 1.0000 3009.7508 0.1671 0.1040 -0.1146 2.7624 5.0000 0.1774 0.0011 
31.0482 1.0000 3003.9624 0.1637 0.1044 -0.1048 2.7602 5.0000 0.1754 0.0012 
31.0588 1.0000 3009.5188 0.1811 0.1063 -0.1396 2.7590 5.0000 0.1742 0.0011 
31.0498 1.0000 3002.8791 0.1659 0.1046 -0.1104 2.7618 5.0000 0.1708 0.0011 
31.0507 1.0000 3005.9297 0.1585 0.1027 -0.0952 2.7598 5.0000 0.1307 0.0010 
31.0482 1.0000 3000.8652 0.1698 0.1034 -0.1243 2.7575 5.0000 0.1342 0.0011 
31.0580 1.0000 3009.0539 0.1704 0.1036 -0.1216 2.7545 5.0000 0.1744 0.0011 
31.0556 1.0000 3007.8873 0.1779 0.1050 -0.1371 2.7596 5.0000 0.1741 0.0011 
31.0490 1.0000 3004.5809 0.1695 0.1049 -0.1137 2.7625 5.0000 0.1726 0.0011 
31.0531 1.0000 3005.7149 0.1630 0.1040 -0.1027 2.7641 5.0000 0.1755 0.0011 
31.0564 1.0000 3009.6405 0.1761 0.1048 -0.1305 2.7622 5.0000 0.1740 0.0011 
31.0539 1.0000 3006.0359 0.1598 0.1036 -0.0975 2.7636 5.0000 0.1305 0.0011 
31.0547 1.0000 3006.9436 0.1693 0.1037 -0.1224 2.7611 5.0000 0.1742 0.0011 
31.0523 1.0000 3010.2810 0.1809 0.1041 -0.1464 2.7593 5.0000 0.1692 0.0011 
31.0523 1.0000 3005.8227 0.1663 0.1040 -0.1177 2.7565 5.0000 0.1742 0.0011 
