30.8619 1.0000 2933.6716 0.2775 0.0967 -0.3064 3.1447 6.0000 13.4186 0.0056 
30.8848 1.0000 2939.6005 0.2757 0.0937 -0.3092 3.1433 6.0000 12.3613 0.0069 
30.8916 1.0000 2939.5692 0.2744 0.0950 -0.3049 3.1508 6.0000 12.3199 0.0059 
30.8652 1.0000 2933.7843 0.2760 0.0947 -0.3086 3.1486 6.0000 13.2825 0.0059 
30.8840 1.0000 2944.3573 0.2761 0.0954 -0.3082 3.1479 6.0000 13.1099 0.0071 
30.9080 1.0000 2952.8303 0.2758 0.0944 -0.3085 3.1462 6.0000 10.6853 0.0056 
30.8998 1.0000 2943.8143 0.2752 0.0945 -0.3074 3.1452 6.0000 10.6810 0.0056 
30.9006 1.0000 2948.6149 0.2765 0.0951 -0.3089 3.1496 6.0000 11.0535 0.0071 
30.9009 1.0000 2945.9660 0.2782 0.0937 -0.3136 3.1464 6.0000 11.2739 0.0062 
30.9028 1.0000 2948.1552 0.2760 0.0950 -0.3060 3.1533 7.0000 13.5012 0.0062 
30.8837 1.0000 2937.9504 0.2756 0.0965 -0.3044 3.1480 7.0000 13.0184 0.0059 
30.8750 1.0000 2938.5681 0.2747 0.0940 -0.3066 3.1479 7.0000 1.4944 0.0062 
30.9058 1.0000 2948.6392 0.2769 0.0955 -0.3101 3.1479 6.0000 2.1549 0.0060 
30.8875 1.0000 2944.4001 0.2776 0.0933 -0.3138 3.1436 7.0000 2.1814 0.0070 
30.8687 1.0000 2936.7574 0.2724 0.0931 -0.3061 3.1472 6.0000 1.4902 0.0072 
30.8946 1.0000 2947.1378 0.2771 0.0947 -0.3110 3.1431 6.0000 2.5119 0.0064 
30.9120 1.0000 2951.8788 0.2730 0.0952 -0.3025 3.1497 6.0000 3.0708 0.0050 
30.8859 1.0000 2940.8257 0.2746 0.0938 -0.3082 3.1460 6.0000 3.0341 0.0056 
30.9134 1.0000 2954.1087 0.2741 0.0941 -0.3069 3.1484 6.0000 3.7288 0.0066 
30.9011 1.0000 2946.7952 0.2787 0.0961 -0.3116 3.1501 7.0000 4.0714 0.0056 
30.8957 1.0000 2943.5054 0.2774 0.0949 -0.3108 3.1448 7.0000 3.7316 0.0055 
30.9112 1.0000 2949.9107 0.2720 0.0933 -0.3058 3.1418 6.0000 3.7278 0.0055 
30.9017 1.0000 2950.7203 0.2732 0.0946 -0.3017 3.1470 6.0000 1.5408 0.0069 
30.8636 1.0000 2928.7448 0.2773 0.0949 -0.3122 3.1498 6.0000 1.4957 0.0074 
30.8900 1.0000 2947.5858 0.2754 0.0946 -0.3077 3.1421 6.0000 2.1536 0.0055 
30.8712 1.0000 2934.4532 0.2731 0.0941 -0.3053 3.1438 6.0000 1.4945 0.0063 
30.9319 1.0000 2964.5678 0.2743 0.0971 -0.3009 3.1498 7.0000 2.1547 0.0060 
30.8832 1.0000 2942.2249 0.2770 0.0959 -0.3060 3.1477 6.0000 2.4179 0.0067 
30.9123 1.0000 2950.4120 0.2773 0.0946 -0.3104 3.1448 6.0000 2.3284 0.0067 
30.9175 1.0000 2950.3652 0.2768 0.0952 -0.3071 3.1510 6.0000 2.1092 0.0070 
30.8824 1.0000 2934.7761 0.2743 0.0943 -0.3065 3.1502 6.0000 2.2517 0.0070 
30.8660 1.0000 2936.2048 0.2751 0.0942 -0.3087 3.1540 7.0000 2.8568 0.0055 
30.8742 1.0000 2927.5760 0.2763 0.0953 -0.3087 3.1487 6.0000 2.7729 0.0055 
30.8592 1.0000 2924.1239 0.2765 0.0962 -0.3065 3.1485 7.0000 2.2408 0.0056 
30.8908 1.0000 2948.4973 0.2775 0.0950 -0.3068 3.1440 7.0000 2.1981 0.0079 
30.9150 1.0000 2952.0063 0.2712 0.0950 -0.2988 3.1454 6.0000 2.2786 0.0067 
30.9014 1.0000 2948.9153 0.2784 0.0945 -0.3109 3.1477 6.0000 2.2418 0.0063 
30.8810 1.0000 2936.0191 0.2730 0.0949 -0.3062 3.1451 6.0000 2.1980 0.0059 
30.9006 1.0000 2946.1127 0.2770 0.0946 -0.3075 3.1489 6.0000 2.1560 0.0062 
30.8690 1.0000 2936.0003 0.2730 0.0944 -0.3043 3.1465 7.0000 2.3275 0.0062 
30.9172 1.0000 2954.1528 0.2750 0.0945 -0.3078 3.1477 7.0000 2.1547 0.0070 
30.8941 1.0000 2946.7263 0.2770 0.0944 -0.3115 3.1433 6.0000 2.4821 0.0070 
30.8529 1.0000 2926.0387 0.2741 0.0947 -0.3057 3.1510 7.0000 2.9746 0.0062 
30.9131 1.0000 2955.1329 0.2731 0.0930 -0.3055 3.1454 7.0000 2.9326 0.0062 
30.8431 1.0000 2918.3181 0.2770 0.0951 -0.3124 3.1493 7.0000 1.4985 0.0062 
30.8794 1.0000 2937.0926 0.2737 0.0927 -0.3111 3.1467 6.0000 2.3299 0.0069 
30.8932 1.0000 2946.3317 0.2726 0.0926 -0.3042 3.1462 6.0000 1.4979 0.0077 
30.9044 1.0000 2946.3589 0.2797 0.0961 -0.3108 3.1458 6.0000 2.2001 0.0066 
30.8957 1.0000 2947.4483 0.2735 0.0943 -0.3034 3.1456 6.0000 2.2418 0.0060 
30.8881 1.0000 2943.0779 0.2755 0.0942 -0.3068 3.1461 6.0000 2.1136 0.0063 
30.8712 1.0000 2935.8633 0.2751 0.0944 -0.3096 3.1450 6.0000 2.2825 0.0063 
30.8946 1.0000 2943.5267 0.2746 0.0935 -0.3073 3.1445 7.0000 2.1958 0.0049 
30.8962 1.0000 2946.1901 0.2756 0.0938 -0.3070 3.1481 6.0000 2.5861 0.0067 
30.9036 1.0000 2948.6068 0.2734 0.0936 -0.3080 3.1449 6.0000 3.1717 0.0076 
30.8960 1.0000 2946.5801 0.2754 0.0941 -0.3096 3.1521 6.0000 3.2082 0.0076 
30.8747 1.0000 2934.8878 0.2751 0.0961 -0.3059 3.1488 6.0000 1.5815 0.0066 
30.8499 1.0000 2925.3260 0.2747 0.0934 -0.3095 3.1423 6.0000 1.8793 0.0069 
30.8837 1.0000 2943.3431 0.2743 0.0933 -0.3103 3.1525 6.0000 2.3346 0.0050 
30.9014 1.0000 2949.4995 0.2758 0.0946 -0.3087 3.1433 6.0000 2.2889 0.0071 
30.9365 1.0000 2962.7571 0.2734 0.0950 -0.3027 3.1471 6.0000 2.2421 0.0052 
30.8932 1.0000 2945.8241 0.2754 0.0940 -0.3084 3.1450 7.0000 2.4074 0.0050 
30.8799 1.0000 2938.7642 0.2751 0.0946 -0.3079 3.1463 6.0000 2.2849 0.0062 
30.8962 1.0000 2946.7595 0.2745 0.0940 -0.3096 3.1422 6.0000 2.2308 0.0062 
30.8524 1.0000 2925.0294 0.2769 0.0946 -0.3111 3.1420 6.0000 2.3299 0.0057 
30.8859 1.0000 2935.2010 0.2733 0.0945 -0.3055 3.1423 7.0000 2.3215 0.0063 
30.8826 1.0000 2937.4303 0.2759 0.0939 -0.3094 3.1484 6.0000 2.3695 0.0063 
30.8742 1.0000 2930.5022 0.2757 0.0936 -0.3113 3.1441 6.0000 1.4964 0.0060 
30.9316 1.0000 2959.5025 0.2791 0.0939 -0.3132 3.1434 6.0000 2.2844 0.0064 
30.8679 1.0000 2933.8799 0.2763 0.0945 -0.3113 3.1481 7.0000 2.3278 0.0064 
30.9251 1.0000 2961.2252 0.2775 0.0947 -0.3098 3.1458 6.0000 2.2406 0.0060 
30.9025 1.0000 2953.4300 0.2788 0.0959 -0.3082 3.1472 6.0000 2.2311 0.0065 
30.9306 1.0000 2960.9014 0.2740 0.0943 -0.3038 3.1453 6.0000 1.4965 0.0059 
30.8954 1.0000 2945.7432 0.2731 0.0949 -0.3051 3.1519 7.0000 2.3326 0.0074 
30.9090 1.0000 2954.3143 0.2757 0.0938 -0.3064 3.1450 6.0000 2.4688 0.0064 
30.9153 1.0000 2952.6383 0.2789 0.0945 -0.3142 3.1455 6.0000 2.4601 0.0060 
30.8922 1.0000 2944.8930 0.2754 0.0951 -0.3082 3.1448 6.0000 2.5492 0.0064 
30.8856 1.0000 2941.3491 0.2712 0.0939 -0.3041 3.1486 6.0000 2.1558 0.0054 
30.8894 1.0000 2941.3094 0.2743 0.0948 -0.3064 3.1501 6.0000 2.2428 0.0057 
30.8894 1.0000 2942.3769 0.2729 0.0946 -0.3041 3.1538 7.0000 1.5410 0.0064 
30.9033 1.0000 2949.9314 0.2748 0.0957 -0.3021 3.1458 6.0000 1.4986 0.0061 
30.9001 1.0000 2946.5907 0.2746 0.0927 -0.3102 3.1514 7.0000 2.3718 0.0059 
30.8870 1.0000 2945.6623 0.2725 0.0941 -0.3027 3.1475 6.0000 2.1990 0.0067 
30.8592 1.0000 2929.1016 0.2763 0.0940 -0.3107 3.1442 7.0000 2.2015 0.0064 
30.8889 1.0000 2944.7486 0.2743 0.0955 -0.3027 3.1472 6.0000 2.3216 0.0066 
30.9006 1.0000 2948.6078 0.2769 0.0944 -0.3110 3.1490 6.0000 2.4959 0.0064 
30.9188 1.0000 2956.4717 0.2734 0.0945 -0.3021 3.1478 7.0000 3.2405 0.0064 
30.9096 1.0000 2952.6176 0.2750 0.0948 -0.3070 3.1479 6.0000 3.3953 0.0064 
30.8889 1.0000 2941.5915 0.2715 0.0932 -0.3025 3.1475 7.0000 2.2353 0.0066 
30.8897 1.0000 2944.8905 0.2736 0.0947 -0.3048 3.1493 6.0000 2.3252 0.0066 
30.8979 1.0000 2947.8592 0.2748 0.0948 -0.3051 3.1470 6.0000 2.2431 0.0062 
30.9044 1.0000 2951.5430 0.2711 0.0920 -0.3039 3.1411 6.0000 1.5378 0.0062 
30.8810 1.0000 2938.3047 0.2773 0.0946 -0.3116 3.1405 7.0000 2.3299 0.0062 
30.8903 1.0000 2943.4769 0.2765 0.0934 -0.3086 3.1435 7.0000 2.3317 0.0062 
30.8832 1.0000 2939.8641 0.2783 0.0940 -0.3132 3.1438 6.0000 2.2446 0.0062 
30.8881 1.0000 2944.0934 0.2750 0.0940 -0.3059 3.1486 6.0000 3.6961 0.0062 
30.8927 1.0000 2941.7838 0.2717 0.0937 -0.3023 3.1474 7.0000 5.3141 0.0062 
30.8791 1.0000 2942.2184 0.2756 0.0951 -0.3048 3.1509 6.0000 3.2935 0.0062 
30.8878 1.0000 2946.0809 0.2769 0.0943 -0.3100 3.1459 7.0000 2.7226 0.0062 
30.9306 1.0000 2964.0719 0.2729 0.0937 -0.3044 3.1424 7.0000 3.1199 0.0062 
30.8952 1.0000 2941.5289 0.2747 0.0946 -0.3073 3.1440 6.0000 3.0298 0.0062 
