30.9434 1.0000 2968.5437 0.3227 0.1127 -0.2980 3.2534 7.0000 20.7837 0.0049 
30.9632 1.0000 2972.3983 0.3220 0.1119 -0.3041 3.2557 7.0000 18.3177 0.0046 
30.9379 1.0000 2963.5359 0.3242 0.1123 -0.3024 3.2508 7.0000 18.7593 0.0036 
30.9720 1.0000 2977.9105 0.3185 0.1127 -0.2955 3.2573 8.0000 18.9397 0.0043 
30.9759 1.0000 2978.9657 0.3266 0.1136 -0.3061 3.2525 7.0000 20.8208 0.0046 
30.9512 1.0000 2968.5370 0.3233 0.1121 -0.3035 3.2568 7.0000 20.3463 0.0050 
30.9649 1.0000 2973.5167 0.3264 0.1142 -0.3046 3.2521 7.0000 20.7800 0.0043 
30.9436 1.0000 2967.1908 0.3234 0.1155 -0.2993 3.2574 7.0000 20.5634 0.0050 
30.9579 1.0000 2970.9855 0.3256 0.1142 -0.3057 3.2534 6.0000 20.6899 0.0050 
30.9549 1.0000 2969.3505 0.3207 0.1118 -0.2992 3.2560 7.0000 19.5970 0.0049 
30.9414 1.0000 2963.3570 0.3271 0.1157 -0.2999 3.2580 7.0000 18.2290 0.0043 
30.9306 1.0000 2958.4016 0.3185 0.1135 -0.2940 3.2570 7.0000 2.1557 0.0046 
30.9348 1.0000 2958.7892 0.3235 0.1158 -0.2967 3.2656 7.0000 4.2070 0.0042 
30.9520 1.0000 2970.7763 0.3240 0.1134 -0.3010 3.2533 7.0000 5.8815 0.0043 
30.9453 1.0000 2965.6726 0.3241 0.1129 -0.3034 3.2488 7.0000 7.4747 0.0041 
30.9538 1.0000 2969.4710 0.3243 0.1142 -0.2989 3.2577 7.0000 7.9682 0.0041 
30.9565 1.0000 2971.4414 0.3272 0.1150 -0.3047 3.2515 7.0000 9.0554 0.0039 
30.9240 1.0000 2957.3662 0.3218 0.1123 -0.3036 3.2546 7.0000 11.0628 0.0039 
30.9632 1.0000 2974.8252 0.3247 0.1135 -0.3020 3.2517 7.0000 11.9275 0.0039 
30.9483 1.0000 2966.0952 0.3243 0.1132 -0.3020 3.2522 7.0000 14.1667 0.0047 
30.9444 1.0000 2968.1763 0.3250 0.1135 -0.3014 3.2596 8.0000 10.6900 0.0041 
30.9322 1.0000 2961.4747 0.3223 0.1122 -0.3054 3.2549 7.0000 10.2317 0.0047 
30.9559 1.0000 2970.8397 0.3244 0.1149 -0.2996 3.2588 7.0000 3.3847 0.0050 
30.9524 1.0000 2968.2670 0.3243 0.1141 -0.2979 3.2567 8.0000 3.1645 0.0046 
30.9610 1.0000 2973.3781 0.3218 0.1144 -0.2970 3.2545 7.0000 3.2121 0.0046 
30.9316 1.0000 2958.8981 0.3232 0.1144 -0.3041 3.2538 7.0000 5.0520 0.0049 
30.9694 1.0000 2977.2002 0.3230 0.1127 -0.3048 3.2512 7.0000 6.8525 0.0049 
30.9659 1.0000 2974.5809 0.3262 0.1131 -0.3060 3.2541 6.0000 6.5928 0.0039 
30.9406 1.0000 2967.0315 0.3228 0.1133 -0.3023 3.2549 8.0000 4.0459 0.0039 
30.9647 1.0000 2974.6979 0.3240 0.1139 -0.3005 3.2504 6.0000 4.2504 0.0049 
30.9571 1.0000 2974.5568 0.3244 0.1141 -0.2983 3.2519 7.0000 5.8123 0.0039 
30.9434 1.0000 2968.2598 0.3230 0.1131 -0.3017 3.2578 7.0000 5.7648 0.0041 
30.9306 1.0000 2959.1867 0.3231 0.1142 -0.3006 3.2573 7.0000 5.2767 0.0041 
30.9457 1.0000 2966.9845 0.3234 0.1135 -0.3005 3.2524 7.0000 2.3763 0.0047 
30.9467 1.0000 2967.2612 0.3248 0.1138 -0.3025 3.2580 7.0000 3.8383 0.0041 
30.9336 1.0000 2961.4651 0.3206 0.1116 -0.3013 3.2613 7.0000 3.3737 0.0043 
30.9340 1.0000 2961.2188 0.3237 0.1150 -0.2994 3.2585 7.0000 3.4728 0.0039 
30.9628 1.0000 2972.7116 0.3218 0.1133 -0.2999 3.2536 7.0000 4.7938 0.0039 
30.9665 1.0000 2977.2069 0.3202 0.1125 -0.2968 3.2466 7.0000 4.5292 0.0042 
30.9477 1.0000 2967.9577 0.3227 0.1161 -0.2942 3.2602 8.0000 4.9646 0.0043 
30.9585 1.0000 2973.5991 0.3228 0.1120 -0.3043 3.2546 8.0000 5.0089 0.0049 
30.9583 1.0000 2972.3601 0.3225 0.1143 -0.2981 3.2565 7.0000 4.4378 0.0049 
30.9471 1.0000 2968.0159 0.3203 0.1119 -0.3013 3.2535 7.0000 3.9978 0.0045 
30.9414 1.0000 2965.4228 0.3205 0.1118 -0.3006 3.2523 7.0000 4.2250 0.0045 
30.9594 1.0000 2973.7310 0.3211 0.1140 -0.2971 3.2572 7.0000 2.2897 0.0039 
30.9532 1.0000 2971.2138 0.3223 0.1146 -0.2953 3.2579 7.0000 2.4167 0.0040 
30.9563 1.0000 2972.6348 0.3234 0.1140 -0.3003 3.2608 7.0000 3.3864 0.0039 
30.9663 1.0000 2976.5292 0.3228 0.1128 -0.2981 3.2530 7.0000 3.3854 0.0045 
30.9526 1.0000 2971.8395 0.3228 0.1127 -0.2993 3.2551 8.0000 4.0752 0.0042 
30.9355 1.0000 2960.5846 0.3261 0.1148 -0.3041 3.2639 7.0000 7.1899 0.0048 
30.9549 1.0000 2970.8772 0.3269 0.1134 -0.3033 3.2551 8.0000 6.7506 0.0042 
30.9361 1.0000 2964.1481 0.3245 0.1146 -0.2969 3.2542 7.0000 4.4811 0.0048 
30.9326 1.0000 2962.7220 0.3249 0.1144 -0.2992 3.2526 7.0000 3.7283 0.0048 
30.9479 1.0000 2965.0774 0.3248 0.1126 -0.3033 3.2552 7.0000 3.9892 0.0048 
30.9645 1.0000 2975.1193 0.3229 0.1135 -0.3014 3.2590 8.0000 3.9137 0.0044 
30.9630 1.0000 2974.8529 0.3243 0.1130 -0.3028 3.2553 7.0000 4.1792 0.0044 
30.9471 1.0000 2969.3664 0.3227 0.1119 -0.3023 3.2484 8.0000 3.4246 0.0038 
30.9661 1.0000 2973.5582 0.3236 0.1137 -0.3021 3.2561 6.0000 2.4214 0.0047 
30.9563 1.0000 2971.3587 0.3245 0.1138 -0.2989 3.2569 8.0000 3.4312 0.0046 
30.9310 1.0000 2962.6914 0.3247 0.1145 -0.2972 3.2591 6.0000 3.1528 0.0045 
30.9369 1.0000 2963.8791 0.3253 0.1140 -0.3025 3.2546 7.0000 3.2829 0.0045 
30.9547 1.0000 2969.9804 0.3213 0.1123 -0.2973 3.2524 8.0000 3.5179 0.0044 
30.9391 1.0000 2964.8946 0.3256 0.1138 -0.3043 3.2546 7.0000 3.6972 0.0044 
30.9516 1.0000 2969.6850 0.3247 0.1145 -0.3006 3.2591 7.0000 3.5595 0.0049 
30.9557 1.0000 2969.5490 0.3235 0.1146 -0.2978 3.2531 7.0000 4.4934 0.0049 
30.9344 1.0000 2963.9242 0.3222 0.1151 -0.2983 3.2561 7.0000 3.9675 0.0039 
30.9410 1.0000 2963.5345 0.3203 0.1137 -0.2953 3.2508 8.0000 4.1742 0.0046 
30.9679 1.0000 2976.6023 0.3272 0.1147 -0.3018 3.2566 7.0000 2.5455 0.0042 
30.9432 1.0000 2967.0784 0.3248 0.1154 -0.2955 3.2578 7.0000 3.4326 0.0049 
30.9461 1.0000 2967.4569 0.3209 0.1117 -0.2998 3.2534 7.0000 3.4729 0.0047 
30.9545 1.0000 2967.1393 0.3278 0.1160 -0.3065 3.2554 7.0000 3.5125 0.0034 
30.9500 1.0000 2969.0190 0.3235 0.1110 -0.3054 3.2488 7.0000 3.6060 0.0034 
30.9555 1.0000 2969.3946 0.3224 0.1119 -0.3040 3.2523 7.0000 3.2556 0.0034 
30.9348 1.0000 2962.9641 0.3200 0.1133 -0.3006 3.2544 7.0000 3.4748 0.0034 
30.9659 1.0000 2975.6920 0.3233 0.1106 -0.3047 3.2497 6.0000 3.8277 0.0047 
30.9446 1.0000 2964.7968 0.3213 0.1129 -0.2995 3.2535 7.0000 3.7201 0.0047 
30.9681 1.0000 2976.1562 0.3241 0.1132 -0.3006 3.2542 7.0000 4.1161 0.0036 
30.9553 1.0000 2970.0817 0.3253 0.1127 -0.3073 3.2561 8.0000 4.2227 0.0044 
30.9346 1.0000 2961.1383 0.3229 0.1132 -0.3036 3.2543 7.0000 3.6076 0.0041 
30.9496 1.0000 2970.8417 0.3225 0.1140 -0.2993 3.2542 7.0000 3.4341 0.0041 
30.9426 1.0000 2965.9663 0.3207 0.1122 -0.3005 3.2484 7.0000 2.3760 0.0041 
30.9814 1.0000 2981.4336 0.3212 0.1123 -0.2997 3.2520 7.0000 3.4745 0.0038 
30.9422 1.0000 2964.1076 0.3261 0.1144 -0.3029 3.2537 8.0000 5.3699 0.0055 
30.9263 1.0000 2960.5319 0.3215 0.1137 -0.2990 3.2531 7.0000 4.4140 0.0044 
30.9465 1.0000 2964.5692 0.3247 0.1128 -0.3037 3.2595 8.0000 6.5254 0.0044 
30.9457 1.0000 2970.7770 0.3229 0.1147 -0.2978 3.2565 6.0000 6.5163 0.0044 
30.9385 1.0000 2963.6217 0.3224 0.1141 -0.2998 3.2576 7.0000 6.4120 0.0042 
30.9755 1.0000 2977.7453 0.3213 0.1123 -0.2990 3.2538 7.0000 5.1024 0.0042 
30.9583 1.0000 2969.8315 0.3244 0.1153 -0.2981 3.2642 7.0000 3.6029 0.0042 
30.9600 1.0000 2974.3123 0.3242 0.1142 -0.2992 3.2537 7.0000 3.5181 0.0042 
30.9583 1.0000 2972.1695 0.3250 0.1145 -0.2998 3.2598 7.0000 2.4630 0.0041 
30.9694 1.0000 2976.2388 0.3266 0.1131 -0.3068 3.2514 7.0000 3.4770 0.0041 
30.9152 1.0000 2953.5617 0.3278 0.1130 -0.3075 3.2529 7.0000 3.5185 0.0041 
30.9496 1.0000 2968.7533 0.3223 0.1126 -0.3042 3.2498 6.0000 3.3851 0.0041 
30.9577 1.0000 2971.2267 0.3210 0.1142 -0.2955 3.2576 7.0000 3.6654 0.0041 
30.9408 1.0000 2963.6714 0.3237 0.1122 -0.3052 3.2544 7.0000 9.8959 0.0041 
30.9563 1.0000 2971.7686 0.3238 0.1142 -0.2981 3.2540 7.0000 3.8265 0.0041 
30.9377 1.0000 2960.0537 0.3244 0.1149 -0.3013 3.2562 7.0000 7.8154 0.0041 
30.9422 1.0000 2966.0274 0.3231 0.1137 -0.3017 3.2623 7.0000 7.4296 0.0041 
30.9594 1.0000 2970.4422 0.3224 0.1132 -0.3011 3.2561 6.0000 7.2782 0.0041 
