30.5283 11.0000 2791.9210 0.3991 0.1868 -0.2723 3.0109 7.0000 3.1035 0.0171 
30.5294 11.0000 2776.7260 0.4017 0.1869 -0.2786 3.0027 5.0000 3.0171 0.0178 
30.4728 11.0000 2760.1236 0.4062 0.1924 -0.2794 3.0208 6.0000 3.2166 0.0201 
30.5251 11.0000 2790.4025 0.3963 0.1876 -0.2609 3.0014 5.0000 2.9321 0.0189 
30.5561 11.0000 2791.3796 0.4001 0.1878 -0.2767 3.0121 6.0000 2.6657 0.0172 
30.4635 11.0000 2759.3627 0.4069 0.1911 -0.2820 3.0061 5.0000 2.9868 0.0172 
30.6394 11.0000 2825.8720 0.3964 0.1856 -0.2721 2.9963 6.0000 2.8639 0.0167 
30.6155 11.0000 2841.2669 0.4003 0.1845 -0.2719 2.9924 6.0000 2.9046 0.0171 
30.6275 11.0000 2859.9700 0.4042 0.1883 -0.2690 2.9972 6.0000 2.9380 0.0167 
30.5398 11.0000 2816.9112 0.4000 0.1853 -0.2671 2.9987 5.0000 3.0221 0.0167 
30.6057 11.0000 2836.8747 0.4060 0.1923 -0.2721 3.0046 6.0000 2.9895 0.0189 
30.5436 11.0000 2781.5724 0.4003 0.1875 -0.2799 3.0040 6.0000 0.3521 0.0192 
30.5615 11.0000 2802.8671 0.4001 0.1861 -0.2766 3.0008 5.0000 0.3513 0.0166 
30.5109 11.0000 2775.2473 0.4124 0.1887 -0.2947 3.0099 6.0000 0.5263 0.0185 
30.5757 11.0000 2815.7097 0.3953 0.1830 -0.2705 2.9829 5.0000 0.5851 0.0185 
30.6138 11.0000 2836.0942 0.4102 0.1857 -0.2900 2.9937 5.0000 1.1090 0.0172 
30.6541 11.0000 2858.1242 0.3971 0.1861 -0.2601 2.9906 5.0000 1.0334 0.0146 
30.5839 11.0000 2828.6127 0.4032 0.1881 -0.2688 2.9970 5.0000 1.0347 0.0180 
30.4624 11.0000 2754.4227 0.4080 0.1883 -0.2860 3.0082 5.0000 0.8184 0.0180 
30.5626 11.0000 2821.6275 0.4009 0.1883 -0.2637 3.0023 6.0000 0.7403 0.0180 
30.6645 11.0000 2870.2740 0.3944 0.1840 -0.2536 3.0079 5.0000 0.4887 0.0180 
30.5016 11.0000 2779.1629 0.4045 0.1895 -0.2781 3.0010 6.0000 0.5672 0.0154 
30.5784 11.0000 2805.2266 0.3996 0.1851 -0.2744 3.0008 5.0000 0.5268 0.0162 
30.6394 11.0000 2861.4357 0.4002 0.1872 -0.2603 2.9928 6.0000 0.3935 0.0145 
30.5218 11.0000 2769.4788 0.4056 0.1885 -0.2843 3.0112 6.0000 0.5270 0.0159 
30.7391 11.0000 2881.9297 0.4048 0.1850 -0.2801 2.9980 5.0000 0.7031 0.0148 
30.5599 11.0000 2830.0719 0.4006 0.1862 -0.2674 3.0041 6.0000 0.7026 0.0163 
30.5381 11.0000 2807.9107 0.4054 0.1846 -0.2745 3.0031 6.0000 0.5271 0.0180 
30.6149 11.0000 2810.4907 0.3978 0.1843 -0.2763 2.9972 7.0000 0.6589 0.0157 
30.5419 11.0000 2783.4766 0.3939 0.1855 -0.2740 3.0035 5.0000 0.7393 0.0157 
30.5093 11.0000 2768.3981 0.4017 0.1861 -0.2775 3.0068 5.0000 0.9058 0.0160 
30.6427 11.0000 2867.7130 0.3955 0.1834 -0.2621 2.9917 6.0000 0.7794 0.0161 
30.6438 11.0000 2836.0000 0.4073 0.1864 -0.2809 2.9933 6.0000 0.6588 0.0177 
30.5920 11.0000 2824.9886 0.4018 0.1847 -0.2753 2.9944 5.0000 0.3927 0.0146 
30.5866 11.0000 2821.6160 0.3998 0.1874 -0.2684 2.9931 6.0000 0.5263 0.0175 
30.5997 11.0000 2817.3938 0.3947 0.1868 -0.2615 3.0099 5.0000 0.5621 0.0129 
30.5948 11.0000 2814.0223 0.3929 0.1837 -0.2667 3.0033 6.0000 0.5279 0.0155 
30.6324 11.0000 2831.0714 0.4006 0.1876 -0.2693 3.0039 5.0000 0.5698 0.0178 
30.5359 11.0000 2814.3687 0.4018 0.1847 -0.2805 2.9914 6.0000 0.5283 0.0152 
30.6051 11.0000 2838.7614 0.3931 0.1813 -0.2737 3.0021 5.0000 0.5699 0.0132 
30.5964 11.0000 2829.2576 0.4028 0.1866 -0.2760 2.9952 6.0000 0.6084 0.0179 
30.5447 11.0000 2800.3056 0.3937 0.1854 -0.2618 3.0000 6.0000 0.5642 0.0151 
30.6057 11.0000 2840.9641 0.4078 0.1868 -0.2831 3.0004 6.0000 0.5687 0.0151 
30.6378 11.0000 2836.3971 0.3996 0.1848 -0.2833 2.9912 6.0000 0.5285 0.0151 
30.5517 11.0000 2789.8415 0.4019 0.1900 -0.2736 3.0014 5.0000 0.5696 0.0178 
30.6122 11.0000 2819.2658 0.4026 0.1879 -0.2790 3.0055 5.0000 0.5692 0.0195 
30.6912 11.0000 2863.4700 0.3945 0.1840 -0.2626 2.9970 5.0000 0.3944 0.0148 
30.5441 11.0000 2801.3807 0.3962 0.1830 -0.2722 2.9997 6.0000 0.5286 0.0176 
30.6220 11.0000 2821.1661 0.4092 0.1867 -0.2812 3.0115 5.0000 0.5312 0.0199 
30.6819 11.0000 2879.5610 0.3933 0.1850 -0.2595 3.0011 5.0000 0.5286 0.0199 
30.5403 11.0000 2786.9025 0.4091 0.1905 -0.2838 3.0022 5.0000 0.5296 0.0156 
30.6242 11.0000 2847.5588 0.3999 0.1817 -0.2838 2.9923 6.0000 0.5701 0.0188 
30.5861 11.0000 2818.8649 0.4017 0.1894 -0.2714 3.0051 5.0000 0.6982 0.0170 
30.7151 11.0000 2879.2200 0.3965 0.1852 -0.2582 2.9951 6.0000 0.9185 0.0170 
30.5436 11.0000 2805.9178 0.3954 0.1860 -0.2648 2.9969 6.0000 0.8334 0.0170 
30.6340 11.0000 2850.5022 0.3942 0.1871 -0.2615 2.9987 6.0000 0.5294 0.0132 
30.4907 11.0000 2760.7952 0.4034 0.1883 -0.2829 3.0042 5.0000 0.5694 0.0128 
30.5485 11.0000 2792.8769 0.4011 0.1858 -0.2824 2.9968 6.0000 0.5689 0.0130 
30.4809 11.0000 2778.9695 0.4026 0.1890 -0.2814 3.0097 6.0000 0.5271 0.0192 
30.6547 11.0000 2825.6596 0.3932 0.1858 -0.2638 3.0064 5.0000 0.9582 0.0155 
30.6814 11.0000 2868.1531 0.4001 0.1872 -0.2696 2.9965 5.0000 0.9177 0.0175 
30.6934 11.0000 2853.1912 0.4016 0.1855 -0.2710 3.0003 5.0000 0.5620 0.0155 
30.6078 11.0000 2812.1454 0.4020 0.1900 -0.2730 3.0066 6.0000 0.3548 0.0159 
30.5136 11.0000 2786.0033 0.3968 0.1848 -0.2708 3.0123 5.0000 0.6146 0.0212 
30.5675 11.0000 2822.3399 0.4034 0.1900 -0.2696 3.0117 6.0000 0.5705 0.0212 
30.5681 11.0000 2815.7451 0.3993 0.1908 -0.2607 3.0121 5.0000 0.6576 0.0201 
30.5114 11.0000 2783.0474 0.3989 0.1900 -0.2625 3.0054 6.0000 0.8350 0.0201 
30.6885 11.0000 2831.5343 0.4052 0.1888 -0.2786 3.0142 6.0000 0.7472 0.0201 
30.5000 11.0000 2777.4178 0.4039 0.1913 -0.2756 3.0129 6.0000 0.5270 0.0145 
30.6008 11.0000 2830.3420 0.3997 0.1893 -0.2643 2.9954 5.0000 0.5691 0.0176 
30.5523 11.0000 2805.2168 0.4048 0.1898 -0.2707 3.0065 6.0000 0.3985 0.0156 
30.6117 11.0000 2825.9254 0.4024 0.1912 -0.2686 3.0219 5.0000 0.5687 0.0173 
30.6013 11.0000 2813.0621 0.4088 0.1875 -0.2918 3.0134 5.0000 0.5710 0.0170 
30.4423 11.0000 2746.6024 0.3987 0.1888 -0.2715 3.0176 5.0000 0.5303 0.0193 
30.5768 11.0000 2810.1024 0.4114 0.1931 -0.2846 3.0151 6.0000 0.5733 0.0159 
30.4728 11.0000 2753.0381 0.4080 0.1905 -0.2866 3.0113 6.0000 0.6161 0.0159 
30.5234 11.0000 2780.3573 0.3940 0.1844 -0.2757 3.0037 5.0000 0.5983 0.0165 
30.7233 11.0000 2880.8224 0.4056 0.1878 -0.2699 2.9994 5.0000 0.6900 0.0165 
30.5496 11.0000 2801.1868 0.3963 0.1890 -0.2700 3.0093 6.0000 0.7017 0.0165 
30.6416 11.0000 2830.3148 0.4119 0.1922 -0.2879 3.0119 6.0000 0.3938 0.0175 
30.6089 11.0000 2820.4227 0.4026 0.1831 -0.2838 2.9999 6.0000 0.5296 0.0143 
30.5588 11.0000 2793.7102 0.4067 0.1892 -0.2850 3.0050 6.0000 0.3874 0.0142 
30.5681 11.0000 2802.0000 0.4089 0.1884 -0.2868 3.0116 5.0000 0.3949 0.0157 
30.4984 11.0000 2761.3927 0.4053 0.1878 -0.2823 3.0077 6.0000 0.5301 0.0157 
30.5991 11.0000 2834.6345 0.4153 0.1934 -0.2822 3.0024 5.0000 0.5331 0.0192 
30.5730 11.0000 2788.6634 0.4057 0.1898 -0.2805 3.0140 5.0000 0.5623 0.0133 
30.5806 11.0000 2804.2342 0.4019 0.1861 -0.2753 2.9982 6.0000 0.5710 0.0133 
30.6068 11.0000 2835.1443 0.4033 0.1900 -0.2708 3.0027 6.0000 0.6830 0.0182 
30.5523 11.0000 2808.6383 0.4058 0.1900 -0.2748 3.0089 5.0000 0.8256 0.0182 
30.5980 11.0000 2830.7375 0.3941 0.1831 -0.2653 2.9953 5.0000 0.9060 0.0182 
30.6476 11.0000 2867.6618 0.4002 0.1856 -0.2651 2.9932 5.0000 0.3920 0.0171 
30.6520 11.0000 2855.0033 0.4028 0.1849 -0.2803 2.9981 6.0000 0.5700 0.0182 
30.6068 11.0000 2825.7565 0.4001 0.1814 -0.2770 2.9922 6.0000 0.5655 0.0175 
30.6057 11.0000 2823.5626 0.4110 0.1917 -0.2834 3.0003 6.0000 0.6098 0.0182 
30.5016 11.0000 2786.2522 0.3952 0.1880 -0.2617 3.0120 6.0000 0.5313 0.0182 
30.5654 11.0000 2815.2696 0.4077 0.1861 -0.2821 2.9919 6.0000 0.5708 0.0182 
30.6797 11.0000 2872.4150 0.3971 0.1846 -0.2657 3.0011 6.0000 0.5303 0.0182 
30.5534 11.0000 2810.8715 0.4021 0.1879 -0.2760 3.0044 6.0000 0.5304 0.0182 
30.5343 11.0000 2788.7304 0.3975 0.1849 -0.2711 3.0010 5.0000 0.6047 0.0182 
30.5310 11.0000 2793.2081 0.4070 0.1877 -0.2846 2.9898 6.0000 0.5290 0.0182 
