30.8680 11.0000 2933.9343 0.2687 0.0967 -0.3033 3.0957 6.0000 9.3439 0.0074 
30.8069 11.0000 2904.0029 0.2724 0.0969 -0.3104 3.0968 6.0000 8.0573 0.0087 
30.8105 11.0000 2912.9621 0.2680 0.0956 -0.3022 3.0859 6.0000 8.4621 0.0074 
30.8487 11.0000 2932.2029 0.2708 0.0973 -0.3040 3.0899 6.0000 9.5303 0.0074 
30.8444 11.0000 2930.4392 0.2667 0.0945 -0.3024 3.0891 6.0000 9.5652 0.0076 
30.8199 11.0000 2910.2598 0.2701 0.0973 -0.3040 3.0974 7.0000 9.2727 0.0087 
30.8451 11.0000 2931.1245 0.2731 0.0988 -0.3092 3.0964 6.0000 9.6013 0.0087 
30.8484 11.0000 2920.5807 0.2743 0.0986 -0.3064 3.0960 6.0000 9.1497 0.0074 
30.8317 11.0000 2916.9137 0.2715 0.0990 -0.3029 3.0969 7.0000 9.4598 0.0071 
30.8595 11.0000 2926.7873 0.2768 0.0982 -0.3129 3.0944 6.0000 9.6474 0.0087 
30.8281 11.0000 2909.2134 0.2694 0.0976 -0.3018 3.0977 6.0000 8.9010 0.0074 
30.8588 11.0000 2923.5186 0.2694 0.0958 -0.3065 3.0896 6.0000 1.5404 0.0082 
30.8176 11.0000 2913.8386 0.2709 0.0981 -0.3056 3.0932 7.0000 3.3294 0.0081 
30.8686 11.0000 2933.5157 0.2708 0.0976 -0.3051 3.0951 6.0000 2.1542 0.0073 
30.8059 11.0000 2906.8556 0.2710 0.0977 -0.3042 3.0961 6.0000 3.7692 0.0097 
30.8510 11.0000 2932.3536 0.2657 0.0959 -0.2993 3.0891 6.0000 3.1968 0.0077 
30.8471 11.0000 2924.1520 0.2724 0.0952 -0.3093 3.0906 6.0000 3.1210 0.0077 
30.8176 11.0000 2914.7301 0.2719 0.0975 -0.3056 3.0950 7.0000 2.1165 0.0077 
30.8111 11.0000 2918.1314 0.2680 0.0950 -0.3053 3.0939 6.0000 2.6246 0.0077 
30.8170 11.0000 2912.5105 0.2673 0.0960 -0.3034 3.0937 6.0000 2.2516 0.0091 
30.7951 11.0000 2894.5170 0.2711 0.0971 -0.3083 3.0924 6.0000 2.6532 0.0091 
30.8611 11.0000 2929.5484 0.2677 0.0953 -0.3026 3.0895 6.0000 2.5019 0.0086 
30.8327 11.0000 2917.4131 0.2698 0.0967 -0.3048 3.0913 6.0000 1.0572 0.0094 
30.7882 11.0000 2888.7324 0.2687 0.0955 -0.3088 3.0951 6.0000 1.6247 0.0091 
30.8379 11.0000 2924.7016 0.2707 0.0972 -0.3065 3.0900 7.0000 1.6165 0.0084 
30.8480 11.0000 2928.1565 0.2661 0.0958 -0.3007 3.0915 6.0000 1.6688 0.0083 
30.8052 11.0000 2900.6389 0.2724 0.0979 -0.3101 3.0964 6.0000 2.5911 0.0084 
30.8212 11.0000 2910.3291 0.2698 0.0973 -0.3043 3.0917 6.0000 4.2002 0.0080 
30.8408 11.0000 2916.8892 0.2681 0.0965 -0.3026 3.0945 6.0000 4.6774 0.0081 
30.8167 11.0000 2912.8222 0.2745 0.0965 -0.3104 3.0917 6.0000 4.4638 0.0080 
30.7977 11.0000 2907.8278 0.2687 0.0961 -0.3052 3.0928 6.0000 3.6845 0.0080 
30.8111 11.0000 2908.8487 0.2705 0.0981 -0.3051 3.0945 6.0000 3.3374 0.0087 
30.8369 11.0000 2923.0614 0.2746 0.0969 -0.3096 3.0911 6.0000 2.9463 0.0087 
30.8049 11.0000 2908.6065 0.2701 0.0956 -0.3079 3.0917 6.0000 1.0589 0.0097 
30.8291 11.0000 2923.5026 0.2721 0.0971 -0.3094 3.0928 6.0000 1.5847 0.0090 
30.8317 11.0000 2918.2644 0.2742 0.0982 -0.3097 3.0915 6.0000 1.5775 0.0098 
30.8275 11.0000 2914.9556 0.2730 0.0972 -0.3087 3.0897 6.0000 1.6687 0.0098 
30.8363 11.0000 2919.2350 0.2707 0.0975 -0.3058 3.0990 6.0000 1.6273 0.0094 
30.8399 11.0000 2916.2546 0.2737 0.0965 -0.3119 3.0858 6.0000 1.6258 0.0098 
30.8183 11.0000 2915.6948 0.2746 0.0972 -0.3124 3.0907 7.0000 1.7930 0.0085 
30.8288 11.0000 2917.3775 0.2703 0.0968 -0.3062 3.0907 6.0000 2.2136 0.0085 
30.8131 11.0000 2910.4565 0.2696 0.0963 -0.3054 3.0917 6.0000 2.6652 0.0085 
30.8056 11.0000 2903.2588 0.2705 0.0979 -0.3090 3.0953 6.0000 2.4491 0.0079 
30.7876 11.0000 2896.8804 0.2693 0.0962 -0.3062 3.0942 6.0000 2.3704 0.0079 
30.7958 11.0000 2903.1539 0.2736 0.0960 -0.3124 3.0911 6.0000 1.6063 0.0079 
30.8101 11.0000 2909.7703 0.2688 0.0968 -0.3030 3.0926 6.0000 1.0973 0.0065 
30.7840 11.0000 2902.5755 0.2678 0.0956 -0.3041 3.0976 7.0000 1.6272 0.0088 
30.7958 11.0000 2904.1964 0.2712 0.0965 -0.3064 3.0926 6.0000 1.6284 0.0082 
30.7863 11.0000 2901.3918 0.2670 0.0959 -0.3005 3.0958 6.0000 1.7146 0.0085 
30.8252 11.0000 2916.8556 0.2683 0.0972 -0.3033 3.0930 6.0000 1.5425 0.0080 
30.8444 11.0000 2926.8948 0.2706 0.0953 -0.3075 3.0916 6.0000 1.8289 0.0074 
30.8680 11.0000 2938.1232 0.2690 0.0966 -0.3057 3.0921 6.0000 3.0531 0.0074 
30.8088 11.0000 2909.0222 0.2685 0.0957 -0.3038 3.0936 6.0000 2.8010 0.0074 
30.8614 11.0000 2927.9647 0.2708 0.0965 -0.3079 3.0876 6.0000 2.5883 0.0092 
30.8438 11.0000 2927.4961 0.2720 0.0974 -0.3081 3.0891 6.0000 2.3758 0.0074 
30.8873 11.0000 2944.7229 0.2642 0.0960 -0.2943 3.0981 6.0000 1.5869 0.0083 
30.8160 11.0000 2909.0794 0.2706 0.0962 -0.3095 3.0920 6.0000 1.0999 0.0077 
30.8337 11.0000 2922.1582 0.2687 0.0956 -0.3067 3.0902 6.0000 1.5825 0.0077 
30.8258 11.0000 2911.7935 0.2691 0.0968 -0.3031 3.0938 7.0000 1.6268 0.0092 
30.8389 11.0000 2922.0539 0.2676 0.0961 -0.3046 3.0891 6.0000 1.7154 0.0077 
30.8569 11.0000 2932.3556 0.2702 0.0948 -0.3085 3.0891 7.0000 1.5062 0.0080 
30.8320 11.0000 2915.2536 0.2694 0.0962 -0.3061 3.0896 6.0000 1.8385 0.0084 
30.8029 11.0000 2900.8680 0.2696 0.0967 -0.3072 3.0903 6.0000 2.0054 0.0084 
30.8059 11.0000 2901.9706 0.2717 0.0973 -0.3098 3.0949 6.0000 2.1893 0.0084 
30.8248 11.0000 2909.7193 0.2700 0.0971 -0.3066 3.0978 6.0000 3.4090 0.0090 
30.8314 11.0000 2924.0431 0.2695 0.0970 -0.3029 3.0928 6.0000 2.7688 0.0084 
30.8493 11.0000 2929.4431 0.2699 0.0963 -0.3017 3.0898 6.0000 1.6260 0.0083 
30.8490 11.0000 2926.1876 0.2665 0.0954 -0.3036 3.0900 6.0000 1.7154 0.0068 
30.8500 11.0000 2929.3742 0.2701 0.0970 -0.3056 3.0906 6.0000 1.6281 0.0084 
30.8389 11.0000 2929.8405 0.2674 0.0949 -0.3035 3.0888 6.0000 1.6742 0.0091 
30.8029 11.0000 2904.2637 0.2740 0.0970 -0.3123 3.0906 6.0000 1.1873 0.0080 
30.8085 11.0000 2913.3971 0.2651 0.0963 -0.3003 3.0894 6.0000 1.6274 0.0077 
30.8261 11.0000 2916.3546 0.2712 0.0963 -0.3082 3.0917 6.0000 1.5830 0.0077 
30.8444 11.0000 2927.0395 0.2714 0.0973 -0.3052 3.0923 6.0000 2.9417 0.0080 
30.7905 11.0000 2898.2049 0.2704 0.0963 -0.3078 3.0934 6.0000 3.4745 0.0080 
30.8461 11.0000 2924.7229 0.2654 0.0968 -0.2979 3.0930 6.0000 3.2079 0.0080 
30.8301 11.0000 2923.1778 0.2662 0.0959 -0.2997 3.0927 6.0000 2.8166 0.0080 
30.8765 11.0000 2939.2007 0.2711 0.0970 -0.3034 3.0886 6.0000 1.6221 0.0081 
30.8389 11.0000 2916.1572 0.2725 0.0957 -0.3117 3.0909 6.0000 1.6276 0.0079 
30.8275 11.0000 2909.5516 0.2719 0.0968 -0.3085 3.0897 6.0000 1.0997 0.0064 
30.8065 11.0000 2892.1621 0.2729 0.0985 -0.3097 3.0958 6.0000 1.6665 0.0085 
30.8487 11.0000 2930.2621 0.2675 0.0960 -0.3030 3.0919 6.0000 1.7195 0.0084 
30.8477 11.0000 2929.0405 0.2668 0.0968 -0.2978 3.0921 6.0000 1.6287 0.0080 
30.8408 11.0000 2912.0578 0.2715 0.0965 -0.3087 3.0909 7.0000 1.7166 0.0083 
30.8307 11.0000 2912.3141 0.2735 0.0957 -0.3134 3.0904 6.0000 2.0386 0.0105 
30.8065 11.0000 2900.1889 0.2720 0.0982 -0.3078 3.0970 6.0000 3.0691 0.0082 
30.8180 11.0000 2913.7716 0.2732 0.0972 -0.3121 3.0903 6.0000 2.7604 0.0082 
30.8379 11.0000 2921.4042 0.2710 0.0973 -0.3070 3.0911 6.0000 2.5928 0.0082 
30.8425 11.0000 2922.0833 0.2734 0.0979 -0.3057 3.0909 6.0000 1.6696 0.0082 
30.8879 11.0000 2949.2415 0.2681 0.0956 -0.3027 3.0887 6.0000 1.6688 0.0065 
30.8252 11.0000 2912.5052 0.2755 0.0974 -0.3132 3.0918 6.0000 1.1438 0.0083 
30.8265 11.0000 2914.5944 0.2698 0.0976 -0.3018 3.0939 6.0000 1.6702 0.0065 
30.8408 11.0000 2918.5013 0.2741 0.0989 -0.3079 3.0966 6.0000 1.7575 0.0065 
30.8301 11.0000 2919.2118 0.2692 0.0967 -0.3054 3.0947 7.0000 1.6291 0.0065 
30.8471 11.0000 2922.6059 0.2691 0.0961 -0.3040 3.0932 6.0000 2.5522 0.0065 
30.7627 11.0000 2881.0359 0.2739 0.0974 -0.3105 3.0967 6.0000 1.8023 0.0065 
30.8350 11.0000 2922.3680 0.2725 0.0969 -0.3087 3.0954 6.0000 1.8476 0.0065 
30.8562 11.0000 2932.0441 0.2716 0.0964 -0.3071 3.0948 6.0000 2.0601 0.0065 
30.7997 11.0000 2900.1559 0.2689 0.0966 -0.3080 3.0938 6.0000 2.1074 0.0065 
30.8869 11.0000 2939.0023 0.2718 0.0970 -0.3099 3.0917 6.0000 1.9289 0.0065 
