31.0528 11.0000 2999.3590 0.0862 0.0469 -0.1271 3.1453 6.0000 21.8922 0.0010 
31.0535 11.0000 2999.8093 0.0873 0.0471 -0.1288 3.1463 6.0000 24.1264 0.0010 
31.0523 11.0000 2998.7923 0.0885 0.0470 -0.1326 3.1444 6.0000 23.6001 0.0012 
31.0507 11.0000 2998.7670 0.0890 0.0466 -0.1329 3.1467 7.0000 23.7388 0.0010 
31.0530 11.0000 2999.3074 0.0857 0.0465 -0.1260 3.1475 7.0000 21.0501 0.0010 
31.0577 11.0000 3001.9045 0.0852 0.0467 -0.1246 3.1448 7.0000 21.0083 0.0010 
31.0532 11.0000 2998.8289 0.0876 0.0475 -0.1273 3.1460 7.0000 20.9619 0.0010 
31.0556 11.0000 3000.6566 0.0884 0.0469 -0.1314 3.1451 7.0000 24.3047 0.0010 
31.0563 11.0000 3000.7857 0.0891 0.0470 -0.1335 3.1473 7.0000 24.3462 0.0010 
31.0493 11.0000 2997.6235 0.0874 0.0470 -0.1299 3.1447 6.0000 24.5658 0.0010 
31.0516 11.0000 2998.8151 0.0878 0.0470 -0.1295 3.1441 6.0000 24.4354 0.0010 
31.0565 11.0000 3000.5579 0.0862 0.0465 -0.1273 3.1455 7.0000 2.5523 0.0010 
31.0525 11.0000 2999.1646 0.0883 0.0466 -0.1334 3.1462 7.0000 6.7841 0.0010 
31.0537 11.0000 2999.8814 0.0873 0.0463 -0.1313 3.1441 6.0000 16.6831 0.0012 
31.0532 11.0000 2999.9181 0.0856 0.0461 -0.1260 3.1429 7.0000 20.7938 0.0012 
31.0567 11.0000 3001.3060 0.0823 0.0461 -0.1193 3.1437 7.0000 20.5328 0.0012 
31.0530 11.0000 2999.8954 0.0892 0.0469 -0.1334 3.1454 7.0000 14.6275 0.0012 
31.0509 11.0000 2998.6438 0.0874 0.0472 -0.1293 3.1459 7.0000 14.9806 0.0012 
31.0553 11.0000 2999.9482 0.0869 0.0465 -0.1287 3.1468 7.0000 15.2995 0.0012 
31.0591 11.0000 3002.1594 0.0882 0.0475 -0.1300 3.1490 6.0000 15.0354 0.0012 
31.0514 11.0000 2999.0458 0.0867 0.0470 -0.1271 3.1456 7.0000 15.6869 0.0012 
31.0465 11.0000 2997.0434 0.0872 0.0462 -0.1313 3.1485 7.0000 15.8701 0.0012 
31.0551 11.0000 2999.4802 0.0859 0.0461 -0.1288 3.1451 7.0000 2.6781 0.0009 
31.0504 11.0000 2999.0441 0.0869 0.0469 -0.1281 3.1441 7.0000 2.6409 0.0011 
31.0490 11.0000 2997.8665 0.0880 0.0472 -0.1305 3.1448 7.0000 3.4756 0.0013 
31.0521 11.0000 2999.0289 0.0848 0.0462 -0.1253 3.1437 7.0000 5.9214 0.0011 
31.0507 11.0000 2997.6141 0.0889 0.0464 -0.1347 3.1465 7.0000 20.0394 0.0011 
31.0476 11.0000 2997.9825 0.0894 0.0470 -0.1329 3.1439 6.0000 13.4940 0.0010 
31.0572 11.0000 3001.6426 0.0866 0.0470 -0.1273 3.1444 6.0000 14.1505 0.0011 
31.0479 11.0000 2997.3140 0.0857 0.0461 -0.1285 3.1454 6.0000 14.1097 0.0011 
31.0528 11.0000 2999.0633 0.0918 0.0472 -0.1387 3.1447 7.0000 14.4050 0.0011 
31.0493 11.0000 2997.8455 0.0927 0.0463 -0.1426 3.1451 6.0000 14.8106 0.0011 
31.0579 11.0000 3001.6891 0.0861 0.0468 -0.1272 3.1449 6.0000 16.4009 0.0011 
31.0521 11.0000 2999.3095 0.0869 0.0465 -0.1298 3.1459 7.0000 3.5618 0.0011 
31.0570 11.0000 3000.9862 0.0868 0.0464 -0.1291 3.1454 7.0000 3.6047 0.0009 
31.0451 11.0000 2996.1886 0.0894 0.0463 -0.1354 3.1454 6.0000 3.5480 0.0012 
31.0532 11.0000 3001.1069 0.0866 0.0462 -0.1291 3.1471 6.0000 3.5212 0.0011 
31.0537 11.0000 3000.0271 0.0876 0.0467 -0.1295 3.1454 7.0000 3.4745 0.0012 
31.0532 11.0000 2999.1879 0.0881 0.0461 -0.1330 3.1445 6.0000 6.8158 0.0010 
31.0546 11.0000 3000.8063 0.0879 0.0463 -0.1316 3.1466 7.0000 11.4570 0.0013 
31.0525 11.0000 2999.2647 0.0926 0.0466 -0.1433 3.1446 7.0000 13.5703 0.0009 
31.0558 11.0000 3000.9209 0.0890 0.0472 -0.1326 3.1442 7.0000 14.3618 0.0009 
31.0528 11.0000 2999.3130 0.0856 0.0467 -0.1245 3.1433 7.0000 14.1865 0.0009 
31.0579 11.0000 3001.0383 0.0865 0.0463 -0.1283 3.1465 7.0000 14.0273 0.0009 
31.0511 11.0000 2998.9314 0.0896 0.0468 -0.1365 3.1461 7.0000 9.0589 0.0010 
31.0509 11.0000 2998.8912 0.0879 0.0462 -0.1320 3.1446 7.0000 2.6821 0.0012 
31.0523 11.0000 2999.2946 0.0836 0.0458 -0.1246 3.1466 6.0000 3.6064 0.0010 
31.0544 11.0000 3000.0037 0.0889 0.0460 -0.1353 3.1431 6.0000 3.5634 0.0012 
31.0502 11.0000 2998.1832 0.0874 0.0473 -0.1300 3.1462 7.0000 2.6839 0.0014 
31.0455 11.0000 2995.4547 0.0879 0.0464 -0.1321 3.1441 7.0000 3.4328 0.0010 
31.0549 11.0000 3000.0364 0.0872 0.0464 -0.1307 3.1453 6.0000 3.4734 0.0010 
31.0579 11.0000 3002.0896 0.0856 0.0470 -0.1249 3.1464 6.0000 3.5607 0.0010 
31.0539 11.0000 3000.2206 0.0874 0.0468 -0.1301 3.1467 7.0000 4.1403 0.0012 
31.0591 11.0000 3001.7388 0.0900 0.0467 -0.1349 3.1454 6.0000 5.5908 0.0012 
31.0509 11.0000 2998.9094 0.0832 0.0472 -0.1197 3.1510 6.0000 5.7016 0.0012 
31.0500 11.0000 2997.4697 0.0860 0.0462 -0.1278 3.1461 7.0000 5.5429 0.0012 
31.0544 11.0000 3000.3772 0.0878 0.0463 -0.1335 3.1458 7.0000 3.0775 0.0012 
31.0546 11.0000 3000.0364 0.0876 0.0467 -0.1312 3.1465 6.0000 2.7255 0.0011 
31.0418 11.0000 2993.8623 0.0868 0.0472 -0.1286 3.1460 6.0000 3.6023 0.0010 
31.0509 11.0000 2998.2871 0.0886 0.0469 -0.1329 3.1466 7.0000 3.5643 0.0012 
31.0563 11.0000 3001.0693 0.0860 0.0461 -0.1288 3.1455 7.0000 3.6016 0.0009 
31.0546 11.0000 3000.7654 0.0891 0.0470 -0.1350 3.1465 6.0000 3.5577 0.0009 
31.0504 11.0000 2998.2320 0.0876 0.0472 -0.1294 3.1466 7.0000 3.5628 0.0011 
31.0528 11.0000 3000.5432 0.0884 0.0464 -0.1328 3.1457 7.0000 4.4628 0.0010 
31.0553 11.0000 3000.9125 0.0863 0.0462 -0.1305 3.1454 8.0000 5.6498 0.0010 
31.0511 11.0000 2998.8602 0.0851 0.0463 -0.1258 3.1465 7.0000 5.6721 0.0010 
31.0483 11.0000 2996.6627 0.0846 0.0459 -0.1256 3.1494 7.0000 5.5001 0.0010 
31.0504 11.0000 2998.5098 0.0877 0.0463 -0.1333 3.1477 8.0000 3.6058 0.0012 
31.0539 11.0000 3000.0243 0.0879 0.0465 -0.1324 3.1440 7.0000 2.6419 0.0012 
31.0553 11.0000 2999.8522 0.0881 0.0466 -0.1329 3.1462 7.0000 3.5204 0.0011 
31.0581 11.0000 3001.6555 0.0875 0.0468 -0.1314 3.1476 7.0000 3.6505 0.0010 
31.0532 11.0000 2999.5817 0.0893 0.0464 -0.1350 3.1457 7.0000 7.1236 0.0011 
31.0528 11.0000 2999.8196 0.0881 0.0469 -0.1304 3.1480 7.0000 6.9490 0.0010 
31.0504 11.0000 2998.1935 0.0869 0.0472 -0.1290 3.1457 7.0000 3.6070 0.0011 
31.0556 11.0000 3001.2659 0.0869 0.0470 -0.1290 3.1478 7.0000 2.6412 0.0011 
31.0507 11.0000 2998.6482 0.0853 0.0466 -0.1256 3.1502 8.0000 4.5022 0.0010 
31.0546 11.0000 2999.9580 0.0877 0.0470 -0.1314 3.1451 6.0000 5.0251 0.0010 
31.0567 11.0000 3001.7958 0.0873 0.0465 -0.1298 3.1465 7.0000 5.2245 0.0010 
31.0486 11.0000 2997.2642 0.0845 0.0459 -0.1238 3.1435 7.0000 5.1858 0.0010 
31.0518 11.0000 2998.6571 0.0856 0.0467 -0.1271 3.1462 7.0000 3.6039 0.0011 
31.0542 11.0000 3000.7955 0.0880 0.0468 -0.1309 3.1459 6.0000 2.6828 0.0010 
31.0563 11.0000 3001.5124 0.0886 0.0470 -0.1313 3.1440 7.0000 3.5544 0.0010 
31.0525 11.0000 2999.7705 0.0873 0.0465 -0.1310 3.1445 6.0000 3.5204 0.0010 
31.0535 11.0000 2998.9932 0.0916 0.0471 -0.1380 3.1443 6.0000 3.6482 0.0012 
31.0549 11.0000 2999.7598 0.0881 0.0461 -0.1344 3.1447 6.0000 3.4252 0.0012 
31.0558 11.0000 3000.5567 0.0871 0.0470 -0.1297 3.1458 7.0000 3.5569 0.0012 
31.0535 11.0000 2999.7208 0.0872 0.0466 -0.1310 3.1480 7.0000 5.1531 0.0013 
31.0553 11.0000 2999.7722 0.0871 0.0468 -0.1286 3.1452 6.0000 6.2978 0.0013 
31.0507 11.0000 2998.6942 0.0827 0.0464 -0.1205 3.1430 6.0000 6.3797 0.0013 
31.0535 11.0000 2998.9006 0.0883 0.0474 -0.1308 3.1453 7.0000 6.1566 0.0013 
31.0544 11.0000 3000.7780 0.0873 0.0466 -0.1311 3.1468 7.0000 3.6039 0.0010 
31.0504 11.0000 2998.4972 0.0882 0.0472 -0.1321 3.1482 6.0000 3.5633 0.0013 
31.0556 11.0000 3000.7372 0.0874 0.0463 -0.1307 3.1471 7.0000 3.5657 0.0011 
31.0553 11.0000 3000.7236 0.0881 0.0463 -0.1326 3.1417 6.0000 3.6520 0.0011 
31.0504 11.0000 2997.4328 0.0861 0.0463 -0.1277 3.1463 6.0000 3.5636 0.0011 
31.0500 11.0000 2997.8905 0.0872 0.0466 -0.1311 3.1479 6.0000 3.6089 0.0011 
31.0453 11.0000 2995.7908 0.0880 0.0464 -0.1340 3.1457 7.0000 3.5209 0.0011 
31.0551 11.0000 3000.9141 0.0870 0.0464 -0.1303 3.1451 7.0000 7.4793 0.0011 
31.0488 11.0000 2997.8198 0.0903 0.0463 -0.1356 3.1469 7.0000 6.3695 0.0011 
31.0523 11.0000 2998.9788 0.0879 0.0470 -0.1297 3.1449 7.0000 5.6503 0.0011 
