30.3995 1.0000 2743.9093 0.4272 0.2161 -0.2585 2.8807 5.0000 1.5595 0.0234 
30.3505 1.0000 2758.7075 0.4345 0.2185 -0.2632 2.8786 5.0000 1.4700 0.0206 
30.4044 1.0000 2747.7051 0.4361 0.2207 -0.2621 2.9011 5.0000 1.5604 0.0234 
30.4485 1.0000 2774.4257 0.4270 0.2147 -0.2656 2.8825 5.0000 1.5570 0.0234 
30.3227 1.0000 2715.7288 0.4381 0.2183 -0.2784 2.8813 5.0000 1.5627 0.0234 
30.3873 1.0000 2750.6111 0.4303 0.2189 -0.2583 2.8872 5.0000 1.4304 0.0234 
30.4101 1.0000 2767.5882 0.4316 0.2197 -0.2571 2.8794 5.0000 1.3836 0.0234 
30.3399 1.0000 2746.1168 0.4278 0.2150 -0.2560 2.8718 5.0000 1.5199 0.0234 
30.3611 1.0000 2737.6087 0.4307 0.2151 -0.2781 2.8660 5.0000 1.5137 0.0234 
30.4020 1.0000 2744.1438 0.4271 0.2170 -0.2602 2.8850 5.0000 1.4283 0.0234 
30.4600 1.0000 2786.7435 0.4324 0.2169 -0.2607 2.8862 5.0000 1.5670 0.0234 
30.3758 1.0000 2750.6601 0.4369 0.2156 -0.2788 2.8871 5.0000 0.1679 0.0234 
30.4616 1.0000 2794.2794 0.4286 0.2156 -0.2632 2.8874 5.0000 0.8862 0.0221 
30.1765 1.0000 2675.2704 0.4305 0.2193 -0.2669 2.8839 5.0000 0.9532 0.0221 
30.3472 1.0000 2733.1536 0.4339 0.2163 -0.2800 2.8833 5.0000 1.0905 0.0246 
30.3889 1.0000 2804.1765 0.4425 0.2137 -0.2819 2.8642 5.0000 1.2441 0.0184 
30.5123 1.0000 2802.4248 0.4381 0.2186 -0.2665 2.8788 6.0000 1.3139 0.0233 
30.3864 1.0000 2753.7745 0.4291 0.2187 -0.2588 2.8924 5.0000 1.2727 0.0230 
30.5359 1.0000 2787.1250 0.4387 0.2212 -0.2525 2.8839 5.0000 1.2717 0.0190 
30.5466 1.0000 2809.4877 0.4441 0.2167 -0.2888 2.8578 5.0000 1.0528 0.0193 
30.3824 1.0000 2757.2614 0.4407 0.2221 -0.2604 2.8922 5.0000 1.1380 0.0233 
30.4992 1.0000 2793.6683 0.4349 0.2168 -0.2755 2.8712 5.0000 1.0546 0.0246 
30.3750 1.0000 2731.2753 0.4271 0.2163 -0.2661 2.8751 5.0000 0.2641 0.0246 
30.5261 1.0000 2831.6021 0.4386 0.2189 -0.2675 2.9075 5.0000 0.2805 0.0212 
30.3391 1.0000 2737.9681 0.4405 0.2171 -0.2860 2.8752 6.0000 0.3053 0.0246 
30.3881 1.0000 2771.7712 0.4269 0.2161 -0.2485 2.8852 5.0000 0.2665 0.0236 
30.4142 1.0000 2777.1152 0.4276 0.2155 -0.2596 2.8703 5.0000 0.3016 0.0236 
30.5074 1.0000 2793.0335 0.4174 0.2073 -0.2578 2.8666 6.0000 0.3050 0.0213 
30.3415 1.0000 2733.3946 0.4406 0.2213 -0.2751 2.8850 5.0000 0.3086 0.0213 
30.3799 1.0000 2738.6225 0.4300 0.2184 -0.2596 2.8806 5.0000 0.2940 0.0211 
30.4355 1.0000 2804.7100 0.4292 0.2159 -0.2519 2.8777 6.0000 0.7312 0.0224 
30.3807 1.0000 2762.1046 0.4209 0.2119 -0.2538 2.8816 5.0000 0.9113 0.0223 
30.3554 1.0000 2736.5629 0.4368 0.2214 -0.2697 2.8836 5.0000 0.6968 0.0217 
30.3105 1.0000 2723.7214 0.4456 0.2227 -0.2814 2.8952 5.0000 0.8720 0.0205 
30.4420 1.0000 2762.2525 0.4440 0.2188 -0.2873 2.8831 5.0000 0.7942 0.0205 
30.4257 1.0000 2767.2353 0.4415 0.2157 -0.2957 2.8798 5.0000 0.3053 0.0252 
30.3701 1.0000 2741.6152 0.4284 0.2186 -0.2617 2.8843 5.0000 0.1774 0.0242 
30.2827 1.0000 2700.3317 0.4256 0.2148 -0.2736 2.8884 5.0000 0.2651 0.0244 
30.4077 1.0000 2746.1479 0.4388 0.2141 -0.2885 2.8937 5.0000 0.3064 0.0216 
30.4387 1.0000 2779.5931 0.4287 0.2207 -0.2468 2.8886 5.0000 0.1785 0.0272 
30.4436 1.0000 2792.5507 0.4305 0.2135 -0.2601 2.8668 6.0000 0.2660 0.0248 
30.3521 1.0000 2734.9118 0.4434 0.2162 -0.2929 2.8870 6.0000 0.3040 0.0241 
30.2467 1.0000 2694.8529 0.4377 0.2224 -0.2749 2.9023 6.0000 0.3425 0.0248 
30.4069 1.0000 2771.0458 0.4308 0.2197 -0.2504 2.8805 6.0000 0.3058 0.0216 
30.4616 1.0000 2800.5850 0.4425 0.2225 -0.2644 2.8851 5.0000 0.2645 0.0259 
30.4763 1.0000 2815.5915 0.4421 0.2187 -0.2704 2.8757 5.0000 0.3066 0.0249 
30.2647 1.0000 2715.3137 0.4388 0.2271 -0.2494 2.9155 5.0000 0.3485 0.0182 
30.3211 1.0000 2715.4551 0.4443 0.2229 -0.2829 2.8916 5.0000 0.1778 0.0216 
30.3472 1.0000 2750.6708 0.4237 0.2168 -0.2467 2.8845 5.0000 0.2651 0.0251 
30.4281 1.0000 2774.0490 0.4351 0.2189 -0.2712 2.8842 5.0000 0.2180 0.0216 
30.4289 1.0000 2738.6626 0.4330 0.2166 -0.2820 2.8782 5.0000 0.3080 0.0251 
30.4346 1.0000 2782.6887 0.4330 0.2178 -0.2545 2.8784 5.0000 0.3090 0.0266 
30.4346 1.0000 2781.6634 0.4277 0.2154 -0.2599 2.8740 5.0000 0.3974 0.0221 
30.3350 1.0000 2748.4518 0.4397 0.2155 -0.2767 2.8959 5.0000 0.3525 0.0215 
30.3562 1.0000 2728.9044 0.4335 0.2237 -0.2622 2.9084 5.0000 0.2661 0.0211 
30.3971 1.0000 2757.6275 0.4439 0.2182 -0.2788 2.8946 6.0000 0.3503 0.0205 
30.3023 1.0000 2723.7426 0.4370 0.2227 -0.2575 2.8921 5.0000 0.3459 0.0211 
30.3325 1.0000 2730.1985 0.4257 0.2150 -0.2638 2.8747 5.0000 0.3061 0.0211 
30.5302 1.0000 2825.8570 0.4327 0.2195 -0.2495 2.8773 5.0000 0.2654 0.0204 
30.3268 1.0000 2715.3938 0.4221 0.2174 -0.2619 2.8818 5.0000 0.2630 0.0175 
30.3080 1.0000 2711.7345 0.4302 0.2205 -0.2582 2.9027 5.0000 0.3409 0.0211 
30.3995 1.0000 2763.1340 0.4518 0.2202 -0.2984 2.8850 5.0000 0.3028 0.0226 
30.2802 1.0000 2705.1969 0.4391 0.2223 -0.2647 2.8983 5.0000 0.2187 0.0213 
30.4150 1.0000 2769.5417 0.4326 0.2183 -0.2644 2.8814 5.0000 0.2164 0.0214 
30.4314 1.0000 2771.1675 0.4412 0.2179 -0.2812 2.8892 5.0000 0.3074 0.0273 
30.4371 1.0000 2810.2990 0.4448 0.2142 -0.2842 2.8739 6.0000 0.3061 0.0219 
30.4608 1.0000 2796.7908 0.4457 0.2231 -0.2704 2.8765 5.0000 0.1823 0.0253 
30.4444 1.0000 2749.8301 0.4362 0.2196 -0.2722 2.8786 5.0000 0.2660 0.0233 
30.3766 1.0000 2752.1029 0.4396 0.2195 -0.2737 2.8923 5.0000 0.3961 0.0233 
30.3913 1.0000 2768.5833 0.4320 0.2126 -0.2750 2.8664 5.0000 0.6109 0.0233 
30.4453 1.0000 2765.2810 0.4221 0.2139 -0.2562 2.8740 5.0000 0.7018 0.0206 
30.4665 1.0000 2796.4959 0.4361 0.2152 -0.2746 2.8745 5.0000 0.6155 0.0233 
30.5507 1.0000 2842.6511 0.4203 0.2089 -0.2532 2.8718 5.0000 0.2997 0.0205 
30.2614 1.0000 2710.6046 0.4359 0.2225 -0.2684 2.8996 5.0000 0.3056 0.0219 
30.4208 1.0000 2784.0180 0.4364 0.2206 -0.2619 2.8882 5.0000 0.2192 0.0219 
30.4338 1.0000 2747.7100 0.4287 0.2216 -0.2566 2.8875 5.0000 0.2607 0.0233 
30.3701 1.0000 2729.6266 0.4392 0.2219 -0.2788 2.8951 6.0000 0.3492 0.0234 
30.3203 1.0000 2713.2549 0.4280 0.2122 -0.2844 2.8811 5.0000 0.3051 0.0234 
30.4583 1.0000 2785.6348 0.4283 0.2151 -0.2612 2.8731 6.0000 0.2673 0.0210 
30.3799 1.0000 2759.2835 0.4291 0.2127 -0.2678 2.8675 5.0000 0.2668 0.0291 
30.3456 1.0000 2738.6724 0.4288 0.2166 -0.2529 2.8836 5.0000 0.3725 0.0228 
30.3775 1.0000 2768.7296 0.4338 0.2162 -0.2665 2.8745 6.0000 0.6466 0.0244 
30.4371 1.0000 2813.3039 0.4244 0.2105 -0.2551 2.8618 5.0000 0.5703 0.0244 
30.4632 1.0000 2818.1830 0.4315 0.2207 -0.2406 2.8757 6.0000 0.5274 0.0275 
30.4273 1.0000 2742.7002 0.4314 0.2156 -0.2736 2.9021 5.0000 0.2848 0.0176 
30.4216 1.0000 2752.8995 0.4241 0.2155 -0.2620 2.8871 5.0000 0.3105 0.0245 
30.4485 1.0000 2788.7729 0.4434 0.2270 -0.2542 2.9020 5.0000 0.2652 0.0176 
30.3766 1.0000 2759.7614 0.4298 0.2194 -0.2555 2.8836 5.0000 0.2182 0.0238 
30.3145 1.0000 2714.4673 0.4372 0.2155 -0.2804 2.8824 5.0000 0.3083 0.0273 
30.3644 1.0000 2783.9632 0.4406 0.2209 -0.2639 2.8865 5.0000 0.3088 0.0273 
30.2075 1.0000 2689.2508 0.4361 0.2207 -0.2696 2.8909 5.0000 0.2052 0.0275 
30.3946 1.0000 2782.8611 0.4179 0.2110 -0.2550 2.8692 5.0000 0.3078 0.0273 
30.3472 1.0000 2724.6977 0.4293 0.2186 -0.2686 2.8915 5.0000 0.2668 0.0273 
30.4714 1.0000 2797.5343 0.4378 0.2156 -0.2724 2.8758 5.0000 0.3933 0.0273 
30.2533 1.0000 2698.4281 0.4261 0.2182 -0.2596 2.8901 5.0000 0.3525 0.0273 
30.3440 1.0000 2728.1650 0.4458 0.2245 -0.2735 2.8919 5.0000 0.2637 0.0273 
30.3824 1.0000 2749.2263 0.4283 0.2205 -0.2496 2.8968 5.0000 0.3528 0.0273 
30.5498 1.0000 2830.2214 0.4393 0.2205 -0.2632 2.8887 5.0000 0.3054 0.0273 
30.3227 1.0000 2704.9853 0.4305 0.2230 -0.2544 2.9015 5.0000 0.3961 0.0273 
30.2614 1.0000 2744.3922 0.4474 0.2191 -0.2796 2.8849 5.0000 0.3953 0.0273 
