31.0408 11.0000 2992.7859 0.1085 0.0593 -0.1401 3.0518 7.0000 13.9004 0.0019 
31.0402 11.0000 2992.0474 0.1112 0.0602 -0.1436 3.0532 6.0000 14.1154 0.0014 
31.0412 11.0000 2992.6114 0.1080 0.0609 -0.1335 3.0556 6.0000 13.1912 0.0019 
31.0405 11.0000 2991.8428 0.1084 0.0593 -0.1390 3.0530 6.0000 12.8829 0.0015 
31.0369 11.0000 2990.8431 0.1123 0.0600 -0.1458 3.0550 6.0000 13.9802 0.0019 
31.0425 11.0000 2993.7467 0.1093 0.0591 -0.1420 3.0549 6.0000 13.6279 0.0014 
31.0402 11.0000 2992.7291 0.1068 0.0594 -0.1362 3.0546 6.0000 14.1208 0.0014 
31.0412 11.0000 2993.9098 0.1086 0.0609 -0.1367 3.0531 7.0000 14.2420 0.0014 
31.0389 11.0000 2992.9765 0.1043 0.0601 -0.1273 3.0515 6.0000 14.4630 0.0014 
31.0422 11.0000 2994.2435 0.1055 0.0584 -0.1333 3.0538 6.0000 14.6384 0.0015 
31.0461 11.0000 2995.3814 0.1086 0.0598 -0.1366 3.0559 6.0000 12.7959 0.0019 
31.0428 11.0000 2994.8111 0.1107 0.0593 -0.1440 3.0509 6.0000 1.5798 0.0018 
31.0291 11.0000 2986.8265 0.1088 0.0594 -0.1396 3.0546 6.0000 4.2424 0.0016 
31.0395 11.0000 2993.0098 0.1135 0.0595 -0.1506 3.0526 6.0000 5.2840 0.0015 
31.0402 11.0000 2992.6003 0.1084 0.0584 -0.1406 3.0565 6.0000 5.6994 0.0016 
31.0399 11.0000 2991.2948 0.1084 0.0595 -0.1396 3.0551 6.0000 5.7544 0.0016 
31.0320 11.0000 2987.7356 0.1061 0.0589 -0.1362 3.0530 6.0000 6.8036 0.0015 
31.0399 11.0000 2989.9827 0.1062 0.0596 -0.1321 3.0499 6.0000 8.1578 0.0016 
31.0392 11.0000 2991.6036 0.1091 0.0598 -0.1397 3.0543 6.0000 8.4270 0.0016 
31.0359 11.0000 2990.1343 0.1080 0.0589 -0.1396 3.0512 6.0000 8.4239 0.0016 
31.0350 11.0000 2989.1033 0.1072 0.0595 -0.1361 3.0534 6.0000 7.9692 0.0016 
31.0395 11.0000 2991.1376 0.1059 0.0604 -0.1314 3.0543 7.0000 7.7806 0.0016 
31.0310 11.0000 2987.4389 0.1090 0.0609 -0.1370 3.0509 6.0000 1.4980 0.0015 
31.0405 11.0000 2994.3961 0.1058 0.0594 -0.1348 3.0541 6.0000 2.1957 0.0014 
31.0382 11.0000 2992.0507 0.1069 0.0595 -0.1355 3.0546 6.0000 1.9697 0.0013 
31.0359 11.0000 2990.6029 0.1060 0.0597 -0.1343 3.0544 7.0000 3.6079 0.0016 
31.0346 11.0000 2991.2745 0.1065 0.0602 -0.1322 3.0529 6.0000 5.2782 0.0016 
31.0386 11.0000 2991.6095 0.1073 0.0593 -0.1380 3.0524 6.0000 4.4014 0.0016 
31.0373 11.0000 2991.0706 0.1076 0.0600 -0.1371 3.0563 6.0000 3.2992 0.0017 
31.0363 11.0000 2990.2631 0.1084 0.0590 -0.1404 3.0567 7.0000 4.0254 0.0016 
31.0428 11.0000 2993.4827 0.1071 0.0594 -0.1363 3.0517 6.0000 4.3847 0.0017 
31.0392 11.0000 2990.8712 0.1055 0.0600 -0.1323 3.0580 6.0000 4.5230 0.0017 
31.0415 11.0000 2994.4895 0.1055 0.0597 -0.1306 3.0519 7.0000 4.3992 0.0017 
31.0330 11.0000 2989.9565 0.1100 0.0600 -0.1413 3.0571 6.0000 2.0506 0.0017 
31.0438 11.0000 2993.3131 0.1107 0.0605 -0.1422 3.0529 6.0000 2.0697 0.0017 
31.0477 11.0000 2996.0154 0.1100 0.0600 -0.1422 3.0555 7.0000 2.2334 0.0016 
31.0382 11.0000 2991.2840 0.1122 0.0596 -0.1456 3.0533 6.0000 2.0170 0.0017 
31.0363 11.0000 2989.6317 0.1071 0.0597 -0.1366 3.0548 6.0000 4.4540 0.0015 
31.0281 11.0000 2987.6562 0.1087 0.0597 -0.1407 3.0541 6.0000 4.8504 0.0014 
31.0373 11.0000 2991.6212 0.1114 0.0609 -0.1427 3.0574 6.0000 3.8237 0.0014 
31.0353 11.0000 2989.6990 0.1090 0.0599 -0.1404 3.0543 6.0000 1.5810 0.0017 
31.0333 11.0000 2990.2634 0.1084 0.0598 -0.1378 3.0590 7.0000 2.3801 0.0016 
31.0422 11.0000 2993.1484 0.1090 0.0601 -0.1387 3.0573 6.0000 2.3689 0.0015 
31.0333 11.0000 2990.5938 0.1072 0.0594 -0.1372 3.0562 6.0000 2.5505 0.0015 
31.0369 11.0000 2991.5212 0.1051 0.0595 -0.1328 3.0564 6.0000 4.3651 0.0016 
31.0382 11.0000 2991.5529 0.1108 0.0594 -0.1437 3.0558 6.0000 4.3941 0.0016 
31.0356 11.0000 2991.6709 0.1087 0.0600 -0.1376 3.0521 6.0000 3.6525 0.0016 
31.0343 11.0000 2989.6859 0.1076 0.0600 -0.1362 3.0527 6.0000 2.2430 0.0014 
31.0399 11.0000 2992.3176 0.1059 0.0603 -0.1308 3.0579 6.0000 1.5809 0.0014 
31.0425 11.0000 2993.1327 0.1059 0.0593 -0.1343 3.0530 6.0000 2.2418 0.0015 
31.0373 11.0000 2990.4745 0.1074 0.0599 -0.1354 3.0533 6.0000 1.7144 0.0014 
31.0382 11.0000 2992.0824 0.1079 0.0601 -0.1366 3.0529 6.0000 2.2019 0.0015 
31.0386 11.0000 2991.3157 0.1108 0.0595 -0.1431 3.0550 6.0000 2.1949 0.0015 
31.0386 11.0000 2990.1359 0.1082 0.0599 -0.1396 3.0523 6.0000 2.4632 0.0016 
31.0379 11.0000 2991.9869 0.1084 0.0599 -0.1383 3.0563 7.0000 2.5646 0.0016 
31.0359 11.0000 2990.2405 0.1119 0.0599 -0.1464 3.0537 6.0000 1.6753 0.0014 
31.0353 11.0000 2991.8216 0.1065 0.0599 -0.1341 3.0552 6.0000 2.7684 0.0014 
31.0428 11.0000 2995.0150 0.1073 0.0604 -0.1345 3.0529 6.0000 2.8125 0.0014 
31.0330 11.0000 2989.9242 0.1064 0.0594 -0.1353 3.0555 6.0000 2.9329 0.0016 
31.0425 11.0000 2993.7402 0.1095 0.0599 -0.1401 3.0537 7.0000 3.5525 0.0017 
31.0392 11.0000 2992.4026 0.1095 0.0592 -0.1429 3.0543 6.0000 3.5142 0.0016 
31.0395 11.0000 2992.2412 0.1088 0.0603 -0.1394 3.0581 6.0000 2.2428 0.0015 
31.0408 11.0000 2992.0487 0.1105 0.0601 -0.1427 3.0536 6.0000 2.1962 0.0015 
31.0356 11.0000 2991.2082 0.1081 0.0601 -0.1396 3.0536 6.0000 2.1122 0.0014 
31.0350 11.0000 2989.6190 0.1099 0.0598 -0.1413 3.0549 6.0000 2.4650 0.0014 
31.0425 11.0000 2994.2448 0.1106 0.0600 -0.1430 3.0540 6.0000 2.5512 0.0014 
31.0428 11.0000 2992.9876 0.1101 0.0588 -0.1439 3.0531 6.0000 2.0852 0.0018 
31.0346 11.0000 2990.2065 0.1116 0.0600 -0.1463 3.0511 6.0000 2.8584 0.0015 
31.0392 11.0000 2991.5454 0.1062 0.0596 -0.1331 3.0515 6.0000 2.9095 0.0014 
31.0363 11.0000 2990.3314 0.1077 0.0587 -0.1388 3.0520 7.0000 1.6717 0.0016 
31.0337 11.0000 2990.0333 0.1088 0.0594 -0.1408 3.0516 6.0000 2.1082 0.0014 
31.0320 11.0000 2988.1147 0.1081 0.0591 -0.1407 3.0536 6.0000 2.9445 0.0017 
31.0402 11.0000 2992.2144 0.1092 0.0597 -0.1403 3.0543 6.0000 2.9899 0.0018 
31.0422 11.0000 2992.9294 0.1088 0.0596 -0.1389 3.0537 6.0000 2.2409 0.0015 
31.0431 11.0000 2993.7042 0.1101 0.0601 -0.1418 3.0542 6.0000 2.1995 0.0014 
31.0324 11.0000 2989.8516 0.1121 0.0593 -0.1473 3.0566 6.0000 2.5138 0.0015 
31.0314 11.0000 2987.3918 0.1053 0.0593 -0.1333 3.0554 6.0000 2.6400 0.0015 
31.0356 11.0000 2990.8908 0.1123 0.0601 -0.1472 3.0557 6.0000 2.1946 0.0016 
31.0422 11.0000 2993.0023 0.1075 0.0599 -0.1348 3.0540 6.0000 1.5815 0.0019 
31.0402 11.0000 2993.8343 0.1124 0.0594 -0.1473 3.0535 6.0000 2.1302 0.0018 
31.0425 11.0000 2993.9092 0.1100 0.0604 -0.1421 3.0563 6.0000 2.1495 0.0018 
31.0324 11.0000 2989.2539 0.1096 0.0594 -0.1439 3.0565 6.0000 2.1098 0.0013 
31.0301 11.0000 2987.9520 0.1075 0.0599 -0.1366 3.0569 6.0000 2.2854 0.0017 
31.0415 11.0000 2992.4745 0.1114 0.0597 -0.1459 3.0538 6.0000 2.1106 0.0017 
31.0431 11.0000 2995.5781 0.1045 0.0588 -0.1319 3.0522 6.0000 2.1140 0.0016 
31.0389 11.0000 2990.9765 0.1064 0.0602 -0.1318 3.0574 6.0000 2.2339 0.0016 
31.0392 11.0000 2992.4438 0.1079 0.0598 -0.1371 3.0553 6.0000 2.5515 0.0014 
31.0359 11.0000 2991.5190 0.1091 0.0602 -0.1394 3.0556 6.0000 2.6423 0.0014 
31.0278 11.0000 2987.8127 0.1049 0.0593 -0.1312 3.0548 6.0000 2.2399 0.0013 
31.0320 11.0000 2989.4895 0.1094 0.0595 -0.1403 3.0564 6.0000 1.5856 0.0016 
31.0307 11.0000 2988.5000 0.1099 0.0596 -0.1399 3.0556 6.0000 2.1118 0.0013 
31.0451 11.0000 2996.5219 0.1058 0.0595 -0.1334 3.0579 6.0000 2.1545 0.0013 
31.0333 11.0000 2990.0340 0.1075 0.0598 -0.1363 3.0533 6.0000 2.1136 0.0013 
31.0350 11.0000 2990.4948 0.1065 0.0591 -0.1361 3.0545 6.0000 3.5169 0.0013 
31.0369 11.0000 2991.6258 0.1070 0.0591 -0.1367 3.0541 6.0000 3.6082 0.0013 
31.0373 11.0000 2990.1641 0.1106 0.0589 -0.1454 3.0529 6.0000 2.2405 0.0013 
31.0422 11.0000 2993.5059 0.1079 0.0596 -0.1391 3.0553 6.0000 2.2466 0.0013 
31.0350 11.0000 2991.4157 0.1099 0.0596 -0.1439 3.0534 6.0000 2.5502 0.0013 
31.0363 11.0000 2992.3719 0.1069 0.0600 -0.1327 3.0545 6.0000 2.6389 0.0013 
31.0474 11.0000 2995.4402 0.1093 0.0597 -0.1406 3.0582 7.0000 2.1153 0.0013 
