30.6351 11.0000 2838.8344 0.3087 0.1308 -0.2952 2.9607 6.0000 3.3609 0.0152 
30.5877 11.0000 2825.9434 0.3038 0.1311 -0.2927 2.9592 5.0000 3.6935 0.0182 
30.6427 11.0000 2831.3061 0.3082 0.1310 -0.2981 2.9519 5.0000 3.1063 0.0152 
30.5784 11.0000 2810.0664 0.3087 0.1290 -0.3041 2.9578 6.0000 3.5729 0.0176 
30.6013 11.0000 2819.9341 0.3117 0.1310 -0.3030 2.9529 5.0000 3.2606 0.0152 
30.6149 11.0000 2816.3388 0.3129 0.1300 -0.3129 2.9502 6.0000 3.6951 0.0152 
30.5370 11.0000 2785.0430 0.3033 0.1307 -0.2951 2.9588 6.0000 3.6561 0.0142 
30.6209 11.0000 2824.3263 0.3069 0.1320 -0.2973 2.9597 7.0000 3.7026 0.0146 
30.5185 11.0000 2797.8034 0.3093 0.1316 -0.3045 2.9575 6.0000 3.4988 0.0169 
30.6078 11.0000 2809.5065 0.3069 0.1295 -0.3034 2.9567 6.0000 3.2279 0.0152 
30.5496 11.0000 2807.9259 0.3041 0.1313 -0.2948 2.9675 6.0000 3.7289 0.0146 
30.5692 11.0000 2795.7914 0.3073 0.1271 -0.3054 2.9517 6.0000 0.6137 0.0167 
30.5316 11.0000 2779.1781 0.3062 0.1281 -0.3070 2.9608 5.0000 0.6108 0.0176 
30.6204 11.0000 2822.2462 0.3084 0.1299 -0.3048 2.9554 5.0000 0.6066 0.0174 
30.6394 11.0000 2845.0267 0.3021 0.1299 -0.2837 2.9581 5.0000 0.7626 0.0180 
30.6514 11.0000 2839.9602 0.3101 0.1328 -0.2968 2.9562 5.0000 1.6489 0.0171 
30.6291 11.0000 2817.6934 0.3121 0.1314 -0.3066 2.9586 5.0000 1.3810 0.0152 
30.5735 11.0000 2800.9728 0.3061 0.1274 -0.3034 2.9565 6.0000 2.1858 0.0154 
30.5888 11.0000 2813.3045 0.3061 0.1312 -0.2993 2.9559 5.0000 2.0076 0.0154 
30.5833 11.0000 2833.2625 0.3070 0.1294 -0.2931 2.9500 6.0000 1.7953 0.0154 
30.5082 11.0000 2783.3785 0.3033 0.1285 -0.2982 2.9552 5.0000 1.4886 0.0154 
30.5485 11.0000 2791.8611 0.3047 0.1298 -0.2998 2.9620 5.0000 1.1823 0.0154 
30.5757 11.0000 2800.8758 0.3102 0.1291 -0.3132 2.9538 6.0000 0.4368 0.0158 
30.6220 11.0000 2810.8453 0.3150 0.1313 -0.3150 2.9603 6.0000 0.5738 0.0174 
30.5539 11.0000 2774.4058 0.3106 0.1287 -0.3142 2.9633 5.0000 0.6157 0.0164 
30.5376 11.0000 2798.5234 0.3077 0.1309 -0.3046 2.9547 6.0000 0.6176 0.0146 
30.5637 11.0000 2798.3916 0.3105 0.1293 -0.3096 2.9502 5.0000 0.6144 0.0164 
30.6160 11.0000 2833.4003 0.3050 0.1267 -0.2999 2.9571 6.0000 0.5747 0.0164 
30.6362 11.0000 2822.6051 0.3071 0.1284 -0.3075 2.9502 5.0000 0.7725 0.0180 
30.5648 11.0000 2797.3540 0.3114 0.1300 -0.3071 2.9608 5.0000 1.0896 0.0166 
30.6106 11.0000 2815.1334 0.3107 0.1320 -0.3025 2.9610 5.0000 1.2004 0.0166 
30.6667 11.0000 2845.9575 0.3100 0.1308 -0.3026 2.9460 6.0000 1.4001 0.0166 
30.6040 11.0000 2817.3775 0.3086 0.1301 -0.3036 2.9560 5.0000 1.3227 0.0166 
30.5539 11.0000 2797.0893 0.3068 0.1312 -0.3055 2.9573 6.0000 0.4398 0.0194 
30.5839 11.0000 2813.3568 0.3198 0.1371 -0.3104 2.9633 5.0000 0.4390 0.0171 
30.6378 11.0000 2848.4248 0.3035 0.1262 -0.2959 2.9579 5.0000 0.5955 0.0159 
30.5855 11.0000 2809.4499 0.3089 0.1299 -0.3048 2.9596 6.0000 0.6588 0.0170 
30.5844 11.0000 2823.1972 0.3058 0.1285 -0.2962 2.9522 5.0000 0.6164 0.0145 
30.5359 11.0000 2787.9352 0.3061 0.1286 -0.3040 2.9569 6.0000 0.6154 0.0179 
30.5790 11.0000 2817.2495 0.3062 0.1284 -0.3024 2.9575 6.0000 0.6185 0.0179 
30.6204 11.0000 2820.0093 0.3098 0.1299 -0.3046 2.9572 5.0000 0.9640 0.0137 
30.5114 11.0000 2778.3301 0.3071 0.1313 -0.3018 2.9661 5.0000 1.1448 0.0137 
30.5915 11.0000 2809.1100 0.3081 0.1308 -0.2986 2.9654 5.0000 1.2735 0.0137 
30.4951 11.0000 2774.4074 0.3046 0.1282 -0.3019 2.9565 5.0000 1.0136 0.0137 
30.5648 11.0000 2813.5071 0.3056 0.1284 -0.2987 2.9548 5.0000 0.6161 0.0142 
30.5991 11.0000 2800.8894 0.3057 0.1304 -0.3003 2.9564 6.0000 0.4399 0.0150 
30.5659 11.0000 2813.0005 0.3116 0.1300 -0.3070 2.9615 6.0000 0.4405 0.0164 
30.6422 11.0000 2855.6863 0.3045 0.1290 -0.2924 2.9544 5.0000 0.6575 0.0170 
30.5387 11.0000 2810.5114 0.3080 0.1297 -0.3014 2.9540 6.0000 0.6144 0.0161 
30.5387 11.0000 2791.3731 0.3082 0.1300 -0.3030 2.9607 5.0000 0.6170 0.0168 
30.6667 11.0000 2852.4684 0.3111 0.1294 -0.3029 2.9501 5.0000 0.6573 0.0156 
30.5839 11.0000 2807.0147 0.3132 0.1307 -0.3076 2.9582 5.0000 0.9250 0.0140 
30.6743 11.0000 2835.3965 0.3054 0.1292 -0.3000 2.9563 5.0000 1.1438 0.0179 
30.6503 11.0000 2826.3164 0.3052 0.1283 -0.3001 2.9587 5.0000 1.2327 0.0179 
30.6285 11.0000 2836.9842 0.3046 0.1273 -0.3020 2.9537 5.0000 1.1353 0.0179 
30.5724 11.0000 2804.8671 0.3101 0.1291 -0.3045 2.9549 6.0000 0.7359 0.0179 
30.5850 11.0000 2798.6558 0.3099 0.1319 -0.3076 2.9574 6.0000 0.4396 0.0186 
30.5942 11.0000 2815.9755 0.3061 0.1282 -0.3029 2.9624 6.0000 0.4395 0.0156 
30.5681 11.0000 2794.9292 0.3109 0.1299 -0.3125 2.9600 5.0000 0.6168 0.0158 
30.5730 11.0000 2813.9248 0.3071 0.1305 -0.2974 2.9598 5.0000 0.6546 0.0167 
30.5202 11.0000 2800.8829 0.3067 0.1312 -0.2970 2.9637 6.0000 0.6479 0.0170 
30.6078 11.0000 2803.9581 0.3065 0.1301 -0.2986 2.9619 6.0000 0.4406 0.0155 
30.5490 11.0000 2791.3502 0.3024 0.1287 -0.2965 2.9591 5.0000 0.6587 0.0166 
30.6574 11.0000 2838.3949 0.3136 0.1305 -0.3113 2.9531 6.0000 0.6156 0.0170 
30.5414 11.0000 2786.1089 0.3019 0.1282 -0.2982 2.9551 5.0000 0.6592 0.0145 
30.5664 11.0000 2807.4559 0.3046 0.1288 -0.3020 2.9470 5.0000 1.0012 0.0194 
30.5861 11.0000 2811.2347 0.3125 0.1325 -0.3057 2.9598 5.0000 1.3939 0.0178 
30.6721 11.0000 2836.0893 0.3133 0.1318 -0.3071 2.9617 6.0000 1.3054 0.0155 
30.6035 11.0000 2832.6465 0.3090 0.1288 -0.3046 2.9547 5.0000 1.0986 0.0155 
30.5659 11.0000 2791.2958 0.3125 0.1310 -0.3080 2.9640 6.0000 0.6556 0.0168 
30.5768 11.0000 2804.8208 0.3045 0.1294 -0.2997 2.9651 5.0000 0.6166 0.0161 
30.5871 11.0000 2825.9052 0.3068 0.1309 -0.2982 2.9647 5.0000 0.7480 0.0186 
30.6111 11.0000 2837.8960 0.3114 0.1310 -0.3017 2.9524 6.0000 0.7474 0.0152 
30.4940 11.0000 2777.5931 0.3070 0.1302 -0.3017 2.9645 5.0000 0.6164 0.0181 
30.5784 11.0000 2804.6324 0.3104 0.1291 -0.3055 2.9560 5.0000 0.4402 0.0170 
30.6411 11.0000 2845.6285 0.3093 0.1291 -0.3008 2.9544 6.0000 0.6511 0.0178 
30.6122 11.0000 2831.3235 0.3058 0.1300 -0.2912 2.9591 5.0000 0.6595 0.0176 
30.5441 11.0000 2803.8023 0.3065 0.1278 -0.3041 2.9530 5.0000 0.6615 0.0167 
30.5850 11.0000 2800.4700 0.3083 0.1311 -0.3037 2.9550 5.0000 0.7009 0.0167 
30.5942 11.0000 2813.6928 0.3081 0.1290 -0.3040 2.9564 5.0000 0.6595 0.0167 
30.5681 11.0000 2798.3066 0.3066 0.1293 -0.3028 2.9626 5.0000 0.6578 0.0154 
30.5724 11.0000 2803.1983 0.3102 0.1320 -0.3012 2.9611 6.0000 0.4412 0.0158 
30.5180 11.0000 2775.6236 0.3087 0.1294 -0.3065 2.9609 6.0000 0.6177 0.0189 
30.5349 11.0000 2782.6705 0.3016 0.1277 -0.2970 2.9575 5.0000 0.4815 0.0183 
30.6215 11.0000 2830.9875 0.3133 0.1326 -0.3031 2.9585 7.0000 0.6564 0.0163 
30.5441 11.0000 2791.9798 0.3113 0.1333 -0.3063 2.9553 5.0000 0.6398 0.0146 
30.5496 11.0000 2790.3045 0.3034 0.1278 -0.3002 2.9560 5.0000 0.6595 0.0143 
30.5752 11.0000 2804.2827 0.3105 0.1322 -0.3034 2.9616 5.0000 0.6540 0.0195 
30.6977 11.0000 2847.4592 0.3133 0.1312 -0.3115 2.9563 6.0000 0.8353 0.0167 
30.5757 11.0000 2804.3775 0.3069 0.1288 -0.3027 2.9598 5.0000 0.8332 0.0167 
30.5294 11.0000 2782.7032 0.3145 0.1335 -0.3113 2.9639 5.0000 0.6549 0.0158 
30.6029 11.0000 2807.0757 0.3109 0.1298 -0.3093 2.9595 6.0000 0.4697 0.0167 
30.6138 11.0000 2809.2745 0.3101 0.1317 -0.3002 2.9590 6.0000 0.6217 0.0158 
30.5103 11.0000 2777.0294 0.3044 0.1288 -0.3046 2.9586 6.0000 0.6590 0.0158 
30.5871 11.0000 2814.2914 0.3124 0.1290 -0.3140 2.9510 6.0000 0.6181 0.0158 
30.6383 11.0000 2841.6786 0.3086 0.1321 -0.2997 2.9561 5.0000 0.6181 0.0158 
30.6498 11.0000 2829.4995 0.3101 0.1311 -0.3014 2.9545 5.0000 0.6558 0.0158 
30.4929 11.0000 2773.6634 0.3038 0.1277 -0.3058 2.9596 6.0000 0.6593 0.0158 
30.5757 11.0000 2799.3143 0.3184 0.1325 -0.3154 2.9581 5.0000 0.6600 0.0158 
30.6029 11.0000 2806.4178 0.3082 0.1284 -0.3066 2.9516 5.0000 0.5890 0.0158 
