30.8588 11.0000 2926.0092 0.2644 0.0921 -0.3092 3.0862 6.0000 9.7493 0.0079 
30.8699 11.0000 2938.4990 0.2586 0.0923 -0.2968 3.0861 6.0000 9.9509 0.0079 
30.8725 11.0000 2937.9395 0.2621 0.0929 -0.3041 3.0876 6.0000 10.0982 0.0079 
30.8578 11.0000 2917.1791 0.2643 0.0936 -0.3076 3.0895 6.0000 9.6408 0.0088 
30.8405 11.0000 2926.6281 0.2615 0.0914 -0.3053 3.0892 7.0000 9.3968 0.0069 
30.8418 11.0000 2918.4690 0.2659 0.0935 -0.3081 3.0892 6.0000 9.7094 0.0081 
30.8500 11.0000 2923.4225 0.2617 0.0933 -0.3025 3.0909 6.0000 9.4925 0.0088 
30.8239 11.0000 2916.7830 0.2598 0.0936 -0.3019 3.0945 6.0000 9.7895 0.0079 
30.8546 11.0000 2923.6144 0.2636 0.0924 -0.3080 3.0873 6.0000 9.1780 0.0088 
30.8650 11.0000 2931.4085 0.2617 0.0931 -0.3050 3.0886 6.0000 9.7444 0.0081 
30.7752 11.0000 2888.9964 0.2642 0.0938 -0.3102 3.0964 7.0000 9.5310 0.0079 
30.8144 11.0000 2916.5242 0.2594 0.0921 -0.3030 3.0894 6.0000 1.0968 0.0081 
30.8363 11.0000 2918.7379 0.2644 0.0927 -0.3084 3.0864 6.0000 1.5395 0.0081 
30.8167 11.0000 2915.5601 0.2595 0.0923 -0.3031 3.0881 6.0000 1.7405 0.0077 
30.8441 11.0000 2922.2941 0.2630 0.0936 -0.3052 3.0881 6.0000 3.2558 0.0085 
30.8271 11.0000 2913.6912 0.2574 0.0935 -0.2988 3.0933 6.0000 4.5077 0.0083 
30.8078 11.0000 2901.9889 0.2629 0.0922 -0.3083 3.0920 6.0000 4.5112 0.0093 
30.8536 11.0000 2926.3546 0.2666 0.0948 -0.3093 3.0882 6.0000 5.1328 0.0094 
30.8271 11.0000 2908.8225 0.2629 0.0918 -0.3093 3.0890 7.0000 3.3762 0.0094 
30.8160 11.0000 2908.5739 0.2616 0.0936 -0.3048 3.0925 6.0000 4.0363 0.0094 
30.7974 11.0000 2900.9098 0.2583 0.0913 -0.3051 3.0910 7.0000 4.2566 0.0094 
30.8363 11.0000 2922.2065 0.2609 0.0926 -0.3056 3.0860 6.0000 4.0363 0.0070 
30.7997 11.0000 2897.7915 0.2610 0.0922 -0.3074 3.0873 6.0000 1.5854 0.0090 
30.8382 11.0000 2919.7611 0.2633 0.0924 -0.3085 3.0860 6.0000 1.6265 0.0075 
30.8500 11.0000 2919.9105 0.2609 0.0933 -0.3019 3.0872 6.0000 1.5837 0.0096 
30.8255 11.0000 2917.1386 0.2647 0.0922 -0.3097 3.0850 6.0000 1.5821 0.0096 
30.8301 11.0000 2926.3559 0.2622 0.0925 -0.3043 3.0907 6.0000 1.7137 0.0073 
30.7971 11.0000 2899.1526 0.2623 0.0923 -0.3053 3.0867 6.0000 1.6162 0.0095 
30.8693 11.0000 2930.9974 0.2597 0.0921 -0.3042 3.0901 6.0000 1.9001 0.0076 
30.7850 11.0000 2895.2598 0.2612 0.0907 -0.3106 3.0846 6.0000 3.6088 0.0071 
30.8379 11.0000 2921.7203 0.2628 0.0930 -0.3069 3.0914 6.0000 3.4953 0.0083 
30.8082 11.0000 2908.2699 0.2631 0.0933 -0.3049 3.0894 6.0000 3.9079 0.0071 
30.8340 11.0000 2920.6235 0.2621 0.0927 -0.3062 3.0891 6.0000 3.5609 0.0102 
30.8556 11.0000 2929.4850 0.2570 0.0918 -0.3010 3.0830 6.0000 1.1018 0.0085 
30.7915 11.0000 2900.3866 0.2598 0.0933 -0.3045 3.0897 6.0000 1.7146 0.0087 
30.8219 11.0000 2915.2761 0.2593 0.0919 -0.3034 3.0838 6.0000 1.7006 0.0087 
30.7931 11.0000 2889.3654 0.2616 0.0934 -0.3053 3.0972 6.0000 2.0571 0.0099 
30.8601 11.0000 2930.2268 0.2590 0.0930 -0.2992 3.0901 6.0000 1.6237 0.0099 
30.8526 11.0000 2921.2699 0.2589 0.0916 -0.3027 3.0941 6.0000 1.7182 0.0088 
30.8660 11.0000 2937.2938 0.2556 0.0908 -0.2992 3.0852 6.0000 1.6593 0.0093 
30.8294 11.0000 2912.7363 0.2611 0.0933 -0.3045 3.0900 6.0000 1.1796 0.0089 
30.7722 11.0000 2883.6114 0.2620 0.0928 -0.3057 3.0880 6.0000 1.5834 0.0087 
30.8467 11.0000 2923.2935 0.2606 0.0945 -0.3008 3.0927 6.0000 1.8340 0.0087 
30.8252 11.0000 2911.8007 0.2645 0.0914 -0.3113 3.0839 6.0000 1.8909 0.0087 
30.8190 11.0000 2916.3905 0.2600 0.0920 -0.3043 3.0891 7.0000 1.6708 0.0084 
30.8732 11.0000 2933.1523 0.2595 0.0916 -0.3018 3.0882 6.0000 2.6861 0.0075 
30.7833 11.0000 2903.6337 0.2616 0.0932 -0.3072 3.0933 6.0000 2.6790 0.0075 
30.8405 11.0000 2918.1098 0.2645 0.0924 -0.3114 3.0871 6.0000 1.3416 0.0084 
30.8134 11.0000 2911.7967 0.2582 0.0922 -0.3006 3.0896 7.0000 1.5397 0.0081 
30.8147 11.0000 2915.2958 0.2616 0.0926 -0.3055 3.0870 6.0000 1.5816 0.0071 
30.8003 11.0000 2896.3346 0.2602 0.0920 -0.3074 3.0914 6.0000 1.6692 0.0076 
30.8173 11.0000 2901.2458 0.2584 0.0918 -0.3050 3.0875 6.0000 1.7507 0.0090 
30.8788 11.0000 2937.7598 0.2603 0.0926 -0.3016 3.0832 6.0000 2.4637 0.0072 
30.8755 11.0000 2934.5778 0.2567 0.0908 -0.2985 3.0879 6.0000 2.4201 0.0072 
30.8271 11.0000 2916.3706 0.2636 0.0928 -0.3102 3.0856 6.0000 2.1969 0.0072 
30.8366 11.0000 2917.8516 0.2619 0.0937 -0.3057 3.0881 7.0000 1.1404 0.0101 
30.8556 11.0000 2930.9176 0.2615 0.0922 -0.3046 3.0832 6.0000 1.5842 0.0083 
30.8542 11.0000 2931.1725 0.2606 0.0916 -0.3032 3.0815 7.0000 1.1421 0.0095 
30.8291 11.0000 2923.2052 0.2604 0.0906 -0.3041 3.0856 6.0000 1.6713 0.0075 
30.8670 11.0000 2938.0935 0.2591 0.0925 -0.2996 3.0891 6.0000 1.7579 0.0071 
30.8536 11.0000 2930.0748 0.2624 0.0928 -0.3070 3.0889 6.0000 1.6571 0.0086 
30.8108 11.0000 2910.6788 0.2577 0.0921 -0.3019 3.0925 6.0000 1.7155 0.0077 
30.8657 11.0000 2932.0101 0.2605 0.0920 -0.3011 3.0891 6.0000 1.7141 0.0078 
30.8497 11.0000 2928.8886 0.2632 0.0940 -0.3071 3.0926 6.0000 2.5070 0.0080 
30.8722 11.0000 2933.7840 0.2619 0.0928 -0.3041 3.0802 6.0000 2.5051 0.0080 
30.7768 11.0000 2898.5235 0.2580 0.0918 -0.3029 3.0863 6.0000 2.2842 0.0080 
30.8686 11.0000 2929.3817 0.2670 0.0942 -0.3118 3.0872 7.0000 1.7598 0.0085 
30.8304 11.0000 2915.4654 0.2618 0.0927 -0.3067 3.0891 6.0000 1.1411 0.0076 
30.7928 11.0000 2898.6418 0.2598 0.0920 -0.3039 3.0909 6.0000 1.4010 0.0084 
30.8539 11.0000 2927.9882 0.2636 0.0922 -0.3090 3.0871 6.0000 1.6284 0.0084 
30.8216 11.0000 2913.9386 0.2589 0.0916 -0.3052 3.0875 6.0000 1.6266 0.0083 
30.8490 11.0000 2920.7908 0.2645 0.0939 -0.3094 3.0887 6.0000 1.6699 0.0071 
30.8448 11.0000 2924.1186 0.2569 0.0922 -0.3004 3.0847 6.0000 1.7597 0.0076 
30.8392 11.0000 2922.9801 0.2601 0.0926 -0.3034 3.0909 7.0000 1.6718 0.0087 
30.8258 11.0000 2915.7895 0.2605 0.0919 -0.3061 3.0903 6.0000 2.1982 0.0086 
30.8271 11.0000 2914.4454 0.2602 0.0932 -0.3027 3.0883 6.0000 2.3727 0.0080 
30.8255 11.0000 2904.7056 0.2626 0.0928 -0.3079 3.0917 6.0000 2.1104 0.0080 
30.8533 11.0000 2921.7647 0.2593 0.0924 -0.3052 3.0878 6.0000 1.7605 0.0084 
30.8265 11.0000 2913.1618 0.2618 0.0922 -0.3078 3.0909 6.0000 1.1452 0.0078 
30.8310 11.0000 2917.9340 0.2637 0.0923 -0.3115 3.0891 6.0000 2.3748 0.0086 
30.8023 11.0000 2910.5542 0.2593 0.0915 -0.3014 3.0915 6.0000 1.8431 0.0079 
30.8683 11.0000 2931.3480 0.2612 0.0915 -0.3071 3.0872 6.0000 1.6258 0.0084 
30.8516 11.0000 2929.0157 0.2590 0.0925 -0.3008 3.0905 6.0000 1.7579 0.0084 
30.8196 11.0000 2901.3585 0.2590 0.0919 -0.3039 3.0888 6.0000 1.7597 0.0076 
30.8216 11.0000 2918.1036 0.2569 0.0929 -0.2978 3.0905 6.0000 1.7579 0.0081 
30.8399 11.0000 2920.3706 0.2601 0.0925 -0.3047 3.0886 6.0000 1.7896 0.0093 
30.8016 11.0000 2910.7075 0.2606 0.0931 -0.3047 3.0879 6.0000 1.8352 0.0082 
30.8278 11.0000 2914.9444 0.2582 0.0913 -0.3035 3.0895 6.0000 1.9749 0.0082 
30.8458 11.0000 2926.3801 0.2606 0.0919 -0.3038 3.0854 6.0000 1.7585 0.0083 
30.8438 11.0000 2917.7696 0.2652 0.0927 -0.3136 3.0843 6.0000 1.1434 0.0083 
30.8225 11.0000 2917.5556 0.2617 0.0924 -0.3060 3.0915 7.0000 1.7609 0.0090 
30.8291 11.0000 2911.1696 0.2604 0.0912 -0.3065 3.0854 6.0000 1.6712 0.0090 
30.8288 11.0000 2917.6601 0.2593 0.0924 -0.3017 3.0869 6.0000 1.7142 0.0090 
30.8520 11.0000 2921.7248 0.2609 0.0928 -0.3041 3.0883 6.0000 1.6715 0.0090 
30.8376 11.0000 2923.2853 0.2609 0.0913 -0.3038 3.0840 6.0000 1.1464 0.0090 
30.8013 11.0000 2895.7026 0.2621 0.0928 -0.3078 3.0889 6.0000 1.8934 0.0090 
30.8346 11.0000 2919.8507 0.2611 0.0920 -0.3033 3.0854 6.0000 1.7161 0.0090 
30.8722 11.0000 2925.0709 0.2600 0.0922 -0.3053 3.0847 6.0000 1.8469 0.0090 
30.8307 11.0000 2923.2987 0.2610 0.0922 -0.3074 3.0912 6.0000 1.8924 0.0090 
30.8088 11.0000 2902.6673 0.2652 0.0926 -0.3131 3.0880 6.0000 1.6679 0.0090 
