30.2672 1.0000 2702.6005 0.4513 0.2241 -0.2806 2.9020 5.0000 1.5506 0.0191 
30.2206 1.0000 2689.3162 0.4343 0.2235 -0.2564 2.8866 5.0000 1.5068 0.0203 
30.4428 1.0000 2782.8554 0.4462 0.2227 -0.2636 2.8829 5.0000 1.4349 0.0271 
30.5090 1.0000 2779.1038 0.4505 0.2231 -0.2830 2.8801 6.0000 1.5217 0.0190 
30.4592 1.0000 2763.1920 0.4435 0.2242 -0.2714 2.8930 5.0000 1.5187 0.0191 
30.3815 1.0000 2753.3243 0.4542 0.2304 -0.2693 2.8853 5.0000 1.4674 0.0203 
30.3415 1.0000 2745.7304 0.4643 0.2323 -0.2915 2.8961 5.0000 1.4280 0.0203 
30.4600 1.0000 2775.6217 0.4455 0.2277 -0.2607 2.8927 5.0000 1.4310 0.0237 
30.3995 1.0000 2783.1691 0.4510 0.2236 -0.2677 2.8746 5.0000 1.5247 0.0240 
30.3145 1.0000 2704.5817 0.4513 0.2300 -0.2735 2.9231 5.0000 1.5246 0.0191 
30.4706 1.0000 2786.8717 0.4412 0.2255 -0.2500 2.8847 6.0000 1.4673 0.0211 
30.5082 1.0000 2815.1789 0.4486 0.2278 -0.2543 2.8836 5.0000 0.2476 0.0292 
30.4681 1.0000 2795.3007 0.4449 0.2196 -0.2743 2.8796 5.0000 0.3027 0.0220 
30.5049 1.0000 2825.7949 0.4456 0.2198 -0.2667 2.8698 5.0000 0.4795 0.0179 
30.3472 1.0000 2736.5735 0.4421 0.2202 -0.2708 2.8791 5.0000 0.6777 0.0179 
30.3668 1.0000 2765.7990 0.4470 0.2236 -0.2608 2.8738 5.0000 0.4081 0.0244 
30.2541 1.0000 2709.6315 0.4688 0.2303 -0.2912 2.9025 5.0000 0.6763 0.0172 
30.4444 1.0000 2750.5605 0.4354 0.2215 -0.2551 2.9017 5.0000 0.6754 0.0231 
30.3219 1.0000 2707.4003 0.4683 0.2334 -0.2891 2.9071 5.0000 0.7004 0.0249 
30.3578 1.0000 2759.5556 0.4504 0.2228 -0.2791 2.8788 5.0000 0.5686 0.0249 
30.2337 1.0000 2692.3873 0.4348 0.2269 -0.2523 2.9044 5.0000 0.3010 0.0244 
30.3464 1.0000 2721.6642 0.4430 0.2227 -0.2672 2.8806 5.0000 0.2599 0.0218 
30.5098 1.0000 2838.1993 0.4445 0.2268 -0.2443 2.8787 5.0000 0.3941 0.0236 
30.2059 1.0000 2683.7941 0.4467 0.2299 -0.2600 2.8966 5.0000 0.2597 0.0237 
30.4183 1.0000 2784.9477 0.4422 0.2220 -0.2544 2.8899 5.0000 0.2641 0.0219 
30.5392 1.0000 2847.9616 0.4494 0.2290 -0.2432 2.8787 5.0000 0.2236 0.0183 
30.3489 1.0000 2753.9526 0.4461 0.2305 -0.2575 2.8958 5.0000 0.2653 0.0244 
30.3676 1.0000 2755.3260 0.4642 0.2257 -0.2974 2.8802 5.0000 0.2650 0.0229 
30.5596 1.0000 2854.6879 0.4523 0.2225 -0.2697 2.8726 5.0000 0.1774 0.0190 
30.3840 1.0000 2737.7230 0.4449 0.2273 -0.2669 2.8881 5.0000 0.2645 0.0205 
30.3325 1.0000 2734.3791 0.4345 0.2319 -0.2357 2.9045 5.0000 0.2607 0.0242 
30.4232 1.0000 2816.9232 0.4466 0.2187 -0.2636 2.8778 5.0000 0.3446 0.0227 
30.4183 1.0000 2729.4698 0.4503 0.2349 -0.2660 2.9081 5.0000 0.3792 0.0227 
30.5270 1.0000 2789.0245 0.4481 0.2295 -0.2583 2.8777 5.0000 0.2665 0.0227 
30.3709 1.0000 2732.9861 0.4496 0.2269 -0.2721 2.8914 5.0000 0.1773 0.0178 
30.4632 1.0000 2802.5212 0.4413 0.2175 -0.2643 2.8714 5.0000 0.2649 0.0235 
30.4199 1.0000 2783.3660 0.4495 0.2242 -0.2677 2.8860 5.0000 0.2176 0.0178 
30.5082 1.0000 2790.3905 0.4386 0.2228 -0.2534 2.8775 5.0000 0.3055 0.0235 
30.3897 1.0000 2730.3962 0.4464 0.2265 -0.2692 2.9035 5.0000 0.3061 0.0240 
30.3448 1.0000 2768.8595 0.4384 0.2210 -0.2583 2.8756 5.0000 0.2644 0.0192 
30.5441 1.0000 2819.7312 0.4423 0.2215 -0.2577 2.8595 5.0000 0.2648 0.0200 
30.5384 1.0000 2812.0188 0.4291 0.2217 -0.2342 2.8881 5.0000 0.2191 0.0235 
30.3521 1.0000 2751.8464 0.4384 0.2223 -0.2612 2.8764 5.0000 0.2678 0.0192 
30.3962 1.0000 2728.4289 0.4404 0.2238 -0.2598 2.8949 5.0000 0.2657 0.0246 
30.5654 1.0000 2841.0074 0.4350 0.2201 -0.2527 2.8740 5.0000 0.3506 0.0231 
30.4551 1.0000 2755.7132 0.4425 0.2278 -0.2600 2.8959 5.0000 0.4355 0.0231 
30.3587 1.0000 2727.3039 0.4580 0.2293 -0.2834 2.8881 5.0000 0.3958 0.0231 
30.3742 1.0000 2767.6544 0.4545 0.2295 -0.2570 2.8915 5.0000 0.1778 0.0200 
30.3717 1.0000 2768.4248 0.4346 0.2224 -0.2479 2.8909 5.0000 0.2669 0.0214 
30.3693 1.0000 2732.0891 0.4457 0.2251 -0.2742 2.9016 6.0000 0.3497 0.0201 
30.5008 1.0000 2805.2132 0.4510 0.2313 -0.2525 2.8908 5.0000 0.3102 0.0201 
30.3840 1.0000 2741.6381 0.4491 0.2284 -0.2694 2.9070 6.0000 0.2662 0.0214 
30.4771 1.0000 2822.8905 0.4397 0.2198 -0.2584 2.8699 5.0000 0.2696 0.0230 
30.5114 1.0000 2797.3015 0.4481 0.2207 -0.2791 2.8822 5.0000 0.3500 0.0215 
30.3415 1.0000 2715.0654 0.4384 0.2252 -0.2588 2.8852 5.0000 0.2213 0.0276 
30.3856 1.0000 2741.4224 0.4459 0.2265 -0.2644 2.9035 5.0000 0.3069 0.0261 
30.1822 1.0000 2673.5278 0.4396 0.2284 -0.2619 2.8986 5.0000 0.3514 0.0241 
30.4730 1.0000 2808.2320 0.4404 0.2253 -0.2504 2.8881 5.0000 0.3948 0.0241 
30.2525 1.0000 2690.1168 0.4535 0.2257 -0.2874 2.8901 5.0000 0.3093 0.0236 
30.3889 1.0000 2781.0008 0.4557 0.2280 -0.2672 2.8956 5.0000 0.1782 0.0251 
30.4739 1.0000 2772.3154 0.4432 0.2249 -0.2642 2.8775 5.0000 0.1795 0.0231 
30.5433 1.0000 2814.7606 0.4350 0.2214 -0.2489 2.8755 5.0000 0.3466 0.0236 
30.4346 1.0000 2770.2394 0.4644 0.2281 -0.2836 2.8801 5.0000 0.2642 0.0259 
30.4208 1.0000 2740.1569 0.4434 0.2232 -0.2761 2.8920 5.0000 0.2656 0.0244 
30.4330 1.0000 2759.0743 0.4472 0.2243 -0.2720 2.8935 5.0000 0.2652 0.0212 
30.3840 1.0000 2783.6324 0.4531 0.2249 -0.2727 2.8875 5.0000 0.3065 0.0174 
30.3252 1.0000 2772.5654 0.4327 0.2195 -0.2409 2.8695 6.0000 0.1817 0.0236 
30.2966 1.0000 2704.3309 0.4480 0.2318 -0.2660 2.8912 5.0000 0.3070 0.0279 
30.3562 1.0000 2745.2655 0.4528 0.2271 -0.2674 2.9087 5.0000 0.2665 0.0199 
30.4730 1.0000 2785.4232 0.4498 0.2271 -0.2633 2.8856 5.0000 0.3463 0.0234 
30.3693 1.0000 2781.8946 0.4407 0.2238 -0.2484 2.8782 5.0000 0.3042 0.0234 
30.4060 1.0000 2747.5882 0.4472 0.2220 -0.2810 2.8931 5.0000 0.4399 0.0241 
30.3472 1.0000 2728.2435 0.4477 0.2300 -0.2604 2.9174 6.0000 0.3086 0.0212 
30.3007 1.0000 2693.0212 0.4379 0.2289 -0.2513 2.9023 5.0000 0.3063 0.0209 
30.3693 1.0000 2763.0074 0.4360 0.2262 -0.2429 2.8831 5.0000 0.2643 0.0221 
30.4420 1.0000 2757.4975 0.4566 0.2262 -0.2813 2.8816 6.0000 0.2956 0.0221 
30.5564 1.0000 2801.1340 0.4547 0.2252 -0.2786 2.8944 5.0000 0.4846 0.0239 
30.3268 1.0000 2731.8325 0.4402 0.2249 -0.2593 2.8919 6.0000 0.3524 0.0188 
30.2426 1.0000 2695.1307 0.4404 0.2231 -0.2677 2.8996 5.0000 0.3075 0.0227 
30.5123 1.0000 2821.8137 0.4594 0.2257 -0.2849 2.8942 5.0000 0.2657 0.0216 
30.4796 1.0000 2799.1176 0.4560 0.2319 -0.2607 2.8846 5.0000 0.2183 0.0221 
30.3750 1.0000 2753.3137 0.4591 0.2281 -0.2745 2.8890 5.0000 0.3071 0.0220 
30.4551 1.0000 2772.8962 0.4384 0.2252 -0.2608 2.8796 5.0000 0.3915 0.0204 
30.3538 1.0000 2741.9167 0.4540 0.2293 -0.2673 2.9158 5.0000 0.3537 0.0204 
30.4493 1.0000 2817.5956 0.4551 0.2283 -0.2625 2.8937 5.0000 0.2661 0.0214 
30.4142 1.0000 2783.8538 0.4477 0.2295 -0.2513 2.8882 5.0000 0.3067 0.0214 
30.4314 1.0000 2785.2190 0.4651 0.2290 -0.2804 2.8785 5.0000 0.3112 0.0211 
30.4085 1.0000 2771.4632 0.4415 0.2248 -0.2524 2.8869 5.0000 0.2212 0.0216 
30.3619 1.0000 2773.0801 0.4490 0.2318 -0.2322 2.9014 5.0000 0.3075 0.0204 
30.4289 1.0000 2789.9518 0.4273 0.2244 -0.2259 2.9002 5.0000 0.4281 0.0204 
30.4461 1.0000 2796.1234 0.4447 0.2251 -0.2588 2.8859 5.0000 0.2201 0.0242 
30.3962 1.0000 2764.8350 0.4511 0.2231 -0.2849 2.8836 6.0000 0.3088 0.0204 
30.4175 1.0000 2790.5400 0.4507 0.2266 -0.2669 2.9025 5.0000 0.3071 0.0204 
30.4665 1.0000 2789.4526 0.4459 0.2253 -0.2618 2.9025 5.0000 0.2660 0.0204 
30.3832 1.0000 2748.3587 0.4402 0.2270 -0.2464 2.8899 5.0000 0.3070 0.0204 
30.3513 1.0000 2747.7958 0.4498 0.2257 -0.2677 2.8835 5.0000 0.3067 0.0204 
30.4355 1.0000 2788.0621 0.4499 0.2244 -0.2688 2.8730 5.0000 0.1786 0.0204 
30.5629 1.0000 2860.7729 0.4479 0.2241 -0.2454 2.8702 5.0000 0.3069 0.0204 
30.4453 1.0000 2783.2181 0.4409 0.2213 -0.2609 2.8789 5.0000 0.3070 0.0204 
30.4657 1.0000 2781.7908 0.4439 0.2241 -0.2631 2.8902 5.0000 0.3067 0.0204 
