31.0008 1.0000 2975.0686 0.1468 0.0723 -0.1838 2.9967 7.0000 9.9852 0.0027 
31.0065 1.0000 2975.7451 0.1478 0.0726 -0.1855 2.9936 6.0000 10.1402 0.0027 
31.0074 1.0000 2976.4592 0.1546 0.0721 -0.1986 2.9925 6.0000 9.5994 0.0027 
30.9918 1.0000 2968.6156 0.1502 0.0731 -0.1890 2.9936 6.0000 9.4609 0.0027 
30.9988 1.0000 2974.7872 0.1506 0.0723 -0.1919 2.9915 6.0000 9.5925 0.0027 
30.9951 1.0000 2973.3807 0.1500 0.0722 -0.1927 2.9924 6.0000 9.9886 0.0027 
30.9914 1.0000 2967.0315 0.1491 0.0723 -0.1892 2.9958 6.0000 9.7656 0.0028 
30.9992 1.0000 2973.6381 0.1538 0.0724 -0.1974 2.9962 6.0000 10.4233 0.0027 
31.0029 1.0000 2974.4788 0.1478 0.0719 -0.1885 2.9936 6.0000 9.5058 0.0027 
31.0041 1.0000 2972.4698 0.1488 0.0723 -0.1872 2.9972 6.0000 10.2253 0.0028 
30.9996 1.0000 2972.4865 0.1531 0.0714 -0.1976 2.9955 6.0000 8.9414 0.0027 
30.9861 1.0000 2968.6062 0.1506 0.0714 -0.1940 2.9930 6.0000 1.6526 0.0033 
31.0037 1.0000 2974.8174 0.1541 0.0724 -0.1968 2.9973 6.0000 1.0935 0.0028 
30.9918 1.0000 2969.7443 0.1496 0.0723 -0.1909 2.9954 7.0000 3.8118 0.0028 
31.0008 1.0000 2973.9726 0.1507 0.0730 -0.1891 2.9954 6.0000 7.5512 0.0029 
30.9996 1.0000 2974.4318 0.1566 0.0724 -0.2011 2.9955 6.0000 6.5832 0.0030 
31.0082 1.0000 2976.2766 0.1490 0.0719 -0.1882 2.9959 6.0000 8.0045 0.0029 
31.0037 1.0000 2972.2214 0.1500 0.0726 -0.1912 2.9913 6.0000 7.9686 0.0029 
30.9975 1.0000 2972.9592 0.1511 0.0720 -0.1938 2.9917 6.0000 8.3394 0.0029 
31.0000 1.0000 2973.9028 0.1552 0.0724 -0.2002 2.9925 6.0000 8.2831 0.0029 
30.9857 1.0000 2966.7283 0.1492 0.0729 -0.1889 2.9995 6.0000 7.9510 0.0025 
31.0123 1.0000 2979.6630 0.1433 0.0727 -0.1791 2.9973 6.0000 7.8734 0.0025 
30.9849 1.0000 2969.2925 0.1495 0.0726 -0.1882 2.9992 6.0000 1.4496 0.0029 
30.9939 1.0000 2969.2316 0.1480 0.0722 -0.1881 2.9905 6.0000 1.4923 0.0021 
30.9992 1.0000 2973.6569 0.1537 0.0720 -0.1985 2.9905 6.0000 1.4536 0.0026 
30.9971 1.0000 2972.6115 0.1489 0.0717 -0.1879 2.9930 6.0000 1.5802 0.0026 
30.9967 1.0000 2971.6495 0.1486 0.0718 -0.1896 2.9947 6.0000 1.4944 0.0025 
31.0086 1.0000 2976.4877 0.1514 0.0719 -0.1930 2.9941 6.0000 3.0306 0.0025 
30.9918 1.0000 2969.5666 0.1490 0.0722 -0.1899 2.9955 7.0000 3.6311 0.0026 
31.0016 1.0000 2975.0351 0.1546 0.0728 -0.1987 2.9953 6.0000 5.0381 0.0027 
30.9951 1.0000 2969.7030 0.1464 0.0723 -0.1842 2.9957 6.0000 4.5027 0.0027 
31.0078 1.0000 2976.3141 0.1501 0.0719 -0.1891 2.9968 6.0000 3.7170 0.0027 
30.9975 1.0000 2971.1883 0.1541 0.0719 -0.1995 2.9935 6.0000 4.1248 0.0027 
31.0217 1.0000 2984.2684 0.1518 0.0719 -0.1951 2.9938 7.0000 1.0574 0.0027 
31.0053 1.0000 2974.8264 0.1537 0.0727 -0.1944 2.9943 6.0000 1.4967 0.0024 
31.0074 1.0000 2975.1299 0.1531 0.0724 -0.1958 2.9952 6.0000 1.4898 0.0026 
31.0086 1.0000 2977.0462 0.1494 0.0718 -0.1908 2.9916 6.0000 1.5373 0.0026 
31.0033 1.0000 2975.3550 0.1491 0.0716 -0.1898 2.9937 6.0000 1.4084 0.0029 
31.0074 1.0000 2978.0539 0.1531 0.0736 -0.1931 2.9951 6.0000 1.4500 0.0026 
31.0033 1.0000 2976.8137 0.1510 0.0721 -0.1912 2.9972 6.0000 1.4910 0.0027 
31.0094 1.0000 2977.8354 0.1504 0.0719 -0.1926 2.9921 6.0000 3.7325 0.0030 
31.0074 1.0000 2977.2602 0.1509 0.0714 -0.1944 2.9917 6.0000 3.8235 0.0030 
31.0016 1.0000 2972.4420 0.1482 0.0727 -0.1849 2.9956 6.0000 4.2626 0.0030 
31.0098 1.0000 2979.6352 0.1452 0.0719 -0.1830 2.9911 6.0000 4.7067 0.0030 
31.0049 1.0000 2975.0310 0.1517 0.0726 -0.1929 2.9974 6.0000 3.7818 0.0029 
31.0131 1.0000 2981.4334 0.1480 0.0730 -0.1858 2.9913 6.0000 1.4948 0.0025 
30.9963 1.0000 2972.7921 0.1548 0.0728 -0.1982 2.9968 6.0000 1.5388 0.0029 
31.0029 1.0000 2971.8215 0.1492 0.0729 -0.1876 2.9933 6.0000 1.5365 0.0029 
31.0053 1.0000 2974.9065 0.1481 0.0709 -0.1883 2.9899 6.0000 1.4937 0.0029 
31.0016 1.0000 2974.3452 0.1497 0.0706 -0.1939 2.9903 6.0000 3.2101 0.0024 
30.9955 1.0000 2972.1667 0.1521 0.0723 -0.1947 2.9952 6.0000 3.0751 0.0029 
30.9922 1.0000 2969.6319 0.1513 0.0715 -0.1957 2.9983 6.0000 1.4937 0.0026 
30.9975 1.0000 2972.1503 0.1528 0.0711 -0.1977 2.9946 6.0000 2.4202 0.0027 
30.9890 1.0000 2968.6205 0.1516 0.0721 -0.1953 2.9992 6.0000 2.5499 0.0027 
31.0114 1.0000 2977.7124 0.1490 0.0714 -0.1890 2.9935 6.0000 2.5532 0.0026 
31.0102 1.0000 2978.1912 0.1520 0.0722 -0.1939 2.9909 6.0000 2.3748 0.0027 
30.9980 1.0000 2972.1989 0.1507 0.0721 -0.1915 2.9921 6.0000 1.5000 0.0023 
30.9984 1.0000 2972.8444 0.1524 0.0725 -0.1965 2.9941 6.0000 2.7733 0.0028 
31.0310 1.0000 2987.6516 0.1500 0.0721 -0.1898 2.9921 6.0000 2.5077 0.0030 
30.9955 1.0000 2969.7623 0.1481 0.0712 -0.1914 2.9934 6.0000 2.5950 0.0029 
31.0131 1.0000 2979.8533 0.1496 0.0716 -0.1905 2.9933 7.0000 1.4466 0.0028 
31.0057 1.0000 2977.1949 0.1482 0.0722 -0.1879 2.9972 6.0000 1.5342 0.0031 
30.9943 1.0000 2973.2663 0.1479 0.0713 -0.1869 2.9934 6.0000 1.5822 0.0024 
31.0020 1.0000 2973.1328 0.1502 0.0715 -0.1944 2.9924 6.0000 1.9787 0.0025 
30.9996 1.0000 2972.4318 0.1576 0.0726 -0.2023 2.9949 6.0000 2.6341 0.0026 
31.0114 1.0000 2978.9293 0.1506 0.0730 -0.1922 2.9958 6.0000 2.7718 0.0026 
31.0167 1.0000 2981.4694 0.1487 0.0724 -0.1888 2.9930 6.0000 2.3314 0.0026 
30.9971 1.0000 2971.5511 0.1513 0.0721 -0.1946 2.9938 6.0000 1.5387 0.0028 
31.0000 1.0000 2974.3991 0.1480 0.0727 -0.1858 2.9936 6.0000 1.4957 0.0031 
30.9935 1.0000 2970.8280 0.1495 0.0713 -0.1918 2.9970 6.0000 1.1239 0.0036 
30.9947 1.0000 2971.4444 0.1514 0.0725 -0.1909 2.9940 6.0000 2.1962 0.0028 
30.9910 1.0000 2968.2451 0.1471 0.0718 -0.1855 2.9937 6.0000 2.2008 0.0028 
31.0098 1.0000 2978.5041 0.1483 0.0717 -0.1881 2.9943 6.0000 1.4978 0.0026 
31.0127 1.0000 2979.1373 0.1523 0.0722 -0.1926 2.9939 6.0000 1.4947 0.0024 
31.0065 1.0000 2976.3513 0.1493 0.0727 -0.1869 2.9937 6.0000 1.4545 0.0039 
30.9967 1.0000 2972.3599 0.1559 0.0727 -0.2010 2.9973 6.0000 1.6208 0.0027 
31.0114 1.0000 2978.5507 0.1485 0.0719 -0.1878 2.9955 6.0000 2.3756 0.0027 
30.9996 1.0000 2972.7516 0.1522 0.0715 -0.1979 2.9940 6.0000 2.3294 0.0030 
30.9918 1.0000 2969.8754 0.1546 0.0717 -0.2000 2.9925 6.0000 1.1000 0.0027 
30.9755 1.0000 2963.4547 0.1507 0.0730 -0.1926 2.9926 6.0000 1.4905 0.0026 
31.0000 1.0000 2972.8926 0.1493 0.0722 -0.1892 2.9961 6.0000 1.4962 0.0033 
30.9943 1.0000 2970.8832 0.1531 0.0723 -0.1983 2.9938 6.0000 2.0238 0.0029 
31.0110 1.0000 2976.0633 0.1482 0.0718 -0.1869 2.9950 6.0000 2.0218 0.0029 
31.0065 1.0000 2978.6140 0.1510 0.0714 -0.1926 2.9951 6.0000 1.1770 0.0033 
30.9645 1.0000 2960.4857 0.1492 0.0725 -0.1908 2.9923 6.0000 1.4962 0.0027 
31.0037 1.0000 2974.3019 0.1499 0.0727 -0.1898 2.9980 6.0000 1.4911 0.0031 
30.9943 1.0000 2969.7672 0.1525 0.0724 -0.1948 2.9991 6.0000 2.5880 0.0027 
31.0016 1.0000 2972.9596 0.1493 0.0723 -0.1901 2.9931 5.0000 3.3765 0.0027 
31.0082 1.0000 2975.3464 0.1551 0.0724 -0.2001 2.9952 6.0000 2.7211 0.0027 
31.0053 1.0000 2974.3538 0.1503 0.0720 -0.1925 2.9957 6.0000 2.6387 0.0027 
30.9857 1.0000 2967.6691 0.1511 0.0724 -0.1932 2.9959 6.0000 1.4926 0.0029 
31.0069 1.0000 2976.7467 0.1506 0.0715 -0.1933 2.9942 6.0000 1.4952 0.0029 
30.9967 1.0000 2971.7022 0.1449 0.0719 -0.1803 2.9994 6.0000 1.8901 0.0029 
31.0196 1.0000 2981.9816 0.1520 0.0726 -0.1935 2.9918 6.0000 2.0651 0.0029 
31.0029 1.0000 2974.0862 0.1518 0.0706 -0.1964 2.9909 6.0000 2.0217 0.0029 
31.0053 1.0000 2975.2859 0.1549 0.0724 -0.1984 2.9907 6.0000 2.2478 0.0029 
30.9902 1.0000 2968.3125 0.1514 0.0721 -0.1935 2.9969 6.0000 1.9340 0.0029 
31.0029 1.0000 2974.5572 0.1493 0.0718 -0.1915 2.9952 6.0000 1.4960 0.0029 
31.0045 1.0000 2974.5315 0.1523 0.0728 -0.1936 2.9953 6.0000 1.9211 0.0029 
30.9967 1.0000 2972.5192 0.1481 0.0728 -0.1874 2.9961 6.0000 1.8172 0.0029 
