30.8350 11.0000 2924.0340 0.2391 0.0833 -0.2961 3.0787 6.0000 10.5353 0.0076 
30.8304 11.0000 2905.6503 0.2423 0.0841 -0.3033 3.0768 6.0000 10.0809 0.0073 
30.8232 11.0000 2911.2801 0.2403 0.0841 -0.2986 3.0835 6.0000 8.6305 0.0087 
30.8595 11.0000 2935.3608 0.2351 0.0829 -0.2906 3.0835 6.0000 9.2152 0.0073 
30.8428 11.0000 2922.9624 0.2385 0.0843 -0.2948 3.0823 6.0000 10.7805 0.0073 
30.8379 11.0000 2907.5183 0.2417 0.0848 -0.3025 3.0852 7.0000 10.2569 0.0079 
30.8363 11.0000 2921.8167 0.2399 0.0838 -0.2976 3.0812 6.0000 10.0793 0.0084 
30.8222 11.0000 2905.9379 0.2389 0.0845 -0.2959 3.0779 6.0000 10.5374 0.0073 
30.8078 11.0000 2902.2337 0.2387 0.0836 -0.2976 3.0822 6.0000 10.3117 0.0073 
30.8392 11.0000 2915.6392 0.2417 0.0852 -0.2993 3.0825 6.0000 9.0100 0.0073 
30.8507 11.0000 2923.1683 0.2394 0.0847 -0.2975 3.0867 6.0000 9.7012 0.0076 
30.8513 11.0000 2923.2788 0.2391 0.0835 -0.2966 3.0779 6.0000 1.1414 0.0092 
30.8186 11.0000 2910.3170 0.2372 0.0831 -0.2965 3.0809 6.0000 2.0344 0.0092 
30.8797 11.0000 2939.6467 0.2415 0.0837 -0.2995 3.0770 6.0000 1.7801 0.0081 
30.8291 11.0000 2906.0294 0.2420 0.0836 -0.3029 3.0755 6.0000 1.9336 0.0073 
30.8614 11.0000 2922.9683 0.2393 0.0839 -0.2959 3.0838 6.0000 1.7155 0.0079 
30.8565 11.0000 2927.8327 0.2409 0.0837 -0.3021 3.0747 6.0000 2.4573 0.0085 
30.8356 11.0000 2920.7356 0.2414 0.0863 -0.2969 3.0887 6.0000 4.0408 0.0085 
30.8206 11.0000 2913.9206 0.2376 0.0837 -0.2976 3.0841 6.0000 5.2187 0.0089 
30.8222 11.0000 2907.9578 0.2391 0.0834 -0.2984 3.0793 6.0000 5.7610 0.0089 
30.8082 11.0000 2909.4072 0.2413 0.0851 -0.2978 3.0824 7.0000 5.7479 0.0089 
30.8020 11.0000 2895.0072 0.2420 0.0851 -0.3020 3.0855 6.0000 5.5736 0.0089 
30.8359 11.0000 2908.8412 0.2388 0.0841 -0.2978 3.0805 6.0000 1.7600 0.0092 
30.8046 11.0000 2898.2206 0.2377 0.0842 -0.2960 3.0858 7.0000 1.1869 0.0093 
30.8618 11.0000 2929.7712 0.2414 0.0835 -0.3000 3.0803 6.0000 1.6730 0.0087 
30.8415 11.0000 2916.8095 0.2410 0.0834 -0.3029 3.0786 6.0000 1.7593 0.0097 
30.8258 11.0000 2912.5781 0.2436 0.0843 -0.3025 3.0814 6.0000 1.6727 0.0081 
30.8121 11.0000 2906.4199 0.2381 0.0844 -0.2964 3.0851 6.0000 1.7576 0.0083 
30.8722 11.0000 2937.0735 0.2345 0.0830 -0.2916 3.0796 6.0000 4.1607 0.0085 
30.8121 11.0000 2898.9484 0.2419 0.0838 -0.3030 3.0825 7.0000 5.9429 0.0097 
30.8216 11.0000 2906.1477 0.2417 0.0851 -0.3014 3.0816 6.0000 6.2406 0.0085 
30.8036 11.0000 2902.3758 0.2408 0.0840 -0.3008 3.0774 6.0000 5.4910 0.0070 
30.8013 11.0000 2901.1503 0.2386 0.0836 -0.2985 3.0828 7.0000 4.8798 0.0070 
30.8029 11.0000 2891.4490 0.2418 0.0839 -0.3027 3.0829 6.0000 1.6761 0.0090 
30.8193 11.0000 2905.6010 0.2413 0.0846 -0.3026 3.0808 6.0000 1.8018 0.0076 
30.7892 11.0000 2890.9618 0.2380 0.0843 -0.2964 3.0836 6.0000 1.2671 0.0079 
30.8356 11.0000 2914.8294 0.2414 0.0844 -0.3006 3.0797 7.0000 2.9017 0.0091 
30.8356 11.0000 2913.7673 0.2402 0.0844 -0.2997 3.0828 6.0000 3.2254 0.0081 
30.8297 11.0000 2911.6997 0.2385 0.0840 -0.2979 3.0764 6.0000 1.6701 0.0081 
30.8255 11.0000 2914.0624 0.2382 0.0829 -0.2972 3.0828 6.0000 1.9322 0.0073 
30.8284 11.0000 2911.9422 0.2430 0.0846 -0.3050 3.0840 7.0000 1.9201 0.0082 
30.8712 11.0000 2928.6271 0.2379 0.0847 -0.2949 3.0810 6.0000 1.6689 0.0084 
30.8121 11.0000 2903.4866 0.2399 0.0834 -0.3027 3.0818 6.0000 2.0180 0.0080 
30.8078 11.0000 2900.6938 0.2406 0.0837 -0.3009 3.0798 7.0000 2.0620 0.0080 
30.8516 11.0000 2927.4359 0.2418 0.0843 -0.3005 3.0817 6.0000 1.7169 0.0064 
30.8056 11.0000 2904.4676 0.2381 0.0831 -0.2985 3.0810 6.0000 1.8029 0.0071 
30.8441 11.0000 2927.6131 0.2359 0.0837 -0.2927 3.0792 7.0000 1.2318 0.0077 
30.8373 11.0000 2917.6219 0.2383 0.0832 -0.2982 3.0793 6.0000 1.1492 0.0072 
30.8206 11.0000 2909.8477 0.2355 0.0833 -0.2942 3.0808 6.0000 3.2083 0.0087 
30.8268 11.0000 2916.5480 0.2402 0.0845 -0.2975 3.0791 6.0000 3.2107 0.0082 
30.8621 11.0000 2934.5552 0.2378 0.0839 -0.2938 3.0835 6.0000 1.1883 0.0087 
30.8343 11.0000 2917.7954 0.2424 0.0843 -0.3004 3.0801 6.0000 1.8036 0.0080 
30.8399 11.0000 2917.1131 0.2418 0.0847 -0.3008 3.0818 6.0000 1.8039 0.0084 
30.8637 11.0000 2923.2023 0.2400 0.0838 -0.2998 3.0767 6.0000 1.8483 0.0079 
30.8895 11.0000 2935.9147 0.2388 0.0842 -0.2962 3.0828 6.0000 1.8937 0.0079 
30.8484 11.0000 2918.0186 0.2391 0.0836 -0.2995 3.0830 6.0000 1.7176 0.0084 
30.8660 11.0000 2927.9497 0.2381 0.0836 -0.2984 3.0806 6.0000 1.7590 0.0080 
30.8654 11.0000 2931.0951 0.2408 0.0841 -0.2989 3.0772 6.0000 1.8436 0.0081 
30.8170 11.0000 2900.3578 0.2422 0.0840 -0.3049 3.0809 6.0000 1.7584 0.0073 
30.8190 11.0000 2913.6562 0.2419 0.0846 -0.3015 3.0806 6.0000 1.5763 0.0087 
30.8340 11.0000 2913.1899 0.2405 0.0847 -0.2993 3.0827 6.0000 1.7163 0.0076 
30.8412 11.0000 2921.2703 0.2418 0.0846 -0.3008 3.0823 6.0000 1.8042 0.0069 
30.8288 11.0000 2916.5105 0.2374 0.0822 -0.2983 3.0769 6.0000 1.8466 0.0080 
30.8431 11.0000 2919.7379 0.2427 0.0853 -0.3024 3.0788 6.0000 1.6685 0.0080 
30.8170 11.0000 2901.9974 0.2426 0.0833 -0.3045 3.0858 6.0000 1.9395 0.0075 
30.8271 11.0000 2907.5049 0.2414 0.0838 -0.3006 3.0797 7.0000 1.9787 0.0075 
30.8199 11.0000 2909.9905 0.2377 0.0839 -0.2956 3.0786 6.0000 1.7618 0.0080 
30.8408 11.0000 2917.3739 0.2415 0.0850 -0.2991 3.0826 6.0000 1.1897 0.0080 
30.8369 11.0000 2916.9330 0.2381 0.0835 -0.2972 3.0786 7.0000 1.6696 0.0088 
30.8605 11.0000 2925.0020 0.2407 0.0841 -0.2996 3.0751 6.0000 1.7990 0.0074 
30.8523 11.0000 2930.6369 0.2379 0.0842 -0.2945 3.0822 6.0000 1.8003 0.0086 
30.8729 11.0000 2935.6157 0.2393 0.0839 -0.2941 3.0808 7.0000 1.7593 0.0076 
30.8392 11.0000 2925.5474 0.2338 0.0836 -0.2891 3.0806 6.0000 1.8033 0.0077 
30.8395 11.0000 2918.9268 0.2415 0.0845 -0.3032 3.0823 6.0000 1.7121 0.0070 
30.8556 11.0000 2919.6529 0.2401 0.0831 -0.3001 3.0791 6.0000 1.7537 0.0070 
30.8373 11.0000 2914.3771 0.2413 0.0834 -0.3032 3.0824 6.0000 1.8929 0.0076 
30.8408 11.0000 2917.7876 0.2402 0.0832 -0.2997 3.0792 6.0000 2.0193 0.0076 
30.8147 11.0000 2910.1366 0.2391 0.0842 -0.2976 3.0804 6.0000 2.0228 0.0092 
30.8147 11.0000 2912.9105 0.2386 0.0827 -0.2988 3.0784 6.0000 2.0214 0.0072 
30.8222 11.0000 2910.2023 0.2380 0.0832 -0.2958 3.0824 6.0000 1.7586 0.0091 
30.8572 11.0000 2918.8683 0.2401 0.0840 -0.3015 3.0802 6.0000 1.7588 0.0082 
30.8507 11.0000 2914.8765 0.2401 0.0831 -0.3022 3.0790 6.0000 1.8830 0.0092 
30.8503 11.0000 2918.5301 0.2387 0.0826 -0.3028 3.0854 7.0000 1.2305 0.0084 
30.8696 11.0000 2938.0879 0.2420 0.0844 -0.2989 3.0782 7.0000 1.8446 0.0076 
30.8529 11.0000 2923.2480 0.2424 0.0845 -0.3016 3.0801 6.0000 1.7544 0.0090 
30.8536 11.0000 2922.9925 0.2417 0.0839 -0.3018 3.0766 6.0000 1.7101 0.0090 
30.8471 11.0000 2919.1951 0.2405 0.0844 -0.2993 3.0809 7.0000 1.9786 0.0072 
30.8637 11.0000 2926.1428 0.2412 0.0840 -0.2978 3.0775 6.0000 1.9787 0.0072 
30.8026 11.0000 2901.8069 0.2395 0.0836 -0.2986 3.0829 6.0000 1.8018 0.0084 
30.8056 11.0000 2902.0856 0.2412 0.0840 -0.3026 3.0833 6.0000 1.7477 0.0084 
30.8333 11.0000 2918.2340 0.2387 0.0837 -0.2977 3.0816 6.0000 1.7118 0.0079 
30.8281 11.0000 2911.1663 0.2351 0.0834 -0.2918 3.0830 6.0000 1.8302 0.0079 
30.8039 11.0000 2907.9886 0.2376 0.0831 -0.2973 3.0754 6.0000 1.8069 0.0079 
30.8536 11.0000 2926.5807 0.2361 0.0833 -0.2954 3.0826 6.0000 1.9592 0.0079 
30.8088 11.0000 2896.8026 0.2403 0.0827 -0.3016 3.0812 6.0000 1.8457 0.0079 
30.8327 11.0000 2913.7444 0.2390 0.0825 -0.3014 3.0811 6.0000 2.1148 0.0079 
30.8644 11.0000 2932.3340 0.2373 0.0844 -0.2917 3.0807 6.0000 2.1576 0.0079 
30.8758 11.0000 2939.5572 0.2364 0.0825 -0.2934 3.0773 6.0000 1.8029 0.0079 
30.8288 11.0000 2910.2314 0.2393 0.0844 -0.2973 3.0826 6.0000 1.8488 0.0079 
30.8415 11.0000 2924.1297 0.2383 0.0844 -0.2964 3.0829 6.0000 1.5635 0.0079 
