30.4248 1.0000 2750.2426 0.4025 0.1972 -0.2802 2.8758 5.0000 1.6273 0.0257 
30.2908 1.0000 2699.7606 0.4216 0.2032 -0.3114 2.8703 5.0000 1.3982 0.0257 
30.4142 1.0000 2765.3987 0.3934 0.1956 -0.2589 2.8763 5.0000 1.4401 0.0218 
30.4485 1.0000 2785.1185 0.3965 0.1972 -0.2607 2.8667 5.0000 1.5707 0.0232 
30.3121 1.0000 2714.5940 0.4049 0.1964 -0.2891 2.8742 5.0000 1.6241 0.0257 
30.4052 1.0000 2768.0065 0.4075 0.1977 -0.2901 2.8668 6.0000 1.6272 0.0213 
30.5147 1.0000 2807.0670 0.4151 0.1984 -0.2831 2.8635 5.0000 1.5421 0.0218 
30.4069 1.0000 2763.5670 0.4090 0.1991 -0.2806 2.8580 5.0000 1.5312 0.0218 
30.3047 1.0000 2718.6920 0.4036 0.2016 -0.2700 2.8707 5.0000 1.5753 0.0218 
30.4355 1.0000 2780.5531 0.3996 0.1979 -0.2666 2.8611 5.0000 1.6212 0.0232 
30.3766 1.0000 2754.1936 0.4174 0.2020 -0.2949 2.8771 5.0000 1.6159 0.0213 
30.3807 1.0000 2717.9886 0.4160 0.2026 -0.3031 2.8795 5.0000 0.3831 0.0252 
30.4379 1.0000 2774.0025 0.4101 0.1994 -0.2763 2.8652 5.0000 0.6035 0.0220 
30.4093 1.0000 2757.6789 0.4045 0.1990 -0.2780 2.8634 5.0000 1.0200 0.0265 
30.3080 1.0000 2706.9297 0.4188 0.1993 -0.3048 2.8715 6.0000 0.6410 0.0206 
30.5082 1.0000 2790.3056 0.4066 0.2024 -0.2683 2.8757 5.0000 1.0314 0.0259 
30.4134 1.0000 2767.8047 0.4059 0.1946 -0.2867 2.8630 6.0000 1.6079 0.0259 
30.4583 1.0000 2777.2663 0.3980 0.1958 -0.2674 2.8610 5.0000 1.3894 0.0265 
30.2647 1.0000 2711.9730 0.4083 0.1953 -0.2935 2.8663 5.0000 1.0001 0.0240 
30.3431 1.0000 2735.1699 0.4036 0.1957 -0.2803 2.8686 5.0000 1.0921 0.0240 
30.4175 1.0000 2776.1413 0.4075 0.1990 -0.2801 2.8667 5.0000 1.0028 0.0240 
30.4820 1.0000 2792.6389 0.4098 0.1954 -0.2882 2.8595 5.0000 1.0123 0.0247 
30.3211 1.0000 2709.4232 0.4083 0.2010 -0.2860 2.8652 5.0000 0.2172 0.0220 
30.4167 1.0000 2761.5784 0.4056 0.1938 -0.2865 2.8636 5.0000 0.3058 0.0233 
30.5090 1.0000 2800.7459 0.4061 0.1971 -0.2773 2.8734 7.0000 0.2613 0.0291 
30.2835 1.0000 2726.4845 0.4166 0.1992 -0.2946 2.8766 5.0000 0.3082 0.0215 
30.3505 1.0000 2737.4698 0.4041 0.1951 -0.2856 2.8624 5.0000 0.4844 0.0246 
30.3015 1.0000 2713.0833 0.3984 0.1973 -0.2722 2.8876 5.0000 0.4832 0.0284 
30.4273 1.0000 2767.5539 0.4100 0.2008 -0.2785 2.8605 5.0000 0.3094 0.0284 
30.3578 1.0000 2724.5074 0.4104 0.1990 -0.2993 2.8586 5.0000 0.3081 0.0265 
30.3382 1.0000 2725.8725 0.4078 0.1931 -0.3032 2.8542 6.0000 0.3495 0.0261 
30.4600 1.0000 2796.0302 0.4063 0.1972 -0.2755 2.8675 5.0000 0.4804 0.0261 
30.5155 1.0000 2797.8750 0.3969 0.1965 -0.2725 2.8567 5.0000 0.4308 0.0261 
30.4322 1.0000 2765.8031 0.4124 0.2004 -0.2863 2.8637 5.0000 0.3030 0.0304 
30.2083 1.0000 2682.3456 0.3977 0.1952 -0.2806 2.8636 5.0000 0.2184 0.0217 
30.3791 1.0000 2738.8023 0.4130 0.1981 -0.2975 2.8704 5.0000 0.3071 0.0199 
30.4265 1.0000 2777.8987 0.3923 0.1976 -0.2524 2.8575 5.0000 0.2652 0.0234 
30.3407 1.0000 2737.8505 0.4067 0.1960 -0.2910 2.8691 5.0000 0.3008 0.0228 
30.2288 1.0000 2682.5008 0.4114 0.2008 -0.2915 2.8721 5.0000 0.3038 0.0185 
30.0123 1.0000 2616.0940 0.4204 0.2081 -0.2942 2.8917 5.0000 0.3070 0.0240 
30.2843 1.0000 2697.6781 0.4037 0.2019 -0.2777 2.8812 5.0000 0.3076 0.0254 
30.3922 1.0000 2759.6781 0.3988 0.1939 -0.2759 2.8631 5.0000 0.2676 0.0228 
30.2949 1.0000 2704.2353 0.3955 0.1935 -0.2839 2.8667 5.0000 0.2192 0.0211 
30.2271 1.0000 2684.3309 0.4089 0.1974 -0.2961 2.8758 5.0000 0.3060 0.0256 
30.1691 1.0000 2682.6691 0.3944 0.1980 -0.2635 2.8695 6.0000 0.3518 0.0256 
30.4951 1.0000 2801.0580 0.4010 0.1916 -0.2823 2.8564 5.0000 0.3856 0.0256 
30.3766 1.0000 2737.4069 0.4051 0.1984 -0.2852 2.8603 5.0000 0.3054 0.0217 
30.4788 1.0000 2811.6364 0.3977 0.1921 -0.2678 2.8586 5.0000 0.3041 0.0228 
30.5212 1.0000 2841.2786 0.4096 0.2017 -0.2632 2.8698 5.0000 0.3071 0.0233 
30.4428 1.0000 2759.0482 0.4029 0.1975 -0.2770 2.8597 5.0000 0.2601 0.0245 
30.3162 1.0000 2736.1299 0.4096 0.2003 -0.2842 2.8663 6.0000 0.3081 0.0211 
30.3587 1.0000 2722.6438 0.4043 0.1973 -0.2943 2.8598 5.0000 0.3072 0.0223 
30.3946 1.0000 2733.1757 0.4109 0.2040 -0.2831 2.8970 5.0000 0.3076 0.0253 
30.3807 1.0000 2720.4379 0.4045 0.1976 -0.2870 2.8786 5.0000 0.2206 0.0219 
30.3783 1.0000 2745.1405 0.4107 0.1989 -0.2863 2.8730 5.0000 0.3086 0.0236 
30.3121 1.0000 2768.8595 0.4088 0.2014 -0.2711 2.8681 5.0000 0.3081 0.0231 
30.3946 1.0000 2767.5948 0.3988 0.1948 -0.2702 2.8556 5.0000 0.4325 0.0229 
30.4257 1.0000 2763.9518 0.4069 0.1991 -0.2737 2.8790 5.0000 0.3956 0.0229 
30.1789 1.0000 2676.5245 0.3999 0.1997 -0.2799 2.8813 5.0000 0.3017 0.0246 
30.4191 1.0000 2796.2369 0.4233 0.2026 -0.2948 2.8619 5.0000 0.3055 0.0246 
30.3431 1.0000 2768.6953 0.3978 0.1983 -0.2618 2.8727 5.0000 0.2199 0.0230 
30.4436 1.0000 2796.8913 0.3993 0.1911 -0.2721 2.8599 5.0000 0.3105 0.0249 
30.3873 1.0000 2739.3783 0.4089 0.1979 -0.2913 2.8663 5.0000 0.3081 0.0252 
30.4093 1.0000 2747.6013 0.4049 0.1965 -0.2902 2.8645 5.0000 0.2190 0.0227 
30.3186 1.0000 2715.0654 0.4121 0.2006 -0.2962 2.8707 5.0000 0.3074 0.0181 
30.3685 1.0000 2744.0458 0.4108 0.1974 -0.2892 2.8700 5.0000 0.3066 0.0260 
30.3840 1.0000 2755.1765 0.3985 0.1953 -0.2814 2.8646 5.0000 0.3048 0.0260 
30.3962 1.0000 2732.8072 0.4018 0.1952 -0.2833 2.8673 5.0000 0.3040 0.0229 
30.3913 1.0000 2740.2582 0.4240 0.2051 -0.3008 2.8875 5.0000 0.2197 0.0242 
30.3407 1.0000 2726.0588 0.4181 0.2018 -0.2991 2.8829 5.0000 0.3098 0.0243 
30.3072 1.0000 2726.3276 0.4065 0.1979 -0.2856 2.8769 5.0000 0.3011 0.0233 
30.5564 1.0000 2807.6038 0.4060 0.1979 -0.2788 2.8749 6.0000 0.3836 0.0267 
30.3301 1.0000 2735.3358 0.4098 0.1988 -0.2875 2.8667 6.0000 0.3967 0.0267 
30.3219 1.0000 2722.6103 0.4040 0.1918 -0.2895 2.8694 5.0000 0.3486 0.0267 
30.3529 1.0000 2720.7639 0.4045 0.2028 -0.2707 2.8810 5.0000 0.3073 0.0220 
30.5343 1.0000 2819.8007 0.4120 0.2030 -0.2680 2.8776 5.0000 0.2192 0.0260 
30.2990 1.0000 2739.6471 0.3980 0.1980 -0.2650 2.8691 5.0000 0.3038 0.0219 
30.3897 1.0000 2771.3791 0.4152 0.2000 -0.2980 2.8670 5.0000 0.5726 0.0204 
30.3734 1.0000 2781.4322 0.4104 0.2026 -0.2753 2.8649 5.0000 0.4382 0.0267 
30.4338 1.0000 2752.9681 0.4125 0.1992 -0.2968 2.8756 6.0000 0.4831 0.0276 
30.3505 1.0000 2745.8570 0.4103 0.2012 -0.2780 2.8805 5.0000 0.3965 0.0231 
30.2786 1.0000 2694.6822 0.4138 0.2025 -0.2932 2.8795 5.0000 0.3083 0.0233 
30.3056 1.0000 2729.1675 0.4114 0.1995 -0.2899 2.8618 5.0000 0.4782 0.0236 
30.3783 1.0000 2731.0629 0.3934 0.1949 -0.2701 2.8755 5.0000 0.3068 0.0276 
30.3480 1.0000 2723.5482 0.4094 0.1982 -0.2861 2.8659 5.0000 0.4846 0.0233 
30.4167 1.0000 2735.4910 0.4018 0.1982 -0.2802 2.8821 5.0000 0.5292 0.0236 
30.3578 1.0000 2719.6029 0.4124 0.2014 -0.2823 2.8786 5.0000 0.4805 0.0236 
30.4199 1.0000 2744.1348 0.3992 0.1983 -0.2723 2.8685 5.0000 0.3078 0.0220 
30.4657 1.0000 2793.4101 0.4085 0.1991 -0.2726 2.8669 5.0000 0.3097 0.0245 
30.2516 1.0000 2684.7198 0.4172 0.1980 -0.3117 2.8659 5.0000 0.2170 0.0215 
30.4224 1.0000 2766.9583 0.4055 0.1967 -0.2839 2.8644 5.0000 0.4401 0.0245 
30.3840 1.0000 2749.2868 0.4092 0.2012 -0.2789 2.8665 5.0000 0.4389 0.0245 
30.4314 1.0000 2740.9551 0.4024 0.1957 -0.2774 2.8771 5.0000 0.3086 0.0245 
30.3791 1.0000 2742.1021 0.4052 0.1979 -0.2896 2.8734 5.0000 0.2193 0.0245 
30.1642 1.0000 2676.7729 0.4023 0.1976 -0.2911 2.8802 5.0000 0.3047 0.0245 
30.3693 1.0000 2737.7696 0.4082 0.1973 -0.2893 2.8695 5.0000 0.3973 0.0245 
30.3366 1.0000 2758.2222 0.4053 0.1992 -0.2729 2.8812 6.0000 0.4393 0.0245 
30.3489 1.0000 2732.2533 0.4045 0.1972 -0.2826 2.8619 5.0000 0.5295 0.0245 
30.4167 1.0000 2779.1471 0.4026 0.1935 -0.2795 2.8660 5.0000 0.4335 0.0245 
30.3423 1.0000 2736.9657 0.4166 0.2023 -0.2884 2.8739 5.0000 0.3079 0.0245 
