30.9339 11.0000 2948.7467 0.1568 0.0538 -0.2427 3.1487 7.0000 21.8438 0.0050 
30.9514 11.0000 2956.0065 0.1584 0.0542 -0.2430 3.1510 7.0000 21.9320 0.0050 
30.9384 11.0000 2949.8690 0.1588 0.0541 -0.2441 3.1506 7.0000 21.9290 0.0050 
30.9318 11.0000 2948.9951 0.1576 0.0535 -0.2430 3.1521 7.0000 22.0174 0.0050 
30.9414 11.0000 2949.6429 0.1580 0.0533 -0.2450 3.1474 6.0000 24.1670 0.0049 
30.9358 11.0000 2950.2696 0.1596 0.0539 -0.2457 3.1476 7.0000 23.6406 0.0050 
30.9475 11.0000 2951.1867 0.1559 0.0536 -0.2409 3.1529 7.0000 23.9031 0.0049 
30.9346 11.0000 2949.2913 0.1581 0.0532 -0.2453 3.1491 7.0000 24.0383 0.0050 
30.9239 11.0000 2942.9505 0.1581 0.0530 -0.2454 3.1511 6.0000 23.7705 0.0049 
30.9549 11.0000 2959.3235 0.1558 0.0533 -0.2404 3.1484 7.0000 22.5863 0.0044 
30.9517 11.0000 2957.0156 0.1587 0.0543 -0.2440 3.1503 7.0000 24.1682 0.0049 
30.9311 11.0000 2945.7227 0.1596 0.0531 -0.2472 3.1499 7.0000 2.4613 0.0046 
30.9349 11.0000 2947.6083 0.1583 0.0528 -0.2470 3.1479 6.0000 5.9868 0.0049 
30.9377 11.0000 2949.6830 0.1576 0.0532 -0.2451 3.1516 7.0000 8.3071 0.0049 
30.9587 11.0000 2959.7771 0.1558 0.0534 -0.2407 3.1475 7.0000 19.3366 0.0044 
30.9556 11.0000 2959.9426 0.1511 0.0534 -0.2328 3.1506 6.0000 19.9968 0.0044 
30.9423 11.0000 2950.8688 0.1595 0.0542 -0.2459 3.1521 7.0000 13.2705 0.0039 
30.9437 11.0000 2951.0448 0.1588 0.0538 -0.2450 3.1523 7.0000 13.4459 0.0049 
30.9395 11.0000 2952.1183 0.1590 0.0535 -0.2453 3.1493 6.0000 14.6620 0.0049 
30.9547 11.0000 2958.8870 0.1559 0.0538 -0.2397 3.1514 6.0000 15.0834 0.0043 
30.9153 11.0000 2939.2127 0.1593 0.0543 -0.2445 3.1498 6.0000 14.6831 0.0047 
30.9442 11.0000 2952.1783 0.1589 0.0532 -0.2450 3.1486 6.0000 14.2501 0.0044 
30.9655 11.0000 2964.3254 0.1569 0.0542 -0.2421 3.1512 7.0000 2.5082 0.0047 
30.9526 11.0000 2953.3473 0.1580 0.0531 -0.2460 3.1496 7.0000 2.5075 0.0050 
30.9344 11.0000 2949.6401 0.1586 0.0540 -0.2450 3.1513 7.0000 2.5921 0.0044 
30.9563 11.0000 2958.7621 0.1595 0.0533 -0.2474 3.1487 6.0000 6.4550 0.0044 
30.9468 11.0000 2954.3590 0.1594 0.0534 -0.2468 3.1469 6.0000 7.5995 0.0050 
30.9395 11.0000 2951.1319 0.1561 0.0534 -0.2423 3.1541 6.0000 8.3506 0.0050 
30.9503 11.0000 2956.3373 0.1558 0.0535 -0.2405 3.1483 7.0000 5.4092 0.0050 
30.9414 11.0000 2956.1286 0.1584 0.0538 -0.2448 3.1528 6.0000 4.1262 0.0045 
30.9465 11.0000 2955.5103 0.1576 0.0531 -0.2433 3.1493 7.0000 7.2311 0.0045 
30.9381 11.0000 2953.5528 0.1575 0.0533 -0.2438 3.1540 6.0000 7.2314 0.0050 
30.9398 11.0000 2950.2418 0.1599 0.0539 -0.2480 3.1485 7.0000 6.5916 0.0050 
30.9503 11.0000 2957.0047 0.1550 0.0533 -0.2409 3.1503 6.0000 3.6055 0.0051 
30.9307 11.0000 2947.5005 0.1583 0.0539 -0.2443 3.1521 6.0000 2.5502 0.0047 
30.9500 11.0000 2956.9129 0.1578 0.0540 -0.2430 3.1493 6.0000 3.5409 0.0037 
30.9307 11.0000 2951.0271 0.1548 0.0536 -0.2401 3.1503 6.0000 3.5622 0.0049 
30.9458 11.0000 2950.5878 0.1580 0.0531 -0.2458 3.1463 6.0000 7.1929 0.0045 
30.9328 11.0000 2947.7484 0.1578 0.0540 -0.2446 3.1498 7.0000 13.3314 0.0044 
30.9260 11.0000 2941.5271 0.1561 0.0535 -0.2418 3.1529 6.0000 15.6681 0.0046 
30.9353 11.0000 2949.4951 0.1566 0.0530 -0.2439 3.1499 7.0000 13.2072 0.0053 
30.9260 11.0000 2943.8023 0.1569 0.0538 -0.2432 3.1526 6.0000 13.0327 0.0053 
30.9332 11.0000 2949.7822 0.1563 0.0537 -0.2420 3.1497 6.0000 11.7900 0.0053 
30.9276 11.0000 2942.9227 0.1563 0.0534 -0.2424 3.1516 7.0000 10.9997 0.0053 
30.9407 11.0000 2948.9085 0.1594 0.0537 -0.2466 3.1549 7.0000 3.6533 0.0047 
30.9711 11.0000 2967.2894 0.1565 0.0535 -0.2421 3.1469 6.0000 3.5621 0.0042 
30.9477 11.0000 2954.0418 0.1568 0.0535 -0.2440 3.1522 6.0000 2.5515 0.0048 
30.9344 11.0000 2947.0474 0.1581 0.0535 -0.2459 3.1480 6.0000 3.5196 0.0044 
30.9449 11.0000 2950.7897 0.1576 0.0536 -0.2450 3.1511 7.0000 3.5203 0.0047 
30.9503 11.0000 2955.1660 0.1575 0.0530 -0.2451 3.1480 7.0000 3.5608 0.0041 
30.9230 11.0000 2943.9902 0.1567 0.0537 -0.2431 3.1510 7.0000 3.5658 0.0047 
30.9587 11.0000 2964.3368 0.1557 0.0537 -0.2404 3.1485 6.0000 5.1124 0.0045 
30.9162 11.0000 2939.3245 0.1551 0.0529 -0.2424 3.1526 6.0000 6.2569 0.0045 
30.9552 11.0000 2958.9519 0.1565 0.0528 -0.2431 3.1472 6.0000 6.1133 0.0045 
30.9412 11.0000 2950.9823 0.1569 0.0535 -0.2430 3.1490 7.0000 5.8956 0.0045 
30.9573 11.0000 2959.7077 0.1550 0.0537 -0.2394 3.1514 6.0000 3.6498 0.0047 
30.9367 11.0000 2951.5864 0.1585 0.0539 -0.2463 3.1465 6.0000 2.5965 0.0041 
30.9503 11.0000 2957.4127 0.1570 0.0533 -0.2430 3.1487 7.0000 3.6107 0.0044 
30.9426 11.0000 2953.7607 0.1557 0.0533 -0.2422 3.1482 7.0000 3.5204 0.0049 
30.9585 11.0000 2960.6417 0.1590 0.0533 -0.2459 3.1492 6.0000 3.5216 0.0049 
30.9412 11.0000 2950.1293 0.1598 0.0534 -0.2490 3.1493 6.0000 3.5406 0.0049 
30.9463 11.0000 2953.0749 0.1567 0.0533 -0.2437 3.1505 7.0000 3.5545 0.0050 
30.9365 11.0000 2950.5479 0.1582 0.0535 -0.2446 3.1494 6.0000 4.2188 0.0047 
30.9414 11.0000 2949.2092 0.1590 0.0532 -0.2461 3.1496 7.0000 7.2107 0.0049 
30.9615 11.0000 2962.7666 0.1582 0.0533 -0.2451 3.1501 7.0000 6.5383 0.0049 
30.9608 11.0000 2959.8665 0.1559 0.0534 -0.2411 3.1494 7.0000 6.3328 0.0049 
30.9426 11.0000 2952.2106 0.1553 0.0536 -0.2399 3.1525 6.0000 3.5600 0.0047 
30.9512 11.0000 2955.6578 0.1568 0.0537 -0.2430 3.1481 6.0000 3.6073 0.0050 
30.9342 11.0000 2948.9496 0.1567 0.0536 -0.2428 3.1534 6.0000 3.6502 0.0046 
30.9353 11.0000 2949.2824 0.1569 0.0532 -0.2430 3.1528 7.0000 2.5974 0.0054 
30.9360 11.0000 2951.0301 0.1573 0.0530 -0.2431 3.1488 6.0000 3.5626 0.0044 
30.9321 11.0000 2946.0303 0.1567 0.0538 -0.2422 3.1552 6.0000 3.6015 0.0049 
30.9421 11.0000 2953.6326 0.1565 0.0533 -0.2428 3.1500 6.0000 3.6518 0.0040 
30.9356 11.0000 2949.2479 0.1565 0.0538 -0.2418 3.1471 7.0000 3.7608 0.0044 
30.9463 11.0000 2951.8424 0.1568 0.0535 -0.2429 3.1550 6.0000 3.6162 0.0042 
30.9402 11.0000 2951.2108 0.1567 0.0538 -0.2430 3.1532 7.0000 7.1470 0.0042 
30.9500 11.0000 2955.9890 0.1593 0.0539 -0.2452 3.1522 7.0000 6.3150 0.0042 
30.9335 11.0000 2945.3408 0.1546 0.0531 -0.2409 3.1502 7.0000 6.1978 0.0042 
30.9183 11.0000 2942.5233 0.1573 0.0538 -0.2451 3.1489 6.0000 3.6955 0.0048 
30.9428 11.0000 2952.2108 0.1570 0.0537 -0.2433 3.1504 6.0000 2.5515 0.0047 
30.9498 11.0000 2956.4304 0.1563 0.0537 -0.2426 3.1507 7.0000 3.6495 0.0044 
30.9358 11.0000 2946.3410 0.1604 0.0534 -0.2477 3.1526 7.0000 3.5646 0.0050 
30.9622 11.0000 2964.3406 0.1580 0.0533 -0.2440 3.1467 6.0000 3.5215 0.0043 
30.9398 11.0000 2948.3415 0.1606 0.0534 -0.2482 3.1497 7.0000 3.6523 0.0047 
30.9489 11.0000 2954.6779 0.1587 0.0534 -0.2451 3.1476 7.0000 2.5958 0.0043 
30.9556 11.0000 2962.1214 0.1569 0.0535 -0.2413 3.1467 7.0000 3.6318 0.0049 
30.9451 11.0000 2953.4426 0.1542 0.0533 -0.2389 3.1528 7.0000 4.1712 0.0044 
30.9556 11.0000 2958.6317 0.1588 0.0539 -0.2453 3.1479 6.0000 6.8100 0.0044 
30.9412 11.0000 2952.5493 0.1576 0.0536 -0.2436 3.1469 7.0000 6.5768 0.0044 
30.9381 11.0000 2950.4104 0.1523 0.0528 -0.2372 3.1505 7.0000 6.2907 0.0044 
30.9498 11.0000 2958.3681 0.1582 0.0536 -0.2453 3.1511 7.0000 3.6945 0.0047 
30.9309 11.0000 2946.5180 0.1580 0.0537 -0.2439 3.1525 7.0000 3.6507 0.0047 
30.9526 11.0000 2959.6961 0.1589 0.0535 -0.2454 3.1501 7.0000 3.6048 0.0047 
30.9533 11.0000 2959.2801 0.1579 0.0534 -0.2448 3.1497 6.0000 2.5995 0.0047 
30.9407 11.0000 2952.5035 0.1576 0.0540 -0.2443 3.1526 7.0000 3.5637 0.0047 
30.9365 11.0000 2950.7446 0.1553 0.0536 -0.2413 3.1528 7.0000 3.6528 0.0047 
30.9519 11.0000 2958.4433 0.1594 0.0537 -0.2451 3.1496 8.0000 3.6490 0.0047 
30.9463 11.0000 2952.5983 0.1590 0.0537 -0.2453 3.1517 6.0000 3.8644 0.0047 
30.9405 11.0000 2951.0922 0.1587 0.0536 -0.2467 3.1503 6.0000 5.4357 0.0047 
30.9246 11.0000 2940.9895 0.1591 0.0538 -0.2460 3.1495 7.0000 3.9846 0.0047 
