12.9580 10.0000 287.1580 0.3884 0.2225 -0.4682 3.2764 6.0000 0.8086 0.0813 
11.9560 10.0000 252.4080 0.4049 0.2081 -0.5150 3.3025 6.0000 0.7528 0.0958 
12.3900 10.0000 263.2100 0.4004 0.2246 -0.4940 3.3275 7.0000 0.7447 0.0780 
11.6380 5.0000 232.6800 0.3831 0.2132 -0.4617 3.3573 6.0000 0.8485 0.0595 
11.9480 4.0000 249.0340 0.3701 0.2141 -0.4419 3.3266 7.0000 0.6201 0.0548 
11.8520 7.0000 241.2680 0.4024 0.2219 -0.5078 3.3506 6.0000 0.3978 0.0612 
12.1260 10.0000 256.0580 0.4147 0.2377 -0.4634 3.3995 7.0000 0.2647 0.0747 
11.9320 10.0000 240.3780 0.3943 0.2252 -0.4838 3.3852 7.0000 0.4797 0.0810 
11.9680 10.0000 245.3600 0.3821 0.2213 -0.4526 3.3623 6.0000 0.5743 0.0785 
12.4300 10.0000 273.6720 0.3883 0.2135 -0.4676 3.2938 6.0000 0.5261 0.1012 
12.3560 10.0000 266.3960 0.4082 0.2209 -0.5184 3.3141 6.0000 0.1729 0.0734 
12.1820 11.0000 248.9480 0.3987 0.2343 -0.4779 3.3979 7.0000 0.3532 0.0511 
11.7660 10.0000 233.3380 0.3917 0.2223 -0.4902 3.4010 7.0000 0.3056 0.0762 
11.7020 10.0000 233.5020 0.3939 0.2157 -0.5044 3.3692 6.0000 0.3541 0.0578 
12.9000 11.0000 273.3600 0.3600 0.2205 -0.4489 3.2643 6.0000 0.1231 0.0937 
13.0980 11.0000 291.3260 0.3921 0.2198 -0.5240 3.2826 7.0000 0.1724 0.0658 
12.9640 10.0000 283.8180 0.3769 0.2195 -0.4731 3.2662 7.0000 0.3477 0.0863 
11.6760 9.0000 241.7600 0.3897 0.2158 -0.4634 3.3864 7.0000 0.2673 0.0883 
12.1660 10.0000 249.9960 0.3778 0.2193 -0.4659 3.3355 6.0000 0.4848 0.0914 
13.0920 10.0000 293.4800 0.3886 0.2120 -0.5209 3.2302 6.0000 0.3131 0.0830 
12.5460 9.0000 258.9720 0.4031 0.2258 -0.5398 3.3079 7.0000 0.4433 0.0940 
12.1740 9.0000 253.8220 0.4106 0.2190 -0.5373 3.3197 6.0000 0.1687 0.0936 
12.4300 10.0000 269.6320 0.4176 0.2217 -0.5330 3.2940 6.0000 0.1741 0.0888 
12.3120 10.0000 253.3660 0.3959 0.2218 -0.5167 3.3182 6.0000 0.1805 0.1137 
11.8600 9.0000 239.1740 0.3742 0.2146 -0.4625 3.3664 6.0000 0.4812 0.1004 
11.5740 10.0000 227.0240 0.3936 0.2177 -0.4860 3.3794 7.0000 0.4304 0.0864 
12.0440 10.0000 249.5660 0.3833 0.2143 -0.4662 3.3380 7.0000 0.4851 0.0847 
11.8600 10.0000 246.9100 0.4087 0.2298 -0.4693 3.4142 7.0000 0.3090 0.0550 
11.9560 10.0000 240.6740 0.3999 0.2254 -0.5089 3.3851 7.0000 0.1352 0.0839 
12.4120 11.0000 251.3620 0.3917 0.2254 -0.5152 3.3246 6.0000 0.2188 0.0653 
11.6280 10.0000 233.6180 0.3903 0.2182 -0.4780 3.3872 6.0000 0.5709 0.1127 
12.7920 10.0000 269.3320 0.3442 0.2035 -0.4787 3.2439 6.0000 0.5275 0.0925 
11.1620 10.0000 220.0100 0.3851 0.2153 -0.4275 3.4237 9.0000 0.4856 0.0826 
11.7280 10.0000 236.1520 0.3996 0.2204 -0.4840 3.3705 6.0000 0.1330 0.0514 
12.5200 8.0000 261.5900 0.3511 0.2126 -0.4290 3.2723 6.0000 0.1308 0.0670 
11.3000 9.0000 220.7620 0.3830 0.2123 -0.4753 3.4008 7.0000 0.3932 0.0734 
11.8460 8.0000 243.8140 0.3900 0.2150 -0.4761 3.3463 6.0000 0.5278 0.1141 
11.6480 10.0000 231.6300 0.3878 0.2140 -0.4962 3.3611 6.0000 0.5981 0.0819 
12.5800 9.0000 267.7460 0.4009 0.2210 -0.5294 3.3252 6.0000 0.3617 0.0483 
11.7020 8.0000 226.7660 0.3666 0.2207 -0.4245 3.3859 7.0000 0.5219 0.1020 
12.6140 8.0000 271.6800 0.3824 0.2177 -0.4844 3.2887 6.0000 0.1560 0.0740 
12.1700 10.0000 249.8580 0.3832 0.2193 -0.4695 3.3223 6.0000 0.1187 0.0908 
12.1280 10.0000 244.1020 0.3863 0.2222 -0.4953 3.3484 7.0000 0.1078 0.0854 
12.6220 9.0000 266.5380 0.4062 0.2301 -0.5302 3.3055 6.0000 0.1095 0.0571 
11.6420 9.0000 228.3860 0.3946 0.2256 -0.4860 3.3998 6.0000 0.0970 0.0728 
12.8420 9.0000 279.2340 0.3844 0.2175 -0.5049 3.2783 6.0000 0.0564 0.0704 
12.3180 10.0000 255.0640 0.3931 0.2222 -0.4968 3.3468 6.0000 0.8125 0.0813 
11.8700 10.0000 241.4720 0.3818 0.2208 -0.4418 3.3494 6.0000 0.7464 0.0958 
11.7040 10.0000 236.6700 0.3977 0.2243 -0.4675 3.3568 6.0000 0.6612 0.0782 
12.1140 8.0000 253.5340 0.3832 0.2137 -0.4662 3.3510 7.0000 0.2701 0.0833 
12.2660 10.0000 242.6960 0.3726 0.2146 -0.5209 3.3218 6.0000 0.1726 0.0759 
12.4880 10.0000 272.3660 0.3919 0.2177 -0.4924 3.3274 6.0000 0.3501 0.0548 
11.8740 9.0000 237.2480 0.3904 0.2277 -0.4522 3.3643 7.0000 0.5722 0.0965 
12.1760 10.0000 249.1560 0.3895 0.2218 -0.4936 3.3870 7.0000 0.9440 0.0810 
12.2100 10.0000 247.8320 0.3728 0.2052 -0.5236 3.2947 6.0000 0.5242 0.0785 
12.0520 9.0000 250.9500 0.3934 0.2169 -0.4876 3.2987 6.0000 0.4862 0.1012 
12.0160 10.0000 254.1940 0.4189 0.2212 -0.5389 3.3681 6.0000 0.1720 0.0734 
12.3160 10.0000 249.9720 0.3857 0.2224 -0.5192 3.3168 7.0000 0.3514 0.0511 
11.7960 10.0000 233.8780 0.4039 0.2233 -0.5377 3.3926 7.0000 0.3042 0.0762 
11.6840 10.0000 240.6140 0.3974 0.2216 -0.4537 3.3831 7.0000 0.3927 0.0578 
12.3060 11.0000 254.4420 0.3664 0.2219 -0.4225 3.3112 6.0000 0.1260 0.0937 
12.0600 10.0000 255.8800 0.4109 0.2223 -0.5177 3.3651 6.0000 0.1345 0.0658 
12.1280 5.0000 247.6320 0.3746 0.2175 -0.4483 3.2957 6.0000 0.3502 0.0863 
12.1040 7.0000 254.4960 0.4103 0.2314 -0.4668 3.3438 6.0000 0.3131 0.0883 
12.4180 11.0000 261.2980 0.3811 0.2210 -0.4601 3.3233 7.0000 0.4877 0.0914 
12.2020 10.0000 256.9480 0.4059 0.2291 -0.4885 3.3762 7.0000 0.4384 0.1095 
11.8200 11.0000 234.7040 0.4066 0.2315 -0.4918 3.4036 7.0000 0.6598 0.0972 
12.3480 10.0000 262.5480 0.3960 0.2187 -0.5008 3.3183 6.0000 0.5277 0.0810 
12.4040 10.0000 262.4680 0.4081 0.2165 -0.5680 3.3004 6.0000 0.3913 0.0964 
11.5960 10.0000 237.5140 0.3992 0.2202 -0.4597 3.3733 7.0000 0.1723 0.0843 
12.2760 10.0000 251.9160 0.3793 0.2114 -0.5117 3.3061 6.0000 0.1318 0.0989 
11.5960 9.0000 235.5640 0.3948 0.2172 -0.4679 3.3632 6.0000 0.3046 0.0688 
12.3300 5.0000 271.0260 0.3952 0.2149 -0.4772 3.3051 6.0000 0.3501 0.0847 
11.9540 10.0000 241.3760 0.4185 0.2435 -0.4934 3.4884 9.0000 0.6211 0.0401 
11.6220 10.0000 233.2840 0.3947 0.2210 -0.4572 3.3783 7.0000 0.5289 0.0694 
12.7340 10.0000 269.6260 0.3981 0.2247 -0.5496 3.3189 7.0000 0.1662 0.1117 
12.4220 6.0000 264.7140 0.3849 0.2234 -0.4570 3.2975 6.0000 0.2618 0.0635 
11.8920 10.0000 240.0280 0.3780 0.2161 -0.4650 3.3183 6.0000 0.4367 0.0876 
11.8840 10.0000 249.3240 0.4119 0.2135 -0.5164 3.3166 6.0000 0.4392 0.1072 
12.1100 10.0000 252.9460 0.4229 0.2286 -0.5383 3.3982 7.0000 0.5680 0.0761 
12.1960 10.0000 247.7520 0.3747 0.2238 -0.4608 3.3446 6.0000 0.3964 0.0734 
12.1460 7.0000 247.0760 0.3914 0.2269 -0.4858 3.3732 7.0000 0.4415 0.0951 
11.8800 11.0000 234.1000 0.3909 0.2251 -0.4874 3.3801 7.0000 0.1758 0.0537 
12.9680 10.0000 284.8240 0.3931 0.2175 -0.5255 3.2490 6.0000 0.1568 0.0770 
12.0580 6.0000 251.2860 0.3708 0.2111 -0.4462 3.3262 7.0000 0.3205 0.0483 
11.6540 10.0000 230.5220 0.4020 0.2267 -0.4708 3.3952 6.0000 0.4773 0.0780 
11.5120 10.0000 231.5480 0.4100 0.2340 -0.4552 3.4505 7.0000 0.4387 0.0817 
12.1720 6.0000 253.5720 0.3866 0.2124 -0.4908 3.2997 6.0000 0.2907 0.0717 
12.6600 10.0000 272.5200 0.3860 0.2118 -0.5238 3.2386 6.0000 0.1456 0.0725 
12.5220 9.0000 263.2520 0.3869 0.2249 -0.4882 3.3340 7.0000 0.1919 0.0920 
11.7860 10.0000 237.6900 0.3761 0.2177 -0.4568 3.3413 6.0000 0.0977 0.0403 
11.9420 10.0000 245.4780 0.3922 0.2203 -0.4716 3.3286 6.0000 0.0824 0.0704 
12.6300 11.0000 267.4820 0.4021 0.2239 -0.5260 3.3173 6.0000 0.8092 0.0813 
11.7240 6.0000 233.6680 0.3957 0.2211 -0.4897 3.3904 7.0000 0.7483 0.0958 
11.9600 10.0000 237.0660 0.3483 0.2119 -0.4110 3.3216 6.0000 0.7485 0.0780 
11.2940 10.0000 225.8080 0.4077 0.2148 -0.4883 3.3672 7.0000 0.2210 0.1015 
13.0720 11.0000 286.2640 0.4000 0.2334 -0.5030 3.2853 6.0000 0.1327 0.0595 
11.8500 8.0000 238.1420 0.4114 0.2365 -0.4851 3.4387 7.0000 0.4402 0.0785 
12.2460 9.0000 244.2880 0.3652 0.2263 -0.4363 3.3566 7.0000 0.1321 0.0893 
11.9880 10.0000 238.3340 0.3793 0.2182 -0.4900 3.3902 7.0000 0.4386 0.0612 
12.3300 9.0000 254.6300 0.3786 0.2136 -0.4882 3.2949 7.0000 0.2194 0.0747 
12.1840 10.0000 259.3840 0.3939 0.2162 -0.4769 3.3051 6.0000 0.4830 0.0856 
12.4840 9.0000 268.9280 0.4059 0.2250 -0.5159 3.3387 6.0000 0.1298 0.1075 
12.6080 11.0000 263.7900 0.3943 0.2251 -0.5086 3.3128 6.0000 0.3918 0.0623 
12.1180 10.0000 249.8340 0.3771 0.2142 -0.4638 3.3066 7.0000 0.3942 0.0857 
11.8380 10.0000 238.7460 0.3904 0.2190 -0.4965 3.3678 6.0000 0.1764 0.0605 
11.8820 6.0000 240.4800 0.3831 0.2128 -0.4935 3.3496 6.0000 0.4359 0.1178 
11.7720 9.0000 235.2040 0.3902 0.2230 -0.4645 3.4075 7.0000 0.4868 0.0913 
12.6920 10.0000 277.5420 0.3933 0.2171 -0.5100 3.2753 6.0000 0.1693 0.0709 
11.7760 10.0000 238.2860 0.4154 0.2207 -0.5381 3.3732 6.0000 0.1700 0.0666 
12.0480 10.0000 243.0560 0.3757 0.2136 -0.4912 3.3121 6.0000 0.4290 0.0928 
12.5680 5.0000 274.0000 0.4044 0.2225 -0.5209 3.3123 7.0000 0.2659 0.0468 
12.0100 9.0000 236.9440 0.3869 0.2135 -0.5463 3.3385 6.0000 0.1775 0.0797 
12.0260 10.0000 246.5520 0.3889 0.2213 -0.4603 3.3509 7.0000 0.1799 0.0761 
12.2760 10.0000 255.6480 0.4081 0.2267 -0.5163 3.3668 7.0000 0.1759 0.0832 
12.3700 11.0000 259.4740 0.3873 0.2218 -0.4805 3.3309 6.0000 0.3523 0.1095 
12.4460 10.0000 257.7780 0.3899 0.2244 -0.4988 3.3297 7.0000 0.4849 0.0972 
12.1200 10.0000 255.5140 0.4097 0.2271 -0.4906 3.3361 6.0000 0.5324 0.0546 
12.2180 10.0000 258.7420 0.3912 0.2199 -0.4757 3.3281 6.0000 0.4827 0.1137 
12.3260 10.0000 259.3700 0.3981 0.2185 -0.5247 3.3197 6.0000 0.3987 0.0727 
12.2800 11.0000 257.4020 0.3684 0.2140 -0.4528 3.2798 6.0000 0.1835 0.0937 
12.3480 11.0000 252.7040 0.3928 0.2151 -0.5450 3.2970 6.0000 0.1343 0.1289 
12.4380 10.0000 270.1740 0.4131 0.2185 -0.5319 3.3193 6.0000 0.1336 0.0847 
12.1700 11.0000 251.4900 0.3860 0.2280 -0.4344 3.3495 6.0000 0.5271 0.0401 
12.3900 10.0000 262.6520 0.3617 0.2121 -0.4405 3.3100 7.0000 0.4431 0.0694 
12.2400 10.0000 247.2300 0.3800 0.2253 -0.4701 3.3649 8.0000 0.8187 0.1127 
12.1800 10.0000 256.8580 0.3843 0.2070 -0.5079 3.2794 6.0000 0.4836 0.0925 
11.8480 10.0000 232.6840 0.4137 0.2302 -0.5367 3.4061 7.0000 0.2647 0.0918 
12.6700 11.0000 268.2120 0.3931 0.2337 -0.4938 3.3539 7.0000 0.1745 0.1083 
12.7420 10.0000 273.8420 0.3964 0.2220 -0.5151 3.2835 6.0000 0.2178 0.0761 
12.0040 10.0000 244.5660 0.4122 0.2251 -0.5243 3.3296 6.0000 0.5254 0.0734 
11.9260 7.0000 243.7280 0.3882 0.2252 -0.4513 3.3546 6.0000 0.5251 0.1141 
11.3560 9.0000 218.3780 0.3753 0.2160 -0.4536 3.3951 6.0000 0.4418 0.1072 
12.6060 11.0000 268.5400 0.3980 0.2261 -0.5033 3.3328 6.0000 0.0843 0.0953 
11.9140 10.0000 246.9200 0.3893 0.2165 -0.4746 3.3497 6.0000 0.2774 0.0483 
11.6180 10.0000 227.8980 0.4052 0.2282 -0.4890 3.4512 7.0000 0.5160 0.0883 
11.9920 10.0000 243.4480 0.3896 0.2290 -0.4522 3.3907 8.0000 0.1602 0.0585 
12.2700 10.0000 253.3180 0.3870 0.2276 -0.4610 3.3446 7.0000 0.2044 0.0643 
12.0060 7.0000 257.7940 0.3832 0.2219 -0.4207 3.3909 7.0000 0.7737 0.0813 
11.7280 10.0000 232.5400 0.3702 0.2093 -0.4763 3.3346 7.0000 0.7513 0.0958 
11.8400 10.0000 240.1260 0.4021 0.2273 -0.4839 3.4647 8.0000 0.7450 0.0780 
12.0120 10.0000 243.6520 0.3846 0.2217 -0.4650 3.3391 7.0000 0.8999 0.0595 
12.6720 10.0000 265.2980 0.3801 0.2177 -0.4901 3.2851 7.0000 0.5720 0.0548 
12.3720 8.0000 254.1100 0.3906 0.2201 -0.5014 3.3076 6.0000 0.6143 0.0965 
12.1940 10.0000 254.1100 0.3878 0.2160 -0.4776 3.3221 8.0000 0.2946 0.0855 
12.3180 8.0000 260.9780 0.3851 0.2133 -0.4964 3.2869 6.0000 0.2930 0.0932 
11.8960 10.0000 242.0000 0.3807 0.2169 -0.4612 3.3319 7.0000 0.4455 0.0715 
12.2560 10.0000 255.2260 0.3945 0.2273 -0.4548 3.3393 6.0000 0.4483 0.0605 
12.0960 10.0000 251.0860 0.3910 0.2223 -0.4881 3.3590 7.0000 0.5255 0.1178 
12.3060 9.0000 253.8160 0.3907 0.2206 -0.5106 3.3226 6.0000 0.4810 0.0762 
12.5360 11.0000 269.3280 0.3858 0.2151 -0.4754 3.2464 6.0000 0.3054 0.0948 
11.8280 10.0000 225.7400 0.3836 0.2257 -0.5011 3.3755 6.0000 0.1353 0.0778 
12.4420 10.0000 262.6300 0.3738 0.2207 -0.4431 3.3382 7.0000 0.2201 0.0928 
12.3640 10.0000 254.6260 0.3850 0.2204 -0.4914 3.3377 6.0000 0.4845 0.0863 
12.7720 11.0000 278.4320 0.4011 0.2184 -0.5361 3.2715 6.0000 0.3963 0.0883 
12.1060 10.0000 241.8560 0.3951 0.2319 -0.4896 3.3834 7.0000 0.5256 0.0914 
11.6020 10.0000 233.8960 0.3988 0.2314 -0.4380 3.4140 7.0000 0.4442 0.1095 
11.6480 10.0000 231.3680 0.3728 0.2085 -0.4669 3.3503 6.0000 0.6150 0.0972 
12.3080 10.0000 256.5560 0.3870 0.2212 -0.4650 3.3552 7.0000 0.2652 0.1012 
12.4820 10.0000 271.5400 0.4151 0.2252 -0.5068 3.2919 6.0000 0.2608 0.0786 
12.2900 10.0000 258.8580 0.4098 0.2281 -0.5115 3.3519 7.0000 0.2134 0.1040 
11.7600 10.0000 228.1240 0.3742 0.2122 -0.4868 3.3573 6.0000 0.1760 0.0709 
11.8900 10.0000 241.0160 0.4106 0.2312 -0.4776 3.4117 6.0000 0.3480 0.0864 
11.1360 9.0000 224.1820 0.4200 0.2194 -0.4811 3.4204 7.0000 0.4388 0.0847 
12.9100 11.0000 279.7200 0.3663 0.2179 -0.4482 3.2475 6.0000 0.5295 0.0768 
12.4280 10.0000 257.5700 0.3692 0.2213 -0.4404 3.3214 6.0000 0.3960 0.0691 
12.2580 9.0000 254.9240 0.3797 0.2185 -0.4648 3.3138 7.0000 0.1317 0.0785 
11.6580 10.0000 241.1260 0.4205 0.2230 -0.5160 3.4048 7.0000 0.2615 0.1127 
11.9660 10.0000 244.8500 0.3985 0.2289 -0.4574 3.3862 7.0000 0.6144 0.0876 
12.4280 10.0000 257.7300 0.3681 0.2142 -0.4771 3.2982 7.0000 0.4401 0.1072 
12.0100 7.0000 241.3640 0.3896 0.2246 -0.4837 3.3661 6.0000 0.6160 0.0761 
11.7020 10.0000 243.1940 0.3783 0.2134 -0.4247 3.3702 7.0000 0.4850 0.0734 
12.9080 11.0000 280.8120 0.4081 0.2290 -0.5427 3.2954 7.0000 0.5735 0.1141 
11.9480 5.0000 250.4100 0.4202 0.2328 -0.4827 3.4062 7.0000 0.3114 0.0635 
12.4880 7.0000 270.1080 0.4232 0.2318 -0.5272 3.3113 6.0000 0.1570 0.0559 
12.5140 10.0000 266.7360 0.4073 0.2352 -0.4870 3.3982 7.0000 0.2389 0.0745 
11.9780 10.0000 248.9480 0.4006 0.2213 -0.4847 3.3499 6.0000 0.2839 0.0780 
12.5320 10.0000 262.5760 0.4071 0.2278 -0.5287 3.3205 6.0000 0.4796 0.0643 
12.3060 10.0000 257.6540 0.3976 0.2212 -0.5178 3.3365 6.0000 0.3239 0.0920 
11.9320 9.0000 242.6440 0.3762 0.2170 -0.4588 3.3257 6.0000 0.1073 0.0828 
12.3720 10.0000 257.7760 0.3762 0.2155 -0.4800 3.3329 6.0000 0.0957 0.0403 
12.1860 9.0000 253.5640 0.4039 0.2216 -0.5262 3.3383 6.0000 0.0854 0.0704 
11.9960 10.0000 246.2520 0.3801 0.2145 -0.4593 3.3062 7.0000 0.0092 0.0853 
12.4400 11.0000 255.2380 0.3692 0.2217 -0.4561 3.3220 6.0000 0.0093 0.0756 
12.2220 10.0000 252.3160 0.3766 0.2213 -0.4593 3.3225 6.0000 0.7259 0.0813 
11.9680 10.0000 252.1880 0.4177 0.2361 -0.4626 3.3840 6.0000 0.7469 0.0958 
12.1480 10.0000 249.4020 0.3762 0.2133 -0.4706 3.3017 6.0000 0.4420 0.1087 
12.5820 10.0000 272.7840 0.4134 0.2356 -0.5029 3.3573 6.0000 0.1296 0.0780 
11.6460 9.0000 235.8980 0.4146 0.2225 -0.5117 3.3755 6.0000 0.6841 0.0595 
12.8080 10.0000 283.0620 0.3837 0.2130 -0.4763 3.2386 6.0000 0.2638 0.0785 
12.5020 9.0000 255.4960 0.3894 0.2296 -0.5000 3.3516 7.0000 0.1746 0.0654 
12.4660 7.0000 258.4820 0.3887 0.2202 -0.5043 3.2980 6.0000 0.2623 0.0965 
12.4520 10.0000 256.8800 0.3645 0.2229 -0.4305 3.3447 7.0000 0.7965 0.0810 
12.1340 5.0000 250.9940 0.3897 0.2166 -0.4845 3.3152 6.0000 0.3946 0.0924 
12.2100 2.0000 249.7320 0.3748 0.2071 -0.5110 3.2873 6.0000 0.1309 0.0679 
12.7920 4.0000 276.2360 0.4004 0.2309 -0.5066 3.3207 6.0000 0.1344 0.0605 
11.9800 10.0000 245.2720 0.4132 0.2282 -0.5145 3.3599 7.0000 0.5225 0.1178 
12.1360 8.0000 254.7660 0.3993 0.2178 -0.5041 3.3163 6.0000 0.4869 0.0717 
12.3160 10.0000 256.5480 0.3857 0.2164 -0.4917 3.2958 6.0000 0.1346 0.0709 
12.2960 10.0000 264.5540 0.3810 0.2154 -0.4459 3.2861 6.0000 0.1304 0.0845 
11.9380 10.0000 249.5320 0.4093 0.2280 -0.4774 3.3691 7.0000 0.7343 0.0928 
12.7160 10.0000 265.3480 0.3794 0.2219 -0.5106 3.3016 6.0000 0.2620 0.0468 
12.0340 10.0000 256.6020 0.4060 0.2253 -0.4768 3.3342 6.0000 0.2182 0.0797 
11.8080 4.0000 235.2600 0.3972 0.2214 -0.4912 3.3766 8.0000 0.1771 0.0761 
12.1400 10.0000 248.9840 0.3960 0.2198 -0.5154 3.3448 7.0000 0.1707 0.0914 
12.2100 9.0000 259.7740 0.3974 0.2177 -0.4948 3.3099 7.0000 0.3980 0.1095 
11.9060 10.0000 244.8140 0.4030 0.2220 -0.4717 3.3662 6.0000 0.5729 0.0972 
12.6540 9.0000 282.1660 0.3845 0.2144 -0.4756 3.2613 6.0000 0.4851 0.0546 
11.7060 9.0000 241.6600 0.4063 0.2249 -0.4652 3.4118 7.0000 0.4827 0.1137 
12.4160 7.0000 266.9940 0.3850 0.2161 -0.4784 3.2888 6.0000 0.4401 0.0727 
11.9680 10.0000 252.4820 0.3957 0.2162 -0.4783 3.3185 7.0000 0.2265 0.0841 
12.0300 10.0000 244.0140 0.4123 0.2331 -0.5225 3.3965 7.0000 0.1291 0.0716 
11.7200 10.0000 234.4720 0.3850 0.2269 -0.4429 3.4205 7.0000 0.1367 0.0624 
11.5060 10.0000 223.1440 0.3758 0.2213 -0.4259 3.3678 6.0000 0.3479 0.0500 
12.2820 10.0000 261.8540 0.3829 0.2218 -0.4392 3.2998 6.0000 0.4083 0.0694 
11.7520 6.0000 232.4160 0.3858 0.2152 -0.4958 3.3469 6.0000 0.8115 0.1127 
12.5460 7.0000 259.8540 0.3821 0.2150 -0.5190 3.2887 6.0000 0.5733 0.0925 
12.3440 10.0000 264.6040 0.3930 0.2165 -0.4882 3.3079 7.0000 0.5299 0.0826 
12.8240 11.0000 273.3980 0.3695 0.2172 -0.4690 3.2668 6.0000 0.3547 0.0559 
12.6720 10.0000 271.9920 0.4036 0.2198 -0.5427 3.2955 8.0000 0.1331 0.0756 
12.3900 10.0000 260.2740 0.3931 0.2174 -0.5135 3.3025 6.0000 0.1301 0.0819 
11.7600 10.0000 243.4960 0.4036 0.2358 -0.4317 3.4889 7.0000 0.3942 0.1141 
12.2140 10.0000 244.9120 0.3772 0.2123 -0.5101 3.3010 6.0000 0.5051 0.0819 
12.1980 10.0000 252.4040 0.3907 0.2181 -0.5223 3.3449 6.0000 0.4016 0.0483 
12.0880 10.0000 247.9840 0.4010 0.2256 -0.5007 3.3448 7.0000 0.5946 0.0780 
11.7280 10.0000 233.3020 0.3799 0.2175 -0.4750 3.3761 6.0000 0.4782 0.0643 
12.5060 8.0000 268.8540 0.3781 0.2179 -0.4625 3.2884 7.0000 0.3912 0.0717 
11.8620 10.0000 245.7420 0.4006 0.2206 -0.4846 3.3719 7.0000 0.1787 0.0725 
11.7800 10.0000 242.1960 0.4143 0.2293 -0.4788 3.3943 7.0000 0.1981 0.0971 
12.0260 10.0000 246.1420 0.3770 0.2120 -0.4815 3.3334 7.0000 0.1273 0.0403 
12.3800 10.0000 259.0800 0.3907 0.2167 -0.5054 3.2989 6.0000 0.7711 0.0813 
12.4840 9.0000 269.8440 0.4004 0.2228 -0.4859 3.2994 6.0000 0.7475 0.0958 
11.9460 11.0000 238.4880 0.3888 0.2245 -0.4777 3.3685 7.0000 0.5707 0.0706 
12.4360 10.0000 264.9580 0.4028 0.2179 -0.5292 3.3000 7.0000 0.1727 0.0746 
11.6560 10.0000 235.0280 0.4048 0.2256 -0.4589 3.3878 7.0000 0.5464 0.0595 
12.6280 10.0000 270.5860 0.3949 0.2148 -0.5262 3.2788 6.0000 0.6145 0.0548 
12.0920 10.0000 249.2240 0.4103 0.2309 -0.4989 3.3972 6.0000 0.3060 0.0912 
11.9620 10.0000 236.3840 0.3549 0.2086 -0.4540 3.3307 7.0000 0.0935 0.0747 
12.0280 10.0000 252.0300 0.4050 0.2198 -0.4846 3.3112 6.0000 0.6129 0.0810 
11.9780 10.0000 250.2020 0.4160 0.2289 -0.4867 3.3912 7.0000 0.4850 0.0623 
11.6480 9.0000 235.7680 0.4016 0.2213 -0.4770 3.3842 6.0000 0.4390 0.0884 
12.3640 10.0000 262.5700 0.3866 0.2090 -0.5150 3.2947 6.0000 0.2171 0.0734 
12.6660 10.0000 272.9140 0.3897 0.2125 -0.5238 3.2295 6.0000 0.3104 0.0533 
11.4540 6.0000 223.5420 0.3820 0.2063 -0.4926 3.3502 6.0000 0.3995 0.0762 
12.3520 10.0000 269.3720 0.3923 0.2228 -0.4543 3.3133 6.0000 0.3473 0.0607 
11.6780 10.0000 237.6540 0.3772 0.2080 -0.4608 3.3027 6.0000 0.1351 0.0826 
12.2080 11.0000 258.9820 0.3853 0.2164 -0.4524 3.3139 6.0000 0.1329 0.0648 
11.8140 10.0000 238.4100 0.3959 0.2223 -0.4847 3.3597 7.0000 0.4381 0.0863 
12.1700 6.0000 250.3540 0.3637 0.2170 -0.4307 3.3105 7.0000 0.3933 0.0883 
12.7280 10.0000 276.0900 0.3889 0.2229 -0.4679 3.2998 6.0000 0.5193 0.0914 
12.2840 10.0000 252.3240 0.3750 0.2178 -0.4653 3.3311 6.0000 0.3939 0.1095 
12.3600 10.0000 262.0460 0.3937 0.2198 -0.4804 3.3142 6.0000 0.6146 0.0972 
12.2260 6.0000 248.6460 0.3754 0.2130 -0.4756 3.3010 8.0000 0.3113 0.1012 
12.1840 10.0000 246.5060 0.3776 0.2314 -0.4348 3.3397 6.0000 0.2631 0.0786 
12.1680 10.0000 252.3820 0.4040 0.2262 -0.5014 3.3446 6.0000 0.1753 0.0390 
11.7800 10.0000 239.6740 0.4121 0.2341 -0.4805 3.4292 6.0000 0.1755 0.0771 
11.9220 10.0000 248.5620 0.4073 0.2271 -0.4631 3.4134 6.0000 0.3920 0.0864 
11.7440 10.0000 236.7060 0.3773 0.2138 -0.4430 3.3783 7.0000 0.4836 0.0847 
12.4760 11.0000 256.0900 0.3741 0.2222 -0.4667 3.3053 7.0000 0.4404 0.0931 
11.9520 9.0000 249.0580 0.4178 0.2311 -0.4974 3.3963 6.0000 0.3953 0.0486 
12.0500 9.0000 248.1640 0.3814 0.2121 -0.4927 3.3123 6.0000 0.1753 0.0653 
12.1100 5.0000 256.3040 0.4198 0.2331 -0.4872 3.3916 7.0000 0.3958 0.1127 
11.7260 7.0000 240.2340 0.4258 0.2239 -0.5339 3.3614 6.0000 0.6585 0.0876 
12.2120 9.0000 260.7940 0.4126 0.2205 -0.5245 3.3504 6.0000 0.4882 0.1072 
11.6400 10.0000 228.9500 0.3891 0.2238 -0.4775 3.4081 6.0000 0.5284 0.0709 
12.4400 10.0000 257.6740 0.3729 0.2199 -0.4680 3.3130 7.0000 0.2636 0.1086 
11.7360 9.0000 231.2440 0.3772 0.2161 -0.4851 3.3521 6.0000 0.1301 0.0906 
11.8780 10.0000 249.5680 0.4033 0.2181 -0.4902 3.3534 7.0000 0.1273 0.1021 
12.5820 10.0000 263.7400 0.3866 0.2272 -0.4822 3.3599 6.0000 0.3771 0.0819 
12.4540 10.0000 271.1180 0.4022 0.2259 -0.4741 3.3047 6.0000 0.4020 0.0483 
11.7760 10.0000 235.1820 0.3962 0.2244 -0.4791 3.3842 7.0000 0.5997 0.1020 
12.2700 4.0000 255.8920 0.3928 0.2261 -0.4722 3.3384 7.0000 0.2795 0.0643 
12.5260 10.0000 276.6160 0.4103 0.2261 -0.4948 3.3002 6.0000 0.1219 0.0787 
12.5600 10.0000 266.9000 0.4084 0.2285 -0.5564 3.3101 6.0000 0.1071 0.0725 
11.8000 10.0000 244.2160 0.3955 0.2178 -0.4805 3.3774 6.0000 0.1953 0.0619 
11.9920 10.0000 236.0880 0.3770 0.2161 -0.4766 3.3258 6.0000 0.7769 0.0813 
11.6220 3.0000 232.0120 0.4114 0.2269 -0.5009 3.3968 6.0000 0.7920 0.0958 
11.7620 6.0000 240.5400 0.3853 0.2164 -0.4540 3.3477 6.0000 0.7865 0.0780 
12.0380 6.0000 243.9180 0.3710 0.2072 -0.4958 3.3047 6.0000 0.7605 0.0595 
12.0360 10.0000 248.4640 0.3953 0.2238 -0.4658 3.3381 6.0000 0.4845 0.0716 
12.2920 7.0000 247.8740 0.3773 0.2216 -0.5016 3.3384 6.0000 0.1335 0.0917 
12.1160 10.0000 247.5380 0.3976 0.2271 -0.4893 3.3315 6.0000 0.1313 0.0818 
12.2240 11.0000 248.8940 0.3850 0.2204 -0.4934 3.3219 7.0000 0.8032 0.0810 
12.1600 11.0000 250.2320 0.3961 0.2300 -0.4871 3.3969 7.0000 0.5714 0.0623 
12.6180 10.0000 258.8660 0.3757 0.2161 -0.5128 3.2756 6.0000 0.4015 0.0884 
11.9280 10.0000 244.5200 0.4056 0.2282 -0.4787 3.4172 7.0000 0.2163 0.0734 
12.3980 10.0000 267.7740 0.3993 0.2252 -0.4727 3.3027 6.0000 0.3459 0.0605 
12.2280 10.0000 251.5780 0.3726 0.2099 -0.4934 3.3054 6.0000 0.4786 0.0762 
11.5340 10.0000 233.6200 0.4197 0.2179 -0.5171 3.3659 6.0000 0.4818 0.0845 
12.4240 8.0000 259.2820 0.4118 0.2326 -0.5315 3.3600 7.0000 0.6930 0.0928 
12.0620 10.0000 250.0100 0.3805 0.2118 -0.4817 3.2980 6.0000 0.3106 0.0468 
12.1680 10.0000 258.6920 0.3907 0.2185 -0.4754 3.3416 6.0000 0.1723 0.0797 
11.5540 10.0000 223.8280 0.3839 0.2116 -0.4968 3.3663 7.0000 0.1740 0.0761 
12.4860 10.0000 272.8560 0.4005 0.2274 -0.4692 3.3417 6.0000 0.1768 0.0832 
12.2980 11.0000 254.9100 0.3866 0.2255 -0.4726 3.3397 7.0000 0.3522 0.1095 
12.1340 2.0000 250.2140 0.4011 0.2268 -0.4847 3.3357 6.0000 0.5282 0.0972 
11.9300 6.0000 238.2360 0.3774 0.2191 -0.4672 3.3403 7.0000 0.5247 0.0546 
12.6160 4.0000 259.1980 0.4016 0.2298 -0.5421 3.3652 7.0000 0.4813 0.1137 
11.4880 10.0000 229.2380 0.3866 0.2122 -0.4656 3.3504 6.0000 0.5625 0.0727 
11.9100 9.0000 239.6000 0.3909 0.2193 -0.5029 3.3543 7.0000 0.4399 0.0864 
12.5660 10.0000 270.3700 0.3858 0.2147 -0.4824 3.3182 7.0000 0.3110 0.0716 
12.9480 11.0000 288.1060 0.4066 0.2191 -0.5595 3.2630 6.0000 0.1314 0.0947 
12.0640 10.0000 253.6980 0.3869 0.2163 -0.4681 3.3455 6.0000 0.4346 0.0550 
12.4700 10.0000 264.2000 0.3799 0.2169 -0.4954 3.3029 6.0000 0.2630 0.0839 
12.8800 10.0000 280.0100 0.3899 0.2183 -0.5172 3.2410 6.0000 0.1718 0.0694 
11.9780 10.0000 252.0540 0.3781 0.2136 -0.4449 3.3092 8.0000 0.6331 0.0774 
12.3440 10.0000 260.9200 0.4158 0.2372 -0.4964 3.3712 7.0000 0.0905 0.0722 
12.0360 9.0000 254.3760 0.4073 0.2198 -0.4784 3.3282 7.0000 0.3519 0.0876 
11.8220 9.0000 248.2300 0.3983 0.2154 -0.4739 3.3585 7.0000 0.3991 0.1072 
12.4860 9.0000 261.2200 0.4007 0.2221 -0.5337 3.3049 6.0000 0.5738 0.0761 
11.6140 10.0000 231.6700 0.3775 0.2106 -0.4805 3.3512 7.0000 0.5255 0.0734 
11.6480 9.0000 236.6280 0.3901 0.2155 -0.4779 3.3714 6.0000 0.5618 0.1141 
12.0100 10.0000 252.2920 0.3922 0.2154 -0.4692 3.3655 7.0000 0.4400 0.1072 
12.3180 10.0000 254.9000 0.4041 0.2276 -0.5278 3.3386 6.0000 0.1191 0.0953 
11.9500 4.0000 246.2320 0.4037 0.2156 -0.5356 3.3568 6.0000 0.2785 0.0483 
11.9220 10.0000 244.9320 0.3937 0.2160 -0.4916 3.3275 7.0000 0.4792 0.0883 
11.9100 6.0000 250.1020 0.3723 0.2143 -0.4140 3.3000 6.0000 0.1191 0.0717 
11.7680 10.0000 241.5960 0.4070 0.2302 -0.4585 3.4161 7.0000 0.3201 0.0643 
12.7780 10.0000 280.0780 0.3928 0.2179 -0.5008 3.2502 6.0000 0.1164 0.0833 
12.2320 9.0000 251.8180 0.4031 0.2328 -0.4994 3.3504 6.0000 0.1078 0.0725 
12.3920 10.0000 251.7880 0.3686 0.2293 -0.4397 3.3602 7.0000 0.8111 0.0813 
12.4140 8.0000 248.4060 0.3488 0.2140 -0.4408 3.2905 7.0000 0.7464 0.0958 
12.1600 9.0000 254.4220 0.3834 0.2198 -0.4497 3.3414 7.0000 0.7005 0.0780 
12.6600 10.0000 272.2240 0.3985 0.2253 -0.4905 3.2836 6.0000 0.2468 0.0833 
12.8600 11.0000 270.9300 0.3632 0.2241 -0.4562 3.2802 6.0000 0.1332 0.0759 
12.5120 10.0000 268.1320 0.3950 0.2255 -0.4942 3.3301 6.0000 0.3073 0.0548 
11.5720 10.0000 232.0040 0.3914 0.2126 -0.4899 3.3545 7.0000 0.5713 0.0965 
11.4380 10.0000 226.3000 0.3921 0.2259 -0.4432 3.4566 8.0000 0.9860 0.0810 
12.1800 10.0000 260.6380 0.3989 0.2231 -0.4780 3.3581 7.0000 0.4772 0.0623 
12.3120 10.0000 251.6620 0.3907 0.2306 -0.4668 3.3528 7.0000 0.2200 0.0857 
11.8480 10.0000 241.0820 0.3746 0.2166 -0.4348 3.3360 7.0000 0.2175 0.0720 
12.1180 4.0000 255.1180 0.3879 0.2168 -0.4846 3.3319 6.0000 0.2637 0.1178 
12.3600 3.0000 258.5680 0.4013 0.2149 -0.5535 3.3163 6.0000 0.5255 0.0762 
12.3900 11.0000 261.7200 0.4114 0.2291 -0.5071 3.3369 7.0000 0.2650 0.0948 
12.5180 11.0000 268.1280 0.3872 0.2175 -0.4908 3.2642 6.0000 0.1330 0.0993 
12.1340 5.0000 250.0540 0.3882 0.2234 -0.4657 3.3189 7.0000 0.1769 0.0928 
12.1600 5.0000 245.7960 0.3859 0.2239 -0.4696 3.3408 6.0000 0.5262 0.0863 
11.8080 10.0000 242.8960 0.3931 0.2134 -0.4706 3.3068 6.0000 0.3556 0.1004 
12.1720 10.0000 249.3640 0.3639 0.2098 -0.4512 3.3268 7.0000 0.5195 0.0914 
12.2600 10.0000 250.4740 0.3857 0.2190 -0.4843 3.3029 7.0000 0.2685 0.0830 
11.7920 7.0000 238.9880 0.4135 0.2259 -0.5133 3.3782 6.0000 0.1334 0.1062 
12.4120 8.0000 256.6660 0.3877 0.2181 -0.5202 3.3015 6.0000 0.1318 0.0842 
12.1680 10.0000 251.0760 0.4214 0.2406 -0.5105 3.4131 7.0000 0.3075 0.0546 
11.6560 5.0000 231.1880 0.3997 0.2267 -0.4830 3.4086 6.0000 0.4400 0.1137 
11.7480 10.0000 235.2300 0.3979 0.2202 -0.4799 3.3847 7.0000 0.5713 0.1004 
11.6600 6.0000 238.2680 0.3950 0.2256 -0.4407 3.3912 7.0000 0.4384 0.0864 
12.5480 10.0000 256.5740 0.3824 0.2289 -0.4976 3.3313 6.0000 0.4857 0.0847 
12.4220 11.0000 255.1340 0.3808 0.2212 -0.4779 3.3164 6.0000 0.3502 0.0550 
12.5180 10.0000 268.4760 0.3805 0.2112 -0.4945 3.2778 7.0000 0.2634 0.0713 
12.2360 10.0000 247.6560 0.3830 0.2193 -0.5141 3.3326 6.0000 0.0924 0.0653 
11.4620 10.0000 223.5780 0.3881 0.2228 -0.4458 3.3880 7.0000 0.5269 0.1127 
11.7220 7.0000 236.2300 0.3913 0.2216 -0.4664 3.3775 8.0000 0.7006 0.0876 
12.1440 9.0000 254.4160 0.4162 0.2404 -0.4777 3.3865 6.0000 0.5268 0.1072 
12.0720 10.0000 246.8180 0.3893 0.2206 -0.4952 3.3379 6.0000 0.6162 0.0761 
11.6160 8.0000 232.3040 0.4208 0.2355 -0.4843 3.4289 7.0000 0.4828 0.0734 
11.6740 9.0000 241.3500 0.3887 0.2012 -0.5130 3.2971 6.0000 0.4788 0.0951 
12.6960 9.0000 275.1060 0.3934 0.2254 -0.4865 3.2891 6.0000 0.1379 0.0537 
12.2200 10.0000 255.9420 0.3959 0.2254 -0.4746 3.3437 8.0000 0.1585 0.0770 
12.4020 10.0000 260.9080 0.3961 0.2128 -0.5265 3.2902 6.0000 0.3164 0.0483 
12.5100 10.0000 267.5540 0.3949 0.2152 -0.5067 3.2558 6.0000 0.5194 0.0780 
12.4180 11.0000 254.2900 0.3800 0.2204 -0.4966 3.3199 7.0000 0.3996 0.0817 
12.1240 3.0000 251.3940 0.3958 0.2318 -0.4541 3.3745 7.0000 0.3584 0.0803 
12.0560 10.0000 248.6120 0.3946 0.2252 -0.4694 3.3572 7.0000 0.1081 0.0600 
11.5880 9.0000 236.3740 0.3950 0.2264 -0.4314 3.4828 7.0000 0.0954 0.0800 
12.2600 10.0000 257.3440 0.3951 0.2189 -0.5101 3.3391 6.0000 0.0577 0.0704 
12.5780 9.0000 269.7880 0.3889 0.2178 -0.4965 3.3089 6.0000 0.8076 0.0813 
12.5060 9.0000 264.5540 0.3784 0.2163 -0.4906 3.3088 7.0000 0.7408 0.0958 
12.0740 10.0000 257.5720 0.4111 0.2212 -0.5068 3.3456 7.0000 0.7901 0.0780 
12.4840 10.0000 264.6480 0.3792 0.2130 -0.4877 3.2889 6.0000 0.8407 0.0595 
12.5000 7.0000 262.5000 0.3959 0.2158 -0.5410 3.2984 6.0000 0.6219 0.0548 
11.9200 10.0000 246.6960 0.4036 0.2092 -0.5278 3.3323 7.0000 0.6578 0.0965 
11.7300 8.0000 234.4500 0.4095 0.2331 -0.4851 3.4299 7.0000 0.2647 0.1001 
12.2060 10.0000 255.4300 0.4029 0.2255 -0.5049 3.3575 6.0000 0.3819 0.0635 
12.4780 10.0000 257.7760 0.3704 0.2145 -0.4943 3.3011 6.0000 0.4846 0.0533 
11.6880 10.0000 233.7220 0.3784 0.2254 -0.4250 3.3916 6.0000 0.4891 0.0605 
12.3900 6.0000 263.7020 0.4159 0.2313 -0.5261 3.3702 7.0000 0.5292 0.1178 
12.0280 10.0000 252.8580 0.4150 0.2204 -0.5182 3.3263 6.0000 0.4859 0.0913 
12.1140 10.0000 249.3200 0.3815 0.2222 -0.4466 3.3362 7.0000 0.1743 0.0989 
11.8100 8.0000 239.4080 0.3901 0.2211 -0.4483 3.3761 6.0000 0.1733 0.0666 
11.6420 10.0000 234.2680 0.4162 0.2248 -0.5082 3.4497 7.0000 0.4360 0.0928 
12.3320 10.0000 249.8540 0.3775 0.2178 -0.4834 3.3132 6.0000 0.5266 0.0863 
11.9980 10.0000 241.4240 0.3689 0.2092 -0.4770 3.3029 6.0000 0.3910 0.1004 
11.9200 10.0000 237.3780 0.3987 0.2391 -0.4685 3.4525 7.0000 0.1402 0.0703 
11.6140 7.0000 241.8300 0.3979 0.2209 -0.4317 3.3816 7.0000 0.1313 0.1096 
11.7060 10.0000 239.7060 0.3945 0.2142 -0.4711 3.3526 7.0000 0.1343 0.1095 
12.8980 10.0000 270.6420 0.3575 0.2053 -0.5108 3.2192 7.0000 0.4827 0.0972 
12.4400 7.0000 263.9140 0.4012 0.2228 -0.4994 3.2963 6.0000 0.5258 0.0546 
12.3620 9.0000 265.5540 0.3963 0.2206 -0.4911 3.3245 6.0000 0.4824 0.1137 
11.8820 10.0000 244.8260 0.3825 0.2191 -0.4353 3.3581 7.0000 0.4830 0.0727 
12.1920 10.0000 254.8920 0.3799 0.2139 -0.4901 3.3098 7.0000 0.3482 0.0841 
11.7080 8.0000 237.9200 0.3843 0.2147 -0.4502 3.3428 7.0000 0.1308 0.0716 
11.7760 10.0000 234.5980 0.3870 0.2273 -0.4596 3.3749 6.0000 0.1759 0.0875 
12.4480 10.0000 259.0560 0.3606 0.2126 -0.4430 3.2876 6.0000 0.2237 0.1056 
12.0780 10.0000 249.6420 0.3895 0.2196 -0.4814 3.3354 6.0000 0.3988 0.0694 
11.9080 10.0000 247.5160 0.3887 0.2137 -0.4766 3.3298 6.0000 0.7756 0.1127 
12.0300 10.0000 247.6180 0.4048 0.2292 -0.4849 3.4269 7.0000 0.4420 0.0925 
12.4560 10.0000 259.6520 0.3604 0.2130 -0.4391 3.2742 6.0000 0.2235 0.0918 
12.4300 10.0000 257.5780 0.3879 0.2164 -0.5345 3.3401 7.0000 0.1337 0.1083 
12.7320 10.0000 275.7060 0.3754 0.2157 -0.4606 3.2744 6.0000 0.2245 0.0761 
12.1440 10.0000 245.2860 0.3948 0.2271 -0.4979 3.3881 6.0000 0.4816 0.0734 
12.8640 11.0000 281.9880 0.3943 0.2229 -0.5054 3.3294 7.0000 0.5253 0.1141 
12.0400 10.0000 243.7500 0.3975 0.2268 -0.4963 3.3385 6.0000 0.5170 0.0819 
11.9420 10.0000 248.5020 0.3902 0.2143 -0.4832 3.3244 7.0000 0.2408 0.0841 
12.8680 10.0000 274.1060 0.3967 0.2210 -0.5479 3.2772 6.0000 0.0832 0.0892 
11.9400 10.0000 247.8300 0.3836 0.2166 -0.4671 3.3456 7.0000 0.1195 0.0717 
11.8540 9.0000 244.5580 0.4096 0.2200 -0.4997 3.3603 7.0000 0.3974 0.0643 
11.6460 10.0000 235.9080 0.4046 0.2212 -0.4895 3.3953 7.0000 0.3223 0.0717 
12.3740 9.0000 255.1300 0.4053 0.2263 -0.5364 3.3247 6.0000 0.1117 0.0725 
11.9940 8.0000 236.6040 0.3893 0.2125 -0.5431 3.3114 6.0000 0.1904 0.0971 
11.8020 9.0000 237.1580 0.3894 0.2174 -0.4804 3.3591 7.0000 0.1019 0.0403 
11.9360 10.0000 241.7700 0.3741 0.2186 -0.4446 3.3610 7.0000 0.7809 0.0813 
12.3100 8.0000 257.3380 0.4100 0.2290 -0.5156 3.3357 6.0000 0.7430 0.0958 
12.6920 11.0000 275.4220 0.4137 0.2303 -0.5322 3.3241 6.0000 0.7862 0.0780 
12.0440 10.0000 241.1020 0.3652 0.2104 -0.4665 3.3310 7.0000 0.1943 0.1015 
11.7700 10.0000 240.3940 0.3872 0.2154 -0.4543 3.3543 6.0000 0.1754 0.0688 
11.1820 6.0000 219.6360 0.4000 0.2074 -0.4943 3.3645 6.0000 0.5294 0.0548 
11.7020 8.0000 234.5120 0.3851 0.2186 -0.4660 3.3893 7.0000 0.6147 0.0965 
12.0420 5.0000 241.1540 0.3843 0.2171 -0.4806 3.3362 7.0000 0.2542 0.0981 
11.9860 8.0000 240.2200 0.4037 0.2271 -0.5229 3.3763 6.0000 0.3806 0.0635 
11.9300 7.0000 244.8260 0.4034 0.2221 -0.4953 3.3447 6.0000 0.5276 0.1091 
12.2720 8.0000 259.3800 0.3772 0.2116 -0.4787 3.2691 7.0000 0.4841 0.0605 
12.6640 11.0000 262.8660 0.3960 0.2341 -0.5087 3.3460 7.0000 0.3071 0.0734 
11.3580 10.0000 225.0880 0.4085 0.2316 -0.4495 3.4464 6.0000 0.3047 0.0605 
11.9360 2.0000 245.4900 0.3990 0.2266 -0.4759 3.3673 7.0000 0.3515 0.0913 
12.4460 9.0000 265.4100 0.4004 0.2123 -0.5414 3.2657 6.0000 0.1190 0.0709 
11.5880 10.0000 231.1160 0.3839 0.2168 -0.4513 3.3997 7.0000 0.1751 0.0666 
12.0300 10.0000 246.7740 0.3581 0.2089 -0.4306 3.2916 7.0000 0.3319 0.0471 
12.3200 10.0000 264.7300 0.3937 0.2207 -0.4606 3.2969 6.0000 0.0902 0.0658 
12.2700 10.0000 254.9560 0.3824 0.2124 -0.5130 3.3306 6.0000 0.3976 0.0848 
11.8920 9.0000 239.3360 0.3923 0.2216 -0.4938 3.3902 7.0000 0.1283 0.0946 
12.2000 10.0000 252.9460 0.3982 0.2199 -0.5057 3.3591 7.0000 0.0896 0.1004 
12.0820 10.0000 254.8020 0.4005 0.2226 -0.4725 3.3528 6.0000 0.5708 0.0852 
12.1880 11.0000 248.4700 0.4003 0.2199 -0.5217 3.3311 6.0000 0.0896 0.1096 
12.5400 9.0000 266.2000 0.3825 0.2170 -0.4979 3.2895 6.0000 0.1753 0.1095 
12.2340 10.0000 249.2700 0.3826 0.2159 -0.4911 3.3120 7.0000 0.4784 0.0826 
12.8080 11.0000 270.9900 0.3941 0.2293 -0.5107 3.3328 7.0000 0.0897 0.0786 
11.5180 10.0000 229.6920 0.3981 0.2192 -0.4818 3.4099 6.0000 0.3545 0.1012 
12.5220 10.0000 259.5720 0.3727 0.2235 -0.4653 3.3369 6.0000 0.1825 0.0637 
12.2380 10.0000 257.9420 0.3896 0.2174 -0.4857 3.3117 6.0000 0.1228 0.1137 
12.0120 8.0000 251.3080 0.3914 0.2181 -0.4616 3.3304 7.0000 0.3963 0.0741 
12.5620 10.0000 265.3200 0.3860 0.2211 -0.4975 3.2880 6.0000 0.1227 0.0989 
11.7000 7.0000 232.9680 0.3842 0.2219 -0.4418 3.3697 6.0000 0.3032 0.0864 
12.3740 4.0000 266.9460 0.4106 0.2313 -0.4882 3.3415 6.0000 0.5758 0.0847 
11.7680 10.0000 243.4200 0.3832 0.2157 -0.4464 3.3558 7.0000 0.6116 0.0401 
12.3980 9.0000 261.2140 0.3943 0.2190 -0.5048 3.2922 6.0000 0.4861 0.0694 
12.8640 10.0000 280.6760 0.3875 0.2248 -0.4780 3.3031 6.0000 0.1270 0.1117 
12.1000 9.0000 253.9440 0.3953 0.2196 -0.4937 3.3552 7.0000 0.3068 0.1127 
12.5560 6.0000 273.4820 0.3956 0.2218 -0.4754 3.2666 6.0000 0.5741 0.0925 
11.8880 10.0000 249.2600 0.4023 0.2253 -0.4629 3.3598 7.0000 0.2625 0.0693 
12.3160 10.0000 262.8440 0.4066 0.2201 -0.5029 3.3518 6.0000 0.1271 0.1072 
11.8300 9.0000 237.0720 0.3951 0.2212 -0.4686 3.3374 6.0000 0.5308 0.0559 
12.2640 10.0000 254.0700 0.3678 0.2122 -0.4567 3.2946 6.0000 0.0906 0.0766 
11.5740 10.0000 232.2520 0.3995 0.2175 -0.4848 3.3858 6.0000 0.3065 0.0734 
11.7440 10.0000 230.5840 0.3735 0.2130 -0.4795 3.3547 6.0000 0.4385 0.0724 
12.1680 4.0000 251.9120 0.3857 0.2244 -0.4527 3.3475 7.0000 0.1304 0.0674 
12.5320 10.0000 263.6720 0.3778 0.2244 -0.4612 3.3104 7.0000 0.7657 0.0813 
12.0180 10.0000 247.5460 0.3864 0.2209 -0.4621 3.3428 6.0000 0.7878 0.0958 
12.8720 11.0000 269.4500 0.3638 0.2170 -0.4894 3.2803 6.0000 0.6136 0.0782 
11.9920 7.0000 247.3780 0.3825 0.2163 -0.4576 3.3704 6.0000 0.1315 0.0746 
11.9020 9.0000 236.7120 0.3906 0.2337 -0.4534 3.4031 7.0000 0.3823 0.0595 
11.4860 10.0000 232.3940 0.3916 0.2166 -0.4362 3.3792 9.0000 0.6583 0.0548 
12.3640 10.0000 259.0240 0.3859 0.2305 -0.4510 3.3497 6.0000 0.5654 0.0612 
11.8820 10.0000 237.7660 0.3859 0.2263 -0.4596 3.3929 7.0000 0.2850 0.0981 
11.7040 10.0000 236.5580 0.4020 0.2227 -0.4913 3.4058 7.0000 0.4240 0.0819 
12.7780 10.0000 275.1960 0.3767 0.2115 -0.4961 3.2657 6.0000 0.4853 0.0715 
11.8060 10.0000 242.3580 0.3900 0.2131 -0.4825 3.3346 6.0000 0.4391 0.0605 
12.2100 10.0000 254.0960 0.3756 0.2124 -0.4585 3.2852 6.0000 0.4865 0.1178 
12.4220 10.0000 265.2840 0.3888 0.2135 -0.5018 3.2906 6.0000 0.2633 0.0849 
11.9200 10.0000 241.8840 0.3900 0.2147 -0.5118 3.3326 7.0000 0.1189 0.0482 
12.1220 10.0000 242.5440 0.3777 0.2140 -0.5042 3.2963 6.0000 0.1350 0.0845 
12.4880 11.0000 262.6300 0.3992 0.2266 -0.4928 3.3341 6.0000 0.7481 0.0928 
11.6800 6.0000 236.7520 0.4162 0.2316 -0.4760 3.4077 7.0000 0.5291 0.0863 
12.0980 10.0000 254.4000 0.4220 0.2314 -0.4973 3.3451 6.0000 0.4401 0.1004 
12.2060 10.0000 253.2580 0.3812 0.2174 -0.4637 3.3051 7.0000 0.5254 0.0914 
11.9340 10.0000 240.1800 0.3850 0.2132 -0.5039 3.3528 7.0000 0.3504 0.0830 
12.2100 7.0000 246.3340 0.3885 0.2215 -0.5111 3.3359 7.0000 0.4373 0.0836 
12.1560 10.0000 253.0700 0.4026 0.2242 -0.5205 3.3427 6.0000 0.1320 0.0936 
12.2560 8.0000 268.0420 0.3735 0.2041 -0.4633 3.3005 8.0000 0.1328 0.0888 
12.6940 9.0000 274.3120 0.3899 0.2281 -0.4619 3.3109 7.0000 0.3081 0.1137 
12.2180 10.0000 263.4320 0.4075 0.2156 -0.5102 3.2906 6.0000 0.5280 0.0727 
12.3560 10.0000 257.7340 0.3930 0.2123 -0.5464 3.2662 6.0000 0.4781 0.0864 
12.5640 5.0000 267.4240 0.3865 0.2213 -0.4898 3.3473 7.0000 0.5251 0.0847 
12.2800 6.0000 249.8000 0.4043 0.2287 -0.5277 3.3195 6.0000 0.4817 0.0931 
12.0540 5.0000 244.4420 0.3732 0.2150 -0.4578 3.3155 6.0000 0.3077 0.0486 
12.5300 10.0000 259.6920 0.4150 0.2369 -0.5400 3.3468 6.0000 0.1752 0.0862 
12.6700 11.0000 265.9500 0.3748 0.2199 -0.4789 3.3255 6.0000 0.3063 0.1127 
11.8460 10.0000 236.0440 0.3838 0.2199 -0.4816 3.3597 6.0000 0.5672 0.0876 
11.8940 10.0000 237.0740 0.3975 0.2260 -0.5074 3.3860 6.0000 0.4831 0.1072 
12.7280 10.0000 274.4380 0.3820 0.2172 -0.4850 3.2740 6.0000 0.5255 0.0709 
11.4820 10.0000 226.4320 0.3650 0.2134 -0.4195 3.3817 6.0000 0.1311 0.0709 
11.9600 10.0000 246.6500 0.3944 0.2120 -0.5140 3.3526 7.0000 0.1323 0.0819 
12.2660 6.0000 257.1860 0.3947 0.2245 -0.4651 3.3435 6.0000 0.3087 0.1141 
11.7280 10.0000 236.1500 0.3940 0.2241 -0.4509 3.4132 8.0000 0.4635 0.0819 
12.2000 10.0000 258.3780 0.4193 0.2185 -0.5511 3.3202 6.0000 0.4016 0.0483 
11.8320 9.0000 248.2760 0.3845 0.2044 -0.4897 3.3173 6.0000 0.3589 0.0883 
11.7720 8.0000 237.4160 0.4165 0.2243 -0.5294 3.3617 6.0000 0.1986 0.0795 
12.7900 10.0000 279.9380 0.3938 0.2203 -0.5035 3.2650 6.0000 0.1199 0.0992 
12.1600 10.0000 250.7240 0.3845 0.2241 -0.4577 3.3290 6.0000 0.1798 0.0920 
12.5120 4.0000 278.3680 0.4041 0.2248 -0.4728 3.3517 6.0000 0.1116 0.0828 
11.8360 10.0000 247.8540 0.3813 0.2095 -0.4666 3.3155 7.0000 0.1264 0.0842 
