12.2432 10.0000 251.7896 0.3571 0.1961 -0.4833 0.0000 0.0000 1.8021 0.0874 
11.9448 8.0000 241.4032 0.3700 0.1956 -0.5031 0.0000 0.0000 1.7662 0.0874 
12.7776 6.0000 264.4496 0.3242 0.1802 -0.4907 0.0000 0.0000 1.4292 0.0760 
12.2192 10.0000 250.3152 0.3577 0.1994 -0.4729 0.0000 0.0000 1.6211 0.0874 
11.8856 10.0000 236.6016 0.3613 0.2021 -0.4654 0.0000 0.0000 1.6921 0.0874 
12.3472 10.0000 255.9240 0.3458 0.1852 -0.4809 0.0000 0.0000 1.6321 0.0874 
12.6520 9.0000 269.4584 0.3635 0.1988 -0.5024 0.0000 0.0000 1.6944 0.0874 
12.5384 10.0000 262.0840 0.3516 0.1971 -0.4833 0.0000 0.0000 1.6720 0.0874 
12.4992 9.0000 264.8040 0.3559 0.1932 -0.4832 0.0000 0.0000 1.6886 0.0874 
12.3672 7.0000 255.6024 0.3609 0.1958 -0.5073 0.0000 0.0000 1.7209 0.0874 
12.5376 10.0000 260.8000 0.3443 0.1854 -0.5119 0.0000 0.0000 1.6895 0.0874 
12.0632 10.0000 247.1576 0.3602 0.1967 -0.4663 0.0000 0.0000 0.2235 0.0769 
12.5728 10.0000 266.2112 0.3644 0.1937 -0.5163 0.0000 0.0000 0.9259 0.0669 
12.1896 10.0000 257.6456 0.3725 0.1931 -0.4986 0.0000 0.0000 1.5403 0.0741 
12.3992 10.0000 259.3480 0.3498 0.1913 -0.4752 0.0000 0.0000 1.4523 0.0741 
12.0536 10.0000 244.0088 0.3574 0.1937 -0.4915 0.0000 0.0000 1.6277 0.0741 
12.4472 9.0000 261.9728 0.3635 0.1965 -0.5024 0.0000 0.0000 1.5436 0.0741 
12.0656 10.0000 242.3160 0.3561 0.1952 -0.4856 0.0000 0.0000 1.2313 0.0542 
12.2720 11.0000 251.2320 0.3673 0.1978 -0.5017 0.0000 0.0000 1.3152 0.0542 
12.3424 10.0000 254.8344 0.3583 0.1943 -0.4991 0.0000 0.0000 1.1419 0.0542 
11.9520 10.0000 240.4648 0.3590 0.1966 -0.4845 0.0000 0.0000 1.0954 0.0542 
12.4488 9.0000 261.4504 0.3593 0.1913 -0.5049 0.0000 0.0000 1.0533 0.0542 
12.8464 11.0000 275.1384 0.3603 0.1941 -0.5101 0.0000 0.0000 0.2604 0.0542 
12.2520 7.0000 252.1880 0.3589 0.1946 -0.4942 0.0000 0.0000 0.2898 0.0852 
12.1888 10.0000 250.3296 0.3551 0.1943 -0.4873 0.0000 0.0000 0.4367 0.0852 
12.2080 10.0000 249.9896 0.3599 0.1903 -0.5100 0.0000 0.0000 0.8308 0.0769 
12.4880 10.0000 263.8256 0.3492 0.1922 -0.4684 0.0000 0.0000 1.0103 0.0733 
12.3368 10.0000 255.3760 0.3572 0.1937 -0.4905 0.0000 0.0000 0.6959 0.0789 
12.0112 9.0000 247.7272 0.3700 0.2033 -0.4651 0.0000 0.0000 1.3645 0.0542 
12.2528 10.0000 251.9392 0.3467 0.1919 -0.4743 0.0000 0.0000 1.4015 0.0721 
12.3848 8.0000 260.4016 0.3739 0.1987 -0.5088 0.0000 0.0000 1.2327 0.0763 
12.5872 6.0000 267.7720 0.3646 0.1973 -0.4976 0.0000 0.0000 1.1494 0.0542 
12.2328 10.0000 249.9064 0.3494 0.1935 -0.4713 0.0000 0.0000 1.1472 0.0542 
12.1840 8.0000 253.4776 0.3600 0.1892 -0.5092 0.0000 0.0000 1.1386 0.0542 
12.0120 10.0000 247.4184 0.3709 0.1998 -0.4851 0.0000 0.0000 0.2209 0.0656 
12.2888 9.0000 256.5952 0.3593 0.1927 -0.4849 0.0000 0.0000 0.4832 0.0455 
12.2136 10.0000 252.5088 0.3541 0.1995 -0.4564 0.0000 0.0000 0.4838 0.0455 
12.8440 10.0000 278.3848 0.3578 0.1937 -0.4945 0.0000 0.0000 0.3489 0.0610 
12.1256 7.0000 246.7392 0.3581 0.1897 -0.5044 0.0000 0.0000 0.3116 0.0455 
12.4824 10.0000 263.8352 0.3498 0.1839 -0.4959 0.0000 0.0000 0.3049 0.0878 
12.1384 8.0000 248.4232 0.3487 0.1875 -0.4768 0.0000 0.0000 0.2900 0.0717 
12.2800 4.0000 253.4672 0.3522 0.1992 -0.4583 0.0000 0.0000 0.8018 0.1015 
12.4232 10.0000 260.7536 0.3580 0.1960 -0.4881 0.0000 0.0000 0.7617 0.1015 
12.7088 5.0000 268.8104 0.3499 0.1917 -0.4953 0.0000 0.0000 0.6751 0.0668 
12.6384 10.0000 264.8856 0.3451 0.1853 -0.5099 0.0000 0.0000 0.5852 0.0668 
12.7448 10.0000 270.1152 0.3391 0.1862 -0.4910 0.0000 0.0000 0.2205 0.0455 
11.9464 5.0000 241.9840 0.3624 0.1985 -0.4924 0.0000 0.0000 0.3459 0.0564 
12.0472 10.0000 244.3216 0.3539 0.1951 -0.4667 0.0000 0.0000 0.5277 0.0632 
12.0584 10.0000 251.3944 0.3635 0.1903 -0.4810 0.0000 0.0000 0.7882 0.0863 
12.2208 10.0000 253.7808 0.3569 0.1912 -0.4767 0.0000 0.0000 0.8837 0.0696 
12.2104 8.0000 252.2552 0.3650 0.1944 -0.4991 0.0000 0.0000 0.7924 0.0651 
12.5152 10.0000 266.5456 0.3618 0.1932 -0.5072 0.0000 0.0000 0.4354 0.0651 
11.9616 10.0000 244.2096 0.3833 0.2104 -0.4793 0.0000 0.0000 0.3107 0.0695 
12.2872 9.0000 255.8880 0.3664 0.1952 -0.5051 0.0000 0.0000 0.3497 0.0711 
12.3264 8.0000 253.4544 0.3625 0.1946 -0.5135 0.0000 0.0000 0.3105 0.0799 
12.0024 2.0000 245.4176 0.3584 0.1921 -0.4781 0.0000 0.0000 0.3546 0.0565 
11.9784 7.0000 241.1664 0.3409 0.1878 -0.4533 0.0000 0.0000 0.3516 0.0565 
12.4200 10.0000 268.1040 0.3895 0.2073 -0.4935 0.0000 0.0000 0.3090 0.0674 
12.1488 10.0000 245.9856 0.3564 0.1994 -0.4757 0.0000 0.0000 0.2207 0.0565 
12.2808 10.0000 258.2880 0.3617 0.1906 -0.4982 0.0000 0.0000 0.3081 0.0886 
12.3048 10.0000 251.8120 0.3676 0.2002 -0.5062 0.0000 0.0000 0.3504 0.0850 
12.2400 10.0000 252.8976 0.3610 0.1909 -0.5112 0.0000 0.0000 0.3086 0.0850 
12.6800 10.0000 271.6400 0.3783 0.1984 -0.5453 0.0000 0.0000 0.3499 0.0727 
12.2352 10.0000 254.1784 0.3549 0.1974 -0.4673 0.0000 0.0000 0.3501 0.0829 
12.0688 4.0000 250.5920 0.3666 0.1939 -0.4930 0.0000 0.0000 0.3093 0.0829 
12.2072 10.0000 250.3448 0.3528 0.1911 -0.4926 0.0000 0.0000 0.3084 0.0698 
12.2096 10.0000 261.6360 0.3564 0.1882 -0.4638 0.0000 0.0000 0.6595 0.0824 
12.1616 10.0000 254.8528 0.3594 0.1860 -0.5069 0.0000 0.0000 0.6581 0.0824 
12.4072 10.0000 261.1896 0.3597 0.1926 -0.4993 0.0000 0.0000 0.5671 0.0697 
12.3952 9.0000 260.6344 0.3751 0.2014 -0.5102 0.0000 0.0000 0.3498 0.0829 
12.0312 10.0000 251.6176 0.3754 0.1959 -0.4931 0.0000 0.0000 0.3469 0.0903 
12.2912 10.0000 251.8744 0.3628 0.1945 -0.5092 0.0000 0.0000 0.3921 0.0790 
12.2944 10.0000 253.0264 0.3557 0.1971 -0.4784 0.0000 0.0000 0.3897 0.0790 
12.4512 10.0000 263.0080 0.3560 0.1882 -0.4993 0.0000 0.0000 0.3491 0.0586 
12.2480 3.0000 260.7000 0.3729 0.1948 -0.5004 0.0000 0.0000 0.3497 0.0586 
12.3848 6.0000 258.9544 0.3407 0.1922 -0.4580 0.0000 0.0000 0.3904 0.0873 
12.4496 10.0000 252.1160 0.3362 0.1869 -0.4895 0.0000 0.0000 0.5733 0.0775 
12.4248 10.0000 259.3952 0.3656 0.1984 -0.5095 0.0000 0.0000 0.3973 0.0746 
12.0696 10.0000 248.0096 0.3738 0.1957 -0.5166 0.0000 0.0000 0.3493 0.0764 
12.0992 10.0000 248.9040 0.3502 0.1973 -0.4492 0.0000 0.0000 0.3939 0.0560 
12.2024 7.0000 255.1888 0.3498 0.1855 -0.4826 0.0000 0.0000 0.3947 0.0560 
12.2624 10.0000 252.5024 0.3641 0.1983 -0.4945 0.0000 0.0000 0.3097 0.0595 
12.7472 8.0000 271.2504 0.3645 0.2018 -0.5051 0.0000 0.0000 0.2091 0.0820 
12.2096 10.0000 257.8376 0.3344 0.1828 -0.4409 0.0000 0.0000 0.8510 0.0827 
12.3792 10.0000 251.3680 0.3445 0.1918 -0.5005 0.0000 0.0000 0.5237 0.0615 
12.2808 10.0000 257.6384 0.3558 0.1958 -0.4653 0.0000 0.0000 0.3506 0.0716 
12.0544 9.0000 250.6248 0.3636 0.1937 -0.4829 0.0000 0.0000 0.3101 0.0716 
12.4032 9.0000 260.4792 0.3628 0.1921 -0.5072 0.0000 0.0000 0.3503 0.0681 
12.2792 10.0000 254.8624 0.3650 0.1943 -0.5194 0.0000 0.0000 0.3095 0.0736 
12.3000 10.0000 255.8544 0.3382 0.1817 -0.4719 0.0000 0.0000 0.3093 0.0736 
12.3152 6.0000 256.6856 0.3787 0.2032 -0.5208 0.0000 0.0000 0.3103 0.0736 
12.6800 10.0000 265.5216 0.3520 0.1965 -0.4918 0.0000 0.0000 0.3461 0.0736 
12.4720 9.0000 263.2664 0.3666 0.1890 -0.5331 0.0000 0.0000 0.2210 0.0708 
11.9056 10.0000 242.0104 0.3572 0.1925 -0.4636 0.0000 0.0000 0.3497 0.0736 
12.4096 9.0000 268.7616 0.3750 0.1976 -0.4982 0.0000 0.0000 0.3079 0.0736 
12.0688 10.0000 250.1272 0.3746 0.2010 -0.4988 0.0000 0.0000 0.3489 0.0736 
12.2688 9.0000 259.1808 0.3587 0.1976 -0.4500 0.0000 0.0000 0.3969 0.0736 
12.4304 10.0000 257.4008 0.3582 0.1881 -0.5264 0.0000 0.0000 0.3964 0.0736 
12.4056 10.0000 257.3232 0.3536 0.1929 -0.4919 0.0000 0.0000 0.2611 0.0736 
12.3528 10.0000 255.4520 0.3627 0.2005 -0.4924 0.0000 0.0000 0.3508 0.0736 
