12.1564 9.0000 250.4044 0.3476 0.1882 -0.4808 4.2853 10.0000 22.2307 0.0692 
12.4096 10.0000 262.6754 0.3548 0.1895 -0.4936 4.2713 8.0000 22.2701 0.0581 
12.0920 10.0000 246.5010 0.3468 0.1913 -0.4744 4.3174 8.0000 20.0786 0.0754 
12.2936 3.0000 255.9710 0.3536 0.1919 -0.4907 4.2927 8.0000 22.0471 0.0653 
12.3054 10.0000 256.1728 0.3449 0.1871 -0.4879 4.2760 8.0000 21.2662 0.0634 
12.2936 8.0000 257.0246 0.3494 0.1895 -0.4848 4.2804 9.0000 21.1809 0.0653 
12.3024 10.0000 257.1750 0.3502 0.1895 -0.4858 4.2867 8.0000 20.7792 0.0581 
12.3928 9.0000 262.6524 0.3545 0.1880 -0.5010 4.2638 8.0000 20.6865 0.0581 
12.1444 10.0000 251.3582 0.3499 0.1879 -0.4847 4.2859 8.0000 22.3126 0.0634 
12.2428 9.0000 251.9248 0.3411 0.1838 -0.4931 4.2612 8.0000 21.0099 0.0634 
12.3318 9.0000 256.3442 0.3495 0.1913 -0.4855 4.2911 8.0000 21.6988 0.0570 
12.4020 6.0000 260.6730 0.3579 0.1918 -0.5033 4.2813 9.0000 2.5027 0.0690 
12.4304 4.0000 257.4198 0.3449 0.1895 -0.4980 4.2790 8.0000 3.2326 0.0728 
12.4540 5.0000 264.7524 0.3544 0.1908 -0.4956 4.2656 8.0000 2.9327 0.0728 
12.5322 10.0000 265.5342 0.3489 0.1885 -0.4987 4.2524 8.0000 3.9923 0.0701 
12.2406 10.0000 251.2014 0.3533 0.1951 -0.4899 4.3158 8.0000 8.6022 0.0600 
12.3252 10.0000 257.7100 0.3519 0.1916 -0.4869 4.2869 8.0000 7.2022 0.0690 
12.2176 10.0000 255.0728 0.3534 0.1877 -0.4944 4.2794 8.0000 12.8883 0.0693 
12.3586 10.0000 261.0982 0.3467 0.1865 -0.4835 4.2646 8.0000 11.7484 0.0578 
12.3666 10.0000 256.7040 0.3391 0.1871 -0.4754 4.2676 9.0000 12.6303 0.0699 
12.4704 10.0000 262.6680 0.3528 0.1899 -0.5021 4.2628 8.0000 12.3304 0.0674 
12.2338 8.0000 252.9300 0.3440 0.1866 -0.4792 4.2687 8.0000 12.2431 0.0578 
12.3510 5.0000 257.9020 0.3490 0.1877 -0.4932 4.2568 8.0000 3.3739 0.0572 
12.2530 10.0000 256.3148 0.3495 0.1902 -0.4764 4.2793 8.0000 3.5123 0.0721 
12.2998 10.0000 258.5284 0.3586 0.1899 -0.5053 4.2890 8.0000 3.9177 0.0697 
12.4862 6.0000 263.3262 0.3480 0.1925 -0.4835 4.2615 8.0000 4.9167 0.0623 
12.2862 10.0000 257.4342 0.3496 0.1863 -0.4939 4.2693 8.0000 3.3260 0.0670 
12.5592 10.0000 266.6924 0.3490 0.1897 -0.4920 4.2514 9.0000 3.2094 0.0526 
12.3554 10.0000 258.9940 0.3551 0.1906 -0.5012 4.2855 8.0000 2.4129 0.0675 
12.4188 10.0000 258.1046 0.3388 0.1880 -0.4807 4.2645 8.0000 3.0848 0.0723 
12.2276 10.0000 253.9134 0.3511 0.1880 -0.4933 4.2788 8.0000 4.4237 0.0786 
12.3856 10.0000 258.9688 0.3489 0.1882 -0.4891 4.2561 8.0000 4.3484 0.0677 
12.5526 10.0000 263.7754 0.3504 0.1917 -0.4966 4.2652 8.0000 2.8867 0.0786 
12.4782 10.0000 262.1200 0.3580 0.1914 -0.5170 4.2678 8.0000 3.4649 0.0589 
12.5054 10.0000 263.5244 0.3508 0.1892 -0.5027 4.2579 8.0000 3.1879 0.0740 
12.3816 10.0000 259.8184 0.3525 0.1927 -0.4864 4.3003 10.0000 3.3109 0.0756 
12.4644 10.0000 263.0374 0.3447 0.1869 -0.4907 4.2541 8.0000 2.4241 0.0616 
12.1764 10.0000 250.8462 0.3510 0.1894 -0.4860 4.2946 8.0000 3.3520 0.0715 
12.4480 6.0000 261.6022 0.3567 0.1905 -0.5146 4.2654 8.0000 3.5255 0.0715 
12.3578 10.0000 260.7660 0.3543 0.1890 -0.5006 4.2682 8.0000 3.1903 0.0704 
12.3508 10.0000 260.8760 0.3576 0.1887 -0.5068 4.2657 8.0000 3.5336 0.0806 
12.2954 10.0000 255.3334 0.3479 0.1908 -0.4825 4.2942 8.0000 7.4746 0.0663 
12.1238 10.0000 249.0520 0.3453 0.1871 -0.4823 4.2855 9.0000 7.6000 0.0759 
12.2560 10.0000 253.2610 0.3436 0.1893 -0.4775 4.2908 8.0000 3.2417 0.0685 
12.4688 10.0000 262.4074 0.3520 0.1912 -0.4933 4.2692 8.0000 3.4626 0.0738 
12.1804 10.0000 253.1168 0.3546 0.1886 -0.4969 4.2877 8.0000 3.3878 0.0672 
12.3998 9.0000 261.0340 0.3503 0.1882 -0.4917 4.2563 9.0000 3.0352 0.0654 
12.3420 10.0000 258.1402 0.3560 0.1898 -0.5039 4.2620 8.0000 3.9570 0.0613 
12.3720 10.0000 260.3336 0.3554 0.1903 -0.4984 4.2678 8.0000 4.6796 0.0694 
12.2292 6.0000 255.3306 0.3530 0.1894 -0.4886 4.2891 9.0000 4.2741 0.0589 
12.1808 10.0000 251.0500 0.3498 0.1902 -0.4874 4.3008 9.0000 4.0606 0.0684 
12.5658 10.0000 267.5396 0.3546 0.1914 -0.5032 4.2708 8.0000 3.3699 0.0774 
12.2154 10.0000 254.7356 0.3509 0.1930 -0.4667 4.3004 8.0000 3.4883 0.0635 
12.4388 10.0000 261.4882 0.3567 0.1905 -0.5111 4.2659 8.0000 3.4572 0.0782 
12.2218 10.0000 254.2108 0.3514 0.1891 -0.4920 4.2842 8.0000 3.4354 0.0619 
12.5426 10.0000 267.1176 0.3484 0.1908 -0.4813 4.2606 8.0000 3.5401 0.0725 
12.3534 6.0000 258.9002 0.3540 0.1922 -0.4919 4.2804 9.0000 3.9257 0.0712 
12.3652 10.0000 255.6908 0.3502 0.1920 -0.4957 4.2866 8.0000 3.5505 0.0696 
12.5832 10.0000 269.7984 0.3559 0.1897 -0.5036 4.2484 8.0000 3.6813 0.0759 
12.4428 10.0000 260.9040 0.3487 0.1870 -0.5072 4.2478 8.0000 3.5819 0.0694 
12.4632 10.0000 262.1274 0.3519 0.1910 -0.4966 4.2768 8.0000 3.5518 0.0616 
12.3288 10.0000 259.2930 0.3594 0.1897 -0.5108 4.2748 8.0000 3.0168 0.0616 
12.2818 10.0000 253.2456 0.3524 0.1895 -0.5019 4.2911 10.0000 3.1919 0.0672 
12.3074 10.0000 255.3628 0.3532 0.1921 -0.4957 4.3019 8.0000 4.4007 0.0627 
12.2874 10.0000 254.3484 0.3467 0.1903 -0.4822 4.2936 8.0000 3.3727 0.0726 
12.2318 10.0000 252.2206 0.3543 0.1891 -0.5079 4.2803 8.0000 3.4983 0.0616 
12.2638 9.0000 252.5820 0.3418 0.1891 -0.4723 4.2797 8.0000 3.7152 0.0671 
12.1396 10.0000 251.7188 0.3532 0.1883 -0.4963 4.3002 9.0000 3.4789 0.0541 
12.5134 9.0000 264.3894 0.3544 0.1919 -0.5030 4.2663 8.0000 3.1563 0.0628 
12.4354 9.0000 260.2626 0.3509 0.1894 -0.4998 4.2617 8.0000 3.6189 0.0731 
12.4208 10.0000 259.9920 0.3450 0.1864 -0.4959 4.2496 8.0000 3.6557 0.0628 
12.1614 8.0000 252.8972 0.3547 0.1890 -0.4946 4.2953 8.0000 4.5162 0.0748 
12.2332 10.0000 252.6226 0.3477 0.1883 -0.4871 4.2834 8.0000 4.4249 0.0748 
12.3972 4.0000 258.5050 0.3416 0.1875 -0.4812 4.2642 8.0000 3.5732 0.0676 
12.2402 10.0000 256.4588 0.3595 0.1910 -0.5007 4.2891 8.0000 3.1060 0.0696 
12.5362 10.0000 265.3720 0.3472 0.1880 -0.4962 4.2503 8.0000 3.4073 0.0676 
12.4792 10.0000 263.7028 0.3421 0.1862 -0.4858 4.2424 8.0000 3.5129 0.0670 
12.3686 4.0000 258.8482 0.3453 0.1873 -0.4893 4.2662 8.0000 3.4298 0.0615 
12.4316 10.0000 261.8906 0.3475 0.1888 -0.4867 4.2602 8.0000 3.5062 0.0842 
12.1134 10.0000 249.7352 0.3502 0.1866 -0.4915 4.2917 8.0000 4.6428 0.0625 
12.0908 10.0000 248.3632 0.3511 0.1899 -0.4848 4.3112 9.0000 5.1059 0.0641 
12.3044 9.0000 257.4428 0.3564 0.1910 -0.4956 4.2825 8.0000 3.9568 0.0601 
12.3702 10.0000 256.8792 0.3489 0.1910 -0.4903 4.2885 10.0000 3.6786 0.0758 
12.2548 7.0000 253.5534 0.3496 0.1912 -0.4850 4.2939 8.0000 3.8855 0.0842 
12.4674 8.0000 263.7962 0.3547 0.1883 -0.5092 4.2502 8.0000 3.6613 0.0585 
12.3118 9.0000 258.9006 0.3543 0.1892 -0.5014 4.2845 8.0000 3.4845 0.0653 
12.3796 10.0000 259.3746 0.3507 0.1878 -0.5018 4.2766 8.0000 2.9988 0.0655 
12.5010 10.0000 263.1984 0.3493 0.1879 -0.5087 4.2508 8.0000 3.4852 0.0655 
12.1460 10.0000 251.7996 0.3598 0.1920 -0.4961 4.3013 8.0000 3.8078 0.0590 
12.3554 9.0000 257.8674 0.3481 0.1864 -0.5039 4.2712 8.0000 6.5191 0.0595 
12.3646 10.0000 259.8642 0.3484 0.1879 -0.4941 4.2695 9.0000 4.6317 0.0595 
12.5594 10.0000 267.5236 0.3525 0.1903 -0.5019 4.2619 8.0000 3.5338 0.0595 
12.4350 8.0000 259.6632 0.3555 0.1939 -0.4981 4.2882 8.0000 3.5070 0.0595 
12.3038 10.0000 257.6928 0.3537 0.1906 -0.4931 4.2891 9.0000 3.8927 0.0595 
12.3870 6.0000 258.0212 0.3472 0.1925 -0.4846 4.2915 8.0000 3.5447 0.0595 
12.4234 10.0000 260.3032 0.3435 0.1868 -0.4868 4.2546 8.0000 3.7353 0.0595 
12.3660 10.0000 258.6280 0.3511 0.1909 -0.4915 4.2895 8.0000 3.6811 0.0595 
12.3598 4.0000 260.8724 0.3487 0.1888 -0.4832 4.2690 9.0000 7.3605 0.0595 
12.4074 9.0000 259.5064 0.3527 0.1928 -0.4905 4.2942 8.0000 5.9534 0.0595 
12.6090 10.0000 268.6642 0.3589 0.1924 -0.5146 4.2548 8.0000 4.3687 0.0595 
