12.1584 10.0000 254.0016 0.3962 0.2058 -0.5266 0.0000 0.0000 1.6599 0.0624 
12.0144 9.0000 246.4064 0.3762 0.2033 -0.4790 0.0000 0.0000 1.5555 0.0624 
12.2208 6.0000 252.5352 0.3706 0.1997 -0.4864 0.0000 0.0000 1.6033 0.0624 
12.1256 9.0000 247.7144 0.3728 0.2053 -0.4815 0.0000 0.0000 1.6000 0.0624 
12.5816 10.0000 271.7216 0.3705 0.1956 -0.4947 0.0000 0.0000 1.6427 0.0624 
12.3304 10.0000 254.8256 0.3665 0.2064 -0.4639 0.0000 0.0000 1.6872 0.0624 
12.1432 10.0000 248.5312 0.3721 0.1985 -0.5022 0.0000 0.0000 1.6905 0.0624 
12.3736 10.0000 255.4944 0.3646 0.1999 -0.4916 0.0000 0.0000 1.6454 0.1002 
11.9968 10.0000 246.5936 0.3661 0.1935 -0.4857 0.0000 0.0000 1.6873 0.0624 
11.9160 10.0000 243.3848 0.4034 0.2153 -0.5088 0.0000 0.0000 1.7251 0.0624 
12.0232 10.0000 253.9672 0.3849 0.2060 -0.4794 0.0000 0.0000 1.6483 0.0624 
12.3624 10.0000 258.1496 0.3755 0.2052 -0.4928 0.0000 0.0000 0.2829 0.0779 
12.1128 6.0000 252.0528 0.3783 0.2090 -0.4596 0.0000 0.0000 1.0981 0.0515 
12.2376 10.0000 255.8576 0.3795 0.2097 -0.4706 0.0000 0.0000 1.4916 0.0740 
12.1776 9.0000 259.0264 0.3900 0.2171 -0.4569 0.0000 0.0000 1.4432 0.0740 
12.3880 10.0000 260.1752 0.3825 0.2054 -0.4969 0.0000 0.0000 1.1420 0.0850 
12.1008 10.0000 247.7272 0.3900 0.2158 -0.4804 0.0000 0.0000 1.3604 0.0740 
12.2680 10.0000 251.3432 0.3753 0.2090 -0.4884 0.0000 0.0000 1.4954 0.0740 
12.7200 10.0000 270.0424 0.3633 0.1977 -0.5055 0.0000 0.0000 1.0939 0.0740 
12.3800 10.0000 259.7448 0.3706 0.2083 -0.4559 0.0000 0.0000 1.1791 0.0740 
11.7600 9.0000 231.4728 0.3633 0.2059 -0.4496 0.0000 0.0000 1.1004 0.0740 
12.1720 4.0000 253.7616 0.3765 0.2015 -0.4876 0.0000 0.0000 1.1413 0.0740 
12.3160 9.0000 262.7176 0.3864 0.2065 -0.4962 0.0000 0.0000 0.3062 0.0787 
12.7672 10.0000 272.0144 0.3619 0.2023 -0.4814 0.0000 0.0000 0.2186 0.0647 
12.1656 10.0000 253.3288 0.3815 0.2046 -0.5025 0.0000 0.0000 0.3065 0.0811 
12.2816 10.0000 258.9832 0.3654 0.1982 -0.4847 0.0000 0.0000 0.7912 0.0774 
12.2336 10.0000 256.5728 0.3825 0.2080 -0.4806 0.0000 0.0000 1.0074 0.0774 
11.8032 8.0000 243.9384 0.3799 0.2047 -0.4607 0.0000 0.0000 1.4914 0.0774 
12.0232 10.0000 245.4784 0.3899 0.2155 -0.4835 0.0000 0.0000 1.1924 0.0604 
12.2488 10.0000 252.1264 0.3775 0.2160 -0.4600 0.0000 0.0000 1.2290 0.0604 
12.3640 9.0000 257.4288 0.3902 0.2095 -0.5169 0.0000 0.0000 1.4008 0.0604 
11.9144 6.0000 244.5400 0.3811 0.2136 -0.4339 0.0000 0.0000 1.2768 0.0604 
12.4256 10.0000 259.2616 0.3680 0.2022 -0.4886 0.0000 0.0000 1.0079 0.0534 
12.6360 6.0000 266.3264 0.3883 0.2185 -0.4993 0.0000 0.0000 0.2198 0.0811 
11.8768 10.0000 242.8344 0.3909 0.2180 -0.4662 0.0000 0.0000 0.2662 0.0673 
12.4544 10.0000 261.3240 0.3733 0.2075 -0.4903 0.0000 0.0000 0.5277 0.0818 
12.2000 9.0000 253.7656 0.3751 0.2140 -0.4479 0.0000 0.0000 0.3979 0.0834 
12.3552 10.0000 257.3688 0.3840 0.2023 -0.5249 0.0000 0.0000 0.5726 0.0860 
12.1632 10.0000 254.4016 0.3751 0.1986 -0.4966 0.0000 0.0000 0.5711 0.0860 
12.4056 9.0000 256.6448 0.3814 0.2111 -0.5107 0.0000 0.0000 0.3025 0.0860 
12.3568 10.0000 257.0816 0.3823 0.2054 -0.5187 0.0000 0.0000 0.2353 0.0638 
12.1312 10.0000 248.3760 0.3797 0.2025 -0.5162 0.0000 0.0000 1.3045 0.0874 
12.2344 10.0000 252.4536 0.3814 0.2106 -0.4906 0.0000 0.0000 1.1808 0.0560 
12.4992 9.0000 255.4896 0.3521 0.2024 -0.4699 0.0000 0.0000 1.1754 0.0560 
12.0832 7.0000 242.6960 0.3616 0.2049 -0.4664 0.0000 0.0000 1.0011 0.0560 
12.0672 6.0000 244.4144 0.3848 0.2105 -0.4984 0.0000 0.0000 0.3069 0.0867 
12.4064 7.0000 254.2840 0.3942 0.2170 -0.5316 0.0000 0.0000 0.2611 0.0757 
12.1672 7.0000 249.3664 0.3873 0.2173 -0.4790 0.0000 0.0000 0.3082 0.0909 
12.5544 10.0000 271.2192 0.3893 0.2094 -0.5045 0.0000 0.0000 0.5281 0.0909 
12.2440 10.0000 254.1648 0.3760 0.2000 -0.5091 0.0000 0.0000 0.6170 0.0770 
12.5416 3.0000 267.5120 0.3728 0.2051 -0.4752 0.0000 0.0000 0.4817 0.0801 
12.2296 10.0000 250.9440 0.3877 0.2112 -0.5112 0.0000 0.0000 0.3070 0.0787 
11.9152 5.0000 241.6056 0.3949 0.2199 -0.4822 0.0000 0.0000 0.2210 0.0830 
12.5480 10.0000 262.5976 0.3636 0.1981 -0.5069 0.0000 0.0000 0.3060 0.0875 
12.1344 10.0000 251.4472 0.3863 0.2160 -0.4718 0.0000 0.0000 0.5338 0.0729 
12.5200 10.0000 261.9880 0.3739 0.2095 -0.4927 0.0000 0.0000 0.5274 0.0729 
11.8320 10.0000 237.7184 0.3651 0.2036 -0.4529 0.0000 0.0000 0.5279 0.0729 
12.4496 8.0000 260.8592 0.3865 0.2090 -0.5079 0.0000 0.0000 0.3041 0.0834 
12.1184 10.0000 248.3200 0.3924 0.2256 -0.4637 0.0000 0.0000 0.2210 0.0490 
12.0080 10.0000 246.0600 0.3841 0.2127 -0.4769 0.0000 0.0000 0.3531 0.0783 
12.0048 10.0000 246.2800 0.3796 0.2026 -0.4939 0.0000 0.0000 0.3542 0.0783 
12.5008 3.0000 266.2656 0.3839 0.2127 -0.4805 0.0000 0.0000 0.3097 0.0776 
12.0464 9.0000 246.5984 0.3688 0.2005 -0.4721 0.0000 0.0000 0.3077 0.0737 
12.3400 10.0000 256.3752 0.3910 0.2092 -0.5309 0.0000 0.0000 0.3091 0.0825 
12.3280 10.0000 257.8232 0.4020 0.2149 -0.5298 0.0000 0.0000 0.3032 0.0825 
11.9968 10.0000 245.3248 0.3959 0.2127 -0.5155 0.0000 0.0000 0.3066 0.0775 
12.6040 10.0000 264.8312 0.3748 0.2100 -0.4926 0.0000 0.0000 0.4407 0.0846 
12.1352 4.0000 247.6984 0.3749 0.2070 -0.4876 0.0000 0.0000 0.4827 0.0846 
12.6336 9.0000 268.0248 0.3731 0.2052 -0.5004 0.0000 0.0000 0.4391 0.0846 
12.6744 11.0000 270.0368 0.3885 0.2123 -0.5040 0.0000 0.0000 0.3080 0.0726 
12.2944 10.0000 257.9784 0.3873 0.2049 -0.5172 0.0000 0.0000 0.2203 0.0568 
12.2712 10.0000 254.1400 0.3855 0.2141 -0.4919 0.0000 0.0000 0.3075 0.0832 
12.1912 10.0000 251.7240 0.3789 0.2007 -0.5063 0.0000 0.0000 0.3448 0.0629 
12.5312 11.0000 266.3296 0.3776 0.1996 -0.5190 0.0000 0.0000 0.3082 0.0629 
11.9144 9.0000 245.1752 0.3690 0.1973 -0.4711 0.0000 0.0000 0.5734 0.0850 
12.1160 10.0000 247.8800 0.3764 0.2043 -0.4937 0.0000 0.0000 0.5692 0.0629 
12.2912 8.0000 256.4104 0.3670 0.1970 -0.4946 0.0000 0.0000 0.3062 0.0780 
12.2360 10.0000 249.7312 0.3844 0.2188 -0.4677 0.0000 0.0000 0.2612 0.0832 
12.1920 10.0000 248.2864 0.3894 0.2174 -0.4931 0.0000 0.0000 0.4398 0.0584 
12.3176 10.0000 261.6240 0.3970 0.2192 -0.4909 0.0000 0.0000 0.4399 0.0944 
12.1976 8.0000 251.3472 0.3830 0.2081 -0.5034 0.0000 0.0000 0.3525 0.0944 
11.8912 10.0000 242.6480 0.3919 0.2112 -0.4925 0.0000 0.0000 0.3075 0.0944 
12.8104 4.0000 281.0136 0.3824 0.2085 -0.5053 0.0000 0.0000 0.3043 0.0821 
11.7512 10.0000 237.4840 0.3772 0.2048 -0.4645 0.0000 0.0000 1.2048 0.0746 
11.9456 10.0000 243.8808 0.3935 0.2226 -0.4621 0.0000 0.0000 0.8490 0.0682 
12.4272 10.0000 263.7184 0.4053 0.2181 -0.5255 0.0000 0.0000 0.4832 0.0580 
12.0616 9.0000 244.6872 0.3889 0.2155 -0.4794 0.0000 0.0000 0.5226 0.0539 
12.3160 7.0000 256.4664 0.3600 0.1987 -0.4614 0.0000 0.0000 0.5266 0.0539 
12.0096 5.0000 250.3656 0.3992 0.2159 -0.4874 0.0000 0.0000 0.5260 0.0539 
12.3632 3.0000 258.5640 0.3660 0.1963 -0.5030 0.0000 0.0000 0.3124 0.0694 
12.2880 10.0000 252.9728 0.3686 0.2016 -0.4866 0.0000 0.0000 0.7836 0.0694 
12.3720 8.0000 253.9840 0.3823 0.2145 -0.4924 0.0000 0.0000 0.7459 0.0694 
12.3600 10.0000 253.6872 0.3693 0.2029 -0.4927 0.0000 0.0000 0.7020 0.0694 
11.9416 10.0000 245.2416 0.3822 0.2085 -0.4756 0.0000 0.0000 0.2207 0.0694 
12.4472 10.0000 262.6160 0.3846 0.2036 -0.5202 0.0000 0.0000 0.3081 0.0694 
12.1176 10.0000 247.6104 0.3870 0.2068 -0.5198 0.0000 0.0000 0.3073 0.0694 
12.6888 9.0000 267.3656 0.3734 0.2066 -0.5053 0.0000 0.0000 0.3081 0.0694 
12.3904 5.0000 258.9096 0.3696 0.2018 -0.4740 0.0000 0.0000 0.5291 0.0694 
11.7552 8.0000 236.8024 0.3903 0.2150 -0.4645 0.0000 0.0000 0.6166 0.0694 
12.6640 7.0000 273.6008 0.3853 0.2068 -0.5085 0.0000 0.0000 0.4400 0.0694 
