12.1780 10.0000 249.9904 0.3659 0.2032 -0.4679 0.0000 0.0000 5.1467 0.0615 
12.5652 10.0000 263.9432 0.3545 0.1941 -0.4934 0.0000 0.0000 4.9271 0.0645 
12.3476 10.0000 253.8716 0.3517 0.1903 -0.4936 0.0000 0.0000 5.1461 0.0591 
12.3308 10.0000 257.1720 0.3735 0.1967 -0.5191 0.0000 0.0000 5.4531 0.0645 
12.0516 10.0000 246.3372 0.3741 0.1993 -0.4975 0.0000 0.0000 5.5005 0.0752 
12.5036 10.0000 260.4228 0.3638 0.1989 -0.5114 0.0000 0.0000 4.7055 0.0621 
12.6008 10.0000 266.2680 0.3695 0.2041 -0.4978 0.0000 0.0000 5.4101 0.0736 
12.3724 10.0000 255.8216 0.3614 0.1956 -0.4999 0.0000 0.0000 5.0630 0.0548 
12.3624 10.0000 262.4120 0.3713 0.1986 -0.4871 0.0000 0.0000 5.4979 0.0645 
12.3676 10.0000 257.6640 0.3748 0.2028 -0.5061 0.0000 0.0000 5.4957 0.0736 
12.2980 10.0000 255.5856 0.3584 0.1950 -0.4833 0.0000 0.0000 5.0122 0.0693 
12.3220 10.0000 258.0324 0.3729 0.1964 -0.5048 0.0000 0.0000 0.8783 0.0713 
12.3204 10.0000 257.5932 0.3727 0.2034 -0.4866 0.0000 0.0000 0.6150 0.0756 
12.5100 7.0000 262.2204 0.3601 0.1929 -0.5104 0.0000 0.0000 0.8386 0.0681 
12.0884 10.0000 246.8016 0.3767 0.2088 -0.4760 0.0000 0.0000 0.8380 0.0673 
12.2868 10.0000 255.3580 0.3719 0.2016 -0.5007 0.0000 0.0000 0.8710 0.0729 
12.5532 10.0000 266.3164 0.3801 0.2035 -0.5149 0.0000 0.0000 1.1872 0.0794 
12.5280 10.0000 263.7532 0.3723 0.2022 -0.5111 0.0000 0.0000 1.5861 0.0729 
12.7952 10.0000 275.9196 0.3767 0.2010 -0.5175 0.0000 0.0000 1.5379 0.0757 
12.2712 10.0000 256.8828 0.3823 0.2048 -0.4991 0.0000 0.0000 0.8802 0.0661 
12.1072 10.0000 249.4504 0.3757 0.1993 -0.5020 0.0000 0.0000 1.8900 0.0603 
12.3436 5.0000 258.0504 0.3674 0.1957 -0.4943 0.0000 0.0000 1.8889 0.0586 
12.4132 4.0000 260.6244 0.3664 0.1971 -0.4981 0.0000 0.0000 0.6574 0.0695 
12.5252 6.0000 261.9896 0.3696 0.2018 -0.5024 0.0000 0.0000 0.8367 0.0733 
12.2924 10.0000 256.7344 0.3733 0.2028 -0.4898 0.0000 0.0000 0.6591 0.0844 
12.4828 10.0000 260.5000 0.3749 0.2081 -0.4952 0.0000 0.0000 0.8810 0.0590 
12.2940 8.0000 259.1052 0.3727 0.2012 -0.4881 0.0000 0.0000 0.8780 0.0684 
12.2012 10.0000 255.9848 0.3684 0.1949 -0.4953 0.0000 0.0000 0.8784 0.0699 
12.1824 3.0000 249.1588 0.3816 0.2050 -0.5172 0.0000 0.0000 1.4505 0.0797 
12.3704 10.0000 257.4564 0.3649 0.1963 -0.4934 0.0000 0.0000 1.3195 0.0646 
12.1416 10.0000 251.2176 0.3829 0.2079 -0.4927 0.0000 0.0000 0.8809 0.0797 
12.6272 9.0000 267.0916 0.3576 0.1980 -0.4810 0.0000 0.0000 0.8364 0.0719 
12.4452 10.0000 260.1612 0.3726 0.1983 -0.5205 0.0000 0.0000 0.8758 0.0740 
11.9376 10.0000 245.5556 0.3830 0.2045 -0.4937 0.0000 0.0000 0.8826 0.0828 
12.5728 10.0000 266.8816 0.3636 0.2002 -0.4792 0.0000 0.0000 0.9216 0.0626 
12.4268 10.0000 260.3424 0.3767 0.2040 -0.5098 0.0000 0.0000 0.8605 0.0710 
12.4940 9.0000 264.2944 0.3770 0.2030 -0.5058 0.0000 0.0000 0.8381 0.0681 
12.2084 10.0000 251.2492 0.3523 0.1933 -0.4746 0.0000 0.0000 0.8369 0.0657 
12.5420 10.0000 265.9764 0.3574 0.1917 -0.4962 0.0000 0.0000 0.8378 0.0722 
12.3008 10.0000 258.8740 0.3772 0.1987 -0.5109 0.0000 0.0000 0.6581 0.0776 
12.3324 8.0000 257.8016 0.3743 0.1994 -0.5045 0.0000 0.0000 0.8823 0.0506 
12.6400 10.0000 268.5700 0.3592 0.1966 -0.4850 0.0000 0.0000 1.5882 0.0845 
12.3340 10.0000 258.9544 0.3747 0.1989 -0.5091 0.0000 0.0000 1.1872 0.0845 
12.3008 10.0000 255.9676 0.3718 0.1997 -0.4976 0.0000 0.0000 0.8800 0.0815 
12.0384 5.0000 246.7956 0.3709 0.1953 -0.4933 0.0000 0.0000 0.8817 0.0795 
12.0736 10.0000 247.9148 0.3706 0.2041 -0.4717 0.0000 0.0000 0.8804 0.0722 
12.0972 10.0000 246.1968 0.3851 0.2088 -0.5015 0.0000 0.0000 0.6598 0.0550 
12.5308 6.0000 262.0188 0.3531 0.1952 -0.4862 0.0000 0.0000 0.8786 0.0747 
12.4500 5.0000 259.7664 0.3693 0.1954 -0.5176 0.0000 0.0000 0.8796 0.0747 
12.3168 6.0000 255.3000 0.3705 0.1994 -0.5065 0.0000 0.0000 0.8361 0.0865 
12.3232 8.0000 253.2532 0.3628 0.1987 -0.4931 0.0000 0.0000 0.8356 0.0717 
12.1748 7.0000 251.9772 0.3810 0.2008 -0.5149 0.0000 0.0000 0.8793 0.0702 
12.4636 6.0000 259.6612 0.3589 0.1981 -0.4779 0.0000 0.0000 0.6632 0.0597 
12.1056 10.0000 249.3684 0.3821 0.2075 -0.4887 0.0000 0.0000 0.9636 0.0651 
12.3920 10.0000 257.3984 0.3671 0.1995 -0.4953 0.0000 0.0000 1.0513 0.0719 
12.1876 10.0000 255.2120 0.3734 0.2011 -0.4848 0.0000 0.0000 1.0516 0.0674 
12.3556 8.0000 259.6064 0.3868 0.2098 -0.5032 0.0000 0.0000 0.8801 0.0738 
12.1924 10.0000 254.5928 0.3874 0.2107 -0.4952 0.0000 0.0000 0.8819 0.0756 
12.3336 10.0000 256.3384 0.3728 0.1986 -0.5093 0.0000 0.0000 1.1448 0.0719 
12.5092 10.0000 265.3692 0.3695 0.1938 -0.5150 0.0000 0.0000 0.8370 0.0618 
12.3784 10.0000 260.7284 0.3689 0.2013 -0.4845 0.0000 0.0000 0.9179 0.0786 
12.3976 5.0000 259.6432 0.3799 0.2019 -0.5196 0.0000 0.0000 0.9661 0.0795 
12.5520 10.0000 264.8648 0.3746 0.2012 -0.5125 0.0000 0.0000 0.8799 0.0701 
12.3564 7.0000 258.3196 0.3635 0.1942 -0.5047 0.0000 0.0000 0.8790 0.0736 
12.3812 8.0000 259.9116 0.3688 0.1971 -0.5023 0.0000 0.0000 0.9208 0.0654 
12.2484 10.0000 257.8044 0.3798 0.2023 -0.5013 0.0000 0.0000 0.8796 0.0669 
12.4528 10.0000 263.0520 0.3723 0.1961 -0.5144 0.0000 0.0000 1.1022 0.0707 
12.3228 10.0000 256.9872 0.3808 0.2057 -0.5079 0.0000 0.0000 1.4093 0.0632 
12.2320 10.0000 256.1056 0.3783 0.2022 -0.4959 0.0000 0.0000 0.9225 0.0664 
12.2392 10.0000 255.2852 0.3658 0.1965 -0.4779 0.0000 0.0000 0.9164 0.0845 
12.6264 10.0000 267.4588 0.3595 0.2001 -0.4790 0.0000 0.0000 0.6181 0.0736 
12.0624 2.0000 250.8232 0.3730 0.1963 -0.4940 0.0000 0.0000 0.9228 0.0638 
12.2676 10.0000 252.7908 0.3661 0.1926 -0.5225 0.0000 0.0000 0.9229 0.0846 
12.1764 10.0000 250.3656 0.3692 0.1996 -0.4988 0.0000 0.0000 0.8378 0.0763 
12.2156 10.0000 255.4164 0.3766 0.2030 -0.4866 0.0000 0.0000 1.0994 0.0726 
12.2280 10.0000 251.1460 0.3576 0.1936 -0.4867 0.0000 0.0000 0.8778 0.0703 
12.3592 10.0000 254.6440 0.3634 0.1994 -0.5019 0.0000 0.0000 0.6599 0.0636 
12.4192 10.0000 262.5644 0.3752 0.1990 -0.5104 0.0000 0.0000 0.9218 0.0708 
12.4272 5.0000 260.5436 0.3664 0.1976 -0.4978 0.0000 0.0000 0.9225 0.0650 
12.2948 10.0000 258.2484 0.3761 0.1988 -0.5068 0.0000 0.0000 0.6577 0.0708 
12.0260 10.0000 245.9884 0.3738 0.2120 -0.4538 0.0000 0.0000 0.9259 0.0600 
12.3340 6.0000 257.2420 0.3762 0.2011 -0.5126 0.0000 0.0000 0.8784 0.0802 
12.2080 1.0000 255.6520 0.3673 0.1968 -0.4815 0.0000 0.0000 0.9233 0.0591 
12.1788 10.0000 251.9092 0.3704 0.2012 -0.4836 0.0000 0.0000 1.6067 0.0677 
12.4872 10.0000 262.8132 0.3614 0.1966 -0.4916 0.0000 0.0000 0.8802 0.0721 
12.4240 10.0000 260.4468 0.3744 0.2019 -0.5116 0.0000 0.0000 0.8231 0.0753 
12.3540 10.0000 258.4240 0.3691 0.1991 -0.4918 0.0000 0.0000 0.6630 0.0620 
12.2600 6.0000 256.8044 0.3688 0.1930 -0.4997 0.0000 0.0000 0.9246 0.0872 
12.3060 10.0000 258.5804 0.3768 0.2060 -0.4891 0.0000 0.0000 0.8740 0.0848 
12.3468 10.0000 256.2432 0.3618 0.1989 -0.4835 0.0000 0.0000 1.0535 0.0848 
12.4048 10.0000 262.7748 0.3700 0.1994 -0.4895 0.0000 0.0000 1.0111 0.0848 
12.1796 10.0000 253.5104 0.3868 0.2068 -0.5067 0.0000 0.0000 0.9650 0.0848 
12.5012 10.0000 264.8008 0.3644 0.1979 -0.4893 0.0000 0.0000 0.8812 0.0848 
11.9360 9.0000 243.5656 0.3659 0.1955 -0.4809 0.0000 0.0000 0.9187 0.0848 
12.3844 10.0000 257.0620 0.3691 0.2031 -0.4950 0.0000 0.0000 0.6601 0.0880 
12.4276 10.0000 263.3228 0.3785 0.2075 -0.4907 0.0000 0.0000 0.9229 0.0848 
12.1164 10.0000 251.3064 0.3700 0.2002 -0.4739 0.0000 0.0000 0.9220 0.0848 
12.0772 8.0000 249.2324 0.3745 0.2023 -0.4823 0.0000 0.0000 0.9228 0.0848 
11.9324 7.0000 243.5556 0.3713 0.2005 -0.4739 0.0000 0.0000 0.9584 0.0848 
12.1216 10.0000 252.1328 0.3894 0.2097 -0.4982 0.0000 0.0000 0.7033 0.0848 
