12.3862 9.0000 259.1363 0.2544 0.1178 -0.4822 0.0000 0.0000 2343.8799 0.0665 
12.3737 10.0000 258.3117 0.2511 0.1176 -0.4739 0.0000 0.0000 2406.2146 0.0636 
12.3896 8.0000 259.4348 0.2523 0.1180 -0.4744 0.0000 0.0000 2428.6397 0.0654 
12.3969 10.0000 258.7557 0.2520 0.1181 -0.4779 0.0000 0.0000 2389.7702 0.0668 
12.3498 9.0000 257.9172 0.2537 0.1183 -0.4771 0.0000 0.0000 2446.8879 0.0665 
12.3508 10.0000 257.6674 0.2529 0.1180 -0.4769 0.0000 0.0000 2511.4329 0.0671 
12.3754 10.0000 259.0930 0.2536 0.1180 -0.4783 0.0000 0.0000 2344.7131 0.0665 
12.4552 10.0000 258.9809 0.2478 0.1178 -0.4738 0.0000 0.0000 2372.3656 0.0622 
12.3978 10.0000 259.9269 0.2536 0.1188 -0.4752 0.0000 0.0000 2291.9611 0.0656 
12.4094 8.0000 259.7716 0.2524 0.1175 -0.4777 0.0000 0.0000 2355.7036 0.0638 
12.3879 10.0000 259.1055 0.2524 0.1175 -0.4781 0.0000 0.0000 2285.9835 0.0654 
12.3699 10.0000 257.7897 0.2502 0.1169 -0.4763 0.0000 0.0000 2295.5605 0.0610 
12.3617 10.0000 256.8991 0.2497 0.1172 -0.4734 0.0000 0.0000 2431.5858 0.0615 
12.3949 10.0000 259.3992 0.2520 0.1180 -0.4748 0.0000 0.0000 2511.4814 0.0650 
12.3474 10.0000 256.8176 0.2509 0.1183 -0.4717 0.0000 0.0000 2446.1148 0.0640 
12.3844 10.0000 258.1958 0.2507 0.1177 -0.4743 0.0000 0.0000 2425.9975 0.0620 
12.3672 5.0000 257.8275 0.2511 0.1170 -0.4774 0.0000 0.0000 2391.2328 0.0616 
12.3522 10.0000 257.6684 0.2506 0.1170 -0.4729 0.0000 0.0000 2366.9272 0.0658 
12.3747 10.0000 257.3502 0.2522 0.1192 -0.4728 0.0000 0.0000 2331.0119 0.0623 
12.3810 10.0000 258.2474 0.2501 0.1180 -0.4719 0.0000 0.0000 2551.7050 0.0652 
12.2805 10.0000 255.4690 0.2545 0.1180 -0.4768 0.0000 0.0000 2367.9479 0.0676 
12.3726 10.0000 258.4644 0.2524 0.1177 -0.4767 0.0000 0.0000 2482.2285 0.0627 
12.3179 10.0000 255.0669 0.2481 0.1172 -0.4684 0.0000 0.0000 2336.0817 0.0622 
12.4046 10.0000 258.8732 0.2498 0.1173 -0.4747 0.0000 0.0000 2483.5156 0.0629 
12.3737 7.0000 258.1423 0.2512 0.1182 -0.4734 0.0000 0.0000 2419.2015 0.0626 
12.3141 10.0000 255.9506 0.2509 0.1175 -0.4715 0.0000 0.0000 2217.3021 0.0630 
12.4084 10.0000 259.3098 0.2515 0.1186 -0.4750 0.0000 0.0000 2496.8489 0.0642 
12.4106 10.0000 258.6293 0.2487 0.1176 -0.4717 0.0000 0.0000 2554.7947 0.0616 
12.3614 10.0000 256.3406 0.2478 0.1174 -0.4714 0.0000 0.0000 2533.8420 0.0621 
12.3473 10.0000 256.8960 0.2498 0.1173 -0.4724 0.0000 0.0000 2391.6132 0.0629 
12.4216 10.0000 258.8806 0.2479 0.1172 -0.4718 0.0000 0.0000 2318.0146 0.0600 
12.4778 10.0000 261.3092 0.2484 0.1171 -0.4748 0.0000 0.0000 2468.8194 0.0603 
12.4134 10.0000 260.3303 0.2548 0.1187 -0.4790 0.0000 0.0000 2420.5047 0.0651 
12.4188 10.0000 259.0694 0.2472 0.1166 -0.4715 0.0000 0.0000 2417.1596 0.0602 
12.3646 10.0000 256.8148 0.2515 0.1178 -0.4772 0.0000 0.0000 2532.0089 0.0626 
12.3896 10.0000 258.1870 0.2492 0.1171 -0.4732 0.0000 0.0000 2487.2389 0.0606 
12.4040 9.0000 258.6885 0.2501 0.1178 -0.4744 0.0000 0.0000 2418.4609 0.0618 
12.4066 6.0000 258.1039 0.2488 0.1176 -0.4743 0.0000 0.0000 2541.1459 0.0628 
12.3750 10.0000 257.7336 0.2506 0.1176 -0.4757 0.0000 0.0000 2291.7879 0.0606 
12.3215 10.0000 255.5147 0.2521 0.1183 -0.4745 0.0000 0.0000 2558.1005 0.0670 
12.4113 10.0000 260.1728 0.2515 0.1180 -0.4759 0.0000 0.0000 2577.6629 0.0644 
12.2804 10.0000 255.4819 0.2528 0.1182 -0.4708 0.0000 0.0000 2670.1072 0.0715 
12.4031 10.0000 257.7107 0.2462 0.1173 -0.4677 0.0000 0.0000 2222.3530 0.0590 
12.4006 5.0000 260.3392 0.2521 0.1178 -0.4743 0.0000 0.0000 2544.1603 0.0653 
12.3526 10.0000 257.8978 0.2533 0.1182 -0.4760 0.0000 0.0000 2339.7097 0.0684 
12.4210 9.0000 260.4906 0.2518 0.1176 -0.4764 0.0000 0.0000 2620.9409 0.0649 
12.3260 10.0000 256.0011 0.2515 0.1183 -0.4731 0.0000 0.0000 2415.7634 0.0656 
12.4477 9.0000 260.2143 0.2512 0.1175 -0.4784 0.0000 0.0000 2414.8686 0.0615 
12.4266 9.0000 260.4876 0.2525 0.1177 -0.4794 0.0000 0.0000 2489.6397 0.0649 
12.3797 10.0000 257.8027 0.2483 0.1164 -0.4725 0.0000 0.0000 2249.1815 0.0599 
12.4427 4.0000 260.7901 0.2512 0.1175 -0.4779 0.0000 0.0000 2515.0206 0.0624 
12.3956 10.0000 259.7762 0.2510 0.1169 -0.4747 0.0000 0.0000 2476.0695 0.0640 
12.4023 10.0000 259.7134 0.2507 0.1177 -0.4741 0.0000 0.0000 2445.9956 0.0640 
12.4056 9.0000 259.3569 0.2522 0.1180 -0.4773 0.0000 0.0000 2530.2592 0.0641 
12.3510 10.0000 256.8525 0.2499 0.1174 -0.4710 0.0000 0.0000 2449.0738 0.0624 
12.2955 10.0000 254.8705 0.2501 0.1172 -0.4712 0.0000 0.0000 2255.3192 0.0643 
12.4614 10.0000 261.9047 0.2515 0.1172 -0.4795 0.0000 0.0000 2473.3989 0.0623 
12.3675 10.0000 257.5686 0.2498 0.1177 -0.4721 0.0000 0.0000 2480.3505 0.0634 
12.3965 10.0000 258.2805 0.2494 0.1169 -0.4750 0.0000 0.0000 2443.7364 0.0618 
12.4755 10.0000 260.8621 0.2493 0.1181 -0.4760 0.0000 0.0000 2378.6443 0.0595 
12.3522 10.0000 256.9016 0.2523 0.1179 -0.4762 0.0000 0.0000 2227.2670 0.0655 
12.4049 10.0000 259.2339 0.2495 0.1172 -0.4749 0.0000 0.0000 2548.2141 0.0605 
12.3934 10.0000 257.8708 0.2469 0.1171 -0.4691 0.0000 0.0000 2447.1666 0.0609 
12.4423 10.0000 260.6290 0.2489 0.1169 -0.4740 0.0000 0.0000 2430.6847 0.0603 
12.3839 10.0000 257.6278 0.2488 0.1174 -0.4728 0.0000 0.0000 2436.7082 0.0609 
12.2974 10.0000 255.7066 0.2519 0.1185 -0.4707 0.0000 0.0000 2595.0510 0.0674 
12.4191 10.0000 258.7809 0.2490 0.1181 -0.4716 0.0000 0.0000 2447.4960 0.0623 
12.4681 10.0000 261.2449 0.2494 0.1176 -0.4759 0.0000 0.0000 2359.6744 0.0622 
12.3923 10.0000 259.4063 0.2510 0.1172 -0.4747 0.0000 0.0000 2490.3045 0.0630 
12.2432 10.0000 253.2651 0.2490 0.1167 -0.4672 0.0000 0.0000 2388.7369 0.0665 
12.4020 10.0000 258.3344 0.2486 0.1177 -0.4706 0.0000 0.0000 2507.6905 0.0648 
12.4251 10.0000 260.4782 0.2531 0.1182 -0.4795 0.0000 0.0000 2588.0085 0.0638 
12.4402 10.0000 260.2535 0.2503 0.1168 -0.4788 0.0000 0.0000 2389.4693 0.0603 
12.3636 10.0000 256.9875 0.2472 0.1167 -0.4684 0.0000 0.0000 2456.0063 0.0603 
12.4063 10.0000 259.6115 0.2497 0.1173 -0.4732 0.0000 0.0000 2447.0742 0.0612 
12.4041 10.0000 260.0643 0.2523 0.1176 -0.4765 0.0000 0.0000 2522.9545 0.0664 
12.3618 10.0000 259.0276 0.2536 0.1173 -0.4785 0.0000 0.0000 2556.6226 0.0661 
12.4330 7.0000 260.9225 0.2525 0.1178 -0.4781 0.0000 0.0000 2392.0818 0.0631 
12.3200 10.0000 256.2582 0.2511 0.1171 -0.4742 0.0000 0.0000 2347.2278 0.0638 
12.3613 5.0000 256.3947 0.2484 0.1172 -0.4734 0.0000 0.0000 2343.5794 0.0605 
12.4038 10.0000 259.4856 0.2517 0.1177 -0.4773 0.0000 0.0000 2478.6698 0.0615 
12.4100 10.0000 259.8302 0.2512 0.1173 -0.4772 0.0000 0.0000 2452.0511 0.0632 
12.4347 10.0000 260.2747 0.2515 0.1180 -0.4776 0.0000 0.0000 2341.9128 0.0631 
12.4222 10.0000 259.1616 0.2492 0.1172 -0.4740 0.0000 0.0000 2451.3876 0.0632 
12.3923 10.0000 258.3649 0.2505 0.1173 -0.4747 0.0000 0.0000 2490.2762 0.0636 
12.4212 10.0000 259.5683 0.2508 0.1176 -0.4774 0.0000 0.0000 2480.9023 0.0628 
12.4485 6.0000 261.2256 0.2501 0.1175 -0.4725 0.0000 0.0000 2519.3693 0.0649 
12.4072 10.0000 260.0528 0.2522 0.1175 -0.4780 0.0000 0.0000 2495.7057 0.0635 
12.3360 7.0000 257.4038 0.2515 0.1176 -0.4714 0.0000 0.0000 2396.2924 0.0650 
12.4296 8.0000 259.5925 0.2515 0.1189 -0.4748 0.0000 0.0000 2471.6588 0.0623 
12.4081 10.0000 259.8934 0.2527 0.1176 -0.4788 0.0000 0.0000 2604.0630 0.0645 
12.3879 10.0000 259.0712 0.2499 0.1172 -0.4718 0.0000 0.0000 2459.8411 0.0636 
12.4571 4.0000 261.5834 0.2476 0.1163 -0.4701 0.0000 0.0000 2339.2534 0.0602 
12.3739 10.0000 257.2202 0.2503 0.1179 -0.4729 0.0000 0.0000 2396.2842 0.0632 
12.4591 5.0000 260.5109 0.2474 0.1171 -0.4706 0.0000 0.0000 2182.4021 0.0619 
12.3333 8.0000 256.9342 0.2498 0.1169 -0.4715 0.0000 0.0000 2105.9994 0.0639 
12.4598 10.0000 260.9792 0.2475 0.1164 -0.4731 0.0000 0.0000 1941.7534 0.0593 
12.3513 10.0000 257.6039 0.2496 0.1175 -0.4661 0.0000 0.0000 1938.6002 0.0642 
12.4329 10.0000 260.6838 0.2515 0.1178 -0.4761 0.0000 0.0000 1704.3622 0.0637 
12.3450 6.0000 256.5635 0.2505 0.1177 -0.4736 0.0000 0.0000 715.1207 0.0641 
