12.3561 10.0000 257.7269 0.3773 0.2044 -0.4965 0.0000 0.0000 2183.2268 0.0634 
12.3861 10.0000 258.2411 0.3766 0.2052 -0.4947 0.0000 0.0000 2147.4064 0.0628 
12.3961 5.0000 259.2973 0.3776 0.2048 -0.4962 0.0000 0.0000 2196.6745 0.0646 
12.3672 10.0000 257.5751 0.3765 0.2047 -0.4972 0.0000 0.0000 2196.1113 0.0646 
12.3975 10.0000 259.9658 0.3775 0.2050 -0.4936 0.0000 0.0000 2166.5655 0.0659 
12.4015 10.0000 259.1619 0.3786 0.2048 -0.5015 0.0000 0.0000 2193.5623 0.0646 
12.4070 3.0000 260.4019 0.3782 0.2046 -0.4981 0.0000 0.0000 2295.2849 0.0646 
12.3709 10.0000 258.4525 0.3765 0.2040 -0.4944 0.0000 0.0000 2098.6429 0.0649 
12.3610 10.0000 258.5459 0.3777 0.2044 -0.4967 0.0000 0.0000 1713.6313 0.0640 
12.3746 10.0000 257.6631 0.3759 0.2035 -0.4992 0.0000 0.0000 2172.8548 0.0615 
12.3564 10.0000 257.5764 0.3771 0.2045 -0.4973 0.0000 0.0000 2156.7282 0.0647 
12.4155 6.0000 258.4375 0.3730 0.2034 -0.4949 0.0000 0.0000 2162.6975 0.0618 
12.3269 10.0000 256.1745 0.3764 0.2042 -0.4950 0.0000 0.0000 2337.1037 0.0646 
12.3457 10.0000 255.5610 0.3708 0.2027 -0.4894 0.0000 0.0000 1983.7321 0.0608 
12.3878 10.0000 258.2367 0.3768 0.2058 -0.4928 0.0000 0.0000 2030.4188 0.0651 
12.3471 10.0000 257.5156 0.3766 0.2036 -0.4963 0.0000 0.0000 2207.6758 0.0665 
12.3949 10.0000 259.6944 0.3744 0.2035 -0.4912 0.0000 0.0000 2133.1167 0.0632 
12.3629 5.0000 257.6124 0.3746 0.2035 -0.4924 0.0000 0.0000 2180.5860 0.0626 
12.3648 10.0000 258.3917 0.3755 0.2037 -0.4927 0.0000 0.0000 2262.2587 0.0659 
12.3633 10.0000 258.3182 0.3810 0.2056 -0.5016 0.0000 0.0000 2339.2199 0.0651 
12.4122 10.0000 259.2051 0.3741 0.2027 -0.4979 0.0000 0.0000 2283.7258 0.0612 
12.4315 10.0000 260.1712 0.3767 0.2048 -0.4980 0.0000 0.0000 2240.2120 0.0651 
12.3531 10.0000 257.7123 0.3800 0.2052 -0.5015 0.0000 0.0000 2276.5682 0.0641 
12.3335 10.0000 256.8054 0.3757 0.2033 -0.4941 0.0000 0.0000 2437.7105 0.0651 
12.3408 10.0000 256.1474 0.3687 0.2011 -0.4869 0.0000 0.0000 1458.9055 0.0585 
12.3481 10.0000 257.0119 0.3746 0.2027 -0.4954 0.0000 0.0000 2281.7350 0.0643 
12.3013 10.0000 255.1562 0.3733 0.2039 -0.4864 0.0000 0.0000 2269.1515 0.0671 
12.4364 5.0000 260.0642 0.3769 0.2043 -0.5011 0.0000 0.0000 2374.5221 0.0647 
12.4360 10.0000 260.4861 0.3733 0.2026 -0.4951 0.0000 0.0000 2280.5984 0.0614 
12.4143 10.0000 259.9847 0.3773 0.2046 -0.4962 0.0000 0.0000 2339.5131 0.0657 
12.4006 10.0000 259.8748 0.3763 0.2039 -0.4961 0.0000 0.0000 2329.4363 0.0648 
12.4425 10.0000 261.6175 0.3765 0.2024 -0.5010 0.0000 0.0000 2369.5005 0.0648 
12.3739 10.0000 258.2770 0.3742 0.2024 -0.4958 0.0000 0.0000 2307.6718 0.0640 
12.4448 4.0000 259.5168 0.3661 0.2000 -0.4895 0.0000 0.0000 1774.1895 0.0556 
12.3728 10.0000 258.3903 0.3772 0.2039 -0.4996 0.0000 0.0000 2157.6087 0.0655 
12.3984 10.0000 259.3094 0.3753 0.2045 -0.4908 0.0000 0.0000 2459.8017 0.0647 
12.4168 6.0000 259.3287 0.3720 0.2024 -0.4931 0.0000 0.0000 1856.1042 0.0618 
12.3313 10.0000 256.3555 0.3734 0.2035 -0.4872 0.0000 0.0000 2233.9068 0.0641 
12.3394 10.0000 255.3695 0.3739 0.2040 -0.4944 0.0000 0.0000 2305.8331 0.0647 
12.4574 10.0000 260.5892 0.3739 0.2031 -0.4984 0.0000 0.0000 2355.2036 0.0614 
12.3395 8.0000 256.0369 0.3696 0.1994 -0.4950 0.0000 0.0000 2181.0201 0.0615 
12.4142 10.0000 260.1703 0.3768 0.2028 -0.5012 0.0000 0.0000 2255.2800 0.0620 
12.3577 8.0000 258.0158 0.3766 0.2046 -0.4934 0.0000 0.0000 2337.0996 0.0631 
12.3522 10.0000 258.3777 0.3769 0.2027 -0.4987 0.0000 0.0000 2317.1322 0.0654 
12.3844 10.0000 258.2575 0.3767 0.2040 -0.4983 0.0000 0.0000 1785.7839 0.0642 
12.3565 4.0000 256.6883 0.3745 0.2039 -0.4948 0.0000 0.0000 2171.8524 0.0628 
12.3295 10.0000 256.2402 0.3734 0.2027 -0.4917 0.0000 0.0000 2120.9182 0.0638 
12.3553 10.0000 257.0836 0.3715 0.2012 -0.4906 0.0000 0.0000 2055.4350 0.0636 
12.3800 10.0000 257.1902 0.3719 0.2027 -0.4941 0.0000 0.0000 2226.1531 0.0614 
12.4117 8.0000 259.6412 0.3758 0.2037 -0.4962 0.0000 0.0000 2405.4080 0.0654 
12.4115 6.0000 258.2429 0.3735 0.2050 -0.4911 0.0000 0.0000 2337.4887 0.0622 
12.3845 10.0000 258.8617 0.3749 0.2018 -0.4996 0.0000 0.0000 2379.5631 0.0636 
12.3063 10.0000 255.9380 0.3772 0.2034 -0.4989 0.0000 0.0000 2226.2150 0.0657 
12.3608 10.0000 258.3510 0.3777 0.2045 -0.4960 0.0000 0.0000 2285.5451 0.0638 
12.3641 10.0000 256.0032 0.3709 0.2023 -0.4928 0.0000 0.0000 2088.8458 0.0593 
12.3504 10.0000 256.2998 0.3742 0.2037 -0.4944 0.0000 0.0000 2298.9029 0.0628 
12.3757 7.0000 258.4815 0.3755 0.2046 -0.4912 0.0000 0.0000 2532.1249 0.0662 
12.3473 10.0000 257.5091 0.3753 0.2026 -0.4973 0.0000 0.0000 2443.1871 0.0632 
12.4332 10.0000 259.7246 0.3700 0.2008 -0.4940 0.0000 0.0000 1848.3425 0.0572 
12.3646 10.0000 257.9107 0.3703 0.2011 -0.4887 0.0000 0.0000 2258.7239 0.0630 
12.3417 10.0000 256.3187 0.3741 0.2027 -0.4941 0.0000 0.0000 2308.7073 0.0657 
12.4024 10.0000 259.6733 0.3750 0.2039 -0.4938 0.0000 0.0000 2401.7076 0.0652 
12.3996 10.0000 259.0566 0.3788 0.2053 -0.5009 0.0000 0.0000 2307.3314 0.0640 
12.3948 7.0000 258.4540 0.3742 0.2036 -0.4938 0.0000 0.0000 2340.2855 0.0639 
12.4419 10.0000 261.9229 0.3803 0.2056 -0.4989 0.0000 0.0000 2376.6680 0.0672 
12.3860 10.0000 258.7658 0.3771 0.2033 -0.5017 0.0000 0.0000 1842.9211 0.0645 
12.4303 10.0000 259.7564 0.3741 0.2030 -0.4973 0.0000 0.0000 2231.4239 0.0589 
12.3545 10.0000 257.3674 0.3760 0.2039 -0.4952 0.0000 0.0000 2440.6419 0.0662 
12.4050 10.0000 259.0938 0.3786 0.2061 -0.4973 0.0000 0.0000 1621.9036 0.0641 
12.3036 10.0000 255.1694 0.3740 0.2034 -0.4907 0.0000 0.0000 2459.9694 0.0647 
12.4006 10.0000 260.3999 0.3785 0.2039 -0.4995 0.0000 0.0000 2395.6703 0.0634 
12.4081 10.0000 259.0463 0.3750 0.2042 -0.4948 0.0000 0.0000 2247.5744 0.0634 
12.3575 10.0000 256.9378 0.3727 0.2016 -0.4962 0.0000 0.0000 2215.5607 0.0612 
12.3734 10.0000 259.0011 0.3766 0.2025 -0.4986 0.0000 0.0000 2274.5815 0.0640 
12.4267 10.0000 259.7245 0.3760 0.2043 -0.4983 0.0000 0.0000 2370.4190 0.0627 
12.4238 10.0000 260.2569 0.3775 0.2036 -0.5017 0.0000 0.0000 2251.0175 0.0620 
12.3590 10.0000 257.4513 0.3740 0.2037 -0.4918 0.0000 0.0000 2323.4545 0.0626 
12.3619 5.0000 257.6318 0.3732 0.2029 -0.4909 0.0000 0.0000 2326.3357 0.0644 
12.2836 10.0000 254.5846 0.3721 0.2013 -0.4907 0.0000 0.0000 1660.6021 0.0612 
12.4101 10.0000 259.6609 0.3752 0.2033 -0.4961 0.0000 0.0000 2421.2325 0.0649 
12.3215 10.0000 255.7664 0.3781 0.2053 -0.4980 0.0000 0.0000 2365.4458 0.0640 
12.4303 7.0000 260.0041 0.3750 0.2028 -0.5011 0.0000 0.0000 2210.9865 0.0625 
12.4333 10.0000 259.9897 0.3724 0.2025 -0.4938 0.0000 0.0000 2180.0683 0.0607 
12.3629 10.0000 258.1702 0.3747 0.2014 -0.4967 0.0000 0.0000 2393.6687 0.0680 
12.3556 10.0000 256.0982 0.3698 0.2009 -0.4927 0.0000 0.0000 1917.3331 0.0583 
12.3841 10.0000 258.5079 0.3756 0.2034 -0.4974 0.0000 0.0000 2223.0019 0.0646 
12.3810 10.0000 258.7798 0.3733 0.2021 -0.4936 0.0000 0.0000 2316.1162 0.0628 
12.4525 10.0000 260.8471 0.3715 0.2018 -0.4928 0.0000 0.0000 2227.0378 0.0619 
12.4029 10.0000 260.0500 0.3761 0.2030 -0.4963 0.0000 0.0000 2343.8120 0.0642 
12.4167 10.0000 260.4717 0.3760 0.2029 -0.4977 0.0000 0.0000 2353.3960 0.0640 
12.4222 10.0000 259.9479 0.3758 0.2033 -0.4982 0.0000 0.0000 2115.7871 0.0652 
12.4016 9.0000 258.8119 0.3766 0.2037 -0.5016 0.0000 0.0000 1907.1720 0.0652 
12.4400 1.0000 260.5389 0.3769 0.2042 -0.5005 0.0000 0.0000 1953.8861 0.0624 
12.3658 10.0000 258.6873 0.3757 0.2030 -0.4950 0.0000 0.0000 1979.8834 0.0621 
12.3493 10.0000 256.9234 0.3726 0.2030 -0.4893 0.0000 0.0000 1479.2042 0.0603 
12.3717 10.0000 257.5716 0.3714 0.2023 -0.4908 0.0000 0.0000 1672.4678 0.0618 
12.3790 10.0000 258.0351 0.3753 0.2043 -0.4937 0.0000 0.0000 1649.9392 0.0629 
12.3644 5.0000 258.4049 0.3759 0.2042 -0.4920 0.0000 0.0000 1559.6530 0.0651 
12.4286 10.0000 259.6757 0.3753 0.2035 -0.4994 0.0000 0.0000 1483.3799 0.0569 
12.4778 4.0000 261.9346 0.3757 0.2030 -0.5038 0.0000 0.0000 1401.2128 0.0569 
