12.5016 10.0000 261.2019 0.3382 0.1801 -0.4971 0.0000 0.0000 10.6892 0.0719 
12.3123 10.0000 254.0893 0.3387 0.1812 -0.4836 0.0000 0.0000 11.7804 0.0689 
12.1848 10.0000 252.4283 0.3566 0.1881 -0.4950 0.0000 0.0000 11.8722 0.0744 
12.2600 10.0000 253.1237 0.3575 0.1866 -0.5134 0.0000 0.0000 11.6639 0.0662 
12.2869 10.0000 257.0728 0.3450 0.1824 -0.4827 0.0000 0.0000 11.9549 0.0662 
12.3896 10.0000 259.3163 0.3593 0.1881 -0.5218 0.0000 0.0000 11.6036 0.0698 
12.1525 10.0000 254.1995 0.3561 0.1858 -0.4912 0.0000 0.0000 11.3046 0.0629 
12.2845 10.0000 253.6640 0.3459 0.1829 -0.4996 0.0000 0.0000 9.4119 0.0522 
12.4141 10.0000 256.0456 0.3505 0.1861 -0.5136 0.0000 0.0000 11.2091 0.0633 
12.4309 5.0000 261.7955 0.3639 0.1927 -0.5142 0.0000 0.0000 11.7892 0.0633 
12.2765 10.0000 254.4392 0.3485 0.1789 -0.5091 0.0000 0.0000 10.4646 0.0722 
12.4424 6.0000 263.0325 0.3501 0.1861 -0.4894 0.0000 0.0000 1.3632 0.0728 
12.5557 10.0000 264.7187 0.3488 0.1852 -0.5040 0.0000 0.0000 1.7514 0.0879 
12.3421 10.0000 258.3283 0.3652 0.1908 -0.5140 0.0000 0.0000 1.7145 0.0791 
12.7685 10.0000 271.0539 0.3480 0.1870 -0.5170 0.0000 0.0000 1.6278 0.0696 
12.4813 10.0000 265.7467 0.3563 0.1858 -0.5095 0.0000 0.0000 1.6661 0.0786 
12.3960 10.0000 255.8744 0.3518 0.1948 -0.4851 0.0000 0.0000 2.1995 0.0791 
12.2704 10.0000 253.8800 0.3518 0.1862 -0.5000 0.0000 0.0000 2.0272 0.0727 
12.1424 10.0000 253.2880 0.3455 0.1812 -0.4791 0.0000 0.0000 1.6727 0.0696 
12.2755 7.0000 252.1411 0.3545 0.1899 -0.5035 0.0000 0.0000 1.6634 0.0666 
11.9912 10.0000 244.7813 0.3476 0.1871 -0.4685 0.0000 0.0000 2.7703 0.0720 
12.3440 10.0000 257.0131 0.3528 0.1848 -0.5082 0.0000 0.0000 2.7269 0.0731 
12.2645 10.0000 254.0067 0.3519 0.1866 -0.4990 0.0000 0.0000 1.2782 0.0602 
12.1963 10.0000 251.6267 0.3479 0.1881 -0.4776 0.0000 0.0000 1.2339 0.0574 
12.4075 9.0000 260.3152 0.3636 0.1923 -0.5066 0.0000 0.0000 1.3223 0.0722 
12.2336 10.0000 255.1160 0.3544 0.1877 -0.4930 0.0000 0.0000 1.7597 0.0675 
12.4248 5.0000 259.0496 0.3524 0.1894 -0.5027 0.0000 0.0000 4.2215 0.0618 
12.3437 9.0000 258.3168 0.3572 0.1891 -0.5039 0.0000 0.0000 4.2636 0.0646 
12.4064 10.0000 259.3979 0.3461 0.1874 -0.4832 0.0000 0.0000 1.6683 0.0752 
12.2643 10.0000 253.1528 0.3518 0.1842 -0.5113 0.0000 0.0000 1.7128 0.0717 
12.3331 6.0000 259.1995 0.3425 0.1826 -0.4786 0.0000 0.0000 1.7593 0.0636 
12.3416 10.0000 255.6477 0.3499 0.1882 -0.4920 0.0000 0.0000 1.6737 0.0688 
12.4277 10.0000 262.4075 0.3480 0.1819 -0.5048 0.0000 0.0000 1.6278 0.0662 
12.3941 4.0000 260.2827 0.3506 0.1858 -0.4947 0.0000 0.0000 1.7502 0.0708 
12.2891 10.0000 254.6248 0.3418 0.1788 -0.5058 0.0000 0.0000 1.2290 0.0674 
12.1757 10.0000 251.7557 0.3496 0.1849 -0.4913 0.0000 0.0000 1.5730 0.0624 
12.4381 10.0000 257.3920 0.3447 0.1887 -0.4885 0.0000 0.0000 1.6739 0.0688 
12.2256 8.0000 254.0181 0.3501 0.1826 -0.5007 0.0000 0.0000 1.6731 0.0692 
12.3685 10.0000 257.0541 0.3564 0.1881 -0.5128 0.0000 0.0000 1.6749 0.0705 
12.3784 9.0000 259.7467 0.3548 0.1906 -0.4908 0.0000 0.0000 1.7579 0.0637 
12.3813 4.0000 259.2851 0.3546 0.1898 -0.4976 0.0000 0.0000 1.6723 0.0697 
12.4627 10.0000 265.7600 0.3511 0.1835 -0.4956 0.0000 0.0000 2.0340 0.0714 
12.2557 5.0000 255.0336 0.3489 0.1837 -0.4942 0.0000 0.0000 1.6749 0.0767 
12.4563 10.0000 261.8051 0.3605 0.1914 -0.5105 0.0000 0.0000 1.7147 0.0665 
12.2067 10.0000 250.3523 0.3482 0.1841 -0.5061 0.0000 0.0000 1.2333 0.0551 
12.2531 10.0000 255.2709 0.3481 0.1880 -0.4755 0.0000 0.0000 1.7573 0.0643 
12.4491 10.0000 259.8403 0.3522 0.1849 -0.5157 0.0000 0.0000 1.2771 0.0730 
12.5499 8.0000 265.0976 0.3513 0.1908 -0.4858 0.0000 0.0000 1.7988 0.0769 
12.6053 9.0000 266.6344 0.3449 0.1856 -0.4935 0.0000 0.0000 1.7165 0.0769 
12.2520 10.0000 255.6443 0.3481 0.1841 -0.4875 0.0000 0.0000 1.7170 0.0630 
12.4360 10.0000 262.0011 0.3413 0.1823 -0.4865 0.0000 0.0000 1.6282 0.0477 
12.2667 10.0000 254.8744 0.3567 0.1893 -0.4989 0.0000 0.0000 1.7578 0.0769 
12.5715 10.0000 266.8688 0.3481 0.1863 -0.4958 0.0000 0.0000 1.7538 0.0708 
12.1779 10.0000 253.8544 0.3457 0.1834 -0.4738 0.0000 0.0000 1.8044 0.0781 
12.2456 10.0000 251.8989 0.3589 0.1921 -0.5053 0.0000 0.0000 1.8000 0.0609 
12.4939 8.0000 262.3219 0.3629 0.1912 -0.5219 0.0000 0.0000 1.2757 0.0708 
12.3384 10.0000 257.0845 0.3555 0.1899 -0.5001 0.0000 0.0000 1.6728 0.0655 
12.4352 10.0000 262.8248 0.3493 0.1869 -0.4863 0.0000 0.0000 1.7164 0.0798 
12.2493 10.0000 255.1088 0.3602 0.1907 -0.4995 0.0000 0.0000 1.3192 0.0615 
12.2501 10.0000 255.5635 0.3546 0.1900 -0.4822 0.0000 0.0000 3.0242 0.0652 
12.4083 10.0000 261.4765 0.3569 0.1885 -0.5049 0.0000 0.0000 3.1122 0.0703 
12.6861 8.0000 269.1632 0.3435 0.1845 -0.5031 0.0000 0.0000 2.8082 0.0714 
12.2352 10.0000 254.5725 0.3575 0.1885 -0.4985 0.0000 0.0000 1.8459 0.0700 
12.4664 10.0000 265.1179 0.3507 0.1866 -0.4845 0.0000 0.0000 1.8886 0.0785 
12.3077 10.0000 257.6603 0.3616 0.1895 -0.5067 0.0000 0.0000 3.9142 0.0727 
12.1147 10.0000 246.6592 0.3552 0.1894 -0.5009 0.0000 0.0000 3.8228 0.0651 
12.3336 10.0000 254.7600 0.3432 0.1857 -0.4863 0.0000 0.0000 1.7169 0.0735 
12.3931 10.0000 257.1955 0.3542 0.1909 -0.5055 0.0000 0.0000 1.7612 0.0695 
12.4011 10.0000 258.8024 0.3510 0.1877 -0.4947 0.0000 0.0000 1.6721 0.0633 
12.2320 3.0000 251.1661 0.3499 0.1858 -0.4934 0.0000 0.0000 1.3177 0.0727 
12.3445 10.0000 257.0251 0.3516 0.1888 -0.4924 0.0000 0.0000 1.3180 0.0659 
12.2373 10.0000 251.8872 0.3488 0.1879 -0.4874 0.0000 0.0000 1.7171 0.0664 
12.4941 10.0000 262.1376 0.3516 0.1869 -0.5035 0.0000 0.0000 1.7507 0.0664 
12.2821 10.0000 255.8976 0.3598 0.1882 -0.5077 0.0000 0.0000 1.8478 0.0767 
12.1184 9.0000 249.6048 0.3555 0.1887 -0.4878 0.0000 0.0000 1.8473 0.0640 
12.4971 10.0000 261.8909 0.3478 0.1827 -0.5104 0.0000 0.0000 1.9801 0.0783 
12.4392 4.0000 260.3227 0.3464 0.1848 -0.4990 0.0000 0.0000 1.9348 0.0704 
12.2333 10.0000 254.9672 0.3620 0.1880 -0.5098 0.0000 0.0000 1.7597 0.0727 
12.3571 10.0000 257.1229 0.3401 0.1838 -0.4817 0.0000 0.0000 1.8028 0.0706 
12.3616 10.0000 256.1576 0.3557 0.1919 -0.4967 0.0000 0.0000 1.7599 0.0590 
12.2981 9.0000 260.3179 0.3484 0.1832 -0.4815 0.0000 0.0000 1.2765 0.0640 
12.3547 10.0000 255.9344 0.3485 0.1868 -0.4961 0.0000 0.0000 1.7570 0.0698 
12.2936 10.0000 256.7032 0.3522 0.1909 -0.4744 0.0000 0.0000 2.8005 0.0817 
12.3803 10.0000 260.3603 0.3516 0.1850 -0.4991 0.0000 0.0000 3.1087 0.0715 
12.4776 10.0000 266.5328 0.3593 0.1900 -0.4930 0.0000 0.0000 1.3630 0.0651 
12.4093 10.0000 260.1549 0.3581 0.1915 -0.5008 0.0000 0.0000 1.8781 0.0717 
12.4547 10.0000 263.4819 0.3631 0.1929 -0.5071 0.0000 0.0000 1.8429 0.0616 
12.3328 10.0000 257.1584 0.3489 0.1836 -0.5008 0.0000 0.0000 1.8478 0.0702 
12.2261 10.0000 253.7536 0.3524 0.1878 -0.4858 0.0000 0.0000 1.8462 0.0760 
12.1840 7.0000 250.3747 0.3508 0.1847 -0.5017 0.0000 0.0000 1.8025 0.0702 
12.4283 10.0000 261.1504 0.3496 0.1825 -0.5079 0.0000 0.0000 1.6736 0.0702 
12.4413 10.0000 261.5533 0.3504 0.1889 -0.4842 0.0000 0.0000 1.8835 0.0702 
12.4285 10.0000 261.9067 0.3542 0.1890 -0.4963 0.0000 0.0000 1.8047 0.0702 
12.2493 10.0000 256.8957 0.3580 0.1891 -0.5001 0.0000 0.0000 1.3202 0.0711 
12.0933 8.0000 249.2515 0.3475 0.1870 -0.4678 0.0000 0.0000 1.8916 0.0702 
12.2845 10.0000 255.1600 0.3546 0.1854 -0.5051 0.0000 0.0000 1.8467 0.0702 
12.3747 6.0000 258.3088 0.3534 0.1856 -0.5100 0.0000 0.0000 1.8028 0.0702 
12.4072 9.0000 261.5571 0.3526 0.1849 -0.5040 0.0000 0.0000 1.8468 0.0702 
12.2091 10.0000 255.1792 0.3512 0.1848 -0.4869 0.0000 0.0000 1.3208 0.0702 
12.2843 10.0000 257.9235 0.3604 0.1893 -0.5044 0.0000 0.0000 1.8075 0.0702 
