12.4251 10.0000 259.2493 0.3587 0.1926 -0.4972 0.0000 0.0000 10.3487 0.0532 
12.4053 10.0000 258.2104 0.3572 0.1905 -0.5038 0.0000 0.0000 10.0465 0.0674 
12.3016 10.0000 254.2496 0.3573 0.1925 -0.4935 0.0000 0.0000 11.3988 0.0730 
12.6552 10.0000 264.5179 0.3542 0.1917 -0.5077 0.0000 0.0000 10.1827 0.0565 
12.2120 10.0000 252.3355 0.3662 0.1986 -0.4910 0.0000 0.0000 11.4869 0.0674 
12.5011 10.0000 263.8864 0.3581 0.1893 -0.5072 0.0000 0.0000 10.7838 0.0657 
12.2768 10.0000 253.4693 0.3563 0.1944 -0.4801 0.0000 0.0000 10.9150 0.0674 
12.4909 9.0000 262.0904 0.3536 0.1889 -0.5009 0.0000 0.0000 11.3545 0.0565 
12.3549 10.0000 256.3219 0.3611 0.1951 -0.4941 0.0000 0.0000 11.3174 0.0674 
12.2019 10.0000 251.5691 0.3637 0.1913 -0.5088 0.0000 0.0000 9.9235 0.0804 
12.2624 10.0000 254.3800 0.3682 0.1967 -0.4960 0.0000 0.0000 11.5332 0.0593 
12.6499 10.0000 266.7973 0.3530 0.1947 -0.4891 0.0000 0.0000 1.6593 0.0690 
12.4965 9.0000 263.6043 0.3676 0.1949 -0.5186 0.0000 0.0000 1.3184 0.0758 
12.5859 10.0000 264.0211 0.3601 0.1901 -0.5261 0.0000 0.0000 1.5836 0.0706 
12.2189 10.0000 252.9616 0.3634 0.1960 -0.4916 0.0000 0.0000 3.5644 0.0734 
12.2285 10.0000 256.1269 0.3678 0.1936 -0.4965 0.0000 0.0000 2.5956 0.0639 
12.4728 9.0000 264.7064 0.3622 0.1905 -0.5002 0.0000 0.0000 1.6275 0.0647 
12.4328 10.0000 260.1784 0.3553 0.1899 -0.5001 0.0000 0.0000 2.1098 0.0623 
12.1616 10.0000 250.5496 0.3601 0.1924 -0.4943 0.0000 0.0000 3.5607 0.0623 
12.4483 9.0000 262.2629 0.3618 0.1953 -0.4934 0.0000 0.0000 3.8235 0.0623 
12.2771 10.0000 250.9488 0.3540 0.1923 -0.4927 0.0000 0.0000 3.6484 0.0612 
12.5096 9.0000 266.0557 0.3674 0.1966 -0.5041 0.0000 0.0000 3.2124 0.0623 
12.2931 10.0000 252.6509 0.3615 0.1992 -0.4903 0.0000 0.0000 1.2745 0.0623 
12.4163 10.0000 262.2971 0.3704 0.1973 -0.5074 0.0000 0.0000 1.6731 0.0659 
12.2661 8.0000 257.2659 0.3568 0.1908 -0.4770 0.0000 0.0000 1.7052 0.0750 
12.4371 10.0000 260.2645 0.3491 0.1882 -0.4884 0.0000 0.0000 1.6274 0.0696 
12.4256 10.0000 261.7200 0.3534 0.1881 -0.4904 0.0000 0.0000 1.6718 0.0658 
12.4107 10.0000 262.7091 0.3539 0.1885 -0.4886 0.0000 0.0000 1.6702 0.0637 
12.4784 10.0000 264.7277 0.3558 0.1871 -0.5019 0.0000 0.0000 3.2111 0.0663 
12.3912 10.0000 260.1651 0.3615 0.2004 -0.4779 0.0000 0.0000 5.4562 0.0663 
12.4131 10.0000 259.9136 0.3665 0.1964 -0.5016 0.0000 0.0000 5.9836 0.0659 
12.4805 10.0000 262.1875 0.3529 0.1908 -0.4891 0.0000 0.0000 5.5832 0.0703 
12.3693 10.0000 254.2653 0.3417 0.1870 -0.4804 0.0000 0.0000 4.6588 0.0617 
12.1984 10.0000 248.9520 0.3541 0.1902 -0.4908 0.0000 0.0000 4.0425 0.0659 
12.3869 10.0000 259.1821 0.3611 0.1918 -0.4986 0.0000 0.0000 1.2738 0.0742 
12.2989 6.0000 256.7275 0.3616 0.1905 -0.5040 0.0000 0.0000 1.7559 0.0711 
12.2997 10.0000 255.5555 0.3599 0.1914 -0.5015 0.0000 0.0000 1.7139 0.0830 
12.1971 9.0000 253.6701 0.3643 0.1922 -0.5015 0.0000 0.0000 1.6274 0.0715 
12.3736 10.0000 257.2160 0.3577 0.1929 -0.4965 0.0000 0.0000 1.6291 0.0605 
12.2912 10.0000 255.9211 0.3558 0.1918 -0.4832 0.0000 0.0000 1.6298 0.0637 
12.1763 9.0000 252.4752 0.3615 0.1930 -0.4889 0.0000 0.0000 2.4117 0.0727 
12.3237 2.0000 255.9005 0.3549 0.1954 -0.4760 0.0000 0.0000 2.7675 0.0687 
12.2301 10.0000 254.8288 0.3673 0.1958 -0.5010 0.0000 0.0000 1.9372 0.0659 
12.3984 10.0000 262.4181 0.3636 0.1921 -0.4990 0.0000 0.0000 1.8500 0.0659 
12.3960 8.0000 259.6421 0.3668 0.1965 -0.5046 0.0000 0.0000 1.7205 0.0518 
12.1539 7.0000 253.1149 0.3685 0.1958 -0.4956 0.0000 0.0000 1.2324 0.0732 
12.1856 10.0000 254.2101 0.3564 0.1858 -0.4975 0.0000 0.0000 1.2342 0.0605 
12.1792 10.0000 251.7453 0.3682 0.1971 -0.4929 0.0000 0.0000 1.7590 0.0696 
12.3907 7.0000 254.7981 0.3596 0.1963 -0.5045 0.0000 0.0000 1.6707 0.0699 
12.3909 10.0000 256.6541 0.3549 0.1944 -0.4905 0.0000 0.0000 1.6716 0.0601 
12.1064 5.0000 249.2912 0.3590 0.1945 -0.4701 0.0000 0.0000 1.7585 0.0692 
12.3203 4.0000 258.0568 0.3615 0.1920 -0.5045 0.0000 0.0000 1.8025 0.0732 
12.2344 9.0000 256.2957 0.3547 0.1847 -0.4916 0.0000 0.0000 1.6724 0.0608 
12.2229 10.0000 252.1264 0.3579 0.1947 -0.4793 0.0000 0.0000 1.2374 0.0570 
12.3333 10.0000 259.2515 0.3579 0.1909 -0.4908 0.0000 0.0000 1.7107 0.0748 
12.4293 10.0000 261.7491 0.3563 0.1925 -0.4923 0.0000 0.0000 2.5102 0.0693 
12.5288 10.0000 263.9544 0.3511 0.1919 -0.4781 0.0000 0.0000 2.4245 0.0736 
12.2816 2.0000 252.2352 0.3476 0.1851 -0.4966 0.0000 0.0000 1.6298 0.0736 
12.2453 10.0000 254.3707 0.3728 0.1981 -0.5063 0.0000 0.0000 1.2708 0.0685 
12.2803 10.0000 254.2619 0.3628 0.1944 -0.5014 0.0000 0.0000 1.6728 0.0611 
12.5824 10.0000 266.4133 0.3530 0.1914 -0.4924 0.0000 0.0000 1.2718 0.0611 
12.2819 8.0000 257.7560 0.3615 0.1872 -0.5069 0.0000 0.0000 1.6727 0.0722 
12.6037 10.0000 268.2267 0.3613 0.1960 -0.4967 0.0000 0.0000 1.3181 0.0806 
12.3293 10.0000 255.3181 0.3548 0.1940 -0.4838 0.0000 0.0000 1.7130 0.0730 
12.3040 10.0000 258.7339 0.3674 0.1945 -0.4941 0.0000 0.0000 1.7572 0.0759 
12.2248 10.0000 254.3085 0.3648 0.1932 -0.5022 0.0000 0.0000 1.7175 0.0646 
12.0973 10.0000 248.6888 0.3603 0.1917 -0.4869 0.0000 0.0000 1.7621 0.0670 
12.4477 9.0000 259.9429 0.3651 0.1975 -0.5041 0.0000 0.0000 2.6837 0.0682 
12.0925 10.0000 249.0795 0.3695 0.1985 -0.4892 0.0000 0.0000 2.6850 0.0719 
12.5267 8.0000 266.2624 0.3651 0.1932 -0.5110 0.0000 0.0000 1.2765 0.0770 
12.4029 5.0000 258.5139 0.3609 0.1920 -0.5115 0.0000 0.0000 1.3193 0.0719 
12.5523 10.0000 264.4837 0.3628 0.1936 -0.5140 0.0000 0.0000 1.8899 0.0801 
12.1688 10.0000 253.0117 0.3612 0.1885 -0.5019 0.0000 0.0000 1.8476 0.0801 
12.2792 10.0000 256.4291 0.3654 0.1985 -0.4906 0.0000 0.0000 1.8035 0.0556 
12.2565 10.0000 253.8259 0.3739 0.1999 -0.5060 0.0000 0.0000 1.8876 0.0636 
12.0987 7.0000 249.7280 0.3678 0.1954 -0.4943 0.0000 0.0000 1.2776 0.0731 
12.4576 5.0000 260.3611 0.3562 0.1924 -0.4928 0.0000 0.0000 1.8038 0.0687 
12.2867 7.0000 256.5699 0.3608 0.1883 -0.5112 0.0000 0.0000 1.7163 0.0741 
12.2301 10.0000 253.1824 0.3604 0.1918 -0.4945 0.0000 0.0000 1.8055 0.0741 
12.2411 10.0000 251.7685 0.3512 0.1913 -0.4806 0.0000 0.0000 1.8023 0.0663 
12.2125 10.0000 254.6629 0.3597 0.1941 -0.4785 0.0000 0.0000 1.7591 0.0738 
12.4901 10.0000 269.0264 0.3689 0.1966 -0.4920 0.0000 0.0000 1.8055 0.0658 
12.2968 10.0000 257.3757 0.3652 0.1946 -0.4978 0.0000 0.0000 1.3228 0.0668 
12.3549 10.0000 259.3728 0.3621 0.1909 -0.5038 0.0000 0.0000 2.2032 0.0779 
12.3635 10.0000 255.1949 0.3416 0.1845 -0.4843 0.0000 0.0000 1.6708 0.0572 
12.3112 10.0000 257.3477 0.3656 0.1953 -0.5008 0.0000 0.0000 1.7509 0.0641 
12.4891 10.0000 263.2320 0.3625 0.1982 -0.4921 0.0000 0.0000 1.8027 0.0666 
12.3109 10.0000 259.1117 0.3677 0.1965 -0.4910 0.0000 0.0000 1.8032 0.0733 
12.2819 10.0000 258.3867 0.3734 0.1930 -0.5191 0.0000 0.0000 1.3195 0.0713 
12.3635 10.0000 258.1845 0.3571 0.1978 -0.4722 0.0000 0.0000 1.8712 0.0641 
12.4283 10.0000 256.7181 0.3626 0.1984 -0.5027 0.0000 0.0000 1.8025 0.0733 
12.2605 10.0000 254.3973 0.3608 0.1913 -0.4972 0.0000 0.0000 1.8023 0.0733 
12.3805 10.0000 261.6181 0.3705 0.1949 -0.5099 0.0000 0.0000 1.8033 0.0733 
12.4845 10.0000 264.2136 0.3657 0.1945 -0.5081 0.0000 0.0000 1.7159 0.0733 
12.1453 1.0000 252.5320 0.3658 0.1940 -0.4912 0.0000 0.0000 1.8456 0.0733 
12.3261 10.0000 255.4483 0.3603 0.1921 -0.5004 0.0000 0.0000 1.7115 0.0733 
12.1211 9.0000 251.8733 0.3662 0.1957 -0.4839 0.0000 0.0000 2.5928 0.0733 
12.2507 6.0000 254.9107 0.3692 0.1956 -0.5070 0.0000 0.0000 2.3746 0.0733 
12.3491 9.0000 255.8139 0.3489 0.1896 -0.4822 0.0000 0.0000 1.3212 0.0733 
12.3749 10.0000 260.6648 0.3683 0.1923 -0.5123 0.0000 0.0000 1.8462 0.0733 
