12.8660 10.0000 287.0840 0.3515 0.1834 -0.5140 3.1823 6.0000 0.7757 0.0875 
12.6600 10.0000 276.1780 0.3559 0.1996 -0.4657 3.2687 8.0000 0.8340 0.0903 
11.7580 10.0000 244.1880 0.3645 0.1978 -0.4481 3.3116 6.0000 0.8306 0.0526 
11.7560 10.0000 240.0480 0.3724 0.1975 -0.4870 3.3224 7.0000 1.0987 0.0802 
12.5600 10.0000 269.7260 0.3591 0.1891 -0.5213 3.2305 6.0000 0.6103 0.0877 
11.8440 10.0000 236.5780 0.3602 0.1984 -0.4992 3.3007 7.0000 0.6152 0.0774 
12.2900 10.0000 259.7620 0.3621 0.1914 -0.4964 3.2178 6.0000 0.2078 0.0498 
11.9060 10.0000 238.5820 0.3642 0.2003 -0.4967 3.2931 6.0000 0.4247 0.0600 
12.4220 10.0000 265.9720 0.3460 0.1886 -0.4807 3.2213 6.0000 0.6073 0.0643 
11.6240 10.0000 231.5480 0.3517 0.1906 -0.4471 3.2784 6.0000 0.5883 0.1015 
12.1140 9.0000 245.2020 0.3504 0.1907 -0.5079 3.2473 6.0000 0.2593 0.0726 
12.5480 10.0000 266.3240 0.3590 0.2015 -0.4994 3.2659 8.0000 0.1337 0.0604 
11.9040 10.0000 242.5000 0.3490 0.1976 -0.4381 3.3173 6.0000 0.4406 0.0754 
11.8780 10.0000 242.5980 0.3703 0.1951 -0.5218 3.2771 7.0000 0.6216 0.1061 
12.4680 6.0000 263.1340 0.3706 0.1998 -0.5204 3.2734 6.0000 0.2527 0.0826 
12.1180 2.0000 259.0980 0.3584 0.1943 -0.4586 3.2286 6.0000 0.2243 0.0917 
12.4240 10.0000 268.5660 0.3590 0.1888 -0.4981 3.2210 6.0000 0.3032 0.0726 
11.8000 10.0000 237.9620 0.3544 0.1956 -0.4652 3.3217 7.0000 0.3081 0.0887 
11.6080 8.0000 238.0740 0.3404 0.1813 -0.4411 3.2487 6.0000 0.5185 0.0771 
12.0060 3.0000 239.5880 0.3564 0.2001 -0.4763 3.2679 6.0000 0.4330 0.0460 
12.9840 8.0000 273.4280 0.3380 0.1925 -0.4950 3.1952 6.0000 0.2625 0.0980 
12.1740 6.0000 253.9100 0.3755 0.1958 -0.5277 3.2547 6.0000 0.1328 0.0727 
12.7680 11.0000 266.5180 0.3428 0.1982 -0.4914 3.2455 6.0000 0.1328 0.0832 
12.1380 10.0000 252.9740 0.3585 0.1958 -0.4836 3.2561 7.0000 0.2167 0.0771 
12.2560 9.0000 257.2720 0.3492 0.1871 -0.5021 3.2387 7.0000 0.1340 0.0722 
12.3960 10.0000 262.7180 0.3491 0.1877 -0.4932 3.2066 6.0000 0.2166 0.0724 
11.7160 9.0000 241.1260 0.3575 0.1914 -0.4722 3.2805 6.0000 0.2642 0.0707 
11.8240 10.0000 228.9580 0.3433 0.2029 -0.4522 3.3346 6.0000 0.1774 0.0583 
11.8000 10.0000 242.5440 0.3572 0.1861 -0.4837 3.2690 6.0000 0.2209 0.1030 
12.4760 9.0000 262.5900 0.3513 0.1909 -0.5018 3.2212 6.0000 0.1761 0.0890 
12.1580 11.0000 245.1140 0.3540 0.1999 -0.4915 3.2978 6.0000 1.0302 0.0757 
11.5780 9.0000 236.0960 0.3744 0.2031 -0.4766 3.3599 7.0000 0.6860 0.0787 
11.9840 10.0000 254.8880 0.3640 0.1930 -0.4779 3.2689 6.0000 0.4411 0.0816 
12.7420 10.0000 277.1620 0.3690 0.1976 -0.5411 3.2304 6.0000 0.2616 0.0687 
12.4820 10.0000 264.8160 0.3452 0.1930 -0.4776 3.2277 6.0000 0.3508 0.0678 
11.9600 10.0000 243.1580 0.3491 0.1922 -0.4743 3.2813 6.0000 0.4389 0.0751 
11.1180 9.0000 221.0340 0.3590 0.1867 -0.4511 3.3021 6.0000 0.6094 0.1063 
12.1480 9.0000 258.6220 0.3666 0.1930 -0.4974 3.2592 6.0000 0.6184 0.1047 
11.9880 10.0000 254.0180 0.3546 0.1893 -0.4483 3.2515 6.0000 0.4851 0.0617 
11.6780 7.0000 227.6360 0.3651 0.1988 -0.5119 3.3182 6.0000 0.4347 0.1308 
12.6080 10.0000 273.5500 0.3560 0.1966 -0.4831 3.2310 6.0000 0.1195 0.0980 
12.1200 10.0000 239.7480 0.3491 0.1927 -0.5197 3.2656 6.0000 0.2796 0.0889 
11.7240 10.0000 237.4240 0.3523 0.1920 -0.4629 3.2948 7.0000 0.1473 0.0687 
12.6160 8.0000 265.7140 0.3581 0.1960 -0.5220 3.2243 6.0000 0.1108 0.0951 
12.5560 10.0000 266.2060 0.3436 0.1951 -0.4865 3.2415 7.0000 0.1111 0.0621 
11.9520 10.0000 248.9100 0.3515 0.1861 -0.4845 3.2504 6.0000 0.1271 0.0646 
12.2300 10.0000 254.2300 0.3693 0.1994 -0.5019 3.2613 6.0000 0.8268 0.0875 
11.8100 10.0000 239.6560 0.3736 0.2045 -0.4776 3.3340 7.0000 0.8794 0.0796 
11.3960 10.0000 220.0060 0.3492 0.1944 -0.4502 3.3305 7.0000 0.1298 0.1001 
12.6460 4.0000 271.6560 0.3702 0.2011 -0.5081 3.2282 6.0000 0.3874 0.1167 
12.2720 10.0000 244.2780 0.3423 0.1923 -0.5004 3.2505 6.0000 0.0897 0.0702 
11.9680 10.0000 251.7300 0.3610 0.1982 -0.4501 3.2939 6.0000 0.6365 0.0802 
12.3400 10.0000 258.7680 0.3714 0.2007 -0.5223 3.2672 6.0000 0.4259 0.0650 
12.4040 10.0000 263.9160 0.3556 0.1894 -0.5055 3.2208 6.0000 0.1301 0.0877 
12.3740 10.0000 257.8920 0.3627 0.1944 -0.5236 3.2558 6.0000 0.3973 0.0663 
12.0260 10.0000 241.4300 0.3366 0.1931 -0.4708 3.2794 6.0000 0.1282 0.0704 
12.7140 11.0000 267.9800 0.3687 0.2029 -0.5136 3.2214 6.0000 0.7571 0.0814 
12.1420 10.0000 254.1480 0.3530 0.1967 -0.4455 3.2463 6.0000 0.6611 0.0643 
11.7960 10.0000 232.7620 0.3512 0.1961 -0.4787 3.3176 6.0000 0.5063 0.0807 
11.9180 10.0000 246.3760 0.3516 0.1832 -0.5046 3.2221 6.0000 0.2554 0.0666 
12.2200 11.0000 239.9820 0.3294 0.1934 -0.4754 3.2606 6.0000 0.1701 0.0611 
12.0400 10.0000 253.4800 0.3627 0.1947 -0.4641 3.2487 7.0000 0.4810 0.0696 
11.6620 10.0000 231.8180 0.3682 0.1969 -0.5085 3.3281 6.0000 0.1652 0.0754 
11.8860 10.0000 240.3780 0.3406 0.1931 -0.4468 3.2833 7.0000 0.4453 0.1061 
12.3100 10.0000 253.3460 0.3628 0.1961 -0.5319 3.2741 7.0000 0.3081 0.0800 
12.8140 11.0000 278.6480 0.3553 0.1917 -0.4902 3.2035 6.0000 0.2189 0.0649 
12.3680 10.0000 263.8240 0.3436 0.1879 -0.4752 3.2142 6.0000 0.1303 0.0917 
12.5980 10.0000 269.3220 0.3538 0.1930 -0.4962 3.2036 6.0000 0.2641 0.0928 
12.2380 9.0000 257.1440 0.3766 0.2004 -0.5176 3.2593 6.0000 0.4808 0.0792 
12.1360 10.0000 255.7420 0.3640 0.1906 -0.5066 3.2464 7.0000 0.5245 0.0957 
11.8340 10.0000 237.2500 0.3595 0.1893 -0.5116 3.2823 6.0000 0.2204 0.1091 
12.0500 10.0000 249.0160 0.3687 0.1980 -0.5157 3.2978 7.0000 0.2129 0.1063 
11.8060 10.0000 233.4260 0.3481 0.1930 -0.4783 3.2908 6.0000 0.3056 0.0845 
11.8280 5.0000 231.3880 0.3424 0.1908 -0.4840 3.2859 7.0000 0.2173 0.0633 
11.9000 7.0000 244.9380 0.3582 0.1877 -0.4879 3.2816 6.0000 0.3052 0.0502 
12.3200 11.0000 255.8420 0.3594 0.2049 -0.4684 3.2744 7.0000 0.2181 0.0389 
12.8900 11.0000 283.9260 0.3686 0.1981 -0.5296 3.2405 6.0000 0.4347 0.0837 
12.5500 2.0000 260.7060 0.3595 0.1973 -0.5170 3.2285 6.0000 0.2177 0.0525 
12.2300 8.0000 255.9580 0.3541 0.1867 -0.5129 3.2328 6.0000 0.2110 0.0454 
12.1680 10.0000 252.3780 0.3648 0.2042 -0.4738 3.2883 6.0000 0.2635 0.0785 
11.8440 10.0000 241.3140 0.3574 0.1973 -0.4772 3.2985 6.0000 0.2159 0.0809 
12.1480 9.0000 249.5220 0.3515 0.1915 -0.4894 3.2521 6.0000 0.5726 0.0757 
12.0980 10.0000 246.3020 0.3648 0.1898 -0.5340 3.2587 6.0000 0.6388 0.0868 
11.5560 9.0000 225.6000 0.3560 0.1936 -0.4929 3.3068 6.0000 0.5266 0.0704 
11.9280 9.0000 244.7980 0.3783 0.1962 -0.5280 3.2805 6.0000 0.1754 0.0578 
11.5660 10.0000 231.0940 0.3708 0.1946 -0.4961 3.3281 6.0000 0.1772 0.0791 
11.6600 8.0000 238.9140 0.3544 0.1852 -0.4792 3.2670 6.0000 0.3950 0.0751 
12.4240 10.0000 260.1140 0.3654 0.2073 -0.4834 3.2774 6.0000 0.5210 0.1063 
11.6500 9.0000 233.7460 0.3596 0.1974 -0.4775 3.3173 6.0000 0.4903 0.1047 
12.3360 10.0000 257.7380 0.3839 0.2032 -0.5607 3.2726 6.0000 0.3522 0.0732 
11.8480 7.0000 250.7720 0.3682 0.1918 -0.4761 3.2667 6.0000 0.4473 0.1308 
11.9060 6.0000 243.4060 0.3773 0.2005 -0.5138 3.3260 7.0000 0.1590 0.0479 
12.3060 11.0000 266.2700 0.3665 0.1942 -0.4798 3.2328 6.0000 0.9031 0.0875 
12.8320 7.0000 274.2340 0.3448 0.1923 -0.5100 3.2088 6.0000 0.8328 0.0903 
11.9580 10.0000 237.1040 0.3461 0.1955 -0.4851 3.2905 6.0000 0.7883 0.0526 
11.6000 6.0000 227.0000 0.3443 0.2004 -0.4334 3.3103 6.0000 1.0311 0.0802 
12.4980 9.0000 269.4180 0.3603 0.1975 -0.4936 3.2342 7.0000 0.6448 0.0968 
12.0060 10.0000 243.3160 0.3490 0.1981 -0.4591 3.3034 6.0000 0.4399 0.0547 
12.0960 6.0000 239.0660 0.3521 0.2037 -0.4870 3.3057 7.0000 0.1725 0.0498 
12.6220 10.0000 275.5160 0.3633 0.1937 -0.5025 3.2067 6.0000 0.6112 0.0814 
12.2660 10.0000 251.7000 0.3387 0.1917 -0.4631 3.2437 6.0000 0.6113 0.0643 
11.7860 10.0000 234.5980 0.3617 0.1930 -0.5128 3.2988 6.0000 0.3829 0.0578 
12.5140 7.0000 257.8260 0.3422 0.1940 -0.4913 3.2314 6.0000 0.2624 0.0666 
11.8000 10.0000 239.5160 0.3627 0.1976 -0.4843 3.3094 6.0000 0.2154 0.0604 
12.1440 10.0000 254.9560 0.3639 0.1936 -0.4928 3.2602 6.0000 0.5209 0.0918 
12.3380 8.0000 262.5200 0.3707 0.1987 -0.5017 3.2680 6.0000 0.5289 0.1061 
11.8220 10.0000 251.0700 0.3791 0.1961 -0.4907 3.2940 7.0000 0.3960 0.0826 
11.8240 10.0000 234.2900 0.3333 0.1899 -0.4437 3.2653 7.0000 0.2654 0.0917 
12.2200 10.0000 258.5660 0.3487 0.1928 -0.4504 3.2472 6.0000 0.3101 0.1051 
11.8820 8.0000 249.7320 0.3740 0.1985 -0.4835 3.3093 7.0000 0.3943 0.0887 
12.2700 10.0000 248.5360 0.3594 0.2026 -0.4959 3.2794 6.0000 0.5255 0.0957 
11.8800 10.0000 244.6920 0.3587 0.1964 -0.4684 3.2941 7.0000 0.4850 0.0460 
11.7620 10.0000 244.7900 0.3568 0.1963 -0.4312 3.2814 6.0000 0.4803 0.0972 
12.2880 10.0000 252.5140 0.3393 0.1969 -0.4741 3.2554 6.0000 0.1356 0.0595 
12.3540 10.0000 265.4340 0.3607 0.1931 -0.4932 3.2060 6.0000 0.1325 0.0928 
12.6100 10.0000 272.7400 0.3568 0.1889 -0.5110 3.2150 8.0000 0.1748 0.0896 
12.3940 11.0000 264.2280 0.3617 0.1976 -0.4808 3.2398 6.0000 0.2146 0.0696 
12.0840 10.0000 248.4160 0.3528 0.1990 -0.4634 3.2653 6.0000 0.2623 0.0837 
11.4260 8.0000 221.4820 0.3407 0.1951 -0.4421 3.3249 7.0000 0.2170 0.0968 
12.0480 10.0000 252.4480 0.3515 0.1891 -0.4793 3.2538 6.0000 0.2147 0.0454 
12.5020 5.0000 268.0800 0.3870 0.1977 -0.5565 3.2349 6.0000 0.2595 0.0748 
11.9940 10.0000 247.8560 0.3587 0.1908 -0.5004 3.2731 6.0000 0.2200 0.0809 
12.1000 10.0000 239.2060 0.3593 0.1988 -0.5248 3.2977 6.0000 0.5739 0.0757 
11.7120 9.0000 230.5780 0.3591 0.1949 -0.4825 3.3061 6.0000 0.6438 0.0886 
11.5240 10.0000 228.5120 0.3358 0.1917 -0.4211 3.3466 7.0000 0.5671 0.0704 
12.2700 10.0000 253.0800 0.3387 0.1917 -0.4468 3.2488 7.0000 0.3574 0.0927 
12.8780 10.0000 281.4520 0.3515 0.1935 -0.5140 3.2131 6.0000 0.3078 0.0599 
12.4940 10.0000 262.0040 0.3451 0.1926 -0.4852 3.2436 6.0000 0.1311 0.0626 
12.3660 10.0000 254.4720 0.3531 0.2015 -0.4838 3.2583 6.0000 0.4353 0.1063 
11.4960 10.0000 229.4760 0.3774 0.1963 -0.5074 3.3196 7.0000 0.5273 0.1047 
12.2560 10.0000 251.3700 0.3444 0.1878 -0.5047 3.2640 6.0000 0.3484 0.0732 
12.7500 8.0000 271.7640 0.3504 0.1947 -0.5091 3.2090 6.0000 0.2615 0.0760 
11.3540 10.0000 222.9600 0.3691 0.2005 -0.4702 3.3523 7.0000 0.1592 0.0980 
11.9180 10.0000 244.0640 0.3366 0.1916 -0.4472 3.2785 6.0000 0.2793 0.0691 
12.2340 9.0000 254.5140 0.3691 0.1966 -0.5244 3.2719 6.0000 0.1803 0.0730 
12.1020 10.0000 248.9520 0.3515 0.1873 -0.5065 3.2380 6.0000 0.2483 0.0689 
11.7800 9.0000 238.4380 0.3559 0.1888 -0.4955 3.2721 6.0000 0.1054 0.0693 
12.5920 10.0000 264.6260 0.3562 0.1974 -0.5007 3.2297 6.0000 0.2527 0.0646 
12.6920 6.0000 271.1740 0.3531 0.1871 -0.5356 3.2031 6.0000 0.8600 0.0875 
12.1780 10.0000 251.7820 0.3402 0.1894 -0.4508 3.2655 6.0000 0.9155 0.0903 
11.5060 9.0000 227.1420 0.3688 0.1930 -0.4880 3.3020 6.0000 0.8221 0.0526 
12.7840 10.0000 279.6540 0.3673 0.1962 -0.5224 3.2182 6.0000 0.9010 0.0802 
12.2500 10.0000 262.8240 0.3624 0.1964 -0.4833 3.2717 6.0000 0.6059 0.0968 
12.4440 10.0000 264.5740 0.3577 0.1947 -0.4989 3.2253 6.0000 0.1388 0.0696 
12.7440 9.0000 272.6700 0.3680 0.1954 -0.5522 3.2242 6.0000 0.1329 0.0498 
12.6500 6.0000 264.1860 0.3453 0.1948 -0.5023 3.2302 6.0000 0.6128 0.0814 
12.6860 10.0000 272.9020 0.3487 0.1906 -0.5063 3.1827 6.0000 0.3514 0.0736 
12.3220 11.0000 254.2980 0.3494 0.1955 -0.4937 3.2535 6.0000 0.2624 0.0672 
12.1820 10.0000 249.1840 0.3514 0.1899 -0.5068 3.2224 6.0000 0.2152 0.0655 
12.4560 8.0000 260.2560 0.3459 0.2008 -0.4505 3.2566 6.0000 0.5121 0.0652 
11.9260 10.0000 244.1160 0.3662 0.1973 -0.4995 3.2877 6.0000 0.6153 0.0760 
11.7060 9.0000 232.0040 0.3550 0.1878 -0.5242 3.2922 6.0000 0.4419 0.1061 
12.6460 10.0000 264.1600 0.3663 0.2054 -0.5082 3.2546 6.0000 0.3494 0.0485 
12.8060 10.0000 273.2040 0.3524 0.2053 -0.4623 3.2212 6.0000 0.1767 0.0956 
12.0720 9.0000 252.4860 0.3703 0.2029 -0.4974 3.3091 6.0000 0.2214 0.0928 
12.8600 10.0000 276.3940 0.3625 0.2013 -0.5252 3.2388 6.0000 0.4440 0.0792 
12.3780 11.0000 257.3780 0.3554 0.1908 -0.5099 3.2395 6.0000 0.4454 0.0865 
11.7340 5.0000 235.9740 0.3718 0.1931 -0.5227 3.2935 7.0000 0.1652 0.0713 
12.1340 10.0000 249.6720 0.3557 0.1883 -0.5147 3.2324 7.0000 0.1743 0.0841 
12.3360 11.0000 252.4000 0.3828 0.2119 -0.5269 3.3143 6.0000 0.5259 0.0710 
11.5140 10.0000 223.7520 0.3424 0.1921 -0.4617 3.3254 7.0000 0.2616 0.1114 
12.0980 10.0000 255.4140 0.3778 0.1996 -0.5096 3.2778 6.0000 0.2619 0.0737 
11.6600 10.0000 237.6740 0.3636 0.1894 -0.4893 3.3077 7.0000 0.2633 0.0389 
11.7600 10.0000 236.0800 0.3675 0.1975 -0.5123 3.3066 6.0000 0.2182 0.0497 
12.3980 10.0000 270.1760 0.3582 0.1969 -0.4490 3.2198 6.0000 0.3924 0.0740 
12.3140 10.0000 248.5220 0.3308 0.1897 -0.4792 3.2592 7.0000 0.2057 0.0624 
12.4640 10.0000 258.4960 0.3387 0.1882 -0.4831 3.2279 6.0000 0.1325 0.1286 
12.1180 10.0000 249.9520 0.3484 0.1933 -0.4662 3.2496 6.0000 0.3121 0.0809 
11.3760 9.0000 229.8780 0.3891 0.2025 -0.4948 3.3529 6.0000 0.7047 0.0757 
12.0160 10.0000 255.2740 0.3712 0.1906 -0.5014 3.2470 6.0000 0.6791 0.0886 
11.8060 10.0000 243.6360 0.3560 0.1896 -0.4627 3.2665 6.0000 0.5699 0.0992 
12.2480 10.0000 262.2320 0.3853 0.1957 -0.5319 3.2429 6.0000 0.6134 0.0927 
12.4440 9.0000 267.0360 0.3738 0.2004 -0.5113 3.2584 6.0000 0.5291 0.0894 
12.8480 11.0000 286.8020 0.3705 0.2009 -0.4845 3.2103 6.0000 0.3968 0.1054 
12.4840 10.0000 269.6700 0.3745 0.2052 -0.4976 3.2675 6.0000 0.3056 0.0493 
12.2240 10.0000 260.9400 0.3622 0.1934 -0.5026 3.2540 6.0000 0.3943 0.0732 
12.7660 11.0000 277.3900 0.3583 0.1892 -0.5203 3.2102 6.0000 0.3983 0.0731 
12.3240 10.0000 258.1860 0.3622 0.2003 -0.4981 3.2664 6.0000 0.3197 0.0980 
12.4740 10.0000 261.5640 0.3629 0.2019 -0.5166 3.2895 6.0000 0.3607 0.0691 
12.3800 10.0000 261.7220 0.3544 0.2066 -0.4463 3.2721 6.0000 0.1803 0.0730 
12.0320 7.0000 240.6100 0.3249 0.1841 -0.4545 3.2443 7.0000 0.2431 0.0689 
11.9400 5.0000 241.8240 0.3696 0.2030 -0.4842 3.3244 7.0000 0.0763 0.0585 
11.5480 9.0000 235.7520 0.3629 0.1831 -0.4862 3.2773 6.0000 0.2560 0.0646 
11.5020 10.0000 225.1340 0.3749 0.2047 -0.4878 3.3247 6.0000 0.1167 0.1155 
12.7760 10.0000 270.1760 0.3398 0.1873 -0.5135 3.2039 6.0000 0.8648 0.0875 
12.1280 10.0000 252.6640 0.3547 0.1886 -0.4910 3.2231 6.0000 0.8372 0.0903 
12.4480 10.0000 260.7700 0.3144 0.1797 -0.4444 3.2105 6.0000 0.6987 0.0526 
12.5860 10.0000 271.5360 0.3730 0.2007 -0.5205 3.2298 6.0000 0.1927 0.1076 
12.0460 4.0000 250.9840 0.3669 0.1980 -0.4990 3.2647 6.0000 0.4295 0.0676 
12.1320 10.0000 253.4260 0.3433 0.1827 -0.4901 3.2380 6.0000 0.4688 0.0877 
12.0140 10.0000 238.1180 0.3437 0.1933 -0.4801 3.2903 6.0000 0.6156 0.0908 
11.9620 4.0000 238.2600 0.3385 0.1904 -0.4714 3.2623 8.0000 0.2483 0.0868 
12.1200 4.0000 247.4320 0.3443 0.1857 -0.4916 3.2471 6.0000 0.4124 0.0947 
11.8460 10.0000 231.5900 0.3491 0.1947 -0.4843 3.3220 7.0000 0.4839 0.0781 
11.6600 10.0000 241.4400 0.3658 0.1884 -0.4891 3.2879 6.0000 0.4761 0.0727 
12.1180 9.0000 250.6700 0.3541 0.1883 -0.5030 3.2594 7.0000 0.5135 0.0611 
12.0780 10.0000 241.6280 0.3572 0.1933 -0.5075 3.2621 6.0000 0.1737 0.0536 
12.6660 11.0000 268.8580 0.3611 0.1980 -0.5232 3.2691 6.0000 0.1281 0.0627 
12.4500 3.0000 271.5560 0.3793 0.2008 -0.5099 3.2573 6.0000 0.4364 0.0746 
11.8600 10.0000 233.7560 0.3586 0.1989 -0.5037 3.2957 6.0000 0.6852 0.0820 
11.8900 8.0000 243.4860 0.3435 0.1903 -0.4568 3.2695 6.0000 0.3976 0.0928 
12.4240 4.0000 262.5020 0.3536 0.2015 -0.4663 3.2642 6.0000 0.4861 0.0764 
12.0120 10.0000 254.8820 0.3750 0.2048 -0.4693 3.3044 6.0000 0.1741 0.0726 
12.4300 5.0000 268.5900 0.3548 0.1922 -0.4797 3.2147 6.0000 0.1753 0.0662 
12.1680 8.0000 244.8940 0.3577 0.1992 -0.5094 3.2905 9.0000 0.4357 0.0460 
12.8780 10.0000 278.7440 0.3442 0.1944 -0.4955 3.2054 6.0000 0.3975 0.0972 
12.4660 10.0000 266.4120 0.3747 0.1975 -0.5304 3.2509 6.0000 0.1782 0.0814 
11.6300 10.0000 224.7680 0.3424 0.1924 -0.4641 3.3184 7.0000 0.2179 0.0795 
11.7900 10.0000 238.5580 0.3704 0.2031 -0.4990 3.3084 6.0000 0.1781 0.0722 
12.2700 9.0000 260.5080 0.3641 0.1979 -0.4999 3.3040 7.0000 0.2202 0.0724 
12.3020 10.0000 260.5440 0.3549 0.2021 -0.4525 3.2687 6.0000 0.1787 0.0707 
12.0160 10.0000 245.4580 0.3741 0.2065 -0.5061 3.3325 7.0000 0.1760 0.0583 
11.7300 10.0000 233.6960 0.3611 0.2005 -0.4845 3.3401 6.0000 0.1760 0.1030 
11.9740 10.0000 248.3520 0.3673 0.2037 -0.4595 3.2928 6.0000 0.1354 0.0816 
11.8260 10.0000 241.1680 0.3666 0.1967 -0.4772 3.3128 6.0000 0.1317 0.0809 
11.8180 10.0000 236.3920 0.3480 0.1969 -0.4395 3.2779 6.0000 0.6590 0.0757 
13.0280 11.0000 289.0720 0.3520 0.1908 -0.5075 3.1765 6.0000 0.7250 0.0886 
12.1140 10.0000 259.6200 0.3969 0.2089 -0.5098 3.3112 6.0000 0.5711 0.0992 
11.9320 10.0000 246.6180 0.3746 0.1975 -0.4965 3.2882 6.0000 0.5676 0.0927 
12.2060 10.0000 252.9000 0.3562 0.1982 -0.4797 3.2820 7.0000 0.4834 0.0894 
12.3900 9.0000 261.2520 0.3546 0.1975 -0.4864 3.2541 6.0000 0.1734 0.1001 
11.6080 7.0000 233.1680 0.3765 0.1969 -0.5138 3.3170 6.0000 0.2201 0.1063 
12.7020 10.0000 277.7040 0.3494 0.1911 -0.4892 3.1995 6.0000 0.3951 0.0493 
11.6220 10.0000 231.8460 0.3850 0.1960 -0.5625 3.3175 6.0000 0.2222 0.1080 
11.7920 5.0000 239.4380 0.3427 0.1916 -0.4314 3.2607 7.0000 0.2622 0.0732 
11.5800 10.0000 232.1500 0.3601 0.1954 -0.4553 3.3436 8.0000 0.4369 0.0760 
11.8160 10.0000 235.0520 0.3423 0.1860 -0.4834 3.2792 6.0000 0.1184 0.0652 
11.5020 10.0000 228.4180 0.3660 0.2012 -0.4631 3.3635 7.0000 0.1198 0.0714 
11.7500 10.0000 234.4540 0.3537 0.1978 -0.4566 3.3212 7.0000 0.1810 0.0687 
12.2400 10.0000 252.0440 0.3513 0.1927 -0.4921 3.2413 7.0000 0.1822 0.0884 
12.0820 10.0000 249.1560 0.3512 0.1906 -0.4760 3.2434 6.0000 0.8721 0.0875 
11.6380 10.0000 229.9220 0.3514 0.1912 -0.4678 3.3099 7.0000 0.9132 0.0903 
12.7840 8.0000 285.7840 0.3856 0.2017 -0.5400 3.2376 6.0000 0.8239 0.0526 
12.2760 10.0000 251.0640 0.3577 0.1977 -0.5097 3.2798 6.0000 0.9390 0.0802 
11.9240 10.0000 239.0920 0.3485 0.1922 -0.4814 3.2838 6.0000 0.6462 0.0968 
12.3820 3.0000 261.5080 0.3606 0.2005 -0.4807 3.2667 7.0000 0.6115 0.0774 
12.0760 10.0000 246.8280 0.3640 0.1967 -0.4998 3.2870 7.0000 0.1739 0.0498 
12.0000 9.0000 247.4460 0.3373 0.1859 -0.4627 3.2608 6.0000 0.5294 0.0814 
12.0620 9.0000 252.3880 0.3714 0.2019 -0.4794 3.2953 6.0000 0.7484 0.0643 
11.8040 10.0000 239.8920 0.3509 0.1945 -0.4682 3.2991 7.0000 0.4671 0.0578 
12.3320 10.0000 266.9180 0.3691 0.1929 -0.5096 3.2323 6.0000 0.2484 0.0749 
12.2140 6.0000 250.8860 0.3605 0.2019 -0.4787 3.2814 7.0000 0.3443 0.0611 
11.4500 10.0000 218.7040 0.3475 0.1898 -0.4715 3.3082 7.0000 0.6484 0.0760 
12.4820 9.0000 263.3800 0.3586 0.1963 -0.4955 3.2334 6.0000 0.2653 0.0731 
11.6780 5.0000 235.4100 0.3670 0.1908 -0.4983 3.2776 6.0000 0.1674 0.0800 
11.7640 10.0000 235.4560 0.3485 0.1945 -0.4527 3.2885 6.0000 0.5077 0.0820 
12.4620 9.0000 265.0020 0.3488 0.1922 -0.4872 3.2453 7.0000 0.4020 0.0928 
12.0680 11.0000 245.8360 0.3661 0.2080 -0.4659 3.3181 7.0000 0.3493 0.0764 
12.2780 9.0000 250.4800 0.3572 0.1936 -0.5333 3.2537 6.0000 0.1348 0.0687 
12.1020 10.0000 245.9580 0.3545 0.1940 -0.4954 3.2712 6.0000 0.1338 0.0662 
12.0260 10.0000 246.8840 0.3444 0.1881 -0.4653 3.2588 7.0000 0.3500 0.1091 
12.8260 10.0000 271.0800 0.3606 0.2033 -0.5284 3.2486 6.0000 0.1348 0.0841 
12.4460 10.0000 264.2520 0.3600 0.1919 -0.5180 3.2549 6.0000 0.4391 0.1001 
11.8760 10.0000 237.7960 0.3538 0.1971 -0.4860 3.3031 6.0000 0.2249 0.0814 
12.1640 10.0000 247.5660 0.3771 0.2037 -0.5512 3.3099 6.0000 0.1345 0.0872 
12.0840 10.0000 247.6400 0.3424 0.1891 -0.4597 3.2490 6.0000 0.1330 0.0896 
12.0060 10.0000 243.7520 0.3427 0.1956 -0.4432 3.2819 6.0000 0.1753 0.0696 
11.4880 10.0000 232.5860 0.3621 0.1993 -0.4361 3.3663 6.0000 0.3511 0.0497 
12.4900 10.0000 271.2700 0.3529 0.1943 -0.4595 3.2317 6.0000 0.3495 0.0580 
12.7100 11.0000 267.1080 0.3536 0.1962 -0.5012 3.2301 6.0000 0.2655 0.0583 
12.4520 10.0000 263.8700 0.3511 0.1984 -0.4622 3.2376 5.0000 0.2169 0.0737 
11.4220 10.0000 230.5600 0.3710 0.1919 -0.4952 3.2957 7.0000 0.2150 0.0748 
11.9240 9.0000 242.9720 0.3731 0.1969 -0.5171 3.3008 6.0000 0.2636 0.0809 
12.1800 9.0000 242.0460 0.3696 0.2185 -0.4837 3.3217 7.0000 0.5430 0.0863 
12.3580 10.0000 263.8960 0.3722 0.1977 -0.5042 3.2273 6.0000 0.0892 0.0757 
12.0720 8.0000 248.9140 0.3423 0.1857 -0.4874 3.2333 6.0000 0.6349 0.0868 
12.5240 10.0000 267.5560 0.3615 0.1979 -0.5043 3.2456 7.0000 0.3542 0.1052 
12.1860 10.0000 253.1520 0.3707 0.1995 -0.5035 3.2899 6.0000 0.2219 0.0992 
12.3640 10.0000 261.6180 0.3458 0.1892 -0.4882 3.2201 6.0000 0.3522 0.0927 
12.0120 10.0000 241.3260 0.3677 0.1969 -0.5333 3.3026 6.0000 0.3530 0.0945 
12.2920 7.0000 254.7020 0.3631 0.1909 -0.5252 3.2301 6.0000 0.1766 0.0709 
12.1520 8.0000 252.4780 0.3431 0.1799 -0.4993 3.2154 6.0000 0.3520 0.1054 
11.8300 8.0000 243.9100 0.3744 0.2043 -0.4696 3.3220 6.0000 0.3073 0.0493 
12.5820 10.0000 266.2340 0.3658 0.1984 -0.5363 3.2251 6.0000 0.3523 0.0646 
12.3620 10.0000 257.0740 0.3574 0.1987 -0.4876 3.2423 6.0000 0.3425 0.0515 
11.7660 10.0000 236.9460 0.3623 0.1969 -0.4768 3.3049 6.0000 0.8682 0.0875 
12.2720 10.0000 254.1940 0.3662 0.1937 -0.5142 3.2515 6.0000 0.8833 0.0903 
11.3760 7.0000 229.2180 0.3637 0.2017 -0.4408 3.3706 7.0000 0.7818 0.0526 
12.1300 10.0000 247.3600 0.3698 0.1970 -0.5410 3.2797 6.0000 0.7939 0.0802 
11.9660 8.0000 249.6440 0.3564 0.1978 -0.4526 3.2877 9.0000 0.4313 0.0769 
12.2820 8.0000 247.3000 0.3542 0.1951 -0.5357 3.2771 6.0000 0.1294 0.0846 
12.1500 9.0000 242.1980 0.3369 0.1910 -0.4894 3.2599 6.0000 0.3090 0.0908 
12.2080 9.0000 258.4780 0.3619 0.1852 -0.5121 3.2110 6.0000 0.9670 0.0814 
12.5620 8.0000 267.5440 0.3705 0.1944 -0.5168 3.1992 6.0000 0.4343 0.0736 
12.1440 10.0000 251.7740 0.3470 0.1923 -0.4634 3.2581 7.0000 0.2622 0.0708 
12.0760 10.0000 257.6540 0.3745 0.1951 -0.4998 3.2496 6.0000 0.2127 0.0655 
12.1840 10.0000 247.3060 0.3562 0.1945 -0.5130 3.2706 6.0000 0.4720 0.0652 
12.2300 9.0000 256.9860 0.3581 0.1856 -0.5294 3.2273 6.0000 0.6126 0.0760 
12.2600 10.0000 255.8700 0.3482 0.1880 -0.4926 3.2242 6.0000 0.5253 0.1061 
12.0280 8.0000 246.8080 0.3721 0.2025 -0.5113 3.2889 6.0000 0.4851 0.0826 
12.0160 10.0000 242.1200 0.3498 0.1924 -0.5067 3.2789 6.0000 0.3053 0.0917 
11.7740 3.0000 234.5380 0.3653 0.1924 -0.5176 3.2732 6.0000 0.3068 0.0633 
11.7780 9.0000 233.2060 0.3428 0.1987 -0.4445 3.3119 6.0000 0.3455 0.0792 
12.1080 10.0000 245.2020 0.3674 0.1998 -0.5261 3.2976 6.0000 0.5275 0.0737 
11.9180 10.0000 243.1700 0.3573 0.2052 -0.4449 3.3219 7.0000 0.1277 0.0788 
12.1880 10.0000 251.6480 0.3564 0.1919 -0.4977 3.2505 7.0000 0.2612 0.0742 
12.3500 9.0000 259.7500 0.3539 0.1928 -0.4948 3.2175 6.0000 0.3971 0.1001 
12.3940 10.0000 261.0640 0.3645 0.1922 -0.5368 3.2286 6.0000 0.2617 0.0758 
11.9020 10.0000 240.7140 0.3481 0.1879 -0.4831 3.2800 6.0000 0.1322 0.0789 
11.9980 10.0000 249.2040 0.3689 0.1858 -0.5239 3.2359 6.0000 0.1729 0.0722 
11.7840 10.0000 241.8120 0.3783 0.2078 -0.4648 3.3580 6.0000 0.2163 0.0724 
12.4800 10.0000 265.1600 0.3727 0.2009 -0.5259 3.2337 6.0000 0.3076 0.0727 
12.4100 5.0000 266.7240 0.3560 0.1947 -0.4830 3.2331 6.0000 0.2672 0.0737 
11.6900 10.0000 235.2480 0.3458 0.1906 -0.4521 3.2995 6.0000 0.2160 0.0516 
12.8840 9.0000 281.5660 0.3483 0.1889 -0.5098 3.1905 6.0000 0.1768 0.0809 
12.1540 10.0000 251.2080 0.3623 0.1943 -0.5014 3.2543 6.0000 0.7445 0.0757 
12.3320 10.0000 259.3500 0.3762 0.2077 -0.5017 3.2793 6.0000 0.5244 0.0787 
11.9020 10.0000 239.1840 0.3429 0.1898 -0.4698 3.2573 6.0000 0.3513 0.1052 
12.4520 10.0000 258.6940 0.3615 0.2001 -0.5265 3.2783 6.0000 0.3099 0.1001 
12.5460 10.0000 266.4100 0.3497 0.1954 -0.4874 3.2311 6.0000 0.3928 0.1085 
11.8920 10.0000 245.9780 0.3720 0.1959 -0.5129 3.2894 6.0000 0.4842 0.0709 
11.8720 10.0000 238.3180 0.3580 0.1904 -0.5151 3.2867 6.0000 0.4807 0.1054 
11.6900 9.0000 236.3800 0.3816 0.2039 -0.4996 3.3425 7.0000 0.1782 0.0493 
11.9600 9.0000 259.2320 0.3676 0.1944 -0.4726 3.2686 7.0000 0.3527 0.1086 
11.8960 5.0000 236.2360 0.3506 0.2011 -0.4677 3.3286 7.0000 0.3949 0.0731 
12.3440 9.0000 253.1380 0.3596 0.2008 -0.4969 3.2776 7.0000 0.3201 0.0979 
12.3100 10.0000 255.9300 0.3433 0.1909 -0.4614 3.2372 6.0000 0.3992 0.0984 
11.8060 10.0000 235.2180 0.3478 0.1985 -0.4474 3.3051 6.0000 0.2880 0.0951 
12.3960 6.0000 255.1020 0.3427 0.1965 -0.4766 3.2663 7.0000 0.2517 0.0585 
12.4380 10.0000 258.2060 0.3522 0.1915 -0.5227 3.2428 6.0000 0.3222 0.1155 
12.4620 10.0000 264.8580 0.3400 0.1896 -0.4653 3.2060 6.0000 0.9040 0.0875 
12.7840 11.0000 271.0660 0.3490 0.1913 -0.5146 3.2319 6.0000 0.8765 0.0903 
12.2700 4.0000 256.1600 0.3564 0.1881 -0.5132 3.2435 6.0000 0.7413 0.0526 
11.8240 10.0000 239.4380 0.3593 0.1892 -0.5046 3.2580 6.0000 0.8580 0.0802 
11.9460 9.0000 238.8800 0.3403 0.1982 -0.4408 3.3023 6.0000 0.4771 0.0556 
12.2720 8.0000 254.9400 0.3574 0.1961 -0.4919 3.2464 6.0000 0.1753 0.0862 
12.8600 10.0000 281.1900 0.3404 0.1881 -0.5000 3.1906 6.0000 0.2164 0.0704 
11.7140 10.0000 234.9420 0.3649 0.2049 -0.4596 3.3362 7.0000 0.9359 0.0814 
12.2380 10.0000 255.4600 0.3658 0.2015 -0.4929 3.2710 6.0000 0.5722 0.0643 
12.3160 10.0000 251.5420 0.3575 0.1990 -0.4969 3.2704 7.0000 0.3762 0.0578 
11.7100 9.0000 239.0100 0.3690 0.1915 -0.4942 3.2952 7.0000 0.3241 0.0783 
12.5420 11.0000 260.8280 0.3472 0.1866 -0.5152 3.2188 6.0000 0.2111 0.0604 
11.8960 10.0000 238.1000 0.3724 0.1997 -0.5304 3.2982 6.0000 0.5657 0.0760 
12.8680 11.0000 276.9380 0.3479 0.1964 -0.4849 3.2133 6.0000 0.5279 0.1061 
12.5780 10.0000 273.4740 0.3577 0.1929 -0.4967 3.2195 6.0000 0.3750 0.0485 
11.7640 10.0000 243.0960 0.3538 0.1929 -0.4527 3.3079 7.0000 0.1761 0.0956 
12.4920 11.0000 270.2280 0.3499 0.1847 -0.4770 3.2047 6.0000 0.3056 0.0928 
12.0860 11.0000 246.3260 0.3680 0.2050 -0.4791 3.3184 7.0000 0.5243 0.0792 
12.0540 10.0000 241.8820 0.3419 0.1916 -0.4813 3.2836 6.0000 0.5235 0.0839 
12.0820 10.0000 252.3620 0.3570 0.1904 -0.5022 3.2476 6.0000 0.1695 0.0784 
11.7960 8.0000 238.4780 0.3721 0.1977 -0.5121 3.2929 6.0000 0.1311 0.0841 
11.9200 6.0000 248.4200 0.3775 0.2048 -0.4780 3.3021 7.0000 0.4803 0.0962 
11.6120 6.0000 231.1420 0.3584 0.1999 -0.4590 3.3279 7.0000 0.2627 0.0633 
11.8440 6.0000 239.0480 0.3560 0.2005 -0.4694 3.3090 6.0000 0.3435 0.0502 
12.2180 10.0000 256.5700 0.3349 0.1850 -0.4592 3.2427 6.0000 0.2198 0.0389 
11.9840 5.0000 242.4040 0.3557 0.1964 -0.4743 3.3057 6.0000 0.3521 0.0497 
12.6000 5.0000 269.5120 0.3645 0.1998 -0.5087 3.2351 6.0000 0.2634 0.0740 
12.4880 11.0000 258.9180 0.3567 0.1986 -0.5037 3.2623 6.0000 0.2074 0.0301 
12.4820 8.0000 258.4940 0.3549 0.2007 -0.4963 3.2664 7.0000 0.2185 0.0748 
12.4020 10.0000 267.9700 0.3360 0.1838 -0.4728 3.2141 6.0000 0.3044 0.0809 
12.6200 11.0000 268.2500 0.3644 0.1947 -0.5280 3.2218 6.0000 0.6193 0.0757 
12.4320 10.0000 267.3160 0.3580 0.1975 -0.4684 3.2327 6.0000 0.6443 0.0868 
11.9500 10.0000 241.4500 0.3657 0.1993 -0.5037 3.3040 6.0000 0.6123 0.0704 
11.7040 10.0000 233.3060 0.3831 0.2071 -0.5151 3.3282 7.0000 0.4425 0.0927 
11.6180 3.0000 239.7180 0.3694 0.1966 -0.4632 3.3229 7.0000 0.4842 0.0612 
12.6400 11.0000 272.1320 0.3668 0.1999 -0.5106 3.2341 6.0000 0.1739 0.0939 
12.1100 9.0000 254.3120 0.3619 0.1913 -0.4792 3.2633 6.0000 0.3528 0.0734 
11.4140 9.0000 228.5740 0.3719 0.1981 -0.4695 3.3439 6.0000 0.4415 0.1047 
11.5920 9.0000 233.0360 0.3667 0.1916 -0.4978 3.3003 7.0000 0.4829 0.0617 
12.9400 11.0000 277.1740 0.3399 0.1944 -0.4908 3.1740 7.0000 0.4795 0.0968 
12.3120 6.0000 266.3140 0.3603 0.1967 -0.4717 3.2493 6.0000 0.2847 0.1026 
12.2220 9.0000 250.5180 0.3530 0.1901 -0.5275 3.2469 6.0000 0.2576 0.0730 
12.0160 10.0000 243.0160 0.3682 0.2042 -0.4970 3.3039 6.0000 0.3249 0.0621 
11.7300 8.0000 239.7360 0.3632 0.1947 -0.4912 3.3046 6.0000 0.1953 0.0646 
12.2700 10.0000 257.5560 0.3686 0.1944 -0.5252 3.2735 6.0000 0.1548 0.1155 
12.4840 10.0000 261.8040 0.3415 0.1984 -0.4572 3.2458 6.0000 0.8187 0.0875 
11.7660 10.0000 241.3560 0.3568 0.1897 -0.4831 3.3008 6.0000 0.8791 0.0903 
11.9080 10.0000 244.3000 0.3785 0.2104 -0.4693 3.3426 6.0000 0.8246 0.0526 
12.6960 11.0000 269.8540 0.3663 0.1965 -0.5559 3.2163 6.0000 0.1873 0.1076 
12.3940 10.0000 267.8700 0.3764 0.2075 -0.4762 3.2858 6.0000 0.4231 0.0737 
12.9560 11.0000 275.3900 0.3396 0.1999 -0.4859 3.2211 6.0000 0.4850 0.0877 
11.9100 10.0000 238.3720 0.3506 0.1979 -0.4711 3.3142 7.0000 0.6609 0.0908 
12.3500 10.0000 261.3380 0.3530 0.1869 -0.4991 3.2315 6.0000 1.0055 0.0814 
12.8040 11.0000 271.8960 0.3542 0.2001 -0.5033 3.2323 6.0000 0.6931 0.0643 
12.5560 10.0000 271.4780 0.3648 0.2019 -0.4791 3.2502 6.0000 0.5430 0.0727 
12.1400 6.0000 248.3020 0.3596 0.1957 -0.4974 3.2807 6.0000 0.5593 0.0611 
12.6240 10.0000 271.9420 0.3597 0.1857 -0.5401 3.1831 6.0000 0.2199 0.0536 
12.0740 10.0000 256.6160 0.3654 0.2018 -0.4590 3.2805 6.0000 0.1760 0.0846 
11.4600 10.0000 226.6420 0.3492 0.1936 -0.4307 3.2998 7.0000 0.3072 0.0746 
12.1760 10.0000 253.1520 0.3515 0.1923 -0.4792 3.2397 7.0000 0.7252 0.0820 
12.0860 9.0000 244.5660 0.3635 0.1975 -0.5108 3.2901 6.0000 0.4001 0.0928 
12.8300 8.0000 274.3920 0.3615 0.1978 -0.5201 3.2414 6.0000 0.5263 0.0792 
11.5460 7.0000 231.9280 0.3771 0.1965 -0.4866 3.3260 6.0000 0.4430 0.0865 
11.6280 9.0000 242.0720 0.3703 0.1967 -0.4573 3.2936 6.0000 0.1334 0.0788 
12.2180 10.0000 255.2160 0.3549 0.1997 -0.4663 3.2912 7.0000 0.1775 0.0841 
11.8420 6.0000 243.1740 0.3761 0.2016 -0.4944 3.3400 6.0000 0.4862 0.0962 
12.0680 10.0000 246.7520 0.3605 0.1959 -0.4936 3.2660 6.0000 0.2635 0.0633 
12.8060 11.0000 269.3420 0.3440 0.1967 -0.5085 3.2183 6.0000 0.2190 0.0737 
12.1200 7.0000 253.8260 0.3825 0.2054 -0.5098 3.2811 6.0000 0.2200 0.0389 
12.3680 10.0000 261.8440 0.3681 0.1991 -0.5012 3.2836 7.0000 0.2159 0.0497 
11.5380 10.0000 222.6840 0.3666 0.2001 -0.4944 3.3378 6.0000 0.3517 0.0740 
12.4360 10.0000 267.8320 0.3724 0.2014 -0.4813 3.2504 6.0000 0.1721 0.0624 
12.2460 10.0000 255.9160 0.3440 0.1886 -0.4676 3.2526 6.0000 0.0921 0.0709 
12.0400 8.0000 250.3220 0.3568 0.1900 -0.4913 3.2437 6.0000 0.1718 0.0809 
12.3440 6.0000 258.7800 0.3552 0.1960 -0.4888 3.2921 6.0000 0.6842 0.0757 
11.7060 4.0000 238.7360 0.3595 0.1988 -0.4578 3.3415 7.0000 0.5721 0.0787 
12.6980 11.0000 274.5500 0.3679 0.1927 -0.5404 3.2028 6.0000 0.4379 0.0564 
12.0520 9.0000 247.3140 0.3562 0.1965 -0.4824 3.2934 7.0000 0.3073 0.0687 
12.4000 11.0000 254.1220 0.3722 0.2134 -0.4973 3.3031 7.0000 0.3558 0.0791 
11.8840 10.0000 240.4600 0.3519 0.1968 -0.4591 3.3102 6.0000 0.4374 0.0751 
11.3520 8.0000 228.4360 0.3879 0.1950 -0.5059 3.3267 6.0000 0.5255 0.1063 
12.3040 10.0000 260.5060 0.3574 0.1974 -0.4675 3.2642 7.0000 0.5254 0.1047 
12.2640 11.0000 254.7900 0.3706 0.1995 -0.5017 3.2759 6.0000 0.3951 0.0732 
12.3160 10.0000 254.8840 0.3454 0.1900 -0.4969 3.2291 6.0000 0.4400 0.0785 
12.3320 10.0000 255.1540 0.3463 0.1905 -0.4944 3.2502 6.0000 0.1608 0.0714 
12.1580 10.0000 251.7300 0.3755 0.2041 -0.5107 3.2705 7.0000 0.1119 0.0710 
13.0580 10.0000 296.0860 0.3643 0.1943 -0.5112 3.1581 6.0000 0.1084 0.0603 
11.6800 10.0000 239.3380 0.3449 0.1937 -0.4129 3.2906 6.0000 0.1079 0.0585 
11.8000 5.0000 237.2580 0.3553 0.1920 -0.4846 3.2955 7.0000 0.2233 0.0646 
12.3180 10.0000 258.7180 0.3559 0.1962 -0.4743 3.2310 6.0000 0.1502 0.1155 
11.9420 7.0000 245.9040 0.3690 0.1972 -0.4909 3.3153 7.0000 0.8649 0.0875 
12.3160 5.0000 261.3540 0.3481 0.1980 -0.4501 3.2531 8.0000 0.8750 0.0903 
11.9040 10.0000 239.5520 0.3716 0.2012 -0.5103 3.3137 6.0000 0.4795 0.0900 
11.5300 10.0000 229.9400 0.3603 0.2036 -0.4400 3.3525 7.0000 0.1312 0.0702 
11.4820 10.0000 223.2140 0.3353 0.1927 -0.4258 3.3269 6.0000 0.5928 0.0802 
11.9640 10.0000 246.6200 0.3465 0.1913 -0.4615 3.2561 6.0000 0.5171 0.0556 
11.6720 10.0000 233.2600 0.3561 0.1966 -0.4611 3.3042 7.0000 0.1754 0.0862 
12.0320 10.0000 243.4620 0.3704 0.2009 -0.5223 3.3084 6.0000 0.2161 0.0704 
12.2920 10.0000 253.9200 0.3536 0.1923 -0.5077 3.2600 6.0000 0.8887 0.0814 
11.9900 10.0000 239.1100 0.3434 0.1890 -0.4820 3.2552 6.0000 0.6639 0.0643 
11.6940 10.0000 228.3020 0.3578 0.1987 -0.4632 3.3152 6.0000 0.6785 0.0727 
12.2280 8.0000 257.8800 0.3724 0.1990 -0.5057 3.2790 7.0000 0.5589 0.0611 
12.2620 4.0000 257.8300 0.3501 0.1888 -0.4815 3.2585 6.0000 0.5143 0.0760 
12.3500 10.0000 263.3920 0.3649 0.1982 -0.5019 3.2435 6.0000 0.1813 0.0993 
12.4300 10.0000 264.8660 0.3736 0.1894 -0.5651 3.2245 6.0000 0.1302 0.0800 
12.3020 10.0000 249.6540 0.3417 0.1922 -0.5157 3.2416 6.0000 0.4322 0.0820 
11.8140 10.0000 240.7160 0.3680 0.1993 -0.4894 3.3320 6.0000 0.2659 0.0762 
12.3200 10.0000 265.2120 0.3586 0.1959 -0.4571 3.2723 7.0000 0.1325 0.0658 
12.2480 10.0000 253.8360 0.3589 0.1887 -0.5264 3.2431 6.0000 0.1316 0.0831 
12.0120 10.0000 248.5620 0.3507 0.1953 -0.4583 3.2771 6.0000 0.3493 0.0662 
11.7540 10.0000 237.7040 0.3688 0.1898 -0.5218 3.2924 6.0000 0.3547 0.0460 
12.0440 10.0000 248.3280 0.3672 0.1959 -0.5094 3.2799 6.0000 0.4337 0.0972 
12.0300 6.0000 248.1520 0.3728 0.1975 -0.5129 3.2853 6.0000 0.2184 0.0814 
12.5700 8.0000 280.4760 0.3799 0.2032 -0.5023 3.2754 6.0000 0.2206 0.0795 
12.5140 10.0000 269.8000 0.3813 0.2022 -0.5220 3.2509 6.0000 0.1798 0.0722 
12.8980 11.0000 281.9160 0.3522 0.1954 -0.4910 3.2323 6.0000 0.2212 0.0724 
11.7440 10.0000 231.7440 0.3444 0.1932 -0.4707 3.2975 6.0000 0.2630 0.0707 
13.2360 8.0000 296.5440 0.3585 0.2039 -0.4889 3.2211 7.0000 0.2173 0.0583 
11.8220 10.0000 232.2900 0.3380 0.1944 -0.4619 3.3020 7.0000 0.2203 0.1191 
12.0300 10.0000 240.9720 0.3325 0.1863 -0.4714 3.2363 7.0000 0.1372 0.0890 
12.4660 10.0000 264.4460 0.3554 0.1969 -0.4856 3.2608 8.0000 0.1222 0.0656 
12.2620 9.0000 248.9960 0.3680 0.2072 -0.4995 3.2938 6.0000 0.4326 0.0757 
12.5280 10.0000 261.5260 0.3438 0.1980 -0.4643 3.2556 7.0000 0.6451 0.0886 
12.0900 10.0000 250.6140 0.3742 0.2032 -0.4908 3.3135 7.0000 0.5303 0.0992 
12.2180 9.0000 256.1360 0.3752 0.2034 -0.4910 3.3048 6.0000 0.5745 0.0537 
12.3680 9.0000 253.9880 0.3398 0.1908 -0.4824 3.2339 6.0000 0.4831 0.0894 
11.6680 10.0000 224.5280 0.3374 0.1885 -0.4806 3.2757 6.0000 0.3068 0.1075 
12.1820 5.0000 247.4360 0.3667 0.1994 -0.5139 3.2918 7.0000 0.1340 0.0716 
12.2400 10.0000 249.6980 0.3546 0.1919 -0.5282 3.2495 6.0000 0.2643 0.1047 
12.2440 10.0000 253.2980 0.3710 0.2107 -0.4858 3.3426 6.0000 0.4439 0.0617 
11.9220 8.0000 238.1220 0.3583 0.2000 -0.4801 3.3099 6.0000 0.4335 0.0968 
11.7420 10.0000 233.9660 0.3606 0.1910 -0.4999 3.2924 6.0000 0.3194 0.1026 
11.7760 10.0000 245.0400 0.3592 0.1933 -0.4566 3.2774 6.0000 0.2559 0.0687 
12.5520 10.0000 271.5440 0.3686 0.1932 -0.5170 3.2243 7.0000 0.3972 0.0621 
12.2680 10.0000 252.8460 0.3592 0.1946 -0.5059 3.2459 6.0000 0.2185 0.0646 
12.5900 5.0000 260.8420 0.3354 0.1876 -0.5125 3.2184 6.0000 0.8234 0.0875 
12.0680 10.0000 248.2260 0.3584 0.1898 -0.5029 3.2434 6.0000 0.8358 0.0903 
11.7240 10.0000 228.7020 0.3373 0.1923 -0.4528 3.3073 7.0000 0.8252 0.0526 
12.6940 10.0000 278.3800 0.3617 0.1878 -0.5191 3.1955 6.0000 0.1825 0.0884 
12.1340 7.0000 244.3860 0.3542 0.1995 -0.4902 3.2649 6.0000 0.4176 0.0737 
12.3980 9.0000 256.4340 0.3530 0.2014 -0.4733 3.2715 7.0000 0.5660 0.0877 
12.1800 10.0000 252.9320 0.3487 0.1932 -0.4590 3.2508 6.0000 0.6159 0.0908 
12.4960 10.0000 267.2940 0.3475 0.1855 -0.5138 3.1960 6.0000 0.2552 0.0589 
11.9320 10.0000 248.7560 0.3615 0.1920 -0.4838 3.2686 6.0000 0.3370 0.0947 
12.7260 10.0000 269.4440 0.3367 0.1945 -0.4737 3.2080 6.0000 0.5609 0.0643 
11.9520 9.0000 252.0420 0.3662 0.1987 -0.4680 3.2812 7.0000 0.5714 0.0727 
12.0880 10.0000 251.9220 0.3562 0.1943 -0.4828 3.2762 6.0000 0.3907 0.0677 
12.4140 10.0000 264.1340 0.3506 0.1881 -0.4947 3.2242 6.0000 0.1293 0.0600 
12.8100 10.0000 276.9740 0.3617 0.2012 -0.5061 3.2390 6.0000 0.2156 0.0754 
12.3460 4.0000 258.8760 0.3753 0.1988 -0.5374 3.2718 6.0000 0.5701 0.1061 
12.2160 10.0000 256.3440 0.3401 0.1885 -0.4680 3.2478 6.0000 0.8488 0.0820 
12.9580 11.0000 278.2780 0.3489 0.1987 -0.4863 3.2125 6.0000 0.4454 0.0928 
11.8720 4.0000 249.3160 0.3708 0.1928 -0.4892 3.2719 6.0000 0.4821 0.0792 
12.0620 3.0000 246.0720 0.3662 0.1995 -0.5037 3.2991 6.0000 0.2229 0.0737 
12.3100 10.0000 263.5040 0.3740 0.1925 -0.5163 3.2482 6.0000 0.1354 0.0788 
12.3020 10.0000 259.6040 0.3802 0.1973 -0.5539 3.2677 6.0000 0.2694 0.0742 
11.6320 7.0000 232.9160 0.3665 0.2017 -0.4694 3.3241 7.0000 0.4821 0.1001 
11.9720 4.0000 249.2300 0.3295 0.1787 -0.4608 3.2250 6.0000 0.3480 0.0758 
12.4820 10.0000 266.8480 0.3600 0.1854 -0.5196 3.2207 6.0000 0.1343 0.0789 
12.3360 11.0000 250.6900 0.3429 0.1907 -0.4941 3.2513 6.0000 0.1758 0.0737 
12.5280 10.0000 261.6620 0.3397 0.1892 -0.5044 3.2434 6.0000 0.1320 0.0770 
12.2300 10.0000 253.1880 0.3404 0.1923 -0.4579 3.2758 6.0000 0.2607 0.0580 
12.4400 10.0000 259.1560 0.3493 0.1912 -0.5072 3.2360 6.0000 0.3496 0.0737 
12.0920 10.0000 243.0460 0.3643 0.2038 -0.4984 3.3128 6.0000 0.2191 0.0516 
11.7020 4.0000 241.1900 0.3659 0.2039 -0.4366 3.3008 6.0000 0.2197 0.0809 
11.7160 4.0000 226.1760 0.3449 0.1922 -0.4905 3.2839 6.0000 0.7096 0.0757 
12.1360 6.0000 250.2500 0.3441 0.1961 -0.4375 3.2702 7.0000 0.4837 0.0787 
12.3120 8.0000 262.0100 0.3621 0.1939 -0.4902 3.2386 6.0000 0.3500 0.1052 
11.8620 7.0000 232.3220 0.3499 0.1938 -0.4847 3.2984 7.0000 0.2665 0.0720 
12.6820 10.0000 274.9940 0.3559 0.1967 -0.4886 3.2416 6.0000 0.4829 0.0884 
12.9020 11.0000 280.4140 0.3618 0.2004 -0.5052 3.2337 6.0000 0.4856 0.0709 
12.6060 11.0000 267.3280 0.3642 0.2058 -0.4946 3.2888 7.0000 0.5758 0.1134 
12.1680 10.0000 251.1840 0.3613 0.1971 -0.5139 3.2779 6.0000 0.3081 0.0787 
11.9900 9.0000 250.8660 0.3678 0.2006 -0.4683 3.3077 6.0000 0.2159 0.1086 
11.9620 8.0000 244.5200 0.3487 0.1810 -0.5080 3.2394 6.0000 0.3042 0.0731 
12.6480 10.0000 271.2400 0.3707 0.2008 -0.5134 3.2421 6.0000 0.3199 0.0980 
12.2020 10.0000 258.1620 0.3644 0.1919 -0.4934 3.2394 6.0000 0.3983 0.0984 
11.6940 9.0000 242.4920 0.3760 0.1912 -0.5085 3.2881 6.0000 0.2864 0.0951 
12.6340 10.0000 264.1480 0.3357 0.1884 -0.4965 3.2075 6.0000 0.2166 0.0585 
11.6700 10.0000 232.9380 0.3580 0.2031 -0.4467 3.3162 6.0000 0.3498 0.1155 
