12.5092 10.0000 262.1472 0.3439 0.1790 -0.5178 0.0000 0.0000 5.1978 0.0703 
12.6296 10.0000 269.1480 0.3488 0.1822 -0.5132 0.0000 0.0000 5.5461 0.0703 
12.5324 10.0000 261.6008 0.3392 0.1792 -0.5128 0.0000 0.0000 5.7575 0.0660 
12.3408 10.0000 254.1960 0.3467 0.1857 -0.5006 0.0000 0.0000 5.7979 0.0556 
12.3152 10.0000 258.7888 0.3472 0.1861 -0.4770 0.0000 0.0000 5.7172 0.0556 
12.4016 10.0000 257.7184 0.3329 0.1776 -0.4856 0.0000 0.0000 5.3807 0.0556 
12.4840 10.0000 264.1288 0.3403 0.1813 -0.4908 0.0000 0.0000 5.4467 0.0556 
12.4520 9.0000 261.7992 0.3370 0.1835 -0.4729 0.0000 0.0000 5.8017 0.0703 
12.2168 7.0000 250.4804 0.3350 0.1798 -0.4793 0.0000 0.0000 5.3211 0.0556 
12.3620 5.0000 257.8928 0.3359 0.1804 -0.4790 0.0000 0.0000 5.6304 0.0556 
12.6488 10.0000 266.2420 0.3366 0.1829 -0.4911 0.0000 0.0000 5.6263 0.0722 
12.3032 10.0000 257.3156 0.3409 0.1804 -0.4839 0.0000 0.0000 0.6945 0.0631 
12.3252 10.0000 257.9956 0.3495 0.1852 -0.4994 0.0000 0.0000 1.1848 0.0733 
12.3864 6.0000 257.4732 0.3419 0.1832 -0.4909 0.0000 0.0000 1.4499 0.0668 
12.1652 10.0000 248.7248 0.3426 0.1775 -0.5073 0.0000 0.0000 1.3673 0.0698 
12.4264 10.0000 265.0140 0.3429 0.1832 -0.4823 0.0000 0.0000 0.8776 0.0709 
12.3764 5.0000 260.4788 0.3492 0.1870 -0.4914 0.0000 0.0000 2.5050 0.0690 
12.3208 9.0000 255.1492 0.3514 0.1850 -0.5103 0.0000 0.0000 2.3318 0.0690 
12.0960 10.0000 247.4136 0.3487 0.1861 -0.4876 0.0000 0.0000 2.6388 0.0690 
12.4236 10.0000 261.7468 0.3434 0.1805 -0.4966 0.0000 0.0000 2.5482 0.0690 
12.1784 10.0000 253.1460 0.3437 0.1789 -0.4944 0.0000 0.0000 2.3332 0.0690 
12.5132 10.0000 263.6496 0.3313 0.1787 -0.4760 0.0000 0.0000 1.5829 0.0712 
12.3612 10.0000 261.6044 0.3412 0.1790 -0.4892 0.0000 0.0000 0.6612 0.0849 
12.5092 3.0000 266.8068 0.3410 0.1761 -0.5036 0.0000 0.0000 0.6609 0.0559 
12.4808 10.0000 265.7412 0.3402 0.1812 -0.4808 0.0000 0.0000 0.8789 0.0668 
12.2992 10.0000 256.6484 0.3428 0.1797 -0.4972 0.0000 0.0000 0.9226 0.0719 
12.1996 10.0000 255.9060 0.3526 0.1842 -0.4906 0.0000 0.0000 0.9248 0.0719 
12.3848 10.0000 260.4932 0.3477 0.1814 -0.5011 0.0000 0.0000 0.6615 0.0668 
12.3656 10.0000 259.5860 0.3469 0.1808 -0.4928 0.0000 0.0000 1.8018 0.0550 
12.6648 10.0000 273.4104 0.3532 0.1849 -0.5113 0.0000 0.0000 1.8908 0.0645 
12.0660 10.0000 249.6068 0.3420 0.1788 -0.4767 0.0000 0.0000 2.1537 0.0550 
12.2092 9.0000 249.7724 0.3373 0.1795 -0.4926 0.0000 0.0000 1.8926 0.0550 
12.3080 10.0000 253.8104 0.3423 0.1835 -0.4947 0.0000 0.0000 1.5766 0.0550 
12.4592 5.0000 264.8860 0.3396 0.1779 -0.4876 0.0000 0.0000 0.8779 0.0550 
12.2380 10.0000 252.9260 0.3399 0.1796 -0.4874 0.0000 0.0000 0.7014 0.0831 
12.6200 4.0000 265.0464 0.3410 0.1825 -0.5050 0.0000 0.0000 0.9953 0.0778 
12.1720 10.0000 249.3684 0.3457 0.1822 -0.4996 0.0000 0.0000 0.9634 0.0611 
12.4552 8.0000 259.9932 0.3382 0.1782 -0.4976 0.0000 0.0000 1.2298 0.0737 
12.1984 10.0000 251.9968 0.3493 0.1832 -0.4998 0.0000 0.0000 1.2734 0.0725 
12.3096 10.0000 253.5800 0.3480 0.1859 -0.5045 0.0000 0.0000 0.9239 0.0657 
12.6280 10.0000 268.1320 0.3512 0.1855 -0.5173 0.0000 0.0000 0.8805 0.0614 
12.3752 10.0000 255.7728 0.3398 0.1810 -0.4935 0.0000 0.0000 2.7459 0.0747 
12.3372 10.0000 252.9304 0.3409 0.1805 -0.5109 0.0000 0.0000 2.4197 0.0747 
12.5044 10.0000 261.7232 0.3450 0.1811 -0.5188 0.0000 0.0000 2.3284 0.0651 
12.2048 2.0000 250.9220 0.3368 0.1816 -0.4775 0.0000 0.0000 2.1987 0.0651 
12.3812 10.0000 262.1740 0.3369 0.1777 -0.4762 0.0000 0.0000 1.7177 0.0747 
12.3016 10.0000 255.9652 0.3360 0.1772 -0.4917 0.0000 0.0000 0.9221 0.0794 
12.2532 10.0000 253.1416 0.3448 0.1855 -0.4909 0.0000 0.0000 0.7021 0.0730 
12.1400 9.0000 253.6000 0.3506 0.1807 -0.4909 0.0000 0.0000 0.9234 0.0614 
12.1120 10.0000 249.3496 0.3546 0.1857 -0.4970 0.0000 0.0000 0.9254 0.0718 
12.4692 7.0000 261.5420 0.3400 0.1783 -0.5094 0.0000 0.0000 0.9248 0.0662 
12.3832 10.0000 260.9796 0.3422 0.1792 -0.4995 0.0000 0.0000 0.8825 0.0605 
12.4688 10.0000 260.3516 0.3461 0.1823 -0.5063 0.0000 0.0000 0.9657 0.0675 
12.3384 3.0000 252.8616 0.3372 0.1795 -0.4979 0.0000 0.0000 1.2771 0.0727 
12.1516 10.0000 251.8476 0.3533 0.1886 -0.4840 0.0000 0.0000 1.9786 0.0733 
12.4064 10.0000 259.1668 0.3410 0.1834 -0.4870 0.0000 0.0000 1.9397 0.0727 
12.1324 7.0000 250.8880 0.3467 0.1838 -0.4880 0.0000 0.0000 1.9762 0.0727 
12.2232 10.0000 251.3132 0.3378 0.1829 -0.4690 0.0000 0.0000 1.7170 0.0727 
12.3224 10.0000 256.1100 0.3435 0.1809 -0.5017 0.0000 0.0000 0.8794 0.0730 
12.5104 10.0000 258.6828 0.3398 0.1844 -0.5002 0.0000 0.0000 0.7027 0.0628 
12.4076 10.0000 261.5836 0.3461 0.1805 -0.5056 0.0000 0.0000 1.1240 0.0654 
12.5612 10.0000 266.6976 0.3416 0.1803 -0.4951 0.0000 0.0000 0.9227 0.0751 
12.3476 10.0000 260.0940 0.3509 0.1826 -0.5029 0.0000 0.0000 0.9243 0.0636 
12.3868 10.0000 262.6752 0.3554 0.1820 -0.5143 0.0000 0.0000 0.9218 0.0779 
12.2988 10.0000 255.2432 0.3459 0.1809 -0.5046 0.0000 0.0000 0.7047 0.0776 
12.2896 9.0000 256.3312 0.3466 0.1847 -0.4942 0.0000 0.0000 0.9673 0.0852 
12.2752 3.0000 252.5592 0.3375 0.1827 -0.4855 0.0000 0.0000 0.9254 0.0859 
12.2176 10.0000 251.1936 0.3461 0.1794 -0.5168 0.0000 0.0000 1.4503 0.0687 
12.1588 10.0000 254.2548 0.3491 0.1800 -0.4899 0.0000 0.0000 2.0243 0.0687 
12.2416 6.0000 254.7720 0.3456 0.1835 -0.4900 0.0000 0.0000 2.1523 0.0762 
12.6596 10.0000 270.3024 0.3410 0.1796 -0.5030 0.0000 0.0000 1.7572 0.0800 
12.1732 10.0000 250.6552 0.3466 0.1864 -0.4753 0.0000 0.0000 0.9688 0.0690 
12.4160 10.0000 260.1688 0.3409 0.1788 -0.5038 0.0000 0.0000 0.7012 0.0549 
12.2360 10.0000 255.2796 0.3443 0.1831 -0.4835 0.0000 0.0000 0.7043 0.0745 
12.3684 9.0000 256.2720 0.3405 0.1824 -0.4872 0.0000 0.0000 0.9733 0.0745 
12.2224 10.0000 252.9104 0.3501 0.1854 -0.4950 0.0000 0.0000 0.6632 0.0659 
12.1284 10.0000 253.9324 0.3555 0.1879 -0.4832 0.0000 0.0000 0.9667 0.0711 
12.1832 7.0000 255.9092 0.3531 0.1854 -0.4892 0.0000 0.0000 1.0097 0.0732 
12.5644 10.0000 267.2588 0.3473 0.1832 -0.5065 0.0000 0.0000 0.9266 0.0690 
12.0792 8.0000 248.5288 0.3441 0.1848 -0.4711 0.0000 0.0000 0.9713 0.0795 
12.3012 10.0000 257.1272 0.3463 0.1806 -0.4940 0.0000 0.0000 1.0120 0.0795 
12.5784 10.0000 262.8896 0.3374 0.1792 -0.5068 0.0000 0.0000 0.8814 0.0720 
12.1768 10.0000 252.4512 0.3295 0.1726 -0.4788 0.0000 0.0000 0.9252 0.0795 
12.1900 10.0000 250.5492 0.3358 0.1790 -0.4812 0.0000 0.0000 1.2868 0.0795 
12.1620 10.0000 253.8780 0.3421 0.1764 -0.4926 0.0000 0.0000 0.7003 0.0732 
12.5516 4.0000 265.1304 0.3496 0.1809 -0.5214 0.0000 0.0000 1.1318 0.0795 
12.2504 10.0000 252.0976 0.3505 0.1834 -0.5183 0.0000 0.0000 1.2669 0.0705 
12.1940 8.0000 252.6640 0.3448 0.1823 -0.4847 0.0000 0.0000 0.9680 0.0651 
12.5052 10.0000 267.1304 0.3450 0.1791 -0.4893 0.0000 0.0000 0.9212 0.0705 
12.2528 10.0000 251.8420 0.3334 0.1747 -0.5008 0.0000 0.0000 0.9659 0.0662 
12.0412 10.0000 248.1240 0.3504 0.1829 -0.4864 0.0000 0.0000 0.9701 0.0662 
12.3472 5.0000 261.3024 0.3556 0.1823 -0.5179 0.0000 0.0000 3.6488 0.0662 
12.1208 10.0000 246.5588 0.3348 0.1791 -0.4808 0.0000 0.0000 3.9112 0.0662 
12.2744 10.0000 255.3004 0.3418 0.1812 -0.4804 0.0000 0.0000 4.0036 0.0662 
12.1100 5.0000 251.0732 0.3520 0.1826 -0.4914 0.0000 0.0000 4.1760 0.0662 
12.3904 10.0000 260.6800 0.3450 0.1793 -0.4943 0.0000 0.0000 3.2113 0.0662 
12.2676 10.0000 254.8300 0.3383 0.1805 -0.4816 0.0000 0.0000 2.0188 0.0662 
12.1080 7.0000 251.1936 0.3469 0.1870 -0.4728 0.0000 0.0000 1.2356 0.0662 
12.1840 8.0000 252.2720 0.3417 0.1759 -0.5088 0.0000 0.0000 0.8806 0.0662 
12.4988 7.0000 265.2448 0.3475 0.1820 -0.5076 0.0000 0.0000 0.9268 0.0662 
