12.4720 7.0000 263.7232 0.2572 0.1243 -0.4750 0.0000 0.0000 2.0721 0.0744 
12.2904 10.0000 254.1456 0.2718 0.1305 -0.4828 0.0000 0.0000 2.0638 0.0744 
12.0448 10.0000 243.8640 0.2700 0.1307 -0.4825 0.0000 0.0000 2.2437 0.0744 
12.4064 8.0000 260.3808 0.2686 0.1300 -0.4906 0.0000 0.0000 2.2379 0.0744 
12.4544 5.0000 261.2096 0.2660 0.1310 -0.4775 0.0000 0.0000 2.2391 0.0744 
12.5920 10.0000 266.2760 0.2682 0.1279 -0.4999 0.0000 0.0000 2.2060 0.0744 
12.4016 10.0000 249.9776 0.2522 0.1272 -0.4769 0.0000 0.0000 2.2036 0.0744 
12.4768 8.0000 264.6648 0.2754 0.1294 -0.4913 0.0000 0.0000 2.2428 0.0744 
12.3656 9.0000 253.8552 0.2684 0.1297 -0.5011 0.0000 0.0000 2.2409 0.0843 
12.4408 6.0000 254.8168 0.2622 0.1301 -0.4976 0.0000 0.0000 2.1258 0.0744 
12.1344 10.0000 247.4040 0.2669 0.1312 -0.4690 0.0000 0.0000 2.0879 0.0744 
12.3600 10.0000 263.7344 0.2787 0.1304 -0.4888 0.0000 0.0000 0.5187 0.0799 
12.4584 10.0000 261.6944 0.2664 0.1313 -0.4681 0.0000 0.0000 1.5507 0.0896 
12.5184 10.0000 259.1552 0.2625 0.1292 -0.4941 0.0000 0.0000 1.2595 0.0887 
12.4376 9.0000 259.4856 0.2652 0.1293 -0.4896 0.0000 0.0000 1.5314 0.0896 
11.8776 10.0000 240.9192 0.2721 0.1269 -0.4741 0.0000 0.0000 1.5841 0.0896 
12.2416 10.0000 252.7272 0.2699 0.1307 -0.4816 0.0000 0.0000 1.8500 0.0834 
11.9304 10.0000 237.9600 0.2627 0.1291 -0.4676 0.0000 0.0000 1.8470 0.0896 
12.3600 10.0000 254.5960 0.2671 0.1294 -0.4893 0.0000 0.0000 1.6256 0.0637 
11.6352 10.0000 230.3232 0.2713 0.1305 -0.4680 0.0000 0.0000 1.8024 0.0887 
12.3048 9.0000 256.0712 0.2673 0.1285 -0.4835 0.0000 0.0000 1.8027 0.0896 
12.3344 10.0000 259.0592 0.2690 0.1315 -0.4631 0.0000 0.0000 1.4890 0.0896 
12.4976 10.0000 268.2192 0.2702 0.1251 -0.4935 0.0000 0.0000 0.3466 0.0650 
12.1840 11.0000 246.4976 0.2688 0.1277 -0.4910 0.0000 0.0000 0.3955 0.0708 
12.1584 10.0000 252.6824 0.2693 0.1296 -0.4706 0.0000 0.0000 0.3505 0.0543 
12.0736 9.0000 254.5992 0.2686 0.1258 -0.4595 0.0000 0.0000 0.7489 0.0543 
12.3800 10.0000 255.3304 0.2693 0.1296 -0.4966 0.0000 0.0000 0.9688 0.0543 
12.0864 10.0000 254.8856 0.2787 0.1284 -0.4806 0.0000 0.0000 1.0564 0.0543 
12.0648 10.0000 251.6352 0.2696 0.1265 -0.4720 0.0000 0.0000 1.4509 0.0711 
11.9864 10.0000 232.7560 0.2594 0.1302 -0.4801 0.0000 0.0000 1.4531 0.0711 
12.3608 10.0000 257.2096 0.2647 0.1264 -0.4919 0.0000 0.0000 1.4924 0.0711 
12.5480 8.0000 267.2904 0.2603 0.1275 -0.4694 0.0000 0.0000 1.2728 0.0802 
12.1288 10.0000 251.0904 0.2630 0.1279 -0.4609 0.0000 0.0000 1.2784 0.0692 
12.3768 10.0000 260.3392 0.2692 0.1250 -0.4854 0.0000 0.0000 0.3954 0.0720 
12.0568 5.0000 245.2864 0.2679 0.1296 -0.4850 0.0000 0.0000 0.3967 0.0662 
12.4200 10.0000 259.8400 0.2625 0.1255 -0.4874 0.0000 0.0000 0.3073 0.0896 
12.4664 10.0000 263.9536 0.2699 0.1292 -0.4879 0.0000 0.0000 0.8390 0.0716 
12.0192 10.0000 250.8952 0.2775 0.1313 -0.4705 0.0000 0.0000 0.8774 0.0678 
12.6304 10.0000 271.7456 0.2686 0.1311 -0.4822 0.0000 0.0000 0.7896 0.0753 
12.2464 10.0000 255.2160 0.2679 0.1294 -0.4700 0.0000 0.0000 0.7052 0.0753 
12.2592 9.0000 257.5952 0.2633 0.1278 -0.4636 0.0000 0.0000 0.3949 0.0703 
12.2112 10.0000 249.3816 0.2690 0.1310 -0.4839 0.0000 0.0000 0.9441 0.0935 
12.2752 10.0000 255.2368 0.2578 0.1297 -0.4457 0.0000 0.0000 0.8527 0.0716 
12.1848 10.0000 250.3328 0.2696 0.1319 -0.4675 0.0000 0.0000 0.8462 0.0935 
12.4368 10.0000 259.3808 0.2627 0.1287 -0.4725 0.0000 0.0000 0.4777 0.0919 
12.3072 10.0000 250.8696 0.2607 0.1300 -0.4730 0.0000 0.0000 0.3960 0.0919 
12.6176 10.0000 265.6096 0.2623 0.1301 -0.4835 0.0000 0.0000 0.3965 0.0720 
12.2904 10.0000 253.7792 0.2616 0.1301 -0.4695 0.0000 0.0000 0.3974 0.0919 
12.1792 10.0000 248.9352 0.2577 0.1251 -0.4708 0.0000 0.0000 0.3056 0.0727 
12.2504 10.0000 251.9224 0.2608 0.1263 -0.4829 0.0000 0.0000 0.6123 0.0553 
12.2528 10.0000 255.4008 0.2619 0.1246 -0.4843 0.0000 0.0000 0.7891 0.0655 
12.1064 10.0000 246.8584 0.2655 0.1329 -0.4560 0.0000 0.0000 0.8354 0.0898 
11.9376 10.0000 246.0464 0.2792 0.1330 -0.4616 0.0000 0.0000 0.7941 0.0629 
12.0824 10.0000 249.1192 0.2636 0.1283 -0.4680 0.0000 0.0000 0.5254 0.0665 
11.8160 10.0000 238.7296 0.2732 0.1314 -0.4684 0.0000 0.0000 0.4871 0.0689 
12.3608 10.0000 260.1992 0.2612 0.1240 -0.4738 0.0000 0.0000 0.6595 0.0752 
12.4928 10.0000 264.9072 0.2608 0.1272 -0.4725 0.0000 0.0000 0.6571 0.0689 
12.3608 10.0000 253.3176 0.2603 0.1304 -0.4686 0.0000 0.0000 0.9239 0.0625 
12.2864 10.0000 259.0136 0.2634 0.1274 -0.4584 0.0000 0.0000 0.6123 0.0868 
12.0456 10.0000 246.4920 0.2640 0.1276 -0.4681 0.0000 0.0000 0.4426 0.0868 
12.5096 10.0000 262.0352 0.2660 0.1279 -0.4957 0.0000 0.0000 0.3953 0.0586 
12.3264 5.0000 256.6672 0.2686 0.1316 -0.4817 0.0000 0.0000 0.3956 0.0895 
12.6064 8.0000 270.8136 0.2764 0.1268 -0.5122 0.0000 0.0000 0.4370 0.0554 
12.3168 9.0000 258.4400 0.2727 0.1303 -0.4831 0.0000 0.0000 0.3968 0.0554 
12.0576 10.0000 242.0272 0.2605 0.1305 -0.4592 0.0000 0.0000 0.2697 0.0554 
12.1768 8.0000 252.5304 0.2658 0.1250 -0.4808 0.0000 0.0000 0.4373 0.0747 
12.3168 10.0000 258.2072 0.2750 0.1286 -0.4942 0.0000 0.0000 0.4114 0.0620 
12.2032 10.0000 247.6160 0.2644 0.1318 -0.4741 0.0000 0.0000 0.2686 0.0724 
12.7368 9.0000 271.2600 0.2683 0.1289 -0.4978 0.0000 0.0000 0.5280 0.0604 
12.3016 10.0000 256.2272 0.2655 0.1290 -0.4729 0.0000 0.0000 0.6165 0.0723 
12.1040 10.0000 249.5184 0.2694 0.1320 -0.4603 0.0000 0.0000 0.4805 0.0723 
12.6768 11.0000 266.5480 0.2573 0.1248 -0.4917 0.0000 0.0000 0.3962 0.0626 
12.6472 10.0000 269.0240 0.2635 0.1312 -0.4731 0.0000 0.0000 0.3542 0.0640 
12.2360 7.0000 256.0056 0.2709 0.1332 -0.4605 0.0000 0.0000 0.7924 0.0693 
12.1232 10.0000 249.8104 0.2737 0.1317 -0.4707 0.0000 0.0000 0.7920 0.0650 
12.4328 8.0000 263.3312 0.2747 0.1300 -0.4929 0.0000 0.0000 0.4327 0.0911 
12.4552 10.0000 265.7688 0.2689 0.1258 -0.4846 0.0000 0.0000 0.3071 0.0626 
12.4160 5.0000 261.8824 0.2696 0.1322 -0.4756 0.0000 0.0000 0.3990 0.0882 
12.3576 10.0000 256.0416 0.2647 0.1253 -0.4952 0.0000 0.0000 0.4340 0.0673 
12.4296 10.0000 261.5328 0.2673 0.1331 -0.4702 0.0000 0.0000 0.3969 0.0833 
12.6232 8.0000 268.9752 0.2678 0.1271 -0.4988 0.0000 0.0000 0.5270 0.0704 
12.2736 10.0000 257.6880 0.2690 0.1303 -0.4716 0.0000 0.0000 0.4858 0.0704 
12.2240 9.0000 249.1336 0.2595 0.1302 -0.4693 0.0000 0.0000 0.3897 0.0704 
12.2680 10.0000 253.0992 0.2733 0.1307 -0.4889 0.0000 0.0000 0.9391 0.0769 
12.6272 10.0000 263.8608 0.2540 0.1256 -0.4804 0.0000 0.0000 0.7726 0.0769 
12.2704 10.0000 257.6552 0.2691 0.1269 -0.4829 0.0000 0.0000 0.3074 0.0833 
11.8728 10.0000 243.8784 0.2659 0.1265 -0.4547 0.0000 0.0000 0.3962 0.0730 
11.8896 10.0000 236.1848 0.2624 0.1277 -0.4676 0.0000 0.0000 0.3901 0.0638 
12.0224 10.0000 241.1832 0.2644 0.1288 -0.4735 0.0000 0.0000 0.4376 0.0749 
12.2736 10.0000 262.0656 0.2724 0.1270 -0.4688 0.0000 0.0000 0.4382 0.0749 
12.2112 10.0000 254.8624 0.2640 0.1265 -0.4719 0.0000 0.0000 0.4848 0.0749 
11.9576 10.0000 243.0304 0.2597 0.1243 -0.4674 0.0000 0.0000 0.3951 0.0633 
12.4472 7.0000 264.3496 0.2709 0.1288 -0.4769 0.0000 0.0000 0.7929 0.0749 
11.8056 10.0000 236.1728 0.2687 0.1308 -0.4697 0.0000 0.0000 0.8345 0.0749 
12.0504 6.0000 252.7888 0.2733 0.1276 -0.4736 0.0000 0.0000 0.7524 0.0749 
12.8536 10.0000 278.6856 0.2682 0.1273 -0.5091 0.0000 0.0000 0.4422 0.0749 
12.2640 10.0000 252.7928 0.2646 0.1280 -0.4729 0.0000 0.0000 0.4415 0.0749 
12.5808 10.0000 271.6008 0.2633 0.1259 -0.4763 0.0000 0.0000 0.4388 0.0749 
12.2472 10.0000 251.2288 0.2662 0.1325 -0.4731 0.0000 0.0000 0.3071 0.0749 
12.2040 10.0000 256.8568 0.2752 0.1295 -0.4846 0.0000 0.0000 0.4375 0.0749 
