12.4040 10.0000 260.7739 0.3198 0.1594 -0.5100 0.0000 0.0000 11.0478 0.0614 
12.1875 9.0000 250.6792 0.3236 0.1652 -0.4999 0.0000 0.0000 12.2584 0.0614 
12.3197 10.0000 252.9168 0.3153 0.1627 -0.4956 0.0000 0.0000 11.8365 0.0643 
12.3128 10.0000 254.8501 0.3171 0.1627 -0.4973 0.0000 0.0000 12.1313 0.0643 
12.2019 10.0000 252.1861 0.3199 0.1621 -0.4960 0.0000 0.0000 12.1342 0.0655 
12.3421 10.0000 258.6083 0.3179 0.1615 -0.4951 0.0000 0.0000 12.3060 0.0866 
12.4173 10.0000 258.3061 0.3136 0.1594 -0.5028 0.0000 0.0000 11.5615 0.0658 
12.2891 10.0000 252.7221 0.3073 0.1618 -0.4774 0.0000 0.0000 11.3449 0.0763 
12.4277 10.0000 259.8043 0.3135 0.1658 -0.4757 0.0000 0.0000 12.3488 0.0763 
12.4555 10.0000 259.2040 0.3142 0.1650 -0.4866 0.0000 0.0000 12.3525 0.0655 
12.3829 10.0000 258.7083 0.3150 0.1590 -0.5025 0.0000 0.0000 11.0793 0.0687 
12.3768 10.0000 261.4296 0.3234 0.1630 -0.4970 0.0000 0.0000 1.3189 0.0664 
12.2837 10.0000 255.6683 0.3133 0.1645 -0.4717 0.0000 0.0000 1.9733 0.0750 
12.4400 8.0000 262.6245 0.3134 0.1592 -0.4892 0.0000 0.0000 1.2781 0.0727 
12.1528 10.0000 248.3923 0.3124 0.1624 -0.4824 0.0000 0.0000 2.4629 0.0587 
12.2557 10.0000 256.4363 0.3194 0.1624 -0.4903 0.0000 0.0000 1.8014 0.0811 
12.5181 10.0000 264.3381 0.3139 0.1607 -0.4973 0.0000 0.0000 1.9744 0.0587 
12.3109 9.0000 253.7907 0.3210 0.1651 -0.5053 0.0000 0.0000 1.9795 0.0620 
12.3781 10.0000 259.5717 0.3177 0.1613 -0.4964 0.0000 0.0000 2.0685 0.0597 
12.2035 10.0000 251.4707 0.3182 0.1648 -0.4824 0.0000 0.0000 2.1075 0.0510 
12.2371 7.0000 255.2064 0.3232 0.1623 -0.4999 0.0000 0.0000 1.8484 0.0625 
12.3461 10.0000 258.9944 0.3235 0.1629 -0.5058 0.0000 0.0000 1.8487 0.0806 
12.2261 10.0000 255.8685 0.3293 0.1654 -0.5027 0.0000 0.0000 1.8414 0.0702 
12.2333 10.0000 252.5451 0.3224 0.1639 -0.4991 0.0000 0.0000 1.4040 0.0605 
12.3147 10.0000 255.2357 0.3203 0.1660 -0.4935 0.0000 0.0000 1.8039 0.0865 
12.5552 10.0000 261.9435 0.3107 0.1614 -0.4994 0.0000 0.0000 1.2338 0.0636 
12.4008 10.0000 260.3891 0.3214 0.1651 -0.4962 0.0000 0.0000 1.3184 0.0605 
12.4635 10.0000 260.5696 0.3174 0.1639 -0.4922 0.0000 0.0000 1.7172 0.0799 
12.1176 10.0000 247.1803 0.3180 0.1663 -0.4818 0.0000 0.0000 3.6491 0.0651 
12.1861 2.0000 250.7896 0.3164 0.1614 -0.4942 0.0000 0.0000 4.2165 0.0543 
12.4880 10.0000 259.2485 0.3109 0.1635 -0.4825 0.0000 0.0000 2.5406 0.0651 
12.4379 10.0000 259.1448 0.3183 0.1619 -0.5163 0.0000 0.0000 1.7583 0.0682 
12.2584 9.0000 253.4843 0.3046 0.1620 -0.4609 0.0000 0.0000 1.7582 0.0589 
12.3328 10.0000 257.6701 0.3154 0.1624 -0.4899 0.0000 0.0000 1.7910 0.0568 
12.3379 10.0000 258.9323 0.3171 0.1613 -0.4923 0.0000 0.0000 1.3639 0.0649 
12.1781 10.0000 254.0587 0.3240 0.1653 -0.4891 0.0000 0.0000 1.4464 0.0726 
12.3035 10.0000 254.1600 0.3174 0.1631 -0.4994 0.0000 0.0000 1.7010 0.0694 
12.1789 10.0000 250.7675 0.3209 0.1655 -0.4871 0.0000 0.0000 1.8467 0.0598 
12.5213 10.0000 263.0523 0.3136 0.1619 -0.4921 0.0000 0.0000 1.7560 0.0656 
12.4163 10.0000 261.6941 0.3283 0.1650 -0.5143 0.0000 0.0000 1.7586 0.0656 
12.5760 10.0000 265.3899 0.3117 0.1612 -0.4944 0.0000 0.0000 1.5919 0.0546 
12.2915 9.0000 254.3397 0.3219 0.1662 -0.4964 0.0000 0.0000 2.2828 0.0603 
12.4864 10.0000 260.1011 0.3116 0.1623 -0.4939 0.0000 0.0000 1.7523 0.0655 
12.3261 5.0000 255.0307 0.3186 0.1664 -0.4922 0.0000 0.0000 1.8055 0.0806 
12.6512 10.0000 268.8997 0.3163 0.1609 -0.5070 0.0000 0.0000 1.8459 0.0667 
12.6637 10.0000 269.4819 0.3106 0.1602 -0.4927 0.0000 0.0000 1.8020 0.0695 
12.4448 7.0000 262.3413 0.3139 0.1597 -0.4993 0.0000 0.0000 1.7597 0.0719 
12.2773 10.0000 258.5163 0.3185 0.1612 -0.4812 0.0000 0.0000 1.8456 0.0763 
12.4176 8.0000 259.3312 0.3103 0.1632 -0.4791 0.0000 0.0000 1.8004 0.0730 
12.6309 10.0000 270.5016 0.3209 0.1636 -0.4985 0.0000 0.0000 1.2760 0.0718 
12.3781 10.0000 258.0968 0.3124 0.1607 -0.4876 0.0000 0.0000 1.9255 0.0567 
12.5776 10.0000 265.9144 0.3137 0.1622 -0.4917 0.0000 0.0000 1.7593 0.0775 
12.3528 10.0000 256.0728 0.3137 0.1625 -0.4908 0.0000 0.0000 1.8042 0.0621 
12.2243 10.0000 254.6184 0.3209 0.1629 -0.4891 0.0000 0.0000 1.8883 0.0621 
11.9779 10.0000 244.4683 0.3214 0.1660 -0.4800 0.0000 0.0000 1.8463 0.0657 
12.5360 10.0000 262.4392 0.3149 0.1669 -0.4900 0.0000 0.0000 1.6686 0.0790 
12.2920 10.0000 254.5728 0.3182 0.1645 -0.4903 0.0000 0.0000 1.8768 0.0708 
12.2819 10.0000 256.6288 0.3226 0.1633 -0.4943 0.0000 0.0000 1.8459 0.0690 
12.2035 6.0000 253.5413 0.3171 0.1622 -0.4891 0.0000 0.0000 1.8476 0.0708 
12.3133 10.0000 258.7424 0.3232 0.1643 -0.4972 0.0000 0.0000 1.4031 0.0690 
12.4728 2.0000 261.2525 0.3133 0.1590 -0.5061 0.0000 0.0000 1.7541 0.0639 
12.1797 10.0000 250.9320 0.3235 0.1643 -0.5005 0.0000 0.0000 2.0091 0.0668 
12.3669 10.0000 257.3925 0.3037 0.1570 -0.4791 0.0000 0.0000 1.3197 0.0626 
12.2272 10.0000 248.8091 0.3118 0.1626 -0.4941 0.0000 0.0000 4.1764 0.0751 
12.4301 10.0000 264.2701 0.3183 0.1601 -0.4914 0.0000 0.0000 4.0445 0.0583 
12.1885 10.0000 252.5523 0.3220 0.1637 -0.4944 0.0000 0.0000 1.9333 0.0690 
12.5539 10.0000 265.4816 0.3179 0.1636 -0.4992 0.0000 0.0000 1.8832 0.0735 
12.2723 10.0000 254.7035 0.3229 0.1663 -0.4914 0.0000 0.0000 2.3325 0.0751 
12.2901 9.0000 257.5941 0.3276 0.1659 -0.5048 0.0000 0.0000 2.3277 0.0690 
12.3637 10.0000 261.8384 0.3294 0.1655 -0.5022 0.0000 0.0000 2.8606 0.0724 
12.1229 10.0000 248.5357 0.3169 0.1597 -0.4978 0.0000 0.0000 2.6820 0.0724 
12.2501 10.0000 252.9827 0.3228 0.1640 -0.5078 0.0000 0.0000 1.8898 0.0810 
12.3992 10.0000 259.6928 0.3161 0.1583 -0.5070 0.0000 0.0000 1.8471 0.0662 
12.4392 5.0000 260.6320 0.3144 0.1591 -0.5000 0.0000 0.0000 1.7997 0.0713 
12.2864 10.0000 255.9091 0.3141 0.1630 -0.4831 0.0000 0.0000 1.8470 0.0544 
12.2213 10.0000 254.4016 0.3196 0.1613 -0.4935 0.0000 0.0000 2.8571 0.0713 
12.1872 10.0000 256.7157 0.3231 0.1605 -0.4930 0.0000 0.0000 2.1985 0.0678 
12.2931 10.0000 256.8712 0.3239 0.1641 -0.4984 0.0000 0.0000 4.2182 0.0665 
12.3109 10.0000 254.4269 0.3196 0.1647 -0.4925 0.0000 0.0000 3.8597 0.0707 
12.3688 10.0000 260.6925 0.3275 0.1679 -0.4974 0.0000 0.0000 2.0215 0.0553 
12.2008 10.0000 249.3512 0.3139 0.1631 -0.4860 0.0000 0.0000 1.4032 0.0739 
12.3395 8.0000 257.2165 0.3123 0.1610 -0.4826 0.0000 0.0000 3.0357 0.0675 
12.1280 8.0000 250.5384 0.3250 0.1675 -0.4806 0.0000 0.0000 2.9480 0.0735 
12.2091 10.0000 249.6445 0.3191 0.1654 -0.4943 0.0000 0.0000 2.2096 0.0547 
12.3896 10.0000 259.3499 0.3185 0.1623 -0.5001 0.0000 0.0000 1.8027 0.0668 
12.2421 10.0000 251.5285 0.3181 0.1646 -0.4926 0.0000 0.0000 1.8815 0.0666 
12.2472 10.0000 252.9853 0.3237 0.1660 -0.4998 0.0000 0.0000 2.6865 0.0660 
12.2573 10.0000 253.7456 0.3223 0.1632 -0.5086 0.0000 0.0000 2.5084 0.0660 
12.2184 10.0000 252.7963 0.3184 0.1633 -0.4948 0.0000 0.0000 1.8917 0.0664 
12.2512 10.0000 256.0275 0.3213 0.1638 -0.4859 0.0000 0.0000 1.9331 0.0660 
12.6179 10.0000 268.3720 0.3074 0.1596 -0.4868 0.0000 0.0000 1.7652 0.0814 
12.3845 6.0000 262.7243 0.3202 0.1615 -0.4960 0.0000 0.0000 1.9785 0.0660 
12.5760 10.0000 265.3552 0.3125 0.1615 -0.4968 0.0000 0.0000 2.0173 0.0660 
12.6275 10.0000 267.0955 0.3115 0.1601 -0.5008 0.0000 0.0000 1.8890 0.0660 
12.1379 6.0000 249.1699 0.3151 0.1623 -0.4811 0.0000 0.0000 1.3637 0.0660 
12.5896 6.0000 266.3035 0.3136 0.1614 -0.4971 0.0000 0.0000 1.8915 0.0660 
12.3373 10.0000 259.4989 0.3293 0.1647 -0.5161 0.0000 0.0000 1.8905 0.0660 
12.4821 10.0000 262.5683 0.3165 0.1622 -0.4989 0.0000 0.0000 1.8892 0.0660 
12.1901 9.0000 256.4197 0.3202 0.1589 -0.4916 0.0000 0.0000 1.4086 0.0660 
12.3059 10.0000 253.8915 0.3172 0.1630 -0.4987 0.0000 0.0000 1.8492 0.0660 
