12.5940 10.0000 268.7560 0.2493 0.1180 -0.4811 3.0388 6.0000 1.0811 0.1250 
12.2220 10.0000 259.5920 0.2570 0.1174 -0.4715 3.0634 6.0000 1.0983 0.0761 
12.2080 10.0000 247.0500 0.2364 0.1177 -0.4719 3.0642 6.0000 0.9241 0.0661 
11.9580 9.0000 241.2420 0.2315 0.1126 -0.4448 3.0745 6.0000 0.3454 0.0723 
11.9740 9.0000 246.7280 0.2355 0.1154 -0.4189 3.0806 7.0000 0.4354 0.0993 
12.3660 8.0000 254.6260 0.2343 0.1170 -0.4551 3.0457 6.0000 0.7397 0.0539 
12.2080 10.0000 259.8880 0.2708 0.1231 -0.4831 3.0712 6.0000 0.7880 0.0851 
12.2480 10.0000 260.7840 0.2548 0.1164 -0.4593 3.0498 6.0000 0.8086 0.0904 
12.2900 9.0000 258.7020 0.2650 0.1187 -0.5158 3.0545 5.0000 0.7426 0.1091 
12.4160 9.0000 257.3560 0.2606 0.1209 -0.5008 3.0570 5.0000 0.6138 0.0693 
11.7100 10.0000 244.7560 0.2574 0.1190 -0.4406 3.0908 6.0000 0.3929 0.0911 
11.5280 8.0000 230.6960 0.2525 0.1175 -0.4503 3.1081 6.0000 0.6950 0.0874 
12.7900 10.0000 274.0060 0.2503 0.1161 -0.5052 3.0095 5.0000 0.8337 0.0400 
11.9480 3.0000 252.9400 0.2501 0.1190 -0.4327 3.0727 6.0000 0.9194 0.0848 
12.5200 9.0000 262.4900 0.2377 0.1166 -0.4562 3.0453 5.0000 0.5624 0.0564 
12.5120 11.0000 260.0380 0.2521 0.1187 -0.5009 3.0470 6.0000 0.6601 0.1206 
12.2020 7.0000 258.3700 0.2671 0.1221 -0.4773 3.0660 5.0000 0.3539 0.0516 
12.2460 2.0000 251.9180 0.2489 0.1198 -0.4813 3.0684 6.0000 0.4893 0.0770 
11.7640 9.0000 235.1060 0.2423 0.1184 -0.4441 3.1048 6.0000 0.7888 0.0880 
11.4440 10.0000 230.5780 0.2676 0.1176 -0.4759 3.1027 5.0000 0.6619 0.1043 
12.7160 11.0000 265.3920 0.2352 0.1161 -0.4815 3.0254 6.0000 0.6567 0.0471 
11.9900 8.0000 244.5220 0.2462 0.1174 -0.4622 3.0810 6.0000 0.2641 0.0989 
12.2180 10.0000 256.5920 0.2479 0.1197 -0.4455 3.0618 6.0000 0.5735 0.0763 
11.8020 10.0000 230.8440 0.2415 0.1162 -0.4710 3.0867 5.0000 0.8267 0.1338 
11.1560 9.0000 215.8600 0.2458 0.1177 -0.4195 3.1372 6.0000 0.9702 0.0913 
12.4580 10.0000 254.1980 0.2262 0.1184 -0.4455 3.0580 6.0000 0.6597 0.0726 
12.5080 10.0000 256.9260 0.2337 0.1188 -0.4579 3.0463 6.0000 0.3983 0.0994 
12.1840 7.0000 261.1360 0.2736 0.1190 -0.5025 3.0603 6.0000 0.5219 0.0978 
11.7100 10.0000 239.3960 0.2491 0.1206 -0.4361 3.0987 6.0000 0.7003 0.0858 
11.5000 4.0000 237.2800 0.2644 0.1194 -0.4434 3.1015 6.0000 0.7400 0.0881 
11.8760 10.0000 248.1020 0.2515 0.1154 -0.4500 3.0835 6.0000 0.9743 0.0797 
12.1300 10.0000 249.3000 0.2330 0.1163 -0.4256 3.0705 6.0000 0.4853 0.0802 
12.5880 7.0000 269.6880 0.2489 0.1179 -0.4649 3.0321 5.0000 0.1762 0.0620 
11.9180 8.0000 238.9380 0.2473 0.1226 -0.4515 3.0994 6.0000 0.7465 0.0994 
11.8520 10.0000 246.3480 0.2520 0.1162 -0.4583 3.0856 5.0000 0.9056 0.0705 
12.5680 9.0000 271.3100 0.2581 0.1183 -0.5078 3.0196 5.0000 0.9207 0.1060 
12.4580 9.0000 262.5860 0.2483 0.1174 -0.4835 3.0374 5.0000 1.0087 0.0721 
12.3660 10.0000 262.8880 0.2583 0.1208 -0.4781 3.0569 5.0000 0.9248 0.1043 
12.4400 10.0000 268.0880 0.2487 0.1209 -0.4482 3.0455 5.0000 1.0102 0.0740 
12.0660 7.0000 246.6900 0.2542 0.1230 -0.4641 3.0803 6.0000 0.8369 0.0469 
11.5760 10.0000 231.1340 0.2428 0.1158 -0.4211 3.0992 5.0000 0.5177 0.0863 
11.6220 7.0000 242.4520 0.2629 0.1170 -0.4512 3.0861 6.0000 0.2414 0.0981 
12.1040 4.0000 255.9220 0.2556 0.1200 -0.4590 3.0690 5.0000 0.5371 0.0649 
12.6400 10.0000 266.7660 0.2432 0.1175 -0.4895 3.0245 5.0000 0.3951 0.0802 
12.3940 10.0000 261.6940 0.2471 0.1189 -0.4687 3.0510 5.0000 0.2221 0.0839 
12.0060 9.0000 249.8820 0.2469 0.1164 -0.4467 3.0651 6.0000 0.1080 0.0834 
12.0620 9.0000 249.1640 0.2671 0.1224 -0.4809 3.0933 6.0000 1.1739 0.1250 
11.6520 10.0000 230.9480 0.2464 0.1185 -0.4361 3.1132 6.0000 1.0928 0.0761 
12.4700 11.0000 263.6740 0.2318 0.1186 -0.4270 3.0449 6.0000 1.0153 0.0661 
11.3940 8.0000 223.9080 0.2535 0.1216 -0.4362 3.1293 6.0000 1.0964 0.0993 
12.0180 9.0000 245.5140 0.2565 0.1161 -0.4797 3.0766 6.0000 0.8718 0.0539 
11.9560 8.0000 235.8640 0.2430 0.1200 -0.4558 3.0873 6.0000 1.0092 0.1088 
11.9760 10.0000 244.8120 0.2527 0.1211 -0.4549 3.0896 6.0000 0.8941 0.0904 
11.4760 9.0000 229.1400 0.2567 0.1205 -0.4542 3.1172 6.0000 0.6930 0.1108 
12.4580 11.0000 258.1620 0.2430 0.1198 -0.4872 3.0434 6.0000 0.2201 0.0679 
12.1180 9.0000 255.0000 0.2562 0.1194 -0.4644 3.0515 5.0000 0.7404 0.0911 
12.2080 10.0000 257.4420 0.2518 0.1190 -0.4568 3.0587 6.0000 0.8324 0.0874 
12.3260 10.0000 256.5040 0.2345 0.1159 -0.4413 3.0530 5.0000 0.8347 0.0400 
12.2200 10.0000 251.4940 0.2431 0.1221 -0.4527 3.0692 6.0000 0.8786 0.0896 
12.4380 8.0000 261.5980 0.2525 0.1190 -0.4996 3.0387 5.0000 0.3458 0.0564 
12.5240 11.0000 271.6640 0.2568 0.1166 -0.4819 3.0282 5.0000 0.5268 0.0839 
11.8160 9.0000 248.8980 0.2623 0.1193 -0.4579 3.0846 6.0000 0.4834 0.1180 
12.5000 9.0000 265.8540 0.2422 0.1190 -0.4520 3.0421 6.0000 0.7451 0.0770 
11.5440 10.0000 229.7180 0.2528 0.1177 -0.4457 3.1080 6.0000 0.7930 0.0811 
11.6840 9.0000 237.1020 0.2518 0.1191 -0.4414 3.1067 6.0000 0.6147 0.1043 
11.9120 8.0000 236.4620 0.2178 0.1175 -0.3991 3.0922 6.0000 0.5740 0.0837 
12.1040 10.0000 255.2760 0.2572 0.1189 -0.4551 3.0622 6.0000 0.3505 0.0625 
11.3300 9.0000 220.4180 0.2303 0.1194 -0.3858 3.1287 6.0000 0.6602 0.0763 
12.1360 4.0000 255.6580 0.2401 0.1168 -0.4371 3.0535 5.0000 0.8736 0.1338 
12.1740 10.0000 255.8520 0.2628 0.1205 -0.4736 3.0682 6.0000 1.0096 0.0913 
12.4320 10.0000 267.2360 0.2513 0.1189 -0.4457 3.0464 6.0000 0.6132 0.0726 
12.0440 10.0000 251.2480 0.2552 0.1206 -0.4670 3.0703 6.0000 0.2660 0.0781 
12.1320 10.0000 252.7320 0.2430 0.1126 -0.4632 3.0589 6.0000 0.5669 0.0978 
11.5620 10.0000 233.6100 0.2698 0.1216 -0.4711 3.1103 6.0000 0.6589 0.0628 
11.9080 9.0000 248.6300 0.2631 0.1188 -0.4673 3.0809 6.0000 0.1780 0.0527 
12.2320 6.0000 260.4200 0.2700 0.1222 -0.4793 3.0546 5.0000 0.6115 0.1143 
12.7160 8.0000 266.2880 0.2385 0.1146 -0.4810 3.0218 5.0000 1.1714 0.0829 
12.1760 10.0000 261.4040 0.2633 0.1240 -0.4645 3.0676 6.0000 0.8794 0.0724 
11.9500 9.0000 240.7040 0.2402 0.1187 -0.4361 3.0784 6.0000 0.1324 0.0620 
11.9640 8.0000 251.2240 0.2467 0.1179 -0.4278 3.0700 6.0000 0.7909 0.1057 
11.9700 9.0000 243.9180 0.2537 0.1231 -0.4734 3.0768 5.0000 0.2003 0.0663 
12.6360 11.0000 267.7400 0.2494 0.1210 -0.4684 3.0476 6.0000 0.4397 0.0501 
12.5060 10.0000 271.8220 0.2582 0.1189 -0.4762 3.0363 5.0000 0.3952 0.0776 
12.7440 9.0000 277.5760 0.2443 0.1188 -0.4624 3.0352 6.0000 0.3542 0.1060 
11.3860 10.0000 221.1320 0.2533 0.1205 -0.4500 3.1334 6.0000 0.8770 0.0685 
12.3640 10.0000 255.9180 0.2359 0.1136 -0.4610 3.0454 6.0000 0.1327 0.0725 
12.1000 8.0000 249.0740 0.2505 0.1207 -0.4678 3.0774 5.0000 0.7038 0.1043 
12.0220 10.0000 250.4160 0.2616 0.1210 -0.4702 3.0768 6.0000 0.6597 0.0681 
12.6740 9.0000 273.0160 0.2449 0.1155 -0.4809 3.0191 5.0000 0.1767 0.0740 
11.7060 8.0000 238.2040 0.2549 0.1192 -0.4397 3.1073 6.0000 0.8797 0.0469 
11.9500 10.0000 247.5480 0.2436 0.1165 -0.4438 3.0849 6.0000 0.3516 0.0813 
12.1600 7.0000 251.9100 0.2604 0.1204 -0.4838 3.0709 5.0000 0.2413 0.0739 
12.4180 5.0000 269.5460 0.2655 0.1179 -0.4959 3.0340 7.0000 1.1252 0.1250 
11.4740 9.0000 230.3700 0.2718 0.1195 -0.4820 3.1072 6.0000 1.1781 0.0761 
12.5420 10.0000 265.0000 0.2331 0.1128 -0.4637 3.0320 6.0000 0.9166 0.0661 
11.8540 9.0000 240.9780 0.2567 0.1186 -0.4790 3.0812 5.0000 0.3503 0.1108 
11.7660 9.0000 241.8180 0.2627 0.1158 -0.4940 3.0762 5.0000 0.5131 0.0993 
12.2080 6.0000 252.3200 0.2463 0.1187 -0.4660 3.0617 5.0000 0.8276 0.0539 
12.5100 11.0000 257.4120 0.2249 0.1158 -0.4427 3.0540 6.0000 0.7895 0.0851 
12.5280 10.0000 273.7720 0.2569 0.1166 -0.4818 3.0292 6.0000 0.9385 0.0635 
12.5380 9.0000 263.0820 0.2437 0.1214 -0.4517 3.0459 6.0000 0.9197 0.0852 
12.0020 10.0000 240.5340 0.2474 0.1184 -0.4833 3.0723 6.0000 0.8658 0.1015 
12.3800 6.0000 255.7760 0.2436 0.1244 -0.4464 3.0761 5.0000 0.8700 0.0575 
12.0040 7.0000 243.1200 0.2530 0.1174 -0.5045 3.0814 6.0000 0.5267 0.0788 
12.6580 10.0000 271.3240 0.2390 0.1174 -0.4621 3.0247 6.0000 0.2196 0.0676 
12.0900 10.0000 250.3040 0.2439 0.1190 -0.4344 3.0754 6.0000 0.7025 0.0848 
12.1600 10.0000 257.6880 0.2538 0.1181 -0.4552 3.0568 5.0000 0.7584 0.0936 
12.1000 10.0000 252.6820 0.2514 0.1171 -0.4580 3.0625 5.0000 0.8345 0.0748 
11.6440 9.0000 238.1440 0.2542 0.1229 -0.4288 3.1009 6.0000 0.7935 0.0770 
12.4440 10.0000 254.1560 0.2341 0.1185 -0.4532 3.0543 6.0000 0.6627 0.0753 
12.1500 6.0000 251.2020 0.2417 0.1178 -0.4405 3.0601 5.0000 0.3947 0.0754 
12.7060 10.0000 275.6100 0.2472 0.1219 -0.4642 3.0338 5.0000 0.5710 0.0543 
11.6580 10.0000 228.4540 0.2480 0.1167 -0.4585 3.1071 6.0000 0.7026 0.0856 
11.6600 10.0000 238.0360 0.2517 0.1206 -0.4214 3.1016 6.0000 0.7516 0.0763 
12.5780 11.0000 261.6240 0.2369 0.1212 -0.4695 3.0378 6.0000 0.4391 0.0920 
11.8220 9.0000 244.3740 0.2617 0.1212 -0.4584 3.0980 6.0000 0.2222 0.0699 
11.7640 10.0000 234.2760 0.2358 0.1198 -0.4244 3.1041 6.0000 0.6567 0.0913 
12.1380 8.0000 255.0900 0.2596 0.1200 -0.4699 3.0752 6.0000 0.7499 0.0959 
11.9720 10.0000 244.1500 0.2363 0.1149 -0.4290 3.0660 6.0000 0.6989 0.0982 
11.7840 9.0000 241.1780 0.2408 0.1187 -0.4375 3.0855 6.0000 0.2943 0.1102 
12.2180 9.0000 254.0600 0.2429 0.1174 -0.4610 3.0567 6.0000 0.5703 0.0527 
12.0660 10.0000 250.5600 0.2427 0.1187 -0.4631 3.0699 6.0000 0.7461 0.0881 
11.8680 10.0000 242.0020 0.2384 0.1178 -0.4401 3.0716 6.0000 0.9922 0.0829 
11.7340 10.0000 237.0320 0.2534 0.1207 -0.4551 3.0881 6.0000 0.9664 0.0620 
12.3720 11.0000 257.8140 0.2432 0.1157 -0.4824 3.0412 5.0000 0.6612 0.0902 
11.9800 10.0000 248.3420 0.2571 0.1191 -0.4696 3.0711 5.0000 0.2207 0.0681 
12.8960 10.0000 282.6980 0.2412 0.1154 -0.4862 3.0124 5.0000 0.1758 0.0792 
12.2300 9.0000 257.6540 0.2664 0.1225 -0.4744 3.0619 6.0000 0.6161 0.1060 
12.0140 7.0000 244.4480 0.2492 0.1176 -0.4699 3.0717 6.0000 0.9640 0.0721 
12.3240 11.0000 259.4500 0.2579 0.1186 -0.4956 3.0555 6.0000 0.9675 0.1043 
12.2860 6.0000 261.5060 0.2431 0.1183 -0.4345 3.0628 6.0000 0.9236 0.0740 
12.1280 7.0000 251.3380 0.2410 0.1171 -0.4378 3.0672 6.0000 0.7488 0.0469 
12.4280 5.0000 262.7860 0.2501 0.1193 -0.4707 3.0439 6.0000 0.4838 0.0863 
12.5220 10.0000 267.8640 0.2472 0.1169 -0.4767 3.0366 5.0000 0.2416 0.0981 
11.9220 8.0000 237.3640 0.2480 0.1192 -0.4689 3.0949 6.0000 0.5049 0.0649 
12.5320 10.0000 276.4260 0.2413 0.1162 -0.4536 3.0309 6.0000 0.5241 0.0801 
12.1140 10.0000 248.7180 0.2418 0.1144 -0.4689 3.0518 5.0000 0.2249 0.0834 
11.7560 10.0000 248.0200 0.2646 0.1199 -0.4471 3.0924 6.0000 0.0814 0.0732 
12.0100 10.0000 246.8440 0.2249 0.1151 -0.4062 3.0638 6.0000 1.0790 0.1250 
12.0920 9.0000 244.3060 0.2441 0.1195 -0.4679 3.0817 6.0000 1.0080 0.0761 
11.8480 10.0000 242.4200 0.2527 0.1180 -0.4663 3.0791 6.0000 0.3509 0.0596 
12.2280 9.0000 255.2860 0.2496 0.1175 -0.4755 3.0606 5.0000 0.1737 0.0948 
11.8140 10.0000 241.0560 0.2578 0.1196 -0.4564 3.0902 5.0000 0.8955 0.0993 
12.4580 10.0000 265.9740 0.2424 0.1183 -0.4565 3.0468 6.0000 0.7857 0.0539 
12.7460 11.0000 272.7080 0.2426 0.1166 -0.4985 3.0200 6.0000 0.7928 0.1088 
11.7140 10.0000 230.7260 0.2379 0.1230 -0.4251 3.1198 6.0000 0.4297 0.0660 
11.9180 10.0000 243.1740 0.2414 0.1166 -0.4406 3.0898 6.0000 0.2191 0.0635 
12.0500 10.0000 247.7120 0.2452 0.1179 -0.4508 3.0744 6.0000 0.8264 0.0743 
12.4640 6.0000 258.4760 0.2352 0.1170 -0.4670 3.0402 6.0000 0.7417 0.1015 
12.2740 10.0000 256.7020 0.2472 0.1182 -0.4801 3.0666 6.0000 0.5209 0.0746 
11.6920 6.0000 228.6900 0.2257 0.1163 -0.4141 3.1038 6.0000 0.4336 0.0900 
12.4120 11.0000 259.5320 0.2407 0.1177 -0.4680 3.0480 5.0000 0.7458 0.0400 
12.9140 10.0000 278.0740 0.2500 0.1217 -0.4922 3.0249 6.0000 0.8786 0.0848 
12.0400 10.0000 247.3780 0.2425 0.1194 -0.4409 3.0775 5.0000 0.7720 0.0814 
12.4760 7.0000 267.3140 0.2447 0.1158 -0.4666 3.0429 6.0000 0.7044 0.1072 
12.0320 10.0000 251.8460 0.2508 0.1213 -0.4424 3.0742 5.0000 0.6189 0.0721 
12.0720 9.0000 245.9740 0.2354 0.1156 -0.4416 3.0652 5.0000 0.3967 0.0670 
12.4840 10.0000 260.8720 0.2281 0.1150 -0.4511 3.0340 5.0000 0.5284 0.0880 
12.0100 10.0000 239.8940 0.2555 0.1195 -0.5005 3.0793 5.0000 0.7479 0.1043 
11.7720 10.0000 236.7520 0.2444 0.1211 -0.4238 3.1131 6.0000 0.6574 0.0808 
12.2260 10.0000 254.1540 0.2443 0.1209 -0.4601 3.0733 6.0000 0.4817 0.0853 
12.0360 10.0000 248.6300 0.2607 0.1229 -0.4739 3.0913 7.0000 0.5731 0.0626 
12.1680 9.0000 251.7700 0.2483 0.1222 -0.4503 3.0800 6.0000 0.6507 0.1338 
12.5820 10.0000 266.8080 0.2385 0.1160 -0.4580 3.0352 6.0000 0.8346 0.0913 
11.7760 10.0000 234.3000 0.2443 0.1198 -0.4437 3.1048 5.0000 0.7032 0.0726 
12.1740 10.0000 252.6840 0.2554 0.1201 -0.4768 3.0726 5.0000 0.3954 0.0662 
12.2620 10.0000 262.3320 0.2593 0.1165 -0.4791 3.0529 6.0000 0.5234 0.0978 
11.8660 10.0000 230.0880 0.2353 0.1185 -0.4613 3.1041 6.0000 0.7061 0.1176 
11.5680 10.0000 235.3760 0.2513 0.1180 -0.4325 3.0893 6.0000 0.7026 0.1143 
12.6320 10.0000 273.6400 0.2418 0.1189 -0.4634 3.0294 5.0000 1.2552 0.0829 
12.2060 8.0000 256.1160 0.2522 0.1197 -0.4628 3.0641 6.0000 1.0900 0.0620 
12.0400 10.0000 250.3780 0.2666 0.1200 -0.4811 3.0703 6.0000 1.0492 0.0994 
11.7120 8.0000 233.5640 0.2340 0.1203 -0.4144 3.1057 6.0000 0.8552 0.0501 
11.4420 9.0000 231.2160 0.2705 0.1241 -0.4586 3.1213 6.0000 0.6593 0.0762 
12.5020 5.0000 270.6400 0.2575 0.1208 -0.4693 3.0332 6.0000 0.1777 0.0503 
12.4340 10.0000 266.0100 0.2503 0.1186 -0.4739 3.0400 6.0000 0.5251 0.0725 
12.4420 10.0000 260.4340 0.2453 0.1209 -0.4630 3.0523 6.0000 0.8830 0.1043 
11.5660 6.0000 235.0540 0.2538 0.1197 -0.4334 3.1140 6.0000 0.9731 0.0740 
12.6380 10.0000 264.7160 0.2326 0.1191 -0.4398 3.0365 6.0000 1.0111 0.0833 
12.1500 8.0000 255.4200 0.2441 0.1132 -0.4486 3.0421 5.0000 0.8011 0.0739 
11.8180 10.0000 242.0140 0.2481 0.1163 -0.4462 3.0820 6.0000 0.6124 0.0649 
11.7600 9.0000 240.6260 0.2590 0.1207 -0.4709 3.0989 6.0000 0.6094 0.0988 
12.0700 10.0000 252.7300 0.2455 0.1146 -0.4629 3.0604 5.0000 0.2744 0.0834 
12.4440 11.0000 254.3760 0.2386 0.1170 -0.4739 3.0587 6.0000 0.0806 0.0732 
12.2960 10.0000 261.2620 0.2558 0.1153 -0.4729 3.0432 6.0000 1.1361 0.1250 
11.9860 10.0000 239.6640 0.2515 0.1146 -0.4991 3.0802 6.0000 1.0925 0.0761 
12.2720 11.0000 254.7940 0.2486 0.1256 -0.4344 3.0664 6.0000 1.0549 0.0661 
12.3540 10.0000 259.1400 0.2515 0.1170 -0.4923 3.0378 5.0000 1.0576 0.0993 
12.7260 11.0000 274.2580 0.2598 0.1212 -0.5004 3.0346 5.0000 0.8752 0.0539 
12.2400 8.0000 252.9040 0.2401 0.1169 -0.4544 3.0666 5.0000 0.9199 0.1088 
12.5000 10.0000 267.3300 0.2525 0.1157 -0.4882 3.0448 5.0000 0.8940 0.0904 
12.7080 11.0000 272.7120 0.2427 0.1164 -0.4608 3.0207 6.0000 0.6471 0.1108 
11.4960 10.0000 229.2680 0.2513 0.1204 -0.4345 3.1186 6.0000 0.2187 0.0679 
12.1440 10.0000 245.7720 0.2311 0.1165 -0.4481 3.0796 6.0000 0.7348 0.0750 
12.2560 6.0000 248.2640 0.2403 0.1180 -0.4885 3.0521 5.0000 0.8737 0.0874 
11.9180 10.0000 237.9640 0.2510 0.1210 -0.4772 3.0856 6.0000 0.7942 0.0697 
12.1140 10.0000 253.9920 0.2512 0.1183 -0.4627 3.0599 6.0000 0.7446 0.0866 
11.5800 5.0000 235.0340 0.2501 0.1157 -0.4487 3.1056 6.0000 0.4376 0.0786 
12.7320 11.0000 277.3360 0.2526 0.1167 -0.4865 3.0183 6.0000 0.7717 0.0839 
11.8320 10.0000 238.9360 0.2287 0.1187 -0.3933 3.0938 6.0000 0.4411 0.0732 
11.9940 9.0000 246.1140 0.2419 0.1166 -0.4482 3.0769 5.0000 0.7481 0.0770 
12.3280 9.0000 261.5620 0.2632 0.1197 -0.4792 3.0632 6.0000 0.8376 0.0811 
11.7540 8.0000 241.7460 0.2642 0.1190 -0.4815 3.0997 6.0000 0.5703 0.1043 
11.8200 6.0000 235.5440 0.2511 0.1209 -0.4627 3.0968 6.0000 0.5681 0.0959 
12.1160 8.0000 252.6660 0.2426 0.1208 -0.4371 3.0644 6.0000 0.4370 0.0625 
12.0200 9.0000 254.1120 0.2370 0.1103 -0.4443 3.0571 6.0000 0.6146 0.0763 
11.9780 5.0000 241.0440 0.2570 0.1213 -0.4702 3.0816 6.0000 0.7103 0.1338 
12.1940 10.0000 261.4180 0.2590 0.1208 -0.4561 3.0539 5.0000 0.6603 0.0592 
11.7200 10.0000 234.6080 0.2582 0.1208 -0.4810 3.1048 5.0000 0.3979 0.0641 
12.1340 10.0000 248.3240 0.2443 0.1179 -0.4520 3.0671 6.0000 0.6578 0.0593 
12.2780 10.0000 260.3700 0.2433 0.1194 -0.4355 3.0712 6.0000 0.7001 0.0692 
12.0760 8.0000 244.6460 0.2365 0.1166 -0.4554 3.0629 6.0000 0.7065 0.0628 
11.9700 10.0000 254.5320 0.2627 0.1209 -0.4558 3.0714 6.0000 0.6129 0.0624 
11.6380 10.0000 240.2860 0.2613 0.1193 -0.4395 3.0943 6.0000 0.5680 0.0881 
12.5540 10.0000 270.6340 0.2456 0.1198 -0.4673 3.0383 6.0000 0.7076 0.0797 
12.1860 10.0000 248.4200 0.2384 0.1202 -0.4543 3.0613 5.0000 0.1346 0.0678 
12.3700 10.0000 269.0720 0.2566 0.1180 -0.4983 3.0308 5.0000 0.4383 0.0620 
11.6640 5.0000 232.4120 0.2558 0.1210 -0.4694 3.1056 6.0000 1.0103 0.0994 
12.1240 8.0000 246.6920 0.2478 0.1179 -0.4865 3.0659 5.0000 0.8253 0.0501 
11.9060 7.0000 249.5240 0.2529 0.1166 -0.4417 3.0668 6.0000 0.9194 0.1060 
12.1280 10.0000 253.7940 0.2529 0.1215 -0.4521 3.0675 6.0000 1.0031 0.0721 
12.1640 9.0000 252.7180 0.2451 0.1186 -0.4517 3.0693 6.0000 0.8794 0.1043 
12.1220 10.0000 255.2140 0.2682 0.1202 -0.4928 3.0665 5.0000 0.5704 0.0681 
12.2920 10.0000 255.6220 0.2511 0.1194 -0.4721 3.0566 6.0000 0.2196 0.0740 
12.5200 11.0000 269.9500 0.2451 0.1188 -0.4562 3.0368 6.0000 0.7921 0.0813 
12.2700 6.0000 261.1640 0.2449 0.1155 -0.4595 3.0384 6.0000 0.6429 0.0739 
11.8620 10.0000 237.1580 0.2525 0.1203 -0.4689 3.0921 5.0000 0.7169 0.0649 
11.6480 9.0000 231.2520 0.2419 0.1167 -0.4608 3.0918 6.0000 0.5670 0.0988 
12.1880 11.0000 248.2280 0.2523 0.1201 -0.4824 3.0689 5.0000 0.2646 0.0834 
11.8000 10.0000 231.2920 0.2393 0.1186 -0.4310 3.1124 6.0000 0.0999 0.0732 
12.0740 10.0000 247.7640 0.2471 0.1176 -0.4755 3.0731 6.0000 1.1321 0.1250 
12.5100 7.0000 268.1920 0.2450 0.1179 -0.4602 3.0465 6.0000 1.1657 0.0761 
11.9920 10.0000 250.3420 0.2550 0.1197 -0.4524 3.0725 6.0000 1.0183 0.0661 
11.8060 9.0000 238.1460 0.2504 0.1188 -0.4609 3.1076 6.0000 1.0248 0.0993 
11.9320 10.0000 237.9800 0.2376 0.1177 -0.4624 3.0868 6.0000 0.8278 0.0539 
11.9520 10.0000 243.6480 0.2607 0.1225 -0.4803 3.0854 5.0000 1.0139 0.1088 
12.3780 10.0000 260.5700 0.2431 0.1156 -0.4669 3.0467 6.0000 0.8211 0.0730 
11.9380 10.0000 249.4320 0.2271 0.1134 -0.4177 3.0679 6.0000 0.3010 0.0821 
11.5100 10.0000 237.0280 0.2780 0.1189 -0.4936 3.1007 6.0000 0.3951 0.0852 
12.0540 10.0000 250.7580 0.2534 0.1186 -0.4612 3.0786 6.0000 0.8673 0.1015 
11.8060 10.0000 236.9540 0.2450 0.1205 -0.4419 3.0972 6.0000 0.9201 0.0874 
12.3920 10.0000 262.3600 0.2496 0.1196 -0.4743 3.0463 6.0000 0.7929 0.0697 
12.4300 10.0000 265.0160 0.2422 0.1197 -0.4368 3.0464 5.0000 0.3047 0.1004 
12.3040 6.0000 259.5120 0.2587 0.1216 -0.4765 3.0649 6.0000 0.3468 0.0864 
12.2620 10.0000 259.0780 0.2582 0.1203 -0.4867 3.0493 5.0000 0.7005 0.0936 
12.4700 10.0000 258.0840 0.2319 0.1144 -0.4765 3.0457 6.0000 0.7480 0.0748 
12.5120 10.0000 263.7020 0.2405 0.1192 -0.4632 3.0495 5.0000 0.8358 0.0770 
12.1680 8.0000 251.1760 0.2393 0.1201 -0.4447 3.0725 6.0000 0.8361 0.0697 
12.1020 11.0000 241.6900 0.2380 0.1194 -0.4587 3.0768 6.0000 0.2202 0.0796 
11.9940 9.0000 258.9180 0.2675 0.1174 -0.4589 3.0669 5.0000 0.3949 0.0845 
12.2060 10.0000 252.3820 0.2489 0.1168 -0.4645 3.0602 6.0000 0.6985 0.0625 
11.8260 10.0000 241.6500 0.2503 0.1176 -0.4560 3.0922 6.0000 0.8366 0.0763 
12.1360 9.0000 258.6720 0.2674 0.1202 -0.4809 3.0649 5.0000 0.8351 0.1338 
12.2620 10.0000 257.1040 0.2429 0.1185 -0.4442 3.0603 5.0000 0.9230 0.0913 
12.1700 10.0000 254.1980 0.2505 0.1196 -0.4639 3.0696 6.0000 0.5278 0.0662 
12.0960 8.0000 248.9980 0.2467 0.1200 -0.4456 3.0781 7.0000 0.1758 0.0619 
12.1640 6.0000 246.9940 0.2420 0.1191 -0.4680 3.0559 5.0000 0.5299 0.0780 
12.3460 10.0000 253.9280 0.2469 0.1196 -0.4859 3.0513 6.0000 0.7448 0.1176 
12.3380 10.0000 253.8900 0.2474 0.1186 -0.4790 3.0518 5.0000 0.5257 0.0624 
12.0560 10.0000 246.1220 0.2332 0.1191 -0.4376 3.0741 6.0000 0.3562 0.0881 
12.0200 10.0000 242.9640 0.2445 0.1186 -0.4696 3.0741 6.0000 0.4500 0.0829 
12.1560 6.0000 262.4440 0.2495 0.1162 -0.4436 3.0451 6.0000 0.8353 0.0620 
12.1220 3.0000 253.1540 0.2509 0.1177 -0.4640 3.0593 5.0000 1.0493 0.0994 
12.1760 7.0000 256.8680 0.2437 0.1170 -0.4413 3.0551 6.0000 0.9114 0.0705 
10.9260 10.0000 219.2700 0.2693 0.1210 -0.4162 3.1471 6.0000 0.8779 0.1060 
11.7500 10.0000 247.7000 0.2584 0.1184 -0.4284 3.0827 6.0000 0.9199 0.0721 
11.7460 10.0000 231.7020 0.2309 0.1182 -0.4269 3.1024 6.0000 0.3518 0.0643 
11.7180 5.0000 237.2540 0.2542 0.1205 -0.4338 3.1149 6.0000 0.2611 0.1153 
12.7000 10.0000 262.9680 0.2374 0.1179 -0.4821 3.0334 5.0000 0.7515 0.0740 
11.6940 10.0000 237.4320 0.2509 0.1195 -0.4456 3.0964 6.0000 0.9729 0.0983 
12.0360 10.0000 247.5640 0.2555 0.1174 -0.4769 3.0701 5.0000 0.7565 0.0739 
11.9760 5.0000 238.5700 0.2367 0.1190 -0.4294 3.0847 7.0000 0.6487 0.0649 
12.0100 9.0000 249.0060 0.2618 0.1215 -0.4670 3.0851 8.0000 0.6730 0.0988 
12.5800 10.0000 269.5380 0.2514 0.1196 -0.4888 3.0375 5.0000 0.1615 0.0794 
12.1600 5.0000 248.6980 0.2458 0.1164 -0.4710 3.0665 6.0000 0.0928 0.0732 
11.5140 6.0000 230.8240 0.2686 0.1197 -0.4798 3.1080 6.0000 1.1674 0.1250 
11.8320 10.0000 245.4100 0.2540 0.1165 -0.4557 3.0773 6.0000 1.1323 0.0761 
12.6860 10.0000 274.3300 0.2376 0.1187 -0.4609 3.0275 6.0000 1.0568 0.0661 
11.6460 10.0000 227.4440 0.2509 0.1186 -0.4738 3.1077 6.0000 0.9767 0.0596 
11.9820 9.0000 249.8700 0.2499 0.1175 -0.4427 3.0674 6.0000 0.1330 0.0993 
11.8080 6.0000 237.2220 0.2438 0.1186 -0.4393 3.0860 5.0000 0.6523 0.0539 
12.0680 10.0000 256.7660 0.2524 0.1180 -0.4556 3.0608 6.0000 0.7500 0.1088 
12.2800 7.0000 254.4620 0.2497 0.1190 -0.4731 3.0635 6.0000 0.5152 0.0825 
12.7840 6.0000 274.9500 0.2371 0.1185 -0.4597 3.0240 5.0000 0.1753 0.0678 
12.2760 9.0000 255.9480 0.2501 0.1148 -0.4896 3.0459 6.0000 0.7447 0.0852 
12.1420 10.0000 252.0280 0.2378 0.1202 -0.4219 3.0609 6.0000 0.7845 0.1015 
12.6860 10.0000 265.4740 0.2344 0.1175 -0.4615 3.0418 6.0000 0.8693 0.0575 
12.4860 10.0000 266.2140 0.2396 0.1175 -0.4579 3.0261 6.0000 0.5315 0.0788 
12.4600 10.0000 265.6500 0.2465 0.1163 -0.4676 3.0334 5.0000 0.2197 0.0737 
11.7820 5.0000 251.3820 0.2714 0.1209 -0.4636 3.0764 6.0000 0.7039 0.0848 
12.1500 9.0000 251.1120 0.2400 0.1219 -0.4314 3.0828 6.0000 0.7223 0.0936 
12.0660 10.0000 250.1900 0.2320 0.1141 -0.4252 3.0657 6.0000 0.7931 0.0748 
11.9380 10.0000 237.9180 0.2422 0.1207 -0.4456 3.0971 6.0000 0.7455 0.0770 
12.3760 6.0000 261.3220 0.2474 0.1205 -0.4549 3.0532 6.0000 0.7051 0.0753 
12.5740 11.0000 265.3460 0.2424 0.1182 -0.4723 3.0409 6.0000 0.3951 0.0389 
12.9980 10.0000 281.2100 0.2340 0.1149 -0.4760 3.0129 6.0000 0.5256 0.0543 
11.3920 9.0000 229.9020 0.2518 0.1172 -0.4285 3.1131 6.0000 0.6595 0.0856 
12.2240 11.0000 251.3840 0.2583 0.1231 -0.4768 3.0664 6.0000 0.7474 0.0763 
11.9100 10.0000 242.5600 0.2474 0.1191 -0.4534 3.0759 6.0000 0.3954 0.0920 
11.9480 8.0000 249.3980 0.2563 0.1153 -0.4834 3.0604 5.0000 0.2200 0.0699 
12.2320 10.0000 252.1280 0.2464 0.1151 -0.4733 3.0529 5.0000 0.6615 0.0913 
12.8320 10.0000 284.7960 0.2527 0.1176 -0.4815 3.0191 6.0000 0.7042 0.0959 
12.1320 7.0000 244.2760 0.2417 0.1204 -0.4772 3.0769 6.0000 0.7483 0.0977 
12.1940 7.0000 252.6540 0.2344 0.1198 -0.4346 3.0555 5.0000 0.4256 0.1218 
11.8220 5.0000 233.4100 0.2423 0.1156 -0.4699 3.0955 6.0000 0.5252 0.0527 
11.6940 7.0000 226.4120 0.2452 0.1194 -0.4788 3.1013 5.0000 0.6554 0.0881 
12.1480 10.0000 252.4700 0.2482 0.1192 -0.4572 3.0715 6.0000 0.9226 0.0829 
12.0880 6.0000 254.6920 0.2465 0.1183 -0.4432 3.0552 5.0000 1.0126 0.0620 
12.0400 10.0000 252.5000 0.2413 0.1226 -0.4158 3.0827 6.0000 1.0571 0.1190 
12.4280 10.0000 255.5460 0.2435 0.1197 -0.4780 3.0639 6.0000 0.7716 0.0501 
12.6360 10.0000 278.4260 0.2492 0.1147 -0.4725 3.0265 6.0000 0.2620 0.0776 
11.8560 10.0000 244.4520 0.2444 0.1199 -0.4236 3.0917 6.0000 0.3945 0.0503 
11.9040 10.0000 243.2500 0.2564 0.1189 -0.4632 3.0784 6.0000 0.7889 0.0721 
12.3760 10.0000 257.6640 0.2369 0.1214 -0.4339 3.0616 6.0000 0.9206 0.1043 
11.4860 10.0000 223.1020 0.2386 0.1193 -0.4313 3.1245 6.0000 1.0139 0.0740 
12.0900 8.0000 254.3640 0.2685 0.1209 -0.4806 3.0785 5.0000 1.0555 0.0833 
11.8220 8.0000 238.1560 0.2474 0.1196 -0.4416 3.1057 6.0000 0.8063 0.0739 
11.4860 10.0000 221.6120 0.2373 0.1202 -0.4175 3.1279 6.0000 0.4695 0.0843 
12.1480 10.0000 246.4620 0.2387 0.1177 -0.4576 3.0691 5.0000 0.2494 0.0710 
12.1020 6.0000 255.5260 0.2525 0.1155 -0.4721 3.0605 6.0000 0.3843 0.0700 
12.1200 7.0000 253.4040 0.2466 0.1175 -0.4610 3.0604 5.0000 1.0842 0.1250 
12.7000 10.0000 267.5820 0.2428 0.1180 -0.4771 3.0305 5.0000 1.0537 0.0761 
12.2380 6.0000 255.2820 0.2473 0.1173 -0.4684 3.0454 6.0000 1.0140 0.0661 
12.2660 10.0000 253.3780 0.2541 0.1190 -0.4840 3.0666 6.0000 0.3748 0.0737 
12.0440 11.0000 249.6040 0.2612 0.1174 -0.4859 3.0718 5.0000 0.5575 0.0993 
12.4900 10.0000 261.8260 0.2495 0.1178 -0.4887 3.0382 5.0000 0.8282 0.0539 
12.2500 6.0000 254.8640 0.2450 0.1206 -0.4552 3.0624 6.0000 0.8341 0.1088 
12.0560 11.0000 246.5700 0.2449 0.1202 -0.4405 3.0815 6.0000 0.7744 0.0582 
12.0880 8.0000 253.4820 0.2547 0.1197 -0.4724 3.0755 5.0000 0.1322 0.0635 
11.7180 10.0000 232.6020 0.2567 0.1195 -0.4811 3.1102 5.0000 0.7410 0.0743 
12.1600 5.0000 246.2160 0.2479 0.1210 -0.4672 3.0662 6.0000 0.4838 0.0903 
12.3140 11.0000 253.8620 0.2456 0.1205 -0.4530 3.0608 6.0000 0.5174 0.0750 
12.1220 9.0000 256.8240 0.2532 0.1156 -0.4769 3.0601 5.0000 0.7391 0.0575 
12.4080 11.0000 262.0360 0.2494 0.1205 -0.4730 3.0473 6.0000 0.2165 0.0900 
11.8500 6.0000 236.5480 0.2462 0.1200 -0.4477 3.0790 6.0000 0.5709 0.0400 
11.5340 10.0000 232.6880 0.2663 0.1236 -0.4510 3.1182 6.0000 1.0080 0.0848 
11.8540 10.0000 244.2000 0.2539 0.1203 -0.4378 3.0841 6.0000 0.8038 0.0936 
11.8920 10.0000 247.8740 0.2584 0.1193 -0.4513 3.0804 6.0000 0.7493 0.1072 
12.3340 10.0000 260.4060 0.2513 0.1198 -0.4766 3.0553 6.0000 0.3935 0.1180 
11.9500 10.0000 247.2040 0.2502 0.1166 -0.4502 3.0789 6.0000 0.5727 0.0770 
12.4580 11.0000 260.5040 0.2389 0.1180 -0.4650 3.0460 6.0000 0.6181 0.0753 
12.4300 9.0000 258.9660 0.2550 0.1207 -0.4785 3.0435 6.0000 0.2647 0.0880 
12.0980 10.0000 246.2140 0.2369 0.1179 -0.4437 3.0626 5.0000 0.5691 0.1043 
11.9240 10.0000 236.8500 0.2483 0.1203 -0.4801 3.0896 5.0000 0.5270 0.0959 
12.2780 10.0000 257.2340 0.2487 0.1195 -0.4588 3.0525 6.0000 0.4390 0.0778 
11.7840 7.0000 235.7480 0.2532 0.1226 -0.4563 3.1099 6.0000 0.4818 0.0553 
12.8120 7.0000 268.8160 0.2409 0.1214 -0.4760 3.0336 5.0000 0.3915 0.0626 
12.0280 10.0000 247.6960 0.2422 0.1184 -0.4401 3.0797 6.0000 0.6599 0.1338 
12.5980 6.0000 267.4360 0.2464 0.1177 -0.4919 3.0436 5.0000 0.7005 0.0592 
11.7820 10.0000 236.0680 0.2475 0.1179 -0.4529 3.1028 6.0000 0.4401 0.0922 
12.2900 9.0000 255.6840 0.2460 0.1178 -0.4724 3.0440 6.0000 0.5296 0.0593 
12.3980 10.0000 257.8540 0.2389 0.1169 -0.4654 3.0514 6.0000 0.6972 0.0692 
11.6000 10.0000 229.1660 0.2582 0.1195 -0.4740 3.1092 6.0000 0.7435 0.0628 
12.1400 10.0000 247.7900 0.2372 0.1183 -0.4479 3.0695 6.0000 0.5271 0.0624 
12.2220 9.0000 252.4500 0.2338 0.1158 -0.4513 3.0634 6.0000 0.3969 0.0881 
11.9820 10.0000 243.2500 0.2358 0.1170 -0.4337 3.0739 6.0000 0.7034 0.0829 
11.7700 10.0000 237.7980 0.2544 0.1188 -0.4825 3.0905 5.0000 0.9192 0.0620 
12.4000 10.0000 258.9560 0.2371 0.1178 -0.4454 3.0463 6.0000 1.0998 0.0994 
11.5520 10.0000 229.9360 0.2449 0.1197 -0.4287 3.1152 6.0000 0.9471 0.0501 
11.5680 6.0000 233.5040 0.2502 0.1181 -0.4257 3.1082 6.0000 0.7948 0.1060 
12.3120 8.0000 258.3400 0.2307 0.1166 -0.4372 3.0490 6.0000 0.4873 0.0749 
12.4980 6.0000 260.9160 0.2415 0.1174 -0.4653 3.0454 6.0000 0.2202 0.0725 
12.4420 10.0000 261.3120 0.2541 0.1190 -0.4946 3.0371 5.0000 0.7435 0.1043 
11.9540 10.0000 247.0260 0.2406 0.1186 -0.4254 3.0765 6.0000 0.8794 0.0740 
12.1500 9.0000 253.8840 0.2490 0.1155 -0.4687 3.0573 5.0000 1.0090 0.0833 
12.0640 10.0000 248.2380 0.2358 0.1227 -0.3964 3.0908 6.0000 1.1706 0.1250 
11.8540 10.0000 250.6920 0.2621 0.1191 -0.4535 3.0729 5.0000 1.0814 0.1077 
12.2040 10.0000 257.3380 0.2426 0.1163 -0.4590 3.0535 5.0000 0.1324 0.1047 
12.0780 5.0000 243.0080 0.2270 0.1194 -0.4076 3.0946 6.0000 0.5721 0.0661 
12.2660 10.0000 267.6640 0.2610 0.1174 -0.4744 3.0397 6.0000 0.3014 0.0470 
11.8900 10.0000 248.6060 0.2624 0.1226 -0.4569 3.0858 6.0000 0.6022 0.0993 
12.1920 10.0000 257.8980 0.2587 0.1183 -0.4749 3.0540 5.0000 0.8298 0.0539 
11.6140 10.0000 234.0200 0.2553 0.1224 -0.4329 3.1079 6.0000 0.9206 0.1088 
11.8200 10.0000 240.2260 0.2495 0.1218 -0.4404 3.1001 6.0000 0.8616 0.0904 
11.9840 10.0000 254.3600 0.2562 0.1208 -0.4379 3.0644 5.0000 0.8651 0.1091 
12.3220 9.0000 261.3720 0.2514 0.1158 -0.4763 3.0368 6.0000 0.4760 0.0903 
12.3520 11.0000 249.2960 0.2376 0.1168 -0.4743 3.0564 6.0000 0.5290 0.0911 
12.1720 10.0000 248.8080 0.2557 0.1171 -0.4944 3.0712 5.0000 0.7840 0.0874 
12.1800 10.0000 253.7280 0.2451 0.1150 -0.4596 3.0571 6.0000 0.8357 0.0400 
12.3520 10.0000 259.4440 0.2457 0.1168 -0.4730 3.0445 5.0000 0.9229 0.0848 
12.7160 10.0000 293.7680 0.2419 0.1167 -0.4268 3.0001 6.0000 0.7777 0.0936 
12.1700 10.0000 259.0320 0.2632 0.1189 -0.4773 3.0611 6.0000 0.8333 0.1007 
11.9980 10.0000 242.7580 0.2426 0.1200 -0.4468 3.0847 6.0000 0.7902 0.0770 
11.6280 8.0000 242.4600 0.2580 0.1180 -0.4309 3.1001 6.0000 0.6147 0.0753 
12.9180 11.0000 286.6620 0.2402 0.1192 -0.4279 3.0095 6.0000 0.4013 0.0888 
12.6200 9.0000 269.3740 0.2368 0.1150 -0.4593 3.0258 6.0000 0.5726 0.0543 
11.9080 8.0000 236.9740 0.2434 0.1216 -0.4586 3.1001 6.0000 0.7011 0.0856 
12.4540 10.0000 267.6980 0.2486 0.1178 -0.4551 3.0492 6.0000 0.7943 0.0763 
12.6160 9.0000 262.6300 0.2454 0.1180 -0.4869 3.0356 6.0000 0.7457 0.1338 
12.2280 7.0000 249.3960 0.2397 0.1190 -0.4607 3.0683 6.0000 0.6539 0.0592 
12.2900 10.0000 258.8920 0.2565 0.1169 -0.4841 3.0540 5.0000 0.4767 0.0922 
12.4540 10.0000 270.4120 0.2421 0.1147 -0.4483 3.0355 5.0000 0.4898 0.0593 
11.2120 3.0000 217.3860 0.2579 0.1218 -0.4344 3.1471 6.0000 0.6594 0.0692 
12.3340 10.0000 264.5380 0.2445 0.1209 -0.4374 3.0517 6.0000 0.7039 0.0628 
11.7860 9.0000 238.8000 0.2374 0.1197 -0.4252 3.0959 6.0000 0.5257 0.0624 
12.1480 10.0000 249.2260 0.2452 0.1167 -0.4707 3.0590 6.0000 0.4835 0.0881 
12.6580 9.0000 280.7340 0.2470 0.1171 -0.4458 3.0180 5.0000 0.5303 0.0829 
12.3760 8.0000 256.7300 0.2299 0.1182 -0.4324 3.0554 6.0000 0.8268 0.0620 
11.9580 10.0000 243.3120 0.2484 0.1207 -0.4668 3.0781 5.0000 1.0099 0.0994 
12.0700 8.0000 253.9320 0.2552 0.1183 -0.4623 3.0626 5.0000 0.9504 0.0501 
12.1240 9.0000 250.0720 0.2438 0.1198 -0.4404 3.0764 5.0000 0.8337 0.1060 
12.4100 6.0000 254.0300 0.2445 0.1182 -0.4695 3.0556 6.0000 0.4827 0.0749 
11.9480 8.0000 248.6140 0.2478 0.1170 -0.4470 3.0637 6.0000 0.2198 0.0725 
11.6880 9.0000 236.5340 0.2479 0.1135 -0.4447 3.0920 6.0000 0.7449 0.1043 
11.7960 9.0000 241.0940 0.2546 0.1205 -0.4518 3.0885 5.0000 0.8769 0.0740 
12.0820 10.0000 257.4420 0.2553 0.1224 -0.4391 3.0753 6.0000 1.0519 0.0983 
12.4200 9.0000 266.1180 0.2442 0.1197 -0.4465 3.0390 6.0000 0.7239 0.0739 
12.5240 11.0000 262.7840 0.2303 0.1169 -0.4424 3.0218 6.0000 0.6863 0.0649 
12.3520 10.0000 252.5640 0.2599 0.1195 -0.5216 3.0528 5.0000 0.6359 0.0988 
12.7020 10.0000 278.1160 0.2483 0.1161 -0.4648 3.0129 5.0000 0.1936 0.0794 
12.1140 10.0000 249.8080 0.2525 0.1178 -0.4899 3.0603 6.0000 1.0881 0.1250 
12.0640 10.0000 247.3800 0.2391 0.1197 -0.4185 3.0790 6.0000 1.0925 0.0761 
12.3820 10.0000 258.9740 0.2667 0.1259 -0.4950 3.0571 6.0000 1.0601 0.0661 
12.1920 10.0000 255.4660 0.2297 0.1141 -0.4391 3.0521 6.0000 0.3278 0.0937 
12.4600 5.0000 268.9480 0.2612 0.1173 -0.4925 3.0391 6.0000 0.3439 0.0993 
12.3120 10.0000 250.8420 0.2321 0.1156 -0.4563 3.0542 6.0000 0.6641 0.0539 
12.2760 9.0000 255.0080 0.2433 0.1181 -0.4768 3.0543 5.0000 0.7495 0.0864 
12.5900 10.0000 266.8460 0.2380 0.1178 -0.4509 3.0287 6.0000 0.8615 0.0635 
12.1340 10.0000 249.2620 0.2421 0.1165 -0.4474 3.0650 6.0000 0.8685 0.0743 
11.7980 10.0000 243.8340 0.2720 0.1220 -0.4735 3.0970 6.0000 0.8298 0.1015 
12.3580 10.0000 270.3400 0.2569 0.1181 -0.4607 3.0404 6.0000 0.6063 0.0796 
12.2180 10.0000 251.9520 0.2437 0.1174 -0.4736 3.0558 6.0000 0.3512 0.0900 
12.0100 9.0000 251.6960 0.2439 0.1168 -0.4348 3.0613 6.0000 0.7022 0.0400 
12.0640 4.0000 244.5240 0.2535 0.1231 -0.4833 3.0842 6.0000 0.7013 0.0866 
11.7480 10.0000 232.3020 0.2563 0.1212 -0.4783 3.1039 5.0000 0.3482 0.0655 
12.5560 9.0000 266.5420 0.2414 0.1181 -0.4612 3.0437 6.0000 0.3115 0.0936 
12.0060 10.0000 244.6300 0.2365 0.1204 -0.4308 3.0797 6.0000 0.6607 0.1072 
11.7320 6.0000 248.4680 0.2687 0.1201 -0.4501 3.0946 6.0000 0.6621 0.0721 
12.3360 10.0000 256.4140 0.2542 0.1188 -0.4837 3.0575 6.0000 0.3964 0.0670 
11.9280 10.0000 234.4200 0.2339 0.1182 -0.4391 3.0860 6.0000 0.5672 0.0880 
11.9040 4.0000 236.3260 0.2391 0.1202 -0.4402 3.0980 6.0000 0.7480 0.1043 
12.0980 8.0000 253.3880 0.2597 0.1161 -0.4902 3.0650 6.0000 0.6642 0.0808 
12.3800 10.0000 257.9840 0.2438 0.1169 -0.4702 3.0461 6.0000 0.4410 0.0553 
12.1120 10.0000 255.6020 0.2631 0.1201 -0.4651 3.0724 6.0000 0.4448 0.0626 
11.9520 9.0000 248.3900 0.2541 0.1165 -0.4661 3.0663 6.0000 0.5629 0.1338 
11.9820 10.0000 248.9620 0.2489 0.1184 -0.4422 3.0681 6.0000 0.7926 0.0592 
12.3760 9.0000 268.9180 0.2397 0.1146 -0.4582 3.0341 6.0000 0.1783 0.0555 
12.7900 11.0000 272.1760 0.2443 0.1204 -0.4680 3.0186 5.0000 0.5673 0.0726 
12.3320 10.0000 258.9260 0.2511 0.1193 -0.4556 3.0520 6.0000 0.5725 0.0994 
11.5860 10.0000 229.8420 0.2497 0.1217 -0.4389 3.1153 6.0000 0.4365 0.0978 
11.9380 9.0000 245.1660 0.2421 0.1206 -0.4299 3.0967 6.0000 0.7480 0.1176 
11.9720 10.0000 238.9140 0.2373 0.1196 -0.4427 3.0821 6.0000 0.7065 0.0881 
12.6800 11.0000 263.5560 0.2461 0.1184 -0.4989 3.0339 5.0000 1.1150 0.0829 
12.3320 10.0000 255.4260 0.2452 0.1210 -0.4670 3.0598 5.0000 0.9225 0.0620 
12.6320 10.0000 273.0900 0.2567 0.1202 -0.4871 3.0255 5.0000 0.9684 0.1190 
12.2280 7.0000 257.1240 0.2419 0.1139 -0.4598 3.0523 6.0000 0.6338 0.0522 
12.5260 8.0000 266.7120 0.2414 0.1159 -0.4734 3.0332 5.0000 0.1752 0.0825 
12.4420 10.0000 266.3780 0.2586 0.1166 -0.4921 3.0394 6.0000 0.5281 0.0503 
11.6500 10.0000 233.7420 0.2514 0.1198 -0.4492 3.1044 5.0000 0.8335 0.0725 
12.5120 7.0000 263.6340 0.2324 0.1224 -0.4286 3.0464 6.0000 0.9647 0.1043 
12.8940 5.0000 280.2000 0.2437 0.1182 -0.4886 3.0129 5.0000 0.9237 0.0740 
12.6840 11.0000 274.8860 0.2431 0.1203 -0.4473 3.0226 6.0000 1.0558 0.0833 
11.5000 9.0000 230.1720 0.2417 0.1157 -0.4303 3.1111 6.0000 0.6896 0.0739 
11.6860 10.0000 234.5720 0.2512 0.1205 -0.4502 3.1086 6.0000 0.2878 0.0843 
12.1680 5.0000 252.4780 0.2456 0.1220 -0.4485 3.0769 6.0000 0.2542 0.0563 
12.3640 10.0000 260.2040 0.2460 0.1175 -0.4763 3.0431 6.0000 1.1358 0.1250 
11.6380 10.0000 235.1760 0.2553 0.1191 -0.4642 3.1059 6.0000 1.1696 0.0761 
12.2340 9.0000 255.1940 0.2478 0.1214 -0.4599 3.0627 6.0000 1.0195 0.0661 
12.5520 10.0000 269.9160 0.2445 0.1214 -0.4515 3.0325 6.0000 1.0710 0.0993 
12.4340 10.0000 262.6400 0.2548 0.1174 -0.4835 3.0399 5.0000 0.8323 0.0539 
11.9600 10.0000 238.5060 0.2333 0.1185 -0.4361 3.0906 6.0000 0.9226 0.1088 
12.0880 9.0000 247.1600 0.2435 0.1159 -0.4544 3.0724 6.0000 0.7617 0.0582 
12.1500 7.0000 257.3320 0.2442 0.1188 -0.4495 3.0656 6.0000 0.2084 0.1011 
11.2580 10.0000 216.3700 0.2437 0.1202 -0.4284 3.1368 6.0000 0.5676 0.0852 
11.7800 10.0000 245.6120 0.2693 0.1175 -0.4819 3.0836 5.0000 0.9539 0.1015 
12.3140 10.0000 269.0580 0.2614 0.1171 -0.4849 3.0302 5.0000 0.9487 0.0874 
11.8720 6.0000 243.8360 0.2387 0.1184 -0.4185 3.0816 6.0000 0.8825 0.0697 
12.0680 10.0000 246.3720 0.2379 0.1195 -0.4204 3.0857 6.0000 0.6591 0.0866 
11.9380 10.0000 243.4640 0.2562 0.1166 -0.4823 3.0721 5.0000 0.4325 0.0655 
12.1320 9.0000 255.9780 0.2663 0.1241 -0.4720 3.0719 6.0000 0.9847 0.0856 
11.6460 2.0000 240.1540 0.2660 0.1200 -0.4632 3.0988 5.0000 0.4838 0.1180 
12.4420 10.0000 258.6000 0.2375 0.1166 -0.4707 3.0546 6.0000 0.7814 0.0770 
11.9560 10.0000 241.7320 0.2344 0.1159 -0.4345 3.0788 6.0000 0.8336 0.0880 
11.9060 10.0000 251.2700 0.2504 0.1169 -0.4354 3.0703 6.0000 0.7465 0.1043 
11.6440 7.0000 236.8160 0.2657 0.1188 -0.4765 3.1076 6.0000 0.6185 0.0948 
11.9940 10.0000 242.8160 0.2324 0.1186 -0.4264 3.0811 6.0000 0.3946 0.1148 
12.2200 11.0000 255.3400 0.2469 0.1198 -0.4596 3.0624 5.0000 0.5743 0.0626 
12.1780 9.0000 255.3360 0.2453 0.1160 -0.4567 3.0513 6.0000 0.6536 0.1338 
11.8020 8.0000 240.5120 0.2493 0.1203 -0.4325 3.0897 6.0000 0.9200 0.0913 
12.3780 10.0000 259.1920 0.2377 0.1168 -0.4558 3.0400 5.0000 0.8765 0.0959 
12.6040 10.0000 265.2000 0.2527 0.1209 -0.5000 3.0448 6.0000 0.7814 0.0977 
11.8860 9.0000 236.8960 0.2337 0.1174 -0.4370 3.0821 6.0000 0.5122 0.1218 
12.5660 11.0000 264.7380 0.2321 0.1178 -0.4425 3.0319 5.0000 0.3977 0.0527 
12.2300 5.0000 245.4040 0.2346 0.1165 -0.4772 3.0668 6.0000 0.6208 0.0881 
12.1880 10.0000 253.0120 0.2416 0.1156 -0.4640 3.0558 6.0000 0.9230 0.0829 
12.5340 10.0000 260.5720 0.2291 0.1194 -0.4344 3.0449 6.0000 0.9201 0.0620 
11.7520 10.0000 232.8240 0.2308 0.1198 -0.4011 3.1018 6.0000 0.7492 0.0902 
11.3620 9.0000 223.7600 0.2634 0.1240 -0.4492 3.1453 6.0000 0.2578 0.0559 
11.9360 7.0000 243.5660 0.2427 0.1137 -0.4669 3.0635 6.0000 0.4434 0.0705 
12.6660 11.0000 271.5380 0.2452 0.1150 -0.4790 3.0213 6.0000 0.7488 0.1060 
12.1980 9.0000 257.1900 0.2490 0.1188 -0.4533 3.0512 6.0000 0.9675 0.0721 
11.6080 9.0000 246.3260 0.2833 0.1187 -0.4793 3.0844 5.0000 0.8811 0.1043 
11.9560 8.0000 252.8600 0.2675 0.1208 -0.4729 3.0597 5.0000 0.9233 0.0759 
12.3940 9.0000 262.4480 0.2464 0.1197 -0.4622 3.0518 6.0000 0.1761 0.0945 
12.1200 8.0000 250.9240 0.2413 0.1193 -0.4456 3.0768 5.0000 0.4812 0.0813 
12.0040 8.0000 243.4960 0.2429 0.1182 -0.4582 3.0782 6.0000 0.5973 0.0934 
12.7920 10.0000 279.2220 0.2480 0.1190 -0.4716 3.0141 5.0000 0.1578 0.0981 
12.3220 10.0000 253.2260 0.2345 0.1189 -0.4454 3.0571 6.0000 0.3995 0.0649 
12.6680 10.0000 270.1680 0.2485 0.1190 -0.4861 3.0290 5.0000 0.4289 0.0802 
12.1200 10.0000 246.5120 0.2460 0.1189 -0.4625 3.0688 6.0000 0.1936 0.0839 
