12.1312 10.0000 248.6056 0.3998 0.2228 -0.5020 0.0000 0.0000 1.7099 0.0660 
12.1376 10.0000 251.3240 0.3937 0.2150 -0.4939 0.0000 0.0000 1.6913 0.0660 
11.7648 5.0000 241.2496 0.3879 0.2048 -0.4834 0.0000 0.0000 1.7563 0.0660 
11.9680 7.0000 242.8064 0.4025 0.2236 -0.4791 0.0000 0.0000 1.6940 0.0940 
12.0800 9.0000 251.1712 0.3946 0.2148 -0.4879 0.0000 0.0000 1.7594 0.0660 
12.1040 10.0000 251.1328 0.3970 0.2243 -0.4527 0.0000 0.0000 1.7628 0.0660 
12.3432 10.0000 262.7336 0.3881 0.2122 -0.4822 0.0000 0.0000 1.7138 0.0660 
12.5384 6.0000 266.2800 0.3798 0.2114 -0.4830 0.0000 0.0000 1.5834 0.0660 
12.0832 10.0000 251.2264 0.3983 0.2220 -0.4731 0.0000 0.0000 1.6779 0.0660 
12.1048 10.0000 246.6744 0.3745 0.2055 -0.4833 0.0000 0.0000 1.6834 0.0660 
11.8800 10.0000 241.7360 0.3822 0.2159 -0.4429 0.0000 0.0000 1.7603 0.0660 
12.1048 10.0000 250.1816 0.3719 0.2110 -0.4520 0.0000 0.0000 0.2807 0.0762 
12.2440 9.0000 253.7616 0.3835 0.2105 -0.4800 0.0000 0.0000 0.7894 0.0768 
12.3048 3.0000 255.4472 0.3997 0.2215 -0.5143 0.0000 0.0000 0.9566 0.0768 
12.6656 10.0000 276.0752 0.3846 0.2048 -0.5064 0.0000 0.0000 0.8269 0.0768 
12.2656 7.0000 252.0128 0.3865 0.2121 -0.5055 0.0000 0.0000 1.2826 0.0570 
12.3928 6.0000 257.5456 0.3825 0.2052 -0.5160 0.0000 0.0000 1.0213 0.0768 
12.5488 10.0000 265.5184 0.3759 0.2074 -0.4869 0.0000 0.0000 1.4161 0.0950 
12.3168 10.0000 258.4264 0.3859 0.2081 -0.5138 0.0000 0.0000 1.1048 0.0642 
12.1560 4.0000 252.4472 0.3762 0.2027 -0.4847 0.0000 0.0000 1.1729 0.0631 
12.4832 10.0000 265.3488 0.3859 0.2138 -0.4778 0.0000 0.0000 1.0847 0.0554 
12.3736 6.0000 258.5416 0.3926 0.2141 -0.5148 0.0000 0.0000 0.9494 0.0554 
12.3960 10.0000 257.2968 0.3720 0.2026 -0.5052 0.0000 0.0000 0.2651 0.0647 
12.3984 10.0000 262.8296 0.3926 0.2181 -0.4805 0.0000 0.0000 0.2198 0.0686 
12.3920 6.0000 258.3496 0.3904 0.2171 -0.4958 0.0000 0.0000 0.3523 0.0792 
12.1632 10.0000 252.6744 0.4079 0.2252 -0.4931 0.0000 0.0000 0.5259 0.0792 
12.2864 10.0000 252.8688 0.3859 0.2079 -0.5125 0.0000 0.0000 0.4409 0.0792 
12.5160 10.0000 259.1344 0.3793 0.2110 -0.5088 0.0000 0.0000 0.5280 0.0792 
12.8416 10.0000 273.9520 0.3647 0.2015 -0.5056 0.0000 0.0000 0.9242 0.0702 
12.5144 9.0000 262.3968 0.3779 0.2085 -0.5055 0.0000 0.0000 0.9569 0.0749 
12.1600 9.0000 251.0008 0.3897 0.2072 -0.5155 0.0000 0.0000 0.9672 0.0720 
12.6536 10.0000 273.5624 0.4016 0.2123 -0.5366 0.0000 0.0000 0.8779 0.0720 
12.5088 10.0000 263.0096 0.3922 0.2137 -0.5120 0.0000 0.0000 0.8778 0.0702 
12.5120 8.0000 267.6208 0.3860 0.2127 -0.4900 0.0000 0.0000 0.2195 0.0666 
12.1648 10.0000 251.2680 0.3897 0.2200 -0.4670 0.0000 0.0000 0.3043 0.0775 
12.3512 10.0000 261.0328 0.3897 0.2114 -0.5002 0.0000 0.0000 0.2206 0.0694 
12.3800 10.0000 255.6528 0.3825 0.2126 -0.4927 0.0000 0.0000 0.4390 0.0684 
12.2088 10.0000 246.7736 0.3781 0.2186 -0.4646 0.0000 0.0000 0.4393 0.0684 
12.3656 10.0000 257.8344 0.3871 0.2102 -0.5021 0.0000 0.0000 0.4403 0.0684 
12.2640 10.0000 258.8480 0.3800 0.2040 -0.4882 0.0000 0.0000 0.4362 0.0684 
12.3440 9.0000 262.7208 0.3803 0.2077 -0.4708 0.0000 0.0000 0.2323 0.0899 
12.5632 10.0000 269.8224 0.3800 0.2086 -0.4858 0.0000 0.0000 1.0217 0.0745 
12.1576 10.0000 257.5448 0.3977 0.2187 -0.4659 0.0000 0.0000 1.0633 0.0745 
11.6360 10.0000 237.2040 0.3916 0.2120 -0.4506 0.0000 0.0000 0.7040 0.0745 
12.6368 11.0000 267.8304 0.3809 0.2013 -0.5311 0.0000 0.0000 0.7376 0.0725 
12.3016 10.0000 267.4072 0.3870 0.2109 -0.4670 0.0000 0.0000 0.2198 0.0725 
12.3512 10.0000 259.4440 0.3843 0.2121 -0.4757 0.0000 0.0000 0.2607 0.0594 
12.4768 10.0000 271.5816 0.3906 0.2050 -0.4973 0.0000 0.0000 0.2661 0.0765 
12.4824 10.0000 263.5408 0.3865 0.2092 -0.5073 0.0000 0.0000 0.3973 0.0717 
12.4784 10.0000 265.8608 0.3774 0.2067 -0.4915 0.0000 0.0000 0.4835 0.0717 
12.1016 10.0000 254.6232 0.3997 0.2208 -0.4719 0.0000 0.0000 0.4850 0.0717 
12.2984 10.0000 254.2552 0.3749 0.2084 -0.4709 0.0000 0.0000 0.4821 0.0717 
11.8408 10.0000 242.3440 0.4004 0.2216 -0.4603 0.0000 0.0000 0.3957 0.0717 
11.9616 10.0000 237.2936 0.3839 0.2116 -0.5021 0.0000 0.0000 0.4403 0.0717 
12.5152 9.0000 264.8408 0.3880 0.2099 -0.5071 0.0000 0.0000 0.5251 0.0823 
12.4320 10.0000 261.7608 0.3731 0.2070 -0.4714 0.0000 0.0000 0.5294 0.0765 
12.5584 9.0000 268.3376 0.3740 0.2054 -0.4856 0.0000 0.0000 0.4394 0.0805 
12.0304 9.0000 244.9568 0.3973 0.2222 -0.4795 0.0000 0.0000 0.2197 0.0751 
12.4008 10.0000 258.2480 0.3846 0.2092 -0.5178 0.0000 0.0000 0.3944 0.0501 
12.3040 10.0000 257.5704 0.3810 0.2084 -0.4814 0.0000 0.0000 0.3061 0.0450 
12.3240 9.0000 258.0832 0.3922 0.2119 -0.5065 0.0000 0.0000 0.7174 0.0730 
12.2560 10.0000 259.1816 0.3827 0.2094 -0.4609 0.0000 0.0000 1.0194 0.0871 
12.3288 10.0000 250.9264 0.3754 0.2054 -0.5173 0.0000 0.0000 0.8898 0.0871 
12.2704 8.0000 256.3072 0.3968 0.2149 -0.5036 0.0000 0.0000 1.0629 0.0871 
12.3120 10.0000 258.5920 0.3807 0.2061 -0.4998 0.0000 0.0000 1.0662 0.0871 
12.2864 10.0000 258.8552 0.3851 0.2143 -0.4738 0.0000 0.0000 1.0634 0.0871 
12.1704 10.0000 252.8072 0.3833 0.2059 -0.4907 0.0000 0.0000 0.7815 0.0871 
12.0232 10.0000 247.4632 0.3923 0.2126 -0.4843 0.0000 0.0000 0.3093 0.0871 
12.3456 10.0000 261.1808 0.3741 0.2040 -0.4780 0.0000 0.0000 0.2657 0.0937 
12.3344 3.0000 250.5880 0.3715 0.2021 -0.5166 0.0000 0.0000 0.2187 0.0871 
12.4704 10.0000 266.1424 0.3877 0.2221 -0.4473 0.0000 0.0000 0.3074 0.0735 
12.0592 9.0000 250.0224 0.3939 0.2113 -0.4941 0.0000 0.0000 0.3103 0.0728 
12.1416 10.0000 258.8648 0.3949 0.2101 -0.4963 0.0000 0.0000 0.8794 0.0894 
12.1992 4.0000 254.4016 0.3876 0.2137 -0.4857 0.0000 0.0000 1.4516 0.0622 
12.2560 10.0000 258.3840 0.3892 0.2115 -0.4796 0.0000 0.0000 1.2287 0.0922 
12.0904 9.0000 253.9960 0.3941 0.2082 -0.4924 0.0000 0.0000 1.2350 0.0622 
12.4504 9.0000 255.8320 0.3881 0.2148 -0.5284 0.0000 0.0000 1.1009 0.0922 
11.9112 10.0000 240.6784 0.3919 0.2162 -0.4816 0.0000 0.0000 1.1871 0.0896 
12.2312 10.0000 251.9128 0.3923 0.2168 -0.4897 0.0000 0.0000 1.1418 0.0670 
12.4968 10.0000 262.1936 0.3781 0.2087 -0.4938 0.0000 0.0000 1.0123 0.0670 
12.0752 9.0000 245.8448 0.3726 0.2118 -0.4547 0.0000 0.0000 0.3776 0.0670 
12.3616 7.0000 259.4752 0.3787 0.2073 -0.4863 0.0000 0.0000 0.3089 0.0859 
12.0288 10.0000 255.4920 0.3849 0.2062 -0.4589 0.0000 0.0000 0.2199 0.0568 
11.9832 10.0000 245.4840 0.4001 0.2092 -0.5234 0.0000 0.0000 0.7487 0.0539 
12.5408 5.0000 263.2160 0.3902 0.2106 -0.5263 0.0000 0.0000 0.3068 0.0686 
12.0888 7.0000 252.1288 0.3885 0.2165 -0.4558 0.0000 0.0000 0.3527 0.0889 
12.2288 9.0000 254.9040 0.3952 0.2170 -0.4878 0.0000 0.0000 0.3992 0.0507 
12.2944 10.0000 258.2496 0.3907 0.2112 -0.4914 0.0000 0.0000 0.3953 0.0507 
12.5224 10.0000 261.5832 0.3635 0.2046 -0.4796 0.0000 0.0000 0.5249 0.0507 
12.1568 10.0000 251.2456 0.3773 0.2073 -0.4744 0.0000 0.0000 0.5309 0.0564 
12.2000 3.0000 254.8408 0.3941 0.2103 -0.5083 0.0000 0.0000 0.4882 0.0564 
12.2040 10.0000 248.9496 0.3649 0.2020 -0.4676 0.0000 0.0000 0.4359 0.0564 
12.2456 9.0000 256.0696 0.3872 0.2048 -0.5096 0.0000 0.0000 0.2202 0.0889 
12.2856 6.0000 251.8416 0.3641 0.1933 -0.5216 0.0000 0.0000 0.2660 0.0564 
12.2288 9.0000 253.0592 0.3883 0.2182 -0.4752 0.0000 0.0000 0.3053 0.0564 
11.9184 10.0000 242.3840 0.3916 0.2158 -0.4732 0.0000 0.0000 0.3076 0.0564 
12.3816 10.0000 257.6032 0.3885 0.2127 -0.5202 0.0000 0.0000 0.3952 0.0564 
12.4944 9.0000 260.8720 0.3727 0.2106 -0.4809 0.0000 0.0000 0.3082 0.0564 
12.2024 10.0000 249.0064 0.3976 0.2155 -0.5270 0.0000 0.0000 0.3478 0.0564 
12.2648 10.0000 252.2248 0.3804 0.2082 -0.4969 0.0000 0.0000 0.3397 0.0564 
