12.2456 10.0000 255.4843 0.0544 0.0200 -0.2443 0.0000 0.0000 16.4832 0.0660 
12.5981 10.0000 267.3299 0.0523 0.0199 -0.2398 0.0000 0.0000 16.5136 0.0650 
12.4224 10.0000 264.1723 0.0565 0.0204 -0.2424 0.0000 0.0000 16.7720 0.0641 
12.4979 10.0000 267.2627 0.0555 0.0202 -0.2481 0.0000 0.0000 16.9466 0.0641 
12.4203 7.0000 266.3275 0.0562 0.0199 -0.2464 0.0000 0.0000 16.7354 0.0744 
12.2973 7.0000 264.1971 0.0566 0.0201 -0.2342 0.0000 0.0000 16.3623 0.0809 
12.3805 10.0000 262.6376 0.0573 0.0203 -0.2499 0.0000 0.0000 16.8634 0.0646 
12.4275 6.0000 264.2104 0.0558 0.0203 -0.2466 0.0000 0.0000 16.6984 0.0660 
12.4416 10.0000 263.7093 0.0564 0.0206 -0.2468 0.0000 0.0000 16.5222 0.0770 
12.4501 10.0000 267.7461 0.0573 0.0203 -0.2479 0.0000 0.0000 16.4414 0.0809 
12.4061 10.0000 262.4683 0.0554 0.0205 -0.2508 0.0000 0.0000 16.8131 0.0809 
12.3488 7.0000 260.9515 0.0517 0.0195 -0.2358 0.0000 0.0000 2.0636 0.0652 
12.2515 7.0000 258.2520 0.0548 0.0201 -0.2341 0.0000 0.0000 2.8105 0.0649 
11.9677 10.0000 251.0891 0.0558 0.0200 -0.2392 0.0000 0.0000 2.8988 0.0695 
12.0120 9.0000 251.0048 0.0537 0.0199 -0.2371 0.0000 0.0000 2.5035 0.0688 
12.4013 10.0000 265.4541 0.0573 0.0201 -0.2414 0.0000 0.0000 5.0094 0.0688 
12.3576 10.0000 263.9707 0.0571 0.0208 -0.2463 0.0000 0.0000 7.4187 0.0688 
12.0997 10.0000 251.2845 0.0529 0.0201 -0.2300 0.0000 0.0000 6.8080 0.0738 
12.4773 10.0000 264.9379 0.0556 0.0199 -0.2477 0.0000 0.0000 5.7943 0.0738 
12.1987 10.0000 260.0045 0.0576 0.0202 -0.2384 0.0000 0.0000 5.1019 0.0662 
12.4859 10.0000 267.0435 0.0563 0.0201 -0.2397 0.0000 0.0000 4.8362 0.0662 
12.4261 10.0000 260.9661 0.0533 0.0199 -0.2421 0.0000 0.0000 3.6921 0.0676 
12.5805 9.0000 273.1707 0.0545 0.0197 -0.2426 0.0000 0.0000 2.0681 0.0902 
12.3816 10.0000 264.5979 0.0539 0.0196 -0.2419 0.0000 0.0000 2.0245 0.0683 
12.2336 10.0000 258.3325 0.0537 0.0195 -0.2360 0.0000 0.0000 2.4636 0.0679 
12.2613 10.0000 261.9547 0.0561 0.0196 -0.2366 0.0000 0.0000 4.4845 0.0674 
12.2995 10.0000 255.7373 0.0524 0.0197 -0.2324 0.0000 0.0000 5.6730 0.0791 
12.1469 4.0000 258.9789 0.0551 0.0197 -0.2344 0.0000 0.0000 3.6502 0.0674 
12.3480 9.0000 261.2531 0.0530 0.0195 -0.2411 0.0000 0.0000 3.3020 0.0633 
12.2192 5.0000 258.3235 0.0538 0.0201 -0.2290 0.0000 0.0000 3.2548 0.0633 
12.3917 9.0000 263.0989 0.0546 0.0194 -0.2374 0.0000 0.0000 2.7160 0.0595 
12.2304 10.0000 259.5691 0.0562 0.0198 -0.2434 0.0000 0.0000 2.6342 0.0633 
12.1267 10.0000 258.2595 0.0563 0.0199 -0.2341 0.0000 0.0000 2.5052 0.0691 
12.2829 9.0000 259.4248 0.0545 0.0198 -0.2326 0.0000 0.0000 2.1558 0.0788 
12.3720 10.0000 264.4880 0.0542 0.0194 -0.2430 0.0000 0.0000 2.4650 0.0645 
12.4957 6.0000 272.9259 0.0555 0.0198 -0.2430 0.0000 0.0000 2.5429 0.0631 
12.3411 8.0000 260.6304 0.0548 0.0194 -0.2371 0.0000 0.0000 2.0691 0.0695 
12.1923 7.0000 258.3648 0.0562 0.0196 -0.2387 0.0000 0.0000 2.9924 0.0695 
12.2083 7.0000 259.5552 0.0537 0.0197 -0.2316 0.0000 0.0000 2.9911 0.0592 
12.4269 9.0000 266.3368 0.0536 0.0196 -0.2398 0.0000 0.0000 2.5492 0.0669 
12.1056 5.0000 254.5320 0.0557 0.0196 -0.2361 0.0000 0.0000 2.8630 0.0691 
12.2435 10.0000 258.8771 0.0549 0.0201 -0.2417 0.0000 0.0000 3.9154 0.0716 
12.3880 10.0000 261.5267 0.0549 0.0202 -0.2406 0.0000 0.0000 3.4256 0.0782 
12.4296 10.0000 268.2709 0.0558 0.0200 -0.2370 0.0000 0.0000 2.7738 0.0782 
12.2667 5.0000 260.9347 0.0545 0.0198 -0.2344 0.0000 0.0000 2.5051 0.0704 
12.2373 10.0000 258.8269 0.0560 0.0198 -0.2432 0.0000 0.0000 2.5043 0.0659 
12.2824 10.0000 260.1515 0.0549 0.0197 -0.2407 0.0000 0.0000 3.2384 0.0629 
12.1789 4.0000 256.5883 0.0549 0.0197 -0.2344 0.0000 0.0000 3.2902 0.0767 
12.6413 10.0000 272.6253 0.0527 0.0191 -0.2373 0.0000 0.0000 2.1129 0.0619 
12.3400 10.0000 263.7891 0.0547 0.0194 -0.2376 0.0000 0.0000 2.5050 0.0561 
12.2480 10.0000 262.0432 0.0554 0.0192 -0.2369 0.0000 0.0000 2.5076 0.0740 
12.3784 6.0000 266.4307 0.0545 0.0195 -0.2419 0.0000 0.0000 2.4992 0.0766 
12.3709 6.0000 265.5619 0.0579 0.0197 -0.2453 0.0000 0.0000 2.5524 0.0766 
12.5896 10.0000 270.1432 0.0523 0.0196 -0.2387 0.0000 0.0000 3.1659 0.0612 
12.2896 10.0000 262.6853 0.0545 0.0198 -0.2311 0.0000 0.0000 3.1198 0.0766 
12.3149 7.0000 264.1525 0.0551 0.0193 -0.2374 0.0000 0.0000 2.5069 0.0720 
12.4619 5.0000 267.4229 0.0535 0.0197 -0.2455 0.0000 0.0000 2.1113 0.0650 
12.1824 3.0000 255.9973 0.0549 0.0196 -0.2425 0.0000 0.0000 2.0664 0.0611 
12.4963 10.0000 269.5587 0.0515 0.0191 -0.2313 0.0000 0.0000 2.5913 0.0667 
12.3016 10.0000 259.3096 0.0502 0.0192 -0.2312 0.0000 0.0000 2.4661 0.0797 
12.2435 6.0000 257.6952 0.0530 0.0197 -0.2347 0.0000 0.0000 2.4983 0.0607 
12.2379 9.0000 259.5565 0.0560 0.0196 -0.2382 0.0000 0.0000 2.5369 0.0714 
12.2171 10.0000 259.6296 0.0551 0.0200 -0.2405 0.0000 0.0000 2.5023 0.0516 
12.5685 10.0000 271.9739 0.0531 0.0196 -0.2452 0.0000 0.0000 3.2133 0.0620 
12.1504 8.0000 253.3013 0.0551 0.0198 -0.2403 0.0000 0.0000 3.7808 0.0620 
12.4120 10.0000 265.4472 0.0560 0.0195 -0.2451 0.0000 0.0000 3.5625 0.0620 
12.2080 10.0000 258.7592 0.0535 0.0195 -0.2397 0.0000 0.0000 2.5395 0.0800 
12.3192 10.0000 260.3819 0.0544 0.0194 -0.2408 0.0000 0.0000 2.5048 0.0654 
12.2851 5.0000 262.0331 0.0555 0.0196 -0.2479 0.0000 0.0000 2.5441 0.0716 
12.4205 10.0000 265.6856 0.0562 0.0197 -0.2459 0.0000 0.0000 2.1479 0.0716 
12.1859 10.0000 256.2552 0.0555 0.0196 -0.2341 0.0000 0.0000 2.5504 0.0553 
12.5379 7.0000 270.1264 0.0537 0.0196 -0.2445 0.0000 0.0000 2.1103 0.0575 
12.2864 5.0000 256.9629 0.0516 0.0192 -0.2337 0.0000 0.0000 2.5067 0.0802 
12.4872 10.0000 266.9037 0.0532 0.0198 -0.2467 0.0000 0.0000 2.5535 0.0617 
12.3307 10.0000 262.0403 0.0528 0.0196 -0.2345 0.0000 0.0000 2.7570 0.0812 
12.5432 10.0000 270.8251 0.0561 0.0201 -0.2509 0.0000 0.0000 3.9142 0.0747 
12.0829 10.0000 252.4464 0.0558 0.0196 -0.2392 0.0000 0.0000 3.7865 0.0747 
12.1989 10.0000 255.1589 0.0518 0.0193 -0.2335 0.0000 0.0000 2.5966 0.0747 
12.3112 10.0000 264.3715 0.0533 0.0195 -0.2317 0.0000 0.0000 2.5504 0.0644 
12.5125 5.0000 271.1752 0.0517 0.0193 -0.2446 0.0000 0.0000 3.1562 0.0648 
12.2488 10.0000 257.2837 0.0543 0.0200 -0.2367 0.0000 0.0000 2.9904 0.0695 
12.4373 9.0000 263.9387 0.0510 0.0191 -0.2370 0.0000 0.0000 2.0659 0.0658 
12.3096 9.0000 261.8653 0.0554 0.0193 -0.2402 0.0000 0.0000 2.5497 0.0664 
12.4341 10.0000 262.2992 0.0566 0.0196 -0.2433 0.0000 0.0000 3.1150 0.0795 
12.5725 6.0000 269.3029 0.0542 0.0194 -0.2447 0.0000 0.0000 2.1123 0.0738 
12.1296 9.0000 254.4181 0.0550 0.0197 -0.2382 0.0000 0.0000 2.5445 0.0667 
12.5019 5.0000 272.4771 0.0560 0.0199 -0.2464 0.0000 0.0000 2.6343 0.0653 
12.4651 9.0000 264.7091 0.0509 0.0189 -0.2412 0.0000 0.0000 2.6424 0.0644 
12.3307 7.0000 259.0805 0.0536 0.0203 -0.2438 0.0000 0.0000 3.7388 0.0653 
12.2720 10.0000 257.6816 0.0541 0.0198 -0.2403 0.0000 0.0000 3.6519 0.0644 
12.4099 9.0000 265.9664 0.0529 0.0197 -0.2352 0.0000 0.0000 2.5517 0.0644 
12.5043 10.0000 270.9043 0.0557 0.0196 -0.2431 0.0000 0.0000 2.5960 0.0690 
12.3389 10.0000 265.8643 0.0533 0.0191 -0.2365 0.0000 0.0000 2.1870 0.0766 
12.2125 9.0000 260.3563 0.0553 0.0199 -0.2404 0.0000 0.0000 2.5908 0.0644 
12.1357 10.0000 254.3637 0.0522 0.0196 -0.2316 0.0000 0.0000 2.5111 0.0644 
12.0912 10.0000 254.3813 0.0549 0.0195 -0.2307 0.0000 0.0000 2.5073 0.0644 
12.3696 10.0000 263.4653 0.0537 0.0196 -0.2384 0.0000 0.0000 2.5509 0.0644 
12.4541 7.0000 267.9749 0.0535 0.0198 -0.2403 0.0000 0.0000 2.7162 0.0644 
12.4808 10.0000 265.5779 0.0556 0.0197 -0.2498 0.0000 0.0000 2.5911 0.0644 
12.3563 10.0000 263.8608 0.0518 0.0193 -0.2408 0.0000 0.0000 2.5507 0.0644 
