12.3662 5.0000 258.1300 0.3526 0.1854 -0.5020 0.0000 0.0000 2238.1277 0.0694 
12.3189 10.0000 256.4260 0.3525 0.1867 -0.4978 0.0000 0.0000 2286.4686 0.0670 
12.3716 10.0000 257.1826 0.3513 0.1867 -0.5002 0.0000 0.0000 2282.0702 0.0670 
12.3351 3.0000 256.4336 0.3503 0.1849 -0.5010 0.0000 0.0000 2281.0161 0.0647 
12.3465 10.0000 257.1425 0.3514 0.1846 -0.5041 0.0000 0.0000 2132.6026 0.0642 
12.3726 10.0000 256.9658 0.3486 0.1869 -0.4932 0.0000 0.0000 2130.5343 0.0642 
12.3400 10.0000 256.4290 0.3529 0.1873 -0.4992 0.0000 0.0000 2243.3155 0.0658 
12.3993 10.0000 258.6878 0.3502 0.1862 -0.4967 0.0000 0.0000 2168.2995 0.0674 
12.3220 10.0000 256.4178 0.3512 0.1860 -0.4972 0.0000 0.0000 1957.6864 0.0672 
12.3937 9.0000 259.1941 0.3479 0.1837 -0.4964 0.0000 0.0000 2103.4815 0.0631 
12.3080 10.0000 255.8665 0.3498 0.1847 -0.4971 0.0000 0.0000 2227.4394 0.0655 
12.3731 10.0000 258.1641 0.3473 0.1844 -0.4918 0.0000 0.0000 2365.4122 0.0661 
12.3942 10.0000 257.7710 0.3454 0.1835 -0.4977 0.0000 0.0000 2216.7467 0.0661 
12.4129 10.0000 259.5280 0.3456 0.1836 -0.4943 0.0000 0.0000 1693.0107 0.0621 
12.3387 10.0000 256.6259 0.3470 0.1846 -0.4912 0.0000 0.0000 2358.1644 0.0637 
12.4592 10.0000 260.4965 0.3474 0.1841 -0.5004 0.0000 0.0000 2266.5537 0.0613 
12.4326 10.0000 259.6315 0.3461 0.1846 -0.4948 0.0000 0.0000 2253.2166 0.0614 
12.4439 9.0000 260.4034 0.3462 0.1836 -0.4959 0.0000 0.0000 2180.8173 0.0601 
12.4591 10.0000 260.1645 0.3442 0.1837 -0.4953 0.0000 0.0000 2167.8921 0.0601 
12.4261 10.0000 259.3416 0.3482 0.1859 -0.4969 0.0000 0.0000 2332.1649 0.0610 
12.4016 10.0000 259.6494 0.3451 0.1828 -0.4925 0.0000 0.0000 2189.4858 0.0611 
12.3609 10.0000 258.2461 0.3493 0.1846 -0.4955 0.0000 0.0000 2351.4213 0.0648 
12.3941 10.0000 257.8816 0.3478 0.1847 -0.4985 0.0000 0.0000 1943.4051 0.0626 
12.3588 10.0000 256.2415 0.3444 0.1831 -0.4951 0.0000 0.0000 2207.5164 0.0591 
12.3617 10.0000 257.9196 0.3505 0.1849 -0.5009 0.0000 0.0000 2458.7709 0.0657 
12.3799 9.0000 257.0802 0.3434 0.1825 -0.4924 0.0000 0.0000 2267.5888 0.0616 
12.4477 9.0000 260.4360 0.3454 0.1838 -0.4949 0.0000 0.0000 2060.7658 0.0582 
12.3835 10.0000 259.3219 0.3479 0.1837 -0.4944 0.0000 0.0000 2395.9492 0.0649 
12.3889 10.0000 257.8909 0.3461 0.1843 -0.4948 0.0000 0.0000 2299.0059 0.0609 
12.4552 7.0000 259.2880 0.3403 0.1819 -0.4925 0.0000 0.0000 2174.7397 0.0556 
12.3874 6.0000 258.7650 0.3495 0.1856 -0.4977 0.0000 0.0000 2008.1648 0.0611 
12.4793 10.0000 262.3463 0.3486 0.1845 -0.4996 0.0000 0.0000 2326.6315 0.0624 
12.4383 10.0000 260.0929 0.3503 0.1854 -0.5034 0.0000 0.0000 2360.6438 0.0646 
12.3738 9.0000 257.0639 0.3458 0.1835 -0.4954 0.0000 0.0000 2069.3401 0.0609 
12.3887 10.0000 257.0660 0.3461 0.1849 -0.4947 0.0000 0.0000 2095.5557 0.0625 
12.2895 10.0000 255.4455 0.3474 0.1836 -0.4930 0.0000 0.0000 2221.2185 0.0637 
12.4579 10.0000 260.1675 0.3426 0.1817 -0.4977 0.0000 0.0000 2143.7382 0.0570 
12.3618 10.0000 257.2192 0.3479 0.1846 -0.4969 0.0000 0.0000 2289.2906 0.0639 
12.3751 10.0000 257.7341 0.3475 0.1857 -0.4916 0.0000 0.0000 2415.6644 0.0619 
12.3929 10.0000 258.3615 0.3478 0.1847 -0.4967 0.0000 0.0000 2209.1528 0.0610 
12.3660 10.0000 256.9855 0.3451 0.1831 -0.4956 0.0000 0.0000 2272.9344 0.0592 
12.3651 5.0000 258.1751 0.3489 0.1842 -0.4978 0.0000 0.0000 2256.1421 0.0647 
12.3385 10.0000 256.8249 0.3505 0.1850 -0.4990 0.0000 0.0000 2396.6123 0.0658 
12.3904 10.0000 259.0977 0.3493 0.1863 -0.4924 0.0000 0.0000 2247.2594 0.0627 
12.3955 10.0000 258.1899 0.3448 0.1824 -0.4978 0.0000 0.0000 2183.4264 0.0591 
12.4101 5.0000 258.2686 0.3461 0.1830 -0.5022 0.0000 0.0000 2238.9324 0.0593 
12.3679 10.0000 257.6397 0.3472 0.1844 -0.4922 0.0000 0.0000 2304.4642 0.0647 
12.3639 5.0000 258.4905 0.3512 0.1854 -0.4971 0.0000 0.0000 2105.3194 0.0639 
12.3403 10.0000 256.8607 0.3513 0.1848 -0.5023 0.0000 0.0000 2261.1421 0.0658 
12.4305 10.0000 259.6304 0.3453 0.1827 -0.4977 0.0000 0.0000 2354.0430 0.0606 
12.3939 10.0000 259.1551 0.3516 0.1864 -0.4977 0.0000 0.0000 2314.6697 0.0659 
12.4267 10.0000 258.4979 0.3427 0.1836 -0.4916 0.0000 0.0000 2329.9143 0.0590 
12.3897 10.0000 259.1045 0.3490 0.1842 -0.4974 0.0000 0.0000 2230.0196 0.0650 
12.4434 9.0000 261.3281 0.3495 0.1849 -0.4988 0.0000 0.0000 2233.7272 0.0642 
12.4134 10.0000 258.7600 0.3474 0.1847 -0.4971 0.0000 0.0000 2308.0574 0.0630 
12.4245 9.0000 258.8222 0.3444 0.1835 -0.4944 0.0000 0.0000 2227.9077 0.0611 
12.3844 10.0000 258.4181 0.3486 0.1842 -0.4979 0.0000 0.0000 2390.8169 0.0648 
12.3525 10.0000 256.4035 0.3466 0.1841 -0.4932 0.0000 0.0000 2301.9591 0.0636 
12.3673 10.0000 256.7178 0.3456 0.1839 -0.4951 0.0000 0.0000 2210.2930 0.0616 
12.3747 10.0000 257.4328 0.3470 0.1846 -0.4959 0.0000 0.0000 2209.8432 0.0630 
12.4011 9.0000 258.3035 0.3457 0.1836 -0.4960 0.0000 0.0000 2111.5515 0.0606 
12.4230 6.0000 259.2825 0.3487 0.1854 -0.5000 0.0000 0.0000 2254.3491 0.0617 
12.4116 10.0000 258.4261 0.3424 0.1823 -0.4911 0.0000 0.0000 2089.2273 0.0563 
12.3812 10.0000 258.5454 0.3474 0.1840 -0.4951 0.0000 0.0000 2295.8254 0.0646 
12.3658 10.0000 257.4733 0.3484 0.1859 -0.4945 0.0000 0.0000 2274.0158 0.0644 
12.3628 10.0000 257.7417 0.3477 0.1849 -0.4920 0.0000 0.0000 2368.0011 0.0662 
12.3902 10.0000 258.2259 0.3464 0.1830 -0.4996 0.0000 0.0000 2093.1519 0.0619 
12.3618 6.0000 257.1054 0.3475 0.1842 -0.4961 0.0000 0.0000 2333.8271 0.0640 
12.4137 10.0000 259.1475 0.3456 0.1830 -0.4962 0.0000 0.0000 2221.7249 0.0616 
12.3976 8.0000 259.2520 0.3497 0.1841 -0.5022 0.0000 0.0000 2264.2139 0.0640 
12.4140 2.0000 259.0568 0.3465 0.1853 -0.4911 0.0000 0.0000 2408.4241 0.0646 
12.4084 4.0000 258.7951 0.3481 0.1848 -0.4993 0.0000 0.0000 2164.6674 0.0623 
12.3723 10.0000 256.8825 0.3463 0.1862 -0.4885 0.0000 0.0000 2304.9341 0.0653 
12.3778 10.0000 258.5501 0.3496 0.1853 -0.4957 0.0000 0.0000 2342.2008 0.0653 
12.4459 7.0000 261.0213 0.3466 0.1838 -0.4958 0.0000 0.0000 2200.8895 0.0611 
12.3646 10.0000 258.0419 0.3480 0.1847 -0.4926 0.0000 0.0000 2440.1856 0.0648 
12.4231 10.0000 260.2808 0.3474 0.1830 -0.4987 0.0000 0.0000 2298.0540 0.0632 
12.3279 9.0000 256.2378 0.3493 0.1858 -0.4934 0.0000 0.0000 2381.7066 0.0681 
12.3946 10.0000 258.7904 0.3469 0.1837 -0.4963 0.0000 0.0000 2457.5893 0.0656 
12.4137 10.0000 259.4287 0.3476 0.1841 -0.4981 0.0000 0.0000 2336.4794 0.0646 
12.3944 10.0000 257.3878 0.3451 0.1844 -0.4952 0.0000 0.0000 2296.0531 0.0584 
12.3454 10.0000 255.8818 0.3470 0.1836 -0.4998 0.0000 0.0000 2346.7521 0.0624 
12.3714 10.0000 257.1006 0.3442 0.1826 -0.4957 0.0000 0.0000 2011.8003 0.0584 
12.4053 10.0000 257.8619 0.3464 0.1835 -0.5027 0.0000 0.0000 2387.9826 0.0632 
12.4041 5.0000 258.1593 0.3464 0.1843 -0.4966 0.0000 0.0000 2356.0475 0.0603 
12.4192 8.0000 260.7730 0.3494 0.1838 -0.5021 0.0000 0.0000 2290.7654 0.0646 
12.4306 10.0000 259.4501 0.3468 0.1836 -0.5012 0.0000 0.0000 2285.5499 0.0619 
12.3138 10.0000 255.7664 0.3457 0.1821 -0.4944 0.0000 0.0000 2281.4386 0.0621 
12.3465 10.0000 256.1714 0.3425 0.1825 -0.4895 0.0000 0.0000 1904.9953 0.0623 
12.4214 10.0000 258.6465 0.3468 0.1841 -0.4999 0.0000 0.0000 2309.6591 0.0616 
12.3519 10.0000 257.1104 0.3462 0.1832 -0.4943 0.0000 0.0000 2451.0338 0.0635 
12.4990 9.0000 262.3001 0.3433 0.1830 -0.4942 0.0000 0.0000 2252.7872 0.0674 
12.3039 10.0000 254.6139 0.3498 0.1860 -0.4960 0.0000 0.0000 2255.0373 0.0657 
12.3597 10.0000 258.0392 0.3467 0.1834 -0.4904 0.0000 0.0000 2110.5103 0.0674 
12.3330 10.0000 255.8085 0.3482 0.1859 -0.4920 0.0000 0.0000 2055.2410 0.0669 
12.3380 10.0000 256.8434 0.3495 0.1856 -0.4944 0.0000 0.0000 2052.7408 0.0678 
12.3708 10.0000 257.6053 0.3483 0.1844 -0.4966 0.0000 0.0000 1987.9745 0.0645 
12.3629 10.0000 257.1851 0.3504 0.1851 -0.5004 0.0000 0.0000 1801.9999 0.0642 
12.3576 10.0000 256.6771 0.3433 0.1830 -0.4891 0.0000 0.0000 1695.3409 0.0613 
12.3674 10.0000 256.2697 0.3428 0.1832 -0.4897 0.0000 0.0000 1657.7045 0.0605 
