11.9752 10.0000 244.5624 0.2344 0.1073 -0.4557 3.9842 7.0000 24.4369 0.0744 
12.3412 10.0000 256.8538 0.2314 0.1060 -0.4671 3.9496 7.0000 23.8751 0.0689 
12.1730 10.0000 252.4192 0.2341 0.1067 -0.4584 3.9597 8.0000 24.9297 0.0743 
12.4012 10.0000 258.4484 0.2296 0.1063 -0.4693 3.9446 7.0000 24.7937 0.0752 
12.2642 9.0000 254.2438 0.2297 0.1054 -0.4592 3.9548 7.0000 25.5359 0.0723 
12.2248 10.0000 250.5724 0.2277 0.1060 -0.4578 3.9664 7.0000 25.3205 0.0667 
12.2724 4.0000 251.7548 0.2292 0.1076 -0.4591 3.9659 7.0000 25.5338 0.0666 
12.1410 9.0000 249.1050 0.2376 0.1082 -0.4650 3.9736 7.0000 25.1855 0.0667 
12.2858 10.0000 253.5060 0.2299 0.1053 -0.4689 3.9520 7.0000 24.0079 0.0752 
12.5826 10.0000 264.2946 0.2274 0.1066 -0.4639 3.9329 7.0000 25.4909 0.0666 
12.5058 10.0000 263.4822 0.2349 0.1072 -0.4755 3.9387 7.0000 25.4948 0.0683 
12.2172 8.0000 252.8254 0.2338 0.1064 -0.4665 3.9579 7.0000 3.9560 0.0623 
12.1960 10.0000 253.8378 0.2313 0.1062 -0.4546 3.9601 7.0000 3.7371 0.0532 
12.2758 10.0000 253.3396 0.2285 0.1049 -0.4680 3.9565 8.0000 3.7401 0.0623 
12.3056 10.0000 255.4074 0.2292 0.1043 -0.4687 3.9482 7.0000 3.6965 0.0610 
12.3874 6.0000 258.6144 0.2270 0.1056 -0.4560 3.9443 7.0000 3.6930 0.0623 
12.0958 10.0000 249.0494 0.2357 0.1071 -0.4614 3.9740 7.0000 5.0092 0.0682 
12.5504 10.0000 264.9732 0.2278 0.1050 -0.4661 3.9281 7.0000 5.5419 0.0703 
12.3640 9.0000 258.4822 0.2307 0.1065 -0.4591 3.9499 7.0000 7.3398 0.0698 
12.2696 10.0000 253.4012 0.2301 0.1074 -0.4545 3.9618 7.0000 9.3562 0.0698 
12.2862 6.0000 257.8588 0.2358 0.1055 -0.4695 3.9461 7.0000 9.0973 0.0703 
12.3628 10.0000 256.8282 0.2264 0.1046 -0.4621 3.9458 7.0000 8.5693 0.0698 
12.2938 10.0000 254.0482 0.2259 0.1059 -0.4570 3.9593 7.0000 2.7300 0.0643 
12.3928 2.0000 260.3324 0.2335 0.1058 -0.4717 3.9360 7.0000 6.3177 0.0631 
12.2648 10.0000 258.1222 0.2354 0.1052 -0.4641 3.9469 8.0000 6.3751 0.0748 
12.3492 8.0000 256.2154 0.2312 0.1066 -0.4626 3.9539 8.0000 4.2184 0.0683 
12.2958 9.0000 256.1184 0.2301 0.1056 -0.4584 3.9510 7.0000 3.6584 0.0604 
12.4882 10.0000 263.0490 0.2350 0.1053 -0.4810 3.9319 7.0000 3.9585 0.0536 
12.2012 10.0000 253.3304 0.2328 0.1059 -0.4591 3.9613 7.0000 4.1323 0.0796 
12.1836 10.0000 250.7388 0.2347 0.1066 -0.4656 3.9656 7.0000 4.0464 0.0804 
12.3880 9.0000 262.0580 0.2354 0.1052 -0.4674 3.9376 7.0000 5.9391 0.0796 
12.1640 10.0000 250.8988 0.2329 0.1056 -0.4686 3.9622 7.0000 6.3301 0.0746 
12.3466 9.0000 258.4136 0.2321 0.1052 -0.4683 3.9411 7.0000 5.2711 0.0746 
12.4000 10.0000 260.8968 0.2328 0.1048 -0.4687 3.9398 7.0000 3.6937 0.0605 
12.3556 10.0000 259.6178 0.2328 0.1053 -0.4648 3.9425 7.0000 3.9603 0.0682 
12.4530 10.0000 263.6762 0.2319 0.1049 -0.4679 3.9341 7.0000 3.8582 0.0679 
12.3380 10.0000 255.6290 0.2298 0.1057 -0.4623 3.9485 7.0000 2.8590 0.0692 
12.3030 10.0000 252.7236 0.2239 0.1052 -0.4537 3.9593 7.0000 3.6933 0.0695 
12.2894 10.0000 253.1436 0.2303 0.1060 -0.4671 3.9591 8.0000 4.0888 0.0667 
12.1778 7.0000 254.9906 0.2356 0.1055 -0.4625 3.9572 8.0000 4.0467 0.0704 
12.4308 10.0000 263.7490 0.2353 0.1059 -0.4785 3.9346 7.0000 3.8540 0.0704 
12.1484 10.0000 249.0564 0.2315 0.1067 -0.4567 3.9718 7.0000 4.6878 0.0705 
12.5494 9.0000 267.5950 0.2359 0.1050 -0.4778 3.9272 7.0000 5.1906 0.0750 
12.4256 10.0000 258.3964 0.2262 0.1058 -0.4589 3.9464 7.0000 4.7047 0.0650 
12.3766 8.0000 260.0204 0.2312 0.1060 -0.4622 3.9451 8.0000 3.8282 0.0750 
12.2638 10.0000 254.0818 0.2311 0.1060 -0.4593 3.9554 7.0000 2.9802 0.0710 
12.3358 8.0000 258.5934 0.2318 0.1056 -0.4662 3.9475 8.0000 3.9149 0.0736 
12.3064 10.0000 256.4138 0.2329 0.1062 -0.4601 3.9536 7.0000 3.9547 0.0678 
12.2636 7.0000 256.0002 0.2324 0.1058 -0.4657 3.9511 7.0000 3.8718 0.0706 
12.2272 10.0000 254.3374 0.2357 0.1049 -0.4733 3.9545 7.0000 2.9024 0.0677 
12.3978 10.0000 260.7278 0.2302 0.1048 -0.4622 3.9393 7.0000 4.0026 0.0656 
12.4626 10.0000 267.3268 0.2376 0.1051 -0.4727 3.9267 7.0000 6.3812 0.0743 
12.3768 10.0000 261.9690 0.2338 0.1060 -0.4592 3.9461 8.0000 4.6170 0.0590 
12.3334 10.0000 258.5500 0.2281 0.1061 -0.4465 3.9523 7.0000 3.9061 0.0659 
12.2342 10.0000 254.8204 0.2367 0.1066 -0.4693 3.9588 7.0000 4.0468 0.0636 
12.2946 10.0000 256.1056 0.2313 0.1049 -0.4652 3.9499 7.0000 7.2570 0.0624 
12.2544 7.0000 256.6748 0.2393 0.1071 -0.4672 3.9596 7.0000 6.5439 0.0659 
12.2606 10.0000 254.8382 0.2319 0.1070 -0.4584 3.9579 7.0000 3.0664 0.0642 
12.3796 10.0000 258.2638 0.2286 0.1044 -0.4664 3.9396 7.0000 4.0010 0.0604 
12.3164 9.0000 256.4162 0.2321 0.1051 -0.4719 3.9479 7.0000 3.9575 0.0676 
12.4450 10.0000 262.4458 0.2311 0.1057 -0.4679 3.9408 7.0000 3.8553 0.0579 
12.4766 10.0000 264.0048 0.2311 0.1047 -0.4676 3.9349 7.0000 3.9177 0.0806 
12.2892 10.0000 256.5648 0.2331 0.1058 -0.4614 3.9544 7.0000 4.0478 0.0806 
12.3768 7.0000 258.0554 0.2296 0.1047 -0.4738 3.9388 7.0000 4.1673 0.0751 
12.3666 10.0000 257.1496 0.2277 0.1052 -0.4605 3.9494 8.0000 4.2209 0.0737 
12.4552 10.0000 260.2416 0.2311 0.1048 -0.4723 3.9388 7.0000 7.9110 0.0649 
12.4186 10.0000 259.1958 0.2304 0.1061 -0.4665 3.9454 8.0000 7.2991 0.0634 
12.4174 10.0000 259.4020 0.2285 0.1049 -0.4677 3.9398 7.0000 3.9160 0.0634 
12.4700 9.0000 258.5200 0.2255 0.1043 -0.4652 3.9394 7.0000 2.9060 0.0623 
12.4398 5.0000 261.7846 0.2309 0.1052 -0.4667 3.9384 7.0000 4.0889 0.0728 
12.4678 10.0000 260.7866 0.2275 0.1061 -0.4657 3.9397 7.0000 4.0451 0.0711 
12.4754 10.0000 262.9344 0.2286 0.1043 -0.4672 3.9317 7.0000 2.8606 0.0672 
12.1374 10.0000 248.6112 0.2363 0.1080 -0.4671 3.9771 7.0000 4.1360 0.0566 
12.2860 10.0000 255.7940 0.2363 0.1063 -0.4703 3.9560 7.0000 6.5150 0.0697 
12.2846 7.0000 258.4184 0.2323 0.1060 -0.4533 3.9500 7.0000 6.3797 0.0697 
12.2916 10.0000 256.1384 0.2302 0.1050 -0.4605 3.9494 7.0000 4.0049 0.0776 
12.5116 10.0000 266.4150 0.2351 0.1056 -0.4738 3.9331 7.0000 4.0899 0.0610 
12.3400 9.0000 255.6484 0.2264 0.1039 -0.4633 3.9440 7.0000 4.0456 0.0637 
12.3094 10.0000 254.6100 0.2319 0.1056 -0.4726 3.9513 7.0000 5.3218 0.0637 
12.5050 10.0000 266.0822 0.2306 0.1056 -0.4629 3.9341 7.0000 5.0118 0.0686 
12.3730 10.0000 259.7756 0.2371 0.1063 -0.4755 3.9449 7.0000 2.9922 0.0822 
12.4926 10.0000 262.9250 0.2330 0.1063 -0.4698 3.9365 7.0000 4.1322 0.0736 
12.4124 5.0000 260.2656 0.2270 0.1045 -0.4628 3.9390 7.0000 3.8218 0.0736 
12.3660 9.0000 258.5382 0.2346 0.1061 -0.4682 3.9485 8.0000 4.7754 0.0750 
12.4656 10.0000 262.2000 0.2292 0.1038 -0.4678 3.9321 7.0000 5.6281 0.0662 
12.1962 10.0000 254.2940 0.2398 0.1075 -0.4656 3.9645 7.0000 5.5380 0.0729 
12.2708 10.0000 254.7924 0.2340 0.1064 -0.4678 3.9539 7.0000 3.0347 0.0656 
12.4124 8.0000 259.8840 0.2299 0.1055 -0.4671 3.9415 8.0000 4.0044 0.0717 
12.4736 10.0000 260.2026 0.2268 0.1064 -0.4624 3.9466 7.0000 3.9607 0.0699 
12.2902 10.0000 254.8866 0.2256 0.1048 -0.4547 3.9514 7.0000 4.6602 0.0839 
12.1956 10.0000 251.8464 0.2290 0.1064 -0.4556 3.9641 10.0000 4.4851 0.0839 
12.3262 10.0000 258.6014 0.2353 0.1060 -0.4687 3.9462 7.0000 4.2202 0.0724 
12.2302 10.0000 253.3340 0.2343 0.1064 -0.4624 3.9624 7.0000 6.4571 0.0628 
12.1696 10.0000 251.8144 0.2313 0.1059 -0.4601 3.9619 7.0000 5.8862 0.0658 
12.2222 9.0000 256.9346 0.2340 0.1051 -0.4646 3.9480 7.0000 4.2128 0.0734 
12.5368 10.0000 264.5130 0.2301 0.1057 -0.4654 3.9324 7.0000 2.9506 0.0678 
12.3736 10.0000 260.2064 0.2311 0.1044 -0.4617 3.9383 7.0000 4.2684 0.0642 
12.3358 10.0000 258.6648 0.2356 0.1048 -0.4736 3.9414 7.0000 4.3518 0.0616 
12.3016 10.0000 257.4978 0.2318 0.1049 -0.4624 3.9465 7.0000 4.1339 0.0750 
12.0390 9.0000 247.9642 0.2400 0.1073 -0.4635 3.9778 8.0000 4.3062 0.0718 
12.3554 10.0000 257.6604 0.2314 0.1060 -0.4636 3.9461 8.0000 6.3779 0.0770 
12.3234 10.0000 259.4122 0.2337 0.1056 -0.4635 3.9452 7.0000 5.8476 0.0770 
12.2726 10.0000 253.9366 0.2310 0.1063 -0.4613 3.9581 7.0000 4.2203 0.0672 
12.4302 10.0000 260.9442 0.2280 0.1051 -0.4623 3.9389 7.0000 2.9872 0.0704 
12.4064 10.0000 261.8910 0.2310 0.1035 -0.4653 3.9320 7.0000 3.4723 0.0704 
12.3094 10.0000 255.3494 0.2290 0.1057 -0.4599 3.9545 7.0000 4.0913 0.0621 
12.4336 10.0000 262.3002 0.2294 0.1053 -0.4626 3.9365 7.0000 4.1355 0.0724 
12.2964 9.0000 255.6724 0.2317 0.1056 -0.4676 3.9516 7.0000 4.1798 0.0654 
12.3596 10.0000 257.9854 0.2336 0.1058 -0.4657 3.9491 7.0000 4.2678 0.0578 
12.1548 10.0000 251.6636 0.2349 0.1060 -0.4663 3.9625 8.0000 4.1776 0.0662 
12.4954 10.0000 263.6088 0.2291 0.1051 -0.4665 3.9307 7.0000 4.4727 0.0670 
12.5462 7.0000 267.3144 0.2323 0.1046 -0.4695 3.9219 7.0000 4.4416 0.0580 
12.4122 10.0000 260.4932 0.2281 0.1059 -0.4567 3.9402 7.0000 4.4380 0.0646 
12.2636 10.0000 254.9148 0.2359 0.1067 -0.4674 3.9559 7.0000 4.3558 0.0708 
12.1726 8.0000 251.3658 0.2338 0.1067 -0.4609 3.9658 7.0000 6.4212 0.0646 
12.2962 6.0000 255.8996 0.2303 0.1050 -0.4644 3.9494 7.0000 4.7031 0.0646 
12.4212 9.0000 261.1144 0.2346 0.1057 -0.4757 3.9402 7.0000 4.3114 0.0687 
12.3614 10.0000 258.5116 0.2310 0.1048 -0.4674 3.9435 7.0000 4.1339 0.0744 
12.3572 5.0000 257.7570 0.2286 0.1049 -0.4615 3.9437 7.0000 2.9890 0.0657 
12.3702 10.0000 257.8502 0.2301 0.1050 -0.4629 3.9460 7.0000 4.3117 0.0757 
12.3792 9.0000 257.7384 0.2241 0.1048 -0.4555 3.9436 7.0000 3.9149 0.0702 
12.4162 7.0000 262.8600 0.2334 0.1053 -0.4677 3.9373 7.0000 4.3096 0.0633 
12.4544 7.0000 260.3072 0.2266 0.1050 -0.4686 3.9372 7.0000 4.2213 0.0725 
12.6776 10.0000 269.9866 0.2317 0.1050 -0.4758 3.9159 7.0000 4.3069 0.0683 
12.1950 8.0000 254.1952 0.2391 0.1065 -0.4691 3.9614 7.0000 10.0271 0.0683 
12.3398 10.0000 257.3562 0.2347 0.1074 -0.4645 3.9541 7.0000 10.4206 0.0700 
12.4946 10.0000 261.0296 0.2268 0.1062 -0.4634 3.9443 7.0000 5.6249 0.0758 
12.3446 10.0000 258.3194 0.2292 0.1050 -0.4657 3.9434 7.0000 2.9924 0.0678 
12.3140 9.0000 256.6058 0.2349 0.1070 -0.4683 3.9554 7.0000 4.3550 0.0658 
12.6058 10.0000 270.2882 0.2320 0.1051 -0.4691 3.9184 7.0000 4.3099 0.0599 
12.2488 10.0000 254.7764 0.2335 0.1050 -0.4700 3.9496 7.0000 3.0761 0.0599 
12.1354 10.0000 250.0634 0.2321 0.1058 -0.4579 3.9651 7.0000 4.3093 0.0647 
12.4132 10.0000 261.8116 0.2318 0.1052 -0.4632 3.9375 8.0000 4.0037 0.0647 
12.3662 10.0000 258.9518 0.2332 0.1053 -0.4707 3.9460 7.0000 4.3564 0.0646 
12.4608 10.0000 259.8236 0.2265 0.1054 -0.4642 3.9442 8.0000 4.2678 0.0633 
12.5192 10.0000 267.2132 0.2320 0.1039 -0.4736 3.9233 7.0000 7.9072 0.0686 
12.3670 10.0000 262.3882 0.2351 0.1059 -0.4635 3.9414 7.0000 7.3484 0.0643 
12.2540 10.0000 255.3278 0.2309 0.1057 -0.4590 3.9535 7.0000 4.3509 0.0728 
12.4930 10.0000 264.1944 0.2315 0.1058 -0.4627 3.9359 7.0000 4.1813 0.0735 
12.4166 10.0000 258.6278 0.2267 0.1045 -0.4627 3.9373 8.0000 2.9474 0.0628 
12.3682 10.0000 258.4184 0.2320 0.1056 -0.4698 3.9461 7.0000 4.9734 0.0693 
12.2628 6.0000 255.0306 0.2331 0.1058 -0.4592 3.9591 7.0000 4.7878 0.0744 
12.2076 8.0000 251.9428 0.2367 0.1078 -0.4714 3.9688 8.0000 4.5791 0.0658 
12.4240 10.0000 259.0636 0.2273 0.1052 -0.4656 3.9420 7.0000 4.4875 0.0748 
12.3524 10.0000 257.4812 0.2288 0.1056 -0.4630 3.9467 7.0000 4.2655 0.0675 
12.5154 10.0000 265.6852 0.2311 0.1050 -0.4679 3.9290 7.0000 4.2690 0.0813 
12.3268 10.0000 259.5432 0.2312 0.1044 -0.4658 3.9428 7.0000 2.9909 0.0747 
12.2914 10.0000 254.2510 0.2297 0.1055 -0.4637 3.9570 7.0000 4.1804 0.0671 
12.3066 9.0000 261.2400 0.2376 0.1061 -0.4636 3.9470 7.0000 4.3568 0.0651 
12.4804 6.0000 263.7802 0.2376 0.1064 -0.4789 3.9369 7.0000 4.4904 0.0721 
12.4184 10.0000 260.6082 0.2379 0.1066 -0.4779 3.9423 7.0000 4.3111 0.0640 
12.2490 10.0000 254.6268 0.2304 0.1057 -0.4591 3.9532 7.0000 4.3958 0.0729 
12.4420 10.0000 262.4420 0.2346 0.1050 -0.4805 3.9349 7.0000 4.3530 0.0729 
12.5098 10.0000 262.7556 0.2312 0.1058 -0.4716 3.9334 7.0000 2.9948 0.0559 
12.2922 10.0000 255.0978 0.2318 0.1057 -0.4682 3.9505 7.0000 4.2269 0.0606 
12.4454 5.0000 262.7910 0.2304 0.1061 -0.4593 3.9399 7.0000 4.4000 0.0606 
12.1282 8.0000 253.6026 0.2376 0.1064 -0.4603 3.9638 7.0000 4.4849 0.0654 
12.3658 8.0000 259.8812 0.2347 0.1052 -0.4741 3.9390 7.0000 4.2667 0.0530 
12.2076 10.0000 251.0186 0.2299 0.1050 -0.4679 3.9581 7.0000 4.1799 0.0740 
12.3220 10.0000 258.7672 0.2337 0.1052 -0.4624 3.9450 7.0000 4.3959 0.0693 
12.3462 10.0000 259.0974 0.2341 0.1047 -0.4712 3.9404 7.0000 4.3843 0.0675 
12.4264 5.0000 258.7406 0.2222 0.1045 -0.4517 3.9415 7.0000 4.0871 0.0517 
12.2036 8.0000 252.5718 0.2313 0.1060 -0.4565 3.9633 7.0000 3.0771 0.0740 
12.3586 10.0000 258.7130 0.2331 0.1047 -0.4731 3.9394 8.0000 4.8424 0.0729 
12.2810 10.0000 256.2368 0.2305 0.1058 -0.4592 3.9521 7.0000 4.8391 0.0602 
12.4130 6.0000 260.0482 0.2284 0.1055 -0.4590 3.9430 7.0000 4.1344 0.0619 
12.2156 9.0000 253.8772 0.2309 0.1048 -0.4555 3.9580 7.0000 5.1894 0.0660 
12.4730 10.0000 256.7998 0.2206 0.1051 -0.4622 3.9458 7.0000 4.1304 0.0676 
12.3262 7.0000 260.4192 0.2332 0.1059 -0.4569 3.9443 7.0000 4.3559 0.0694 
12.4056 10.0000 261.7968 0.2351 0.1064 -0.4692 3.9425 7.0000 9.6921 0.0674 
12.2152 10.0000 256.1412 0.2375 0.1070 -0.4597 3.9600 7.0000 9.1903 0.0737 
12.2102 10.0000 254.3002 0.2393 0.1064 -0.4781 3.9601 7.0000 4.1795 0.0733 
12.6288 10.0000 271.8790 0.2326 0.1048 -0.4687 3.9198 7.0000 4.1354 0.0659 
12.3578 10.0000 259.8580 0.2357 0.1058 -0.4720 3.9425 7.0000 4.3514 0.0659 
12.4558 10.0000 260.5484 0.2284 0.1047 -0.4709 3.9373 7.0000 2.9501 0.0694 
12.4298 9.0000 261.1914 0.2290 0.1049 -0.4624 3.9353 7.0000 4.2203 0.0765 
12.3112 8.0000 255.4448 0.2306 0.1056 -0.4624 3.9522 7.0000 4.1764 0.0703 
12.2672 8.0000 256.3642 0.2312 0.1050 -0.4593 3.9487 7.0000 4.0911 0.0591 
12.2900 10.0000 257.4316 0.2315 0.1058 -0.4592 3.9506 7.0000 4.3590 0.0708 
12.3488 10.0000 262.4334 0.2391 0.1049 -0.4708 3.9352 7.0000 5.3245 0.0622 
12.0938 10.0000 252.2434 0.2389 0.1046 -0.4682 3.9586 7.0000 3.6420 0.0681 
12.1678 10.0000 250.2498 0.2324 0.1064 -0.4648 3.9657 7.0000 4.3110 0.0625 
12.3862 10.0000 259.2324 0.2332 0.1062 -0.4681 3.9445 7.0000 4.4447 0.0605 
12.4662 10.0000 260.7036 0.2243 0.1058 -0.4573 3.9413 7.0000 4.3552 0.0665 
12.3196 10.0000 257.6808 0.2335 0.1051 -0.4682 3.9478 7.0000 5.9354 0.0601 
12.0406 10.0000 249.0120 0.2371 0.1064 -0.4591 3.9719 7.0000 5.4977 0.0660 
12.4408 7.0000 261.1564 0.2307 0.1052 -0.4666 3.9418 7.0000 4.3543 0.0676 
12.5278 10.0000 266.2076 0.2358 0.1065 -0.4751 3.9315 7.0000 4.2629 0.0617 
12.4134 10.0000 260.3650 0.2268 0.1044 -0.4601 3.9383 7.0000 4.1344 0.0750 
12.5180 9.0000 263.5278 0.2281 0.1047 -0.4684 3.9307 7.0000 4.1322 0.0684 
12.4276 10.0000 261.4648 0.2318 0.1062 -0.4626 3.9438 7.0000 3.2034 0.0585 
12.4716 10.0000 264.5642 0.2294 0.1040 -0.4663 3.9270 7.0000 2.9891 0.0718 
12.4132 10.0000 260.3552 0.2257 0.1038 -0.4607 3.9362 8.0000 4.3080 0.0826 
12.5606 10.0000 264.2298 0.2260 0.1052 -0.4631 3.9318 8.0000 4.1757 0.0770 
12.3552 10.0000 254.9076 0.2292 0.1067 -0.4711 3.9544 7.0000 4.3948 0.0597 
12.3756 10.0000 261.3128 0.2301 0.1050 -0.4571 3.9415 7.0000 4.2209 0.0614 
12.4736 10.0000 263.3806 0.2263 0.1042 -0.4597 3.9307 7.0000 4.3080 0.0712 
12.4286 10.0000 261.4754 0.2311 0.1047 -0.4682 3.9358 7.0000 2.9906 0.0713 
12.3884 10.0000 259.7434 0.2296 0.1053 -0.4619 3.9415 7.0000 4.3980 0.0742 
12.3940 10.0000 262.6012 0.2318 0.1044 -0.4644 3.9375 7.0000 4.3539 0.0720 
12.3748 10.0000 259.7232 0.2288 0.1044 -0.4583 3.9415 7.0000 3.9618 0.0728 
12.3496 10.0000 260.0832 0.2360 0.1048 -0.4748 3.9393 7.0000 4.5316 0.0666 
12.4136 7.0000 258.7180 0.2251 0.1052 -0.4564 3.9446 7.0000 4.2608 0.0646 
12.2668 8.0000 257.2298 0.2363 0.1057 -0.4722 3.9522 7.0000 3.0817 0.0728 
12.2298 5.0000 254.8996 0.2337 0.1063 -0.4662 3.9526 7.0000 4.5735 0.0744 
12.4392 10.0000 259.9682 0.2261 0.1049 -0.4620 3.9371 7.0000 4.2684 0.0708 
12.2256 10.0000 253.3928 0.2330 0.1067 -0.4598 3.9602 7.0000 4.3135 0.0606 
12.3960 10.0000 260.6044 0.2337 0.1068 -0.4685 3.9471 7.0000 4.4861 0.0682 
12.2664 9.0000 255.7958 0.2366 0.1052 -0.4760 3.9489 7.0000 4.3969 0.0757 
12.3190 7.0000 256.7096 0.2340 0.1057 -0.4755 3.9461 8.0000 4.4411 0.0732 
12.3068 7.0000 256.7810 0.2336 0.1049 -0.4682 3.9506 7.0000 4.2563 0.0692 
12.2802 10.0000 255.0514 0.2261 0.1045 -0.4555 3.9525 7.0000 3.1937 0.0549 
12.2234 10.0000 257.1026 0.2380 0.1052 -0.4699 3.9497 7.0000 7.6932 0.0800 
12.1378 10.0000 250.6498 0.2344 0.1072 -0.4571 3.9691 7.0000 7.2590 0.0741 
12.4614 10.0000 262.1754 0.2281 0.1050 -0.4613 3.9384 8.0000 4.3986 0.0611 
12.2788 10.0000 256.3700 0.2319 0.1047 -0.4633 3.9485 7.0000 4.3991 0.0693 
12.4688 10.0000 262.9556 0.2242 0.1048 -0.4532 3.9345 7.0000 4.2218 0.0661 
12.2794 10.0000 256.2498 0.2323 0.1064 -0.4605 3.9552 7.0000 4.3932 0.0706 
12.3886 10.0000 259.9276 0.2329 0.1051 -0.4735 3.9413 7.0000 3.2100 0.0647 
12.1886 8.0000 252.6178 0.2320 0.1059 -0.4552 3.9607 7.0000 4.3996 0.0795 
12.5070 10.0000 264.3022 0.2255 0.1046 -0.4601 3.9306 7.0000 4.1340 0.0697 
12.3344 10.0000 257.1206 0.2286 0.1049 -0.4649 3.9470 7.0000 4.2195 0.0822 
12.2036 9.0000 257.2562 0.2387 0.1059 -0.4635 3.9534 7.0000 4.5288 0.0625 
12.1560 10.0000 250.3606 0.2310 0.1063 -0.4583 3.9685 7.0000 4.3030 0.0702 
12.4026 10.0000 259.6164 0.2226 0.1045 -0.4472 3.9378 7.0000 4.2227 0.0651 
12.4984 8.0000 263.0778 0.2304 0.1054 -0.4722 3.9317 7.0000 4.3970 0.0766 
12.2362 9.0000 252.7682 0.2312 0.1058 -0.4612 3.9617 7.0000 4.2234 0.0723 
12.2850 5.0000 256.1870 0.2325 0.1053 -0.4694 3.9488 7.0000 4.3964 0.0649 
12.3798 10.0000 259.5288 0.2343 0.1045 -0.4765 3.9374 7.0000 3.0774 0.0636 
12.4156 10.0000 262.4708 0.2334 0.1055 -0.4621 3.9383 7.0000 4.4312 0.0542 
12.1484 10.0000 250.6158 0.2310 0.1063 -0.4582 3.9706 7.0000 4.4430 0.0733 
12.0466 10.0000 246.3614 0.2326 0.1063 -0.4604 3.9765 7.0000 4.4894 0.0614 
12.5324 10.0000 263.4764 0.2308 0.1056 -0.4760 3.9322 7.0000 3.0677 0.0782 
12.3482 10.0000 257.3894 0.2303 0.1064 -0.4590 3.9517 8.0000 4.4877 0.0734 
12.2948 9.0000 254.6598 0.2306 0.1058 -0.4674 3.9538 7.0000 4.1329 0.0656 
12.3100 10.0000 256.9408 0.2345 0.1050 -0.4726 3.9459 9.0000 4.5254 0.0601 
12.1638 10.0000 252.4936 0.2351 0.1065 -0.4602 3.9638 7.0000 4.3973 0.0700 
12.2588 6.0000 254.9368 0.2307 0.1054 -0.4620 3.9520 7.0000 4.4378 0.0796 
12.1118 10.0000 249.0362 0.2315 0.1056 -0.4539 3.9681 7.0000 4.4011 0.0620 
12.2582 10.0000 252.9642 0.2300 0.1055 -0.4665 3.9561 7.0000 3.0357 0.0700 
12.4044 10.0000 259.7040 0.2311 0.1055 -0.4665 3.9416 7.0000 3.9976 0.0597 
12.3956 10.0000 264.2730 0.2375 0.1050 -0.4731 3.9338 7.0000 4.5281 0.0679 
12.5562 10.0000 265.2200 0.2313 0.1053 -0.4743 3.9310 7.0000 4.4413 0.0674 
12.2628 10.0000 255.2396 0.2314 0.1055 -0.4573 3.9529 7.0000 4.3495 0.0674 
12.5834 10.0000 267.8184 0.2316 0.1057 -0.4703 3.9270 7.0000 3.1210 0.0644 
12.2562 10.0000 254.2748 0.2283 0.1048 -0.4572 3.9555 7.0000 4.2654 0.0686 
12.4442 10.0000 263.1710 0.2299 0.1043 -0.4585 3.9356 7.0000 4.1334 0.0656 
12.3186 10.0000 256.8734 0.2295 0.1063 -0.4563 3.9513 8.0000 4.5635 0.0744 
12.0956 10.0000 250.9496 0.2344 0.1050 -0.4578 3.9628 7.0000 4.3987 0.0625 
12.2374 10.0000 252.7578 0.2277 0.1055 -0.4579 3.9582 7.0000 4.2220 0.0723 
12.3294 10.0000 257.3286 0.2302 0.1051 -0.4708 3.9466 7.0000 4.2671 0.0687 
12.4608 10.0000 260.6310 0.2275 0.1059 -0.4565 3.9426 7.0000 4.2227 0.0698 
12.4278 10.0000 259.4706 0.2284 0.1059 -0.4690 3.9426 8.0000 4.3533 0.0741 
12.5246 10.0000 264.2726 0.2321 0.1065 -0.4671 3.9398 7.0000 3.0380 0.0712 
12.2946 8.0000 256.9516 0.2296 0.1045 -0.4551 3.9452 7.0000 4.6210 0.0793 
12.5584 10.0000 266.8644 0.2302 0.1054 -0.4702 3.9260 7.0000 4.7036 0.0675 
12.4442 10.0000 262.6092 0.2329 0.1050 -0.4668 3.9372 8.0000 4.3891 0.0719 
12.2392 8.0000 253.1774 0.2308 0.1062 -0.4588 3.9606 7.0000 4.2683 0.0627 
12.3834 10.0000 260.6108 0.2317 0.1043 -0.4677 3.9376 7.0000 3.1227 0.0707 
12.4444 10.0000 260.8144 0.2305 0.1054 -0.4710 3.9388 7.0000 4.4430 0.0732 
12.3360 10.0000 255.4964 0.2286 0.1064 -0.4593 3.9513 7.0000 4.4287 0.0591 
12.3500 6.0000 258.0482 0.2290 0.1050 -0.4581 3.9441 7.0000 4.3139 0.0750 
12.2660 10.0000 257.2660 0.2354 0.1054 -0.4706 3.9513 7.0000 4.3546 0.0732 
12.3030 5.0000 255.4652 0.2332 0.1059 -0.4688 3.9539 7.0000 4.3538 0.0755 
12.1004 10.0000 250.4222 0.2328 0.1059 -0.4563 3.9681 7.0000 4.4894 0.0757 
12.4894 10.0000 263.9098 0.2301 0.1069 -0.4608 3.9390 7.0000 4.4842 0.0780 
12.4488 5.0000 263.0012 0.2288 0.1043 -0.4650 3.9322 9.0000 4.4881 0.0719 
12.3656 8.0000 259.7754 0.2315 0.1052 -0.4651 3.9437 7.0000 3.0815 0.0712 
12.3822 10.0000 258.4674 0.2286 0.1055 -0.4614 3.9479 7.0000 4.2688 0.0772 
12.4662 10.0000 263.1290 0.2284 0.1048 -0.4634 3.9306 7.0000 4.0502 0.0709 
12.4098 9.0000 263.3166 0.2364 0.1057 -0.4672 3.9369 7.0000 4.4875 0.0555 
12.2104 10.0000 255.2260 0.2311 0.1062 -0.4561 3.9592 7.0000 4.5309 0.0713 
12.3006 10.0000 259.4996 0.2315 0.1053 -0.4570 3.9482 7.0000 4.4855 0.0680 
12.5858 10.0000 267.6248 0.2310 0.1061 -0.4708 3.9290 7.0000 4.5299 0.0670 
12.3270 10.0000 258.8134 0.2339 0.1053 -0.4640 3.9434 7.0000 4.3510 0.0757 
12.1426 10.0000 253.0636 0.2378 0.1061 -0.4684 3.9619 7.0000 3.0802 0.0630 
12.3112 10.0000 258.0154 0.2299 0.1058 -0.4547 3.9497 7.0000 4.5740 0.0619 
12.2720 10.0000 256.0688 0.2278 0.1050 -0.4532 3.9531 7.0000 4.3515 0.0645 
12.3174 6.0000 257.8202 0.2349 0.1060 -0.4728 3.9495 7.0000 4.6148 0.0645 
12.4628 10.0000 263.9626 0.2358 0.1052 -0.4732 3.9352 8.0000 4.4871 0.0755 
12.3684 2.0000 260.5762 0.2300 0.1050 -0.4615 3.9448 7.0000 4.2614 0.0750 
12.5194 10.0000 262.4316 0.2244 0.1049 -0.4661 3.9305 7.0000 3.0351 0.0692 
12.4718 7.0000 261.6330 0.2324 0.1062 -0.4683 3.9384 7.0000 4.4890 0.0653 
12.3586 9.0000 257.2112 0.2325 0.1068 -0.4682 3.9494 7.0000 4.3022 0.0699 
12.5966 8.0000 267.7498 0.2318 0.1053 -0.4709 3.9246 7.0000 4.4854 0.0621 
12.2288 10.0000 252.4158 0.2324 0.1062 -0.4636 3.9627 7.0000 4.4426 0.0681 
12.3308 8.0000 258.8790 0.2302 0.1048 -0.4646 3.9436 7.0000 4.2662 0.0563 
12.3604 10.0000 258.6430 0.2277 0.1049 -0.4610 3.9436 7.0000 4.4773 0.0687 
12.3818 10.0000 259.8782 0.2322 0.1051 -0.4673 3.9404 7.0000 5.7575 0.0732 
12.2004 10.0000 252.9132 0.2338 0.1057 -0.4634 3.9580 7.0000 5.6765 0.0604 
12.2838 9.0000 256.3776 0.2313 0.1055 -0.4584 3.9477 7.0000 3.2543 0.0706 
12.3200 10.0000 256.9468 0.2357 0.1071 -0.4693 3.9543 7.0000 4.6184 0.0821 
12.5630 10.0000 269.2724 0.2320 0.1040 -0.4690 3.9202 7.0000 3.0348 0.0821 
12.2274 10.0000 254.3358 0.2328 0.1061 -0.4626 3.9566 7.0000 3.0343 0.0586 
12.4506 9.0000 262.6944 0.2285 0.1049 -0.4592 3.9350 7.0000 4.2204 0.0662 
12.4342 10.0000 262.5966 0.2332 0.1048 -0.4711 3.9338 7.0000 4.4388 0.0665 
12.4696 9.0000 262.1012 0.2293 0.1054 -0.4693 3.9365 7.0000 4.2209 0.0586 
12.2914 9.0000 255.6780 0.2316 0.1052 -0.4658 3.9499 7.0000 4.4458 0.0729 
12.3070 10.0000 255.5484 0.2315 0.1056 -0.4699 3.9519 7.0000 3.9076 0.0622 
12.3388 10.0000 257.3934 0.2301 0.1062 -0.4575 3.9517 7.0000 4.4444 0.0697 
12.3970 10.0000 258.6526 0.2256 0.1044 -0.4602 3.9392 7.0000 4.2667 0.0648 
12.2800 8.0000 258.6676 0.2359 0.1065 -0.4581 3.9549 7.0000 4.6613 0.0686 
12.4046 6.0000 259.4782 0.2304 0.1060 -0.4683 3.9451 7.0000 6.6400 0.0699 
12.3784 10.0000 260.8772 0.2321 0.1051 -0.4640 3.9412 7.0000 6.4635 0.0699 
12.5196 9.0000 264.3504 0.2267 0.1045 -0.4625 3.9286 7.0000 2.9910 0.0611 
12.4486 10.0000 262.8684 0.2315 0.1051 -0.4660 3.9345 8.0000 4.4425 0.0709 
12.4394 10.0000 261.5672 0.2322 0.1053 -0.4717 3.9329 7.0000 4.2662 0.0635 
12.3198 8.0000 258.2692 0.2304 0.1050 -0.4579 3.9458 7.0000 4.2660 0.0648 
12.3826 9.0000 259.7256 0.2301 0.1058 -0.4577 3.9479 7.0000 4.4398 0.0708 
12.4124 10.0000 261.1474 0.2307 0.1047 -0.4682 3.9353 7.0000 4.4403 0.0689 
12.4788 10.0000 264.3388 0.2292 0.1047 -0.4643 3.9276 7.0000 4.6044 0.0602 
12.2604 10.0000 255.8750 0.2347 0.1049 -0.4697 3.9510 7.0000 4.4454 0.0593 
12.2528 9.0000 252.9338 0.2307 0.1060 -0.4645 3.9584 8.0000 4.2242 0.0593 
12.2490 6.0000 254.9472 0.2312 0.1042 -0.4635 3.9471 7.0000 3.0774 0.0773 
12.4092 9.0000 262.1446 0.2345 0.1046 -0.4750 3.9338 8.0000 5.5329 0.0592 
12.3094 10.0000 259.8572 0.2371 0.1058 -0.4668 3.9443 7.0000 5.2277 0.0811 
12.4658 10.0000 264.4918 0.2324 0.1053 -0.4680 3.9323 7.0000 4.4384 0.0779 
12.1628 10.0000 253.7134 0.2353 0.1050 -0.4629 3.9581 7.0000 4.4872 0.0612 
12.3812 10.0000 258.5718 0.2300 0.1062 -0.4675 3.9470 7.0000 3.0818 0.0760 
12.3184 10.0000 256.3816 0.2284 0.1055 -0.4579 3.9531 7.0000 4.2647 0.0714 
12.3186 10.0000 259.0664 0.2350 0.1053 -0.4683 3.9468 7.0000 4.4421 0.0564 
12.4804 10.0000 260.0972 0.2249 0.1040 -0.4732 3.9331 7.0000 4.1804 0.0615 
12.5240 10.0000 264.6856 0.2278 0.1045 -0.4644 3.9275 7.0000 4.3057 0.0717 
12.3124 5.0000 254.5794 0.2269 0.1057 -0.4577 3.9555 7.0000 6.3360 0.0570 
12.2950 10.0000 255.8050 0.2277 0.1051 -0.4549 3.9503 7.0000 5.9417 0.0570 
12.1778 10.0000 252.4298 0.2337 0.1064 -0.4623 3.9605 7.0000 4.3531 0.0736 
12.4200 10.0000 263.0438 0.2351 0.1057 -0.4718 3.9371 7.0000 3.3398 0.0637 
12.2308 10.0000 257.1926 0.2408 0.1061 -0.4719 3.9537 8.0000 4.4855 0.0664 
12.3334 10.0000 256.7272 0.2264 0.1041 -0.4579 3.9456 7.0000 4.0908 0.0754 
12.3138 10.0000 257.3370 0.2349 0.1060 -0.4642 3.9509 7.0000 4.6171 0.0739 
12.4238 10.0000 259.5206 0.2269 0.1046 -0.4654 3.9371 7.0000 4.1329 0.0649 
12.4776 10.0000 263.5728 0.2266 0.1051 -0.4565 3.9339 7.0000 4.3116 0.0664 
12.3134 9.0000 255.6004 0.2285 0.1051 -0.4627 3.9501 7.0000 4.3515 0.0754 
12.2184 7.0000 254.6752 0.2349 0.1054 -0.4628 3.9560 7.0000 3.0780 0.0754 
12.5198 10.0000 265.3602 0.2308 0.1045 -0.4700 3.9305 7.0000 4.4004 0.0691 
12.4878 10.0000 263.6638 0.2314 0.1063 -0.4631 3.9360 7.0000 6.6867 0.0742 
12.1342 5.0000 250.4872 0.2332 0.1078 -0.4516 3.9757 7.0000 6.6418 0.0742 
12.2954 3.0000 257.2930 0.2346 0.1054 -0.4677 3.9476 7.0000 4.2226 0.0742 
12.2546 10.0000 255.9644 0.2328 0.1061 -0.4600 3.9572 7.0000 4.4845 0.0632 
12.2584 10.0000 256.4372 0.2335 0.1058 -0.4585 3.9508 7.0000 9.5490 0.0700 
12.2630 10.0000 254.3700 0.2279 0.1063 -0.4494 3.9613 8.0000 6.4235 0.0715 
12.2542 10.0000 252.4454 0.2276 0.1059 -0.4620 3.9612 7.0000 4.1226 0.0700 
12.3932 7.0000 260.5200 0.2366 0.1055 -0.4714 3.9455 7.0000 4.3922 0.0753 
12.2434 7.0000 254.2620 0.2366 0.1065 -0.4773 3.9596 8.0000 4.7058 0.0566 
12.3330 10.0000 257.5064 0.2345 0.1056 -0.4694 3.9459 7.0000 4.5190 0.0672 
12.2784 9.0000 256.6020 0.2337 0.1047 -0.4646 3.9519 8.0000 4.4842 0.0574 
12.2878 10.0000 254.9754 0.2346 0.1061 -0.4722 3.9537 7.0000 9.2231 0.0672 
12.1212 4.0000 251.3892 0.2334 0.1063 -0.4541 3.9643 7.0000 8.8748 0.0698 
12.3200 7.0000 256.8524 0.2276 0.1052 -0.4570 3.9501 7.0000 4.2268 0.0685 
12.3186 10.0000 256.1360 0.2300 0.1068 -0.4564 3.9552 7.0000 4.4414 0.0606 
12.1626 8.0000 251.2960 0.2321 0.1061 -0.4566 3.9671 7.0000 3.0777 0.0671 
12.4158 10.0000 263.1490 0.2320 0.1046 -0.4664 3.9307 7.0000 6.5100 0.0607 
12.0952 10.0000 248.6972 0.2325 0.1068 -0.4553 3.9724 7.0000 6.3813 0.0635 
12.6982 10.0000 270.9058 0.2282 0.1056 -0.4658 3.9217 8.0000 4.3090 0.0626 
12.4900 9.0000 263.6842 0.2311 0.1040 -0.4751 3.9272 7.0000 4.3119 0.0754 
12.2658 7.0000 256.8914 0.2312 0.1041 -0.4602 3.9457 7.0000 4.8792 0.0673 
12.2908 9.0000 255.1612 0.2252 0.1059 -0.4475 3.9537 7.0000 6.1146 0.0755 
12.3832 10.0000 259.7184 0.2313 0.1049 -0.4711 3.9403 7.0000 4.4423 0.0710 
12.3646 8.0000 261.8678 0.2392 0.1056 -0.4713 3.9433 7.0000 4.5317 0.0664 
12.5418 10.0000 265.2058 0.2305 0.1063 -0.4708 3.9329 7.0000 4.4865 0.0675 
12.5368 10.0000 266.3648 0.2300 0.1047 -0.4702 3.9291 7.0000 4.1977 0.0564 
12.3504 10.0000 259.1778 0.2324 0.1049 -0.4692 3.9407 7.0000 4.4416 0.0735 
12.3950 10.0000 259.6232 0.2297 0.1046 -0.4669 3.9394 7.0000 3.0375 0.0825 
12.4188 10.0000 259.5554 0.2261 0.1047 -0.4602 3.9397 7.0000 4.3559 0.0721 
12.3106 9.0000 258.5900 0.2346 0.1049 -0.4721 3.9430 7.0000 4.3548 0.0721 
12.1908 10.0000 253.8320 0.2307 0.1045 -0.4550 3.9538 7.0000 4.4013 0.0763 
12.1236 9.0000 249.1140 0.2330 0.1058 -0.4610 3.9678 7.0000 4.4000 0.0661 
12.5368 10.0000 264.8216 0.2267 0.1050 -0.4610 3.9339 7.0000 4.2668 0.0717 
12.2112 10.0000 254.3218 0.2356 0.1059 -0.4639 3.9575 8.0000 3.0723 0.0701 
12.3470 8.0000 259.2462 0.2306 0.1053 -0.4622 3.9417 7.0000 4.3982 0.0757 
12.5200 7.0000 266.0654 0.2326 0.1056 -0.4683 3.9321 7.0000 4.4886 0.0689 
12.2326 10.0000 257.3052 0.2428 0.1055 -0.4788 3.9469 7.0000 4.7004 0.0645 
12.2592 8.0000 256.5870 0.2362 0.1054 -0.4676 3.9516 7.0000 4.3990 0.0715 
12.4354 10.0000 261.7366 0.2334 0.1060 -0.4700 3.9426 7.0000 4.4872 0.0666 
12.3674 4.0000 259.8304 0.2319 0.1052 -0.4649 3.9404 7.0000 3.1221 0.0695 
12.4232 7.0000 261.2294 0.2299 0.1056 -0.4611 3.9400 7.0000 7.0682 0.0681 
12.1858 10.0000 251.2510 0.2303 0.1059 -0.4575 3.9629 7.0000 6.5451 0.0617 
12.3794 9.0000 262.1678 0.2330 0.1050 -0.4619 3.9393 7.0000 4.3554 0.0676 
12.1592 8.0000 251.8660 0.2355 0.1052 -0.4721 3.9582 7.0000 4.4868 0.0759 
12.1576 10.0000 250.3366 0.2322 0.1066 -0.4603 3.9667 7.0000 4.5779 0.0595 
12.3958 8.0000 259.6986 0.2283 0.1058 -0.4565 3.9417 7.0000 4.4851 0.0759 
12.5394 6.0000 263.8814 0.2261 0.1045 -0.4634 3.9250 7.0000 4.4412 0.0675 
12.2290 10.0000 253.2850 0.2299 0.1055 -0.4616 3.9542 8.0000 4.1795 0.0640 
12.4008 10.0000 263.1450 0.2375 0.1053 -0.4689 3.9344 7.0000 3.1653 0.0645 
12.3424 10.0000 259.6338 0.2304 0.1051 -0.4564 3.9455 7.0000 4.3530 0.0645 
12.3726 10.0000 259.2580 0.2290 0.1048 -0.4594 3.9440 7.0000 4.3518 0.0752 
12.4184 7.0000 259.3444 0.2255 0.1053 -0.4596 3.9395 7.0000 4.3556 0.0731 
12.3848 6.0000 259.7482 0.2327 0.1065 -0.4644 3.9418 7.0000 4.5765 0.0658 
12.1364 10.0000 250.4682 0.2334 0.1056 -0.4624 3.9670 7.0000 4.3116 0.0731 
12.3732 10.0000 258.8430 0.2291 0.1052 -0.4621 3.9439 7.0000 4.3972 0.0677 
12.4770 9.0000 265.8932 0.2324 0.1038 -0.4671 3.9272 7.0000 4.3537 0.0755 
12.4520 10.0000 260.4642 0.2300 0.1059 -0.4682 3.9429 7.0000 4.3508 0.0528 
12.3824 6.0000 256.7672 0.2261 0.1062 -0.4572 3.9541 7.0000 4.3536 0.0659 
12.2582 10.0000 256.5740 0.2363 0.1067 -0.4655 3.9565 7.0000 4.3559 0.0688 
12.2322 10.0000 254.9890 0.2317 0.1055 -0.4601 3.9557 7.0000 4.4846 0.0664 
12.1698 10.0000 251.3562 0.2354 0.1055 -0.4670 3.9621 7.0000 4.5712 0.0696 
12.2822 10.0000 258.2980 0.2331 0.1058 -0.4634 3.9488 7.0000 4.4412 0.0736 
12.2932 10.0000 259.9290 0.2354 0.1052 -0.4659 3.9445 7.0000 8.7979 0.0626 
12.3660 10.0000 259.6894 0.2370 0.1065 -0.4758 3.9408 7.0000 8.3017 0.0626 
12.3052 7.0000 253.6950 0.2246 0.1043 -0.4614 3.9510 7.0000 4.2661 0.0747 
12.4340 9.0000 263.9794 0.2325 0.1056 -0.4620 3.9350 8.0000 3.2509 0.0730 
12.1414 9.0000 251.1772 0.2322 0.1049 -0.4581 3.9629 7.0000 4.4890 0.0719 
12.3452 9.0000 257.5772 0.2289 0.1052 -0.4642 3.9476 7.0000 4.2697 0.0720 
12.2242 10.0000 253.0962 0.2317 0.1066 -0.4585 3.9631 7.0000 4.2687 0.0700 
12.3280 10.0000 258.5154 0.2298 0.1045 -0.4598 3.9439 7.0000 4.2248 0.0667 
12.4044 10.0000 259.6190 0.2321 0.1052 -0.4705 3.9393 7.0000 4.4464 0.0624 
12.1980 5.0000 252.8860 0.2345 0.1054 -0.4667 3.9567 7.0000 4.5738 0.0721 
12.3412 8.0000 259.9536 0.2366 0.1061 -0.4695 3.9413 7.0000 4.3966 0.0811 
12.4564 10.0000 260.2434 0.2294 0.1065 -0.4631 3.9436 7.0000 3.0370 0.0677 
12.1820 8.0000 252.0122 0.2348 0.1070 -0.4612 3.9659 8.0000 6.3638 0.0770 
12.2252 10.0000 251.8954 0.2335 0.1075 -0.4614 3.9674 8.0000 5.9218 0.0736 
12.2096 10.0000 253.2804 0.2322 0.1061 -0.4566 3.9614 7.0000 4.4893 0.0679 
12.2658 10.0000 253.9814 0.2323 0.1071 -0.4635 3.9590 7.0000 4.6190 0.0686 
12.2212 10.0000 253.5412 0.2277 0.1041 -0.4564 3.9575 8.0000 4.2692 0.0686 
12.3408 6.0000 257.1012 0.2289 0.1053 -0.4595 3.9490 8.0000 3.0791 0.0679 
12.3822 10.0000 262.0810 0.2314 0.1045 -0.4656 3.9354 7.0000 4.3552 0.0679 
12.2412 10.0000 257.9440 0.2397 0.1066 -0.4673 3.9535 7.0000 4.4426 0.0651 
12.4052 9.0000 259.7638 0.2324 0.1052 -0.4752 3.9401 7.0000 4.4413 0.0787 
12.2166 5.0000 255.2896 0.2342 0.1048 -0.4644 3.9517 7.0000 4.5713 0.0666 
12.3754 10.0000 260.4006 0.2354 0.1057 -0.4710 3.9425 7.0000 4.6151 0.0746 
12.1652 10.0000 250.4714 0.2326 0.1060 -0.4617 3.9668 7.0000 4.3554 0.0718 
12.4446 10.0000 260.7514 0.2307 0.1060 -0.4660 3.9404 7.0000 4.5749 0.0691 
12.2540 10.0000 254.2996 0.2289 0.1057 -0.4549 3.9564 8.0000 12.4048 0.0610 
12.2170 10.0000 253.3346 0.2352 0.1059 -0.4670 3.9585 8.0000 11.7899 0.0610 
12.0626 10.0000 250.8628 0.2415 0.1059 -0.4722 3.9695 7.0000 8.8400 0.0718 
12.4470 7.0000 261.1672 0.2302 0.1059 -0.4637 3.9410 8.0000 4.5604 0.0625 
12.3696 10.0000 258.5968 0.2269 0.1054 -0.4593 3.9439 7.0000 4.4887 0.0715 
12.3954 10.0000 260.8506 0.2314 0.1055 -0.4646 3.9431 8.0000 4.3083 0.0661 
12.3284 10.0000 259.2786 0.2332 0.1059 -0.4602 3.9447 7.0000 3.1690 0.0624 
12.3244 10.0000 259.7890 0.2326 0.1041 -0.4660 3.9387 7.0000 4.3971 0.0652 
12.4044 7.0000 259.0162 0.2325 0.1063 -0.4727 3.9450 7.0000 4.6171 0.0652 
12.0856 10.0000 248.7916 0.2306 0.1063 -0.4520 3.9738 8.0000 6.8027 0.0662 
12.2938 6.0000 254.7848 0.2329 0.1057 -0.4656 3.9548 7.0000 4.7024 0.0691 
12.5524 10.0000 269.6428 0.2355 0.1041 -0.4741 3.9195 8.0000 4.1790 0.0691 
12.5900 10.0000 268.4730 0.2304 0.1042 -0.4762 3.9165 7.0000 3.0760 0.0676 
12.4734 9.0000 263.5970 0.2263 0.1046 -0.4565 3.9364 7.0000 4.3097 0.0780 
12.4690 9.0000 260.4288 0.2288 0.1046 -0.4729 3.9363 7.0000 3.0364 0.0687 
12.2820 10.0000 254.9834 0.2276 0.1045 -0.4577 3.9511 7.0000 4.3531 0.0732 
12.2466 10.0000 253.6554 0.2311 0.1072 -0.4558 3.9618 7.0000 4.3110 0.0703 
12.3842 10.0000 260.8054 0.2297 0.1044 -0.4621 3.9411 8.0000 4.3101 0.0700 
12.3918 8.0000 258.6870 0.2300 0.1062 -0.4659 3.9480 8.0000 9.1980 0.0637 
12.2762 10.0000 257.0922 0.2314 0.1065 -0.4525 3.9505 7.0000 8.5780 0.0579 
12.1372 10.0000 248.8542 0.2330 0.1069 -0.4556 3.9765 7.0000 6.3808 0.0761 
12.3304 10.0000 259.8452 0.2381 0.1066 -0.4722 3.9460 7.0000 6.0721 0.0761 
12.2826 6.0000 253.4770 0.2283 0.1052 -0.4591 3.9545 7.0000 4.4886 0.0677 
12.4224 10.0000 261.5070 0.2329 0.1060 -0.4696 3.9442 7.0000 4.4415 0.0753 
12.2028 10.0000 256.3414 0.2394 0.1061 -0.4668 3.9542 8.0000 4.6168 0.0525 
12.2614 10.0000 254.4968 0.2339 0.1065 -0.4670 3.9573 7.0000 4.4400 0.0652 
12.4702 10.0000 262.8538 0.2330 0.1059 -0.4757 3.9331 7.0000 3.2073 0.0606 
12.2470 10.0000 256.2664 0.2324 0.1056 -0.4575 3.9553 8.0000 4.4826 0.0844 
12.4104 10.0000 259.1784 0.2236 0.1038 -0.4521 3.9417 7.0000 4.2230 0.0768 
12.4386 10.0000 258.4582 0.2239 0.1059 -0.4630 3.9456 8.0000 4.3096 0.0645 
12.4242 10.0000 258.8230 0.2247 0.1050 -0.4594 3.9412 8.0000 4.3528 0.0707 
12.2850 5.0000 255.5832 0.2322 0.1055 -0.4677 3.9511 7.0000 3.0784 0.0768 
12.4924 9.0000 263.2932 0.2301 0.1060 -0.4671 3.9341 7.0000 6.4232 0.0634 
12.3416 10.0000 259.1442 0.2334 0.1065 -0.4615 3.9501 7.0000 6.0259 0.0634 
12.1764 10.0000 253.3360 0.2357 0.1053 -0.4681 3.9596 7.0000 4.6186 0.0602 
12.4102 10.0000 258.2288 0.2270 0.1055 -0.4593 3.9462 7.0000 4.0920 0.0632 
12.4434 10.0000 260.4132 0.2325 0.1056 -0.4755 3.9389 7.0000 4.5281 0.0685 
12.0984 10.0000 250.6352 0.2326 0.1061 -0.4523 3.9684 7.0000 4.4861 0.0683 
12.0548 10.0000 247.7666 0.2342 0.1071 -0.4541 3.9751 7.0000 4.6784 0.0534 
12.2894 10.0000 254.8952 0.2333 0.1057 -0.4698 3.9525 7.0000 8.2639 0.0652 
12.2514 8.0000 253.7520 0.2311 0.1065 -0.4559 3.9614 7.0000 6.2376 0.0680 
12.3754 10.0000 258.4086 0.2292 0.1053 -0.4582 3.9466 7.0000 3.0812 0.0659 
12.3360 9.0000 255.8478 0.2256 0.1051 -0.4561 3.9512 8.0000 4.3489 0.0681 
12.5316 10.0000 264.7754 0.2299 0.1053 -0.4658 3.9337 8.0000 6.0709 0.0699 
12.2408 10.0000 253.4284 0.2291 0.1062 -0.4559 3.9600 7.0000 5.4562 0.0650 
12.2362 9.0000 254.1400 0.2333 0.1060 -0.4665 3.9582 7.0000 4.3970 0.0650 
12.2680 9.0000 255.9670 0.2332 0.1057 -0.4657 3.9510 8.0000 4.3561 0.0699 
12.2482 7.0000 255.8674 0.2375 0.1058 -0.4688 3.9529 7.0000 4.3937 0.0692 
12.3054 10.0000 255.7738 0.2266 0.1050 -0.4581 3.9485 8.0000 4.3502 0.0666 
12.3510 10.0000 259.1910 0.2328 0.1052 -0.4682 3.9410 7.0000 3.1218 0.0697 
12.5142 10.0000 263.9426 0.2241 0.1037 -0.4622 3.9250 7.0000 4.0471 0.0594 
12.1912 8.0000 249.8414 0.2310 0.1057 -0.4633 3.9673 7.0000 4.3574 0.0575 
12.3984 10.0000 260.0212 0.2282 0.1058 -0.4544 3.9475 7.0000 4.4409 0.0744 
12.4356 10.0000 263.5586 0.2357 0.1047 -0.4765 3.9308 7.0000 4.5778 0.0553 
12.2974 10.0000 257.6574 0.2384 0.1062 -0.4793 3.9467 7.0000 3.1231 0.0594 
12.5222 9.0000 263.6238 0.2304 0.1045 -0.4733 3.9292 7.0000 7.8282 0.0647 
12.4738 10.0000 264.2032 0.2334 0.1063 -0.4695 3.9361 7.0000 7.3444 0.0657 
12.4526 10.0000 260.6506 0.2322 0.1063 -0.4707 3.9413 7.0000 6.8152 0.0643 
12.1572 8.0000 250.2490 0.2343 0.1073 -0.4614 3.9720 7.0000 6.7296 0.0684 
12.5404 10.0000 265.1580 0.2264 0.1045 -0.4625 3.9291 7.0000 4.4444 0.0788 
12.3990 10.0000 257.2224 0.2236 0.1049 -0.4591 3.9469 7.0000 4.2207 0.0695 
12.2192 8.0000 258.0948 0.2399 0.1052 -0.4655 3.9499 7.0000 3.5195 0.0646 
12.5272 10.0000 263.6044 0.2342 0.1057 -0.4811 3.9342 7.0000 4.4495 0.0619 
12.3352 10.0000 257.3396 0.2316 0.1052 -0.4686 3.9469 7.0000 4.5756 0.0658 
12.4736 10.0000 261.4072 0.2295 0.1059 -0.4670 3.9412 7.0000 4.2653 0.0670 
12.3448 10.0000 257.6776 0.2297 0.1059 -0.4594 3.9495 8.0000 4.6621 0.0652 
12.3300 10.0000 257.2222 0.2292 0.1060 -0.4604 3.9487 7.0000 3.0784 0.0696 
12.3246 10.0000 258.2352 0.2276 0.1047 -0.4513 3.9467 7.0000 4.3081 0.0589 
12.4572 10.0000 259.9278 0.2276 0.1054 -0.4619 3.9415 7.0000 4.4854 0.0589 
12.3614 10.0000 259.5640 0.2296 0.1047 -0.4596 3.9407 8.0000 4.4843 0.0589 
12.3230 4.0000 258.5786 0.2353 0.1055 -0.4718 3.9443 7.0000 4.5278 0.0589 
12.3488 10.0000 256.3632 0.2268 0.1043 -0.4635 3.9443 7.0000 4.2690 0.0589 
12.4336 8.0000 263.4018 0.2280 0.1036 -0.4640 3.9300 7.0000 4.3125 0.0589 
12.3012 10.0000 256.5616 0.2299 0.1062 -0.4566 3.9537 7.0000 4.2659 0.0589 
12.3798 10.0000 259.1078 0.2354 0.1060 -0.4762 3.9428 7.0000 3.2129 0.0589 
12.4840 10.0000 263.1418 0.2319 0.1047 -0.4737 3.9337 7.0000 4.5352 0.0589 
12.2464 10.0000 254.1664 0.2302 0.1060 -0.4588 3.9591 7.0000 4.4439 0.0589 
12.5352 10.0000 265.6560 0.2314 0.1055 -0.4712 3.9333 7.0000 4.5277 0.0589 
