12.3436 10.0000 256.6206 0.0000 0.1985 -0.5001 0.0000 0.0000 114.0446 0.0621 
12.3941 10.0000 260.1533 0.0000 0.1999 -0.5124 0.0000 0.0000 116.3742 0.0668 
12.3274 10.0000 256.0652 0.0000 0.2010 -0.5080 0.0000 0.0000 115.9838 0.0696 
12.4003 10.0000 258.9256 0.0000 0.2024 -0.4911 0.0000 0.0000 105.2591 0.0668 
12.4871 10.0000 263.6822 0.0000 0.2003 -0.5197 0.0000 0.0000 102.8394 0.0730 
12.3576 7.0000 257.1774 0.0000 0.2007 -0.4987 0.0000 0.0000 96.5949 0.0658 
12.2236 10.0000 254.5966 0.0000 0.2030 -0.4986 0.0000 0.0000 111.4631 0.0680 
12.3997 9.0000 257.7750 0.0000 0.2003 -0.5113 0.0000 0.0000 109.7925 0.0621 
12.4507 10.0000 263.5430 0.0000 0.2005 -0.5104 0.0000 0.0000 112.9968 0.0668 
12.3903 9.0000 260.2123 0.0000 0.1999 -0.5071 0.0000 0.0000 115.9843 0.0621 
12.3981 10.0000 257.8608 0.0000 0.2006 -0.4952 0.0000 0.0000 100.7756 0.0668 
12.3536 10.0000 258.4840 0.0000 0.2053 -0.5033 0.0000 0.0000 24.1407 0.0658 
12.2043 10.0000 253.6276 0.0000 0.2016 -0.4914 0.0000 0.0000 27.1345 0.0561 
12.3291 10.0000 257.3337 0.0000 0.2058 -0.5000 0.0000 0.0000 12.2321 0.0658 
12.3137 10.0000 255.9100 0.0000 0.2055 -0.5035 0.0000 0.0000 24.2731 0.0707 
12.3891 10.0000 256.3873 0.0000 0.2002 -0.5030 0.0000 0.0000 37.7295 0.0561 
12.3507 10.0000 257.6059 0.0000 0.2049 -0.4970 0.0000 0.0000 68.2565 0.0697 
12.3571 10.0000 257.8886 0.0000 0.2027 -0.5005 0.0000 0.0000 87.9576 0.0698 
12.3723 10.0000 256.4630 0.0000 0.2004 -0.4914 0.0000 0.0000 66.8961 0.0707 
12.2594 10.0000 254.0960 0.0000 0.1995 -0.4882 0.0000 0.0000 69.5279 0.0717 
12.2840 10.0000 255.4242 0.0000 0.1995 -0.4877 0.0000 0.0000 67.4616 0.0717 
12.5495 10.0000 264.6979 0.0000 0.1992 -0.5016 0.0000 0.0000 63.6824 0.0717 
12.3821 4.0000 259.0404 0.0000 0.2019 -0.4988 0.0000 0.0000 12.7145 0.0628 
12.3109 10.0000 255.0002 0.0000 0.2042 -0.4874 0.0000 0.0000 26.4303 0.0653 
12.2574 10.0000 253.5483 0.0000 0.2012 -0.4989 0.0000 0.0000 28.5361 0.0645 
12.3097 10.0000 256.1514 0.0000 0.2035 -0.4980 0.0000 0.0000 28.4210 0.0654 
12.3467 10.0000 258.2690 0.0000 0.2000 -0.4927 0.0000 0.0000 34.4873 0.0653 
12.5094 10.0000 262.3900 0.0000 0.2005 -0.5082 0.0000 0.0000 31.8042 0.0653 
12.2962 10.0000 257.1730 0.0000 0.2036 -0.4863 0.0000 0.0000 28.5467 0.0733 
12.4186 8.0000 261.3493 0.0000 0.2036 -0.5023 0.0000 0.0000 29.0682 0.0690 
12.4808 5.0000 264.1418 0.0000 0.2013 -0.4980 0.0000 0.0000 54.6657 0.0690 
12.3457 10.0000 256.7309 0.0000 0.2033 -0.4854 0.0000 0.0000 58.8036 0.0672 
12.4794 8.0000 261.9318 0.0000 0.2012 -0.5038 0.0000 0.0000 53.0794 0.0672 
12.3479 8.0000 257.7788 0.0000 0.2056 -0.5059 0.0000 0.0000 30.6994 0.0644 
12.4007 10.0000 259.3776 0.0000 0.2045 -0.5076 0.0000 0.0000 14.0759 0.0655 
12.4042 10.0000 259.1362 0.0000 0.2030 -0.4837 0.0000 0.0000 25.9207 0.0657 
12.4298 10.0000 261.0308 0.0000 0.2017 -0.5095 0.0000 0.0000 28.3236 0.0628 
12.4319 10.0000 262.3548 0.0000 0.2000 -0.4974 0.0000 0.0000 27.8850 0.0693 
12.3135 10.0000 258.7136 0.0000 0.2022 -0.4841 0.0000 0.0000 40.7943 0.0714 
12.1886 10.0000 252.6669 0.0000 0.2035 -0.4948 0.0000 0.0000 39.7963 0.0689 
12.3598 10.0000 255.9222 0.0000 0.2050 -0.4947 0.0000 0.0000 32.6553 0.0689 
12.4960 10.0000 262.8383 0.0000 0.2027 -0.5065 0.0000 0.0000 42.9052 0.0651 
12.4111 10.0000 259.7896 0.0000 0.2040 -0.5096 0.0000 0.0000 46.7650 0.0654 
12.3677 10.0000 259.6712 0.0000 0.2034 -0.4990 0.0000 0.0000 36.2078 0.0649 
12.3858 10.0000 259.4014 0.0000 0.2015 -0.5054 0.0000 0.0000 29.4579 0.0647 
12.4070 9.0000 259.6628 0.0000 0.2016 -0.4908 0.0000 0.0000 28.6733 0.0638 
12.3531 10.0000 256.9967 0.0000 0.2026 -0.4917 0.0000 0.0000 26.8502 0.0680 
12.3025 10.0000 258.4141 0.0000 0.2050 -0.4865 0.0000 0.0000 30.5674 0.0696 
12.3638 7.0000 255.9150 0.0000 0.2050 -0.4952 0.0000 0.0000 14.0216 0.0647 
12.3530 10.0000 257.5587 0.0000 0.2065 -0.4997 0.0000 0.0000 30.1685 0.0668 
12.2827 10.0000 257.2867 0.0000 0.2022 -0.4938 0.0000 0.0000 30.3400 0.0735 
12.3462 10.0000 258.2306 0.0000 0.2016 -0.5180 0.0000 0.0000 29.0170 0.0668 
12.3919 10.0000 258.1673 0.0000 0.2061 -0.4936 0.0000 0.0000 29.1350 0.0650 
12.3994 10.0000 259.0595 0.0000 0.2030 -0.4912 0.0000 0.0000 27.9208 0.0633 
12.4728 10.0000 262.2741 0.0000 0.2037 -0.5025 0.0000 0.0000 28.8445 0.0639 
12.3530 7.0000 256.8249 0.0000 0.2030 -0.4924 0.0000 0.0000 27.7450 0.0738 
12.2762 10.0000 253.8700 0.0000 0.2039 -0.4950 0.0000 0.0000 27.8861 0.0697 
12.4042 10.0000 261.2035 0.0000 0.2040 -0.5044 0.0000 0.0000 30.2117 0.0667 
12.2852 10.0000 255.3490 0.0000 0.2031 -0.4951 0.0000 0.0000 13.8814 0.0653 
12.3814 10.0000 260.7596 0.0000 0.2044 -0.4986 0.0000 0.0000 31.0029 0.0652 
12.3439 10.0000 257.4288 0.0000 0.2066 -0.4991 0.0000 0.0000 27.3283 0.0613 
12.3510 6.0000 258.1148 0.0000 0.2015 -0.4968 0.0000 0.0000 39.9471 0.0613 
12.3434 10.0000 257.5342 0.0000 0.2037 -0.4924 0.0000 0.0000 39.2934 0.0707 
12.3605 10.0000 258.8579 0.0000 0.2011 -0.4991 0.0000 0.0000 29.2854 0.0630 
12.3980 10.0000 259.2549 0.0000 0.2017 -0.4915 0.0000 0.0000 28.3031 0.0632 
12.3647 6.0000 260.2226 0.0000 0.2022 -0.4895 0.0000 0.0000 30.0607 0.0741 
12.2699 10.0000 255.3152 0.0000 0.2047 -0.4920 0.0000 0.0000 30.5373 0.0661 
12.3702 5.0000 258.3274 0.0000 0.2013 -0.5027 0.0000 0.0000 30.6002 0.0703 
12.4332 8.0000 260.6736 0.0000 0.2046 -0.5034 0.0000 0.0000 29.0712 0.0651 
12.2910 10.0000 254.4861 0.0000 0.2030 -0.4961 0.0000 0.0000 14.8979 0.0654 
12.4264 10.0000 260.5466 0.0000 0.2055 -0.5020 0.0000 0.0000 29.0552 0.0668 
12.4603 5.0000 262.9382 0.0000 0.1988 -0.4961 0.0000 0.0000 29.8069 0.0609 
12.2875 7.0000 257.6098 0.0000 0.2022 -0.4868 0.0000 0.0000 33.1807 0.0726 
12.3533 10.0000 260.8586 0.0000 0.2034 -0.4987 0.0000 0.0000 31.1104 0.0609 
12.5139 8.0000 262.9601 0.0000 0.2021 -0.4881 0.0000 0.0000 15.1622 0.0637 
12.5539 9.0000 263.9646 0.0000 0.2017 -0.5022 0.0000 0.0000 29.9005 0.0601 
12.3405 1.0000 258.9667 0.0000 0.1999 -0.5109 0.0000 0.0000 27.4183 0.0601 
12.2908 10.0000 256.5128 0.0000 0.2043 -0.4987 0.0000 0.0000 31.6925 0.0663 
12.3479 10.0000 257.5107 0.0000 0.2046 -0.4872 0.0000 0.0000 21.0907 0.0649 
12.3789 3.0000 259.1165 0.0000 0.2004 -0.5022 0.0000 0.0000 18.8956 0.0663 
12.3292 10.0000 256.4683 0.0000 0.2026 -0.4882 0.0000 0.0000 31.4162 0.0655 
12.3660 10.0000 259.3060 0.0000 0.1996 -0.5030 0.0000 0.0000 28.7408 0.0644 
12.3378 10.0000 258.8742 0.0000 0.2036 -0.5026 0.0000 0.0000 36.2840 0.0646 
12.4526 3.0000 260.5037 0.0000 0.1997 -0.5033 0.0000 0.0000 34.0513 0.0710 
12.3302 10.0000 257.3710 0.0000 0.2036 -0.4970 0.0000 0.0000 15.6915 0.0644 
12.3862 10.0000 259.6802 0.0000 0.2014 -0.5059 0.0000 0.0000 29.5433 0.0720 
12.4162 8.0000 259.6866 0.0000 0.2029 -0.5073 0.0000 0.0000 35.6054 0.0723 
12.4744 10.0000 262.6546 0.0000 0.2021 -0.5043 0.0000 0.0000 34.9773 0.0723 
12.3074 10.0000 257.1199 0.0000 0.2042 -0.4988 0.0000 0.0000 30.2855 0.0663 
12.3897 10.0000 258.8626 0.0000 0.2022 -0.4923 0.0000 0.0000 33.7954 0.0686 
12.2862 10.0000 255.6309 0.0000 0.2054 -0.4962 0.0000 0.0000 34.4947 0.0686 
12.3628 9.0000 258.3820 0.0000 0.2020 -0.5008 0.0000 0.0000 18.0095 0.0686 
12.3873 10.0000 260.4475 0.0000 0.2034 -0.5088 0.0000 0.0000 31.7393 0.0686 
12.3922 8.0000 259.9208 0.0000 0.2041 -0.4933 0.0000 0.0000 15.0388 0.0686 
12.4060 9.0000 259.2825 0.0000 0.2055 -0.5001 0.0000 0.0000 31.0495 0.0686 
12.3167 10.0000 257.0559 0.0000 0.2059 -0.4850 0.0000 0.0000 16.7967 0.0686 
12.3518 10.0000 260.6374 0.0000 0.2022 -0.5000 0.0000 0.0000 33.6330 0.0686 
12.2958 8.0000 255.5887 0.0000 0.2018 -0.5040 0.0000 0.0000 39.2938 0.0686 
12.2818 10.0000 256.6734 0.0000 0.2016 -0.5002 0.0000 0.0000 37.9816 0.0686 
12.3619 10.0000 258.8981 0.0000 0.2031 -0.5005 0.0000 0.0000 31.2271 0.0686 
