12.3670 10.0000 259.2946 0.0000 0.1975 -0.5102 0.0000 0.0000 110.0674 0.0634 
12.3950 10.0000 259.0877 0.0000 0.1962 -0.5087 0.0000 0.0000 107.4410 0.0656 
12.2807 10.0000 255.1328 0.0000 0.1994 -0.5023 0.0000 0.0000 109.7189 0.0697 
12.3656 10.0000 259.9204 0.0000 0.1971 -0.5101 0.0000 0.0000 117.0968 0.0732 
12.2293 10.0000 254.7232 0.0000 0.1971 -0.4972 0.0000 0.0000 105.8057 0.0664 
12.1595 7.0000 251.6840 0.0000 0.1995 -0.4962 0.0000 0.0000 119.3355 0.0664 
12.2469 10.0000 253.0425 0.0000 0.1974 -0.4919 0.0000 0.0000 98.1753 0.0752 
12.2928 10.0000 254.4250 0.0000 0.2037 -0.4936 0.0000 0.0000 118.5483 0.0697 
12.2457 10.0000 255.4766 0.0000 0.1993 -0.4981 0.0000 0.0000 119.3796 0.0664 
12.2878 10.0000 254.8725 0.0000 0.1993 -0.5064 0.0000 0.0000 118.5956 0.0664 
12.3526 5.0000 258.4755 0.0000 0.1952 -0.4994 0.0000 0.0000 109.9859 0.0697 
12.4488 5.0000 262.2280 0.0000 0.1964 -0.4978 0.0000 0.0000 24.0312 0.0675 
12.2314 10.0000 254.4626 0.0000 0.2021 -0.4835 0.0000 0.0000 12.4000 0.0573 
12.3549 9.0000 257.9061 0.0000 0.1980 -0.5034 0.0000 0.0000 35.3266 0.0675 
12.3846 6.0000 260.3837 0.0000 0.2007 -0.4967 0.0000 0.0000 57.2613 0.0594 
12.4639 10.0000 260.8513 0.0000 0.1977 -0.5002 0.0000 0.0000 50.1862 0.0675 
12.3805 5.0000 260.5866 0.0000 0.1997 -0.5045 0.0000 0.0000 44.5168 0.0670 
12.3331 10.0000 257.0008 0.0000 0.2013 -0.4928 0.0000 0.0000 12.0452 0.0675 
12.3651 10.0000 258.6264 0.0000 0.2022 -0.4994 0.0000 0.0000 32.8254 0.0647 
12.3011 10.0000 254.6818 0.0000 0.1979 -0.4963 0.0000 0.0000 43.1471 0.0679 
12.2443 10.0000 254.0252 0.0000 0.1987 -0.4936 0.0000 0.0000 43.9422 0.0679 
12.4970 9.0000 261.8023 0.0000 0.1959 -0.5046 0.0000 0.0000 41.0872 0.0679 
12.3999 10.0000 258.9637 0.0000 0.2027 -0.4993 0.0000 0.0000 26.2495 0.0670 
12.3890 10.0000 259.7788 0.0000 0.1974 -0.5005 0.0000 0.0000 43.7012 0.0656 
12.4329 10.0000 258.9494 0.0000 0.1992 -0.5078 0.0000 0.0000 59.2314 0.0701 
12.4395 10.0000 261.4142 0.0000 0.1996 -0.5056 0.0000 0.0000 56.4639 0.0656 
12.5417 10.0000 265.5050 0.0000 0.1978 -0.5094 0.0000 0.0000 55.3572 0.0639 
12.2670 10.0000 253.0197 0.0000 0.1963 -0.4935 0.0000 0.0000 26.9082 0.0670 
12.4127 10.0000 261.3061 0.0000 0.2007 -0.5008 0.0000 0.0000 27.5180 0.0665 
12.3302 10.0000 257.4894 0.0000 0.2015 -0.5027 0.0000 0.0000 27.9210 0.0669 
12.2902 10.0000 256.2686 0.0000 0.1973 -0.5003 0.0000 0.0000 39.4438 0.0674 
12.3252 10.0000 256.1387 0.0000 0.1993 -0.5086 0.0000 0.0000 41.9921 0.0674 
12.2532 10.0000 254.2528 0.0000 0.1961 -0.5019 0.0000 0.0000 43.7530 0.0674 
12.4853 10.0000 262.9809 0.0000 0.1999 -0.5110 0.0000 0.0000 13.5043 0.0618 
12.4323 10.0000 261.6262 0.0000 0.1989 -0.4963 0.0000 0.0000 26.8126 0.0653 
12.2522 10.0000 253.4710 0.0000 0.1949 -0.4959 0.0000 0.0000 33.9816 0.0653 
12.4050 10.0000 258.6201 0.0000 0.2007 -0.4884 0.0000 0.0000 23.2272 0.0616 
12.4023 10.0000 261.0578 0.0000 0.2011 -0.4965 0.0000 0.0000 37.5299 0.0634 
12.3794 8.0000 259.3148 0.0000 0.1997 -0.4950 0.0000 0.0000 41.2769 0.0652 
12.2487 10.0000 252.9027 0.0000 0.1978 -0.4959 0.0000 0.0000 27.9511 0.0634 
12.3578 10.0000 259.9426 0.0000 0.1986 -0.4955 0.0000 0.0000 29.0084 0.0673 
12.4848 10.0000 260.8908 0.0000 0.1980 -0.5012 0.0000 0.0000 36.7797 0.0707 
12.4324 10.0000 261.9780 0.0000 0.2011 -0.5009 0.0000 0.0000 42.6001 0.0707 
12.3717 10.0000 258.4369 0.0000 0.1969 -0.5037 0.0000 0.0000 39.3910 0.0707 
12.4276 10.0000 259.4626 0.0000 0.1998 -0.4953 0.0000 0.0000 20.9559 0.0667 
12.3679 7.0000 259.2938 0.0000 0.1968 -0.5055 0.0000 0.0000 34.2099 0.0658 
12.5286 10.0000 266.6386 0.0000 0.1993 -0.5056 0.0000 0.0000 32.2253 0.0696 
12.4054 10.0000 260.8753 0.0000 0.2011 -0.5050 0.0000 0.0000 29.6609 0.0639 
12.3428 10.0000 256.7405 0.0000 0.2005 -0.4915 0.0000 0.0000 27.5644 0.0639 
12.3278 8.0000 257.5721 0.0000 0.1997 -0.4993 0.0000 0.0000 26.2040 0.0658 
12.3643 10.0000 258.6638 0.0000 0.2003 -0.5086 0.0000 0.0000 39.7545 0.0655 
12.3089 10.0000 254.8658 0.0000 0.2021 -0.4919 0.0000 0.0000 29.6399 0.0672 
12.2715 10.0000 255.3880 0.0000 0.2000 -0.4917 0.0000 0.0000 41.6854 0.0684 
12.2646 10.0000 254.2362 0.0000 0.1989 -0.4789 0.0000 0.0000 45.9878 0.0626 
12.4376 10.0000 260.1730 0.0000 0.1981 -0.4988 0.0000 0.0000 42.8700 0.0626 
12.4058 10.0000 260.4102 0.0000 0.2004 -0.5045 0.0000 0.0000 28.1157 0.0609 
12.4298 10.0000 261.7411 0.0000 0.1989 -0.4887 0.0000 0.0000 38.3770 0.0780 
12.2846 10.0000 254.9126 0.0000 0.1944 -0.4852 0.0000 0.0000 26.6056 0.0685 
12.4848 10.0000 265.5312 0.0000 0.1973 -0.5083 0.0000 0.0000 29.4298 0.0693 
12.4554 10.0000 260.9874 0.0000 0.1984 -0.5001 0.0000 0.0000 29.2988 0.0672 
12.3852 10.0000 258.3126 0.0000 0.2007 -0.5009 0.0000 0.0000 28.1475 0.0609 
12.3958 6.0000 259.6830 0.0000 0.2001 -0.4917 0.0000 0.0000 30.7712 0.0663 
12.4049 10.0000 262.0747 0.0000 0.2001 -0.4957 0.0000 0.0000 14.4174 0.0690 
12.4098 8.0000 258.9466 0.0000 0.1980 -0.4928 0.0000 0.0000 28.5641 0.0708 
12.2175 10.0000 253.8022 0.0000 0.2028 -0.4893 0.0000 0.0000 31.6839 0.0689 
12.4985 10.0000 263.6271 0.0000 0.1969 -0.5137 0.0000 0.0000 29.0947 0.0692 
12.3755 10.0000 258.8356 0.0000 0.2024 -0.5040 0.0000 0.0000 30.6260 0.0677 
12.1021 10.0000 251.7078 0.0000 0.2016 -0.4797 0.0000 0.0000 33.8403 0.0777 
12.3781 10.0000 259.5890 0.0000 0.1999 -0.5044 0.0000 0.0000 30.8068 0.0639 
12.4653 10.0000 264.6130 0.0000 0.1997 -0.4943 0.0000 0.0000 14.8569 0.0606 
12.4169 10.0000 262.4261 0.0000 0.1982 -0.4896 0.0000 0.0000 27.6872 0.0614 
12.3471 10.0000 258.7114 0.0000 0.2006 -0.5006 0.0000 0.0000 30.8526 0.0695 
12.4458 10.0000 263.1516 0.0000 0.1984 -0.4963 0.0000 0.0000 16.5495 0.0695 
12.3997 6.0000 259.9987 0.0000 0.2026 -0.5006 0.0000 0.0000 31.0813 0.0720 
12.3024 10.0000 256.8383 0.0000 0.2018 -0.4978 0.0000 0.0000 22.4145 0.0695 
12.3329 10.0000 256.6945 0.0000 0.2009 -0.4942 0.0000 0.0000 30.5009 0.0644 
12.5350 5.0000 266.2663 0.0000 0.2037 -0.5032 0.0000 0.0000 31.5748 0.0683 
12.2020 10.0000 254.7789 0.0000 0.2016 -0.4931 0.0000 0.0000 34.7866 0.0637 
12.3357 10.0000 257.5492 0.0000 0.1967 -0.4884 0.0000 0.0000 31.2966 0.0637 
12.4252 10.0000 258.9973 0.0000 0.1989 -0.4893 0.0000 0.0000 29.3934 0.0637 
12.4577 7.0000 260.6309 0.0000 0.1995 -0.4971 0.0000 0.0000 28.8252 0.0682 
12.3411 10.0000 258.8348 0.0000 0.1996 -0.4907 0.0000 0.0000 31.9012 0.0682 
12.3221 10.0000 257.4312 0.0000 0.1999 -0.5011 0.0000 0.0000 59.9975 0.0694 
12.3314 10.0000 259.3999 0.0000 0.1979 -0.4865 0.0000 0.0000 64.7865 0.0608 
12.4261 10.0000 262.0880 0.0000 0.1992 -0.5008 0.0000 0.0000 56.8734 0.0694 
12.3360 10.0000 257.6421 0.0000 0.1997 -0.4903 0.0000 0.0000 30.2325 0.0694 
12.3179 10.0000 257.0739 0.0000 0.2011 -0.4876 0.0000 0.0000 30.5889 0.0650 
12.3114 9.0000 255.4749 0.0000 0.1998 -0.4974 0.0000 0.0000 31.5890 0.0618 
12.4550 10.0000 262.1177 0.0000 0.2030 -0.5010 0.0000 0.0000 35.4701 0.0702 
12.2910 10.0000 255.2599 0.0000 0.1999 -0.5064 0.0000 0.0000 34.2546 0.0711 
12.3797 9.0000 259.2867 0.0000 0.2001 -0.4973 0.0000 0.0000 32.4826 0.0702 
12.4028 10.0000 260.8551 0.0000 0.1989 -0.4946 0.0000 0.0000 39.3541 0.0702 
12.4776 6.0000 262.2463 0.0000 0.2014 -0.5089 0.0000 0.0000 36.4102 0.0702 
12.3730 10.0000 258.9077 0.0000 0.2002 -0.5103 0.0000 0.0000 33.2667 0.0702 
12.3937 10.0000 259.9290 0.0000 0.2018 -0.4908 0.0000 0.0000 44.8742 0.0702 
12.2790 10.0000 255.8306 0.0000 0.1999 -0.4998 0.0000 0.0000 51.1524 0.0702 
12.4060 10.0000 260.7959 0.0000 0.1978 -0.4951 0.0000 0.0000 55.1418 0.0702 
12.3568 10.0000 258.1518 0.0000 0.2024 -0.4919 0.0000 0.0000 29.4996 0.0702 
12.3068 10.0000 256.8170 0.0000 0.2000 -0.4946 0.0000 0.0000 32.1003 0.0702 
12.4438 10.0000 260.6482 0.0000 0.1977 -0.5043 0.0000 0.0000 32.2119 0.0702 
