12.4523 8.0000 257.9285 0.3773 0.2074 -0.5066 0.0000 0.0000 10.8192 0.0624 
12.2357 10.0000 251.1088 0.3803 0.2116 -0.4882 0.0000 0.0000 11.0420 0.0740 
12.4819 7.0000 263.3624 0.3774 0.2032 -0.4985 0.0000 0.0000 10.9120 0.0746 
12.3579 8.0000 255.9539 0.3740 0.2066 -0.4909 0.0000 0.0000 10.7337 0.0624 
12.3048 10.0000 255.8560 0.3703 0.2032 -0.4790 0.0000 0.0000 10.7802 0.0604 
12.4712 10.0000 261.7181 0.3801 0.2062 -0.5012 0.0000 0.0000 10.4281 0.0622 
12.5328 10.0000 262.3581 0.3827 0.2078 -0.5097 0.0000 0.0000 10.8187 0.0707 
12.5403 10.0000 262.1872 0.3812 0.2097 -0.5075 0.0000 0.0000 10.4846 0.0707 
12.4771 6.0000 259.5259 0.3721 0.2072 -0.4840 0.0000 0.0000 9.1736 0.0759 
12.3389 10.0000 254.3336 0.3753 0.2086 -0.4811 0.0000 0.0000 10.3077 0.0759 
12.5005 10.0000 263.9461 0.3829 0.2086 -0.4963 0.0000 0.0000 11.1286 0.0667 
12.4989 5.0000 263.9165 0.3739 0.2024 -0.4967 0.0000 0.0000 1.6256 0.0605 
12.4635 6.0000 263.8429 0.3800 0.2022 -0.5081 0.0000 0.0000 1.5836 0.0664 
12.2973 10.0000 253.9472 0.3895 0.2122 -0.5104 0.0000 0.0000 1.7994 0.0686 
12.2416 10.0000 251.3141 0.3807 0.2095 -0.4890 0.0000 0.0000 2.1564 0.0592 
12.4096 10.0000 264.0219 0.3907 0.2081 -0.5006 0.0000 0.0000 1.6699 0.0715 
12.3677 10.0000 263.5848 0.3943 0.2060 -0.5133 0.0000 0.0000 1.5731 0.0682 
12.1435 10.0000 250.3232 0.3947 0.2128 -0.5084 0.0000 0.0000 3.3862 0.0707 
12.3941 10.0000 261.3221 0.3902 0.2105 -0.5057 0.0000 0.0000 2.5545 0.0760 
12.3136 10.0000 253.9475 0.3814 0.2078 -0.5059 0.0000 0.0000 2.0206 0.0622 
12.4501 4.0000 259.0176 0.3817 0.2114 -0.4939 0.0000 0.0000 2.1099 0.0622 
12.2957 9.0000 258.9267 0.3907 0.2084 -0.5077 0.0000 0.0000 1.5730 0.0595 
12.3752 7.0000 260.4763 0.3798 0.2070 -0.4865 0.0000 0.0000 1.1867 0.0589 
12.4696 10.0000 260.6029 0.3823 0.2103 -0.5000 0.0000 0.0000 1.1452 0.0698 
12.4541 10.0000 264.8896 0.3786 0.2046 -0.4887 0.0000 0.0000 1.6207 0.0536 
12.5664 10.0000 266.3496 0.3793 0.2097 -0.4843 0.0000 0.0000 1.5022 0.0669 
12.0573 6.0000 245.3040 0.3825 0.2090 -0.4844 0.0000 0.0000 1.5831 0.0756 
12.1296 10.0000 250.8867 0.3969 0.2160 -0.4953 0.0000 0.0000 1.5854 0.0756 
12.3061 10.0000 258.4829 0.3864 0.2071 -0.5015 0.0000 0.0000 1.5832 0.0696 
12.4112 10.0000 258.8021 0.3828 0.2083 -0.5046 0.0000 0.0000 1.5715 0.0728 
12.3949 10.0000 263.2133 0.3887 0.2067 -0.5102 0.0000 0.0000 1.5793 0.0747 
12.4144 9.0000 258.1691 0.3782 0.2069 -0.4988 0.0000 0.0000 1.9796 0.0660 
12.2621 10.0000 252.9016 0.3772 0.2031 -0.5050 0.0000 0.0000 1.9773 0.0660 
12.3456 9.0000 259.7344 0.3883 0.2096 -0.4922 0.0000 0.0000 1.1869 0.0723 
12.2515 8.0000 258.2139 0.3960 0.2102 -0.5073 0.0000 0.0000 1.6708 0.0739 
12.4563 10.0000 260.1293 0.3865 0.2166 -0.4873 0.0000 0.0000 2.2392 0.0641 
12.4605 10.0000 261.1453 0.3906 0.2118 -0.5144 0.0000 0.0000 1.7156 0.0641 
12.3939 10.0000 259.1229 0.3814 0.2127 -0.4759 0.0000 0.0000 1.6261 0.0624 
12.2669 10.0000 254.7707 0.3833 0.2087 -0.4875 0.0000 0.0000 1.5865 0.0635 
12.3037 10.0000 256.2568 0.3977 0.2104 -0.5291 0.0000 0.0000 1.2717 0.0739 
12.3947 10.0000 262.9627 0.3887 0.2120 -0.4865 0.0000 0.0000 1.7007 0.0796 
12.3227 10.0000 260.6669 0.3876 0.2116 -0.4774 0.0000 0.0000 2.0318 0.0647 
12.1573 10.0000 247.5472 0.3853 0.2125 -0.4929 0.0000 0.0000 1.5431 0.0705 
12.2835 10.0000 253.9413 0.3783 0.2091 -0.4790 0.0000 0.0000 2.2489 0.0685 
12.2395 10.0000 252.9549 0.3846 0.2110 -0.4938 0.0000 0.0000 2.2891 0.0685 
12.4768 10.0000 260.7531 0.3824 0.2065 -0.5194 0.0000 0.0000 1.1817 0.0668 
12.6640 10.0000 270.4144 0.3856 0.2135 -0.4976 0.0000 0.0000 1.6296 0.0674 
12.4248 9.0000 263.2779 0.3891 0.2101 -0.4963 0.0000 0.0000 2.3770 0.0634 
12.4840 10.0000 265.0445 0.3889 0.2082 -0.5058 0.0000 0.0000 2.1975 0.0675 
12.3235 9.0000 259.8787 0.3906 0.2116 -0.4930 0.0000 0.0000 1.6717 0.0758 
12.3872 10.0000 260.0365 0.3876 0.2130 -0.4837 0.0000 0.0000 1.6699 0.0709 
12.4149 10.0000 258.3016 0.3807 0.2086 -0.4969 0.0000 0.0000 1.6677 0.0684 
12.1837 8.0000 252.6520 0.3822 0.2063 -0.4903 0.0000 0.0000 1.6269 0.0678 
12.5165 10.0000 268.5453 0.3838 0.2048 -0.4970 0.0000 0.0000 1.6312 0.0637 
12.3093 10.0000 256.0571 0.3860 0.2113 -0.4930 0.0000 0.0000 1.2675 0.0785 
12.3403 10.0000 255.1816 0.3725 0.2044 -0.4938 0.0000 0.0000 1.8051 0.0513 
12.4288 10.0000 263.3237 0.3910 0.2089 -0.5130 0.0000 0.0000 1.8940 0.0693 
12.4085 10.0000 260.6667 0.3823 0.2080 -0.4968 0.0000 0.0000 1.2315 0.0769 
12.3563 10.0000 257.1248 0.3843 0.2068 -0.5108 0.0000 0.0000 1.1465 0.0722 
12.4499 10.0000 261.2563 0.3762 0.2054 -0.4949 0.0000 0.0000 1.6716 0.0699 
12.2488 10.0000 253.4352 0.3833 0.2118 -0.4823 0.0000 0.0000 1.6883 0.0722 
12.3235 10.0000 260.2872 0.3946 0.2134 -0.4959 0.0000 0.0000 1.7172 0.0580 
12.2475 9.0000 257.7960 0.3819 0.2053 -0.4859 0.0000 0.0000 1.7140 0.0689 
12.4464 10.0000 263.2587 0.3895 0.2078 -0.5198 0.0000 0.0000 1.2290 0.0560 
12.2779 10.0000 254.9664 0.3893 0.2162 -0.4839 0.0000 0.0000 1.6697 0.0560 
12.4749 10.0000 262.5800 0.3929 0.2138 -0.5102 0.0000 0.0000 1.1884 0.0675 
12.3181 8.0000 253.6872 0.3631 0.2011 -0.4760 0.0000 0.0000 1.5823 0.0658 
12.2749 10.0000 258.7141 0.4003 0.2156 -0.4989 0.0000 0.0000 1.6734 0.0692 
12.4675 10.0000 262.8187 0.3850 0.2097 -0.5107 0.0000 0.0000 1.6704 0.0668 
12.4296 9.0000 263.4363 0.3895 0.2124 -0.4923 0.0000 0.0000 1.7130 0.0848 
12.4251 10.0000 258.1317 0.3788 0.2062 -0.5035 0.0000 0.0000 1.7164 0.0742 
12.3861 6.0000 257.0347 0.3887 0.2147 -0.4987 0.0000 0.0000 1.7130 0.0589 
12.2653 10.0000 251.6976 0.3815 0.2124 -0.4896 0.0000 0.0000 1.7132 0.0784 
12.4947 10.0000 263.2704 0.3867 0.2101 -0.5088 0.0000 0.0000 1.7564 0.0610 
12.3675 9.0000 260.3077 0.3962 0.2148 -0.4989 0.0000 0.0000 1.7581 0.0655 
12.6507 10.0000 270.9152 0.3753 0.2034 -0.4988 0.0000 0.0000 1.1868 0.0747 
12.4669 10.0000 263.6989 0.3799 0.2046 -0.4973 0.0000 0.0000 2.5950 0.0785 
12.2733 7.0000 253.2581 0.3861 0.2108 -0.5015 0.0000 0.0000 2.5935 0.0824 
12.1504 10.0000 250.7549 0.3788 0.2089 -0.4786 0.0000 0.0000 1.6739 0.0844 
12.3085 10.0000 260.2568 0.3894 0.2075 -0.4975 0.0000 0.0000 1.8029 0.0673 
12.4749 10.0000 262.7317 0.3835 0.2142 -0.4851 0.0000 0.0000 1.7155 0.0696 
12.4603 9.0000 262.0728 0.3839 0.2099 -0.4961 0.0000 0.0000 1.7593 0.0696 
12.5333 10.0000 266.6891 0.3860 0.2091 -0.5024 0.0000 0.0000 1.1880 0.0609 
12.2765 10.0000 257.4592 0.3887 0.2091 -0.4912 0.0000 0.0000 2.0428 0.0597 
12.3275 7.0000 254.5397 0.3744 0.2010 -0.5120 0.0000 0.0000 1.6696 0.0635 
12.2939 10.0000 255.0605 0.3865 0.2069 -0.5167 0.0000 0.0000 1.6699 0.0776 
12.1848 10.0000 254.0595 0.3958 0.2147 -0.4949 0.0000 0.0000 1.7630 0.0736 
12.2872 10.0000 256.6224 0.3946 0.2124 -0.5072 0.0000 0.0000 1.8015 0.0701 
12.1928 9.0000 252.2355 0.3857 0.2095 -0.4865 0.0000 0.0000 1.7625 0.0701 
12.1789 4.0000 251.6731 0.3811 0.2099 -0.4804 0.0000 0.0000 1.7578 0.0728 
12.4133 10.0000 261.6704 0.3927 0.2152 -0.5020 0.0000 0.0000 1.7154 0.0728 
12.3592 10.0000 257.0856 0.3771 0.2064 -0.4906 0.0000 0.0000 1.6329 0.0728 
12.3763 10.0000 255.0728 0.3762 0.2105 -0.4870 0.0000 0.0000 2.1112 0.0728 
12.2309 10.0000 252.3240 0.3750 0.2067 -0.4815 0.0000 0.0000 1.6703 0.0699 
12.3171 10.0000 259.5437 0.3873 0.2105 -0.4945 0.0000 0.0000 1.8455 0.0728 
12.4051 10.0000 259.4840 0.3839 0.2123 -0.4896 0.0000 0.0000 1.7156 0.0728 
12.2365 10.0000 255.6587 0.3854 0.2073 -0.4858 0.0000 0.0000 1.8027 0.0728 
12.1755 10.0000 251.7467 0.3908 0.2106 -0.5041 0.0000 0.0000 1.7567 0.0728 
12.4547 10.0000 259.3651 0.3810 0.2109 -0.4932 0.0000 0.0000 1.7178 0.0728 
12.4611 10.0000 263.7824 0.3940 0.2123 -0.5182 0.0000 0.0000 1.7549 0.0728 
