12.3620 11.0000 255.7840 0.3601 0.1967 -0.5118 3.2557 6.0000 0.9202 0.0820 
12.2160 6.0000 257.0300 0.3480 0.1777 -0.5053 3.2001 6.0000 0.9220 0.0759 
12.1000 10.0000 257.6660 0.3510 0.1830 -0.4959 3.2419 6.0000 0.7890 0.0689 
11.6000 10.0000 229.1760 0.3392 0.1860 -0.4562 3.2743 6.0000 0.5893 0.0790 
12.9940 10.0000 290.6060 0.3258 0.1807 -0.4644 3.1501 6.0000 0.0850 0.0776 
12.0840 10.0000 245.1140 0.3290 0.1848 -0.4559 3.2596 6.0000 0.4838 0.0885 
12.1440 10.0000 257.8460 0.3630 0.1959 -0.4782 3.2672 6.0000 0.1310 0.0671 
12.7500 10.0000 278.5160 0.3563 0.1913 -0.5039 3.2156 6.0000 0.3524 0.0840 
12.6840 10.0000 274.0460 0.3571 0.1902 -0.5128 3.2239 6.0000 1.0400 0.0892 
11.6800 8.0000 234.0040 0.3355 0.1793 -0.4590 3.2575 6.0000 0.7344 0.0606 
11.9480 10.0000 251.4960 0.3401 0.1876 -0.4250 3.2672 7.0000 0.8057 0.1070 
12.6520 10.0000 262.3680 0.3249 0.1830 -0.4979 3.1987 6.0000 0.6008 0.0633 
12.3340 10.0000 251.8380 0.3314 0.1795 -0.5188 3.1967 6.0000 0.1727 0.0830 
12.4080 10.0000 266.1260 0.3506 0.1835 -0.5091 3.2104 6.0000 0.2146 0.0918 
11.3860 9.0000 225.0000 0.3568 0.1874 -0.4840 3.3341 7.0000 0.2656 0.0561 
11.6560 10.0000 234.6460 0.3460 0.1811 -0.4786 3.2754 6.0000 0.3006 0.0985 
12.6140 9.0000 283.5940 0.3439 0.1784 -0.4702 3.1751 6.0000 0.8729 0.1048 
11.7200 5.0000 232.7080 0.3609 0.1875 -0.5317 3.2766 6.0000 0.6593 0.0904 
12.4300 9.0000 265.7040 0.3343 0.1827 -0.4564 3.1842 6.0000 0.7482 0.0855 
11.8380 10.0000 240.7060 0.3410 0.1815 -0.4669 3.2535 6.0000 0.6969 0.0855 
12.4280 10.0000 260.5640 0.3373 0.1815 -0.5009 3.1974 6.0000 0.5268 0.1077 
11.8380 7.0000 238.1820 0.3497 0.1856 -0.4886 3.2578 6.0000 0.5211 0.0704 
12.7800 11.0000 266.5320 0.3325 0.1930 -0.4830 3.2326 6.0000 0.2187 0.0574 
11.8360 10.0000 238.5380 0.3637 0.1912 -0.5250 3.3013 7.0000 0.2659 0.0927 
11.7260 8.0000 232.5240 0.3578 0.1912 -0.4953 3.2972 7.0000 0.4840 0.0986 
11.2100 9.0000 220.1020 0.3733 0.1938 -0.4843 3.3579 6.0000 0.6600 0.1075 
11.8800 10.0000 237.0800 0.3446 0.1799 -0.5287 3.2568 6.0000 0.4858 0.1041 
11.8680 10.0000 246.1720 0.3638 0.1897 -0.4899 3.2709 6.0000 0.5706 0.0858 
12.3600 10.0000 255.4280 0.3420 0.1864 -0.5008 3.2642 7.0000 0.1377 0.0990 
12.0880 10.0000 243.4480 0.3462 0.1890 -0.5043 3.2409 6.0000 0.1330 0.0962 
12.0200 10.0000 249.4840 0.3511 0.1870 -0.4884 3.2473 7.0000 0.4344 0.0569 
13.2060 11.0000 290.0080 0.3392 0.1782 -0.5508 3.1510 6.0000 0.6645 0.0766 
12.5380 11.0000 259.1260 0.3296 0.1871 -0.4781 3.2275 6.0000 0.6479 0.0913 
12.6580 11.0000 272.3640 0.3441 0.1872 -0.4919 3.1992 6.0000 0.1772 0.0978 
12.9980 10.0000 277.8200 0.3246 0.1835 -0.4978 3.1769 6.0000 0.1748 0.0897 
11.6940 10.0000 237.8820 0.3359 0.1801 -0.4431 3.2500 6.0000 0.4844 0.0975 
13.1560 11.0000 289.4060 0.3516 0.1905 -0.5389 3.1840 6.0000 0.6187 0.0924 
11.6940 9.0000 241.9800 0.3691 0.1871 -0.5111 3.2744 6.0000 0.7837 0.0935 
12.3900 9.0000 257.9100 0.3452 0.1893 -0.4889 3.2397 6.0000 0.2682 0.0606 
12.9520 11.0000 289.7660 0.3504 0.1880 -0.5050 3.1734 6.0000 0.2137 0.0839 
12.3540 11.0000 256.9800 0.3343 0.1821 -0.4758 3.2153 7.0000 0.3503 0.0817 
12.3480 10.0000 255.3020 0.3566 0.1942 -0.5186 3.2521 6.0000 0.3950 0.0614 
12.3400 10.0000 255.6060 0.3418 0.1896 -0.4803 3.2390 6.0000 0.4376 0.0736 
11.6880 7.0000 237.9240 0.3609 0.1891 -0.4869 3.3107 7.0000 0.5088 0.0707 
11.7200 10.0000 239.9580 0.3510 0.1809 -0.4971 3.2802 6.0000 0.0904 0.0650 
12.1040 10.0000 245.3700 0.3498 0.1907 -0.5004 3.2612 6.0000 0.1654 0.0695 
11.5920 10.0000 230.0240 0.3508 0.1849 -0.4834 3.2932 6.0000 0.8762 0.0820 
12.0440 10.0000 245.6960 0.3546 0.1893 -0.5065 3.2707 8.0000 0.8782 0.0936 
11.4060 10.0000 219.9300 0.3345 0.1887 -0.4291 3.2920 6.0000 0.0899 0.0759 
12.5140 10.0000 254.1860 0.3376 0.1856 -0.5292 3.2299 6.0000 0.3954 0.0709 
12.3700 10.0000 260.0540 0.3483 0.1843 -0.5192 3.2089 6.0000 0.2841 0.0791 
12.4300 10.0000 262.5120 0.3532 0.1909 -0.4939 3.2433 8.0000 0.1957 0.0685 
12.5320 11.0000 264.3860 0.3457 0.1937 -0.4746 3.2233 6.0000 0.5209 0.0885 
12.6040 11.0000 266.3680 0.3249 0.1835 -0.4661 3.1924 6.0000 0.1718 0.0819 
11.7720 4.0000 243.6740 0.3699 0.2004 -0.4874 3.3627 7.0000 0.1322 0.0840 
12.3300 10.0000 259.2900 0.3472 0.1863 -0.4996 3.2281 7.0000 0.5619 0.1017 
12.0200 10.0000 253.1000 0.3684 0.1839 -0.5445 3.2514 6.0000 0.1686 0.0854 
11.7040 10.0000 227.9960 0.3329 0.1813 -0.4909 3.2757 6.0000 0.1278 0.0606 
11.6580 8.0000 236.8700 0.3545 0.1882 -0.4845 3.2969 6.0000 0.7211 0.1070 
12.0880 10.0000 251.2720 0.3424 0.1866 -0.4607 3.2634 6.0000 0.6930 0.0710 
12.6560 10.0000 278.9100 0.3489 0.1863 -0.4882 3.1905 6.0000 0.3422 0.0918 
12.3860 11.0000 258.1040 0.3506 0.1884 -0.5092 3.2276 6.0000 0.2111 0.0561 
11.9380 10.0000 249.2820 0.3427 0.1815 -0.4637 3.2362 6.0000 0.2608 0.0850 
12.3220 5.0000 260.2800 0.3332 0.1818 -0.4559 3.2153 7.0000 0.8018 0.1048 
12.1160 10.0000 246.0920 0.3379 0.1829 -0.5084 3.2107 6.0000 0.6206 0.0904 
11.6280 6.0000 236.4900 0.3513 0.1852 -0.4803 3.2757 6.0000 0.7486 0.0855 
11.6060 10.0000 230.4320 0.3551 0.1875 -0.4954 3.2940 6.0000 0.6512 0.0855 
12.0240 4.0000 242.4240 0.3476 0.1858 -0.4964 3.2550 6.0000 0.1754 0.0868 
12.0280 10.0000 246.8720 0.3299 0.1815 -0.4584 3.2669 7.0000 0.1334 0.0862 
11.6100 10.0000 228.9440 0.3503 0.1909 -0.4880 3.2990 6.0000 0.4854 0.0766 
11.7200 10.0000 236.0840 0.3508 0.1849 -0.4954 3.3142 8.0000 0.5697 0.0659 
11.7280 8.0000 237.8140 0.3540 0.1943 -0.4597 3.3198 8.0000 0.6058 0.0956 
11.9560 10.0000 246.3860 0.3452 0.1917 -0.4537 3.2741 7.0000 0.3075 0.0532 
12.0480 10.0000 245.5940 0.3516 0.1917 -0.4828 3.2733 6.0000 0.1740 0.0738 
12.2940 10.0000 263.0920 0.3641 0.1877 -0.5147 3.2416 6.0000 0.3069 0.1041 
12.1700 10.0000 250.7340 0.3564 0.1926 -0.4931 3.2613 7.0000 0.6579 0.0544 
12.3140 10.0000 263.1160 0.3686 0.1893 -0.5192 3.2312 6.0000 0.6157 0.0590 
11.9880 10.0000 243.8940 0.3532 0.1841 -0.5217 3.2502 7.0000 0.5273 0.0565 
11.9800 9.0000 241.2620 0.3459 0.1821 -0.5249 3.2313 6.0000 1.0001 0.0642 
11.5780 9.0000 231.2100 0.3686 0.1893 -0.5010 3.2962 6.0000 0.7847 0.0787 
12.0540 10.0000 248.1960 0.3593 0.1843 -0.5500 3.2486 6.0000 0.6164 0.0911 
12.0440 10.0000 248.5900 0.3452 0.1895 -0.4709 3.2613 6.0000 0.5695 0.0763 
11.4940 9.0000 225.4980 0.3496 0.1862 -0.4852 3.3251 7.0000 0.2200 0.0924 
12.0700 9.0000 242.0340 0.3454 0.1887 -0.4847 3.2634 6.0000 0.2183 0.0924 
12.4200 10.0000 264.5320 0.3367 0.1774 -0.4888 3.2023 6.0000 0.5303 0.0745 
12.2500 10.0000 265.2140 0.3560 0.1825 -0.5079 3.2104 6.0000 0.5697 0.0594 
12.4020 9.0000 253.3140 0.3166 0.1824 -0.4580 3.2228 6.0000 0.3984 0.1056 
12.2680 8.0000 259.6760 0.3574 0.1847 -0.5173 3.2153 6.0000 0.4365 0.0914 
12.0180 8.0000 249.4600 0.3500 0.1809 -0.4875 3.2277 6.0000 0.3538 0.0793 
11.6820 7.0000 232.8160 0.3364 0.1840 -0.4672 3.2826 6.0000 0.3981 0.0785 
12.1360 10.0000 253.1360 0.3682 0.1906 -0.5374 3.2661 6.0000 0.1896 0.1130 
11.9420 10.0000 244.8720 0.3515 0.1903 -0.4808 3.2558 7.0000 0.0603 0.0650 
12.8020 11.0000 275.4500 0.3418 0.1870 -0.5058 3.1818 6.0000 0.8781 0.0820 
11.6880 9.0000 237.3080 0.3599 0.1800 -0.5083 3.2567 6.0000 0.8856 0.0759 
12.5100 10.0000 263.8020 0.3458 0.1938 -0.4824 3.2241 6.0000 0.7888 0.0689 
12.9060 3.0000 284.9140 0.3540 0.1881 -0.5265 3.1897 6.0000 0.1782 0.0568 
12.3220 11.0000 261.8460 0.3339 0.1882 -0.4310 3.2261 7.0000 0.1876 0.0685 
12.0860 10.0000 247.6980 0.3581 0.1869 -0.5189 3.2395 6.0000 0.6070 0.0813 
12.0900 10.0000 252.5240 0.3498 0.1778 -0.5200 3.2192 6.0000 0.3052 0.1114 
11.6960 9.0000 242.8700 0.3486 0.1869 -0.4498 3.2689 7.0000 0.2213 0.0566 
11.9060 9.0000 238.7560 0.3658 0.1981 -0.4987 3.3296 6.0000 0.4700 0.0892 
12.2780 10.0000 259.7800 0.3602 0.1967 -0.4692 3.2384 6.0000 0.6518 0.0606 
12.1920 10.0000 241.2040 0.3217 0.1821 -0.4896 3.2203 6.0000 0.6332 0.1070 
12.0260 10.0000 244.1560 0.3558 0.1872 -0.5112 3.2672 7.0000 0.2641 0.0528 
12.6440 10.0000 270.1960 0.3439 0.1920 -0.4897 3.2259 6.0000 0.1708 0.0830 
12.3460 7.0000 257.4920 0.3465 0.1836 -0.5108 3.2241 6.0000 0.2488 0.0918 
11.3300 10.0000 225.9080 0.3577 0.1917 -0.4600 3.3360 6.0000 0.5278 0.0985 
12.1520 10.0000 256.3780 0.3496 0.1878 -0.4685 3.2302 6.0000 0.3574 0.0481 
11.9860 10.0000 248.7640 0.3643 0.1995 -0.4713 3.2935 6.0000 0.3962 0.0883 
11.8960 10.0000 248.1820 0.3515 0.1872 -0.4617 3.2828 7.0000 0.5750 0.0904 
12.3020 7.0000 262.2400 0.3464 0.1853 -0.4916 3.2222 6.0000 0.6207 0.0702 
11.8180 4.0000 235.3900 0.3497 0.1838 -0.5148 3.2670 6.0000 0.6121 0.0913 
12.2520 10.0000 253.7360 0.3465 0.1928 -0.4903 3.2459 6.0000 0.5749 0.1077 
13.0720 10.0000 282.5400 0.3333 0.1861 -0.5086 3.1597 6.0000 0.6183 0.0585 
12.5100 8.0000 265.2840 0.3543 0.1915 -0.5100 3.2351 6.0000 0.4405 0.0703 
12.5880 10.0000 266.5840 0.3432 0.1890 -0.4914 3.2037 6.0000 0.1748 0.0993 
12.4180 10.0000 267.8120 0.3503 0.1896 -0.4782 3.2303 6.0000 0.2232 0.0986 
11.7400 8.0000 237.2420 0.3325 0.1791 -0.4566 3.2270 6.0000 0.6596 0.1075 
11.6340 8.0000 230.8860 0.3552 0.1914 -0.4859 3.2905 6.0000 0.5739 0.1041 
12.6240 10.0000 269.5200 0.3416 0.1869 -0.5032 3.2350 7.0000 0.6583 0.0544 
12.0340 10.0000 246.9720 0.3388 0.1801 -0.4966 3.2246 6.0000 0.3092 0.0851 
12.1200 10.0000 248.5920 0.3466 0.1863 -0.4952 3.2625 6.0000 0.1331 0.0736 
11.7820 8.0000 239.8800 0.3562 0.1887 -0.4911 3.2877 6.0000 0.2204 0.0569 
12.5700 10.0000 275.4640 0.3396 0.1783 -0.4746 3.1931 6.0000 0.6423 0.0766 
11.7000 10.0000 239.1260 0.3325 0.1777 -0.4487 3.2421 6.0000 0.6101 0.0643 
11.9820 7.0000 250.4100 0.3401 0.1872 -0.4481 3.2632 6.0000 0.1745 0.0978 
12.8960 10.0000 281.5320 0.3443 0.1880 -0.5183 3.1833 6.0000 0.1729 0.0897 
12.0580 10.0000 255.8840 0.3593 0.1834 -0.5135 3.2351 7.0000 0.5276 0.0975 
12.1240 10.0000 251.2480 0.3531 0.1896 -0.4957 3.2635 7.0000 0.6604 0.0924 
12.2880 9.0000 258.0880 0.3296 0.1797 -0.4654 3.2040 6.0000 0.6944 0.0805 
12.1460 9.0000 245.3320 0.3305 0.1834 -0.4747 3.2463 6.0000 0.2653 0.1067 
12.7640 9.0000 271.9000 0.3438 0.1842 -0.5178 3.1833 6.0000 0.1774 0.0690 
12.3880 7.0000 263.2920 0.3606 0.1876 -0.5362 3.2235 6.0000 0.4388 0.0912 
12.4280 6.0000 258.5560 0.3287 0.1766 -0.4918 3.2030 6.0000 0.4389 0.0614 
12.3100 9.0000 257.6760 0.3462 0.1841 -0.5129 3.2363 6.0000 0.3544 0.0736 
12.4360 9.0000 268.4960 0.3413 0.1819 -0.4792 3.2031 6.0000 0.2193 0.0866 
12.4920 10.0000 269.7260 0.3537 0.1951 -0.4670 3.2225 6.0000 0.2487 0.0780 
12.1920 8.0000 252.6540 0.3402 0.1827 -0.4870 3.2211 6.0000 0.1093 0.0695 
12.6400 10.0000 263.1100 0.3336 0.1846 -0.5045 3.1991 6.0000 0.9187 0.0820 
12.7880 2.0000 271.7300 0.3274 0.1878 -0.4842 3.1845 7.0000 0.8739 0.0759 
12.3820 10.0000 253.4760 0.3365 0.1863 -0.5045 3.2234 6.0000 0.7864 0.0689 
12.9520 11.0000 283.6700 0.3370 0.1823 -0.4994 3.1552 6.0000 0.7458 0.0685 
11.8380 10.0000 239.1540 0.3298 0.1751 -0.4688 3.2429 6.0000 0.3872 0.0958 
12.4340 10.0000 265.4620 0.3447 0.1859 -0.4872 3.2032 6.0000 0.1339 0.0901 
12.0280 10.0000 256.0100 0.3569 0.1845 -0.4809 3.2203 6.0000 0.2712 0.0840 
12.2660 10.0000 259.5400 0.3575 0.1880 -0.5074 3.2372 6.0000 0.8050 0.0892 
12.4420 10.0000 269.1820 0.3482 0.1857 -0.4795 3.1974 6.0000 0.8588 0.0606 
11.4840 10.0000 227.1760 0.3516 0.1885 -0.4636 3.3007 6.0000 0.7651 0.0803 
11.3880 10.0000 222.9200 0.3472 0.1889 -0.4582 3.3171 6.0000 0.1266 0.0640 
12.3340 10.0000 255.8120 0.3218 0.1786 -0.4653 3.2000 6.0000 0.3356 0.0710 
12.1120 10.0000 251.5480 0.3391 0.1847 -0.4670 3.2344 6.0000 0.4419 0.0918 
12.1100 6.0000 253.3540 0.3434 0.1780 -0.5060 3.2146 6.0000 0.5289 0.0985 
12.7740 7.0000 282.5920 0.3469 0.1886 -0.4838 3.1842 7.0000 0.3954 0.0619 
11.2260 4.0000 216.4520 0.3436 0.1827 -0.4635 3.3321 6.0000 0.3070 0.0883 
12.5160 10.0000 264.5120 0.3392 0.1872 -0.4913 3.2127 7.0000 0.4841 0.0904 
12.1180 10.0000 254.2860 0.3363 0.1758 -0.4933 3.2411 6.0000 0.5738 0.0702 
12.3140 4.0000 253.9960 0.3309 0.1846 -0.4543 3.2406 7.0000 0.5225 0.0913 
11.3080 10.0000 215.3500 0.3462 0.1941 -0.4454 3.3414 6.0000 0.6188 0.1077 
12.2880 10.0000 259.4620 0.3573 0.1820 -0.5286 3.2208 6.0000 0.7430 0.0766 
11.7940 10.0000 237.5620 0.3149 0.1776 -0.4256 3.2522 7.0000 0.5294 0.0659 
12.3440 11.0000 261.6080 0.3523 0.1847 -0.5122 3.2238 7.0000 0.2186 0.0667 
12.2820 10.0000 258.1400 0.3458 0.1922 -0.4748 3.2459 6.0000 0.1321 0.0903 
11.7640 9.0000 235.6280 0.3567 0.1867 -0.5092 3.2773 6.0000 0.3982 0.0722 
11.9740 8.0000 250.3980 0.3408 0.1815 -0.4743 3.2358 6.0000 0.4402 0.1041 
11.7240 10.0000 228.6160 0.3558 0.1983 -0.4781 3.3282 7.0000 0.6593 0.0656 
12.2340 9.0000 257.3200 0.3465 0.1850 -0.4872 3.2227 5.0000 0.2573 0.0851 
12.2600 5.0000 253.3040 0.3373 0.1834 -0.4823 3.2471 6.0000 0.1335 0.0736 
11.9920 9.0000 249.7280 0.3558 0.1907 -0.4861 3.2805 6.0000 0.2635 0.0569 
12.3360 9.0000 260.1480 0.3607 0.1875 -0.5167 3.2142 6.0000 0.7467 0.0642 
12.0000 10.0000 245.3760 0.3643 0.1897 -0.5182 3.2736 7.0000 0.7311 0.0787 
12.8820 11.0000 274.5280 0.3244 0.1913 -0.4477 3.2098 7.0000 0.4820 0.0462 
12.1020 11.0000 250.6900 0.3499 0.1806 -0.5020 3.2112 6.0000 0.1340 0.0740 
11.8140 7.0000 237.6220 0.3603 0.1976 -0.4929 3.3257 6.0000 0.3054 0.0924 
11.3340 10.0000 226.8800 0.3562 0.1842 -0.4706 3.3131 6.0000 0.4893 0.0924 
12.4600 8.0000 260.8040 0.3402 0.1865 -0.4818 3.2324 6.0000 0.7386 0.0935 
12.4840 11.0000 266.1780 0.3365 0.1867 -0.4615 3.2038 7.0000 0.3494 0.1067 
11.3780 10.0000 221.6360 0.3508 0.1873 -0.4739 3.3252 7.0000 0.1790 0.0902 
12.1940 10.0000 247.5680 0.3139 0.1827 -0.4250 3.2444 6.0000 0.4390 0.0644 
11.3220 10.0000 213.1220 0.3577 0.1928 -0.5051 3.3456 6.0000 0.4428 0.0614 
11.8820 10.0000 250.3380 0.3488 0.1842 -0.4534 3.2506 6.0000 0.4378 0.0736 
12.6000 9.0000 270.4460 0.3382 0.1829 -0.4851 3.1953 6.0000 0.3478 0.0866 
12.0160 10.0000 238.2280 0.3259 0.1775 -0.4967 3.2424 6.0000 0.1734 0.1130 
12.0160 10.0000 246.4420 0.3248 0.1797 -0.4365 3.2265 6.0000 0.0822 0.0924 
12.4420 11.0000 255.4380 0.3459 0.1882 -0.5207 3.2371 6.0000 0.0679 0.0961 
12.4580 10.0000 262.0940 0.3390 0.1810 -0.5137 3.2090 6.0000 0.8310 0.0820 
12.5480 11.0000 258.0920 0.3260 0.1783 -0.5028 3.1987 7.0000 0.7875 0.0893 
12.2380 10.0000 256.2300 0.3400 0.1831 -0.4864 3.2217 6.0000 0.1323 0.0867 
12.5780 10.0000 272.3360 0.3499 0.1877 -0.4843 3.2024 6.0000 0.1328 0.0644 
11.7260 2.0000 244.4480 0.3443 0.1829 -0.4409 3.2482 6.0000 0.4895 0.0601 
12.8120 10.0000 282.2500 0.3427 0.1821 -0.4974 3.1631 6.0000 0.1215 0.0870 
11.4300 10.0000 224.6240 0.3589 0.1925 -0.4791 3.3304 7.0000 0.4339 0.0778 
12.0300 6.0000 252.0980 0.3322 0.1840 -0.4566 3.2516 6.0000 0.5679 0.0840 
11.8940 10.0000 240.5940 0.3432 0.1826 -0.4851 3.2506 7.0000 0.7749 0.1017 
12.3220 11.0000 251.2780 0.3389 0.1879 -0.4915 3.2194 6.0000 0.6915 0.0786 
12.2300 4.0000 249.9020 0.3279 0.1764 -0.4955 3.2072 6.0000 0.1374 0.0839 
11.7920 10.0000 241.4920 0.3538 0.1886 -0.4876 3.2770 6.0000 0.2454 0.1249 
11.5300 9.0000 229.1280 0.3581 0.1858 -0.4999 3.2964 7.0000 0.6468 0.0710 
11.8020 10.0000 239.0140 0.3671 0.1924 -0.5041 3.2772 6.0000 0.5666 0.0918 
12.5860 10.0000 265.1460 0.3238 0.1766 -0.4901 3.1875 6.0000 0.4838 0.0998 
12.3000 10.0000 263.6760 0.3557 0.1854 -0.4917 3.2163 6.0000 0.1332 0.0655 
12.1200 10.0000 247.6580 0.3380 0.1921 -0.4566 3.2596 6.0000 0.4375 0.1048 
11.9060 10.0000 236.9440 0.3287 0.1796 -0.4683 3.2422 7.0000 0.6599 0.0904 
12.1860 10.0000 255.0660 0.3459 0.1759 -0.5285 3.2060 6.0000 0.7493 0.0855 
12.2940 11.0000 258.4840 0.3452 0.1889 -0.4751 3.2302 6.0000 0.6959 0.0913 
12.5640 10.0000 259.8500 0.3343 0.1928 -0.4829 3.2175 6.0000 0.6102 0.1077 
11.3560 9.0000 224.2360 0.3446 0.1863 -0.4453 3.3037 7.0000 0.7445 0.0766 
12.4480 10.0000 269.2460 0.3477 0.1869 -0.4759 3.2126 7.0000 0.5274 0.0703 
11.9560 10.0000 240.6620 0.3303 0.1882 -0.4427 3.2809 7.0000 0.1370 0.0993 
12.2860 7.0000 252.5040 0.3261 0.1922 -0.4238 3.2616 7.0000 0.2176 0.0986 
11.6400 10.0000 228.7260 0.3421 0.1845 -0.4808 3.2832 6.0000 0.6181 0.0501 
12.5680 11.0000 273.0440 0.3372 0.1909 -0.4430 3.2280 6.0000 0.5243 0.1041 
12.1180 10.0000 246.0300 0.3464 0.1884 -0.4911 3.2601 7.0000 0.7018 0.0544 
12.4620 10.0000 263.6300 0.3353 0.1843 -0.4819 3.2064 6.0000 0.4818 0.0590 
11.9760 10.0000 248.2280 0.3614 0.1995 -0.4624 3.2903 6.0000 0.4796 0.0918 
12.4920 10.0000 265.7240 0.3374 0.1864 -0.4787 3.1992 6.0000 0.3531 0.0657 
12.7940 11.0000 273.7060 0.3569 0.1911 -0.5310 3.2139 6.0000 0.3534 0.0642 
12.2340 9.0000 252.5840 0.3399 0.1798 -0.5167 3.2071 6.0000 0.5998 0.0787 
12.0720 10.0000 255.6960 0.3518 0.1893 -0.4753 3.2661 6.0000 0.7045 0.0897 
11.8500 10.0000 239.2260 0.3617 0.1870 -0.5128 3.2700 7.0000 0.5770 0.0975 
12.0220 10.0000 246.1940 0.3318 0.1800 -0.4688 3.2278 7.0000 0.6572 0.0924 
11.8420 10.0000 240.9980 0.3417 0.1872 -0.4694 3.2756 6.0000 0.6947 0.0805 
11.7080 10.0000 237.0600 0.3490 0.1811 -0.4896 3.2549 6.0000 0.2617 0.1067 
12.3460 10.0000 261.6160 0.3530 0.1860 -0.5034 3.2199 6.0000 0.2172 0.0902 
12.4220 10.0000 264.8640 0.3407 0.1875 -0.4695 3.2004 6.0000 0.4400 0.0817 
12.8300 10.0000 276.2680 0.3469 0.1848 -0.5261 3.1807 6.0000 0.3535 0.0614 
12.9380 10.0000 283.1800 0.3444 0.1793 -0.5268 3.1697 6.0000 0.3537 0.0736 
11.7040 8.0000 234.6300 0.3510 0.1882 -0.4838 3.2838 7.0000 0.3487 0.0866 
12.1600 8.0000 252.1600 0.3362 0.1823 -0.4714 3.2156 6.0000 0.2125 0.0650 
11.7460 10.0000 234.4400 0.3556 0.1895 -0.4852 3.2933 6.0000 0.1661 0.0979 
11.6940 10.0000 229.3700 0.3394 0.1970 -0.4314 3.3299 6.0000 0.0493 0.0953 
12.5780 8.0000 263.0460 0.3449 0.1921 -0.5098 3.2332 6.0000 0.9252 0.0820 
12.0320 10.0000 250.4340 0.3393 0.1798 -0.4771 3.2388 6.0000 0.8858 0.0759 
12.1200 8.0000 249.1500 0.3386 0.1897 -0.4537 3.2620 7.0000 0.7844 0.0689 
12.2520 11.0000 254.5940 0.3304 0.1806 -0.4774 3.2298 6.0000 1.2149 0.0759 
12.3320 10.0000 263.6820 0.3618 0.1881 -0.5228 3.2436 7.0000 0.5202 0.1081 
11.9700 10.0000 240.0920 0.3362 0.1856 -0.4903 3.2743 6.0000 0.3930 0.1104 
11.1480 10.0000 204.9140 0.3545 0.1980 -0.4707 3.3703 7.0000 1.0358 0.0892 
12.1220 7.0000 247.1160 0.3545 0.1894 -0.5122 3.2690 6.0000 0.7740 0.0606 
11.7720 10.0000 233.8440 0.3689 0.2005 -0.5011 3.3302 6.0000 0.4634 0.0961 
11.5880 9.0000 228.2580 0.3362 0.1868 -0.4517 3.3172 7.0000 0.1337 0.0794 
12.3020 10.0000 249.6140 0.3363 0.1836 -0.5089 3.2402 6.0000 0.2093 0.0710 
12.1960 10.0000 248.7800 0.3442 0.1868 -0.5208 3.2421 6.0000 0.4372 0.0918 
11.9980 10.0000 249.6040 0.3518 0.1905 -0.4632 3.2689 6.0000 0.6161 0.0985 
12.3020 4.0000 263.5200 0.3601 0.1941 -0.4917 3.2717 6.0000 0.3622 0.0481 
11.7940 9.0000 234.4020 0.3337 0.1844 -0.4647 3.2671 6.0000 0.3940 0.0883 
12.6460 6.0000 272.2680 0.3519 0.1891 -0.5255 3.1974 6.0000 0.5264 0.0904 
12.5780 8.0000 269.5800 0.3543 0.1894 -0.5148 3.2459 6.0000 0.5783 0.0702 
11.9240 10.0000 241.0520 0.3449 0.1796 -0.5088 3.2301 6.0000 0.5646 0.0818 
11.6080 9.0000 235.6340 0.3356 0.1745 -0.4688 3.2448 6.0000 0.1747 0.0727 
12.4320 10.0000 259.0260 0.3297 0.1860 -0.4692 3.2203 6.0000 0.3538 0.1077 
12.5980 6.0000 272.2960 0.3575 0.1823 -0.5303 3.1926 6.0000 0.8341 0.0766 
12.4560 10.0000 262.6820 0.3362 0.1836 -0.4821 3.2057 6.0000 0.5720 0.0659 
12.6580 10.0000 273.4480 0.3356 0.1835 -0.4823 3.1811 6.0000 0.5216 0.0612 
11.3860 5.0000 228.6700 0.3618 0.1914 -0.4596 3.3499 8.0000 0.1310 0.0986 
11.5920 10.0000 220.6800 0.3345 0.1886 -0.4660 3.2866 7.0000 0.5692 0.1075 
12.0640 10.0000 245.9340 0.3229 0.1893 -0.4291 3.2680 6.0000 0.3545 0.0784 
12.2480 8.0000 249.8200 0.3431 0.1899 -0.4905 3.2350 6.0000 0.1300 0.1041 
12.3260 7.0000 266.3000 0.3423 0.1805 -0.4989 3.2019 6.0000 0.6570 0.0858 
12.2520 6.0000 256.5680 0.3537 0.1874 -0.5094 3.2480 6.0000 0.1311 0.0667 
12.2940 11.0000 257.1320 0.3615 0.1911 -0.5199 3.2506 7.0000 0.2630 0.0590 
12.2740 10.0000 259.0420 0.3391 0.1799 -0.4944 3.2187 6.0000 0.3948 0.0918 
12.3140 10.0000 259.0640 0.3409 0.1830 -0.4860 3.2156 6.0000 0.3076 0.0569 
12.3860 9.0000 250.1900 0.3467 0.1915 -0.5107 3.2670 6.0000 0.4405 0.0642 
12.3320 10.0000 250.1960 0.3388 0.1816 -0.5231 3.2202 6.0000 0.6428 0.0787 
12.5560 11.0000 266.8760 0.3529 0.1909 -0.5149 3.2245 6.0000 0.7043 0.0911 
12.3760 9.0000 256.4880 0.3485 0.1909 -0.5079 3.2476 6.0000 0.6596 0.0975 
11.8400 10.0000 248.0840 0.3696 0.1861 -0.4950 3.2867 7.0000 0.7036 0.0924 
11.8900 10.0000 249.0720 0.3461 0.1839 -0.4645 3.2587 8.0000 0.6099 0.0805 
12.0260 10.0000 253.1340 0.3657 0.1950 -0.4902 3.2667 6.0000 0.1376 0.1069 
11.7620 10.0000 236.1720 0.3385 0.1896 -0.4454 3.3042 7.0000 0.1335 0.0509 
11.5160 9.0000 228.6420 0.3426 0.1917 -0.4502 3.3057 6.0000 0.4403 0.0882 
12.3520 10.0000 270.0460 0.3437 0.1847 -0.4542 3.2053 6.0000 0.6130 0.0717 
12.7000 10.0000 271.7820 0.3488 0.1933 -0.5111 3.2279 7.0000 0.2617 0.0793 
12.5840 9.0000 268.0660 0.3622 0.1940 -0.5342 3.2304 6.0000 0.2188 0.0763 
11.7800 10.0000 230.6820 0.3475 0.1910 -0.4960 3.2976 6.0000 0.2883 0.0529 
12.5520 9.0000 262.5400 0.3309 0.1845 -0.4937 3.2105 6.0000 0.8762 0.0820 
12.3020 9.0000 267.0700 0.3559 0.1844 -0.4889 3.2260 6.0000 0.8778 0.0759 
12.3940 10.0000 256.6120 0.3552 0.1879 -0.5293 3.2240 6.0000 0.5671 0.0709 
11.8400 10.0000 238.5100 0.3388 0.1821 -0.4798 3.2661 6.0000 0.2215 0.0644 
11.9960 6.0000 247.4960 0.3492 0.1832 -0.5039 3.2604 7.0000 0.2471 0.0685 
11.8940 10.0000 241.4620 0.3433 0.1778 -0.4929 3.2223 6.0000 0.2122 0.0811 
11.6420 10.0000 232.3120 0.3448 0.1900 -0.4670 3.3110 6.0000 0.1329 0.0671 
11.9240 7.0000 253.7220 0.3445 0.1764 -0.4735 3.2117 6.0000 0.4381 0.0840 
11.7680 9.0000 246.2480 0.3631 0.1816 -0.5020 3.2599 7.0000 0.7145 0.0892 
12.1700 8.0000 250.4080 0.3390 0.1876 -0.4615 3.2433 6.0000 0.9041 0.0606 
12.5020 11.0000 261.0040 0.3529 0.1909 -0.5161 3.2294 6.0000 0.7743 0.1070 
11.7700 5.0000 242.1140 0.3372 0.1879 -0.4212 3.2703 6.0000 0.6476 0.0710 
11.9940 10.0000 244.4980 0.3491 0.1873 -0.4912 3.2714 6.0000 0.4779 0.0918 
12.3580 11.0000 263.6120 0.3586 0.1843 -0.5251 3.2117 6.0000 0.6571 0.0985 
12.3880 10.0000 257.9260 0.3312 0.1800 -0.5011 3.2072 6.0000 0.3960 0.0481 
11.8160 11.0000 234.5400 0.3512 0.1905 -0.4873 3.2709 6.0000 0.3990 0.0883 
11.9100 10.0000 244.3200 0.3508 0.1834 -0.5009 3.2512 7.0000 0.4844 0.0904 
12.5940 3.0000 265.0480 0.3373 0.1883 -0.4871 3.2194 6.0000 0.6591 0.0702 
12.0200 9.0000 246.6340 0.3525 0.1913 -0.4973 3.2852 6.0000 0.6116 0.0913 
11.6040 10.0000 231.2100 0.3552 0.1854 -0.4934 3.2736 6.0000 0.7006 0.1077 
12.0120 9.0000 248.6660 0.3533 0.1889 -0.4902 3.2693 6.0000 0.7483 0.0766 
12.2920 10.0000 254.3400 0.3462 0.1817 -0.5269 3.2150 6.0000 0.4775 0.0479 
12.4020 10.0000 261.8320 0.3615 0.1873 -0.5469 3.2283 6.0000 0.0902 0.0890 
11.9020 8.0000 241.8720 0.3447 0.1822 -0.4798 3.2437 6.0000 0.4818 0.0956 
12.0380 10.0000 246.9640 0.3484 0.1881 -0.4761 3.2500 6.0000 0.5287 0.1075 
12.4500 10.0000 260.3700 0.3295 0.1801 -0.4693 3.1914 6.0000 0.4427 0.0678 
11.9460 10.0000 247.9280 0.3621 0.1877 -0.5103 3.2501 6.0000 0.2187 0.0827 
12.4380 10.0000 257.6980 0.3327 0.1918 -0.4646 3.2397 6.0000 0.1753 0.0543 
11.6540 10.0000 239.3920 0.3629 0.1816 -0.5021 3.2521 7.0000 0.4804 0.0590 
12.4400 10.0000 263.4960 0.3436 0.1843 -0.4993 3.2251 7.0000 0.4839 0.0918 
11.7540 10.0000 239.3460 0.3440 0.1916 -0.4416 3.2905 6.0000 0.2971 0.0569 
12.7260 9.0000 265.8860 0.3471 0.1917 -0.5287 3.2345 6.0000 0.3553 0.0766 
12.2360 9.0000 249.0680 0.3377 0.1874 -0.5020 3.2271 6.0000 0.1367 0.1001 
12.5580 7.0000 265.5640 0.3405 0.1857 -0.5098 3.2123 6.0000 0.1746 0.0787 
12.3520 10.0000 262.8680 0.3440 0.1828 -0.4894 3.2167 7.0000 0.5757 0.0911 
12.3180 10.0000 265.3600 0.3606 0.1862 -0.5156 3.2256 6.0000 0.6590 0.0975 
12.7920 9.0000 273.5540 0.3315 0.1830 -0.5051 3.1885 6.0000 0.6982 0.0924 
11.6740 10.0000 232.3360 0.3437 0.1868 -0.4701 3.2768 6.0000 0.6596 0.0892 
12.3280 10.0000 255.5980 0.3467 0.1879 -0.5139 3.2343 6.0000 0.1305 0.0767 
11.9640 2.0000 238.5820 0.3435 0.1882 -0.4836 3.2753 6.0000 0.4377 0.0941 
12.3600 7.0000 253.2800 0.3459 0.1891 -0.5077 3.2477 6.0000 0.1299 0.0902 
13.0420 10.0000 289.5300 0.3326 0.1851 -0.4915 3.1905 7.0000 0.4312 0.0882 
12.2340 6.0000 249.7500 0.3475 0.1869 -0.5236 3.2345 6.0000 0.4777 0.0914 
12.3400 10.0000 256.7500 0.3628 0.1936 -0.5213 3.2488 6.0000 0.1341 0.1076 
12.2260 9.0000 251.3580 0.3539 0.1931 -0.5045 3.2485 6.0000 0.1329 0.0763 
12.7700 4.0000 268.3740 0.3377 0.1862 -0.5156 3.1928 6.0000 0.8800 0.0820 
12.3020 7.0000 257.8940 0.3581 0.1884 -0.5287 3.2150 6.0000 0.9232 0.0759 
11.6000 7.0000 240.5680 0.3635 0.1995 -0.4287 3.3245 6.0000 0.7913 0.0689 
12.0980 10.0000 245.5140 0.3314 0.1888 -0.4404 3.2626 6.0000 1.1270 0.0776 
11.9380 8.0000 236.4940 0.3355 0.1889 -0.4740 3.2633 6.0000 0.6559 0.0813 
11.9060 10.0000 243.9540 0.3321 0.1795 -0.4448 3.2183 6.0000 0.3493 0.0621 
12.0180 10.0000 244.0400 0.3522 0.1902 -0.5057 3.2535 6.0000 0.2136 0.0840 
12.4620 10.0000 264.7220 0.3380 0.1815 -0.4857 3.2192 6.0000 0.4667 0.0892 
12.5120 5.0000 265.9840 0.3591 0.1930 -0.5089 3.2218 6.0000 0.5183 0.0686 
12.3100 10.0000 251.1420 0.3445 0.1867 -0.4978 3.2382 6.0000 0.1291 0.0606 
11.9900 10.0000 239.5460 0.3518 0.1960 -0.4824 3.2832 6.0000 0.6451 0.1070 
12.5000 9.0000 255.5000 0.3360 0.1939 -0.4986 3.2403 6.0000 0.6188 0.0710 
11.7880 10.0000 235.3060 0.3410 0.1815 -0.4821 3.2625 9.0000 0.3852 0.0918 
11.4440 8.0000 224.1320 0.3415 0.1831 -0.4687 3.3147 7.0000 0.1723 0.0561 
11.3440 9.0000 223.0580 0.3720 0.1908 -0.5106 3.3363 6.0000 0.3443 0.0655 
11.7260 9.0000 227.5440 0.3510 0.1914 -0.5115 3.3091 6.0000 0.6254 0.1048 
12.3400 10.0000 264.7260 0.3580 0.1823 -0.5227 3.2164 6.0000 0.6170 0.0904 
12.5080 10.0000 264.7780 0.3603 0.1880 -0.5494 3.2163 6.0000 0.5712 0.0592 
12.5700 11.0000 260.0720 0.3376 0.1922 -0.5026 3.2238 6.0000 0.3474 0.0883 
12.2760 10.0000 251.3560 0.3411 0.1848 -0.4905 3.2372 7.0000 0.1333 0.0535 
11.8260 10.0000 239.6300 0.3459 0.1871 -0.4636 3.2728 8.0000 0.4824 0.1077 
12.0440 3.0000 248.4560 0.3275 0.1808 -0.4582 3.2280 6.0000 0.5737 0.0704 
12.2520 10.0000 258.5240 0.3631 0.1863 -0.5268 3.2162 6.0000 0.2207 0.0574 
12.3560 10.0000 259.4500 0.3350 0.1843 -0.4809 3.1999 6.0000 0.2696 0.0927 
12.0300 10.0000 244.8360 0.3689 0.1963 -0.5189 3.2820 6.0000 0.4814 0.0956 
12.3480 6.0000 250.6360 0.3434 0.1905 -0.5101 3.2434 6.0000 0.6153 0.1075 
11.5220 10.0000 226.5600 0.3333 0.1843 -0.4462 3.2920 7.0000 0.6578 0.1041 
12.3740 10.0000 257.3600 0.3378 0.1933 -0.4589 3.2388 6.0000 0.7903 0.0544 
11.6300 8.0000 230.7640 0.3531 0.1848 -0.4987 3.2763 6.0000 0.6138 0.0590 
12.7440 11.0000 268.2060 0.3472 0.1942 -0.5236 3.2244 6.0000 0.5662 0.0565 
12.2540 7.0000 257.4960 0.3234 0.1761 -0.4616 3.2041 6.0000 0.9993 0.0642 
12.5880 10.0000 265.8160 0.3362 0.1793 -0.5063 3.1890 6.0000 0.6481 0.0643 
11.6360 5.0000 229.6760 0.3639 0.1897 -0.5300 3.2913 6.0000 0.0929 0.0658 
11.6560 8.0000 232.6880 0.3384 0.1815 -0.4676 3.2867 6.0000 0.4385 0.0911 
11.4880 9.0000 234.0660 0.3611 0.1867 -0.4828 3.2902 6.0000 0.3456 0.0847 
12.2980 9.0000 268.7200 0.3498 0.1882 -0.4479 3.2266 7.0000 0.2583 0.0975 
12.2020 10.0000 257.1380 0.3495 0.1851 -0.4809 3.2142 6.0000 0.4846 0.0825 
12.2100 10.0000 254.4380 0.3542 0.1916 -0.4824 3.2388 6.0000 0.1760 0.0924 
11.3440 9.0000 219.7580 0.3440 0.1856 -0.4670 3.2939 7.0000 0.6127 0.0745 
12.2420 10.0000 253.1880 0.3523 0.1815 -0.5198 3.2218 6.0000 0.5703 0.0594 
12.5520 9.0000 270.3060 0.3396 0.1868 -0.4554 3.2057 6.0000 0.3952 0.1056 
13.0100 11.0000 284.4500 0.3592 0.1969 -0.5336 3.1923 6.0000 0.2205 0.0701 
12.0620 10.0000 250.2240 0.3626 0.1913 -0.5036 3.2524 6.0000 0.1335 0.0803 
11.1640 10.0000 213.0380 0.3410 0.1829 -0.4595 3.2997 6.0000 0.2214 0.0736 
11.8080 10.0000 232.4200 0.3384 0.1879 -0.4760 3.2634 6.0000 0.4681 0.0946 
11.6740 8.0000 228.8540 0.3465 0.1957 -0.4768 3.3316 7.0000 0.9212 0.0820 
11.9520 10.0000 241.0420 0.3366 0.1867 -0.4552 3.2675 6.0000 0.9224 0.0759 
11.5480 6.0000 228.9920 0.3503 0.1910 -0.4637 3.3058 6.0000 0.7491 0.0689 
12.6620 10.0000 277.0920 0.3309 0.1754 -0.4827 3.1664 7.0000 0.1754 0.0553 
12.0620 10.0000 247.2560 0.3513 0.1929 -0.4911 3.2732 6.0000 0.2825 0.0685 
12.1180 10.0000 247.5460 0.3477 0.1885 -0.5084 3.2485 7.0000 0.6126 0.0813 
11.8320 8.0000 243.6700 0.3522 0.1811 -0.4885 3.2475 6.0000 0.2654 0.1114 
12.6180 11.0000 258.5740 0.3307 0.1835 -0.5126 3.2098 6.0000 0.1767 0.0840 
11.5200 8.0000 230.3960 0.3563 0.1927 -0.4691 3.3114 6.0000 0.6114 0.0892 
12.0340 11.0000 244.0900 0.3543 0.1859 -0.5062 3.2550 7.0000 0.7391 0.0606 
11.9300 10.0000 246.5260 0.3556 0.1852 -0.4970 3.2456 6.0000 0.7662 0.1070 
12.2380 10.0000 258.8020 0.3388 0.1797 -0.4808 3.2088 6.0000 0.4804 0.0633 
12.4340 10.0000 261.3080 0.3440 0.1851 -0.5108 3.2172 6.0000 0.1805 0.0956 
12.1580 10.0000 251.3320 0.3504 0.1860 -0.5066 3.2402 6.0000 0.1718 0.1003 
12.1140 7.0000 254.9300 0.3384 0.1840 -0.4589 3.2407 6.0000 0.4378 0.0985 
11.9020 10.0000 238.5120 0.3261 0.1844 -0.4401 3.2620 6.0000 0.3370 0.0752 
12.7820 11.0000 264.1140 0.3292 0.1817 -0.5099 3.1727 6.0000 0.2200 0.1048 
11.9200 10.0000 235.4280 0.3419 0.1943 -0.4691 3.2983 7.0000 0.2628 0.0727 
11.9560 8.0000 246.8420 0.3652 0.1937 -0.4966 3.2801 7.0000 0.1784 0.0904 
11.6320 9.0000 226.5020 0.3453 0.1835 -0.4888 3.2693 6.0000 0.7004 0.0592 
12.0460 8.0000 249.5000 0.3392 0.1826 -0.4652 3.2316 6.0000 0.1719 0.0774 
12.5920 11.0000 259.0040 0.3519 0.1906 -0.5481 3.2234 6.0000 0.1731 0.0913 
11.8440 3.0000 235.4620 0.3338 0.1876 -0.4504 3.2624 6.0000 0.5268 0.1077 
11.8300 10.0000 235.9260 0.3541 0.1900 -0.5038 3.2746 6.0000 0.7447 0.0766 
12.2400 10.0000 252.7680 0.3414 0.1831 -0.4964 3.2229 7.0000 0.5702 0.0659 
12.2440 10.0000 260.7680 0.3514 0.1853 -0.4860 3.2249 6.0000 0.4721 0.1249 
12.4500 11.0000 268.7160 0.3579 0.1910 -0.4847 3.2139 6.0000 0.1336 0.0647 
12.3820 7.0000 268.9040 0.3473 0.1874 -0.4592 3.2153 7.0000 0.1754 0.0738 
12.0320 7.0000 254.0120 0.3503 0.1791 -0.4940 3.2195 6.0000 0.4420 0.1041 
11.5380 10.0000 226.3080 0.3438 0.1834 -0.4796 3.2995 6.0000 0.6547 0.0544 
11.7920 2.0000 230.1460 0.3438 0.1848 -0.4998 3.2735 6.0000 0.5240 0.0590 
12.5000 11.0000 266.2060 0.3484 0.1899 -0.4777 3.1988 6.0000 0.5680 0.0918 
12.2940 7.0000 267.5620 0.3419 0.1790 -0.4798 3.2090 6.0000 0.2874 0.0886 
11.7120 10.0000 239.8240 0.3422 0.1788 -0.4741 3.2717 6.0000 0.3056 0.0642 
11.5640 8.0000 226.1060 0.3445 0.1824 -0.4889 3.2760 6.0000 0.5196 0.0787 
11.8280 8.0000 240.9040 0.3736 0.1922 -0.5247 3.2850 6.0000 0.7471 0.0911 
12.6320 10.0000 266.9520 0.3388 0.1781 -0.5305 3.1693 6.0000 0.5289 0.0752 
12.3880 10.0000 254.5840 0.3370 0.1944 -0.4540 3.2639 6.0000 0.3528 0.0825 
11.9540 10.0000 241.7360 0.3438 0.1784 -0.4973 3.2238 6.0000 0.2198 0.0860 
12.0420 10.0000 244.7480 0.3399 0.1872 -0.4797 3.2641 7.0000 0.3547 0.0523 
11.3020 10.0000 225.1900 0.3396 0.1797 -0.4406 3.2842 6.0000 0.5786 0.0594 
12.0520 10.0000 247.9720 0.3444 0.1830 -0.5077 3.2631 6.0000 0.4826 0.1056 
12.1640 10.0000 247.1440 0.3424 0.1825 -0.5145 3.2463 6.0000 0.4815 0.0914 
12.2140 9.0000 252.7160 0.3358 0.1760 -0.5120 3.1974 6.0000 0.3483 0.0793 
12.0060 9.0000 244.1120 0.3335 0.1862 -0.4663 3.2679 6.0000 0.3960 0.0785 
11.7900 10.0000 237.3580 0.3456 0.1865 -0.4643 3.2781 6.0000 0.9228 0.0820 
12.4180 11.0000 263.9320 0.3314 0.1801 -0.4764 3.1942 6.0000 0.9271 0.0759 
12.8560 8.0000 270.5760 0.3359 0.1863 -0.5157 3.1969 6.0000 0.7483 0.0689 
12.3460 10.0000 258.2040 0.3527 0.1933 -0.4919 3.2626 6.0000 0.9080 0.0720 
12.3220 10.0000 255.5200 0.3526 0.1907 -0.5329 3.2413 6.0000 0.3893 0.0778 
12.2660 7.0000 263.1600 0.3498 0.1858 -0.4788 3.2232 6.0000 0.4842 0.0840 
11.7720 10.0000 228.9480 0.3365 0.1857 -0.4993 3.2795 6.0000 0.8473 0.0892 
12.5340 10.0000 268.7400 0.3522 0.1893 -0.5080 3.2343 8.0000 0.8228 0.0606 
11.6760 9.0000 235.6800 0.3554 0.1960 -0.4552 3.2852 6.0000 0.8611 0.1070 
11.9660 4.0000 239.1000 0.3342 0.1836 -0.4682 3.2504 7.0000 0.6426 0.0710 
11.5040 9.0000 225.9500 0.3449 0.1817 -0.4890 3.2800 6.0000 0.3030 0.0918 
12.6720 11.0000 264.1440 0.3526 0.2021 -0.4963 3.2492 6.0000 0.1723 0.0561 
11.9100 10.0000 248.7860 0.3450 0.1844 -0.4541 3.2417 6.0000 0.2222 0.0850 
12.3300 10.0000 258.1860 0.3320 0.1814 -0.4755 3.1896 6.0000 0.7607 0.1048 
12.2640 10.0000 250.5020 0.3308 0.1818 -0.4837 3.2317 6.0000 0.6572 0.0904 
12.4160 10.0000 261.2820 0.3311 0.1807 -0.4654 3.2351 6.0000 0.8330 0.0855 
12.1800 10.0000 252.5000 0.3457 0.1793 -0.5168 3.2189 6.0000 0.6117 0.0855 
12.9660 8.0000 277.1540 0.3364 0.1842 -0.5250 3.1545 6.0000 0.4820 0.1077 
12.2440 10.0000 253.4660 0.3570 0.1859 -0.5320 3.2380 6.0000 0.4320 0.0778 
12.4160 8.0000 259.1380 0.3313 0.1771 -0.5021 3.2027 6.0000 0.1730 0.0778 
12.8020 6.0000 272.2740 0.3358 0.1854 -0.5110 3.1707 6.0000 0.2573 0.0890 
12.3660 9.0000 262.1220 0.3439 0.1792 -0.5049 3.2172 6.0000 0.5256 0.0956 
12.1720 10.0000 241.7920 0.3409 0.1896 -0.5082 3.2586 6.0000 0.4844 0.1075 
12.5100 8.0000 271.4560 0.3541 0.1895 -0.4845 3.2312 6.0000 0.4435 0.0678 
12.5280 10.0000 261.0180 0.3279 0.1799 -0.4871 3.1950 6.0000 0.2194 0.0827 
12.2720 10.0000 249.5520 0.3419 0.1787 -0.5359 3.2131 6.0000 0.1761 0.0543 
11.6740 6.0000 234.2380 0.3590 0.1870 -0.4855 3.2765 6.0000 0.4431 0.0590 
11.8320 2.0000 237.5500 0.3220 0.1827 -0.4245 3.2414 6.0000 0.5694 0.0569 
12.2300 5.0000 254.5800 0.3391 0.1793 -0.5133 3.2293 6.0000 0.8086 0.0766 
12.1740 5.0000 256.2440 0.3471 0.1846 -0.4814 3.2186 6.0000 0.7762 0.0787 
12.1460 9.0000 253.3500 0.3529 0.1823 -0.4894 3.2195 6.0000 0.5741 0.0462 
11.9920 10.0000 243.4880 0.3461 0.1857 -0.5016 3.2556 7.0000 0.3952 0.0881 
12.3820 11.0000 256.8180 0.3398 0.1852 -0.4985 3.2456 6.0000 0.1333 0.0718 
12.0760 9.0000 252.2400 0.3468 0.1940 -0.4551 3.2662 7.0000 0.4363 0.0924 
11.8720 9.0000 247.4200 0.3563 0.1865 -0.4711 3.2674 6.0000 0.7391 0.0778 
12.0040 9.0000 251.1280 0.3451 0.1802 -0.4777 3.2325 6.0000 0.5714 0.0594 
12.5160 10.0000 266.6660 0.3460 0.1831 -0.5196 3.1939 6.0000 0.2225 0.0827 
12.1800 3.0000 245.9020 0.3557 0.1949 -0.5208 3.2664 6.0000 0.1741 0.0850 
11.9960 9.0000 246.3520 0.3525 0.1829 -0.5067 3.2400 6.0000 0.1798 0.0753 
12.0760 9.0000 246.0220 0.3407 0.1833 -0.5052 3.2526 7.0000 0.4310 0.0752 
12.4040 11.0000 252.6520 0.3380 0.1913 -0.5002 3.2232 6.0000 0.3450 0.0866 
12.1680 10.0000 254.2080 0.3579 0.1870 -0.5083 3.2398 6.0000 0.2480 0.0835 
11.7800 11.0000 235.6880 0.3385 0.1914 -0.4385 3.2816 7.0000 0.1644 0.0754 
11.6880 10.0000 233.7980 0.3599 0.1901 -0.5010 3.2822 6.0000 0.0705 0.0961 
12.1660 4.0000 250.8240 0.3409 0.1926 -0.4649 3.2612 6.0000 0.0343 0.0953 
11.9160 6.0000 242.9460 0.3693 0.1922 -0.5162 3.2818 6.0000 0.8907 0.0820 
13.0500 11.0000 281.4360 0.3193 0.1861 -0.4636 3.1597 6.0000 0.8363 0.0759 
12.2720 10.0000 261.0560 0.3475 0.1816 -0.5041 3.2004 7.0000 0.5733 0.0709 
11.8400 3.0000 242.2180 0.3602 0.1928 -0.4877 3.3004 7.0000 0.3478 0.0553 
12.3600 10.0000 255.2880 0.3405 0.1863 -0.4929 3.2260 6.0000 0.2253 0.0685 
12.8040 11.0000 279.3300 0.3683 0.2020 -0.5189 3.2511 6.0000 0.5744 0.0813 
11.6060 10.0000 234.7300 0.3592 0.1826 -0.5045 3.2639 6.0000 0.2186 0.1114 
11.8180 10.0000 242.8360 0.3445 0.1822 -0.4904 3.2469 6.0000 0.1768 0.0840 
11.9360 10.0000 237.6580 0.3372 0.1866 -0.4678 3.2660 6.0000 0.6017 0.0892 
12.7000 8.0000 271.5300 0.3564 0.1952 -0.5137 3.2283 6.0000 0.6504 0.0606 
12.3520 10.0000 256.7620 0.3428 0.1871 -0.5039 3.2320 6.0000 0.7510 0.1070 
12.4100 10.0000 260.4020 0.3314 0.1785 -0.4848 3.1832 6.0000 0.5189 0.0633 
12.2540 6.0000 247.7900 0.3374 0.1843 -0.5195 3.2500 6.0000 0.1745 0.0956 
12.4100 10.0000 269.5340 0.3727 0.1949 -0.5169 3.2532 6.0000 0.1712 0.1003 
12.6000 8.0000 271.4620 0.3454 0.1876 -0.4867 3.2036 6.0000 0.3080 0.0985 
11.7040 6.0000 240.7260 0.3595 0.1829 -0.5111 3.2780 7.0000 1.0739 0.1048 
11.3320 10.0000 229.2200 0.3571 0.1847 -0.4588 3.2908 6.0000 0.7464 0.0904 
11.3720 9.0000 220.0600 0.3616 0.1961 -0.4780 3.3389 6.0000 0.6973 0.0592 
13.0840 10.0000 287.0880 0.3262 0.1788 -0.5034 3.1448 6.0000 0.4413 0.0818 
12.3100 10.0000 263.7440 0.3611 0.1852 -0.5074 3.2144 6.0000 0.2185 0.1170 
12.6600 9.0000 272.4300 0.3564 0.1875 -0.5305 3.1965 6.0000 0.2642 0.0862 
12.1600 10.0000 251.2800 0.3476 0.1911 -0.4831 3.2650 6.0000 0.5676 0.0766 
12.9580 10.0000 284.1020 0.3302 0.1808 -0.4858 3.1577 6.0000 0.5708 0.0659 
11.8520 10.0000 241.1820 0.3326 0.1863 -0.4429 3.2575 6.0000 0.6075 0.0956 
12.7300 10.0000 274.0860 0.3630 0.1950 -0.5239 3.2073 6.0000 0.5774 0.1075 
12.1960 10.0000 254.0560 0.3329 0.1797 -0.4789 3.2305 6.0000 0.3986 0.0678 
12.3220 10.0000 252.4820 0.3515 0.1972 -0.4992 3.2710 6.0000 0.2191 0.0688 
11.8940 10.0000 233.7520 0.3458 0.1845 -0.5085 3.2645 6.0000 0.2207 0.0580 
12.0980 9.0000 249.4300 0.3660 0.1881 -0.5327 3.2575 6.0000 0.5702 0.0590 
12.2200 10.0000 257.4860 0.3562 0.1867 -0.5066 3.2079 6.0000 0.6179 0.0569 
12.4820 10.0000 269.1920 0.3519 0.1853 -0.5188 3.2165 6.0000 0.8523 0.0642 
12.5020 9.0000 267.7860 0.3685 0.1954 -0.5322 3.2606 6.0000 0.7322 0.0787 
12.1240 7.0000 247.2980 0.3301 0.1808 -0.4818 3.2182 6.0000 0.5703 0.0911 
12.3720 8.0000 254.6260 0.3395 0.1891 -0.4762 3.2199 6.0000 0.6144 0.0763 
11.4920 9.0000 226.4740 0.3318 0.1831 -0.4499 3.2870 6.0000 0.1767 0.0887 
12.6320 10.0000 263.8840 0.3334 0.1911 -0.4700 3.2065 6.0000 0.2627 0.0924 
12.5000 10.0000 264.3300 0.3419 0.1838 -0.5212 3.2011 6.0000 0.6550 0.0745 
11.7360 9.0000 233.7420 0.3243 0.1844 -0.4315 3.2851 7.0000 0.6578 0.0594 
12.0260 10.0000 247.4220 0.3435 0.1802 -0.4900 3.2268 6.0000 0.4846 0.1056 
11.9240 10.0000 242.3040 0.3406 0.1836 -0.4905 3.2299 6.0000 0.4854 0.0717 
11.9780 10.0000 239.9660 0.3275 0.1836 -0.4527 3.2317 6.0000 0.3061 0.0793 
11.9600 8.0000 244.8160 0.3478 0.1854 -0.4915 3.2464 6.0000 0.3935 0.0785 
12.5000 10.0000 263.0900 0.3342 0.1883 -0.4712 3.2252 6.0000 0.2185 0.0835 
12.1920 6.0000 248.1280 0.3424 0.1870 -0.5072 3.2475 6.0000 0.1395 0.0979 
12.1320 10.0000 249.3760 0.3259 0.1895 -0.4255 3.2742 7.0000 0.0724 0.0953 
