12.3304 10.0000 259.0344 0.3380 0.1795 -0.4796 0.0000 0.0000 1.7649 0.0641 
11.9376 10.0000 242.6832 0.3537 0.1879 -0.4803 0.0000 0.0000 1.8039 0.0641 
12.2736 10.0000 250.2872 0.3470 0.1881 -0.5046 0.0000 0.0000 1.5689 0.0641 
12.2168 10.0000 252.9184 0.3521 0.1867 -0.4976 0.0000 0.0000 1.8314 0.0641 
12.5848 10.0000 262.7672 0.3443 0.1839 -0.5169 0.0000 0.0000 1.7579 0.0641 
12.6232 10.0000 262.6648 0.3378 0.1853 -0.4904 0.0000 0.0000 1.7978 0.0717 
12.5048 10.0000 258.1152 0.3458 0.1925 -0.5002 0.0000 0.0000 1.8331 0.0641 
12.2800 10.0000 248.0504 0.3444 0.1813 -0.5347 0.0000 0.0000 1.7686 0.0641 
12.3600 9.0000 250.2104 0.3495 0.1967 -0.4848 0.0000 0.0000 1.7714 0.0641 
12.1928 10.0000 249.5584 0.3545 0.1862 -0.5162 0.0000 0.0000 1.7935 0.0641 
12.6024 9.0000 259.2800 0.3501 0.1922 -0.5220 0.0000 0.0000 1.7491 0.0641 
12.1976 10.0000 253.5736 0.3555 0.1851 -0.5065 0.0000 0.0000 0.3051 0.0539 
12.4000 10.0000 259.9504 0.3508 0.1813 -0.5091 0.0000 0.0000 1.0965 0.0539 
12.4760 9.0000 260.4488 0.3479 0.1834 -0.5105 0.0000 0.0000 1.2289 0.0683 
12.2360 9.0000 257.5008 0.3566 0.1854 -0.4999 0.0000 0.0000 1.2729 0.0683 
11.9792 10.0000 245.5856 0.3484 0.1856 -0.4645 0.0000 0.0000 1.3150 0.0683 
12.6872 11.0000 265.0080 0.3492 0.1912 -0.5134 0.0000 0.0000 1.3206 0.0683 
12.0792 10.0000 246.1360 0.3539 0.1896 -0.4886 0.0000 0.0000 1.2775 0.0683 
11.8496 9.0000 237.5376 0.3367 0.1845 -0.4584 0.0000 0.0000 1.4918 0.0683 
12.1648 10.0000 249.2192 0.3582 0.1915 -0.5035 0.0000 0.0000 1.3219 0.0683 
12.2408 4.0000 252.6888 0.3560 0.1915 -0.4939 0.0000 0.0000 1.3198 0.0683 
12.6200 10.0000 268.0408 0.3432 0.1816 -0.5014 0.0000 0.0000 0.9201 0.0683 
12.5224 8.0000 263.6144 0.3551 0.1864 -0.5173 0.0000 0.0000 0.3963 0.0806 
12.0400 10.0000 246.7360 0.3598 0.1933 -0.4838 0.0000 0.0000 0.3104 0.0566 
11.7144 10.0000 230.8448 0.3623 0.1964 -0.4886 0.0000 0.0000 1.0115 0.0692 
12.5592 10.0000 263.6376 0.3427 0.1842 -0.5055 0.0000 0.0000 1.5813 0.0402 
12.0848 9.0000 251.3928 0.3519 0.1897 -0.4638 0.0000 0.0000 1.5431 0.0692 
11.7992 9.0000 238.5400 0.3381 0.1878 -0.4314 0.0000 0.0000 1.2780 0.0692 
12.0968 10.0000 249.0048 0.3642 0.1934 -0.4978 0.0000 0.0000 1.3165 0.0861 
12.2288 8.0000 258.5040 0.3517 0.1821 -0.4955 0.0000 0.0000 1.2266 0.0861 
12.5104 10.0000 261.1936 0.3332 0.1808 -0.4866 0.0000 0.0000 1.1439 0.0861 
12.0632 10.0000 245.8464 0.3566 0.1885 -0.5080 0.0000 0.0000 1.1872 0.0861 
12.3184 10.0000 256.1232 0.3417 0.1828 -0.4892 0.0000 0.0000 0.9689 0.0692 
12.2864 10.0000 258.5424 0.3674 0.1901 -0.5124 0.0000 0.0000 0.2216 0.0692 
12.7104 10.0000 274.1152 0.3332 0.1751 -0.4895 0.0000 0.0000 0.3067 0.0695 
12.1200 10.0000 251.3784 0.3568 0.1920 -0.4767 0.0000 0.0000 0.2217 0.0695 
12.3472 3.0000 257.4016 0.3602 0.1987 -0.4877 0.0000 0.0000 0.6602 0.0496 
12.1216 6.0000 246.6672 0.3540 0.1932 -0.4838 0.0000 0.0000 0.8574 0.0638 
11.9112 10.0000 241.1520 0.3715 0.2014 -0.4863 0.0000 0.0000 0.7843 0.0638 
12.3176 8.0000 258.4984 0.3608 0.1878 -0.5078 0.0000 0.0000 0.7811 0.0638 
12.1112 10.0000 251.2376 0.3394 0.1857 -0.4477 0.0000 0.0000 0.5682 0.0638 
12.2504 10.0000 254.2080 0.3552 0.1898 -0.5010 0.0000 0.0000 1.0012 0.0431 
12.2480 10.0000 247.5528 0.3396 0.1847 -0.4880 0.0000 0.0000 0.9246 0.0431 
12.1112 10.0000 256.3840 0.3673 0.1867 -0.5098 0.0000 0.0000 0.8464 0.0431 
12.3544 10.0000 257.6768 0.3537 0.1811 -0.5241 0.0000 0.0000 0.8114 0.0431 
12.1544 10.0000 245.6328 0.3469 0.1867 -0.5006 0.0000 0.0000 0.3051 0.0638 
12.9856 10.0000 280.9752 0.3544 0.1895 -0.5253 0.0000 0.0000 0.3515 0.0722 
12.5536 9.0000 266.1472 0.3501 0.1925 -0.4772 0.0000 0.0000 0.3502 0.0740 
12.6856 9.0000 269.0296 0.3558 0.1887 -0.5226 0.0000 0.0000 0.4847 0.0740 
12.0016 10.0000 242.4960 0.3472 0.1903 -0.4697 0.0000 0.0000 0.6611 0.0715 
12.4800 10.0000 260.5120 0.3278 0.1780 -0.4746 0.0000 0.0000 0.6140 0.0740 
12.4408 10.0000 260.1912 0.3428 0.1839 -0.4959 0.0000 0.0000 0.6980 0.0721 
12.0720 10.0000 253.9400 0.3648 0.1925 -0.4839 0.0000 0.0000 0.5250 0.0715 
12.0912 10.0000 248.3800 0.3531 0.1870 -0.4961 0.0000 0.0000 0.3961 0.0797 
12.1816 10.0000 251.5856 0.3625 0.1908 -0.5143 0.0000 0.0000 0.4855 0.0783 
12.3240 10.0000 259.6112 0.3471 0.1826 -0.4881 0.0000 0.0000 0.4850 0.0944 
12.5360 11.0000 262.6744 0.3351 0.1940 -0.4320 0.0000 0.0000 0.4847 0.0783 
12.1944 8.0000 242.7016 0.3471 0.1974 -0.4791 0.0000 0.0000 0.3504 0.0621 
12.3800 10.0000 257.8304 0.3469 0.1887 -0.4780 0.0000 0.0000 0.3455 0.0898 
12.1632 7.0000 251.2312 0.3572 0.1874 -0.5000 0.0000 0.0000 0.3954 0.0737 
12.2296 6.0000 254.2504 0.3550 0.1894 -0.4924 0.0000 0.0000 0.7451 0.0747 
12.2488 10.0000 253.2360 0.3331 0.1777 -0.4807 0.0000 0.0000 0.7053 0.0650 
11.9184 10.0000 243.8336 0.3581 0.1901 -0.4815 0.0000 0.0000 0.6154 0.0762 
12.4168 10.0000 259.6048 0.3592 0.1932 -0.5083 0.0000 0.0000 0.3500 0.0889 
12.0960 10.0000 249.7920 0.3519 0.1940 -0.4616 0.0000 0.0000 0.3482 0.0778 
12.2992 4.0000 253.9552 0.3584 0.1967 -0.4842 0.0000 0.0000 0.3939 0.0778 
12.3488 10.0000 258.6160 0.3526 0.1875 -0.5031 0.0000 0.0000 0.3934 0.0886 
12.3728 4.0000 254.6464 0.3525 0.1868 -0.5187 0.0000 0.0000 0.3468 0.0886 
12.4032 10.0000 260.5280 0.3649 0.1952 -0.5108 0.0000 0.0000 0.3513 0.0833 
12.1712 10.0000 251.6352 0.3585 0.1909 -0.4984 0.0000 0.0000 0.2214 0.0778 
12.5640 10.0000 259.9360 0.3452 0.1861 -0.5123 0.0000 0.0000 0.3094 0.0767 
12.1456 10.0000 249.5328 0.3420 0.1825 -0.4795 0.0000 0.0000 0.2619 0.0724 
12.0592 10.0000 244.7800 0.3530 0.1917 -0.4873 0.0000 0.0000 0.3456 0.0724 
12.1104 10.0000 246.0280 0.3684 0.2035 -0.4916 0.0000 0.0000 0.3498 0.0744 
12.1864 10.0000 246.1680 0.3528 0.1960 -0.4743 0.0000 0.0000 0.3502 0.0765 
12.2456 10.0000 254.7672 0.3727 0.1941 -0.5237 0.0000 0.0000 0.5314 0.0565 
12.1560 10.0000 250.6096 0.3596 0.1923 -0.4860 0.0000 0.0000 0.7950 0.0590 
12.5848 9.0000 263.1112 0.3509 0.1898 -0.5084 0.0000 0.0000 0.8777 0.0609 
12.2200 10.0000 253.7424 0.3674 0.1950 -0.4984 0.0000 0.0000 0.6579 0.0590 
12.1688 10.0000 256.5120 0.3624 0.1840 -0.5103 0.0000 0.0000 0.4364 0.0590 
12.3016 10.0000 260.6936 0.3571 0.1836 -0.5010 0.0000 0.0000 0.3072 0.0590 
12.6712 8.0000 276.0312 0.3605 0.1862 -0.5195 0.0000 0.0000 0.3505 0.0613 
12.5040 10.0000 262.3600 0.3461 0.1873 -0.4978 0.0000 0.0000 0.2838 0.0732 
12.0672 10.0000 251.5568 0.3570 0.1879 -0.4882 0.0000 0.0000 0.9119 0.0613 
12.2712 6.0000 257.1968 0.3565 0.1875 -0.5010 0.0000 0.0000 0.2631 0.0942 
12.1960 6.0000 248.2080 0.3526 0.1903 -0.4920 0.0000 0.0000 0.3483 0.0755 
12.6544 10.0000 264.0648 0.3428 0.1887 -0.5025 0.0000 0.0000 0.3509 0.0545 
12.5320 10.0000 267.3224 0.3567 0.1886 -0.4944 0.0000 0.0000 0.3488 0.0545 
12.1776 10.0000 252.6632 0.3558 0.1846 -0.4987 0.0000 0.0000 0.8316 0.0770 
12.5960 6.0000 265.1864 0.3512 0.1900 -0.5043 0.0000 0.0000 0.6960 0.0770 
12.0368 10.0000 243.2328 0.3482 0.1856 -0.4862 0.0000 0.0000 0.6166 0.0770 
12.4432 9.0000 260.3520 0.3409 0.1793 -0.5089 0.0000 0.0000 0.6076 0.0770 
12.4896 10.0000 262.0592 0.3565 0.1880 -0.5204 0.0000 0.0000 0.2203 0.0755 
12.4992 10.0000 262.2920 0.3448 0.1846 -0.5051 0.0000 0.0000 0.3092 0.0770 
12.0360 10.0000 246.4144 0.3508 0.1857 -0.4901 0.0000 0.0000 0.4825 0.0770 
12.4672 10.0000 266.6688 0.3545 0.1889 -0.4887 0.0000 0.0000 0.5244 0.0770 
12.1640 10.0000 251.6120 0.3476 0.1838 -0.4887 0.0000 0.0000 0.5286 0.0770 
12.2632 8.0000 253.1512 0.3475 0.1886 -0.4922 0.0000 0.0000 0.3973 0.0770 
12.2720 10.0000 252.0032 0.3481 0.1912 -0.4723 0.0000 0.0000 0.6588 0.0770 
12.2504 10.0000 253.0312 0.3523 0.1913 -0.4763 0.0000 0.0000 0.6188 0.0770 
