12.3794 10.0000 259.0089 0.3114 0.1576 -0.4959 0.0000 0.0000 2038.3053 0.0655 
12.3787 6.0000 258.6104 0.3128 0.1585 -0.4955 0.0000 0.0000 2333.9644 0.0663 
12.3344 10.0000 256.5763 0.3114 0.1566 -0.4993 0.0000 0.0000 2456.7092 0.0673 
12.3949 10.0000 257.6901 0.3073 0.1563 -0.4941 0.0000 0.0000 2206.6275 0.0620 
12.3973 10.0000 259.1167 0.3088 0.1557 -0.4955 0.0000 0.0000 2454.6445 0.0673 
12.3395 10.0000 257.2819 0.3126 0.1575 -0.4963 0.0000 0.0000 2136.9033 0.0694 
12.3449 10.0000 257.1440 0.3114 0.1575 -0.4950 0.0000 0.0000 2230.8927 0.0670 
12.3787 10.0000 258.5284 0.3117 0.1574 -0.4975 0.0000 0.0000 2354.3715 0.0663 
12.4537 10.0000 259.6462 0.3046 0.1550 -0.4938 0.0000 0.0000 2269.4077 0.0602 
12.3457 6.0000 256.4154 0.3068 0.1572 -0.4861 0.0000 0.0000 2185.7451 0.0647 
12.3226 9.0000 256.7799 0.3111 0.1567 -0.4960 0.0000 0.0000 2244.5697 0.0653 
12.4384 10.0000 258.7880 0.3026 0.1545 -0.4912 0.0000 0.0000 2284.5844 0.0588 
12.3874 10.0000 258.4983 0.3085 0.1556 -0.4957 0.0000 0.0000 2255.1992 0.0625 
12.4418 9.0000 259.9392 0.3075 0.1563 -0.4943 0.0000 0.0000 2099.6924 0.0618 
12.3938 10.0000 258.7843 0.3064 0.1555 -0.4904 0.0000 0.0000 2260.6819 0.0625 
12.3999 8.0000 257.8988 0.3084 0.1565 -0.4958 0.0000 0.0000 2213.3917 0.0625 
12.4436 10.0000 259.3792 0.3055 0.1554 -0.4931 0.0000 0.0000 2260.4555 0.0604 
12.4164 10.0000 259.5631 0.3072 0.1555 -0.4944 0.0000 0.0000 2310.5238 0.0612 
12.3959 9.0000 257.7265 0.3056 0.1554 -0.4928 0.0000 0.0000 2202.8839 0.0624 
12.3181 10.0000 255.5255 0.3103 0.1580 -0.4927 0.0000 0.0000 2268.1688 0.0654 
12.3800 6.0000 258.3954 0.3115 0.1584 -0.4943 0.0000 0.0000 2439.5237 0.0643 
12.3648 8.0000 256.7915 0.3045 0.1562 -0.4840 0.0000 0.0000 2273.2554 0.0631 
12.3954 10.0000 257.2110 0.3069 0.1572 -0.4928 0.0000 0.0000 2297.9334 0.0600 
12.4644 6.0000 260.2028 0.3029 0.1542 -0.4913 0.0000 0.0000 2256.7988 0.0600 
12.3737 7.0000 257.3688 0.3045 0.1552 -0.4872 0.0000 0.0000 1879.1744 0.0636 
12.3467 10.0000 258.2860 0.3109 0.1562 -0.4941 0.0000 0.0000 2539.2430 0.0663 
12.4100 10.0000 258.9040 0.3052 0.1557 -0.4890 0.0000 0.0000 2340.2962 0.0617 
12.3029 10.0000 255.0299 0.3051 0.1557 -0.4856 0.0000 0.0000 2337.4421 0.0634 
12.3668 10.0000 256.5991 0.3070 0.1558 -0.4949 0.0000 0.0000 2277.7082 0.0617 
12.3701 9.0000 258.6600 0.3120 0.1577 -0.4957 0.0000 0.0000 2490.7520 0.0683 
12.3751 10.0000 258.3593 0.3074 0.1563 -0.4887 0.0000 0.0000 2351.8371 0.0645 
12.4836 10.0000 261.2629 0.3064 0.1557 -0.4956 0.0000 0.0000 2231.6740 0.0600 
12.3667 10.0000 257.2706 0.3088 0.1563 -0.4958 0.0000 0.0000 2256.3024 0.0637 
12.3902 10.0000 258.7292 0.3098 0.1572 -0.4930 0.0000 0.0000 2506.6675 0.0650 
12.4123 10.0000 259.7754 0.3094 0.1561 -0.4969 0.0000 0.0000 2497.9074 0.0636 
12.4390 10.0000 260.8490 0.3080 0.1561 -0.4923 0.0000 0.0000 2375.3593 0.0624 
12.3953 10.0000 258.2661 0.3058 0.1557 -0.4905 0.0000 0.0000 1675.4283 0.0619 
12.4015 10.0000 258.4191 0.3068 0.1562 -0.4919 0.0000 0.0000 2348.9513 0.0625 
12.3911 10.0000 258.4975 0.3082 0.1551 -0.4986 0.0000 0.0000 2324.2391 0.0625 
12.4435 10.0000 259.6238 0.3058 0.1561 -0.4923 0.0000 0.0000 2466.7293 0.0607 
12.3895 10.0000 258.1455 0.3071 0.1565 -0.4905 0.0000 0.0000 2330.3650 0.0638 
12.4795 10.0000 261.2799 0.3054 0.1557 -0.4931 0.0000 0.0000 2482.9804 0.0601 
12.4211 10.0000 259.4451 0.3068 0.1561 -0.4925 0.0000 0.0000 2375.2645 0.0615 
12.3812 10.0000 258.3327 0.3067 0.1563 -0.4887 0.0000 0.0000 2261.0402 0.0623 
12.4003 10.0000 257.8229 0.3055 0.1557 -0.4907 0.0000 0.0000 1818.0053 0.0624 
12.4036 10.0000 258.4807 0.3088 0.1569 -0.4949 0.0000 0.0000 2433.9288 0.0609 
12.4604 10.0000 260.6599 0.3044 0.1546 -0.4919 0.0000 0.0000 2276.0206 0.0591 
12.3846 10.0000 258.3977 0.3085 0.1574 -0.4905 0.0000 0.0000 2700.7336 0.0662 
12.3979 7.0000 258.2069 0.3075 0.1572 -0.4919 0.0000 0.0000 2344.9471 0.0638 
12.3641 10.0000 257.4488 0.3042 0.1542 -0.4889 0.0000 0.0000 2331.7148 0.0630 
12.4475 10.0000 260.5029 0.3068 0.1555 -0.4926 0.0000 0.0000 1975.6018 0.0650 
12.3058 10.0000 254.1974 0.3059 0.1563 -0.4879 0.0000 0.0000 2299.3100 0.0625 
12.3690 7.0000 257.4435 0.3064 0.1560 -0.4908 0.0000 0.0000 2369.5364 0.0619 
12.4198 9.0000 259.9888 0.3078 0.1565 -0.4932 0.0000 0.0000 2359.0206 0.0619 
12.3939 10.0000 258.2529 0.3060 0.1557 -0.4913 0.0000 0.0000 2327.5736 0.0621 
12.3673 10.0000 256.7202 0.3060 0.1556 -0.4922 0.0000 0.0000 2268.0295 0.0630 
12.3757 10.0000 257.4134 0.3072 0.1565 -0.4916 0.0000 0.0000 2259.3990 0.0632 
12.3640 10.0000 257.3342 0.3079 0.1561 -0.4929 0.0000 0.0000 2427.7061 0.0643 
12.3980 10.0000 256.9047 0.3043 0.1559 -0.4903 0.0000 0.0000 2177.2414 0.0595 
12.3528 10.0000 256.7526 0.3046 0.1553 -0.4869 0.0000 0.0000 2355.7449 0.0631 
12.4655 10.0000 260.1100 0.3078 0.1567 -0.4976 0.0000 0.0000 2301.1294 0.0602 
12.3909 10.0000 258.6937 0.3065 0.1554 -0.4909 0.0000 0.0000 2310.5255 0.0619 
12.3787 10.0000 258.1739 0.3069 0.1555 -0.4925 0.0000 0.0000 2148.6169 0.0621 
12.3342 9.0000 256.1023 0.3080 0.1572 -0.4886 0.0000 0.0000 2362.4808 0.0640 
12.3590 6.0000 257.7820 0.3055 0.1560 -0.4833 0.0000 0.0000 2346.3478 0.0636 
12.3767 10.0000 257.5100 0.3109 0.1577 -0.4977 0.0000 0.0000 2435.2829 0.0659 
12.4286 5.0000 259.5835 0.3049 0.1549 -0.4911 0.0000 0.0000 2286.2277 0.0605 
12.3811 8.0000 258.1484 0.3085 0.1566 -0.4940 0.0000 0.0000 2334.2750 0.0628 
12.3573 9.0000 257.1446 0.3066 0.1552 -0.4915 0.0000 0.0000 2335.9903 0.0636 
12.4022 10.0000 258.0482 0.3043 0.1558 -0.4882 0.0000 0.0000 2388.2431 0.0595 
12.3775 10.0000 257.4627 0.3060 0.1548 -0.4926 0.0000 0.0000 2377.7782 0.0600 
12.3927 10.0000 257.9968 0.3037 0.1546 -0.4878 0.0000 0.0000 2334.6452 0.0600 
12.3361 10.0000 255.6697 0.3075 0.1569 -0.4897 0.0000 0.0000 2589.4238 0.0653 
12.4140 10.0000 259.6375 0.3094 0.1569 -0.4941 0.0000 0.0000 2395.3931 0.0645 
12.3706 10.0000 257.7158 0.3089 0.1564 -0.4939 0.0000 0.0000 2215.3108 0.0650 
12.3901 10.0000 259.0582 0.3073 0.1563 -0.4900 0.0000 0.0000 2510.0852 0.0620 
12.4010 10.0000 259.3677 0.3088 0.1559 -0.4943 0.0000 0.0000 2420.1889 0.0640 
12.3653 8.0000 256.9024 0.3053 0.1548 -0.4907 0.0000 0.0000 1970.8623 0.0596 
12.2918 10.0000 254.4581 0.3067 0.1559 -0.4878 0.0000 0.0000 2505.3200 0.0662 
12.4459 10.0000 260.1054 0.3079 0.1561 -0.4964 0.0000 0.0000 2243.2465 0.0598 
12.3350 10.0000 256.0903 0.3085 0.1566 -0.4915 0.0000 0.0000 2387.9370 0.0650 
12.4103 10.0000 258.0806 0.3064 0.1548 -0.4977 0.0000 0.0000 2289.2954 0.0613 
12.3411 10.0000 256.0969 0.3058 0.1561 -0.4870 0.0000 0.0000 2061.8777 0.0633 
12.4642 9.0000 260.7034 0.3084 0.1569 -0.4955 0.0000 0.0000 2156.7583 0.0617 
12.4129 10.0000 258.9417 0.3047 0.1546 -0.4920 0.0000 0.0000 2274.9842 0.0592 
12.3439 10.0000 257.3760 0.3114 0.1566 -0.4968 0.0000 0.0000 2531.0427 0.0657 
12.3731 10.0000 258.9794 0.3111 0.1562 -0.4968 0.0000 0.0000 2504.6714 0.0654 
12.3933 9.0000 259.1525 0.3118 0.1574 -0.4982 0.0000 0.0000 2562.7079 0.0670 
12.3886 4.0000 259.0952 0.3120 0.1572 -0.4979 0.0000 0.0000 2361.3834 0.0656 
12.4218 6.0000 259.2215 0.3053 0.1549 -0.4938 0.0000 0.0000 2190.4658 0.0625 
12.3454 8.0000 256.3677 0.3064 0.1553 -0.4904 0.0000 0.0000 2172.2358 0.0633 
12.3417 10.0000 257.2395 0.3094 0.1572 -0.4892 0.0000 0.0000 2312.9128 0.0665 
12.3964 10.0000 258.7090 0.3074 0.1563 -0.4919 0.0000 0.0000 2218.4830 0.0632 
12.3504 9.0000 256.7884 0.3071 0.1556 -0.4920 0.0000 0.0000 2092.1403 0.0642 
12.3568 10.0000 257.3077 0.3087 0.1562 -0.4943 0.0000 0.0000 2081.4795 0.0628 
12.3804 10.0000 258.2623 0.3074 0.1562 -0.4905 0.0000 0.0000 2039.9365 0.0631 
12.4361 10.0000 258.7428 0.3032 0.1548 -0.4915 0.0000 0.0000 1700.5356 0.0580 
12.4090 9.0000 259.8621 0.3089 0.1558 -0.4964 0.0000 0.0000 1598.5540 0.0640 
12.4203 10.0000 259.7577 0.3099 0.1566 -0.4977 0.0000 0.0000 1569.8153 0.0645 
12.4199 9.0000 259.8973 0.3106 0.1570 -0.4977 0.0000 0.0000 1528.1128 0.0646 
