12.3368 10.0000 258.2498 0.4037 0.2306 -0.4727 4.4330 8.0000 18.6229 0.0741 
12.4836 6.0000 264.6486 0.3977 0.2286 -0.4716 4.3923 8.0000 20.0784 0.0645 
12.4412 10.0000 264.0362 0.4084 0.2301 -0.4855 4.4138 8.0000 20.6417 0.0614 
12.3582 10.0000 261.3066 0.3989 0.2206 -0.4920 4.3765 8.0000 20.5990 0.0756 
12.2214 10.0000 258.5580 0.4078 0.2234 -0.4875 4.4168 9.0000 20.5544 0.0756 
12.4422 10.0000 259.8338 0.3998 0.2285 -0.4857 4.4115 9.0000 18.7523 0.0756 
12.4070 10.0000 259.5158 0.4040 0.2299 -0.4855 4.4270 8.0000 19.6314 0.0662 
12.1788 10.0000 254.7274 0.3985 0.2265 -0.4648 4.4376 9.0000 20.5139 0.0614 
12.4390 10.0000 258.6032 0.3944 0.2290 -0.4748 4.4212 8.0000 20.1136 0.0662 
12.2198 10.0000 255.9058 0.4020 0.2284 -0.4669 4.4199 9.0000 19.8591 0.0695 
12.1984 10.0000 254.5478 0.3923 0.2224 -0.4654 4.4136 10.0000 19.5046 0.0724 
12.3396 8.0000 260.1222 0.4050 0.2289 -0.4813 4.4004 8.0000 3.3812 0.0760 
12.2686 6.0000 254.7764 0.4068 0.2275 -0.4984 4.4062 8.0000 2.1997 0.0689 
12.2596 10.0000 257.1612 0.4099 0.2314 -0.4829 4.4404 9.0000 3.0331 0.0619 
12.4354 10.0000 260.5116 0.4001 0.2270 -0.4917 4.4067 9.0000 4.2180 0.0631 
12.2294 10.0000 255.0944 0.4084 0.2302 -0.4882 4.4389 8.0000 4.9998 0.0809 
12.3240 8.0000 260.0862 0.4077 0.2298 -0.4814 4.4474 9.0000 7.6341 0.0702 
12.3136 10.0000 258.5184 0.4005 0.2237 -0.4914 4.4047 9.0000 10.9777 0.0607 
12.3830 6.0000 256.7420 0.3907 0.2244 -0.4736 4.4010 9.0000 10.6742 0.0607 
12.3308 9.0000 257.3140 0.3951 0.2239 -0.4812 4.3995 8.0000 9.0093 0.0607 
12.0522 9.0000 248.0062 0.4029 0.2264 -0.4764 4.4504 10.0000 8.8362 0.0664 
12.4102 10.0000 260.6864 0.3961 0.2265 -0.4735 4.3966 8.0000 5.0993 0.0684 
12.1650 10.0000 254.4350 0.4073 0.2269 -0.4851 4.4278 9.0000 2.3278 0.0727 
12.3350 10.0000 260.1778 0.4055 0.2283 -0.4828 4.4151 9.0000 3.3861 0.0737 
12.5938 10.0000 267.3324 0.4050 0.2328 -0.4838 4.4128 8.0000 2.1994 0.0778 
12.3966 10.0000 260.3386 0.3939 0.2231 -0.4812 4.3860 8.0000 3.0322 0.0676 
12.3002 10.0000 256.8356 0.4061 0.2294 -0.4850 4.4286 8.0000 3.1638 0.0643 
12.4600 10.0000 265.9850 0.3973 0.2229 -0.4863 4.3748 9.0000 2.9483 0.0676 
12.4264 4.0000 262.9338 0.3996 0.2268 -0.4802 4.4132 9.0000 8.6625 0.0741 
12.1930 9.0000 252.1840 0.4076 0.2306 -0.4858 4.4529 9.0000 8.8793 0.0670 
12.3464 10.0000 257.5622 0.3945 0.2273 -0.4634 4.4181 10.0000 7.1656 0.0650 
12.2638 10.0000 256.9138 0.3989 0.2225 -0.4826 4.3950 9.0000 6.1064 0.0741 
12.3610 10.0000 260.5420 0.3987 0.2280 -0.4643 4.4176 9.0000 5.3656 0.0650 
12.1380 10.0000 252.4474 0.4070 0.2288 -0.4763 4.4423 8.0000 3.3864 0.0667 
12.2712 10.0000 257.3786 0.4102 0.2249 -0.5111 4.4211 9.0000 2.3302 0.0676 
12.2636 7.0000 254.3248 0.4017 0.2284 -0.4815 4.4341 9.0000 3.3376 0.0585 
12.4354 10.0000 262.2460 0.3993 0.2255 -0.4914 4.4083 9.0000 3.0360 0.0676 
12.3204 10.0000 255.8144 0.4029 0.2325 -0.4735 4.4388 9.0000 3.2101 0.0673 
12.4398 7.0000 261.0986 0.3996 0.2253 -0.4924 4.3882 8.0000 3.1649 0.0740 
12.1430 10.0000 253.1844 0.4040 0.2263 -0.4761 4.4366 8.0000 3.8694 0.0809 
12.3482 10.0000 260.6750 0.4041 0.2277 -0.4853 4.4208 8.0000 3.1647 0.0654 
12.2116 10.0000 255.1714 0.4041 0.2255 -0.4846 4.4132 9.0000 3.9478 0.0650 
12.4184 10.0000 258.9436 0.4019 0.2290 -0.4956 4.4175 10.0000 3.2505 0.0792 
12.3386 10.0000 256.6194 0.3965 0.2246 -0.4824 4.4035 9.0000 3.1227 0.0792 
12.3854 10.0000 260.2732 0.4030 0.2307 -0.4772 4.4461 8.0000 3.2458 0.0614 
12.2532 10.0000 256.8894 0.3989 0.2263 -0.4659 4.4183 9.0000 3.2550 0.0614 
12.4990 10.0000 262.7612 0.3959 0.2243 -0.4920 4.3833 9.0000 2.2312 0.0600 
12.2624 9.0000 254.9732 0.4035 0.2270 -0.4906 4.4277 8.0000 3.3385 0.0722 
12.3946 10.0000 262.4656 0.4023 0.2280 -0.4743 4.4143 9.0000 3.2087 0.0641 
12.1644 10.0000 254.0552 0.4044 0.2224 -0.4897 4.4000 8.0000 3.4217 0.0710 
12.4044 10.0000 261.6342 0.3985 0.2266 -0.4780 4.4030 8.0000 3.1651 0.0570 
12.4000 10.0000 258.8226 0.3964 0.2282 -0.4810 4.4236 9.0000 2.3248 0.0736 
12.2194 6.0000 254.1548 0.4165 0.2314 -0.5033 4.4429 9.0000 3.5145 0.0695 
12.3504 9.0000 261.0040 0.4140 0.2293 -0.5034 4.4259 10.0000 5.4923 0.0706 
12.3236 10.0000 260.3214 0.4035 0.2239 -0.4952 4.4007 9.0000 5.0090 0.0706 
12.1948 10.0000 250.5278 0.3956 0.2272 -0.4761 4.4402 8.0000 6.1938 0.0560 
12.3474 10.0000 258.5234 0.3994 0.2245 -0.4879 4.3909 9.0000 4.7938 0.0825 
12.4600 9.0000 262.6912 0.4007 0.2264 -0.4878 4.3885 9.0000 3.3402 0.0640 
12.1588 10.0000 254.1524 0.4032 0.2225 -0.4859 4.4226 8.0000 2.2861 0.0737 
12.1060 9.0000 251.8070 0.4124 0.2279 -0.4921 4.4426 9.0000 3.5597 0.0649 
12.2062 9.0000 254.0916 0.4006 0.2256 -0.4792 4.4094 9.0000 3.4727 0.0652 
12.3774 10.0000 262.0178 0.4085 0.2291 -0.4865 4.4199 9.0000 3.3413 0.0711 
12.6250 5.0000 270.1810 0.4012 0.2257 -0.4989 4.3839 9.0000 3.1224 0.0665 
12.2982 10.0000 259.4762 0.4042 0.2250 -0.4912 4.4000 8.0000 3.2976 0.0644 
12.2438 10.0000 255.1712 0.4006 0.2253 -0.4846 4.4216 9.0000 3.3866 0.0690 
12.4874 10.0000 262.9896 0.3967 0.2254 -0.4866 4.3927 8.0000 5.2739 0.0575 
12.4510 10.0000 260.8708 0.3926 0.2235 -0.4826 4.3788 9.0000 5.1398 0.0575 
12.2348 9.0000 254.7712 0.4089 0.2264 -0.5007 4.4205 8.0000 3.3392 0.0725 
12.3750 3.0000 255.6636 0.3986 0.2297 -0.4837 4.4268 8.0000 2.2443 0.0611 
12.5282 10.0000 265.7560 0.4055 0.2293 -0.4965 4.4088 8.0000 3.4775 0.0644 
12.4720 9.0000 263.6018 0.3981 0.2280 -0.4813 4.4096 8.0000 3.3872 0.0637 
12.3972 10.0000 261.2656 0.4081 0.2319 -0.4840 4.4295 9.0000 2.3748 0.0607 
12.3960 7.0000 261.9718 0.4090 0.2321 -0.4852 4.4259 8.0000 3.2136 0.0614 
12.4656 10.0000 264.8124 0.4005 0.2287 -0.4733 4.4058 8.0000 3.5536 0.0712 
12.3840 10.0000 262.4988 0.4046 0.2317 -0.4683 4.4298 9.0000 3.3438 0.0629 
12.4114 5.0000 262.0124 0.3996 0.2257 -0.4826 4.3932 9.0000 3.3402 0.0650 
12.4936 9.0000 264.3900 0.4020 0.2269 -0.4942 4.3902 8.0000 3.3437 0.0640 
12.2400 6.0000 253.8530 0.4069 0.2290 -0.4891 4.4370 9.0000 5.7178 0.0666 
12.4592 5.0000 260.5084 0.3992 0.2284 -0.4911 4.4131 9.0000 5.5852 0.0666 
12.4880 10.0000 264.5046 0.4053 0.2277 -0.4928 4.4009 9.0000 3.2978 0.0666 
12.3332 10.0000 258.3930 0.4065 0.2266 -0.5067 4.4088 9.0000 2.2894 0.0641 
12.3910 10.0000 260.8320 0.4059 0.2255 -0.5052 4.3997 9.0000 3.4297 0.0684 
12.2262 10.0000 251.3408 0.3938 0.2237 -0.4871 4.4261 8.0000 3.3837 0.0745 
12.3558 10.0000 255.8384 0.4055 0.2298 -0.4973 4.4267 8.0000 3.8608 0.0684 
12.3304 10.0000 259.2686 0.4053 0.2297 -0.4813 4.4154 9.0000 3.4331 0.0716 
12.2980 9.0000 256.2812 0.4057 0.2279 -0.4982 4.4282 8.0000 3.6084 0.0672 
12.2740 8.0000 255.6556 0.4033 0.2269 -0.4896 4.4329 8.0000 3.2543 0.0705 
12.2366 9.0000 254.4646 0.3980 0.2239 -0.4864 4.4196 9.0000 2.3336 0.0684 
12.3710 10.0000 258.8844 0.3980 0.2260 -0.4830 4.4052 9.0000 3.5218 0.0744 
12.3240 10.0000 258.4048 0.4040 0.2279 -0.4861 4.4315 8.0000 5.7160 0.0744 
12.3564 10.0000 257.0384 0.3987 0.2339 -0.4627 4.4595 9.0000 5.3618 0.0744 
12.3064 10.0000 257.9276 0.4044 0.2277 -0.4942 4.4124 8.0000 3.5170 0.0602 
12.3646 10.0000 262.2642 0.4153 0.2297 -0.5054 4.4136 9.0000 3.7323 0.0744 
12.6376 9.0000 269.1852 0.4014 0.2274 -0.4995 4.3795 8.0000 3.5218 0.0744 
12.1710 10.0000 251.9618 0.4097 0.2290 -0.4907 4.4482 9.0000 2.3754 0.0744 
12.3716 10.0000 258.5336 0.3973 0.2248 -0.4859 4.3962 8.0000 5.4981 0.0744 
12.3448 9.0000 261.5134 0.4107 0.2264 -0.5030 4.3907 8.0000 5.3670 0.0744 
12.3374 10.0000 257.1596 0.4087 0.2295 -0.5002 4.4511 9.0000 3.4659 0.0744 
12.3146 10.0000 257.5148 0.4087 0.2325 -0.4849 4.4467 9.0000 3.6525 0.0744 
12.2644 10.0000 255.4686 0.4012 0.2277 -0.4769 4.4327 9.0000 3.5595 0.0744 
