12.3075 9.0000 256.3444 0.0000 0.1480 -0.4906 0.0000 0.0000 119.9833 0.0643 
12.3839 5.0000 259.6607 0.0000 0.1472 -0.4918 0.0000 0.0000 117.7361 0.0727 
12.3890 10.0000 258.6558 0.0000 0.1445 -0.4833 0.0000 0.0000 110.5805 0.0588 
12.2702 7.0000 255.2370 0.0000 0.1469 -0.4782 0.0000 0.0000 123.3898 0.0588 
12.4103 10.0000 259.2877 0.0000 0.1440 -0.4905 0.0000 0.0000 114.6075 0.0588 
12.3307 10.0000 257.2689 0.0000 0.1465 -0.4891 0.0000 0.0000 112.3988 0.0727 
12.3828 10.0000 259.9453 0.0000 0.1466 -0.4845 0.0000 0.0000 122.6451 0.0727 
12.3609 10.0000 257.3182 0.0000 0.1440 -0.4804 0.0000 0.0000 119.0634 0.0588 
12.3792 9.0000 260.2446 0.0000 0.1452 -0.4911 0.0000 0.0000 111.2956 0.0588 
12.4017 10.0000 259.1790 0.0000 0.1467 -0.4889 0.0000 0.0000 118.2508 0.0588 
12.4886 10.0000 261.6212 0.0000 0.1451 -0.4870 0.0000 0.0000 120.9049 0.0643 
12.4543 10.0000 260.4598 0.0000 0.1462 -0.4939 0.0000 0.0000 33.3795 0.0664 
12.4065 10.0000 258.7311 0.0000 0.1498 -0.4886 0.0000 0.0000 58.0584 0.0664 
12.4418 10.0000 261.5528 0.0000 0.1468 -0.4932 0.0000 0.0000 44.6395 0.0649 
12.4193 10.0000 258.8243 0.0000 0.1450 -0.4943 0.0000 0.0000 93.5105 0.0649 
12.3029 4.0000 253.4850 0.0000 0.1457 -0.4816 0.0000 0.0000 118.3826 0.0687 
12.5249 10.0000 261.3466 0.0000 0.1434 -0.4884 0.0000 0.0000 89.6878 0.0649 
12.4018 10.0000 258.5091 0.0000 0.1454 -0.4861 0.0000 0.0000 111.1350 0.0663 
12.4186 7.0000 257.8698 0.0000 0.1451 -0.4869 0.0000 0.0000 109.6005 0.0649 
12.3460 9.0000 256.4687 0.0000 0.1445 -0.4822 0.0000 0.0000 96.6360 0.0687 
12.4302 10.0000 260.2190 0.0000 0.1462 -0.4976 0.0000 0.0000 94.9146 0.0687 
12.3257 9.0000 255.7872 0.0000 0.1465 -0.4795 0.0000 0.0000 79.6247 0.0649 
12.3618 6.0000 259.4610 0.0000 0.1475 -0.5036 0.0000 0.0000 36.5968 0.0602 
12.3854 9.0000 259.4219 0.0000 0.1496 -0.4904 0.0000 0.0000 36.4055 0.0602 
12.4482 10.0000 261.9082 0.0000 0.1479 -0.4866 0.0000 0.0000 69.2872 0.0647 
12.1948 9.0000 250.7372 0.0000 0.1492 -0.4945 0.0000 0.0000 68.7517 0.0647 
12.3892 7.0000 259.4294 0.0000 0.1486 -0.5012 0.0000 0.0000 78.2577 0.0602 
12.3844 10.0000 255.0855 0.0000 0.1452 -0.4797 0.0000 0.0000 79.7396 0.0647 
12.3119 9.0000 255.0338 0.0000 0.1460 -0.4830 0.0000 0.0000 84.5445 0.0602 
12.4326 10.0000 261.5922 0.0000 0.1474 -0.4912 0.0000 0.0000 86.6384 0.0647 
12.4042 4.0000 261.1449 0.0000 0.1465 -0.4919 0.0000 0.0000 82.8426 0.0665 
12.3486 5.0000 255.6629 0.0000 0.1444 -0.4826 0.0000 0.0000 80.9626 0.0674 
12.4998 10.0000 260.8950 0.0000 0.1453 -0.4958 0.0000 0.0000 72.4608 0.0665 
12.3008 10.0000 255.1310 0.0000 0.1483 -0.4921 0.0000 0.0000 62.1346 0.0628 
12.1452 10.0000 247.7054 0.0000 0.1479 -0.4741 0.0000 0.0000 60.9504 0.0729 
12.3976 10.0000 261.6122 0.0000 0.1466 -0.4952 0.0000 0.0000 44.1367 0.0707 
12.3746 10.0000 259.8480 0.0000 0.1469 -0.4906 0.0000 0.0000 35.9513 0.0628 
12.4158 7.0000 259.1820 0.0000 0.1486 -0.4958 0.0000 0.0000 51.9232 0.0679 
12.3504 10.0000 256.0949 0.0000 0.1488 -0.4900 0.0000 0.0000 59.0019 0.0669 
12.3440 10.0000 255.3947 0.0000 0.1483 -0.4837 0.0000 0.0000 66.5427 0.0669 
12.3077 10.0000 255.8606 0.0000 0.1476 -0.4890 0.0000 0.0000 54.4143 0.0729 
12.4664 10.0000 262.3321 0.0000 0.1453 -0.4970 0.0000 0.0000 34.7586 0.0694 
12.3586 5.0000 256.2960 0.0000 0.1486 -0.4912 0.0000 0.0000 43.1035 0.0669 
12.2925 10.0000 255.5692 0.0000 0.1470 -0.4807 0.0000 0.0000 43.5876 0.0708 
12.3914 10.0000 258.6271 0.0000 0.1462 -0.4882 0.0000 0.0000 27.9752 0.0602 
12.3380 10.0000 258.3865 0.0000 0.1463 -0.5005 0.0000 0.0000 31.6121 0.0744 
12.3379 10.0000 256.2475 0.0000 0.1498 -0.4942 0.0000 0.0000 30.9631 0.0652 
12.2642 10.0000 254.0819 0.0000 0.1477 -0.4869 0.0000 0.0000 15.2619 0.0737 
12.3637 7.0000 257.8857 0.0000 0.1490 -0.4935 0.0000 0.0000 31.2617 0.0755 
12.3381 10.0000 255.3315 0.0000 0.1483 -0.4788 0.0000 0.0000 31.3959 0.0755 
12.3800 10.0000 259.1013 0.0000 0.1486 -0.5003 0.0000 0.0000 30.2159 0.0628 
12.5161 10.0000 264.4964 0.0000 0.1468 -0.4944 0.0000 0.0000 41.9417 0.0676 
12.3949 10.0000 259.6220 0.0000 0.1491 -0.4991 0.0000 0.0000 55.1407 0.0676 
12.3922 10.0000 259.4055 0.0000 0.1484 -0.4958 0.0000 0.0000 36.3291 0.0755 
12.3657 4.0000 258.2639 0.0000 0.1461 -0.4886 0.0000 0.0000 28.3632 0.0682 
12.4274 10.0000 260.1576 0.0000 0.1499 -0.4879 0.0000 0.0000 28.9524 0.0618 
12.2720 10.0000 255.2132 0.0000 0.1484 -0.4919 0.0000 0.0000 15.6059 0.0632 
12.3256 5.0000 256.6072 0.0000 0.1490 -0.4919 0.0000 0.0000 31.1594 0.0727 
12.2214 10.0000 255.4321 0.0000 0.1476 -0.4872 0.0000 0.0000 30.9946 0.0649 
12.3031 10.0000 256.1118 0.0000 0.1491 -0.4854 0.0000 0.0000 53.9735 0.0689 
12.4782 10.0000 260.6957 0.0000 0.1485 -0.4892 0.0000 0.0000 59.1999 0.0658 
12.3178 10.0000 254.1596 0.0000 0.1466 -0.4969 0.0000 0.0000 53.0112 0.0658 
12.3695 8.0000 259.0642 0.0000 0.1475 -0.4913 0.0000 0.0000 31.0812 0.0658 
12.4142 10.0000 259.0433 0.0000 0.1486 -0.4932 0.0000 0.0000 37.3682 0.0619 
12.3613 7.0000 259.6692 0.0000 0.1493 -0.4851 0.0000 0.0000 38.1955 0.0619 
12.3885 10.0000 257.9073 0.0000 0.1461 -0.4858 0.0000 0.0000 30.8111 0.0576 
12.4669 10.0000 260.6614 0.0000 0.1498 -0.4931 0.0000 0.0000 27.6491 0.0645 
12.3170 10.0000 257.1228 0.0000 0.1488 -0.4985 0.0000 0.0000 31.3879 0.0708 
12.4097 6.0000 260.2704 0.0000 0.1476 -0.4958 0.0000 0.0000 29.9825 0.0681 
12.4802 4.0000 262.7530 0.0000 0.1490 -0.4957 0.0000 0.0000 27.3355 0.0681 
12.3463 10.0000 258.0580 0.0000 0.1481 -0.4987 0.0000 0.0000 29.4892 0.0608 
12.3871 8.0000 258.2172 0.0000 0.1469 -0.4983 0.0000 0.0000 36.2587 0.0663 
12.3268 10.0000 256.9029 0.0000 0.1497 -0.4904 0.0000 0.0000 45.4433 0.0679 
12.3527 3.0000 257.0302 0.0000 0.1473 -0.4886 0.0000 0.0000 39.7420 0.0663 
12.2561 10.0000 253.1117 0.0000 0.1468 -0.4906 0.0000 0.0000 43.2330 0.0646 
12.5488 10.0000 264.0022 0.0000 0.1481 -0.4912 0.0000 0.0000 40.4201 0.0646 
12.3794 10.0000 258.5499 0.0000 0.1470 -0.4917 0.0000 0.0000 31.7081 0.0646 
12.3405 10.0000 257.9972 0.0000 0.1463 -0.4871 0.0000 0.0000 30.9934 0.0618 
12.3898 9.0000 258.4640 0.0000 0.1475 -0.4904 0.0000 0.0000 31.8172 0.0618 
12.3490 10.0000 258.1112 0.0000 0.1463 -0.4800 0.0000 0.0000 30.8749 0.0668 
12.5079 10.0000 261.6962 0.0000 0.1469 -0.4897 0.0000 0.0000 35.6929 0.0589 
12.4422 10.0000 261.2188 0.0000 0.1462 -0.4952 0.0000 0.0000 30.7020 0.0701 
12.4718 10.0000 260.8970 0.0000 0.1479 -0.4934 0.0000 0.0000 36.3804 0.0634 
12.2837 10.0000 254.3687 0.0000 0.1494 -0.4868 0.0000 0.0000 37.6967 0.0634 
12.3595 10.0000 256.2098 0.0000 0.1467 -0.4857 0.0000 0.0000 31.3117 0.0676 
12.2739 7.0000 255.4114 0.0000 0.1474 -0.4910 0.0000 0.0000 56.5261 0.0676 
12.3946 10.0000 258.7956 0.0000 0.1503 -0.4960 0.0000 0.0000 59.8920 0.0628 
12.3256 10.0000 256.1929 0.0000 0.1468 -0.4925 0.0000 0.0000 48.6399 0.0628 
12.2881 10.0000 256.6426 0.0000 0.1486 -0.4845 0.0000 0.0000 61.1526 0.0677 
12.2328 10.0000 252.8579 0.0000 0.1476 -0.4816 0.0000 0.0000 58.8207 0.0702 
12.4777 10.0000 261.1507 0.0000 0.1453 -0.4921 0.0000 0.0000 29.1002 0.0677 
12.4109 10.0000 260.9783 0.0000 0.1492 -0.4925 0.0000 0.0000 23.3882 0.0677 
12.3799 10.0000 257.9016 0.0000 0.1485 -0.4946 0.0000 0.0000 25.7052 0.0677 
12.3634 7.0000 257.0240 0.0000 0.1472 -0.4787 0.0000 0.0000 32.0984 0.0677 
12.2775 10.0000 254.1064 0.0000 0.1500 -0.4869 0.0000 0.0000 33.5344 0.0677 
12.3177 10.0000 255.7576 0.0000 0.1501 -0.4841 0.0000 0.0000 54.9990 0.0677 
12.2859 9.0000 253.6726 0.0000 0.1478 -0.4960 0.0000 0.0000 51.9167 0.0677 
12.3609 10.0000 256.7699 0.0000 0.1464 -0.4890 0.0000 0.0000 31.0359 0.0677 
12.2901 10.0000 253.4169 0.0000 0.1512 -0.4897 0.0000 0.0000 34.1576 0.0677 
12.3324 10.0000 255.8610 0.0000 0.1484 -0.4883 0.0000 0.0000 16.3181 0.0677 
