12.4715 10.0000 261.9917 0.3849 0.2081 -0.5163 0.0000 0.0000 10.2133 0.0647 
12.1517 8.0000 249.2917 0.3853 0.2099 -0.4918 0.0000 0.0000 10.9004 0.0675 
12.2707 10.0000 256.2261 0.3771 0.2057 -0.4783 0.0000 0.0000 11.0802 0.0544 
12.4587 5.0000 260.4565 0.3825 0.2084 -0.4995 0.0000 0.0000 10.6909 0.0660 
12.2099 10.0000 252.9763 0.3806 0.2065 -0.4920 0.0000 0.0000 10.4306 0.0648 
12.1507 8.0000 251.0888 0.3907 0.2127 -0.4910 0.0000 0.0000 11.1234 0.0544 
12.5197 10.0000 264.0107 0.3831 0.2115 -0.4933 0.0000 0.0000 11.1199 0.0647 
12.2837 10.0000 256.0181 0.3990 0.2155 -0.5109 0.0000 0.0000 11.1632 0.0620 
12.4787 4.0000 263.6493 0.3786 0.2065 -0.4930 0.0000 0.0000 10.7713 0.0810 
12.4827 6.0000 260.5637 0.3792 0.2054 -0.5064 0.0000 0.0000 9.9408 0.0583 
12.4696 10.0000 261.2344 0.3799 0.2067 -0.4992 0.0000 0.0000 9.9400 0.0613 
12.4067 5.0000 261.6757 0.3807 0.2037 -0.4998 0.0000 0.0000 1.5834 0.0785 
12.1989 7.0000 249.9973 0.3904 0.2087 -0.5179 0.0000 0.0000 1.1449 0.0600 
12.4293 10.0000 261.2861 0.3811 0.2084 -0.4924 0.0000 0.0000 1.6267 0.0636 
12.4229 10.0000 262.7832 0.3725 0.2011 -0.4869 0.0000 0.0000 1.5827 0.0748 
12.5400 8.0000 264.2995 0.3784 0.2079 -0.4918 0.0000 0.0000 1.4979 0.0779 
12.6323 10.0000 269.1805 0.3897 0.2114 -0.5123 0.0000 0.0000 1.7574 0.0796 
12.4317 6.0000 262.1573 0.3799 0.2040 -0.5034 0.0000 0.0000 2.5905 0.0713 
12.2853 8.0000 255.4517 0.3902 0.2119 -0.5020 0.0000 0.0000 4.1364 0.0688 
12.4197 10.0000 260.5000 0.3861 0.2053 -0.5173 0.0000 0.0000 3.7393 0.0606 
12.2792 10.0000 254.4763 0.3680 0.2031 -0.4738 0.0000 0.0000 1.5802 0.0564 
12.4624 10.0000 263.8629 0.3847 0.2087 -0.4985 0.0000 0.0000 1.4966 0.0564 
12.3832 10.0000 262.2568 0.3899 0.2074 -0.5059 0.0000 0.0000 1.3176 0.0553 
12.3123 10.0000 258.8267 0.4022 0.2188 -0.4989 0.0000 0.0000 1.2292 0.0631 
12.3584 10.0000 259.1331 0.3884 0.2098 -0.5001 0.0000 0.0000 1.6287 0.0816 
12.2840 10.0000 257.6635 0.3821 0.2105 -0.4769 0.0000 0.0000 1.6211 0.0612 
12.1269 10.0000 252.3259 0.3868 0.2117 -0.4746 0.0000 0.0000 1.6729 0.0612 
12.3461 10.0000 258.6669 0.3915 0.2125 -0.4993 0.0000 0.0000 1.5864 0.0733 
12.1496 7.0000 252.5027 0.3801 0.2068 -0.4838 0.0000 0.0000 1.5385 0.0759 
12.3128 10.0000 258.6963 0.3974 0.2174 -0.4951 0.0000 0.0000 1.6246 0.0710 
12.5181 3.0000 262.8797 0.3802 0.2121 -0.4787 0.0000 0.0000 1.5387 0.0794 
12.3253 10.0000 255.0280 0.3719 0.2093 -0.4615 0.0000 0.0000 1.9348 0.0726 
12.5539 5.0000 263.9803 0.3812 0.2129 -0.4888 0.0000 0.0000 1.9773 0.0754 
12.4619 10.0000 259.4691 0.3803 0.2141 -0.4907 0.0000 0.0000 1.1851 0.0731 
12.1496 10.0000 251.4107 0.3827 0.2095 -0.4816 0.0000 0.0000 1.6715 0.0610 
12.3179 10.0000 256.8973 0.3857 0.2122 -0.4849 0.0000 0.0000 1.7118 0.0641 
12.3909 10.0000 260.0659 0.3809 0.2088 -0.4912 0.0000 0.0000 1.5857 0.0706 
12.2672 10.0000 256.3683 0.3919 0.2147 -0.4906 0.0000 0.0000 1.8032 0.0617 
12.2968 10.0000 259.6296 0.3791 0.2061 -0.4705 0.0000 0.0000 1.8050 0.0617 
12.1939 10.0000 251.7277 0.3851 0.2117 -0.4871 0.0000 0.0000 1.6281 0.0615 
12.1941 10.0000 253.1299 0.3933 0.2101 -0.5077 0.0000 0.0000 1.6276 0.0734 
12.2795 9.0000 258.3781 0.3986 0.2159 -0.4970 0.0000 0.0000 2.2946 0.0630 
12.3245 10.0000 257.1309 0.3881 0.2061 -0.5224 0.0000 0.0000 1.6293 0.0752 
12.3483 10.0000 257.7301 0.3825 0.2087 -0.4900 0.0000 0.0000 1.6290 0.0607 
12.3875 10.0000 261.4125 0.3759 0.2057 -0.4824 0.0000 0.0000 1.5809 0.0607 
12.5077 10.0000 263.2072 0.3771 0.2055 -0.5003 0.0000 0.0000 1.6274 0.0761 
12.5757 10.0000 266.4851 0.3914 0.2148 -0.5088 0.0000 0.0000 1.6260 0.0676 
12.2731 10.0000 253.2272 0.3921 0.2182 -0.4928 0.0000 0.0000 1.2284 0.0695 
12.3915 8.0000 258.5347 0.3938 0.2158 -0.5001 0.0000 0.0000 1.6725 0.0716 
12.4656 8.0000 260.0608 0.3778 0.2099 -0.4857 0.0000 0.0000 1.5854 0.0829 
12.2923 10.0000 254.2451 0.3780 0.2045 -0.5026 0.0000 0.0000 1.8022 0.0592 
12.5160 10.0000 266.3184 0.3834 0.2061 -0.5094 0.0000 0.0000 1.7600 0.0710 
12.2941 10.0000 256.5517 0.3823 0.2090 -0.4834 0.0000 0.0000 1.6888 0.0666 
12.2544 10.0000 258.1387 0.3980 0.2165 -0.4955 0.0000 0.0000 1.2717 0.0704 
12.4048 10.0000 261.9104 0.3826 0.2068 -0.4941 0.0000 0.0000 1.5419 0.0678 
12.3397 10.0000 261.2187 0.3938 0.2131 -0.4968 0.0000 0.0000 2.0212 0.0688 
12.2504 10.0000 254.2336 0.3867 0.2080 -0.5035 0.0000 0.0000 2.0206 0.0672 
12.3200 10.0000 257.3387 0.3865 0.2124 -0.4901 0.0000 0.0000 1.6696 0.0663 
12.3531 10.0000 259.2739 0.3850 0.2091 -0.4925 0.0000 0.0000 1.6676 0.0826 
12.2496 10.0000 255.9136 0.3953 0.2110 -0.5094 0.0000 0.0000 1.1902 0.0678 
12.2381 10.0000 255.0539 0.3937 0.2117 -0.5068 0.0000 0.0000 1.3121 0.0626 
12.3003 10.0000 257.3059 0.3916 0.2122 -0.5001 0.0000 0.0000 1.6708 0.0589 
12.2120 10.0000 253.5317 0.3851 0.2052 -0.5084 0.0000 0.0000 1.5834 0.0662 
12.4131 8.0000 260.3437 0.3796 0.2122 -0.4741 0.0000 0.0000 1.6693 0.0662 
12.3128 10.0000 257.4720 0.3878 0.2052 -0.5115 0.0000 0.0000 1.6724 0.0718 
12.1605 4.0000 251.6115 0.3865 0.2105 -0.4875 0.0000 0.0000 1.2770 0.0737 
12.4328 10.0000 262.5669 0.3832 0.2066 -0.4923 0.0000 0.0000 3.2072 0.0691 
12.3365 9.0000 255.5595 0.3824 0.2122 -0.4903 0.0000 0.0000 2.5074 0.0589 
12.5056 10.0000 265.3995 0.3899 0.2075 -0.5158 0.0000 0.0000 1.6267 0.0691 
12.3533 10.0000 261.1328 0.3944 0.2117 -0.5037 0.0000 0.0000 1.7617 0.0655 
12.4243 10.0000 258.5837 0.3870 0.2125 -0.5020 0.0000 0.0000 1.6697 0.0738 
12.4491 10.0000 263.3896 0.3962 0.2121 -0.5159 0.0000 0.0000 1.3225 0.0618 
12.3507 10.0000 255.2627 0.3789 0.2105 -0.4892 0.0000 0.0000 1.7575 0.0820 
12.2267 4.0000 251.2963 0.3924 0.2140 -0.5046 0.0000 0.0000 1.7432 0.0730 
12.4269 10.0000 260.4749 0.3848 0.2120 -0.4973 0.0000 0.0000 1.2306 0.0682 
12.3661 10.0000 257.5397 0.3835 0.2074 -0.5063 0.0000 0.0000 1.6281 0.0634 
12.3627 10.0000 255.4917 0.3803 0.2118 -0.4885 0.0000 0.0000 1.7612 0.0653 
12.3728 10.0000 258.6696 0.3788 0.2091 -0.4818 0.0000 0.0000 1.3570 0.0753 
12.2677 10.0000 253.8827 0.3914 0.2131 -0.4984 0.0000 0.0000 2.2394 0.0868 
12.2187 10.0000 253.7941 0.3861 0.2127 -0.4803 0.0000 0.0000 2.1963 0.0615 
12.2003 6.0000 253.6005 0.3901 0.2134 -0.4820 0.0000 0.0000 1.7563 0.0723 
12.4917 10.0000 263.0659 0.3895 0.2125 -0.5078 0.0000 0.0000 1.7150 0.0892 
12.6595 10.0000 270.0027 0.3865 0.2066 -0.5200 0.0000 0.0000 1.7124 0.0892 
12.0288 10.0000 247.0853 0.3945 0.2130 -0.4969 0.0000 0.0000 2.0822 0.0720 
12.2211 10.0000 254.7677 0.3902 0.2108 -0.4982 0.0000 0.0000 1.7599 0.0682 
12.4907 8.0000 264.6848 0.3884 0.2172 -0.4820 0.0000 0.0000 1.7889 0.0765 
12.5040 10.0000 262.5808 0.3860 0.2124 -0.4978 0.0000 0.0000 1.7162 0.0726 
12.3240 10.0000 258.6723 0.3845 0.2106 -0.4884 0.0000 0.0000 1.6711 0.0728 
12.2267 8.0000 253.8069 0.4020 0.2152 -0.5164 0.0000 0.0000 1.8429 0.0710 
12.3405 10.0000 258.5589 0.3830 0.2102 -0.4882 0.0000 0.0000 1.7566 0.0808 
12.2821 6.0000 259.0773 0.3931 0.2128 -0.4908 0.0000 0.0000 1.7579 0.0808 
12.2229 9.0000 254.5357 0.3813 0.2114 -0.4695 0.0000 0.0000 1.2739 0.0808 
12.1848 9.0000 255.5397 0.3988 0.2139 -0.4978 0.0000 0.0000 1.8066 0.0808 
12.3685 10.0000 264.1493 0.3904 0.2149 -0.4680 0.0000 0.0000 3.8695 0.0808 
12.4091 9.0000 260.9907 0.3855 0.2086 -0.4939 0.0000 0.0000 3.7348 0.0808 
12.2963 10.0000 257.1976 0.3955 0.2092 -0.5243 0.0000 0.0000 1.7159 0.0808 
12.2267 10.0000 255.3456 0.3810 0.2078 -0.4764 0.0000 0.0000 1.2728 0.0808 
12.1296 5.0000 250.7699 0.3897 0.2115 -0.4886 0.0000 0.0000 1.7147 0.0808 
12.0509 10.0000 243.4904 0.3752 0.2093 -0.4777 0.0000 0.0000 1.8001 0.0808 
12.2395 10.0000 257.2381 0.3864 0.2088 -0.4902 0.0000 0.0000 1.8460 0.0808 
