12.3854 10.0000 257.9972 0.3793 0.2053 -0.5016 0.0000 0.0000 2057.5690 0.0612 
12.4176 10.0000 259.8963 0.3800 0.2065 -0.4960 0.0000 0.0000 2149.9623 0.0636 
12.3646 10.0000 257.1097 0.3771 0.2044 -0.4959 0.0000 0.0000 2040.9626 0.0621 
12.3590 10.0000 257.7555 0.3839 0.2080 -0.5003 0.0000 0.0000 2168.9775 0.0647 
12.3818 10.0000 258.8454 0.3800 0.2046 -0.5019 0.0000 0.0000 2063.5494 0.0612 
12.3855 10.0000 259.2544 0.3834 0.2068 -0.5025 0.0000 0.0000 2124.2716 0.0622 
12.3249 7.0000 256.9145 0.3857 0.2094 -0.4989 0.0000 0.0000 2220.5734 0.0671 
12.4713 3.0000 262.0876 0.3799 0.2067 -0.4971 0.0000 0.0000 2124.3138 0.0622 
12.4011 10.0000 259.0481 0.3813 0.2077 -0.4972 0.0000 0.0000 2176.7597 0.0643 
12.3638 10.0000 258.4985 0.3802 0.2061 -0.4952 0.0000 0.0000 2131.7580 0.0637 
12.3458 9.0000 256.9906 0.3797 0.2065 -0.4951 0.0000 0.0000 2212.7989 0.0652 
12.4406 10.0000 260.5545 0.3805 0.2066 -0.4991 0.0000 0.0000 2253.7566 0.0615 
12.4111 10.0000 259.5375 0.3767 0.2044 -0.4969 0.0000 0.0000 2156.2526 0.0591 
12.3404 8.0000 256.4620 0.3793 0.2059 -0.4952 0.0000 0.0000 2253.0903 0.0653 
12.4118 10.0000 258.0352 0.3732 0.2032 -0.4946 0.0000 0.0000 2093.4715 0.0598 
12.3798 10.0000 256.1087 0.3757 0.2068 -0.4924 0.0000 0.0000 2123.1825 0.0584 
12.3961 10.0000 258.6624 0.3775 0.2048 -0.4974 0.0000 0.0000 2088.3132 0.0598 
12.4313 10.0000 259.8731 0.3802 0.2071 -0.4977 0.0000 0.0000 2115.3704 0.0635 
12.3246 7.0000 255.0796 0.3770 0.2053 -0.4942 0.0000 0.0000 2154.5513 0.0649 
12.3869 10.0000 258.3089 0.3765 0.2056 -0.4910 0.0000 0.0000 2234.3609 0.0625 
12.4945 6.0000 262.2419 0.3794 0.2063 -0.5018 0.0000 0.0000 2205.6599 0.0619 
12.4038 6.0000 258.9644 0.3778 0.2070 -0.4899 0.0000 0.0000 2217.3471 0.0606 
12.3615 10.0000 257.4389 0.3778 0.2052 -0.4923 0.0000 0.0000 2202.9092 0.0607 
12.5126 10.0000 263.4065 0.3784 0.2059 -0.4981 0.0000 0.0000 2202.5846 0.0607 
12.3410 8.0000 257.3608 0.3758 0.2051 -0.4861 0.0000 0.0000 2326.7799 0.0664 
12.4513 10.0000 259.7380 0.3751 0.2045 -0.4966 0.0000 0.0000 2024.1648 0.0562 
12.3430 10.0000 257.1718 0.3791 0.2051 -0.4959 0.0000 0.0000 2239.9061 0.0629 
12.4698 10.0000 262.4009 0.3806 0.2053 -0.5031 0.0000 0.0000 2251.0735 0.0664 
12.3533 9.0000 257.4569 0.3787 0.2056 -0.4947 0.0000 0.0000 2318.8596 0.0652 
12.4081 9.0000 258.9993 0.3815 0.2076 -0.4997 0.0000 0.0000 2188.0213 0.0629 
12.4102 10.0000 259.8040 0.3770 0.2055 -0.4927 0.0000 0.0000 2211.5554 0.0609 
12.3264 6.0000 257.9236 0.3852 0.2078 -0.4989 0.0000 0.0000 2246.0245 0.0676 
12.4216 10.0000 258.8457 0.3744 0.2039 -0.4938 0.0000 0.0000 2136.9386 0.0590 
12.4049 10.0000 259.0842 0.3779 0.2055 -0.4966 0.0000 0.0000 2204.0324 0.0615 
12.3561 5.0000 257.5191 0.3766 0.2040 -0.4918 0.0000 0.0000 2275.3495 0.0650 
12.3108 10.0000 255.3346 0.3767 0.2043 -0.4944 0.0000 0.0000 2243.7957 0.0613 
12.3559 10.0000 257.5589 0.3772 0.2045 -0.4947 0.0000 0.0000 2195.3833 0.0625 
12.3490 10.0000 257.2252 0.3764 0.2037 -0.4952 0.0000 0.0000 2271.9387 0.0632 
12.3847 10.0000 258.0213 0.3771 0.2053 -0.4934 0.0000 0.0000 2232.0640 0.0632 
12.4353 10.0000 260.8702 0.3804 0.2071 -0.4952 0.0000 0.0000 2208.4428 0.0650 
12.3952 8.0000 259.4468 0.3850 0.2085 -0.5012 0.0000 0.0000 2288.9050 0.0664 
12.3535 10.0000 257.0808 0.3794 0.2060 -0.4971 0.0000 0.0000 2387.5777 0.0641 
12.3743 10.0000 258.6979 0.3818 0.2082 -0.4942 0.0000 0.0000 2365.5625 0.0649 
12.3503 10.0000 258.1034 0.3812 0.2062 -0.4954 0.0000 0.0000 2254.6527 0.0639 
12.4097 9.0000 260.1462 0.3794 0.2057 -0.4962 0.0000 0.0000 2125.9753 0.0642 
12.4300 10.0000 259.8438 0.3766 0.2056 -0.4937 0.0000 0.0000 2265.4096 0.0590 
12.4040 10.0000 258.7790 0.3784 0.2068 -0.4931 0.0000 0.0000 2314.4012 0.0632 
12.3910 10.0000 259.5389 0.3774 0.2049 -0.4917 0.0000 0.0000 2280.2295 0.0612 
12.4401 10.0000 261.2411 0.3772 0.2039 -0.4970 0.0000 0.0000 2238.6792 0.0628 
12.4065 9.0000 259.7427 0.3808 0.2060 -0.5013 0.0000 0.0000 2180.1724 0.0648 
12.4299 6.0000 259.4111 0.3750 0.2050 -0.4923 0.0000 0.0000 2209.4580 0.0628 
12.4455 10.0000 260.7332 0.3753 0.2040 -0.4942 0.0000 0.0000 2154.7531 0.0588 
12.3507 10.0000 257.5087 0.3817 0.2060 -0.5008 0.0000 0.0000 2243.0818 0.0651 
12.3688 10.0000 256.8879 0.3745 0.2044 -0.4916 0.0000 0.0000 2168.3946 0.0619 
12.4075 10.0000 260.8205 0.3830 0.2065 -0.4988 0.0000 0.0000 2279.9583 0.0656 
12.4816 10.0000 262.3658 0.3764 0.2054 -0.4915 0.0000 0.0000 2218.7145 0.0606 
12.3933 8.0000 258.8682 0.3733 0.2032 -0.4870 0.0000 0.0000 2249.1341 0.0627 
12.4378 10.0000 261.0643 0.3808 0.2069 -0.4971 0.0000 0.0000 2078.8153 0.0619 
12.3737 8.0000 259.4569 0.3826 0.2070 -0.4968 0.0000 0.0000 2205.9075 0.0627 
12.3437 10.0000 257.6446 0.3829 0.2081 -0.4963 0.0000 0.0000 2347.7911 0.0661 
12.3930 10.0000 258.4344 0.3759 0.2049 -0.4918 0.0000 0.0000 2015.4577 0.0591 
12.3936 10.0000 258.1933 0.3760 0.2060 -0.4884 0.0000 0.0000 2111.4415 0.0627 
12.4109 10.0000 259.7449 0.3786 0.2063 -0.4923 0.0000 0.0000 2308.6882 0.0631 
12.4209 9.0000 259.6965 0.3772 0.2048 -0.4957 0.0000 0.0000 2219.4704 0.0619 
12.4371 10.0000 260.2850 0.3789 0.2068 -0.4936 0.0000 0.0000 2295.4188 0.0646 
12.4075 10.0000 259.7844 0.3765 0.2038 -0.4953 0.0000 0.0000 2287.1709 0.0627 
12.3864 10.0000 258.8909 0.3812 0.2071 -0.4973 0.0000 0.0000 2283.3677 0.0643 
12.3216 10.0000 257.0438 0.3810 0.2059 -0.4955 0.0000 0.0000 2311.4661 0.0647 
12.4156 10.0000 259.2728 0.3753 0.2055 -0.4889 0.0000 0.0000 2310.6801 0.0601 
12.4139 7.0000 259.5425 0.3779 0.2044 -0.4995 0.0000 0.0000 2134.5651 0.0626 
12.4227 10.0000 258.4912 0.3740 0.2049 -0.4901 0.0000 0.0000 2088.5900 0.0568 
12.4466 10.0000 258.9374 0.3687 0.2033 -0.4855 0.0000 0.0000 2042.5222 0.0537 
12.3969 7.0000 258.8521 0.3785 0.2049 -0.4983 0.0000 0.0000 2220.8520 0.0619 
12.3296 10.0000 256.6422 0.3793 0.2070 -0.4885 0.0000 0.0000 2311.9086 0.0622 
12.4201 10.0000 259.5983 0.3787 0.2056 -0.4980 0.0000 0.0000 2143.6779 0.0602 
12.3769 10.0000 259.1439 0.3772 0.2050 -0.4915 0.0000 0.0000 2188.9906 0.0622 
12.4290 10.0000 259.7730 0.3766 0.2049 -0.4953 0.0000 0.0000 2194.1582 0.0613 
12.3018 10.0000 255.5299 0.3784 0.2050 -0.4941 0.0000 0.0000 2316.0280 0.0641 
12.4485 7.0000 260.6338 0.3754 0.2056 -0.4896 0.0000 0.0000 2368.5701 0.0615 
12.4496 7.0000 259.8960 0.3737 0.2036 -0.4965 0.0000 0.0000 2097.9715 0.0585 
12.3815 10.0000 258.5011 0.3764 0.2062 -0.4863 0.0000 0.0000 2295.6955 0.0645 
12.3927 10.0000 259.2941 0.3812 0.2064 -0.4985 0.0000 0.0000 2202.1796 0.0638 
12.3861 10.0000 260.5279 0.3809 0.2060 -0.4949 0.0000 0.0000 2389.7256 0.0649 
12.3058 10.0000 256.6544 0.3844 0.2078 -0.4981 0.0000 0.0000 2243.1126 0.0678 
12.4473 10.0000 261.5970 0.3790 0.2049 -0.5000 0.0000 0.0000 2001.3901 0.0611 
12.4599 10.0000 261.1263 0.3769 0.2055 -0.4945 0.0000 0.0000 2199.8659 0.0590 
12.3930 10.0000 257.9259 0.3754 0.2052 -0.4919 0.0000 0.0000 2148.2014 0.0600 
12.3265 10.0000 256.5541 0.3807 0.2074 -0.4947 0.0000 0.0000 2354.9714 0.0670 
12.3568 9.0000 257.3314 0.3809 0.2067 -0.4973 0.0000 0.0000 2291.0719 0.0662 
12.4064 10.0000 259.8852 0.3799 0.2048 -0.5005 0.0000 0.0000 2367.6078 0.0639 
12.4621 9.0000 260.6079 0.3738 0.2042 -0.4933 0.0000 0.0000 2327.8319 0.0605 
12.3356 10.0000 256.4121 0.3797 0.2065 -0.4954 0.0000 0.0000 2263.0433 0.0634 
12.3294 10.0000 256.3863 0.3797 0.2061 -0.4938 0.0000 0.0000 2296.7862 0.0584 
12.4403 10.0000 261.0328 0.3800 0.2054 -0.5004 0.0000 0.0000 2238.9866 0.0635 
12.4312 5.0000 259.8583 0.3759 0.2043 -0.4957 0.0000 0.0000 2125.6912 0.0584 
12.3295 8.0000 257.0634 0.3826 0.2078 -0.4942 0.0000 0.0000 2118.6959 0.0656 
12.3935 5.0000 260.4445 0.3832 0.2072 -0.4974 0.0000 0.0000 2090.5131 0.0672 
12.3829 10.0000 258.7354 0.3823 0.2077 -0.4992 0.0000 0.0000 2034.9913 0.0652 
12.3887 10.0000 258.5701 0.3784 0.2062 -0.4930 0.0000 0.0000 1783.2456 0.0656 
12.4240 10.0000 260.1893 0.3762 0.2044 -0.4957 0.0000 0.0000 274.2305 0.0631 
