12.1808 7.0000 253.4460 0.3833 0.2076 -0.4924 0.0000 0.0000 4.9775 0.0829 
12.3956 10.0000 260.6336 0.3693 0.2010 -0.4870 0.0000 0.0000 5.3261 0.0737 
12.3460 10.0000 256.8524 0.3886 0.2144 -0.5040 0.0000 0.0000 5.2890 0.0753 
12.4244 9.0000 260.5904 0.3849 0.2084 -0.5085 0.0000 0.0000 4.9752 0.0674 
12.4252 10.0000 261.4080 0.3814 0.2040 -0.5074 0.0000 0.0000 5.3248 0.0716 
12.3668 10.0000 259.6772 0.3898 0.2071 -0.5155 0.0000 0.0000 5.3264 0.0674 
12.1652 7.0000 248.5680 0.3911 0.2166 -0.4959 0.0000 0.0000 5.1037 0.0674 
12.0868 10.0000 246.3880 0.3911 0.2114 -0.5055 0.0000 0.0000 5.0598 0.0674 
12.1272 7.0000 247.0128 0.3868 0.2133 -0.4931 0.0000 0.0000 5.1919 0.0674 
12.4692 10.0000 261.0704 0.3741 0.2041 -0.4947 0.0000 0.0000 4.8896 0.0605 
12.1652 10.0000 247.5980 0.3720 0.2028 -0.4954 0.0000 0.0000 5.2023 0.0737 
12.3948 10.0000 258.9096 0.3885 0.2104 -0.5081 0.0000 0.0000 0.5720 0.0555 
12.2120 10.0000 253.4048 0.3828 0.2129 -0.4800 0.0000 0.0000 0.8778 0.0687 
12.1180 9.0000 250.7420 0.3940 0.2126 -0.5068 0.0000 0.0000 0.8354 0.0552 
12.2576 10.0000 253.1888 0.3759 0.2045 -0.4907 0.0000 0.0000 1.0569 0.0581 
12.6032 6.0000 268.1372 0.3857 0.2051 -0.5200 0.0000 0.0000 1.0555 0.0581 
12.2232 9.0000 258.3600 0.3946 0.2094 -0.5045 0.0000 0.0000 1.5385 0.0916 
12.1320 10.0000 248.4560 0.3891 0.2142 -0.4907 0.0000 0.0000 1.9720 0.0562 
12.3380 10.0000 257.0776 0.3824 0.2103 -0.4875 0.0000 0.0000 2.0240 0.0795 
12.2884 10.0000 254.2068 0.3885 0.2081 -0.5216 0.0000 0.0000 1.8885 0.0883 
12.3980 10.0000 254.3828 0.3729 0.2090 -0.4866 0.0000 0.0000 1.6280 0.0883 
12.3860 4.0000 253.4044 0.3864 0.2154 -0.5159 0.0000 0.0000 0.8750 0.0690 
12.5796 11.0000 268.4216 0.3871 0.2131 -0.5005 0.0000 0.0000 0.6159 0.0643 
12.3816 10.0000 256.3336 0.3654 0.2013 -0.4854 0.0000 0.0000 0.6135 0.0652 
12.3864 10.0000 255.5260 0.3778 0.2048 -0.5152 0.0000 0.0000 0.8770 0.0855 
12.3644 10.0000 257.8892 0.3810 0.2094 -0.4954 0.0000 0.0000 1.0133 0.0703 
12.5528 6.0000 267.1304 0.3789 0.2050 -0.5065 0.0000 0.0000 1.0135 0.0599 
12.2128 10.0000 254.0236 0.3941 0.2164 -0.4907 0.0000 0.0000 0.6183 0.0629 
12.4800 10.0000 265.8048 0.3854 0.2117 -0.4877 0.0000 0.0000 0.8804 0.0689 
12.3580 9.0000 254.8728 0.3757 0.2090 -0.5006 0.0000 0.0000 0.8353 0.0725 
12.1032 10.0000 251.3220 0.3888 0.2107 -0.4856 0.0000 0.0000 0.8821 0.0620 
12.3840 9.0000 260.3516 0.3896 0.2137 -0.4954 0.0000 0.0000 1.0137 0.0792 
12.4056 10.0000 259.4816 0.3850 0.2137 -0.4905 0.0000 0.0000 1.2291 0.0792 
12.4240 10.0000 258.8752 0.3719 0.2009 -0.4989 0.0000 0.0000 1.0113 0.0689 
12.4252 10.0000 257.8556 0.3726 0.2060 -0.4884 0.0000 0.0000 0.8772 0.0661 
12.2324 10.0000 252.7536 0.3895 0.2147 -0.4902 0.0000 0.0000 0.8701 0.0619 
12.4156 10.0000 258.8188 0.3794 0.2090 -0.4922 0.0000 0.0000 0.6160 0.0695 
12.3016 7.0000 259.8124 0.3859 0.2072 -0.4982 0.0000 0.0000 0.8111 0.0609 
12.5808 4.0000 267.0400 0.3852 0.2100 -0.5077 0.0000 0.0000 0.8770 0.0661 
12.2500 10.0000 254.3492 0.3806 0.2071 -0.4907 0.0000 0.0000 0.8364 0.0681 
11.9632 7.0000 240.0592 0.3817 0.2159 -0.4731 0.0000 0.0000 0.8379 0.0677 
11.9228 6.0000 242.0244 0.3817 0.2044 -0.4928 0.0000 0.0000 1.3665 0.0702 
12.3748 10.0000 259.4888 0.3852 0.2075 -0.5003 0.0000 0.0000 0.8340 0.0862 
12.3180 10.0000 258.9264 0.3816 0.2140 -0.4593 0.0000 0.0000 0.8734 0.0862 
12.3740 10.0000 259.9768 0.3887 0.2110 -0.5035 0.0000 0.0000 0.8779 0.0643 
12.2472 5.0000 259.5148 0.3947 0.2083 -0.5106 0.0000 0.0000 0.8351 0.0716 
12.1276 9.0000 249.2120 0.3730 0.2070 -0.4691 0.0000 0.0000 0.7874 0.0679 
12.3568 10.0000 257.5380 0.3824 0.2066 -0.5082 0.0000 0.0000 0.9660 0.0652 
12.2664 10.0000 251.0556 0.3805 0.2104 -0.4949 0.0000 0.0000 0.8332 0.0603 
12.4324 10.0000 259.5736 0.3912 0.2192 -0.4949 0.0000 0.0000 0.9208 0.0669 
12.1984 10.0000 251.6704 0.3755 0.2043 -0.4980 0.0000 0.0000 0.6174 0.0587 
12.5340 10.0000 262.0344 0.3843 0.2150 -0.4988 0.0000 0.0000 0.8804 0.0548 
12.3144 9.0000 258.1632 0.3795 0.2063 -0.4793 0.0000 0.0000 0.6172 0.0684 
12.1828 10.0000 250.1956 0.3797 0.2105 -0.4816 0.0000 0.0000 0.8771 0.0687 
12.2460 9.0000 254.9116 0.3809 0.2126 -0.4690 0.0000 0.0000 0.9226 0.0765 
12.3872 10.0000 257.0312 0.3755 0.2064 -0.4958 0.0000 0.0000 1.1865 0.0628 
12.4956 10.0000 264.2816 0.3861 0.2108 -0.4972 0.0000 0.0000 1.1871 0.0628 
12.5640 10.0000 267.1180 0.3792 0.2038 -0.5062 0.0000 0.0000 0.8787 0.0675 
12.5624 7.0000 264.8540 0.3801 0.2093 -0.4942 0.0000 0.0000 0.6151 0.0687 
12.3852 10.0000 259.4084 0.3813 0.2036 -0.5038 0.0000 0.0000 0.8367 0.0667 
12.4260 10.0000 260.5120 0.3738 0.2069 -0.4871 0.0000 0.0000 0.9509 0.0731 
12.3380 10.0000 255.4148 0.3860 0.2105 -0.5080 0.0000 0.0000 0.6194 0.0731 
12.3884 10.0000 257.9896 0.3679 0.1991 -0.4961 0.0000 0.0000 0.8355 0.0623 
12.4652 10.0000 262.6904 0.3776 0.2056 -0.4914 0.0000 0.0000 0.8390 0.0553 
12.3484 10.0000 259.2116 0.3964 0.2134 -0.5134 0.0000 0.0000 1.6274 0.0645 
12.1804 5.0000 250.3044 0.3816 0.2153 -0.4714 0.0000 0.0000 1.2742 0.0732 
12.5124 10.0000 260.7128 0.3783 0.2070 -0.5123 0.0000 0.0000 0.8776 0.0713 
12.1560 9.0000 254.1948 0.3828 0.2058 -0.4850 0.0000 0.0000 0.9238 0.0713 
12.2216 10.0000 254.5672 0.3885 0.2156 -0.4807 0.0000 0.0000 0.9170 0.0713 
12.6020 10.0000 267.5540 0.3816 0.2116 -0.4922 0.0000 0.0000 0.8806 0.0735 
12.3288 10.0000 258.6124 0.3857 0.2067 -0.5078 0.0000 0.0000 0.8806 0.0645 
12.2488 10.0000 256.5716 0.3821 0.2017 -0.5063 0.0000 0.0000 1.1870 0.0701 
12.1996 10.0000 250.3812 0.3810 0.2061 -0.5125 0.0000 0.0000 0.8804 0.0743 
12.4620 9.0000 260.5340 0.3900 0.2114 -0.5191 0.0000 0.0000 0.6589 0.0637 
12.4236 7.0000 260.2860 0.3809 0.2062 -0.5078 0.0000 0.0000 0.9192 0.0622 
12.5732 6.0000 266.2024 0.3786 0.2058 -0.5082 0.0000 0.0000 0.8794 0.0774 
12.4372 10.0000 261.5960 0.3840 0.2086 -0.5094 0.0000 0.0000 0.6177 0.0743 
12.4672 10.0000 262.7520 0.3896 0.2106 -0.5131 0.0000 0.0000 0.7469 0.0660 
12.3832 10.0000 258.5764 0.3844 0.2102 -0.5007 0.0000 0.0000 1.0105 0.0719 
11.9968 10.0000 247.6656 0.3942 0.2082 -0.5019 0.0000 0.0000 1.4495 0.0733 
12.3068 8.0000 256.4820 0.3764 0.2044 -0.4953 0.0000 0.0000 1.4484 0.0740 
12.3556 10.0000 260.9068 0.3848 0.2013 -0.5160 0.0000 0.0000 1.1853 0.0740 
12.2324 10.0000 255.1316 0.3973 0.2156 -0.4945 0.0000 0.0000 0.9233 0.0806 
12.1488 10.0000 251.3292 0.3805 0.2076 -0.4859 0.0000 0.0000 1.1601 0.0577 
12.4276 10.0000 259.6200 0.3734 0.2055 -0.4942 0.0000 0.0000 0.8815 0.0556 
12.4560 10.0000 262.8056 0.3869 0.2076 -0.5055 0.0000 0.0000 0.7839 0.0699 
12.4220 10.0000 261.8184 0.3620 0.2026 -0.4575 0.0000 0.0000 0.8800 0.0610 
12.1500 10.0000 251.4612 0.3833 0.2136 -0.4695 0.0000 0.0000 0.9231 0.0697 
12.1276 10.0000 252.4520 0.3917 0.2134 -0.4884 0.0000 0.0000 0.8805 0.0679 
12.4540 10.0000 264.5276 0.3876 0.2060 -0.4995 0.0000 0.0000 0.9216 0.0844 
12.5160 10.0000 266.2660 0.3789 0.2070 -0.4867 0.0000 0.0000 0.9234 0.0844 
12.3264 10.0000 258.1548 0.3798 0.2113 -0.4757 0.0000 0.0000 0.9222 0.0844 
12.3092 10.0000 259.4828 0.3865 0.2142 -0.4705 0.0000 0.0000 0.9252 0.0844 
12.5700 10.0000 264.8504 0.3834 0.2132 -0.4954 0.0000 0.0000 0.8800 0.0844 
12.2784 3.0000 255.8700 0.3695 0.2041 -0.4651 0.0000 0.0000 0.9198 0.0844 
12.5720 10.0000 262.5272 0.3721 0.2022 -0.5073 0.0000 0.0000 0.8769 0.0844 
12.2868 8.0000 257.3152 0.3735 0.2001 -0.4891 0.0000 0.0000 0.9222 0.0844 
12.5196 10.0000 261.6268 0.3868 0.2116 -0.5166 0.0000 0.0000 0.6188 0.0844 
12.1944 8.0000 252.1568 0.3794 0.2019 -0.5074 0.0000 0.0000 0.8818 0.0844 
12.2312 6.0000 253.1800 0.3805 0.2077 -0.4837 0.0000 0.0000 0.8831 0.0844 
