12.3552 10.0000 258.4312 0.3143 0.1593 -0.4950 0.0000 0.0000 2.0020 0.0691 
12.3536 10.0000 256.7416 0.3116 0.1583 -0.5039 0.0000 0.0000 1.9641 0.0691 
12.5528 9.0000 263.6312 0.3136 0.1637 -0.4966 0.0000 0.0000 1.9202 0.0691 
12.1384 10.0000 248.9720 0.3152 0.1619 -0.4982 0.0000 0.0000 1.7392 0.0691 
12.2184 10.0000 253.7632 0.3279 0.1618 -0.5128 0.0000 0.0000 1.8349 0.0691 
12.4592 9.0000 264.6224 0.3084 0.1590 -0.4839 0.0000 0.0000 1.9598 0.0691 
12.7896 10.0000 273.0008 0.3081 0.1604 -0.4991 0.0000 0.0000 1.9146 0.0691 
12.4064 8.0000 260.1152 0.3152 0.1606 -0.5012 0.0000 0.0000 2.0103 0.0866 
12.1928 10.0000 250.2056 0.3197 0.1647 -0.4986 0.0000 0.0000 2.0076 0.0691 
12.0512 3.0000 249.2544 0.3071 0.1571 -0.4644 0.0000 0.0000 2.0054 0.0691 
12.1768 10.0000 251.7584 0.3001 0.1546 -0.4657 0.0000 0.0000 2.0117 0.0691 
12.4312 10.0000 261.8368 0.3158 0.1628 -0.4912 0.0000 0.0000 0.4224 0.0591 
12.1088 9.0000 255.6328 0.3239 0.1611 -0.4951 0.0000 0.0000 1.5403 0.0610 
12.3000 10.0000 251.0296 0.3040 0.1601 -0.4778 0.0000 0.0000 1.5789 0.0610 
12.5336 10.0000 266.8184 0.3152 0.1560 -0.5110 0.0000 0.0000 1.5797 0.0610 
12.0016 10.0000 246.6320 0.3127 0.1612 -0.4659 0.0000 0.0000 1.3188 0.0783 
12.1224 10.0000 251.7720 0.3129 0.1603 -0.4699 0.0000 0.0000 1.5885 0.0610 
12.1248 10.0000 246.4488 0.2965 0.1574 -0.4510 0.0000 0.0000 1.5829 0.0610 
12.0920 10.0000 246.5560 0.3156 0.1628 -0.4920 0.0000 0.0000 1.6241 0.0610 
12.3520 10.0000 251.6112 0.3073 0.1618 -0.5032 0.0000 0.0000 1.5882 0.0610 
12.1528 10.0000 245.1784 0.2997 0.1552 -0.4829 0.0000 0.0000 1.3635 0.0610 
11.9632 10.0000 247.0512 0.3109 0.1542 -0.4721 0.0000 0.0000 1.0090 0.0610 
12.1296 8.0000 248.9304 0.3026 0.1570 -0.4718 0.0000 0.0000 0.3035 0.0654 
12.3376 9.0000 257.4544 0.3070 0.1557 -0.4877 0.0000 0.0000 0.3469 0.0685 
12.3440 5.0000 261.6136 0.3136 0.1544 -0.4930 0.0000 0.0000 0.9225 0.0512 
12.0256 10.0000 248.9208 0.3253 0.1638 -0.4845 0.0000 0.0000 1.5830 0.0512 
12.3456 10.0000 251.9432 0.2982 0.1571 -0.4934 0.0000 0.0000 1.0918 0.0512 
11.9888 8.0000 244.7640 0.3158 0.1585 -0.4935 0.0000 0.0000 1.2686 0.0604 
12.2160 10.0000 256.0032 0.3189 0.1604 -0.4907 0.0000 0.0000 1.3532 0.0604 
11.9264 6.0000 248.0496 0.3323 0.1609 -0.5038 0.0000 0.0000 1.3104 0.0604 
11.8808 10.0000 243.2336 0.3138 0.1591 -0.4702 0.0000 0.0000 1.3106 0.0604 
12.4632 10.0000 265.7520 0.3143 0.1525 -0.5074 0.0000 0.0000 1.3106 0.0604 
12.6024 10.0000 273.4640 0.3095 0.1554 -0.4831 0.0000 0.0000 1.2251 0.0604 
12.4472 10.0000 264.5392 0.3161 0.1609 -0.4958 0.0000 0.0000 0.3511 0.0627 
12.6024 10.0000 265.1768 0.3106 0.1574 -0.5124 0.0000 0.0000 0.2629 0.0512 
11.9864 10.0000 240.9936 0.2886 0.1585 -0.4247 0.0000 0.0000 0.3964 0.0624 
12.1040 10.0000 246.0400 0.3193 0.1643 -0.4935 0.0000 0.0000 1.2153 0.0480 
12.1616 9.0000 253.2872 0.3186 0.1632 -0.4821 0.0000 0.0000 1.3922 0.0900 
12.1560 9.0000 253.1088 0.3119 0.1579 -0.4824 0.0000 0.0000 0.6645 0.0748 
12.5440 10.0000 262.0400 0.3069 0.1613 -0.4910 0.0000 0.0000 1.2638 0.0900 
11.9168 10.0000 242.9016 0.3148 0.1596 -0.4706 0.0000 0.0000 1.3077 0.0900 
12.4368 10.0000 268.1400 0.3093 0.1577 -0.4724 0.0000 0.0000 1.3975 0.0676 
12.6432 9.0000 262.8224 0.2956 0.1550 -0.4977 0.0000 0.0000 1.3110 0.0676 
12.8256 7.0000 275.0624 0.3077 0.1566 -0.5093 0.0000 0.0000 1.3168 0.0810 
12.4976 10.0000 260.7760 0.3127 0.1630 -0.4896 0.0000 0.0000 1.1198 0.0810 
12.0872 10.0000 245.2488 0.3092 0.1628 -0.4666 0.0000 0.0000 0.3518 0.0676 
12.2368 10.0000 254.2728 0.3189 0.1599 -0.5056 0.0000 0.0000 0.2635 0.0856 
12.5504 9.0000 266.1256 0.3058 0.1593 -0.4961 0.0000 0.0000 0.3091 0.0476 
12.3376 10.0000 258.5040 0.3197 0.1658 -0.4971 0.0000 0.0000 0.3523 0.0476 
12.1912 10.0000 247.3920 0.3133 0.1617 -0.4975 0.0000 0.0000 0.4028 0.0793 
12.1064 10.0000 251.4144 0.3251 0.1630 -0.5025 0.0000 0.0000 0.7487 0.0981 
12.3712 11.0000 257.4208 0.3086 0.1565 -0.4957 0.0000 0.0000 0.8365 0.0753 
12.3032 4.0000 259.5600 0.3162 0.1601 -0.4917 0.0000 0.0000 0.9689 0.0992 
12.0840 6.0000 245.5952 0.3256 0.1631 -0.5121 0.0000 0.0000 1.0525 0.0992 
12.5080 10.0000 266.1440 0.3186 0.1597 -0.5038 0.0000 0.0000 1.1442 0.0992 
11.8992 10.0000 236.8952 0.3247 0.1679 -0.4981 0.0000 0.0000 1.0957 0.0687 
12.1840 10.0000 253.8640 0.3169 0.1577 -0.5005 0.0000 0.0000 1.0540 0.0750 
12.3456 10.0000 258.0712 0.3041 0.1537 -0.4964 0.0000 0.0000 0.3957 0.0476 
11.9592 10.0000 244.8072 0.3198 0.1621 -0.4846 0.0000 0.0000 0.3532 0.0777 
12.0520 4.0000 249.6432 0.3188 0.1603 -0.4858 0.0000 0.0000 0.7499 0.0572 
12.2192 6.0000 258.8560 0.3277 0.1613 -0.5023 0.0000 0.0000 0.7038 0.0806 
12.0696 10.0000 249.6384 0.3222 0.1631 -0.4835 0.0000 0.0000 0.3520 0.0572 
12.2000 9.0000 257.6496 0.3269 0.1626 -0.5136 0.0000 0.0000 0.3516 0.0572 
11.7016 10.0000 239.3880 0.3176 0.1585 -0.4656 0.0000 0.0000 0.3529 0.0714 
12.5560 8.0000 271.0600 0.3156 0.1606 -0.4962 0.0000 0.0000 0.5237 0.0731 
12.2648 10.0000 255.2592 0.3219 0.1620 -0.4968 0.0000 0.0000 0.5742 0.0770 
12.4920 10.0000 264.3560 0.3091 0.1590 -0.4855 0.0000 0.0000 0.4412 0.0617 
12.3368 10.0000 257.4792 0.3019 0.1569 -0.4687 0.0000 0.0000 0.4367 0.0617 
12.0000 10.0000 246.0832 0.3198 0.1622 -0.4889 0.0000 0.0000 0.4276 0.0617 
12.1360 10.0000 247.0776 0.3095 0.1612 -0.4778 0.0000 0.0000 0.2644 0.0731 
12.6480 10.0000 268.9384 0.3122 0.1626 -0.4938 0.0000 0.0000 0.3516 0.0748 
11.9120 10.0000 238.0608 0.3194 0.1611 -0.5014 0.0000 0.0000 0.7418 0.0587 
12.5464 10.0000 267.5232 0.3227 0.1628 -0.5080 0.0000 0.0000 0.8375 0.0587 
11.9696 9.0000 245.3848 0.3224 0.1616 -0.4932 0.0000 0.0000 0.6598 0.0587 
12.3920 10.0000 258.4464 0.3131 0.1630 -0.4954 0.0000 0.0000 0.3900 0.0690 
12.3984 10.0000 259.8496 0.3163 0.1621 -0.4970 0.0000 0.0000 0.2664 0.0635 
12.4464 8.0000 266.0320 0.3304 0.1588 -0.5415 0.0000 0.0000 0.3927 0.0690 
12.3312 8.0000 255.1776 0.3048 0.1582 -0.4826 0.0000 0.0000 0.3526 0.0818 
12.6408 10.0000 261.8304 0.3008 0.1577 -0.5022 0.0000 0.0000 0.4418 0.0702 
12.0608 10.0000 248.1056 0.3135 0.1598 -0.4935 0.0000 0.0000 0.5250 0.0702 
12.4760 8.0000 260.3080 0.3022 0.1602 -0.4771 0.0000 0.0000 0.5206 0.0702 
12.3984 10.0000 260.8648 0.3069 0.1621 -0.4639 0.0000 0.0000 0.2641 0.0702 
12.3752 10.0000 259.0864 0.3156 0.1589 -0.5112 0.0000 0.0000 0.3515 0.0556 
11.9080 7.0000 234.0984 0.3069 0.1661 -0.4709 0.0000 0.0000 1.1137 0.0678 
12.2248 10.0000 257.7952 0.3230 0.1632 -0.4867 0.0000 0.0000 0.7882 0.0678 
12.1568 7.0000 249.9208 0.3190 0.1660 -0.4786 0.0000 0.0000 0.5736 0.0627 
11.8768 10.0000 244.8176 0.3188 0.1613 -0.4647 0.0000 0.0000 0.4417 0.0627 
12.0424 10.0000 251.9112 0.3270 0.1665 -0.4807 0.0000 0.0000 0.4399 0.0627 
12.4680 10.0000 264.4624 0.3221 0.1632 -0.5021 0.0000 0.0000 0.3935 0.0903 
12.3176 9.0000 260.8848 0.3187 0.1625 -0.4867 0.0000 0.0000 0.6102 0.0903 
12.1936 10.0000 253.6960 0.3247 0.1614 -0.5085 0.0000 0.0000 0.6623 0.0903 
12.1040 10.0000 247.0176 0.3102 0.1572 -0.4869 0.0000 0.0000 0.7472 0.0903 
12.4624 10.0000 259.7712 0.3015 0.1549 -0.4968 0.0000 0.0000 0.5713 0.0779 
12.2144 6.0000 255.3520 0.3089 0.1596 -0.4802 0.0000 0.0000 0.3518 0.0903 
12.4808 11.0000 256.6696 0.3093 0.1580 -0.5141 0.0000 0.0000 0.3975 0.0903 
11.6728 10.0000 236.1992 0.3237 0.1587 -0.4864 0.0000 0.0000 0.3957 0.0903 
12.2840 10.0000 253.6472 0.3097 0.1620 -0.4856 0.0000 0.0000 0.2643 0.0903 
12.2816 8.0000 254.8080 0.3170 0.1607 -0.5088 0.0000 0.0000 0.3943 0.0903 
12.2080 5.0000 247.9672 0.3258 0.1706 -0.5007 0.0000 0.0000 0.7443 0.0903 
12.2712 10.0000 255.0448 0.3283 0.1619 -0.5315 0.0000 0.0000 0.7460 0.0903 
