12.4440 8.0000 260.6660 0.3492 0.1884 -0.4893 3.1872 6.0000 0.8742 0.0953 
12.1360 10.0000 254.8400 0.3399 0.1809 -0.4691 3.2286 6.0000 0.7850 0.0909 
13.1680 11.0000 293.3620 0.3532 0.1921 -0.5152 3.1684 6.0000 0.7865 0.0592 
12.6960 11.0000 272.9200 0.3668 0.2005 -0.5011 3.2319 6.0000 0.1952 0.1141 
12.6360 11.0000 275.6240 0.3758 0.2011 -0.5188 3.2450 6.0000 0.2232 0.0759 
12.2040 10.0000 249.5000 0.3537 0.1953 -0.4890 3.2616 6.0000 0.4387 0.0509 
12.6500 10.0000 276.3480 0.3488 0.1871 -0.4934 3.2020 6.0000 0.6572 0.0768 
11.7880 3.0000 242.3600 0.3739 0.2067 -0.4701 3.3561 7.0000 0.8702 0.0744 
12.0880 10.0000 245.2080 0.3656 0.1957 -0.5105 3.2801 6.0000 0.3930 0.0559 
11.5460 6.0000 231.0620 0.3409 0.1840 -0.4638 3.2984 6.0000 0.4435 0.0632 
11.5000 10.0000 237.4760 0.3636 0.1871 -0.4672 3.2789 6.0000 0.7430 0.1026 
12.6200 11.0000 268.5920 0.3444 0.2007 -0.4549 3.2297 6.0000 0.4809 0.0641 
12.3340 10.0000 251.5320 0.3365 0.1843 -0.5068 3.1977 6.0000 0.3401 0.1085 
11.5900 10.0000 236.3680 0.3710 0.1974 -0.4722 3.3458 7.0000 0.1308 0.0658 
11.9000 11.0000 242.8680 0.3614 0.1931 -0.4852 3.2834 6.0000 0.2670 0.1055 
11.7220 10.0000 237.6080 0.3581 0.1900 -0.4836 3.2824 6.0000 0.8184 0.0567 
12.3100 10.0000 259.7340 0.3654 0.1996 -0.4904 3.2937 6.0000 0.5287 0.0884 
12.4200 10.0000 262.7020 0.3561 0.1972 -0.4631 3.2358 6.0000 0.2651 0.0782 
12.4780 10.0000 263.8240 0.3495 0.1912 -0.4924 3.2412 6.0000 0.1779 0.1127 
11.7820 10.0000 232.8880 0.3559 0.1944 -0.4846 3.2917 6.0000 0.4823 0.0724 
12.1820 7.0000 246.2560 0.3374 0.1866 -0.5021 3.2319 7.0000 0.7014 0.0922 
11.6820 8.0000 236.8980 0.3633 0.1968 -0.4675 3.3267 7.0000 0.7457 0.1110 
12.0700 10.0000 247.9440 0.3733 0.1963 -0.5055 3.2676 6.0000 0.8247 0.0550 
12.1160 10.0000 246.7340 0.3435 0.1917 -0.4768 3.2768 6.0000 0.6544 0.0638 
11.8600 10.0000 237.2340 0.3507 0.2054 -0.4376 3.3419 7.0000 0.4811 0.0648 
12.0400 10.0000 251.5140 0.3559 0.1925 -0.4972 3.2786 6.0000 0.0918 0.0693 
11.8960 10.0000 248.2120 0.3839 0.1968 -0.5305 3.2830 6.0000 0.1335 0.0655 
12.3480 9.0000 259.6620 0.3764 0.2018 -0.5134 3.3027 7.0000 0.5708 0.0752 
11.9400 10.0000 243.5960 0.3341 0.1879 -0.4329 3.2647 7.0000 0.6156 0.1109 
12.6040 10.0000 267.1840 0.3549 0.1923 -0.5151 3.2183 6.0000 0.4859 0.0721 
12.3780 11.0000 249.1940 0.3486 0.2012 -0.4871 3.2879 6.0000 0.8593 0.1040 
12.6520 11.0000 283.8020 0.3851 0.2045 -0.4933 3.2758 7.0000 0.7439 0.0559 
12.5940 7.0000 269.3460 0.3504 0.2004 -0.4676 3.2390 6.0000 0.6557 0.0546 
12.6280 10.0000 279.6720 0.3532 0.1867 -0.4781 3.2064 6.0000 0.5257 0.0925 
12.6160 10.0000 266.0500 0.3346 0.1903 -0.4700 3.2125 6.0000 0.1753 0.0639 
11.8920 10.0000 243.6600 0.3560 0.1937 -0.4771 3.2844 6.0000 0.3056 0.0838 
13.2200 9.0000 289.4560 0.3635 0.2018 -0.5456 3.1974 6.0000 0.5253 0.1091 
11.7260 8.0000 242.1720 0.3562 0.1939 -0.4437 3.3067 6.0000 0.6155 0.0648 
12.4140 10.0000 270.3920 0.3599 0.1929 -0.4768 3.2171 7.0000 0.5770 0.0782 
12.5100 10.0000 259.2540 0.3503 0.1939 -0.5002 3.2296 6.0000 0.4801 0.0929 
11.9280 10.0000 243.0160 0.3701 0.2004 -0.4871 3.2963 6.0000 0.2001 0.0875 
11.9120 5.0000 242.4520 0.3544 0.1964 -0.4609 3.3057 7.0000 0.1613 0.0796 
12.0040 10.0000 237.4900 0.3503 0.1991 -0.4966 3.3061 6.0000 0.2241 0.0693 
12.2540 10.0000 256.5460 0.3400 0.1909 -0.4551 3.2438 6.0000 0.2477 0.0533 
11.6960 10.0000 239.6360 0.3684 0.1932 -0.4965 3.2896 6.0000 0.1371 0.0755 
12.4660 10.0000 262.4000 0.3325 0.1955 -0.4350 3.2535 7.0000 0.0507 0.0972 
11.7320 10.0000 225.5100 0.3443 0.1936 -0.4862 3.2871 7.0000 0.8683 0.0953 
12.6960 10.0000 268.7740 0.3381 0.1870 -0.5013 3.1865 6.0000 0.7463 0.0552 
11.3900 10.0000 220.2500 0.3495 0.1947 -0.4443 3.3270 7.0000 0.0898 0.0756 
12.0360 10.0000 242.8860 0.3623 0.1937 -0.5170 3.2715 6.0000 0.4406 0.0718 
12.8720 10.0000 280.7360 0.3533 0.1968 -0.4988 3.2401 7.0000 0.2618 0.0773 
12.2400 8.0000 255.4740 0.3754 0.1985 -0.5174 3.2460 6.0000 0.5970 0.0759 
11.8980 10.0000 244.5080 0.3523 0.1902 -0.4691 3.2648 6.0000 0.5254 0.0959 
11.5160 10.0000 235.0720 0.3741 0.1944 -0.4738 3.3302 7.0000 0.7462 0.0768 
12.0720 10.0000 250.7740 0.3619 0.1986 -0.4753 3.2693 6.0000 0.3776 0.1002 
11.9260 9.0000 245.4440 0.3597 0.1945 -0.4765 3.2612 6.0000 0.4812 0.0688 
11.7160 7.0000 242.3120 0.3697 0.1917 -0.4797 3.2794 6.0000 0.6203 0.0632 
12.3420 10.0000 261.0760 0.3478 0.1831 -0.5077 3.1996 6.0000 0.4341 0.0829 
11.9560 6.0000 245.6920 0.3573 0.1951 -0.4838 3.2787 6.0000 0.3072 0.1001 
12.2740 6.0000 250.9000 0.3489 0.1998 -0.4713 3.2806 6.0000 0.4370 0.0983 
12.2280 10.0000 249.3580 0.3341 0.1919 -0.4579 3.2446 6.0000 0.3910 0.1231 
11.8180 10.0000 229.8120 0.3558 0.1980 -0.5168 3.3188 6.0000 0.5193 0.1055 
12.0200 10.0000 235.3980 0.3587 0.1997 -0.5132 3.2697 6.0000 0.9046 0.0567 
11.4940 9.0000 225.8260 0.3424 0.1884 -0.4577 3.3047 6.0000 0.5293 0.0884 
11.3120 8.0000 222.6440 0.3794 0.1964 -0.4964 3.3665 6.0000 0.2642 0.0782 
12.2660 11.0000 258.1260 0.3743 0.2045 -0.4895 3.2877 7.0000 0.2193 0.1127 
12.1800 10.0000 251.3040 0.3442 0.1938 -0.4610 3.2588 6.0000 0.4837 0.0724 
11.8860 10.0000 240.0080 0.3543 0.1918 -0.4851 3.2938 6.0000 0.7020 0.0922 
12.1860 10.0000 247.1240 0.3435 0.1841 -0.5021 3.2433 7.0000 0.7020 0.1110 
12.3100 8.0000 254.6340 0.3644 0.2009 -0.5165 3.3000 8.0000 0.8332 0.0550 
12.1780 10.0000 255.8180 0.3511 0.1968 -0.4540 3.2841 6.0000 0.7411 0.0555 
11.9540 10.0000 245.9740 0.3603 0.1962 -0.4815 3.2822 6.0000 0.7023 0.0798 
11.9400 8.0000 255.2880 0.3900 0.2054 -0.4765 3.3043 6.0000 0.6146 0.0850 
11.8540 7.0000 241.7520 0.3645 0.1900 -0.5125 3.2636 6.0000 0.5317 0.0836 
11.9600 10.0000 252.5520 0.3571 0.1921 -0.4772 3.2544 6.0000 0.4395 0.1056 
12.5720 10.0000 274.6780 0.3382 0.1860 -0.4540 3.1897 7.0000 0.2169 0.0717 
12.3780 11.0000 257.8660 0.3578 0.2042 -0.4758 3.2954 6.0000 0.3957 0.0721 
12.0860 10.0000 252.5840 0.3624 0.1962 -0.4840 3.2506 7.0000 0.6597 0.1040 
12.0220 10.0000 249.6100 0.3559 0.1949 -0.4605 3.2974 8.0000 0.7441 0.0559 
12.0100 10.0000 245.6200 0.3675 0.2026 -0.4886 3.3100 7.0000 0.7867 0.0844 
11.9160 5.0000 249.7480 0.3483 0.1882 -0.4464 3.2481 6.0000 0.6154 0.0948 
12.7040 10.0000 274.8540 0.3380 0.1846 -0.4962 3.1800 7.0000 0.5713 0.0592 
12.3620 4.0000 260.4560 0.3563 0.1954 -0.4982 3.2758 6.0000 0.4799 0.0592 
12.6480 10.0000 269.7440 0.3531 0.1921 -0.5005 3.2065 6.0000 0.2202 0.0789 
11.9200 10.0000 247.0800 0.3689 0.1894 -0.5024 3.2599 6.0000 0.2218 0.0746 
12.3820 7.0000 265.1260 0.3680 0.1986 -0.4972 3.2563 6.0000 0.5267 0.0782 
12.4060 10.0000 263.7440 0.3456 0.1916 -0.4664 3.2318 6.0000 0.5737 0.0780 
11.9300 10.0000 240.3560 0.3570 0.2032 -0.4572 3.3264 6.0000 0.4382 0.0817 
12.2660 7.0000 260.7000 0.3894 0.2069 -0.5247 3.3043 6.0000 0.1802 0.0743 
12.2420 10.0000 252.6040 0.3592 0.1967 -0.4981 3.2786 6.0000 0.1924 0.0702 
12.0460 10.0000 255.8880 0.3759 0.1964 -0.5106 3.2933 7.0000 0.2562 0.0700 
11.9480 5.0000 247.1300 0.3609 0.1946 -0.4900 3.2876 6.0000 0.1674 0.0790 
12.6520 11.0000 263.9780 0.3394 0.1955 -0.4731 3.2413 6.0000 0.8249 0.0953 
11.6340 10.0000 230.3460 0.3539 0.1954 -0.4590 3.3057 6.0000 0.8336 0.0909 
12.4080 6.0000 265.3160 0.3519 0.1884 -0.4841 3.2084 6.0000 0.7962 0.0592 
12.5680 10.0000 261.1520 0.3310 0.1904 -0.4696 3.2392 6.0000 0.8575 0.0759 
12.3000 10.0000 256.3400 0.3516 0.1937 -0.4982 3.2455 6.0000 0.6051 0.0959 
12.4860 11.0000 261.7180 0.3665 0.1942 -0.5414 3.2310 7.0000 0.6158 0.0788 
12.1020 5.0000 239.4180 0.3460 0.2010 -0.4656 3.2892 6.0000 0.1341 0.0860 
12.0260 9.0000 245.5380 0.3511 0.1884 -0.4989 3.2447 6.0000 0.3457 0.0806 
12.6600 11.0000 269.1900 0.3555 0.1903 -0.5222 3.2114 6.0000 0.3503 0.0779 
11.7300 9.0000 243.9620 0.3410 0.1897 -0.4145 3.2999 8.0000 0.3916 0.0632 
11.8320 10.0000 231.3440 0.3583 0.1945 -0.5179 3.3060 6.0000 0.6599 0.1026 
12.2520 11.0000 252.7240 0.3786 0.2098 -0.4980 3.3201 6.0000 0.5695 0.0641 
11.9700 6.0000 241.6840 0.3471 0.1920 -0.4867 3.2907 7.0000 0.5348 0.1221 
12.1780 6.0000 252.4620 0.3512 0.2011 -0.4609 3.2742 6.0000 0.6091 0.0896 
11.7820 10.0000 239.5860 0.3785 0.1969 -0.5241 3.3160 6.0000 1.1390 0.0567 
12.0380 10.0000 245.5000 0.3603 0.1955 -0.4969 3.2928 7.0000 0.7881 0.0771 
12.4260 10.0000 254.9520 0.3319 0.1904 -0.4722 3.2252 6.0000 0.5734 0.0650 
11.9240 10.0000 244.4780 0.3692 0.1929 -0.5242 3.2879 6.0000 0.6997 0.0724 
12.4320 10.0000 266.8180 0.3732 0.2012 -0.5171 3.2524 6.0000 0.7475 0.0922 
12.0520 5.0000 250.6180 0.3746 0.1931 -0.5296 3.2596 6.0000 0.7008 0.1110 
11.9920 10.0000 246.0620 0.3532 0.1969 -0.4482 3.2498 7.0000 0.6960 0.1235 
12.2760 9.0000 251.6180 0.3409 0.1936 -0.4805 3.2422 6.0000 0.1306 0.0943 
11.7660 10.0000 236.4320 0.3712 0.1929 -0.5039 3.2918 6.0000 0.3432 0.0555 
12.6880 11.0000 267.8100 0.3498 0.1973 -0.5028 3.2360 6.0000 0.5298 0.0746 
11.9160 10.0000 241.5660 0.3642 0.1999 -0.4755 3.3069 6.0000 0.5763 0.0850 
11.8780 10.0000 241.0100 0.3445 0.1874 -0.4753 3.2639 6.0000 0.6610 0.0752 
12.6460 11.0000 263.7360 0.3467 0.1971 -0.4888 3.2318 6.0000 0.6131 0.1109 
11.7660 10.0000 233.2340 0.3393 0.1857 -0.4692 3.2585 6.0000 0.4811 0.0721 
12.0220 10.0000 250.6760 0.3498 0.1952 -0.4487 3.2921 7.0000 0.9445 0.1040 
12.7280 11.0000 268.7520 0.3433 0.1977 -0.4733 3.2309 6.0000 0.7845 0.0559 
11.9460 7.0000 242.6880 0.3724 0.1973 -0.5076 3.2743 6.0000 0.8355 0.0844 
12.0540 7.0000 240.8400 0.3614 0.1924 -0.5310 3.2811 6.0000 0.7117 0.0948 
11.4720 10.0000 219.5160 0.3387 0.1843 -0.4693 3.3093 7.0000 0.6174 0.0592 
11.8500 10.0000 232.9500 0.3495 0.2049 -0.4541 3.3321 7.0000 0.7847 0.1091 
12.7200 10.0000 277.2000 0.3391 0.1933 -0.4475 3.2117 6.0000 0.5721 0.0648 
12.0500 10.0000 249.0820 0.3343 0.1886 -0.4231 3.2588 6.0000 0.4011 0.0840 
11.9980 10.0000 247.3060 0.3857 0.2018 -0.5355 3.2783 6.0000 0.1343 0.0836 
11.9200 4.0000 252.3880 0.3592 0.1884 -0.4788 3.2548 7.0000 0.1333 0.0780 
12.0320 11.0000 244.6700 0.3586 0.2014 -0.4687 3.3145 6.0000 0.2801 0.0875 
12.4620 10.0000 264.9180 0.3476 0.1810 -0.5260 3.1980 6.0000 0.1354 0.0513 
12.1460 8.0000 246.8180 0.3660 0.1984 -0.5187 3.2707 6.0000 0.1645 0.0702 
12.3480 10.0000 255.6580 0.3582 0.2003 -0.4932 3.2663 6.0000 0.3093 0.0700 
12.4440 10.0000 262.5060 0.3517 0.1969 -0.4637 3.2533 8.0000 0.1939 0.0790 
12.4320 5.0000 268.3360 0.3675 0.1975 -0.4799 3.2538 7.0000 0.0434 0.0670 
12.4780 10.0000 268.2980 0.3561 0.1980 -0.4708 3.2342 7.0000 0.0344 0.0972 
12.4920 7.0000 264.0180 0.3463 0.1909 -0.4852 3.2353 6.0000 0.0091 0.0504 
12.7080 11.0000 274.5120 0.3761 0.2022 -0.5181 3.2359 6.0000 0.8304 0.0953 
12.7520 10.0000 277.9780 0.3760 0.2040 -0.5178 3.2422 6.0000 0.8360 0.0909 
12.2480 10.0000 254.4040 0.3595 0.1968 -0.4913 3.2763 6.0000 0.7510 0.0778 
12.2860 7.0000 258.8740 0.3505 0.1915 -0.4734 3.2414 6.0000 0.9526 0.0916 
11.8380 10.0000 238.8300 0.3351 0.1840 -0.4535 3.2645 6.0000 0.0896 0.0668 
11.8080 9.0000 239.0660 0.3417 0.1958 -0.4348 3.3067 7.0000 0.1768 0.0959 
12.1020 10.0000 248.2160 0.3471 0.1885 -0.4859 3.2403 6.0000 0.6552 0.0782 
12.0460 10.0000 243.6540 0.3419 0.1981 -0.4471 3.2787 6.0000 0.1300 0.0820 
11.7880 10.0000 234.9960 0.3598 0.1989 -0.4799 3.3176 7.0000 0.5009 0.1002 
11.5980 8.0000 225.7920 0.3532 0.2031 -0.4444 3.3639 7.0000 0.4320 0.0688 
12.5800 11.0000 266.3420 0.3519 0.1872 -0.5160 3.2139 6.0000 0.6490 0.0632 
12.4280 10.0000 260.5240 0.3531 0.1970 -0.4820 3.2495 7.0000 0.5776 0.1026 
12.5160 11.0000 263.7020 0.3422 0.1934 -0.4558 3.2419 7.0000 0.5575 0.0641 
12.2740 10.0000 257.0540 0.3693 0.2004 -0.5161 3.2781 6.0000 0.6553 0.1221 
11.8240 10.0000 236.0640 0.3637 0.2065 -0.4743 3.3624 7.0000 0.3949 0.0881 
11.6140 10.0000 225.0060 0.3554 0.1923 -0.5198 3.3268 6.0000 0.1281 0.1055 
11.5380 10.0000 233.1300 0.3721 0.1940 -0.4982 3.3200 6.0000 0.7321 0.0507 
12.5500 10.0000 260.1760 0.3403 0.1891 -0.5296 3.2104 6.0000 0.0896 0.0567 
12.2100 9.0000 254.7600 0.3606 0.1978 -0.4909 3.2562 6.0000 0.6195 0.0884 
12.5040 8.0000 263.5320 0.3630 0.1911 -0.5332 3.2204 6.0000 0.2171 0.0512 
12.2260 10.0000 249.4820 0.3745 0.2012 -0.5457 3.2684 6.0000 0.1759 0.0650 
12.4220 6.0000 259.5260 0.3383 0.1927 -0.4553 3.2252 6.0000 0.1721 0.0869 
12.3200 11.0000 260.5420 0.3644 0.1877 -0.5217 3.2538 9.0000 0.1744 0.0724 
11.8180 10.0000 239.4480 0.3611 0.1907 -0.4991 3.2762 6.0000 0.6153 0.0922 
11.8660 8.0000 234.8420 0.3348 0.1928 -0.4440 3.2971 6.0000 0.7017 0.1110 
12.2820 10.0000 256.4080 0.3551 0.1978 -0.4810 3.2690 6.0000 0.7933 0.0550 
12.5580 11.0000 257.2840 0.3473 0.1990 -0.4992 3.2443 7.0000 0.7000 0.0555 
12.0860 10.0000 251.8120 0.3725 0.1995 -0.5013 3.2786 6.0000 0.6179 0.0618 
12.3400 10.0000 261.3980 0.3740 0.1986 -0.5120 3.2567 6.0000 0.3078 0.0859 
11.5300 10.0000 231.1400 0.3585 0.2003 -0.4393 3.3221 7.0000 0.1337 0.0974 
11.8320 4.0000 245.2040 0.3913 0.2001 -0.5257 3.3235 6.0000 0.3943 0.0752 
12.2980 9.0000 253.4480 0.3579 0.2037 -0.4724 3.2875 7.0000 0.6559 0.0398 
12.2300 10.0000 253.4220 0.3406 0.1914 -0.4745 3.2648 7.0000 0.4806 0.0721 
12.4060 8.0000 261.8540 0.3589 0.1960 -0.4993 3.2572 6.0000 0.7720 0.1040 
12.0920 10.0000 245.9680 0.3504 0.1925 -0.4756 3.2775 6.0000 0.3515 0.0851 
11.9540 9.0000 248.1120 0.3666 0.2011 -0.4665 3.3041 6.0000 0.1305 0.0559 
12.3560 10.0000 258.8960 0.3516 0.1946 -0.4929 3.2470 6.0000 0.6043 0.0546 
11.8720 7.0000 244.3240 0.3685 0.1997 -0.4785 3.3496 6.0000 0.2971 0.1161 
11.8200 10.0000 244.3300 0.3781 0.1984 -0.5060 3.3123 6.0000 0.1722 0.0879 
12.3240 10.0000 260.4860 0.3592 0.1922 -0.5069 3.2549 6.0000 0.3956 0.0592 
12.2560 10.0000 261.3520 0.3653 0.1978 -0.4881 3.2559 6.0000 0.7001 0.0592 
11.9740 10.0000 249.3920 0.3693 0.2005 -0.4694 3.2946 6.0000 0.1369 0.1209 
12.6980 10.0000 274.4360 0.3573 0.1937 -0.5057 3.2115 6.0000 0.3524 0.0648 
12.2800 10.0000 254.7880 0.3570 0.2013 -0.4852 3.2797 6.0000 0.3874 0.0818 
12.0100 10.0000 246.7360 0.3374 0.1893 -0.4433 3.2512 7.0000 0.0899 0.0782 
12.0520 10.0000 255.4240 0.3549 0.1947 -0.4610 3.2606 6.0000 0.5695 0.0782 
11.8780 8.0000 244.0760 0.3523 0.1812 -0.4937 3.2430 7.0000 0.8725 0.0953 
12.2440 10.0000 252.4160 0.3563 0.1999 -0.4959 3.2697 6.0000 0.7427 0.0909 
12.2420 10.0000 255.7300 0.3512 0.1950 -0.4585 3.2498 6.0000 0.4405 0.0802 
12.5680 10.0000 270.8340 0.3703 0.1964 -0.5244 3.2232 6.0000 0.1724 0.0773 
12.2960 9.0000 258.2100 0.3527 0.1954 -0.4782 3.2656 7.0000 0.6247 0.0759 
12.2240 10.0000 251.0680 0.3464 0.1916 -0.4965 3.2542 6.0000 0.5218 0.0959 
12.5260 10.0000 258.6260 0.3349 0.1918 -0.4878 3.2501 6.0000 0.3493 0.0458 
12.5360 11.0000 269.7940 0.3775 0.1986 -0.5187 3.2456 6.0000 0.1326 0.0860 
12.2400 10.0000 255.7100 0.3609 0.1980 -0.4927 3.2985 7.0000 0.4328 0.0467 
11.7520 10.0000 232.9100 0.3474 0.1919 -0.4804 3.2896 7.0000 0.3480 0.0688 
12.3660 11.0000 261.3360 0.3656 0.1967 -0.4970 3.2495 6.0000 0.6085 0.0632 
12.2580 9.0000 258.3220 0.3497 0.1870 -0.4903 3.2327 6.0000 0.6608 0.1051 
11.8380 10.0000 241.4720 0.3459 0.1911 -0.4310 3.2710 6.0000 0.1678 0.1001 
12.7080 11.0000 273.6700 0.3562 0.1998 -0.4780 3.2259 6.0000 0.2636 0.0699 
11.4440 8.0000 224.1820 0.3757 0.1993 -0.5014 3.3563 7.0000 0.3070 0.0900 
12.1340 9.0000 254.8180 0.3558 0.1854 -0.4944 3.2276 7.0000 0.5169 0.1055 
11.7420 10.0000 248.3360 0.3762 0.1940 -0.4661 3.3059 6.0000 0.9648 0.0567 
12.5240 10.0000 263.9620 0.3593 0.1983 -0.5019 3.2482 6.0000 0.7491 0.0771 
12.0360 10.0000 255.2660 0.3775 0.2043 -0.4903 3.3082 6.0000 0.5281 0.0650 
11.8020 10.0000 234.8240 0.3652 0.2005 -0.4844 3.3182 6.0000 0.2232 0.0869 
11.5920 10.0000 222.5760 0.3482 0.1939 -0.4956 3.3141 6.0000 0.1736 0.0724 
12.4340 11.0000 268.6340 0.3645 0.1983 -0.4783 3.2489 6.0000 0.5742 0.0922 
11.4640 10.0000 221.5520 0.3535 0.1958 -0.4645 3.3273 6.0000 0.6219 0.1110 
12.7400 10.0000 272.6220 0.3451 0.1943 -0.4817 3.2111 6.0000 0.6502 0.0921 
11.7120 10.0000 233.9260 0.3732 0.2059 -0.4905 3.3201 6.0000 0.1261 0.0550 
11.7280 10.0000 241.3880 0.3446 0.1861 -0.4480 3.2613 6.0000 0.4361 0.1355 
12.1260 10.0000 239.0100 0.3338 0.1892 -0.4911 3.2682 6.0000 0.2178 0.0660 
12.7840 4.0000 266.9300 0.3134 0.1841 -0.4576 3.1922 6.0000 0.2635 0.0798 
11.8920 10.0000 238.5120 0.3517 0.1875 -0.5236 3.2833 7.0000 0.2248 0.0887 
12.4160 6.0000 264.1380 0.3586 0.2030 -0.4678 3.2825 7.0000 0.2214 0.0850 
12.0240 10.0000 248.0120 0.3314 0.1889 -0.4436 3.2531 6.0000 0.5701 0.0836 
12.0640 10.0000 243.3240 0.3592 0.1945 -0.5092 3.2693 6.0000 0.5232 0.0790 
12.0460 10.0000 245.8480 0.3524 0.1965 -0.4606 3.2680 6.0000 0.1766 0.0717 
11.9760 10.0000 248.6360 0.3745 0.1927 -0.5197 3.2607 6.0000 0.3496 0.0721 
13.0280 10.0000 286.1100 0.3416 0.1942 -0.4875 3.2019 6.0000 0.6220 0.1040 
12.5880 10.0000 273.3500 0.3428 0.1868 -0.4787 3.2122 6.0000 0.7438 0.0559 
12.3060 10.0000 259.6100 0.3420 0.1851 -0.4729 3.2361 6.0000 0.7073 0.0546 
11.4520 9.0000 232.5440 0.3568 0.1835 -0.4619 3.2608 6.0000 0.3046 0.0667 
12.1140 9.0000 255.4600 0.3685 0.1959 -0.5104 3.2920 7.0000 0.1309 0.0948 
12.1380 10.0000 249.2540 0.3583 0.1954 -0.4901 3.2653 6.0000 0.1825 0.0639 
12.6080 10.0000 270.6160 0.3562 0.1979 -0.4750 3.2126 6.0000 0.2622 0.0592 
12.0540 10.0000 248.5100 0.3602 0.2006 -0.4768 3.2809 6.0000 0.7441 0.1091 
12.4360 11.0000 259.4580 0.3557 0.1989 -0.5127 3.2338 6.0000 0.7019 0.0648 
12.1980 10.0000 258.2220 0.3793 0.1983 -0.5330 3.2878 7.0000 0.6955 0.0782 
12.3460 7.0000 255.5000 0.3539 0.1882 -0.5218 3.2342 6.0000 0.6224 0.0780 
12.0380 10.0000 247.4840 0.3578 0.1919 -0.5073 3.2723 6.0000 0.3994 0.0817 
12.2580 10.0000 247.6100 0.3582 0.1961 -0.5293 3.2564 6.0000 0.8261 0.0953 
11.9680 8.0000 241.4380 0.3623 0.2008 -0.4888 3.3282 6.0000 0.8334 0.0909 
11.6840 10.0000 236.1840 0.3527 0.1874 -0.4712 3.2765 6.0000 0.8414 0.0592 
12.4200 11.0000 255.0080 0.3368 0.1878 -0.4855 3.2328 6.0000 0.9360 0.0759 
11.7860 10.0000 238.5920 0.3491 0.1862 -0.4837 3.2702 6.0000 0.6109 0.0959 
11.5720 9.0000 237.7760 0.3689 0.2071 -0.4220 3.3489 7.0000 0.7484 0.0788 
12.2860 10.0000 253.3660 0.3503 0.1911 -0.4928 3.2488 6.0000 0.2915 0.1037 
12.4460 11.0000 263.4300 0.3677 0.1972 -0.5291 3.2641 6.0000 0.2118 0.0806 
12.1800 10.0000 249.4060 0.3470 0.1926 -0.4956 3.2584 6.0000 0.3460 0.0632 
12.5160 10.0000 257.1800 0.3355 0.1899 -0.4920 3.2256 6.0000 0.4242 0.0723 
11.9680 7.0000 253.7820 0.3569 0.1870 -0.4720 3.2369 6.0000 0.6215 0.0938 
12.4940 10.0000 262.1420 0.3506 0.1857 -0.5144 3.2084 6.0000 0.4769 0.0641 
12.2020 9.0000 259.0960 0.3698 0.1977 -0.4976 3.2548 6.0000 0.5689 0.1221 
11.4320 8.0000 226.3020 0.3677 0.1960 -0.4790 3.3411 7.0000 0.6074 0.0896 
11.6840 6.0000 235.5000 0.3632 0.1906 -0.4886 3.2743 6.0000 0.1191 0.0920 
11.8060 10.0000 234.6140 0.3413 0.1896 -0.4758 3.2951 6.0000 0.3494 0.0567 
11.8880 10.0000 244.4680 0.3646 0.1957 -0.4805 3.2705 6.0000 0.7978 0.0771 
12.0580 11.0000 247.2500 0.3656 0.1959 -0.5140 3.2834 7.0000 0.6618 0.1127 
12.0080 10.0000 247.2020 0.3473 0.1865 -0.4905 3.2542 7.0000 0.7362 0.0724 
12.0340 10.0000 251.8800 0.3723 0.1996 -0.4817 3.3026 6.0000 0.7462 0.0922 
12.1960 10.0000 251.7020 0.3310 0.1862 -0.4435 3.2359 6.0000 0.6990 0.1110 
12.0000 9.0000 245.4600 0.3377 0.1822 -0.4690 3.2380 6.0000 0.6601 0.0503 
12.1740 10.0000 247.9220 0.3426 0.1948 -0.4843 3.2464 6.0000 0.1304 0.0790 
11.6180 9.0000 233.0180 0.3917 0.2035 -0.5275 3.3460 8.0000 0.2605 0.0770 
11.6780 10.0000 234.8880 0.3679 0.1952 -0.4833 3.3175 7.0000 0.5292 0.0746 
12.3240 10.0000 260.1680 0.3747 0.1967 -0.5200 3.2795 6.0000 0.4859 0.0850 
11.5700 10.0000 223.4220 0.3490 0.1951 -0.4788 3.3227 6.0000 0.6171 0.0836 
11.7540 10.0000 230.2140 0.3374 0.1867 -0.4635 3.2737 7.0000 0.6102 0.0961 
11.8900 10.0000 239.6780 0.3762 0.2057 -0.5115 3.3299 6.0000 0.2687 0.0771 
11.9800 10.0000 240.6980 0.3523 0.1921 -0.5032 3.3080 6.0000 0.1356 0.0763 
12.0780 10.0000 249.1060 0.3698 0.2026 -0.4966 3.3039 6.0000 0.4790 0.1040 
11.9000 10.0000 244.2860 0.3503 0.1872 -0.4673 3.2755 6.0000 0.7045 0.0559 
11.7160 8.0000 233.1640 0.3310 0.1882 -0.4466 3.2795 7.0000 0.7415 0.0844 
12.6680 10.0000 275.3860 0.3558 0.1965 -0.4753 3.2339 6.0000 0.6569 0.0948 
12.7020 9.0000 275.8940 0.3500 0.1864 -0.5105 3.1899 6.0000 0.6116 0.0592 
11.9080 10.0000 242.8940 0.3481 0.1931 -0.4593 3.2707 6.0000 0.4802 0.0592 
12.2660 10.0000 257.9760 0.3427 0.1889 -0.4585 3.2181 6.0000 0.2185 0.0633 
12.6100 11.0000 272.3280 0.3514 0.1969 -0.4624 3.2210 6.0000 0.3064 0.0668 
12.0960 10.0000 252.6380 0.3553 0.1930 -0.4681 3.2630 6.0000 0.4429 0.0782 
11.7900 10.0000 230.4880 0.3572 0.2082 -0.4581 3.3559 6.0000 0.6128 0.0780 
12.7640 11.0000 277.6340 0.3697 0.2049 -0.5054 3.2709 7.0000 0.3587 0.0817 
13.1860 11.0000 297.0020 0.3523 0.1946 -0.5022 3.1871 6.0000 0.2161 0.0848 
12.2860 10.0000 257.9220 0.3772 0.2000 -0.5389 3.2743 6.0000 0.0954 0.0872 
12.1940 7.0000 249.1400 0.3408 0.1891 -0.4784 3.2383 6.0000 0.0845 0.0533 
12.4380 10.0000 263.0060 0.3508 0.1994 -0.4635 3.2764 7.0000 0.1695 0.0670 
12.5900 10.0000 262.7460 0.3500 0.1953 -0.5169 3.2436 6.0000 0.8342 0.0953 
12.2660 10.0000 257.9760 0.3581 0.1952 -0.4938 3.2508 6.0000 0.7931 0.0909 
12.3200 10.0000 264.2420 0.3474 0.1900 -0.4654 3.2267 6.0000 0.7805 0.0592 
11.9120 10.0000 245.0160 0.3744 0.2007 -0.4844 3.3158 6.0000 0.1694 0.0773 
12.3240 10.0000 255.2380 0.3552 0.1905 -0.5089 3.2329 6.0000 0.4799 0.0759 
12.0660 10.0000 248.2240 0.3700 0.1944 -0.5208 3.2695 6.0000 0.5973 0.0509 
12.4020 9.0000 256.2620 0.3336 0.1791 -0.5121 3.2117 6.0000 0.6169 0.0768 
11.7460 10.0000 234.4060 0.3569 0.1994 -0.4714 3.3241 6.0000 0.7440 0.1097 
12.3280 10.0000 254.3500 0.3707 0.1999 -0.5302 3.2681 6.0000 0.3409 0.0662 
12.7600 6.0000 274.8640 0.3485 0.1887 -0.5167 3.1901 6.0000 0.3948 0.1060 
12.0820 10.0000 258.3780 0.3639 0.1944 -0.4819 3.2675 7.0000 0.1271 0.0885 
11.8940 10.0000 244.2060 0.3831 0.1960 -0.5330 3.2786 6.0000 0.5692 0.1051 
11.9620 6.0000 247.0420 0.3744 0.2004 -0.5053 3.2953 6.0000 0.1398 0.1001 
12.0080 10.0000 241.1760 0.3330 0.1856 -0.4619 3.2740 7.0000 0.3581 0.0731 
12.3600 10.0000 262.4800 0.3484 0.1944 -0.4675 3.2367 6.0000 0.4370 0.1221 
11.7560 9.0000 231.1020 0.3519 0.1992 -0.4666 3.2995 6.0000 0.6480 0.0896 
12.6580 10.0000 268.5220 0.3499 0.1968 -0.4908 3.2372 6.0000 1.1353 0.0567 
12.3000 10.0000 265.3480 0.3645 0.2042 -0.4468 3.2955 7.0000 0.8405 0.0771 
12.5580 10.0000 262.2080 0.3556 0.1980 -0.5041 3.2439 6.0000 0.6934 0.1127 
12.0440 10.0000 250.8600 0.3481 0.1861 -0.4693 3.2555 6.0000 0.6996 0.0720 
12.1760 10.0000 251.7660 0.3438 0.1877 -0.4855 3.2228 6.0000 0.1295 0.0970 
12.4500 10.0000 263.3880 0.3626 0.1932 -0.5223 3.2363 6.0000 0.3888 0.0922 
12.4080 9.0000 261.2360 0.3672 0.1938 -0.5450 3.2438 7.0000 0.3506 0.0690 
11.9060 9.0000 241.3900 0.3500 0.1874 -0.4913 3.2735 6.0000 0.0911 0.1110 
12.6320 10.0000 269.7140 0.3654 0.1996 -0.5241 3.2510 6.0000 0.7554 0.0550 
11.9740 10.0000 234.5680 0.3344 0.1882 -0.4750 3.2660 6.0000 0.7331 0.0555 
12.6600 10.0000 268.9420 0.3494 0.1934 -0.5071 3.2234 6.0000 0.6560 0.0798 
11.7140 10.0000 234.9940 0.3561 0.1878 -0.5001 3.2870 6.0000 0.4404 0.0911 
11.6840 10.0000 237.9860 0.3667 0.1961 -0.4789 3.3118 7.0000 0.1695 0.0641 
12.1420 10.0000 247.2980 0.3626 0.2018 -0.4999 3.2891 6.0000 0.1723 0.0938 
12.4360 4.0000 269.7000 0.3683 0.1914 -0.5226 3.2494 8.0000 0.4492 0.0961 
12.3640 10.0000 259.6600 0.3749 0.2062 -0.5138 3.2802 6.0000 0.1775 0.0717 
12.7860 11.0000 262.2360 0.3377 0.2054 -0.4552 3.2672 6.0000 0.3079 0.0721 
12.3020 9.0000 257.3640 0.3502 0.1940 -0.4769 3.2439 6.0000 0.5072 0.0844 
11.9920 10.0000 256.6800 0.3902 0.2031 -0.5181 3.3045 6.0000 0.1294 0.0746 
11.9760 7.0000 249.4280 0.3651 0.1909 -0.4890 3.2652 6.0000 0.6637 0.0559 
12.3020 10.0000 249.0900 0.3334 0.1932 -0.4903 3.2627 6.0000 0.6967 0.0844 
11.9500 9.0000 248.2240 0.3636 0.1917 -0.5051 3.2687 6.0000 0.7055 0.0948 
12.3140 10.0000 258.2900 0.3712 0.1963 -0.5187 3.2854 6.0000 0.6591 0.0592 
10.9520 7.0000 208.1840 0.3542 0.1889 -0.4443 3.3660 8.0000 0.7917 0.1091 
12.0600 4.0000 255.4940 0.3642 0.1929 -0.4905 3.2488 6.0000 0.6144 0.0648 
12.3620 10.0000 264.1400 0.3627 0.1927 -0.5069 3.2412 6.0000 0.4876 0.0840 
11.6560 9.0000 241.4340 0.3554 0.1933 -0.4508 3.3115 6.0000 0.1322 0.0836 
11.7820 8.0000 232.6440 0.3561 0.2001 -0.4785 3.3139 6.0000 0.1335 0.0780 
12.3540 10.0000 255.9300 0.3549 0.1915 -0.5105 3.2549 6.0000 0.2420 0.0875 
12.0300 10.0000 245.5560 0.3488 0.1901 -0.4801 3.2694 6.0000 0.7840 0.0953 
12.2100 7.0000 255.1920 0.3569 0.1940 -0.4848 3.2438 6.0000 0.7491 0.0909 
12.4980 10.0000 260.3700 0.3547 0.1893 -0.5362 3.2208 6.0000 0.6599 0.0718 
12.0960 10.0000 250.8620 0.3802 0.1979 -0.5425 3.2798 6.0000 0.3309 0.0773 
11.8760 9.0000 250.5260 0.3528 0.1899 -0.4465 3.2558 7.0000 0.5219 0.0759 
12.0260 10.0000 245.9780 0.3334 0.1903 -0.4313 3.2659 6.0000 0.4771 0.0959 
12.0400 7.0000 249.7000 0.3486 0.1983 -0.4422 3.2854 7.0000 0.7476 0.0768 
12.2280 11.0000 251.3040 0.3628 0.1999 -0.4945 3.2921 6.0000 0.3407 0.1002 
12.4800 9.0000 261.6660 0.3332 0.1928 -0.4541 3.2427 7.0000 0.5158 0.0688 
12.0660 10.0000 251.4640 0.3637 0.1938 -0.4969 3.2760 7.0000 0.6468 0.0632 
12.2280 9.0000 248.9640 0.3503 0.1898 -0.5096 3.2465 6.0000 0.4384 0.0829 
12.1660 10.0000 246.9440 0.3457 0.1941 -0.4770 3.2747 7.0000 0.3403 0.1001 
12.2320 8.0000 249.0300 0.3567 0.1970 -0.5102 3.2866 7.0000 0.3059 0.0731 
12.1140 10.0000 240.2240 0.3318 0.1885 -0.4948 3.2633 6.0000 0.3918 0.1221 
12.2860 10.0000 264.6920 0.3574 0.1895 -0.4752 3.2407 6.0000 0.5610 0.1055 
12.2200 10.0000 251.3220 0.3291 0.1858 -0.4674 3.2338 6.0000 0.8996 0.0567 
12.0160 10.0000 240.7880 0.3670 0.2055 -0.4880 3.3075 6.0000 0.4925 0.0884 
12.5260 10.0000 265.4780 0.3665 0.1911 -0.5400 3.2415 7.0000 0.2185 0.0932 
11.7220 9.0000 237.8180 0.3368 0.1867 -0.4359 3.2760 6.0000 0.2202 0.1127 
12.1900 10.0000 261.3840 0.3418 0.1939 -0.4165 3.2515 6.0000 0.5651 0.0724 
12.4000 11.0000 264.9840 0.3611 0.1976 -0.4758 3.2403 6.0000 0.7403 0.0922 
11.8460 10.0000 241.6540 0.3491 0.1906 -0.4588 3.2770 6.0000 0.7018 0.1110 
12.4180 10.0000 272.6680 0.3682 0.1980 -0.4686 3.2532 6.0000 0.7907 0.0550 
12.6540 9.0000 275.7600 0.3652 0.1910 -0.5133 3.2061 6.0000 0.4480 0.1355 
12.6280 11.0000 264.5380 0.3379 0.1952 -0.4570 3.2194 6.0000 0.2193 0.0604 
11.6700 7.0000 226.8980 0.3325 0.1873 -0.4557 3.3109 7.0000 0.1346 0.0746 
11.7540 10.0000 237.6660 0.3454 0.1888 -0.4578 3.2846 6.0000 0.4406 0.0850 
11.5000 9.0000 229.1140 0.3643 0.1969 -0.4893 3.3293 7.0000 0.6174 0.0836 
12.2560 10.0000 258.9800 0.3638 0.1849 -0.5347 3.2187 6.0000 0.5709 0.0961 
12.8020 10.0000 271.7520 0.3517 0.1951 -0.5212 3.2226 6.0000 0.2614 0.0771 
12.4640 3.0000 268.0080 0.3587 0.1974 -0.4838 3.2585 7.0000 0.1761 0.0763 
12.2000 11.0000 258.0620 0.3623 0.1924 -0.4966 3.2555 7.0000 0.3577 0.1040 
12.5700 7.0000 261.7620 0.3443 0.1925 -0.4897 3.2129 6.0000 0.6980 0.0559 
12.6080 10.0000 275.4180 0.3535 0.1933 -0.4678 3.2032 6.0000 0.7507 0.0795 
12.0120 10.0000 251.9340 0.3734 0.1872 -0.5415 3.2720 6.0000 0.6270 0.0948 
11.5640 2.0000 229.4660 0.3562 0.1932 -0.4605 3.3326 8.0000 0.6562 0.0592 
12.9160 10.0000 286.4520 0.3608 0.1898 -0.5102 3.1866 6.0000 0.7464 0.1091 
11.7360 9.0000 227.6180 0.3543 0.1932 -0.5094 3.2972 6.0000 0.6191 0.0648 
12.3800 10.0000 258.0860 0.3692 0.1929 -0.5491 3.2379 5.0000 0.6158 0.0782 
12.2160 9.0000 253.1680 0.3558 0.1863 -0.5227 3.2315 6.0000 0.3497 0.0782 
12.0860 10.0000 244.2280 0.3604 0.1982 -0.5002 3.2715 6.0000 0.1306 0.0835 
13.0180 11.0000 283.5860 0.3757 0.1992 -0.5647 3.2021 6.0000 0.1575 0.0546 
12.7980 11.0000 272.3500 0.3458 0.1969 -0.4914 3.2062 6.0000 0.1899 0.0702 
11.6720 10.0000 234.9960 0.3361 0.1916 -0.4254 3.2984 7.0000 0.2877 0.0700 
12.1160 6.0000 254.2000 0.3564 0.1910 -0.4950 3.2482 6.0000 0.2483 0.0790 
12.3540 11.0000 263.4960 0.3608 0.1947 -0.4943 3.2385 6.0000 0.8708 0.0953 
12.2600 10.0000 259.3260 0.3463 0.1960 -0.4369 3.2626 7.0000 0.4807 0.0909 
12.1460 10.0000 255.9580 0.3629 0.1867 -0.5232 3.2348 6.0000 0.7475 0.0592 
12.3980 10.0000 252.9820 0.3532 0.1975 -0.5126 3.2554 6.0000 0.8978 0.0759 
12.7480 9.0000 273.8960 0.3625 0.1948 -0.5313 3.2185 6.0000 0.5983 0.0959 
11.8600 10.0000 239.5940 0.3472 0.1897 -0.4509 3.2552 6.0000 0.7927 0.0768 
12.4320 10.0000 266.6880 0.3554 0.1949 -0.4665 3.2492 8.0000 0.4631 0.1002 
12.3120 10.0000 266.0800 0.3696 0.1908 -0.5012 3.2412 6.0000 0.5293 0.0688 
12.4160 7.0000 266.3760 0.3715 0.1991 -0.5037 3.2520 6.0000 0.5740 0.0713 
12.4380 7.0000 261.3540 0.3531 0.1991 -0.4842 3.2597 7.0000 0.4391 0.0829 
12.3540 10.0000 261.2780 0.3633 0.2008 -0.4699 3.2527 7.0000 0.3511 0.1001 
11.8660 8.0000 241.5320 0.3580 0.1992 -0.4713 3.2773 6.0000 0.3931 0.0699 
11.9360 10.0000 244.9060 0.3514 0.1880 -0.4826 3.2736 6.0000 0.3079 0.0900 
12.0940 5.0000 254.9680 0.3660 0.1931 -0.5081 3.2375 6.0000 0.5190 0.1055 
12.2980 10.0000 264.0360 0.3677 0.1904 -0.5185 3.2299 6.0000 0.9410 0.0567 
12.1720 9.0000 254.6360 0.3666 0.1970 -0.5120 3.2789 6.0000 0.8352 0.0771 
12.7360 10.0000 271.1620 0.3741 0.2019 -0.5570 3.2466 6.0000 0.6585 0.0713 
12.4220 9.0000 258.9600 0.3316 0.1867 -0.4758 3.2108 6.0000 0.6995 0.0724 
12.1880 7.0000 259.9920 0.3560 0.1870 -0.4785 3.2439 7.0000 0.8337 0.0922 
12.3000 10.0000 257.5420 0.3511 0.1934 -0.4789 3.2428 6.0000 0.7858 0.1110 
11.7260 9.0000 229.8120 0.3500 0.1927 -0.4865 3.3314 7.0000 0.7534 0.0550 
12.1620 10.0000 257.1100 0.3675 0.1880 -0.5200 3.2459 6.0000 0.7431 0.0555 
11.5720 10.0000 229.9920 0.3550 0.1957 -0.4583 3.3254 7.0000 0.6634 0.0798 
12.0320 10.0000 249.4200 0.3615 0.1925 -0.4795 3.2732 7.0000 0.5273 0.0911 
11.8060 10.0000 237.1680 0.3232 0.1799 -0.4369 3.2253 7.0000 0.3523 0.0771 
11.7380 8.0000 240.1500 0.3539 0.1865 -0.4696 3.2692 8.0000 0.1316 0.0799 
11.8500 10.0000 249.0640 0.3638 0.1901 -0.4926 3.2674 6.0000 0.2190 0.0849 
12.1280 10.0000 251.7120 0.3639 0.1892 -0.5259 3.2570 7.0000 0.4430 0.0721 
12.1420 10.0000 247.6440 0.3688 0.1989 -0.5246 3.2939 6.0000 0.8649 0.1040 
12.7920 11.0000 273.0820 0.3507 0.1996 -0.4668 3.2498 7.0000 0.8705 0.0559 
12.0540 10.0000 248.1560 0.3522 0.1928 -0.4725 3.2705 6.0000 0.7828 0.0844 
12.5140 9.0000 269.5180 0.3458 0.1918 -0.4743 3.2026 6.0000 0.7049 0.0948 
12.6100 10.0000 260.1060 0.3403 0.1929 -0.4996 3.2190 6.0000 0.5715 0.0592 
11.7840 9.0000 237.3060 0.3356 0.1867 -0.4539 3.2994 6.0000 0.7446 0.1091 
12.0080 10.0000 248.8260 0.3792 0.2034 -0.4959 3.3003 6.0000 0.3910 0.0896 
12.3540 11.0000 257.4400 0.3526 0.1866 -0.5331 3.2407 6.0000 0.1315 0.0690 
12.6940 11.0000 273.1940 0.3477 0.1948 -0.4825 3.2220 6.0000 0.2195 0.0782 
12.3200 10.0000 260.7120 0.3473 0.1916 -0.4759 3.2339 7.0000 0.5266 0.0780 
12.2340 10.0000 249.7140 0.3405 0.1881 -0.5030 3.2449 6.0000 0.4003 0.0817 
11.9480 10.0000 248.4140 0.3560 0.1922 -0.4809 3.2809 6.0000 0.1471 0.0743 
12.6780 6.0000 268.0940 0.3356 0.1917 -0.4913 3.2421 6.0000 0.2232 0.0702 
13.0500 10.0000 296.7460 0.3625 0.1926 -0.5077 3.1660 6.0000 0.1890 0.0585 
12.5640 10.0000 263.6680 0.3475 0.1870 -0.5320 3.1975 7.0000 0.0579 0.0533 
12.3240 9.0000 263.6800 0.3713 0.1950 -0.5095 3.2458 6.0000 0.1409 0.0755 
12.6880 10.0000 273.6540 0.3678 0.2001 -0.5298 3.2358 7.0000 0.0625 0.0972 
12.3600 8.0000 259.8940 0.3583 0.1888 -0.5184 3.2294 6.0000 0.8381 0.0953 
12.4520 10.0000 265.7660 0.3517 0.1913 -0.4913 3.2352 6.0000 0.8304 0.0909 
12.1440 10.0000 242.5940 0.3361 0.1882 -0.4831 3.2621 6.0000 0.8262 0.0592 
13.1160 11.0000 289.7600 0.3342 0.1935 -0.4473 3.2016 6.0000 0.9488 0.0759 
12.8540 5.0000 276.4560 0.3558 0.1940 -0.5358 3.2169 6.0000 0.6062 0.0959 
11.8980 10.0000 240.9120 0.3664 0.1917 -0.5325 3.2776 7.0000 0.7529 0.0768 
11.8180 10.0000 237.7200 0.3778 0.2076 -0.4996 3.3587 6.0000 0.3907 0.1002 
11.8700 10.0000 242.7480 0.3633 0.2029 -0.4648 3.3018 7.0000 0.4272 0.0662 
12.2900 8.0000 259.4700 0.3749 0.2063 -0.5029 3.2915 6.0000 0.1327 0.0634 
12.1920 10.0000 263.0100 0.3867 0.1955 -0.5285 3.2377 7.0000 0.1324 0.0633 
12.3820 11.0000 256.4560 0.3659 0.1904 -0.5528 3.2413 7.0000 0.5721 0.0938 
12.0680 6.0000 247.5020 0.3644 0.1972 -0.5063 3.2983 6.0000 0.5100 0.0641 
11.9360 10.0000 243.7380 0.3520 0.1952 -0.4664 3.2983 7.0000 0.5250 0.1221 
12.0380 9.0000 249.1080 0.3645 0.2017 -0.4757 3.2784 6.0000 0.4861 0.0754 
12.1040 9.0000 254.5680 0.3544 0.1882 -0.4864 3.2419 6.0000 0.1736 0.1055 
12.5140 10.0000 267.8240 0.3370 0.1879 -0.4530 3.2229 6.0000 0.6189 0.0567 
11.7880 8.0000 229.6640 0.3481 0.2007 -0.4549 3.3144 6.0000 0.7941 0.0771 
12.4360 11.0000 260.4020 0.3603 0.1893 -0.5483 3.2293 6.0000 0.6592 0.1127 
12.2660 10.0000 257.4940 0.3764 0.2001 -0.5237 3.2534 6.0000 0.6969 0.0724 
12.1440 10.0000 257.2820 0.3458 0.1835 -0.4734 3.2230 6.0000 0.6133 0.0922 
12.4900 10.0000 269.3480 0.3564 0.1949 -0.4803 3.2258 6.0000 0.6587 0.1110 
12.4240 10.0000 257.3560 0.3543 0.1990 -0.4970 3.2755 6.0000 0.3483 0.0839 
12.1800 11.0000 247.5000 0.3582 0.1977 -0.4988 3.2836 6.0000 0.1731 0.0550 
12.4660 10.0000 262.0240 0.3342 0.1915 -0.4547 3.2368 6.0000 0.4858 0.0555 
12.3680 7.0000 246.8300 0.3220 0.1877 -0.4607 3.2156 6.0000 0.6125 0.0798 
11.7360 8.0000 227.3860 0.3644 0.1955 -0.5349 3.2974 6.0000 0.5691 0.0850 
11.6360 8.0000 226.2380 0.3572 0.1992 -0.4707 3.3070 6.0000 0.5253 0.0836 
12.4260 11.0000 256.8100 0.3483 0.1861 -0.5228 3.2096 6.0000 0.3456 0.1056 
12.2340 10.0000 257.1740 0.3619 0.1938 -0.5003 3.2646 6.0000 0.1335 0.0647 
12.4260 10.0000 266.0080 0.3512 0.1891 -0.4866 3.2389 6.0000 0.2598 0.0721 
12.3120 5.0000 256.4280 0.3500 0.2031 -0.4582 3.2713 6.0000 0.7008 0.1040 
12.7380 11.0000 267.7100 0.3409 0.1973 -0.4694 3.2188 6.0000 0.7016 0.0559 
12.4940 6.0000 265.6040 0.3631 0.1998 -0.4939 3.2534 7.0000 0.6962 0.0546 
11.5600 9.0000 232.7980 0.3671 0.1982 -0.4878 3.3311 7.0000 0.5637 0.0925 
11.4760 9.0000 234.6380 0.3900 0.2035 -0.4898 3.3683 6.0000 0.1780 0.0639 
12.1960 10.0000 254.9600 0.3530 0.1929 -0.4805 3.2412 6.0000 0.2218 0.0592 
12.3860 8.0000 261.7060 0.3496 0.1912 -0.4985 3.2405 8.0000 0.5703 0.1091 
11.8760 8.0000 243.6360 0.3691 0.1990 -0.4919 3.2996 7.0000 0.6605 0.0648 
12.0500 10.0000 246.6960 0.3583 0.2004 -0.4796 3.2803 6.0000 0.5709 0.0782 
12.1220 10.0000 242.8120 0.3433 0.1965 -0.4641 3.2462 6.0000 0.4867 0.0929 
12.1940 10.0000 253.8500 0.3682 0.1957 -0.5279 3.2548 6.0000 0.2323 0.0875 
12.0820 9.0000 246.7960 0.3514 0.1925 -0.4791 3.2421 6.0000 0.1607 0.0796 
12.9340 10.0000 278.6980 0.3578 0.1929 -0.5332 3.2076 6.0000 0.2863 0.0693 
11.9240 10.0000 244.5500 0.3630 0.1912 -0.4996 3.2609 6.0000 0.1880 0.0700 
11.7820 10.0000 237.9960 0.3423 0.1875 -0.4606 3.2993 6.0000 0.1961 0.0790 
12.7400 6.0000 273.5080 0.3625 0.2018 -0.4922 3.2482 6.0000 0.7824 0.0953 
12.6620 10.0000 269.2300 0.3447 0.1876 -0.4998 3.1850 5.0000 0.7839 0.0909 
12.9720 11.0000 280.1340 0.3608 0.1939 -0.5467 3.2142 6.0000 0.6122 0.0718 
11.9940 10.0000 247.1300 0.3526 0.1918 -0.4743 3.2694 6.0000 0.3461 0.0773 
12.0560 10.0000 248.8020 0.3460 0.1825 -0.5120 3.2447 6.0000 0.4756 0.0759 
12.3060 11.0000 255.7520 0.3492 0.1879 -0.4905 3.2316 6.0000 0.5174 0.0959 
12.2800 10.0000 252.9360 0.3568 0.1959 -0.5112 3.2494 6.0000 0.6594 0.0768 
11.9920 6.0000 251.9140 0.3879 0.2012 -0.5187 3.2950 6.0000 0.3774 0.1002 
12.6660 6.0000 263.9220 0.3255 0.1892 -0.4555 3.2106 7.0000 0.4331 0.0662 
12.1220 5.0000 245.7720 0.3429 0.1995 -0.4355 3.2689 6.0000 0.5674 0.0713 
12.4720 6.0000 266.1960 0.3424 0.1911 -0.4627 3.2275 6.0000 0.1403 0.1310 
12.1780 10.0000 248.6320 0.3635 0.2027 -0.4924 3.2832 6.0000 0.1675 0.0938 
11.9260 8.0000 247.4680 0.3500 0.1900 -0.4723 3.2547 6.0000 0.4820 0.0641 
12.0400 10.0000 248.9940 0.3397 0.1935 -0.4340 3.2652 6.0000 0.5178 0.1221 
11.0780 10.0000 211.0560 0.3610 0.1930 -0.4715 3.3408 6.0000 0.4809 0.0754 
11.8820 6.0000 235.3420 0.3515 0.1948 -0.4939 3.3029 6.0000 0.1329 0.1055 
12.2020 10.0000 246.3800 0.3558 0.1974 -0.5129 3.2720 6.0000 0.7069 0.0567 
12.4720 10.0000 258.8600 0.3681 0.2054 -0.4977 3.2777 6.0000 0.8283 0.0771 
12.7020 10.0000 268.0700 0.3405 0.2043 -0.4334 3.2587 6.0000 0.6108 0.0650 
12.0360 10.0000 248.4480 0.3696 0.1964 -0.4906 3.3030 7.0000 0.6608 0.0724 
11.8840 10.0000 245.6120 0.3585 0.1903 -0.4821 3.2828 6.0000 0.5711 0.0913 
12.1760 10.0000 252.9540 0.3708 0.2011 -0.5172 3.2857 7.0000 0.1351 0.0662 
12.2140 10.0000 245.9440 0.3560 0.1998 -0.4945 3.3126 7.0000 0.1305 0.0722 
11.8060 7.0000 245.1200 0.3789 0.1898 -0.5368 3.2894 7.0000 0.6590 0.0550 
12.2440 10.0000 256.8500 0.3630 0.1905 -0.5283 3.2373 6.0000 0.6509 0.0638 
12.1820 10.0000 246.6560 0.3326 0.1821 -0.5006 3.2444 6.0000 0.5263 0.0618 
12.3320 10.0000 252.4700 0.3648 0.2042 -0.5187 3.2823 6.0000 0.1352 0.0887 
12.2700 9.0000 259.5440 0.3701 0.1955 -0.5084 3.2494 6.0000 0.2666 0.0974 
12.3340 10.0000 267.4540 0.3586 0.1859 -0.4970 3.2248 6.0000 0.4327 0.0752 
12.2640 9.0000 256.6860 0.3571 0.1867 -0.5255 3.2302 6.0000 0.5785 0.0398 
11.9980 9.0000 246.4360 0.3768 0.2001 -0.5278 3.3000 7.0000 0.5253 0.0721 
12.1620 6.0000 247.1600 0.3504 0.1932 -0.5172 3.2472 6.0000 0.7826 0.1040 
12.2220 10.0000 253.4900 0.3646 0.1971 -0.5061 3.2526 6.0000 0.6112 0.1016 
11.8680 10.0000 231.0380 0.3376 0.1937 -0.4708 3.3013 6.0000 0.0920 0.0533 
12.4800 10.0000 268.4540 0.3726 0.1932 -0.5502 3.2226 6.0000 0.1336 0.0795 
12.4660 7.0000 263.5880 0.3456 0.1907 -0.4809 3.2393 8.0000 0.5722 0.0948 
12.1440 10.0000 252.9560 0.3580 0.1958 -0.4807 3.2702 6.0000 0.6165 0.0592 
11.9300 9.0000 242.0360 0.3571 0.1964 -0.4830 3.2791 6.0000 0.8256 0.1091 
12.8000 10.0000 278.8980 0.3480 0.1907 -0.5111 3.2060 6.0000 0.6262 0.0648 
12.2740 11.0000 247.2900 0.3688 0.2075 -0.5172 3.3144 6.0000 0.6573 0.0782 
12.2180 10.0000 249.7680 0.3461 0.1942 -0.4911 3.2594 6.0000 0.4397 0.0782 
12.6160 11.0000 267.2900 0.3502 0.1934 -0.5005 3.2396 6.0000 0.1993 0.0835 
12.4840 10.0000 261.2300 0.3643 0.1997 -0.5053 3.2429 6.0000 0.1973 0.0546 
12.1740 10.0000 246.6160 0.3413 0.1916 -0.4902 3.2471 7.0000 0.1569 0.0741 
12.1240 10.0000 247.8500 0.3393 0.1971 -0.4509 3.2809 6.0000 0.0656 0.0806 
