12.3784 10.0000 256.5436 0.3449 0.1902 -0.4655 0.0000 0.0000 5.3315 0.0683 
12.6320 10.0000 268.5504 0.3627 0.1945 -0.5012 0.0000 0.0000 5.5582 0.0718 
12.1896 10.0000 253.6108 0.3584 0.1930 -0.4772 0.0000 0.0000 5.6774 0.0653 
12.5880 5.0000 265.7712 0.3546 0.1933 -0.4893 0.0000 0.0000 5.6361 0.0499 
12.3628 10.0000 260.2412 0.3607 0.1940 -0.4802 0.0000 0.0000 5.5082 0.0653 
12.3324 10.0000 258.2412 0.3709 0.1956 -0.5128 0.0000 0.0000 5.4193 0.0653 
12.2936 10.0000 253.8256 0.3572 0.1968 -0.4767 0.0000 0.0000 5.4269 0.0643 
12.1608 10.0000 249.4232 0.3731 0.2026 -0.4989 0.0000 0.0000 5.6342 0.0807 
12.3144 10.0000 255.3096 0.3603 0.1963 -0.4834 0.0000 0.0000 5.5899 0.0643 
12.3852 10.0000 256.2924 0.3550 0.1902 -0.5018 0.0000 0.0000 5.1075 0.0499 
12.2640 10.0000 251.8756 0.3734 0.1974 -0.5170 0.0000 0.0000 5.3456 0.0653 
12.4228 10.0000 260.9292 0.3712 0.1976 -0.5173 0.0000 0.0000 0.6154 0.0723 
12.5016 10.0000 263.5436 0.3639 0.1950 -0.5031 0.0000 0.0000 0.6155 0.0831 
12.1772 10.0000 251.5172 0.3706 0.2020 -0.4853 0.0000 0.0000 1.1438 0.0528 
12.1684 10.0000 252.1604 0.3643 0.1919 -0.5043 0.0000 0.0000 1.0573 0.0719 
12.4380 10.0000 259.4040 0.3458 0.1892 -0.4793 0.0000 0.0000 1.7432 0.0826 
12.1200 10.0000 251.2284 0.3644 0.1962 -0.4745 0.0000 0.0000 2.5802 0.0826 
12.2788 4.0000 253.9440 0.3661 0.2021 -0.4891 0.0000 0.0000 2.8995 0.0826 
12.2464 8.0000 250.5684 0.3527 0.1917 -0.4914 0.0000 0.0000 2.8968 0.0575 
12.3460 10.0000 257.9444 0.3623 0.1974 -0.4903 0.0000 0.0000 3.0780 0.0691 
12.5780 10.0000 267.7740 0.3623 0.1878 -0.5187 0.0000 0.0000 2.6386 0.0575 
12.4328 10.0000 257.4504 0.3540 0.1918 -0.5004 0.0000 0.0000 1.7951 0.0762 
12.3048 8.0000 255.0296 0.3766 0.2035 -0.5147 0.0000 0.0000 0.6185 0.0801 
12.1080 10.0000 249.5672 0.3690 0.1985 -0.4856 0.0000 0.0000 0.9214 0.0608 
12.2024 10.0000 255.3740 0.3714 0.1934 -0.5026 0.0000 0.0000 0.8788 0.0502 
12.0952 10.0000 250.8604 0.3577 0.1952 -0.4561 0.0000 0.0000 0.9229 0.0769 
12.1084 8.0000 249.4888 0.3643 0.1939 -0.4959 0.0000 0.0000 1.9329 0.0676 
12.3492 9.0000 258.0580 0.3629 0.1945 -0.4958 0.0000 0.0000 2.1088 0.0731 
12.3096 10.0000 254.4428 0.3679 0.1985 -0.5038 0.0000 0.0000 1.8022 0.0731 
12.4268 10.0000 255.4096 0.3691 0.2027 -0.5163 0.0000 0.0000 1.3217 0.0573 
12.3860 9.0000 260.5376 0.3740 0.1962 -0.5259 0.0000 0.0000 1.3596 0.0566 
11.9696 7.0000 245.6876 0.3629 0.1947 -0.4761 0.0000 0.0000 1.2835 0.0566 
11.9504 8.0000 241.1156 0.3594 0.1968 -0.4780 0.0000 0.0000 0.9191 0.0628 
12.4404 10.0000 260.1692 0.3705 0.1978 -0.5135 0.0000 0.0000 0.6594 0.0769 
12.1252 10.0000 251.6348 0.3707 0.1950 -0.4975 0.0000 0.0000 1.0823 0.0659 
12.4232 10.0000 261.3028 0.3619 0.1933 -0.5060 0.0000 0.0000 0.9998 0.0644 
12.3588 8.0000 256.3972 0.3548 0.1917 -0.4987 0.0000 0.0000 0.8765 0.0640 
12.3300 10.0000 254.0000 0.3725 0.2060 -0.4987 0.0000 0.0000 0.6206 0.0732 
12.5864 10.0000 264.6476 0.3611 0.1949 -0.5054 0.0000 0.0000 0.8359 0.0798 
12.0320 10.0000 246.9560 0.3610 0.1973 -0.4684 0.0000 0.0000 0.9181 0.0689 
12.4080 10.0000 259.0604 0.3616 0.1970 -0.4959 0.0000 0.0000 0.8416 0.0669 
12.4488 10.0000 261.0400 0.3506 0.1893 -0.4912 0.0000 0.0000 1.3149 0.0492 
12.4028 10.0000 259.5140 0.3696 0.1994 -0.4995 0.0000 0.0000 1.0129 0.0559 
12.6272 10.0000 269.2904 0.3756 0.1989 -0.5269 0.0000 0.0000 0.9663 0.0632 
12.2564 10.0000 256.9004 0.3657 0.1929 -0.4964 0.0000 0.0000 0.8805 0.0632 
12.4736 10.0000 259.9472 0.3638 0.1993 -0.4976 0.0000 0.0000 0.6595 0.0632 
12.7164 10.0000 273.4832 0.3757 0.1999 -0.5251 0.0000 0.0000 0.8817 0.0689 
12.2364 10.0000 251.5204 0.3607 0.1981 -0.4787 0.0000 0.0000 0.8798 0.0675 
12.1048 10.0000 249.6332 0.3662 0.2007 -0.4726 0.0000 0.0000 0.9247 0.0713 
12.1384 10.0000 249.4008 0.3652 0.1997 -0.4780 0.0000 0.0000 0.8802 0.0678 
12.4876 7.0000 262.8984 0.3617 0.1962 -0.4874 0.0000 0.0000 0.7910 0.0599 
12.4296 10.0000 259.0424 0.3571 0.1953 -0.4922 0.0000 0.0000 0.9658 0.0552 
12.3584 10.0000 254.7428 0.3667 0.2008 -0.4992 0.0000 0.0000 0.8385 0.0765 
12.2700 10.0000 256.5432 0.3649 0.1948 -0.4970 0.0000 0.0000 0.8771 0.0547 
12.3796 10.0000 259.1876 0.3727 0.2019 -0.5033 0.0000 0.0000 0.8780 0.0765 
12.3128 10.0000 259.0564 0.3824 0.2045 -0.5059 0.0000 0.0000 2.1087 0.0812 
12.2736 10.0000 253.2308 0.3709 0.2008 -0.5000 0.0000 0.0000 2.1114 0.0841 
12.1880 10.0000 250.3556 0.3667 0.1919 -0.5140 0.0000 0.0000 1.4506 0.0841 
12.4720 10.0000 264.7364 0.3548 0.1905 -0.4807 0.0000 0.0000 0.6614 0.0713 
12.3368 9.0000 254.1276 0.3741 0.1996 -0.5235 0.0000 0.0000 0.8785 0.0607 
12.8140 10.0000 273.7316 0.3560 0.1918 -0.5086 0.0000 0.0000 0.9523 0.0644 
12.4428 10.0000 259.3068 0.3541 0.1864 -0.5156 0.0000 0.0000 0.9220 0.0792 
12.4168 8.0000 259.8908 0.3640 0.1940 -0.5083 0.0000 0.0000 0.7000 0.0637 
12.2912 10.0000 257.1708 0.3754 0.2022 -0.4965 0.0000 0.0000 0.9249 0.0719 
12.2872 10.0000 256.4136 0.3737 0.1980 -0.5050 0.0000 0.0000 0.6599 0.0710 
12.3680 9.0000 261.1368 0.3690 0.1970 -0.4994 0.0000 0.0000 1.1013 0.0642 
12.4284 10.0000 259.1928 0.3593 0.1898 -0.5179 0.0000 0.0000 1.0566 0.0658 
12.1960 10.0000 253.5820 0.3765 0.2026 -0.4976 0.0000 0.0000 0.9253 0.0704 
12.2168 10.0000 248.5644 0.3551 0.1940 -0.4902 0.0000 0.0000 1.1869 0.0642 
12.4956 10.0000 262.6928 0.3618 0.1911 -0.5125 0.0000 0.0000 1.1449 0.0749 
12.1540 10.0000 251.8872 0.3738 0.2002 -0.4964 0.0000 0.0000 0.9250 0.0655 
12.2352 10.0000 254.3440 0.3623 0.1941 -0.4837 0.0000 0.0000 0.6585 0.0800 
12.5128 10.0000 262.0508 0.3665 0.2005 -0.5024 0.0000 0.0000 0.9246 0.0610 
12.3508 10.0000 257.7640 0.3614 0.1958 -0.4908 0.0000 0.0000 0.9225 0.0683 
12.4976 7.0000 264.3364 0.3719 0.1971 -0.5092 0.0000 0.0000 0.8831 0.0776 
12.1144 10.0000 249.4516 0.3673 0.1975 -0.4864 0.0000 0.0000 0.9262 0.0776 
12.3484 10.0000 261.6388 0.3702 0.1933 -0.5121 0.0000 0.0000 0.6998 0.0655 
12.2744 10.0000 254.3308 0.3588 0.1964 -0.4733 0.0000 0.0000 0.9232 0.0599 
12.4844 10.0000 265.7368 0.3640 0.1885 -0.5195 0.0000 0.0000 0.8803 0.0833 
12.0280 10.0000 250.5992 0.3814 0.1998 -0.5025 0.0000 0.0000 1.1402 0.0599 
11.9672 10.0000 245.4564 0.3673 0.1959 -0.4812 0.0000 0.0000 1.0990 0.0833 
12.4580 10.0000 260.7500 0.3750 0.2020 -0.5180 0.0000 0.0000 0.9240 0.0676 
12.0552 10.0000 249.1728 0.3663 0.1909 -0.5020 0.0000 0.0000 0.8240 0.0717 
12.3320 10.0000 260.4856 0.3611 0.1854 -0.5049 0.0000 0.0000 1.5113 0.0717 
12.1984 10.0000 251.0528 0.3580 0.1928 -0.4834 0.0000 0.0000 0.9223 0.0593 
12.3924 8.0000 260.4880 0.3752 0.2001 -0.5067 0.0000 0.0000 0.9535 0.0775 
12.5684 10.0000 267.1716 0.3668 0.1979 -0.5010 0.0000 0.0000 1.1889 0.0757 
12.1936 8.0000 248.9092 0.3595 0.1939 -0.4993 0.0000 0.0000 1.1453 0.0606 
12.3544 8.0000 257.5148 0.3586 0.1986 -0.4711 0.0000 0.0000 0.8791 0.0779 
12.2444 5.0000 255.1352 0.3785 0.2069 -0.4870 0.0000 0.0000 1.2309 0.0791 
12.5016 10.0000 264.1008 0.3704 0.1957 -0.5197 0.0000 0.0000 1.1456 0.0791 
12.2500 10.0000 256.6492 0.3653 0.1931 -0.5021 0.0000 0.0000 1.0566 0.0791 
12.2708 8.0000 259.7564 0.3723 0.1988 -0.4916 0.0000 0.0000 1.0978 0.0791 
12.1832 8.0000 252.0104 0.3650 0.1937 -0.4992 0.0000 0.0000 0.6996 0.0791 
12.4476 10.0000 264.7316 0.3466 0.1836 -0.4841 0.0000 0.0000 1.7590 0.0791 
12.4600 10.0000 259.7300 0.3646 0.1934 -0.5146 0.0000 0.0000 1.3205 0.0791 
12.0140 9.0000 245.3160 0.3744 0.1971 -0.5053 0.0000 0.0000 0.9243 0.0791 
12.2904 2.0000 256.6088 0.3752 0.1986 -0.5139 0.0000 0.0000 0.9264 0.0791 
12.4012 10.0000 258.7184 0.3592 0.1948 -0.4903 0.0000 0.0000 0.6593 0.0791 
12.4568 10.0000 262.9464 0.3778 0.1979 -0.5326 0.0000 0.0000 0.9683 0.0791 
