12.4840 9.0000 266.2800 0.2784 0.1465 -0.4505 3.1172 6.0000 0.9831 0.0737 
12.3260 11.0000 242.7580 0.2816 0.1539 -0.4974 3.1635 6.0000 0.8695 0.0845 
12.0560 9.0000 244.1940 0.3060 0.1520 -0.5211 3.1669 6.0000 0.1320 0.0678 
11.9620 10.0000 242.6460 0.2921 0.1469 -0.4913 3.1504 6.0000 0.5312 0.0767 
12.9920 9.0000 289.4180 0.2918 0.1459 -0.4909 3.0679 5.0000 0.2188 0.0955 
12.3220 11.0000 248.7760 0.2788 0.1480 -0.4782 3.1427 6.0000 0.6512 0.0798 
11.9020 10.0000 248.6840 0.3004 0.1531 -0.4617 3.1744 6.0000 0.8262 0.0786 
11.7760 8.0000 238.4840 0.2984 0.1498 -0.4780 3.1738 6.0000 0.5723 0.0710 
11.6760 9.0000 229.4880 0.3003 0.1521 -0.4869 3.1978 7.0000 0.8643 0.1095 
12.3500 9.0000 256.9140 0.3051 0.1500 -0.5271 3.1295 6.0000 0.7395 0.0832 
11.4000 9.0000 224.9620 0.2807 0.1474 -0.4133 3.2002 6.0000 0.4406 0.0803 
12.5680 10.0000 265.7420 0.2945 0.1486 -0.5141 3.1107 6.0000 0.1714 0.0902 
12.3180 11.0000 253.6040 0.2823 0.1480 -0.4824 3.1228 6.0000 0.5272 0.0896 
12.6880 10.0000 274.5460 0.3013 0.1560 -0.4933 3.1178 6.0000 0.5296 0.0583 
12.6020 10.0000 266.9920 0.2923 0.1511 -0.4973 3.1131 6.0000 0.3080 0.0846 
12.3020 7.0000 254.3620 0.2821 0.1467 -0.4805 3.1333 6.0000 0.5291 0.1050 
11.8740 9.0000 228.1360 0.2928 0.1503 -0.5107 3.1809 6.0000 0.7489 0.0873 
12.1500 10.0000 255.3240 0.3002 0.1471 -0.5010 3.1295 5.0000 0.9146 0.0670 
11.6440 7.0000 237.8100 0.3064 0.1483 -0.4820 3.1799 6.0000 0.8387 0.0526 
11.6440 9.0000 235.8720 0.3057 0.1495 -0.4974 3.1738 6.0000 0.8730 0.1003 
12.3140 8.0000 267.5380 0.3192 0.1491 -0.5097 3.1130 6.0000 0.7979 0.0788 
11.8280 10.0000 240.5260 0.2923 0.1457 -0.4741 3.1565 6.0000 0.8326 0.0739 
12.5840 11.0000 261.9000 0.2864 0.1489 -0.4891 3.1141 6.0000 0.7480 0.0772 
12.4940 7.0000 261.4140 0.2972 0.1558 -0.4946 3.1356 6.0000 0.8126 0.0564 
11.8700 10.0000 237.3460 0.2814 0.1484 -0.4611 3.1763 6.0000 0.6140 0.0678 
12.0360 10.0000 250.5720 0.2851 0.1435 -0.4749 3.1408 5.0000 0.1735 0.0635 
12.2160 8.0000 248.3420 0.2832 0.1463 -0.4781 3.1374 6.0000 0.4335 0.0700 
12.2660 7.0000 249.7340 0.3010 0.1523 -0.5054 3.1404 6.0000 0.7048 0.0817 
11.9700 8.0000 247.6560 0.3069 0.1435 -0.5120 3.1285 6.0000 0.7493 0.0681 
11.4720 9.0000 218.6560 0.2884 0.1493 -0.4634 3.2018 7.0000 0.6178 0.0992 
11.7800 9.0000 239.5280 0.2979 0.1519 -0.4628 3.1751 6.0000 0.3323 0.1320 
11.9780 10.0000 248.8200 0.3021 0.1472 -0.5000 3.1441 5.0000 0.5691 0.0725 
12.0060 9.0000 255.4500 0.3148 0.1461 -0.5011 3.1407 6.0000 0.6923 0.0911 
12.0300 10.0000 256.5680 0.2936 0.1497 -0.4405 3.1529 7.0000 0.8323 0.0653 
11.8040 5.0000 239.1280 0.2982 0.1482 -0.4716 3.1710 6.0000 0.7905 0.0899 
12.0780 10.0000 247.1180 0.2865 0.1470 -0.4783 3.1474 6.0000 0.6582 0.0654 
12.1580 10.0000 256.0880 0.2822 0.1400 -0.4772 3.1154 6.0000 0.1317 0.0915 
12.3040 10.0000 253.2800 0.2904 0.1503 -0.4720 3.1419 6.0000 0.1360 0.0647 
11.8760 10.0000 238.1120 0.3031 0.1501 -0.4991 3.1745 6.0000 0.6183 0.0789 
11.9600 10.0000 239.8580 0.2806 0.1481 -0.4636 3.1573 6.0000 0.6610 0.0822 
12.2160 10.0000 252.2620 0.2921 0.1505 -0.4862 3.1383 7.0000 0.6099 0.0653 
11.8480 10.0000 242.2400 0.2882 0.1482 -0.4481 3.1597 6.0000 0.5409 0.0592 
12.2040 10.0000 255.6860 0.2840 0.1469 -0.4533 3.1305 6.0000 0.3245 0.0821 
11.9660 10.0000 242.0960 0.2966 0.1491 -0.4805 3.1558 6.0000 0.3594 0.0844 
12.0140 10.0000 250.6440 0.2847 0.1476 -0.4383 3.1521 6.0000 0.1751 0.0705 
12.8420 10.0000 280.4080 0.2905 0.1465 -0.5023 3.0833 6.0000 0.1465 0.0837 
11.2860 10.0000 222.3600 0.2938 0.1449 -0.4630 3.1979 7.0000 1.0272 0.0737 
11.9300 8.0000 237.8500 0.2979 0.1509 -0.4949 3.1626 6.0000 0.9214 0.1035 
12.6120 10.0000 275.8980 0.3012 0.1543 -0.4770 3.1273 6.0000 0.9261 0.0603 
12.5340 10.0000 266.5000 0.2896 0.1451 -0.5076 3.1032 5.0000 0.8606 0.0798 
12.4340 6.0000 260.0920 0.2812 0.1428 -0.4954 3.1085 6.0000 0.5783 0.0686 
11.9080 8.0000 249.3800 0.3048 0.1427 -0.5013 3.1374 5.0000 0.3178 0.0977 
12.2100 10.0000 257.4040 0.2876 0.1442 -0.4939 3.1190 6.0000 0.3951 0.0477 
11.3260 7.0000 217.3140 0.2869 0.1453 -0.4607 3.1973 6.0000 0.6591 0.1095 
11.8880 10.0000 243.1140 0.3069 0.1497 -0.4880 3.1739 6.0000 0.5588 0.0832 
12.2460 10.0000 261.9520 0.2864 0.1379 -0.4674 3.1053 6.0000 0.6517 0.0660 
11.8420 9.0000 243.3640 0.3058 0.1566 -0.4681 3.1627 6.0000 0.2192 0.0664 
12.0920 10.0000 243.2780 0.2739 0.1480 -0.4481 3.1516 6.0000 0.3071 0.0896 
11.2800 5.0000 218.0440 0.2901 0.1483 -0.4391 3.2243 6.0000 0.5612 0.0848 
11.7040 10.0000 229.0140 0.2889 0.1475 -0.4620 3.1796 6.0000 0.3060 0.0846 
12.7060 11.0000 273.3220 0.2955 0.1478 -0.5021 3.0943 6.0000 0.4839 0.1050 
11.9080 4.0000 240.6320 0.2905 0.1482 -0.4704 3.1476 6.0000 0.8352 0.0873 
12.1560 10.0000 255.7900 0.2946 0.1486 -0.4800 3.1381 6.0000 0.8286 0.0670 
12.5420 11.0000 261.7220 0.2776 0.1448 -0.4701 3.1082 6.0000 0.8377 0.0526 
11.6800 9.0000 232.2780 0.2925 0.1550 -0.4511 3.2010 7.0000 0.8821 0.1003 
12.3520 10.0000 257.6380 0.2945 0.1513 -0.4931 3.1358 6.0000 0.7895 0.0788 
12.4600 10.0000 266.9840 0.2881 0.1517 -0.4519 3.1405 6.0000 0.8430 0.0739 
11.9800 10.0000 241.6900 0.2874 0.1477 -0.4782 3.1608 6.0000 0.7865 0.0772 
11.8800 10.0000 245.1740 0.2889 0.1448 -0.4506 3.1532 6.0000 0.8976 0.0564 
12.2900 10.0000 256.3240 0.2909 0.1455 -0.4860 3.1232 6.0000 0.7939 0.0482 
12.2880 10.0000 251.8720 0.2841 0.1444 -0.4994 3.1312 6.0000 0.6621 0.0700 
12.2360 10.0000 252.4740 0.2987 0.1510 -0.4886 3.1293 5.0000 0.7935 0.1037 
11.7100 9.0000 239.5280 0.3022 0.1464 -0.4861 3.1690 6.0000 0.6145 0.1056 
12.0400 10.0000 245.1240 0.2863 0.1485 -0.4661 3.1453 6.0000 0.2648 0.0644 
11.9480 10.0000 243.0920 0.2968 0.1543 -0.4731 3.1761 6.0000 0.3523 0.1320 
12.2960 8.0000 252.4520 0.2949 0.1483 -0.4873 3.1331 6.0000 0.8616 0.0725 
11.5420 9.0000 233.0560 0.2989 0.1474 -0.4639 3.1852 6.0000 0.9129 0.0705 
11.7140 8.0000 233.7440 0.3037 0.1509 -0.4957 3.1757 6.0000 0.8373 0.0653 
12.2560 10.0000 255.3360 0.2849 0.1450 -0.4645 3.1239 6.0000 0.7915 0.0899 
12.1100 10.0000 244.8040 0.2754 0.1461 -0.4579 3.1320 6.0000 0.7471 0.0534 
12.6140 10.0000 264.9260 0.2799 0.1465 -0.4813 3.1076 6.0000 0.6333 0.0702 
12.2040 7.0000 247.7740 0.2878 0.1479 -0.4834 3.1448 5.0000 0.1761 0.0724 
12.0600 7.0000 250.2120 0.2861 0.1450 -0.4634 3.1387 8.0000 0.2178 0.1150 
12.1620 10.0000 253.1960 0.2944 0.1455 -0.4878 3.1319 6.0000 0.5722 0.0822 
12.1700 9.0000 257.7920 0.3086 0.1512 -0.5033 3.1395 6.0000 0.5222 0.0653 
11.7660 7.0000 237.2580 0.2939 0.1468 -0.4689 3.1604 6.0000 0.5406 0.0774 
11.5440 8.0000 223.0220 0.2820 0.1514 -0.4534 3.2213 6.0000 0.2884 0.0671 
12.4020 9.0000 260.4320 0.2941 0.1517 -0.5027 3.1207 5.0000 0.2166 0.0702 
12.6760 10.0000 272.2480 0.3028 0.1494 -0.5290 3.0967 6.0000 0.0593 0.0690 
11.5980 10.0000 234.3280 0.3049 0.1476 -0.4753 3.1681 6.0000 0.0767 0.0856 
12.1560 9.0000 253.1800 0.3059 0.1479 -0.5182 3.1387 5.0000 0.0671 0.0956 
11.9440 8.0000 245.0840 0.2972 0.1493 -0.4757 3.1549 6.0000 0.0339 0.0840 
11.7920 7.0000 241.9340 0.3080 0.1520 -0.4778 3.1665 6.0000 1.0375 0.0737 
12.2900 10.0000 254.7480 0.2961 0.1476 -0.5000 3.1481 6.0000 0.9596 0.0678 
12.3300 10.0000 265.8240 0.2941 0.1482 -0.4629 3.1146 5.0000 0.9153 0.0603 
12.3640 10.0000 263.7260 0.2898 0.1472 -0.4691 3.1323 6.0000 0.8483 0.0798 
12.9540 11.0000 277.6080 0.2714 0.1450 -0.4746 3.0877 6.0000 0.5247 0.0686 
12.3100 10.0000 257.6580 0.2921 0.1438 -0.5114 3.1110 6.0000 0.3086 0.0977 
11.8700 8.0000 238.2640 0.2919 0.1478 -0.4845 3.1565 6.0000 0.3954 0.0477 
12.1080 10.0000 255.9820 0.3054 0.1502 -0.4887 3.1529 6.0000 0.7836 0.0719 
11.9860 8.0000 246.2940 0.3034 0.1529 -0.4923 3.1500 6.0000 0.5273 0.0832 
12.8080 11.0000 275.4760 0.2946 0.1491 -0.4990 3.0975 6.0000 0.6161 0.0619 
12.5020 9.0000 261.3740 0.2846 0.1521 -0.4718 3.1348 6.0000 0.1800 0.0736 
11.6100 9.0000 234.5140 0.2806 0.1439 -0.4469 3.1876 7.0000 0.2693 0.1057 
12.5240 4.0000 268.6220 0.2937 0.1481 -0.4849 3.1154 6.0000 0.6150 0.0929 
11.9120 9.0000 235.4380 0.2733 0.1496 -0.4463 3.1647 6.0000 0.5257 0.1050 
11.5280 10.0000 226.0960 0.2810 0.1496 -0.4206 3.1893 7.0000 1.0322 0.0873 
12.1280 10.0000 255.8120 0.3188 0.1477 -0.5296 3.1315 6.0000 0.8751 0.0670 
12.1380 10.0000 254.1480 0.2786 0.1462 -0.4424 3.1114 6.0000 0.9225 0.0526 
12.0000 8.0000 245.3860 0.2916 0.1526 -0.4523 3.1636 6.0000 0.9619 0.1003 
12.2220 10.0000 258.4740 0.2874 0.1426 -0.4703 3.1039 6.0000 0.7486 0.0788 
11.6980 9.0000 240.8980 0.3032 0.1492 -0.4666 3.1666 6.0000 0.7512 0.0498 
11.8640 10.0000 245.0540 0.3055 0.1530 -0.4715 3.1783 7.0000 0.4375 0.0854 
12.2900 9.0000 253.0960 0.2912 0.1490 -0.5008 3.1332 6.0000 0.1335 0.0423 
11.7580 10.0000 235.3400 0.3040 0.1566 -0.4810 3.2005 6.0000 0.4399 0.0564 
11.9720 10.0000 246.6140 0.2922 0.1494 -0.4700 3.1442 5.0000 0.7489 0.0482 
12.0060 9.0000 247.5580 0.2957 0.1488 -0.4786 3.1530 6.0000 0.7040 0.0700 
12.6960 9.0000 277.2400 0.2873 0.1395 -0.5050 3.0800 6.0000 0.8324 0.0817 
12.4680 10.0000 264.7840 0.2874 0.1495 -0.4764 3.1214 6.0000 0.7873 0.1082 
12.2280 10.0000 260.0940 0.3129 0.1492 -0.5148 3.1417 7.0000 0.4374 0.0600 
12.2940 11.0000 257.1220 0.2790 0.1465 -0.4456 3.1131 6.0000 0.1697 0.1320 
12.7440 3.0000 277.4420 0.3091 0.1516 -0.5197 3.0988 6.0000 0.6652 0.0725 
12.1360 10.0000 253.3380 0.3031 0.1523 -0.4868 3.1541 6.0000 0.7808 0.0911 
12.5080 10.0000 265.0160 0.2869 0.1440 -0.4871 3.1003 6.0000 0.8250 0.0653 
12.2700 10.0000 259.9340 0.2860 0.1445 -0.4612 3.1179 6.0000 0.7913 0.0899 
12.0380 10.0000 252.7640 0.3071 0.1513 -0.4733 3.1403 6.0000 0.8729 0.0534 
11.8460 10.0000 235.7800 0.3020 0.1518 -0.5092 3.1762 6.0000 0.7604 0.0702 
11.8280 10.0000 243.3980 0.3065 0.1502 -0.4809 3.1750 6.0000 0.6557 0.0789 
12.2220 7.0000 249.8800 0.3022 0.1551 -0.4875 3.1599 6.0000 0.7062 0.0988 
11.6120 9.0000 230.0560 0.2867 0.1515 -0.4278 3.2047 7.0000 0.3118 0.1061 
11.9140 10.0000 238.9560 0.2896 0.1483 -0.4936 3.1594 6.0000 0.1237 0.0698 
12.1900 8.0000 256.4440 0.3016 0.1453 -0.5072 3.1317 6.0000 0.3239 0.0621 
12.0480 10.0000 245.4180 0.2932 0.1479 -0.4836 3.1697 6.0000 0.2163 0.0821 
12.5480 10.0000 264.1760 0.2903 0.1481 -0.4998 3.1111 6.0000 0.3295 0.0798 
12.4720 10.0000 262.9020 0.2908 0.1461 -0.5011 3.1090 6.0000 0.1666 0.0705 
12.2720 10.0000 258.9180 0.2950 0.1454 -0.4882 3.1156 6.0000 0.1437 0.0837 
12.4960 9.0000 270.4640 0.2907 0.1481 -0.4663 3.1102 6.0000 0.0386 0.0840 
12.5060 10.0000 265.7400 0.2886 0.1438 -0.4979 3.1098 6.0000 0.0185 0.0492 
12.2840 10.0000 261.6620 0.2986 0.1510 -0.4770 3.1311 6.0000 1.0304 0.0737 
12.0780 10.0000 253.2560 0.2873 0.1428 -0.4675 3.1405 7.0000 0.8424 0.0678 
12.5020 11.0000 253.6400 0.2703 0.1499 -0.4575 3.1324 6.0000 0.8706 0.0603 
11.6660 10.0000 232.5460 0.2953 0.1506 -0.4663 3.1753 6.0000 0.1573 0.0625 
11.9680 10.0000 236.4480 0.2823 0.1461 -0.4790 3.1590 6.0000 0.3366 0.0512 
12.5320 11.0000 259.7680 0.2810 0.1426 -0.5149 3.0973 5.0000 0.6087 0.0786 
11.8840 10.0000 242.9440 0.2879 0.1486 -0.4501 3.1769 6.0000 0.5264 0.0710 
11.9580 10.0000 238.7000 0.2869 0.1474 -0.4885 3.1709 6.0000 0.1390 0.0872 
11.9760 10.0000 241.4540 0.2963 0.1522 -0.4807 3.1553 6.0000 0.6559 0.0430 
11.8140 10.0000 243.1460 0.3038 0.1475 -0.4861 3.1529 5.0000 0.4807 0.0895 
12.3300 9.0000 251.3460 0.3031 0.1545 -0.5210 3.1407 6.0000 0.7010 0.0702 
12.1400 7.0000 245.7980 0.2801 0.1505 -0.4361 3.1503 6.0000 0.5700 0.0896 
11.8640 9.0000 242.3020 0.3023 0.1488 -0.4970 3.1695 6.0000 0.4448 0.0955 
11.7200 10.0000 228.5040 0.2942 0.1570 -0.4600 3.1980 6.0000 0.2652 0.1060 
11.9740 9.0000 240.2680 0.2808 0.1498 -0.4393 3.1724 6.0000 0.5694 0.1050 
11.4940 10.0000 229.1520 0.3143 0.1468 -0.4996 3.1835 6.0000 0.8799 0.0873 
11.5980 10.0000 232.7300 0.3050 0.1484 -0.5018 3.1755 6.0000 0.8332 0.0670 
11.4980 9.0000 227.5020 0.3000 0.1498 -0.4744 3.2025 6.0000 0.7906 0.0526 
12.5820 10.0000 276.0680 0.2943 0.1415 -0.5087 3.0798 6.0000 0.9159 0.0876 
12.7580 11.0000 275.4920 0.2772 0.1468 -0.4716 3.0924 6.0000 0.8352 0.0788 
11.8940 10.0000 240.4380 0.2795 0.1446 -0.4474 3.1402 6.0000 0.8346 0.0739 
12.1280 4.0000 253.0900 0.2862 0.1435 -0.4596 3.1283 6.0000 0.7476 0.0491 
12.2060 10.0000 251.4960 0.2790 0.1431 -0.4842 3.1360 6.0000 0.2961 0.0623 
12.3000 10.0000 257.8520 0.2975 0.1485 -0.5065 3.1399 6.0000 0.1375 0.0773 
11.7420 4.0000 236.9360 0.3082 0.1526 -0.4918 3.1812 6.0000 0.5273 0.0482 
12.7820 11.0000 272.0760 0.2758 0.1486 -0.4634 3.1042 6.0000 0.7489 0.0700 
12.0540 10.0000 248.9740 0.2909 0.1428 -0.4909 3.1409 6.0000 0.7483 0.0817 
12.5100 10.0000 257.6680 0.2764 0.1482 -0.4835 3.1123 5.0000 0.7483 0.0681 
11.9780 10.0000 246.1480 0.3064 0.1529 -0.4946 3.1683 6.0000 0.6606 0.0992 
11.8000 10.0000 230.0720 0.2805 0.1481 -0.4574 3.1696 6.0000 1.0979 0.0725 
12.3460 8.0000 253.1520 0.2734 0.1460 -0.4683 3.1284 6.0000 0.8667 0.0705 
12.5580 8.0000 274.2980 0.3052 0.1504 -0.5003 3.1085 6.0000 0.7028 0.0650 
12.8880 11.0000 273.3760 0.2758 0.1495 -0.4840 3.0916 6.0000 0.2644 0.0847 
12.1100 11.0000 251.4160 0.3072 0.1532 -0.4852 3.1460 6.0000 0.2178 0.1006 
12.0040 10.0000 248.1200 0.3015 0.1460 -0.5030 3.1376 6.0000 0.6153 0.0534 
11.8540 10.0000 233.2260 0.2837 0.1422 -0.4818 3.1589 6.0000 0.6314 0.0702 
11.4440 10.0000 221.0500 0.2824 0.1459 -0.4549 3.1909 6.0000 0.6192 0.0789 
12.4100 10.0000 258.7700 0.2844 0.1491 -0.4753 3.1387 6.0000 0.6602 0.0988 
12.4800 10.0000 275.5980 0.3096 0.1460 -0.5196 3.1038 5.0000 0.3951 0.0898 
11.9400 10.0000 244.4460 0.2955 0.1460 -0.4802 3.1473 6.0000 0.1602 0.0653 
12.3760 7.0000 255.6160 0.2872 0.1505 -0.4894 3.1329 6.0000 0.4347 0.0774 
11.5740 3.0000 237.1700 0.2988 0.1476 -0.4535 3.1637 6.0000 0.2169 0.0612 
12.3740 9.0000 257.5200 0.2859 0.1468 -0.4773 3.1232 5.0000 0.1074 0.0821 
12.9100 10.0000 278.8840 0.2864 0.1470 -0.5140 3.0790 6.0000 0.3255 0.0678 
12.0060 10.0000 245.9500 0.2812 0.1466 -0.4477 3.1432 6.0000 0.0827 0.0690 
12.4400 11.0000 254.2120 0.2848 0.1433 -0.5118 3.1167 6.0000 0.0947 0.0856 
12.4600 11.0000 254.1940 0.2764 0.1453 -0.4972 3.1235 6.0000 1.0636 0.0737 
11.9840 10.0000 243.0080 0.3044 0.1523 -0.4907 3.1707 6.0000 0.9253 0.0678 
12.0160 10.0000 243.7280 0.2908 0.1471 -0.4786 3.1498 6.0000 0.8875 0.0603 
12.3400 10.0000 256.7540 0.2920 0.1470 -0.4978 3.1159 6.0000 0.8498 0.0798 
12.9760 11.0000 284.6720 0.2757 0.1464 -0.4659 3.0747 6.0000 0.3973 0.0786 
12.8100 10.0000 283.0300 0.2907 0.1460 -0.4898 3.0883 6.0000 0.1347 0.0702 
12.3860 8.0000 262.4240 0.3002 0.1476 -0.5011 3.1263 6.0000 0.3139 0.0710 
12.3760 10.0000 259.4940 0.2843 0.1443 -0.4837 3.1165 6.0000 0.7462 0.0908 
11.4920 10.0000 228.0240 0.2995 0.1544 -0.4392 3.2121 6.0000 0.1147 0.0796 
12.1340 10.0000 256.5980 0.3074 0.1449 -0.5117 3.1250 5.0000 0.4377 0.0895 
12.3400 7.0000 253.9160 0.3013 0.1561 -0.5175 3.1419 6.0000 0.6150 0.0843 
11.6680 10.0000 228.2880 0.2952 0.1500 -0.4751 3.1761 6.0000 0.2611 0.0736 
12.2280 7.0000 256.1040 0.2842 0.1484 -0.4521 3.1327 6.0000 0.2207 0.1057 
11.8920 10.0000 242.3620 0.3020 0.1508 -0.4775 3.1767 6.0000 0.6160 0.0929 
12.0160 10.0000 248.8140 0.2962 0.1504 -0.4665 3.1528 6.0000 0.6103 0.1050 
12.4400 10.0000 261.2100 0.2896 0.1495 -0.4784 3.1250 6.0000 0.9892 0.0873 
12.1460 10.0000 248.8940 0.2897 0.1493 -0.4678 3.1430 6.0000 0.6155 0.0540 
12.1600 6.0000 259.5540 0.2955 0.1453 -0.4679 3.1255 6.0000 0.2138 0.0873 
12.1100 10.0000 238.5540 0.2707 0.1433 -0.4638 3.1409 6.0000 0.2653 0.0526 
12.3340 6.0000 259.1580 0.2831 0.1462 -0.4761 3.1153 6.0000 0.7867 0.1003 
12.1780 10.0000 252.5560 0.2922 0.1466 -0.4908 3.1294 6.0000 0.7071 0.0788 
12.5560 9.0000 268.0880 0.2902 0.1484 -0.4747 3.1058 6.0000 0.8759 0.0739 
12.7740 11.0000 269.8720 0.2780 0.1469 -0.4930 3.1160 6.0000 0.8694 0.0772 
12.3220 10.0000 261.1940 0.2808 0.1496 -0.4369 3.1322 6.0000 0.7761 0.0564 
12.0640 10.0000 255.9400 0.2899 0.1457 -0.4546 3.1337 7.0000 0.7925 0.0482 
11.3740 10.0000 223.7260 0.3052 0.1509 -0.4853 3.2044 6.0000 0.7439 0.0700 
12.0220 10.0000 236.8960 0.2870 0.1427 -0.4977 3.1468 6.0000 0.6989 0.1037 
12.2020 5.0000 249.8980 0.3032 0.1536 -0.4985 3.1496 6.0000 0.5262 0.0901 
11.7300 10.0000 234.4040 0.3004 0.1514 -0.4842 3.1807 6.0000 0.1747 0.0936 
11.8700 10.0000 234.9000 0.2894 0.1477 -0.4969 3.1774 6.0000 0.5301 0.0992 
12.5400 10.0000 264.4360 0.2904 0.1519 -0.4983 3.1349 5.0000 0.8730 0.0725 
12.1840 10.0000 246.6220 0.2922 0.1479 -0.5104 3.1448 6.0000 0.8266 0.0705 
11.6300 9.0000 232.1620 0.2953 0.1450 -0.4868 3.1725 6.0000 0.2663 0.0660 
11.5820 9.0000 231.7440 0.2899 0.1427 -0.4635 3.1862 6.0000 0.1330 0.0798 
12.3940 8.0000 274.2260 0.2957 0.1495 -0.4384 3.1023 6.0000 0.6167 0.0899 
11.9140 9.0000 242.2060 0.2872 0.1481 -0.4600 3.1630 6.0000 0.8268 0.0534 
12.9020 11.0000 285.8500 0.2847 0.1464 -0.4796 3.0727 5.0000 0.7266 0.0702 
11.7120 8.0000 236.3080 0.2891 0.1452 -0.4750 3.1755 6.0000 0.6080 0.0789 
12.1260 10.0000 251.8780 0.2975 0.1476 -0.5087 3.1396 6.0000 0.6231 0.0988 
12.1760 9.0000 251.6520 0.2972 0.1487 -0.4950 3.1430 6.0000 0.3087 0.0898 
12.2620 8.0000 264.7480 0.3051 0.1499 -0.4825 3.1365 6.0000 0.1647 0.0698 
11.8820 10.0000 239.0980 0.2955 0.1491 -0.4866 3.1662 6.0000 0.3904 0.0621 
12.6980 10.0000 274.5780 0.2939 0.1477 -0.4870 3.0996 6.0000 0.2200 0.0821 
11.8080 8.0000 231.7700 0.2748 0.1472 -0.4535 3.1641 6.0000 0.3224 0.0844 
11.9760 10.0000 242.3180 0.2989 0.1517 -0.4772 3.1640 6.0000 0.1988 0.0705 
12.2140 6.0000 254.4020 0.3027 0.1472 -0.4955 3.1334 5.0000 0.1669 0.0837 
12.4200 9.0000 263.2980 0.2971 0.1482 -0.5040 3.1061 5.0000 0.9352 0.0737 
12.6780 5.0000 275.9080 0.2917 0.1444 -0.4973 3.0865 6.0000 1.0056 0.0678 
12.1840 8.0000 256.3080 0.2815 0.1452 -0.4599 3.1314 6.0000 0.9244 0.0603 
12.4460 10.0000 263.7440 0.2914 0.1445 -0.4986 3.1085 6.0000 0.8518 0.0798 
11.9620 10.0000 238.8380 0.2859 0.1458 -0.4842 3.1544 6.0000 0.4407 0.0686 
12.3320 10.0000 258.4220 0.3037 0.1478 -0.5155 3.1351 6.0000 0.2607 0.0977 
12.5320 10.0000 266.0280 0.3079 0.1479 -0.5361 3.1070 5.0000 0.2653 0.0477 
11.7400 10.0000 239.4580 0.2996 0.1458 -0.4974 3.1526 6.0000 0.7373 0.0771 
12.2720 4.0000 255.0860 0.2834 0.1472 -0.4692 3.1358 6.0000 0.5877 0.0832 
11.9880 9.0000 243.7040 0.2985 0.1525 -0.4783 3.1624 6.0000 0.6976 0.0921 
12.3420 10.0000 265.7920 0.2957 0.1448 -0.4772 3.0997 5.0000 0.2661 0.0787 
13.2500 11.0000 289.1900 0.2792 0.1418 -0.5296 3.0509 6.0000 0.3979 0.1057 
11.5580 10.0000 228.9140 0.3126 0.1560 -0.4883 3.2104 6.0000 0.6113 0.0929 
12.8980 7.0000 281.9920 0.2832 0.1461 -0.4912 3.0772 6.0000 0.5677 0.1050 
12.5280 11.0000 263.1380 0.2945 0.1536 -0.4904 3.1240 6.0000 0.9951 0.0873 
12.1240 10.0000 245.0080 0.2966 0.1455 -0.5113 3.1382 5.0000 0.8307 0.0670 
12.5440 3.0000 260.7140 0.2792 0.1493 -0.4819 3.1010 6.0000 0.8360 0.0526 
11.9540 10.0000 244.2020 0.2966 0.1495 -0.4867 3.1708 6.0000 0.8733 0.0876 
11.7140 8.0000 226.1440 0.2836 0.1526 -0.4625 3.1857 6.0000 0.7068 0.0521 
12.5340 10.0000 264.0740 0.2992 0.1519 -0.5034 3.1129 6.0000 0.4828 0.1282 
12.1080 10.0000 255.6380 0.3079 0.1479 -0.5229 3.1270 6.0000 0.1756 0.1160 
12.1540 8.0000 248.9500 0.3011 0.1485 -0.5066 3.1477 6.0000 0.5281 0.0423 
12.4220 10.0000 259.6500 0.2960 0.1542 -0.4849 3.1461 6.0000 0.6997 0.0564 
12.1140 10.0000 249.3180 0.2801 0.1495 -0.4520 3.1444 6.0000 0.7916 0.0482 
12.4440 10.0000 258.0800 0.2918 0.1522 -0.4888 3.1390 6.0000 0.7029 0.0700 
11.6300 9.0000 230.1740 0.3059 0.1491 -0.5013 3.1945 6.0000 0.7911 0.1037 
11.8240 10.0000 238.7300 0.2890 0.1458 -0.4696 3.1647 6.0000 0.6573 0.1056 
12.3060 10.0000 256.5600 0.2902 0.1472 -0.4812 3.1301 6.0000 0.2215 0.0543 
12.1120 5.0000 254.8520 0.3063 0.1417 -0.5311 3.1261 6.0000 0.2656 0.1320 
12.5360 11.0000 269.2460 0.2978 0.1488 -0.4955 3.1087 6.0000 0.7926 0.0725 
12.0340 10.0000 247.6560 0.2862 0.1463 -0.4608 3.1399 6.0000 0.8251 0.0705 
12.7420 10.0000 276.8220 0.2967 0.1534 -0.4852 3.1131 6.0000 0.7937 0.0653 
11.4920 10.0000 223.8860 0.2853 0.1475 -0.4604 3.1798 6.0000 0.7854 0.0631 
11.8700 10.0000 243.2220 0.3200 0.1541 -0.5158 3.1833 6.0000 0.3107 0.0765 
12.6980 10.0000 270.1060 0.2748 0.1458 -0.4600 3.1011 6.0000 0.1325 0.0534 
12.4640 10.0000 257.8440 0.2871 0.1480 -0.4951 3.1219 6.0000 0.5408 0.0647 
11.8800 10.0000 240.6140 0.2876 0.1455 -0.4703 3.1619 6.0000 0.6979 0.0789 
12.3480 8.0000 260.3500 0.2975 0.1525 -0.4753 3.1320 6.0000 0.7903 0.0813 
11.8860 10.0000 237.6500 0.3007 0.1517 -0.4952 3.1793 6.0000 0.5383 0.0653 
12.5760 10.0000 280.9180 0.3112 0.1498 -0.5100 3.0955 6.0000 0.5036 0.0592 
12.1320 8.0000 250.4200 0.2918 0.1456 -0.4707 3.1366 6.0000 0.4318 0.0769 
12.5060 10.0000 269.3680 0.2963 0.1529 -0.4809 3.1221 6.0000 0.3949 0.0844 
12.5480 10.0000 277.1400 0.3042 0.1457 -0.5004 3.1077 6.0000 0.1333 0.1198 
12.5740 10.0000 269.1240 0.3021 0.1479 -0.5301 3.1030 5.0000 0.0513 0.0897 
12.1560 5.0000 247.4900 0.2868 0.1489 -0.4731 3.1360 6.0000 0.0433 0.0840 
11.8500 10.0000 237.0240 0.2951 0.1502 -0.4794 3.1625 6.0000 0.9768 0.0737 
11.6920 9.0000 235.6780 0.2950 0.1453 -0.4854 3.1699 6.0000 0.9235 0.1035 
12.2660 10.0000 253.4460 0.2963 0.1517 -0.4953 3.1346 5.0000 0.7457 0.0767 
12.4400 9.0000 262.7940 0.2768 0.1474 -0.4515 3.1144 6.0000 0.3031 0.0625 
12.3160 11.0000 258.6860 0.2971 0.1481 -0.5007 3.1169 5.0000 0.4208 0.0526 
11.8620 10.0000 231.8400 0.3052 0.1592 -0.5109 3.2009 6.0000 0.6906 0.0786 
12.5720 11.0000 264.9620 0.2971 0.1545 -0.4846 3.1291 6.0000 0.5276 0.0710 
12.4080 7.0000 259.7100 0.2874 0.1472 -0.4762 3.1277 6.0000 0.8712 0.1095 
12.3380 11.0000 251.5900 0.2910 0.1521 -0.5048 3.1384 6.0000 0.4827 0.0710 
12.1160 10.0000 250.6280 0.2957 0.1446 -0.5072 3.1313 6.0000 0.1353 0.0712 
12.3160 7.0000 264.6960 0.2848 0.1439 -0.4565 3.1139 7.0000 0.4373 0.0702 
11.9000 10.0000 244.4000 0.3002 0.1467 -0.4981 3.1636 6.0000 0.5236 0.0896 
11.9520 6.0000 244.7620 0.3088 0.1499 -0.5114 3.1578 6.0000 0.3519 0.0955 
12.0080 10.0000 238.8680 0.2775 0.1443 -0.4769 3.1434 6.0000 0.1737 0.0929 
11.6060 10.0000 233.1080 0.2940 0.1418 -0.4705 3.1720 6.0000 0.5744 0.1050 
12.6720 8.0000 267.4540 0.2914 0.1511 -0.5007 3.1158 5.0000 0.9211 0.0873 
11.7580 9.0000 234.9420 0.2795 0.1474 -0.4417 3.1612 6.0000 0.8362 0.0670 
12.3080 10.0000 255.7440 0.2920 0.1453 -0.5078 3.1267 6.0000 0.7004 0.0526 
12.7680 9.0000 273.4160 0.2949 0.1504 -0.4950 3.0724 6.0000 0.6562 0.0989 
11.9060 10.0000 242.0420 0.2909 0.1532 -0.4514 3.1756 6.0000 0.3122 0.0455 
12.5580 11.0000 269.1640 0.2953 0.1472 -0.4960 3.1120 6.0000 0.2183 0.0788 
12.5660 4.0000 262.4520 0.2947 0.1529 -0.4924 3.1275 6.0000 0.7901 0.0739 
11.2660 9.0000 218.8580 0.3030 0.1489 -0.4675 3.2261 7.0000 0.7489 0.0772 
11.5520 10.0000 229.6500 0.3064 0.1479 -0.5007 3.1748 6.0000 0.7273 0.0564 
11.9960 10.0000 249.6400 0.3039 0.1424 -0.5112 3.1308 6.0000 0.4838 0.0844 
12.5780 10.0000 270.7780 0.2850 0.1478 -0.4609 3.1218 6.0000 0.1731 0.0684 
12.0740 5.0000 248.2260 0.2832 0.1481 -0.4596 3.1483 6.0000 0.4422 0.0700 
12.2460 10.0000 250.2220 0.2982 0.1527 -0.5057 3.1366 6.0000 0.7457 0.0817 
11.9460 10.0000 247.5800 0.2982 0.1475 -0.4824 3.1488 5.0000 0.7103 0.0681 
12.6960 11.0000 265.5720 0.2906 0.1530 -0.5148 3.1105 6.0000 0.6590 0.0992 
12.5440 10.0000 266.8940 0.2835 0.1493 -0.4768 3.1124 6.0000 1.0484 0.0725 
12.0060 10.0000 243.9760 0.3003 0.1482 -0.5000 3.1404 6.0000 0.8639 0.0613 
12.3480 10.0000 260.6260 0.2939 0.1483 -0.4746 3.1286 6.0000 0.1354 0.0911 
12.2680 10.0000 263.9980 0.3152 0.1542 -0.4993 3.1544 6.0000 0.5257 0.0650 
12.3080 10.0000 259.3860 0.3008 0.1481 -0.4950 3.1137 6.0000 0.4795 0.0847 
12.2720 10.0000 248.1880 0.2904 0.1506 -0.4979 3.1470 6.0000 0.1729 0.0899 
11.0700 9.0000 217.7300 0.3184 0.1547 -0.4686 3.2260 7.0000 0.6127 0.0488 
12.0500 10.0000 247.3740 0.2806 0.1434 -0.4683 3.1410 6.0000 0.1309 0.0534 
11.9540 11.0000 237.5220 0.2922 0.1502 -0.4805 3.1653 6.0000 0.6325 0.0647 
11.5820 5.0000 232.4000 0.2974 0.1493 -0.4580 3.1838 6.0000 0.7480 0.0789 
12.3120 10.0000 267.5940 0.3058 0.1498 -0.4758 3.1187 6.0000 0.7499 0.0822 
12.2860 10.0000 251.1660 0.2899 0.1459 -0.5083 3.1229 6.0000 0.5619 0.0653 
12.0420 10.0000 253.0160 0.3096 0.1519 -0.4848 3.1510 6.0000 0.6092 0.0592 
12.3100 10.0000 250.2960 0.2853 0.1487 -0.4798 3.1355 6.0000 0.3237 0.0569 
12.5020 10.0000 261.7020 0.2728 0.1477 -0.4605 3.1150 6.0000 0.2162 0.0870 
11.6220 10.0000 231.4880 0.2971 0.1444 -0.4860 3.1701 6.0000 1.0219 0.0737 
12.1260 10.0000 250.1220 0.2927 0.1486 -0.4720 3.1315 6.0000 0.9662 0.0678 
12.1580 8.0000 256.1380 0.2938 0.1443 -0.4936 3.1274 6.0000 0.8766 0.0603 
13.1760 10.0000 291.6420 0.2935 0.1516 -0.5067 3.0847 6.0000 0.7244 0.0459 
12.4120 10.0000 258.0260 0.2982 0.1544 -0.5000 3.1377 6.0000 0.1300 0.0512 
12.5900 11.0000 262.6440 0.2769 0.1457 -0.4984 3.1048 6.0000 0.6444 0.0643 
12.2240 8.0000 260.9160 0.3172 0.1501 -0.5220 3.1119 6.0000 0.1752 0.0977 
11.9920 10.0000 248.4880 0.2875 0.1494 -0.4484 3.1531 6.0000 0.1788 0.0710 
11.9780 9.0000 242.6800 0.2937 0.1483 -0.4852 3.1651 6.0000 0.9105 0.1095 
12.3280 10.0000 252.2280 0.2870 0.1485 -0.4762 3.1371 6.0000 0.3254 0.0710 
11.8680 10.0000 242.5320 0.2956 0.1487 -0.4825 3.1645 6.0000 0.1705 0.0695 
11.3060 8.0000 219.5520 0.3130 0.1543 -0.4855 3.2340 7.0000 0.5275 0.0702 
12.9020 11.0000 278.2800 0.2839 0.1458 -0.4888 3.0813 6.0000 0.5746 0.0896 
11.4920 10.0000 226.5200 0.3026 0.1485 -0.4825 3.1964 6.0000 0.4835 0.0583 
11.6160 10.0000 241.3860 0.3165 0.1460 -0.4872 3.1654 6.0000 0.3488 0.0661 
12.1820 8.0000 244.3580 0.2964 0.1536 -0.5027 3.1673 6.0000 0.5291 0.1050 
12.3020 10.0000 261.4880 0.2998 0.1424 -0.5136 3.1127 6.0000 0.7513 0.0873 
11.6120 9.0000 234.6720 0.3018 0.1533 -0.4470 3.1919 7.0000 0.8216 0.0670 
11.9600 9.0000 241.4620 0.2864 0.1466 -0.4669 3.1659 6.0000 0.7864 0.0526 
11.7640 10.0000 229.8320 0.2822 0.1465 -0.4807 3.1836 7.0000 0.9176 0.1003 
12.8800 10.0000 278.4540 0.2895 0.1491 -0.4962 3.1023 6.0000 0.6994 0.0521 
11.8360 8.0000 246.9160 0.3147 0.1466 -0.5046 3.1482 6.0000 0.7471 0.0498 
12.0340 10.0000 249.6400 0.2932 0.1504 -0.4717 3.1582 7.0000 0.1760 0.0832 
11.8220 10.0000 239.0600 0.3058 0.1493 -0.4975 3.1620 6.0000 0.2191 0.0423 
11.7060 10.0000 236.0000 0.3045 0.1501 -0.4818 3.1880 6.0000 0.6554 0.0564 
11.8980 7.0000 246.4520 0.3048 0.1519 -0.4767 3.1653 6.0000 0.7914 0.0482 
12.5440 9.0000 262.2120 0.2819 0.1490 -0.4711 3.1135 6.0000 0.7049 0.0700 
11.8240 10.0000 241.6480 0.3059 0.1484 -0.4952 3.1578 6.0000 0.8802 0.0817 
12.6240 10.0000 271.9880 0.2891 0.1467 -0.4792 3.0980 6.0000 0.7059 0.1082 
11.8860 10.0000 242.7820 0.3002 0.1456 -0.5119 3.1525 6.0000 0.3065 0.0543 
12.3920 10.0000 251.8040 0.2920 0.1521 -0.5156 3.1302 6.0000 0.1759 0.1320 
12.0620 7.0000 246.4580 0.2957 0.1513 -0.4793 3.1577 6.0000 0.7899 0.0725 
11.9780 9.0000 245.8100 0.3031 0.1501 -0.4959 3.1539 5.0000 0.8694 0.0705 
12.0760 10.0000 244.9520 0.2994 0.1537 -0.5024 3.1662 6.0000 0.6991 0.0650 
12.1140 9.0000 251.5480 0.3124 0.1467 -0.5220 3.1328 6.0000 0.7885 0.0631 
12.6340 11.0000 270.1800 0.2945 0.1483 -0.5157 3.0989 5.0000 0.2190 0.0866 
12.8440 9.0000 281.6140 0.2935 0.1465 -0.5179 3.0922 6.0000 0.2153 0.0534 
11.8320 10.0000 240.3340 0.2867 0.1526 -0.4325 3.1729 6.0000 0.5817 0.0647 
12.4060 9.0000 258.6540 0.2715 0.1449 -0.4658 3.1033 5.0000 0.6620 0.0789 
12.0220 10.0000 244.4500 0.2969 0.1483 -0.4875 3.1392 6.0000 0.7095 0.0822 
11.9020 10.0000 246.5060 0.2951 0.1489 -0.4589 3.1534 6.0000 0.5769 0.0653 
12.6120 10.0000 268.1400 0.2795 0.1472 -0.4694 3.0997 6.0000 0.5360 0.0592 
11.7540 8.0000 239.0220 0.2954 0.1481 -0.4627 3.1542 6.0000 0.3234 0.0671 
12.2580 10.0000 261.0900 0.3069 0.1461 -0.5131 3.1269 6.0000 0.2453 0.0870 
12.2900 10.0000 257.7220 0.2967 0.1477 -0.5028 3.1302 6.0000 0.0999 0.0844 
12.1640 11.0000 253.7940 0.2994 0.1483 -0.4959 3.1295 6.0000 1.0419 0.0737 
11.9560 9.0000 244.2540 0.2982 0.1441 -0.5013 3.1431 6.0000 0.9201 0.0678 
12.0140 10.0000 250.2180 0.2969 0.1491 -0.4625 3.1602 6.0000 0.9233 0.0603 
11.9260 10.0000 243.9960 0.2961 0.1488 -0.4769 3.1550 6.0000 0.1351 0.0625 
12.0060 10.0000 244.9220 0.3011 0.1507 -0.5066 3.1592 6.0000 0.4228 0.0512 
12.3780 10.0000 262.0380 0.2890 0.1459 -0.4686 3.1275 6.0000 0.6813 0.0786 
11.5900 10.0000 225.0160 0.2926 0.1461 -0.4892 3.1825 6.0000 0.4887 0.0710 
12.0340 10.0000 236.6260 0.2715 0.1418 -0.4800 3.1468 6.0000 0.1809 0.1118 
12.2520 10.0000 249.6920 0.2699 0.1424 -0.4625 3.1198 6.0000 0.3416 0.1095 
12.6880 11.0000 270.7780 0.2856 0.1459 -0.4949 3.0828 5.0000 0.5804 0.0832 
12.7380 10.0000 266.4540 0.2649 0.1406 -0.4751 3.0838 6.0000 0.6546 0.0921 
12.0980 10.0000 252.6320 0.3021 0.1474 -0.4937 3.1307 6.0000 0.3082 0.0787 
12.0940 10.0000 247.6480 0.2958 0.1490 -0.4863 3.1459 6.0000 0.4360 0.0973 
12.5000 10.0000 262.6640 0.2901 0.1467 -0.4995 3.1107 6.0000 0.5703 0.0929 
11.6740 9.0000 243.6000 0.3132 0.1473 -0.4856 3.1679 6.0000 0.5209 0.0740 
12.1380 5.0000 250.1660 0.2957 0.1463 -0.5052 3.1459 6.0000 0.1331 0.0929 
12.2080 10.0000 248.1040 0.2917 0.1483 -0.4883 3.1419 6.0000 0.4387 0.0873 
12.0180 10.0000 245.4420 0.2849 0.1477 -0.4625 3.1451 6.0000 0.7005 0.0540 
11.9420 10.0000 254.1280 0.3028 0.1435 -0.5009 3.1243 5.0000 0.1778 0.0670 
13.0320 4.0000 285.9300 0.2873 0.1493 -0.4832 3.0733 6.0000 0.4852 0.0526 
12.5120 5.0000 270.1000 0.2914 0.1460 -0.4934 3.0882 6.0000 0.6563 0.0989 
12.1560 10.0000 256.2660 0.3032 0.1458 -0.4967 3.1256 6.0000 0.4801 0.0734 
12.4940 11.0000 248.7860 0.2684 0.1495 -0.4773 3.1259 6.0000 0.2617 0.0814 
11.7460 10.0000 232.0560 0.2806 0.1437 -0.4628 3.1605 6.0000 0.5731 0.0739 
12.0580 10.0000 246.1560 0.2901 0.1444 -0.4932 3.1313 6.0000 0.8360 0.0772 
11.8160 8.0000 242.6180 0.2963 0.1492 -0.4674 3.1552 6.0000 0.7363 0.0564 
12.5640 10.0000 259.8820 0.2673 0.1486 -0.4462 3.1218 6.0000 0.7878 0.0482 
12.0980 10.0000 253.7960 0.3055 0.1475 -0.5189 3.1375 5.0000 0.6551 0.0700 
11.8980 7.0000 240.3740 0.2845 0.1491 -0.4481 3.1660 6.0000 0.5677 0.0762 
11.6520 10.0000 235.5640 0.2914 0.1486 -0.4492 3.2009 6.0000 0.1743 0.0802 
11.7720 6.0000 235.1760 0.3055 0.1529 -0.4920 3.1874 6.0000 0.4370 0.0779 
12.2140 10.0000 245.5200 0.2865 0.1502 -0.4897 3.1503 6.0000 0.6150 0.0992 
12.4300 10.0000 266.9620 0.3141 0.1516 -0.5107 3.1169 6.0000 1.0179 0.0725 
12.0800 10.0000 253.2180 0.2808 0.1434 -0.4448 3.1234 6.0000 0.9084 0.0705 
12.6500 10.0000 270.6760 0.2979 0.1540 -0.4891 3.1237 6.0000 0.7910 0.0650 
11.8480 10.0000 238.9520 0.2829 0.1438 -0.4586 3.1519 6.0000 0.6592 0.0631 
12.4020 9.0000 259.0840 0.2835 0.1487 -0.4565 3.1162 6.0000 0.2144 0.0866 
11.9480 9.0000 246.9780 0.2993 0.1412 -0.5090 3.1255 6.0000 0.1356 0.0534 
12.3820 10.0000 256.7220 0.2904 0.1530 -0.4628 3.1317 5.0000 0.6284 0.0647 
13.0340 10.0000 292.9840 0.2894 0.1437 -0.4966 3.0546 5.0000 0.6610 0.0789 
11.4460 10.0000 227.3300 0.3077 0.1487 -0.4867 3.1922 6.0000 0.7410 0.0813 
12.5360 10.0000 268.2400 0.2938 0.1535 -0.4849 3.1183 6.0000 0.4977 0.0653 
12.5660 9.0000 265.0280 0.2807 0.1433 -0.4951 3.0895 5.0000 0.2537 0.0774 
12.8780 8.0000 280.6040 0.2952 0.1484 -0.5217 3.0799 5.0000 0.2541 0.0569 
12.7020 10.0000 274.8800 0.3068 0.1502 -0.5337 3.0972 6.0000 0.1128 0.0870 
12.5380 10.0000 261.0000 0.2910 0.1468 -0.5170 3.0915 6.0000 1.0242 0.0737 
12.4400 9.0000 263.4580 0.2838 0.1487 -0.4552 3.1226 6.0000 0.8690 0.1035 
12.0520 10.0000 254.5900 0.3085 0.1477 -0.4921 3.1339 6.0000 0.7947 0.0767 
12.3980 5.0000 258.9560 0.2877 0.1449 -0.4948 3.1124 6.0000 0.1980 0.0373 
12.2660 10.0000 252.8900 0.2858 0.1491 -0.4771 3.1369 5.0000 0.4787 0.0778 
11.8580 10.0000 245.8760 0.2938 0.1466 -0.4660 3.1408 6.0000 0.6508 0.0822 
12.3180 10.0000 254.8100 0.2934 0.1511 -0.4873 3.1362 6.0000 0.3519 0.0880 
12.4080 10.0000 252.0720 0.2752 0.1458 -0.4788 3.1171 6.0000 0.2164 0.0477 
11.9880 2.0000 248.3040 0.2926 0.1517 -0.4494 3.1593 6.0000 0.5984 0.1095 
12.6580 9.0000 264.0200 0.2798 0.1489 -0.4721 3.1189 6.0000 0.5652 0.0832 
12.6180 10.0000 265.2140 0.2789 0.1525 -0.4585 3.1193 7.0000 0.6519 0.0921 
12.8300 10.0000 283.5780 0.3066 0.1463 -0.5279 3.0856 6.0000 0.2639 0.0890 
12.5620 11.0000 265.1500 0.2867 0.1496 -0.4835 3.1254 7.0000 0.3968 0.0973 
12.3960 10.0000 258.8420 0.2779 0.1426 -0.4698 3.1047 6.0000 0.6558 0.0929 
12.3880 10.0000 260.8300 0.2858 0.1491 -0.4624 3.1218 6.0000 0.5667 0.0740 
12.2480 10.0000 253.5980 0.2922 0.1516 -0.4830 3.1338 6.0000 1.1501 0.0873 
11.9160 7.0000 238.4080 0.2786 0.1479 -0.4318 3.1639 6.0000 0.8813 0.0670 
12.2540 10.0000 257.7960 0.2859 0.1479 -0.4584 3.1454 6.0000 0.7900 0.0526 
11.9000 9.0000 246.8520 0.2967 0.1477 -0.4715 3.1507 6.0000 0.8315 0.0876 
12.7180 11.0000 267.8360 0.2898 0.1500 -0.5015 3.1081 6.0000 0.6949 0.0521 
12.2100 10.0000 252.9700 0.2939 0.1495 -0.5031 3.1431 6.0000 0.2646 0.0818 
11.2080 10.0000 209.9120 0.3192 0.1571 -0.5100 3.2636 6.0000 0.1764 0.0739 
12.7620 9.0000 283.6780 0.3040 0.1526 -0.4912 3.1053 6.0000 0.7495 0.0772 
12.4480 10.0000 255.6540 0.2819 0.1450 -0.5043 3.1106 6.0000 0.6542 0.0597 
12.2380 10.0000 261.3400 0.2936 0.1444 -0.4862 3.1192 6.0000 0.1306 0.0598 
12.1740 6.0000 253.1080 0.2751 0.1474 -0.4312 3.1463 6.0000 0.4816 0.0621 
12.8520 7.0000 281.9100 0.2831 0.1416 -0.4996 3.0774 6.0000 0.1310 0.0731 
11.2380 10.0000 211.3640 0.2927 0.1546 -0.4490 3.2533 6.0000 0.4385 0.0700 
12.5460 7.0000 267.5480 0.2931 0.1484 -0.4948 3.1098 6.0000 0.7863 0.1037 
11.4420 10.0000 218.7980 0.2791 0.1500 -0.4376 3.2038 6.0000 0.2636 0.0675 
11.5040 5.0000 225.3880 0.3012 0.1506 -0.4729 3.2000 6.0000 0.2173 0.0779 
12.1800 10.0000 253.4680 0.2878 0.1511 -0.4590 3.1257 6.0000 0.6135 0.0992 
12.2340 10.0000 255.7680 0.2946 0.1490 -0.4838 3.1279 6.0000 0.2490 0.1320 
12.4800 10.0000 247.6240 0.2650 0.1464 -0.4666 3.1358 6.0000 0.4422 0.0725 
12.3580 10.0000 252.6160 0.2787 0.1473 -0.4741 3.1203 5.0000 0.5302 0.0613 
12.1860 10.0000 253.4540 0.2933 0.1448 -0.4957 3.1240 6.0000 0.2173 0.0645 
11.9060 10.0000 241.5000 0.2866 0.1419 -0.4875 3.1481 6.0000 0.3105 0.0653 
11.6860 9.0000 242.3660 0.3077 0.1483 -0.4741 3.1735 6.0000 0.7452 0.0899 
12.4860 11.0000 260.6800 0.2923 0.1474 -0.5007 3.1109 5.0000 0.7488 0.0534 
10.9400 6.0000 215.5560 0.3226 0.1511 -0.4795 3.2431 6.0000 0.6717 0.0849 
11.5480 7.0000 230.3300 0.2930 0.1457 -0.4814 3.1777 8.0000 0.1312 0.0647 
12.3980 10.0000 259.1580 0.2863 0.1495 -0.4798 3.1196 6.0000 0.5726 0.0789 
12.4560 10.0000 265.2600 0.2892 0.1499 -0.4671 3.1182 6.0000 0.5289 0.0784 
11.6780 10.0000 232.6900 0.3033 0.1522 -0.4877 3.1956 6.0000 0.1312 0.0822 
12.1060 10.0000 252.8700 0.3011 0.1435 -0.5106 3.1273 6.0000 0.5303 0.0653 
12.3020 10.0000 248.1400 0.2838 0.1478 -0.5024 3.1398 6.0000 0.9338 0.0737 
11.9660 10.0000 247.0120 0.2855 0.1432 -0.4557 3.1417 6.0000 0.8786 0.1035 
12.4740 10.0000 253.2100 0.2746 0.1462 -0.4866 3.1172 6.0000 0.1398 0.0874 
12.0060 10.0000 247.8800 0.2916 0.1437 -0.4770 3.1445 6.0000 0.1313 0.0829 
12.6180 11.0000 273.5000 0.3090 0.1498 -0.5164 3.1028 6.0000 0.9536 0.0798 
12.2960 10.0000 258.0900 0.2903 0.1465 -0.4837 3.1212 6.0000 0.6952 0.0822 
12.4400 10.0000 260.4800 0.2820 0.1446 -0.4887 3.1122 6.0000 0.3506 0.0880 
11.8280 10.0000 244.1260 0.2950 0.1479 -0.4593 3.1574 6.0000 0.2150 0.0477 
12.2320 10.0000 251.3500 0.2860 0.1499 -0.4698 3.1403 6.0000 0.6129 0.0719 
11.6700 10.0000 226.9560 0.2896 0.1486 -0.4687 3.1958 6.0000 0.4801 0.0832 
12.0100 10.0000 246.4180 0.3052 0.1497 -0.5195 3.1557 6.0000 0.6583 0.0660 
11.6880 5.0000 241.8780 0.2982 0.1421 -0.4736 3.1566 6.0000 0.1730 0.0902 
12.4460 4.0000 266.0560 0.2998 0.1467 -0.4958 3.0993 6.0000 0.4483 0.0711 
11.9380 10.0000 241.8560 0.2970 0.1427 -0.5115 3.1339 6.0000 0.1321 0.1057 
12.1660 8.0000 253.0780 0.3050 0.1470 -0.5218 3.1479 6.0000 0.5706 0.0540 
11.8100 5.0000 229.4060 0.3009 0.1602 -0.4914 3.2310 7.0000 0.1730 0.0802 
12.0320 10.0000 246.1880 0.2895 0.1469 -0.4688 3.1326 6.0000 0.4298 0.1050 
11.8480 10.0000 241.9820 0.2890 0.1467 -0.4596 3.1528 6.0000 0.6665 0.0623 
12.0780 3.0000 247.9020 0.2928 0.1510 -0.4716 3.1543 6.0000 0.1718 0.0888 
12.2380 10.0000 255.7580 0.2841 0.1439 -0.4882 3.1357 6.0000 0.4787 0.0670 
11.7040 10.0000 230.6600 0.2846 0.1519 -0.4478 3.1841 6.0000 0.7905 0.0526 
12.7080 11.0000 277.6400 0.2963 0.1481 -0.4716 3.0956 6.0000 0.8363 0.0989 
12.2660 10.0000 251.9620 0.2977 0.1475 -0.5451 3.1277 6.0000 0.4406 0.0733 
11.7660 9.0000 240.6260 0.3058 0.1461 -0.4912 3.1669 6.0000 0.2186 0.0788 
12.3780 3.0000 253.7880 0.2795 0.1458 -0.4766 3.1087 6.0000 0.6949 0.1138 
12.2000 10.0000 253.6440 0.2812 0.1460 -0.4635 3.1299 7.0000 0.1293 0.1160 
12.4160 11.0000 262.9700 0.2970 0.1495 -0.4775 3.1269 6.0000 0.5714 0.0491 
12.5160 11.0000 263.7200 0.2907 0.1485 -0.4935 3.1242 6.0000 0.1329 0.0775 
11.7640 10.0000 235.3580 0.2825 0.1418 -0.4762 3.1470 6.0000 0.2160 0.0564 
11.8700 10.0000 236.0340 0.2961 0.1495 -0.5089 3.1686 6.0000 0.7073 0.0482 
11.5820 10.0000 229.2220 0.2918 0.1524 -0.4456 3.2002 6.0000 0.7925 0.0700 
12.8960 10.0000 279.5920 0.2882 0.1456 -0.5154 3.0799 6.0000 0.8352 0.0817 
12.1080 6.0000 247.4200 0.3004 0.1499 -0.5024 3.1360 5.0000 0.7016 0.1056 
11.9420 10.0000 244.1800 0.2928 0.1478 -0.4785 3.1488 6.0000 0.2184 0.0936 
11.9920 9.0000 251.1160 0.2956 0.1438 -0.4891 3.1307 6.0000 0.3529 0.0992 
11.4100 10.0000 232.2420 0.2886 0.1490 -0.4262 3.1951 6.0000 0.2716 0.0814 
12.0400 10.0000 250.3860 0.2900 0.1492 -0.4545 3.1377 6.0000 0.4825 0.0725 
11.9420 10.0000 240.9240 0.2774 0.1437 -0.4620 3.1577 6.0000 0.6909 0.0911 
11.5880 10.0000 229.5620 0.2896 0.1477 -0.4559 3.1774 6.0000 0.7931 0.0653 
11.9120 9.0000 245.4500 0.2867 0.1450 -0.4543 3.1428 6.0000 0.8375 0.0899 
12.0600 9.0000 249.0880 0.3000 0.1541 -0.4741 3.1647 6.0000 0.7478 0.0534 
12.2140 9.0000 251.4300 0.2865 0.1508 -0.4631 3.1491 6.0000 0.5479 0.0915 
11.9380 10.0000 230.1500 0.2718 0.1496 -0.4656 3.1812 6.0000 0.1317 0.1147 
11.2460 9.0000 225.8620 0.3073 0.1465 -0.4638 3.2016 6.0000 0.2670 0.0789 
12.7100 10.0000 264.8080 0.2832 0.1492 -0.5039 3.1129 5.0000 0.6628 0.0822 
