12.4178 9.0000 259.6580 0.2743 0.1326 -0.4862 0.0000 0.0000 2193.8154 0.0632 
12.4502 9.0000 260.4400 0.2734 0.1322 -0.4885 0.0000 0.0000 2199.0035 0.0632 
12.3997 7.0000 258.8841 0.2740 0.1327 -0.4851 0.0000 0.0000 2410.5772 0.0635 
12.4651 10.0000 261.2636 0.2762 0.1337 -0.4901 0.0000 0.0000 2304.4188 0.0666 
12.3875 9.0000 259.2509 0.2756 0.1323 -0.4873 0.0000 0.0000 2363.9579 0.0653 
12.3737 10.0000 258.0375 0.2762 0.1336 -0.4869 0.0000 0.0000 2426.7151 0.0671 
12.4034 10.0000 259.7418 0.2755 0.1329 -0.4867 0.0000 0.0000 2118.8786 0.0660 
12.3844 10.0000 258.4196 0.2747 0.1326 -0.4859 0.0000 0.0000 2368.3549 0.0642 
12.3740 10.0000 257.8888 0.2733 0.1322 -0.4854 0.0000 0.0000 2294.6959 0.0629 
12.4206 6.0000 259.7707 0.2753 0.1334 -0.4881 0.0000 0.0000 2394.6249 0.0648 
12.3909 6.0000 259.1962 0.2748 0.1323 -0.4866 0.0000 0.0000 2331.4215 0.0635 
12.3685 10.0000 257.4297 0.2732 0.1324 -0.4838 0.0000 0.0000 2301.7145 0.0647 
12.4248 10.0000 260.4867 0.2767 0.1337 -0.4878 0.0000 0.0000 2289.1405 0.0630 
12.3610 10.0000 257.1723 0.2732 0.1328 -0.4814 0.0000 0.0000 2327.3071 0.0640 
12.3827 10.0000 257.1264 0.2729 0.1329 -0.4848 0.0000 0.0000 2350.5049 0.0608 
12.4791 10.0000 262.0015 0.2722 0.1323 -0.4838 0.0000 0.0000 2356.4011 0.0614 
12.3508 10.0000 256.9645 0.2725 0.1324 -0.4798 0.0000 0.0000 2357.9734 0.0630 
12.4131 10.0000 257.4937 0.2654 0.1308 -0.4763 0.0000 0.0000 2066.8274 0.0560 
12.4856 10.0000 260.8587 0.2710 0.1317 -0.4884 0.0000 0.0000 2227.4111 0.0575 
12.4425 5.0000 258.6383 0.2681 0.1311 -0.4816 0.0000 0.0000 2287.2943 0.0578 
12.3956 5.0000 258.2904 0.2727 0.1331 -0.4822 0.0000 0.0000 2482.7831 0.0643 
12.4523 10.0000 260.7291 0.2738 0.1333 -0.4852 0.0000 0.0000 2462.3954 0.0643 
12.3651 7.0000 257.2203 0.2755 0.1341 -0.4837 0.0000 0.0000 2249.8917 0.0651 
12.3883 10.0000 257.7956 0.2725 0.1332 -0.4808 0.0000 0.0000 2295.6600 0.0627 
12.3209 9.0000 255.8897 0.2746 0.1329 -0.4831 0.0000 0.0000 2414.7702 0.0658 
12.3603 10.0000 257.1794 0.2716 0.1320 -0.4805 0.0000 0.0000 2416.3177 0.0643 
12.3192 10.0000 255.7788 0.2742 0.1327 -0.4826 0.0000 0.0000 2338.5602 0.0658 
12.3864 10.0000 258.0772 0.2718 0.1323 -0.4823 0.0000 0.0000 2392.1596 0.0613 
12.2911 10.0000 255.3611 0.2762 0.1323 -0.4875 0.0000 0.0000 2475.4529 0.0671 
12.3479 10.0000 257.6565 0.2744 0.1317 -0.4867 0.0000 0.0000 2425.6460 0.0633 
12.4129 10.0000 258.9820 0.2739 0.1336 -0.4835 0.0000 0.0000 2436.8660 0.0656 
12.4734 10.0000 261.1566 0.2711 0.1322 -0.4844 0.0000 0.0000 2415.0599 0.0598 
12.3365 10.0000 256.2945 0.2753 0.1332 -0.4849 0.0000 0.0000 2460.4452 0.0642 
12.3940 10.0000 259.1315 0.2731 0.1321 -0.4842 0.0000 0.0000 2524.9345 0.0621 
12.3906 7.0000 257.3926 0.2701 0.1318 -0.4799 0.0000 0.0000 2391.3887 0.0611 
12.4004 10.0000 259.4706 0.2765 0.1334 -0.4869 0.0000 0.0000 2460.4754 0.0643 
12.4845 10.0000 261.8365 0.2727 0.1321 -0.4874 0.0000 0.0000 2141.4409 0.0596 
12.2763 10.0000 254.4306 0.2752 0.1330 -0.4827 0.0000 0.0000 2515.9199 0.0705 
12.3762 10.0000 257.6719 0.2720 0.1319 -0.4836 0.0000 0.0000 2430.9023 0.0631 
12.3334 3.0000 255.7956 0.2729 0.1324 -0.4828 0.0000 0.0000 2283.5245 0.0645 
12.3914 10.0000 258.2922 0.2723 0.1327 -0.4808 0.0000 0.0000 2446.8364 0.0649 
12.3829 10.0000 258.2029 0.2743 0.1324 -0.4862 0.0000 0.0000 2419.6612 0.0635 
12.3234 10.0000 256.7881 0.2753 0.1330 -0.4821 0.0000 0.0000 2579.9981 0.0684 
12.4889 10.0000 262.3431 0.2730 0.1327 -0.4855 0.0000 0.0000 2413.0147 0.0607 
12.3686 10.0000 256.4212 0.2701 0.1323 -0.4779 0.0000 0.0000 2290.6604 0.0608 
12.3466 10.0000 256.5550 0.2695 0.1306 -0.4776 0.0000 0.0000 2383.1427 0.0595 
12.4146 10.0000 259.2784 0.2743 0.1328 -0.4867 0.0000 0.0000 2444.1556 0.0606 
12.3404 10.0000 256.0284 0.2722 0.1325 -0.4816 0.0000 0.0000 2442.5207 0.0635 
12.3568 10.0000 256.5518 0.2737 0.1335 -0.4828 0.0000 0.0000 2138.8312 0.0646 
12.2678 10.0000 253.8179 0.2739 0.1325 -0.4814 0.0000 0.0000 2509.1527 0.0663 
12.4380 10.0000 259.8144 0.2725 0.1322 -0.4851 0.0000 0.0000 2407.3597 0.0608 
12.3859 7.0000 258.4990 0.2757 0.1332 -0.4864 0.0000 0.0000 2446.8953 0.0645 
12.3340 10.0000 257.2722 0.2758 0.1328 -0.4845 0.0000 0.0000 2461.0990 0.0663 
12.3714 10.0000 257.3644 0.2724 0.1324 -0.4835 0.0000 0.0000 2486.1108 0.0604 
12.4575 10.0000 261.4423 0.2742 0.1328 -0.4853 0.0000 0.0000 2504.1720 0.0632 
12.3871 10.0000 259.2688 0.2755 0.1320 -0.4893 0.0000 0.0000 2353.2195 0.0621 
12.3663 10.0000 256.5618 0.2719 0.1327 -0.4808 0.0000 0.0000 2128.2926 0.0620 
12.3843 10.0000 256.5625 0.2684 0.1312 -0.4793 0.0000 0.0000 2220.2240 0.0595 
12.3629 10.0000 258.4247 0.2775 0.1341 -0.4856 0.0000 0.0000 2422.3577 0.0686 
12.3712 9.0000 258.7385 0.2742 0.1322 -0.4850 0.0000 0.0000 2315.3485 0.0628 
12.4118 10.0000 258.2267 0.2727 0.1327 -0.4851 0.0000 0.0000 2404.6085 0.0595 
12.4083 7.0000 258.1840 0.2716 0.1322 -0.4840 0.0000 0.0000 2317.7192 0.0595 
12.3563 10.0000 257.0077 0.2724 0.1322 -0.4834 0.0000 0.0000 2317.2965 0.0623 
12.3372 10.0000 257.0334 0.2761 0.1331 -0.4854 0.0000 0.0000 2475.9450 0.0681 
12.3846 10.0000 258.9284 0.2755 0.1327 -0.4878 0.0000 0.0000 2501.2885 0.0659 
12.3586 10.0000 258.2904 0.2751 0.1327 -0.4826 0.0000 0.0000 2524.3001 0.0668 
12.3890 10.0000 258.6095 0.2722 0.1324 -0.4804 0.0000 0.0000 2282.3002 0.0632 
12.3566 10.0000 256.2197 0.2706 0.1318 -0.4808 0.0000 0.0000 2300.6005 0.0596 
12.3446 10.0000 256.6297 0.2727 0.1326 -0.4809 0.0000 0.0000 2419.3927 0.0631 
12.3425 8.0000 257.1290 0.2744 0.1319 -0.4863 0.0000 0.0000 2427.4585 0.0645 
12.4319 10.0000 260.3488 0.2738 0.1327 -0.4851 0.0000 0.0000 2462.3575 0.0632 
12.3476 10.0000 257.6835 0.2779 0.1335 -0.4896 0.0000 0.0000 2442.6176 0.0660 
12.4024 10.0000 258.7987 0.2721 0.1326 -0.4805 0.0000 0.0000 2378.7239 0.0636 
12.3625 10.0000 257.5728 0.2765 0.1339 -0.4874 0.0000 0.0000 2471.9935 0.0671 
12.4837 10.0000 262.2657 0.2709 0.1313 -0.4835 0.0000 0.0000 2291.4518 0.0584 
12.3800 10.0000 258.6646 0.2758 0.1327 -0.4884 0.0000 0.0000 2509.5739 0.0666 
12.3952 10.0000 259.0486 0.2744 0.1330 -0.4847 0.0000 0.0000 2521.2748 0.0655 
12.3011 10.0000 256.2205 0.2764 0.1329 -0.4838 0.0000 0.0000 2692.6642 0.0664 
12.3355 10.0000 255.9623 0.2708 0.1316 -0.4801 0.0000 0.0000 2375.3729 0.0628 
12.3417 10.0000 256.3484 0.2724 0.1321 -0.4809 0.0000 0.0000 2340.2519 0.0646 
12.3307 10.0000 255.9687 0.2752 0.1327 -0.4867 0.0000 0.0000 2432.7178 0.0646 
12.3605 10.0000 256.8756 0.2736 0.1328 -0.4842 0.0000 0.0000 2412.0200 0.0641 
12.3251 6.0000 256.0034 0.2727 0.1330 -0.4793 0.0000 0.0000 2372.5525 0.0626 
12.3236 10.0000 255.1201 0.2699 0.1314 -0.4791 0.0000 0.0000 2437.8402 0.0643 
12.3475 10.0000 255.3957 0.2722 0.1334 -0.4797 0.0000 0.0000 2263.2384 0.0613 
12.3265 10.0000 255.6081 0.2735 0.1324 -0.4841 0.0000 0.0000 2381.1324 0.0621 
12.3857 10.0000 258.0798 0.2751 0.1336 -0.4850 0.0000 0.0000 2519.6096 0.0652 
12.4048 9.0000 259.2562 0.2757 0.1327 -0.4888 0.0000 0.0000 2501.9061 0.0640 
12.3527 10.0000 257.5363 0.2736 0.1319 -0.4845 0.0000 0.0000 2453.2253 0.0638 
12.4182 10.0000 258.9976 0.2727 0.1326 -0.4849 0.0000 0.0000 2352.2261 0.0632 
12.3553 8.0000 256.8164 0.2718 0.1325 -0.4789 0.0000 0.0000 2260.6268 0.0632 
12.4279 10.0000 259.5451 0.2708 0.1316 -0.4843 0.0000 0.0000 2283.0044 0.0613 
12.3666 10.0000 257.7552 0.2747 0.1325 -0.4836 0.0000 0.0000 2171.8148 0.0635 
12.4075 7.0000 259.4516 0.2746 0.1323 -0.4871 0.0000 0.0000 2195.7986 0.0650 
12.3140 9.0000 256.0285 0.2752 0.1328 -0.4829 0.0000 0.0000 2190.4787 0.0678 
12.3736 10.0000 258.5672 0.2748 0.1325 -0.4856 0.0000 0.0000 2169.1902 0.0645 
12.3545 10.0000 258.1529 0.2758 0.1331 -0.4840 0.0000 0.0000 2101.8825 0.0683 
12.3670 4.0000 257.7871 0.2747 0.1327 -0.4855 0.0000 0.0000 1568.7638 0.0650 
12.3049 9.0000 256.1825 0.2749 0.1329 -0.4818 0.0000 0.0000 1409.4193 0.0662 
12.3335 10.0000 256.3220 0.2708 0.1315 -0.4782 0.0000 0.0000 508.7982 0.0636 
