12.6040 10.0000 264.4040 0.3303 0.1797 -0.5115 3.1830 6.0000 0.8863 0.0858 
11.9400 10.0000 245.1580 0.3381 0.1789 -0.4838 3.2461 7.0000 0.8835 0.0799 
12.6360 10.0000 266.5360 0.3202 0.1800 -0.4717 3.1857 6.0000 0.7032 0.0913 
12.2560 8.0000 261.1520 0.3417 0.1774 -0.4981 3.2183 6.0000 0.1533 0.0628 
12.2440 10.0000 257.6380 0.3304 0.1756 -0.4835 3.1934 6.0000 0.5090 0.0405 
11.5720 10.0000 239.3800 0.3387 0.1729 -0.4569 3.2284 6.0000 0.8223 0.0875 
11.1800 9.0000 217.5160 0.3347 0.1789 -0.4468 3.3120 7.0000 0.7512 0.0553 
12.3340 10.0000 264.3940 0.3249 0.1733 -0.4681 3.1941 6.0000 0.7840 0.0505 
11.6440 7.0000 234.8740 0.3374 0.1712 -0.4991 3.2367 6.0000 0.4845 0.0996 
12.2900 10.0000 267.8900 0.3379 0.1794 -0.4554 3.2039 7.0000 0.1350 0.1074 
11.9600 10.0000 236.6340 0.3244 0.1859 -0.4492 3.2641 6.0000 0.2580 0.0958 
12.3400 9.0000 250.9380 0.3293 0.1780 -0.5077 3.2133 6.0000 0.5266 0.0908 
11.4960 10.0000 225.4020 0.3529 0.1861 -0.4788 3.3071 6.0000 0.6109 0.1065 
12.2800 10.0000 258.0340 0.3382 0.1763 -0.4965 3.2182 6.0000 0.6492 0.1200 
11.3800 10.0000 222.9620 0.3395 0.1777 -0.4785 3.2884 6.0000 0.3511 0.0757 
12.4140 9.0000 263.5220 0.3427 0.1858 -0.4865 3.2357 6.0000 0.1693 0.0656 
11.4660 4.0000 231.1780 0.3421 0.1772 -0.4752 3.2666 7.0000 0.4815 0.0674 
11.8520 10.0000 233.8820 0.3354 0.1765 -0.4994 3.2584 6.0000 0.4400 0.0719 
12.2000 10.0000 256.1760 0.3453 0.1833 -0.4908 3.2314 6.0000 0.2210 0.0658 
12.5720 4.0000 262.6660 0.3272 0.1834 -0.4834 3.1991 6.0000 0.1719 0.0912 
12.4660 10.0000 262.0560 0.3378 0.1821 -0.4937 3.2170 6.0000 0.5298 0.1060 
12.2620 9.0000 259.0660 0.3339 0.1756 -0.4820 3.2033 6.0000 0.5641 0.0727 
12.0220 10.0000 241.0280 0.3083 0.1772 -0.4507 3.2368 6.0000 0.3554 0.0716 
12.8080 11.0000 277.9160 0.3437 0.1821 -0.5174 3.1753 6.0000 0.3039 0.0783 
12.0400 10.0000 247.0060 0.3439 0.1751 -0.5249 3.2250 6.0000 0.4831 0.0870 
12.1500 10.0000 247.9600 0.3357 0.1802 -0.5014 3.2253 6.0000 0.5268 0.0872 
12.2180 10.0000 253.3540 0.3293 0.1750 -0.4832 3.2099 6.0000 0.6161 0.0843 
12.5860 11.0000 267.0420 0.3321 0.1768 -0.5047 3.1674 6.0000 0.2654 0.0718 
11.9740 10.0000 240.4880 0.3317 0.1812 -0.5000 3.2673 6.0000 0.1758 0.0988 
12.4020 10.0000 270.1380 0.3490 0.1808 -0.4890 3.1938 6.0000 0.5479 0.0888 
12.2080 9.0000 256.4260 0.3239 0.1768 -0.4549 3.2137 6.0000 0.6717 0.1114 
12.5960 11.0000 260.7040 0.3347 0.1880 -0.5066 3.2185 6.0000 0.4340 0.0738 
11.9900 9.0000 247.6940 0.3362 0.1786 -0.4853 3.2416 6.0000 0.1736 0.0909 
12.0620 10.0000 246.0300 0.3237 0.1816 -0.4435 3.2173 6.0000 0.2650 0.0527 
11.8280 8.0000 239.6760 0.3271 0.1799 -0.4479 3.2796 7.0000 0.6551 0.0747 
11.5980 9.0000 232.3840 0.3257 0.1764 -0.4329 3.2657 6.0000 0.7043 0.1069 
11.9000 10.0000 241.7820 0.3411 0.1818 -0.4730 3.2646 6.0000 0.6540 0.1109 
12.4380 10.0000 266.6280 0.3354 0.1734 -0.5130 3.1756 6.0000 0.1783 0.0692 
11.7400 8.0000 242.1900 0.3501 0.1775 -0.5091 3.2738 6.0000 0.2549 0.0612 
11.8620 10.0000 242.6560 0.3322 0.1766 -0.4709 3.2300 6.0000 0.4810 0.1063 
12.1160 10.0000 252.9260 0.3178 0.1758 -0.4364 3.2099 6.0000 0.5207 0.0424 
12.5080 11.0000 263.3240 0.3281 0.1734 -0.5087 3.1936 6.0000 0.4428 0.0739 
12.3820 10.0000 272.3200 0.3392 0.1797 -0.4715 3.1944 6.0000 0.2827 0.0970 
12.6320 5.0000 266.1460 0.3282 0.1770 -0.5172 3.1754 6.0000 0.1425 0.1009 
12.5320 10.0000 261.3620 0.3306 0.1800 -0.4870 3.1888 6.0000 0.1899 0.0617 
12.5180 10.0000 269.3120 0.3386 0.1816 -0.4974 3.2160 7.0000 0.1979 0.0811 
11.6280 10.0000 230.6120 0.3323 0.1771 -0.4812 3.2724 6.0000 0.9311 0.0858 
11.8100 10.0000 237.3720 0.3387 0.1812 -0.4795 3.2856 7.0000 0.8769 0.0799 
11.7720 7.0000 234.3240 0.3477 0.1843 -0.4981 3.2818 6.0000 0.7830 0.0907 
11.7900 5.0000 240.2940 0.3362 0.1727 -0.4810 3.2365 7.0000 0.8692 0.0405 
12.1180 10.0000 253.2620 0.3362 0.1841 -0.4684 3.2484 6.0000 0.6485 0.0506 
11.7740 4.0000 243.0280 0.3428 0.1749 -0.4843 3.2525 7.0000 0.2204 0.0786 
12.3940 9.0000 260.0920 0.3340 0.1758 -0.5170 3.1788 6.0000 0.2581 0.0616 
11.9480 9.0000 248.6660 0.3379 0.1762 -0.4685 3.2093 6.0000 0.6289 0.0505 
12.2560 10.0000 251.2560 0.3442 0.1750 -0.5518 3.2014 6.0000 0.5281 0.0867 
12.2400 10.0000 253.8520 0.3333 0.1770 -0.4813 3.2224 7.0000 0.5118 0.0946 
12.1740 10.0000 257.5680 0.3524 0.1903 -0.4754 3.2658 7.0000 0.3161 0.0588 
11.7180 10.0000 228.1600 0.3255 0.1758 -0.4836 3.2513 6.0000 0.1307 0.0634 
13.0380 10.0000 287.9960 0.3238 0.1727 -0.5018 3.1448 6.0000 0.5705 0.0802 
11.7860 10.0000 233.6520 0.3276 0.1687 -0.5133 3.2197 6.0000 0.5732 0.1200 
12.4820 10.0000 259.4740 0.3370 0.1803 -0.5047 3.2144 6.0000 0.5368 0.0773 
12.7140 10.0000 275.0260 0.3205 0.1720 -0.4884 3.1721 6.0000 0.2196 0.1191 
12.3020 8.0000 254.7880 0.3358 0.1763 -0.5217 3.2008 6.0000 0.2626 0.1201 
12.2320 10.0000 253.0920 0.3235 0.1740 -0.4872 3.2123 6.0000 0.3958 0.0792 
12.0500 10.0000 243.0840 0.3339 0.1813 -0.4930 3.2540 6.0000 0.4011 0.0857 
12.1740 10.0000 256.3900 0.3441 0.1793 -0.5056 3.2258 6.0000 0.5244 0.0782 
11.8900 8.0000 246.6060 0.3486 0.1790 -0.4836 3.2270 6.0000 0.3934 0.0665 
13.0220 10.0000 289.2560 0.3175 0.1700 -0.5000 3.1241 5.0000 0.2158 0.0751 
12.1720 10.0000 247.3900 0.3429 0.1828 -0.5069 3.2392 6.0000 0.3980 0.0680 
11.8540 10.0000 243.4080 0.3394 0.1792 -0.4734 3.2457 6.0000 0.3965 0.0933 
12.3160 8.0000 245.9180 0.3337 0.1807 -0.5248 3.2199 6.0000 0.3944 0.0975 
12.6640 11.0000 277.7180 0.3436 0.1753 -0.5240 3.1645 6.0000 0.3939 0.0870 
11.9620 8.0000 243.8660 0.3540 0.1858 -0.4936 3.2644 6.0000 0.5246 0.0496 
12.2940 10.0000 249.0840 0.3163 0.1832 -0.4529 3.2412 7.0000 0.6169 0.1074 
11.7220 8.0000 237.6340 0.3430 0.1841 -0.4524 3.2719 6.0000 0.7271 0.0888 
12.8160 10.0000 279.4700 0.3308 0.1770 -0.5017 3.1684 6.0000 0.8856 0.1114 
12.0320 10.0000 242.6400 0.3323 0.1828 -0.4890 3.2340 6.0000 0.5659 0.0513 
12.2080 10.0000 252.5240 0.3386 0.1807 -0.4970 3.2154 6.0000 0.1717 0.0785 
12.5920 9.0000 269.3680 0.3454 0.1869 -0.4695 3.2047 6.0000 0.2624 0.0871 
12.1980 10.0000 248.5640 0.3213 0.1801 -0.4796 3.2244 6.0000 0.4781 0.0747 
11.6060 9.0000 234.3060 0.3341 0.1779 -0.4713 3.2540 7.0000 0.6191 0.0676 
12.2780 5.0000 261.9860 0.3328 0.1842 -0.4570 3.2214 6.0000 0.6904 0.0610 
12.3500 9.0000 259.5260 0.3468 0.1793 -0.5233 3.1945 6.0000 0.4431 0.1065 
12.5160 7.0000 263.9960 0.3367 0.1767 -0.5123 3.1812 6.0000 0.1785 0.0855 
11.7960 10.0000 241.4240 0.3368 0.1753 -0.4868 3.2321 6.0000 0.1326 0.1063 
11.6740 9.0000 222.7200 0.3299 0.1839 -0.4930 3.2997 7.0000 0.4436 0.0424 
12.2520 10.0000 253.7380 0.3400 0.1767 -0.5301 3.2316 6.0000 0.4309 0.0739 
11.8760 10.0000 234.7500 0.3183 0.1732 -0.4817 3.2269 6.0000 0.5366 0.0840 
12.6700 10.0000 271.8340 0.3308 0.1736 -0.5191 3.1522 6.0000 0.3904 0.0945 
11.6060 10.0000 235.2700 0.3485 0.1767 -0.5156 3.2668 6.0000 0.2455 0.0811 
12.3000 11.0000 250.9640 0.3232 0.1758 -0.4999 3.2211 6.0000 0.0642 0.0862 
11.9420 6.0000 245.1120 0.3366 0.1785 -0.4779 3.2178 6.0000 0.0180 0.0842 
12.2620 8.0000 253.5480 0.3437 0.1815 -0.5193 3.2305 6.0000 0.9675 0.0858 
12.0180 10.0000 251.8400 0.3297 0.1770 -0.4660 3.2171 6.0000 0.7923 0.0914 
11.7460 10.0000 234.2640 0.3317 0.1745 -0.4896 3.2649 6.0000 0.1288 0.0813 
12.7640 11.0000 267.6860 0.3240 0.1804 -0.5074 3.1742 6.0000 0.3926 0.0689 
12.0800 7.0000 251.1280 0.3442 0.1793 -0.5003 3.2241 6.0000 0.1766 0.0628 
12.2160 10.0000 255.7760 0.3420 0.1782 -0.5065 3.2098 5.0000 0.6373 0.0405 
11.4820 10.0000 235.2720 0.3381 0.1726 -0.4598 3.2391 6.0000 0.9129 0.0875 
12.6080 11.0000 264.1260 0.3245 0.1771 -0.5128 3.1762 6.0000 0.6987 0.0553 
11.8200 10.0000 255.2440 0.3512 0.1701 -0.4896 3.1987 6.0000 0.4016 0.0783 
13.1160 11.0000 280.2860 0.3256 0.1792 -0.5176 3.1615 6.0000 0.3318 0.0814 
12.1820 10.0000 245.3960 0.3435 0.1855 -0.5099 3.2294 6.0000 0.3419 0.0609 
11.9140 10.0000 238.8260 0.3289 0.1776 -0.4793 3.2631 6.0000 0.3928 0.0621 
11.8900 10.0000 236.3620 0.3343 0.1815 -0.4867 3.2418 6.0000 0.5632 0.0703 
12.7180 11.0000 276.0300 0.3298 0.1830 -0.4632 3.1772 6.0000 0.6542 0.1065 
11.9240 10.0000 242.0160 0.3205 0.1799 -0.4366 3.2603 7.0000 0.6594 0.1200 
11.7400 10.0000 240.1620 0.3440 0.1794 -0.4874 3.2513 7.0000 0.4312 0.0757 
12.7200 6.0000 271.8620 0.3384 0.1822 -0.5093 3.1945 6.0000 0.1772 0.0972 
12.2560 10.0000 255.7160 0.3353 0.1718 -0.5049 3.1828 6.0000 0.3964 0.0757 
12.4560 10.0000 260.7320 0.3377 0.1742 -0.5405 3.1786 6.0000 0.4430 0.0719 
11.6040 10.0000 230.0840 0.3407 0.1789 -0.5074 3.2810 6.0000 0.5193 0.0837 
12.4200 11.0000 258.6420 0.3436 0.1884 -0.4816 3.2350 6.0000 0.2626 0.0704 
11.9160 10.0000 254.2220 0.3562 0.1852 -0.4748 3.2506 7.0000 0.1739 0.1120 
12.3500 10.0000 265.2560 0.3503 0.1784 -0.5132 3.1802 6.0000 0.5715 0.0856 
11.1400 8.0000 216.4520 0.3447 0.1685 -0.5064 3.2852 6.0000 0.4825 0.0935 
12.3320 10.0000 255.0820 0.3089 0.1697 -0.4641 3.1800 6.0000 0.1308 0.0783 
11.6900 10.0000 241.8100 0.3499 0.1768 -0.4967 3.2424 6.0000 0.3017 0.0933 
12.3860 9.0000 259.9700 0.3140 0.1708 -0.4706 3.1893 6.0000 0.2668 0.0687 
12.0180 11.0000 241.6780 0.3583 0.1904 -0.5119 3.2795 6.0000 0.5283 0.0872 
12.4740 11.0000 269.2140 0.3353 0.1724 -0.5003 3.1604 6.0000 0.5242 0.0786 
12.3460 11.0000 252.1280 0.3294 0.1760 -0.5153 3.2113 6.0000 0.0934 0.0496 
12.3380 10.0000 258.3440 0.3299 0.1803 -0.4836 3.2137 6.0000 0.5313 0.1074 
12.0060 10.0000 244.8720 0.3349 0.1816 -0.4839 3.2608 6.0000 0.6509 0.0834 
12.1560 10.0000 257.5200 0.3434 0.1748 -0.4979 3.2042 6.0000 0.2643 0.0757 
12.0320 10.0000 242.2340 0.3287 0.1761 -0.5005 3.2294 6.0000 0.4807 0.1114 
12.3380 10.0000 254.2640 0.3352 0.1759 -0.5146 3.2173 7.0000 0.5243 0.0738 
12.5200 10.0000 263.9420 0.3166 0.1746 -0.4835 3.1852 7.0000 0.1308 0.0948 
12.4660 10.0000 259.2880 0.3230 0.1767 -0.4798 3.1871 6.0000 0.4382 0.1144 
11.9000 6.0000 251.1080 0.3350 0.1693 -0.4816 3.2044 7.0000 0.1283 0.0871 
11.9780 6.0000 247.1320 0.3513 0.1792 -0.5169 3.2620 6.0000 0.4797 0.0747 
11.8640 10.0000 231.5840 0.3339 0.1815 -0.5251 3.2502 6.0000 0.4397 0.0439 
12.4080 4.0000 260.3680 0.3314 0.1788 -0.4828 3.1963 6.0000 0.1290 0.0676 
11.8340 9.0000 235.8600 0.3388 0.1771 -0.5240 3.2372 6.0000 0.6515 0.1109 
11.9460 10.0000 243.3200 0.3346 0.1724 -0.5036 3.2162 6.0000 0.1750 0.0837 
12.6800 10.0000 273.5480 0.3354 0.1710 -0.5237 3.1678 6.0000 0.3922 0.0771 
12.0220 10.0000 239.2180 0.3165 0.1764 -0.4713 3.2243 6.0000 0.3508 0.0910 
12.2300 10.0000 256.5640 0.3466 0.1825 -0.5048 3.2256 6.0000 0.1731 0.1063 
11.9220 7.0000 239.2740 0.3314 0.1762 -0.4979 3.2467 6.0000 0.9350 0.0858 
12.3840 10.0000 267.0920 0.3355 0.1768 -0.4807 3.2033 6.0000 0.8353 0.0799 
12.3880 10.0000 259.3440 0.3197 0.1775 -0.4518 3.1966 6.0000 0.6650 0.0913 
11.9780 10.0000 245.1140 0.3202 0.1672 -0.4876 3.2149 6.0000 0.1559 0.0628 
11.9080 9.0000 239.0560 0.3163 0.1693 -0.4895 3.2072 6.0000 0.3837 0.0405 
11.8280 10.0000 255.2620 0.3610 0.1701 -0.5014 3.1924 6.0000 0.7406 0.0875 
12.1980 8.0000 253.2060 0.3473 0.1807 -0.5205 3.2518 7.0000 0.7045 0.0553 
12.0440 10.0000 252.3680 0.3493 0.1808 -0.4856 3.2487 6.0000 0.3374 0.0783 
11.8140 8.0000 227.1900 0.3353 0.1805 -0.5273 3.2607 6.0000 0.3850 0.0814 
11.7380 10.0000 232.1740 0.3289 0.1756 -0.4752 3.2388 6.0000 0.3882 0.0609 
11.8060 10.0000 238.9720 0.3446 0.1798 -0.5045 3.2635 6.0000 0.4786 0.1073 
12.2820 10.0000 250.9460 0.3317 0.1774 -0.5124 3.2203 7.0000 0.6101 0.0703 
11.5800 10.0000 231.0200 0.3443 0.1794 -0.4914 3.2712 7.0000 0.5675 0.1065 
12.1080 10.0000 253.7680 0.3323 0.1792 -0.4776 3.2203 7.0000 0.1784 0.0688 
12.6540 10.0000 265.3800 0.3310 0.1880 -0.4651 3.2297 6.0000 0.2231 0.0817 
11.9720 10.0000 251.1680 0.3372 0.1796 -0.4748 3.2367 6.0000 0.5825 0.0415 
12.2660 11.0000 247.0800 0.3164 0.1793 -0.4631 3.2266 6.0000 0.3505 0.0674 
12.5640 11.0000 258.4240 0.3230 0.1748 -0.5134 3.1750 6.0000 0.5180 0.0652 
11.9740 10.0000 241.7640 0.3236 0.1766 -0.4736 3.2206 6.0000 0.2227 0.0614 
12.1520 10.0000 253.5380 0.3442 0.1823 -0.4894 3.2331 6.0000 0.3032 0.0912 
11.9220 10.0000 242.3740 0.3287 0.1853 -0.4361 3.2834 6.0000 0.6079 0.1060 
12.3120 10.0000 249.2180 0.3343 0.1814 -0.5167 3.2347 8.0000 0.4827 0.0727 
12.0680 8.0000 251.7300 0.3432 0.1788 -0.5113 3.2161 6.0000 0.2634 0.0716 
12.5340 9.0000 259.2800 0.3232 0.1754 -0.5127 3.1650 6.0000 0.3869 0.0783 
12.4560 10.0000 273.4620 0.3510 0.1706 -0.5324 3.1713 6.0000 0.5225 0.0870 
12.3960 8.0000 256.7900 0.3378 0.1805 -0.5300 3.1970 6.0000 0.5265 0.0872 
12.7220 10.0000 277.8780 0.3325 0.1807 -0.4813 3.1903 6.0000 0.7384 0.0920 
12.5180 10.0000 259.6160 0.3230 0.1669 -0.5370 3.1544 6.0000 0.2136 0.0711 
11.8580 7.0000 243.0660 0.3463 0.1806 -0.5079 3.2476 6.0000 0.1764 0.0886 
11.8460 10.0000 238.1640 0.3216 0.1761 -0.4666 3.2569 8.0000 0.4670 0.0888 
12.1900 10.0000 252.2200 0.3317 0.1762 -0.4861 3.2111 6.0000 0.6263 0.1114 
11.8620 10.0000 234.4800 0.3142 0.1772 -0.4532 3.2471 6.0000 0.5702 0.0847 
12.3480 7.0000 259.0660 0.3283 0.1719 -0.5108 3.1782 6.0000 0.1743 0.0785 
11.0460 7.0000 201.9480 0.3231 0.1767 -0.4639 3.3176 6.0000 0.2574 0.0871 
12.2820 10.0000 258.4020 0.3378 0.1766 -0.5037 3.2125 6.0000 0.5668 0.0747 
12.0580 10.0000 250.0440 0.3373 0.1721 -0.5067 3.2065 6.0000 0.6164 0.0990 
11.2240 9.0000 214.7240 0.3433 0.1816 -0.4802 3.3153 6.0000 0.7383 0.0610 
12.0740 10.0000 250.8100 0.3230 0.1790 -0.4436 3.2191 6.0000 0.6158 0.0771 
12.4380 10.0000 259.8880 0.3407 0.1817 -0.4999 3.2014 6.0000 0.5261 0.0749 
11.9340 10.0000 244.6280 0.3497 0.1794 -0.5168 3.2387 6.0000 0.1739 0.0682 
12.2400 10.0000 256.0860 0.3387 0.1816 -0.4833 3.2289 6.0000 0.1998 0.0726 
11.8640 10.0000 244.0980 0.3432 0.1739 -0.5065 3.2321 7.0000 0.3233 0.0547 
11.6520 10.0000 232.7780 0.3161 0.1759 -0.4272 3.2574 6.0000 0.4645 0.0840 
11.9860 10.0000 245.2620 0.3325 0.1793 -0.4687 3.2257 6.0000 0.4212 0.0617 
11.9000 10.0000 237.0440 0.3201 0.1758 -0.4717 3.2288 6.0000 0.1821 0.0811 
12.3760 8.0000 260.7640 0.3276 0.1757 -0.4874 3.1913 6.0000 0.0670 0.0862 
12.7320 10.0000 273.3620 0.3329 0.1792 -0.5127 3.1502 6.0000 0.7940 0.0858 
12.5440 11.0000 257.9460 0.3168 0.1720 -0.5061 3.1734 6.0000 0.5287 0.0914 
12.2360 10.0000 254.3460 0.3251 0.1752 -0.4746 3.2026 7.0000 0.1738 0.0758 
12.2180 10.0000 255.3880 0.3220 0.1695 -0.4857 3.1765 6.0000 0.2548 0.0628 
11.9500 5.0000 244.2820 0.3506 0.1838 -0.4974 3.2473 6.0000 0.9089 0.0405 
12.4040 11.0000 258.5260 0.3410 0.1847 -0.4978 3.2086 6.0000 0.6579 0.0888 
12.5300 10.0000 258.1700 0.3193 0.1786 -0.4953 3.1990 6.0000 0.0898 0.0875 
12.0300 10.0000 239.1220 0.3344 0.1806 -0.5233 3.2582 6.0000 0.4930 0.0553 
11.4840 10.0000 227.9300 0.3490 0.1899 -0.4508 3.3182 7.0000 0.3331 0.1199 
12.0760 9.0000 245.4640 0.3264 0.1743 -0.4919 3.2165 6.0000 0.1259 0.0505 
11.8240 10.0000 242.7440 0.3469 0.1795 -0.4926 3.2346 6.0000 0.4840 0.0867 
11.9100 8.0000 242.4400 0.3486 0.1811 -0.5033 3.2448 6.0000 0.5643 0.0478 
11.6400 10.0000 235.8680 0.3339 0.1737 -0.4688 3.2234 6.0000 0.4781 0.0673 
12.6640 11.0000 269.6900 0.3350 0.1759 -0.5188 3.1950 7.0000 0.2259 0.0634 
12.1220 10.0000 255.3540 0.3360 0.1804 -0.4721 3.2322 7.0000 0.4753 0.1065 
12.1620 9.0000 248.6120 0.3359 0.1849 -0.4794 3.2557 7.0000 0.4320 0.0688 
12.2700 5.0000 260.4720 0.3324 0.1772 -0.4645 3.1893 6.0000 0.2150 0.1009 
12.2640 10.0000 248.0480 0.3205 0.1795 -0.4665 3.2143 6.0000 0.5501 0.0943 
12.3000 9.0000 250.4980 0.3176 0.1807 -0.4651 3.2223 6.0000 0.1342 0.0972 
12.3060 10.0000 259.8800 0.3326 0.1746 -0.4844 3.1794 6.0000 0.3504 0.0674 
12.0940 10.0000 246.3580 0.3293 0.1801 -0.4728 3.2326 6.0000 0.3971 0.0901 
12.4480 8.0000 256.2360 0.3277 0.1798 -0.4886 3.2040 6.0000 0.1761 0.1012 
12.6820 10.0000 270.4640 0.3357 0.1826 -0.5003 3.2029 6.0000 0.4402 0.0502 
12.4280 10.0000 266.9360 0.3303 0.1712 -0.5019 3.1677 6.0000 0.1328 0.0836 
13.1720 10.0000 290.0220 0.3282 0.1847 -0.4965 3.1654 6.0000 0.4415 0.0782 
11.7520 10.0000 238.3800 0.3264 0.1784 -0.4515 3.2750 6.0000 0.2633 0.0828 
12.4480 10.0000 255.8040 0.3196 0.1774 -0.4848 3.2003 6.0000 0.3139 0.0705 
12.6920 11.0000 267.3020 0.3162 0.1701 -0.5062 3.1535 6.0000 0.3069 0.0716 
11.8200 9.0000 245.9080 0.3408 0.1762 -0.4751 3.2399 7.0000 0.3909 0.0783 
12.5120 11.0000 260.3400 0.3282 0.1812 -0.4791 3.2058 6.0000 0.4872 0.0870 
11.8480 9.0000 246.6100 0.3450 0.1765 -0.4876 3.2501 6.0000 0.6104 0.0872 
12.4100 7.0000 253.4260 0.3304 0.1819 -0.4904 3.2135 6.0000 0.5343 0.0843 
11.6200 9.0000 232.4080 0.3439 0.1763 -0.5046 3.2732 6.0000 0.1823 0.0614 
12.2860 9.0000 260.8420 0.3499 0.1823 -0.5089 3.2200 6.0000 0.1739 0.1074 
12.1340 10.0000 241.7020 0.3125 0.1735 -0.4773 3.2059 6.0000 0.5514 0.0888 
12.1940 10.0000 259.9760 0.3232 0.1745 -0.4405 3.1889 6.0000 0.7602 0.1114 
11.8700 10.0000 236.2680 0.3287 0.1760 -0.5010 3.2431 6.0000 0.4833 0.0590 
12.1940 10.0000 249.0760 0.3371 0.1796 -0.5019 3.2215 6.0000 0.1762 0.0646 
12.1200 10.0000 250.6380 0.3204 0.1802 -0.4331 3.2308 6.0000 0.1762 0.0527 
12.3380 10.0000 256.8420 0.3104 0.1761 -0.4344 3.2030 6.0000 0.6131 0.0747 
12.7880 10.0000 274.9300 0.3376 0.1796 -0.5070 3.1680 6.0000 0.6596 0.1069 
12.3460 9.0000 264.7160 0.3569 0.1862 -0.5050 3.2334 7.0000 0.5653 0.1109 
12.0040 10.0000 245.0460 0.3289 0.1806 -0.4640 3.2514 7.0000 0.2213 0.0692 
12.4980 6.0000 266.4380 0.3501 0.1809 -0.5297 3.1953 6.0000 0.2201 0.0547 
12.6300 7.0000 267.2820 0.3388 0.1810 -0.5226 3.2100 7.0000 0.4414 0.1063 
11.9360 10.0000 241.2800 0.3383 0.1806 -0.5023 3.2417 6.0000 0.4812 0.0424 
11.6260 9.0000 236.0640 0.3667 0.1801 -0.5333 3.2767 7.0000 0.9666 0.0858 
12.5080 11.0000 259.7980 0.3199 0.1801 -0.4755 3.2045 6.0000 0.8784 0.0799 
12.3400 8.0000 259.9000 0.3226 0.1741 -0.4740 3.1947 7.0000 0.7843 0.0907 
12.1780 10.0000 250.5000 0.3324 0.1823 -0.4772 3.2356 6.0000 0.9038 0.0405 
12.6440 10.0000 268.8760 0.3154 0.1715 -0.4866 3.1564 6.0000 0.6036 0.0506 
12.3280 10.0000 259.2920 0.3525 0.1888 -0.5058 3.2750 6.0000 0.1773 0.0474 
11.9960 10.0000 248.7860 0.3307 0.1742 -0.4759 3.2272 6.0000 0.2190 0.1102 
11.9440 8.0000 254.8620 0.3532 0.1714 -0.5038 3.1942 6.0000 0.6900 0.0505 
12.6200 10.0000 267.1000 0.3379 0.1779 -0.5395 3.1707 5.0000 0.5211 0.0996 
12.3340 10.0000 266.2820 0.3406 0.1823 -0.4763 3.1931 6.0000 0.3477 0.0946 
12.3480 9.0000 266.5560 0.3308 0.1663 -0.4986 3.1717 6.0000 0.2550 0.0386 
12.2100 10.0000 252.9200 0.3381 0.1740 -0.5136 3.1990 6.0000 0.2875 0.0634 
12.1220 8.0000 256.9140 0.3509 0.1810 -0.5110 3.2151 6.0000 0.6130 0.0802 
12.0160 5.0000 241.0880 0.3268 0.1811 -0.4624 3.2321 6.0000 0.7013 0.1200 
11.9440 7.0000 242.0660 0.3288 0.1727 -0.4958 3.2345 6.0000 0.4211 0.0943 
12.1940 10.0000 254.9200 0.3221 0.1758 -0.4641 3.2212 7.0000 0.1707 0.0972 
11.3060 8.0000 220.3440 0.3327 0.1785 -0.4438 3.2859 6.0000 0.3503 0.0757 
11.7800 10.0000 235.3080 0.3269 0.1770 -0.4704 3.2478 6.0000 0.4825 0.0719 
12.5060 7.0000 271.3040 0.3329 0.1719 -0.5057 3.1750 6.0000 0.5690 0.0710 
11.7700 10.0000 241.4900 0.3463 0.1869 -0.4617 3.2892 7.0000 0.3534 0.0981 
12.1060 10.0000 256.0520 0.3604 0.1762 -0.5401 3.2220 7.0000 0.1765 0.1120 
12.0640 10.0000 247.7780 0.3407 0.1830 -0.4928 3.2252 7.0000 0.5333 0.0823 
11.2540 9.0000 212.2720 0.3409 0.1779 -0.5008 3.3013 6.0000 0.5671 0.0680 
11.3940 6.0000 227.4440 0.3522 0.1786 -0.4838 3.2847 7.0000 0.2283 0.0589 
11.9700 10.0000 237.6600 0.3339 0.1789 -0.5168 3.2234 6.0000 0.2639 0.0687 
12.1140 10.0000 256.9640 0.3387 0.1756 -0.4818 3.2125 6.0000 0.6554 0.0872 
12.0040 10.0000 253.1400 0.3544 0.1817 -0.4997 3.2326 6.0000 0.6579 0.0885 
12.4760 10.0000 250.6900 0.3125 0.1803 -0.4846 3.2118 6.0000 0.4772 0.1074 
11.7900 9.0000 239.1700 0.3347 0.1760 -0.4953 3.2358 6.0000 0.6165 0.0989 
12.0580 10.0000 249.7980 0.3390 0.1802 -0.5002 3.2410 6.0000 0.2631 0.0757 
12.5740 8.0000 265.8820 0.3283 0.1770 -0.5166 3.1910 6.0000 0.5697 0.0633 
11.6960 9.0000 240.3900 0.3455 0.1759 -0.4873 3.2508 7.0000 0.5991 0.0948 
12.1320 10.0000 250.0120 0.3211 0.1649 -0.5175 3.2025 6.0000 0.5253 0.0831 
12.3060 11.0000 251.4220 0.3435 0.1811 -0.5349 3.2247 6.0000 0.3546 0.0654 
12.3700 10.0000 263.1440 0.3371 0.1798 -0.4818 3.1972 6.0000 0.1325 0.0565 
12.8160 10.0000 267.0120 0.3344 0.1866 -0.5192 3.2027 6.0000 0.3518 0.0990 
12.3020 10.0000 257.0300 0.3389 0.1796 -0.4955 3.1937 6.0000 0.6549 0.0610 
11.3200 10.0000 224.2360 0.3502 0.1847 -0.4459 3.3135 6.0000 0.7016 0.0852 
13.2640 11.0000 291.3520 0.3211 0.1739 -0.5213 3.1253 6.0000 0.5301 0.1067 
11.7660 10.0000 235.3240 0.3275 0.1782 -0.4537 3.2671 7.0000 0.1346 0.0970 
12.5780 11.0000 263.1000 0.3090 0.1687 -0.4939 3.1570 6.0000 0.1183 0.0726 
11.5240 10.0000 225.0400 0.3519 0.1918 -0.4862 3.3089 6.0000 0.2898 0.0547 
12.1980 5.0000 245.5480 0.3303 0.1711 -0.5278 3.2060 6.0000 0.4683 0.0840 
12.1340 11.0000 239.0280 0.3134 0.1746 -0.4959 3.2284 6.0000 0.4508 0.0666 
12.4060 10.0000 261.2220 0.3239 0.1744 -0.4748 3.2023 7.0000 0.1260 0.0811 
12.5140 9.0000 266.0700 0.3257 0.1745 -0.5038 3.1695 5.0000 0.8792 0.0858 
11.8500 8.0000 244.1600 0.3459 0.1779 -0.4841 3.2329 6.0000 0.8332 0.0799 
12.4080 10.0000 257.2620 0.3373 0.1837 -0.5044 3.2162 6.0000 0.3956 0.0750 
11.8400 10.0000 238.8880 0.3378 0.1773 -0.4965 3.2493 6.0000 0.1322 0.0628 
11.7320 9.0000 227.7840 0.3250 0.1808 -0.4740 3.2696 6.0000 0.6452 0.0405 
11.4700 10.0000 236.0840 0.3572 0.1797 -0.4737 3.2862 7.0000 0.7833 0.0875 
12.0660 9.0000 246.5000 0.3360 0.1777 -0.4913 3.2332 6.0000 0.6134 0.0553 
11.7440 10.0000 228.0860 0.3229 0.1788 -0.4699 3.2565 6.0000 0.3994 0.0783 
12.1680 10.0000 247.7740 0.3316 0.1800 -0.4851 3.2031 6.0000 0.2567 0.0726 
12.8500 11.0000 277.2680 0.3264 0.1750 -0.5104 3.1483 6.0000 0.1824 0.0867 
11.7160 6.0000 233.0540 0.3356 0.1761 -0.4890 3.2704 6.0000 0.5589 0.0478 
12.3780 10.0000 255.0320 0.3257 0.1724 -0.5023 3.1847 6.0000 0.3915 0.0673 
12.0840 10.0000 254.7960 0.3436 0.1797 -0.5021 3.2291 7.0000 0.3046 0.1213 
12.2520 9.0000 256.1040 0.3216 0.1707 -0.4852 3.1642 6.0000 0.2666 0.0802 
11.6520 10.0000 240.0120 0.3400 0.1796 -0.4461 3.2567 7.0000 0.6217 0.1009 
12.3100 10.0000 259.8520 0.3440 0.1828 -0.4890 3.2283 6.0000 0.7920 0.0415 
11.7300 9.0000 240.9860 0.3447 0.1745 -0.4903 3.2316 6.0000 0.3960 0.0674 
11.7600 9.0000 239.7360 0.3376 0.1744 -0.4951 3.2374 6.0000 0.4334 0.0652 
11.4920 10.0000 237.2380 0.3328 0.1755 -0.4359 3.2712 6.0000 0.2635 0.0614 
11.8920 10.0000 237.1680 0.3251 0.1844 -0.4391 3.2800 7.0000 0.2957 0.0912 
12.6580 10.0000 278.7540 0.3463 0.1799 -0.5126 3.1833 6.0000 0.5634 0.1060 
12.4060 9.0000 258.0460 0.3406 0.1785 -0.5276 3.2057 6.0000 0.4425 0.0727 
12.4000 10.0000 261.5500 0.3408 0.1774 -0.5186 3.2013 7.0000 0.2168 0.0716 
11.9040 7.0000 240.7480 0.3188 0.1729 -0.4783 3.2400 6.0000 0.3482 0.0783 
12.0460 2.0000 245.0640 0.3101 0.1816 -0.4108 3.2473 7.0000 0.4832 0.0870 
12.5680 8.0000 270.0560 0.3195 0.1733 -0.4748 3.1995 6.0000 0.2199 0.0823 
12.2560 10.0000 263.6240 0.3522 0.1786 -0.5215 3.2073 7.0000 0.1735 0.0929 
12.1060 6.0000 247.9640 0.3359 0.1787 -0.4916 3.2226 6.0000 0.3978 0.0496 
12.2760 10.0000 250.4160 0.3271 0.1800 -0.4815 3.2112 6.0000 0.6561 0.1074 
11.8920 6.0000 240.7100 0.3249 0.1723 -0.4619 3.2342 6.0000 0.5956 0.0888 
12.1800 9.0000 250.2680 0.3236 0.1774 -0.4597 3.2138 6.0000 0.1788 0.0649 
11.4600 9.0000 232.8760 0.3414 0.1725 -0.4702 3.2393 6.0000 0.4412 0.0891 
12.1860 8.0000 249.7240 0.3314 0.1792 -0.4857 3.1977 7.0000 0.4735 0.0948 
11.6980 10.0000 236.8480 0.3301 0.1766 -0.4576 3.2564 6.0000 0.6139 0.0527 
11.5380 9.0000 232.6280 0.3536 0.1832 -0.4807 3.2672 6.0000 0.6140 0.0747 
12.1320 10.0000 240.9420 0.3122 0.1717 -0.4718 3.2143 7.0000 0.5675 0.1001 
12.7900 11.0000 265.5040 0.3308 0.1805 -0.5180 3.1767 6.0000 0.3472 0.1086 
12.2220 10.0000 263.5400 0.3213 0.1737 -0.4440 3.1869 7.0000 0.2579 0.0610 
11.9840 10.0000 240.9240 0.3511 0.1769 -0.5464 3.2241 6.0000 0.5745 0.0501 
12.2160 6.0000 252.0400 0.3367 0.1759 -0.5118 3.2138 6.0000 0.5245 0.1063 
12.0100 10.0000 252.1020 0.3442 0.1730 -0.4986 3.2012 6.0000 0.4451 0.0424 
11.9060 1.0000 249.7280 0.3296 0.1774 -0.4352 3.2079 6.0000 0.2748 0.0938 
12.1000 8.0000 256.9000 0.3495 0.1766 -0.5124 3.2061 6.0000 0.0769 0.0739 
12.4500 7.0000 263.3860 0.3381 0.1811 -0.5028 3.2071 6.0000 0.3952 0.0970 
12.1460 10.0000 255.9140 0.3330 0.1745 -0.4779 3.2187 7.0000 0.1086 0.0840 
12.4240 8.0000 260.1220 0.3456 0.1816 -0.5282 3.2113 6.0000 0.9243 0.0858 
11.6960 10.0000 240.7960 0.3381 0.1785 -0.4487 3.2472 7.0000 0.8670 0.0799 
12.6920 10.0000 264.0380 0.3190 0.1784 -0.4922 3.1983 6.0000 0.6965 0.0907 
12.3020 6.0000 258.6020 0.3483 0.1802 -0.5084 3.2049 6.0000 0.9543 0.0405 
11.7400 9.0000 236.7780 0.3372 0.1839 -0.4676 3.2959 6.0000 0.7410 0.0506 
12.0320 10.0000 243.4920 0.3420 0.1863 -0.4960 3.2386 6.0000 0.1791 0.0786 
11.8180 10.0000 234.7180 0.3186 0.1704 -0.4869 3.2240 6.0000 0.2194 0.0758 
12.3180 10.0000 266.4380 0.3413 0.1756 -0.4840 3.1921 6.0000 0.6703 0.0505 
11.6960 9.0000 243.8040 0.3417 0.1738 -0.4717 3.2265 6.0000 0.4487 0.0867 
11.5680 10.0000 228.0100 0.3329 0.1793 -0.4621 3.2786 6.0000 0.5159 0.0946 
12.3740 10.0000 264.7940 0.3260 0.1731 -0.4621 3.2069 6.0000 0.2195 0.0958 
11.8560 7.0000 239.0520 0.3472 0.1857 -0.4796 3.2937 6.0000 0.3897 0.0634 
12.0920 10.0000 243.5680 0.3198 0.1772 -0.4760 3.2069 6.0000 0.6164 0.0802 
12.3160 10.0000 254.9280 0.3229 0.1788 -0.4722 3.2281 6.0000 0.6180 0.1200 
11.8180 10.0000 237.2880 0.3161 0.1731 -0.4536 3.2197 6.0000 0.4457 0.0757 
12.1400 10.0000 253.4340 0.3230 0.1707 -0.4760 3.1823 6.0000 0.1706 0.0549 
12.2900 9.0000 255.3240 0.3400 0.1801 -0.4933 3.1981 6.0000 0.4056 0.0674 
11.6920 9.0000 240.1840 0.3586 0.1786 -0.5082 3.2731 6.0000 0.4842 0.0719 
12.2160 8.0000 250.1100 0.3288 0.1750 -0.4909 3.2061 6.0000 0.4383 0.0502 
12.2540 10.0000 249.9320 0.3277 0.1722 -0.5064 3.2035 6.0000 0.2136 0.0980 
12.7820 11.0000 280.5280 0.3577 0.1902 -0.5268 3.2038 6.0000 0.3494 0.1060 
12.2940 10.0000 250.1640 0.3356 0.1794 -0.5090 3.1983 6.0000 0.6132 0.0705 
11.8880 10.0000 237.3680 0.3199 0.1737 -0.4717 3.2292 6.0000 0.4818 0.0935 
12.6340 10.0000 275.2920 0.3375 0.1824 -0.4643 3.2031 6.0000 0.1723 0.0891 
12.2680 7.0000 252.0200 0.3185 0.1705 -0.4848 3.2102 6.0000 0.4392 0.0687 
11.7040 4.0000 233.1400 0.3273 0.1784 -0.4497 3.2595 6.0000 0.6179 0.0872 
12.3440 8.0000 258.7780 0.3404 0.1752 -0.5122 3.1837 5.0000 0.6152 0.0920 
11.5340 10.0000 230.8160 0.3522 0.1822 -0.4831 3.2847 6.0000 0.6434 0.1074 
12.2720 10.0000 257.1980 0.3462 0.1788 -0.5032 3.2213 8.0000 0.5689 0.0989 
11.4340 10.0000 219.9500 0.3336 0.1805 -0.4780 3.2956 6.0000 0.1767 0.0757 
12.2260 10.0000 256.3420 0.3366 0.1797 -0.4855 3.1935 6.0000 0.5687 0.1114 
12.2060 10.0000 263.9640 0.3567 0.1821 -0.5028 3.2180 6.0000 0.6449 0.0948 
11.6400 10.0000 229.4600 0.3530 0.1827 -0.5139 3.2767 6.0000 0.4813 0.0831 
12.4940 10.0000 265.1140 0.3429 0.1773 -0.5229 3.2007 6.0000 0.1742 0.0639 
12.2280 9.0000 252.7620 0.3232 0.1711 -0.4849 3.2131 8.0000 0.1318 0.0648 
11.6820 10.0000 233.7980 0.3289 0.1784 -0.4646 3.2750 7.0000 0.6119 0.0990 
12.0160 10.0000 245.9620 0.3441 0.1792 -0.5007 3.2243 6.0000 0.7357 0.0610 
12.3200 10.0000 258.3860 0.3324 0.1817 -0.4781 3.2407 7.0000 0.5726 0.0771 
12.1480 9.0000 253.2460 0.3263 0.1709 -0.4949 3.1799 6.0000 0.4809 0.0867 
12.2300 10.0000 251.5940 0.3386 0.1771 -0.5143 3.2229 7.0000 0.1337 0.0653 
11.4800 9.0000 232.1280 0.3367 0.1723 -0.4718 3.2701 7.0000 0.2816 0.0697 
12.1540 10.0000 245.1260 0.3285 0.1806 -0.4932 3.2331 6.0000 0.3945 0.0739 
12.5760 11.0000 269.2420 0.3386 0.1845 -0.4857 3.2045 7.0000 0.4642 0.0864 
11.5760 7.0000 235.4000 0.3367 0.1791 -0.4650 3.2742 6.0000 0.1045 0.0591 
11.9560 5.0000 243.6780 0.3347 0.1777 -0.4937 3.2424 6.0000 0.1952 0.0945 
11.5780 9.0000 238.9660 0.3514 0.1792 -0.4889 3.2705 6.0000 0.9278 0.0858 
11.6880 10.0000 238.2500 0.3427 0.1762 -0.4885 3.2526 6.0000 0.8359 0.0799 
11.8120 10.0000 240.7460 0.3308 0.1772 -0.4453 3.2479 6.0000 0.5283 0.0689 
12.3720 10.0000 258.9260 0.3407 0.1775 -0.5396 3.1988 6.0000 0.1760 0.0628 
12.1720 7.0000 252.7900 0.3230 0.1749 -0.4679 3.2031 6.0000 0.6419 0.0405 
11.9300 10.0000 236.0920 0.3364 0.1878 -0.4743 3.2679 6.0000 0.8244 0.0875 
12.5160 10.0000 259.0880 0.3215 0.1709 -0.5212 3.1867 7.0000 0.6183 0.0553 
12.3120 9.0000 261.8480 0.3317 0.1703 -0.5127 3.1790 6.0000 0.3983 0.0783 
12.1380 9.0000 256.4920 0.3467 0.1741 -0.5064 3.1944 6.0000 0.3353 0.0801 
12.1520 6.0000 253.7100 0.3429 0.1797 -0.5227 3.2207 6.0000 0.1684 0.0867 
11.4820 10.0000 225.1380 0.3414 0.1781 -0.4871 3.2898 6.0000 0.5702 0.0478 
11.4660 7.0000 226.7380 0.3229 0.1781 -0.4326 3.2805 6.0000 0.4331 0.0673 
11.8840 10.0000 243.1680 0.3378 0.1801 -0.4692 3.2368 6.0000 0.2598 0.1213 
11.4480 10.0000 224.7940 0.3396 0.1751 -0.4929 3.2745 6.0000 0.3067 0.0802 
11.9360 10.0000 243.9000 0.3309 0.1757 -0.4944 3.2273 6.0000 0.5752 0.1200 
12.0640 6.0000 254.5020 0.3385 0.1735 -0.4915 3.2009 6.0000 0.4943 0.0773 
12.0160 7.0000 243.1820 0.3344 0.1816 -0.4686 3.2404 6.0000 0.2563 0.1191 
11.9200 9.0000 235.0880 0.3283 0.1888 -0.4630 3.2844 7.0000 0.1775 0.0839 
11.6240 10.0000 232.3940 0.3347 0.1737 -0.4886 3.2485 6.0000 0.3906 0.1012 
12.1360 8.0000 251.0460 0.3291 0.1771 -0.4649 3.2208 6.0000 0.4833 0.0710 
11.7280 10.0000 241.3660 0.3595 0.1813 -0.5214 3.2742 7.0000 0.3526 0.1026 
11.8380 10.0000 239.7940 0.3549 0.1833 -0.5147 3.2635 6.0000 0.1377 0.1120 
11.5580 10.0000 223.7940 0.3326 0.1772 -0.4887 3.2791 6.0000 0.5261 0.0823 
12.0960 10.0000 251.6400 0.3462 0.1790 -0.5068 3.2472 6.0000 0.5276 0.0680 
11.7260 8.0000 241.0980 0.3408 0.1665 -0.5070 3.2050 6.0000 0.2609 0.0697 
12.1340 10.0000 253.1520 0.3437 0.1833 -0.4768 3.2580 6.0000 0.2212 0.0687 
12.0420 9.0000 243.1400 0.3184 0.1705 -0.4885 3.2016 6.0000 0.6581 0.0872 
12.7480 10.0000 275.2360 0.3372 0.1750 -0.5115 3.1678 6.0000 0.6164 0.0496 
12.4940 10.0000 268.4320 0.3278 0.1811 -0.4605 3.2319 7.0000 0.5709 0.1074 
12.6000 7.0000 261.8960 0.3223 0.1737 -0.5281 3.1730 6.0000 0.4390 0.0640 
12.0360 10.0000 246.0680 0.3360 0.1837 -0.4679 3.2532 7.0000 0.0905 0.0888 
12.3320 10.0000 249.5500 0.3197 0.1770 -0.4992 3.2313 6.0000 0.6695 0.1114 
12.1740 10.0000 256.3040 0.3263 0.1723 -0.4777 3.2002 6.0000 0.5665 0.0847 
12.2660 9.0000 249.9780 0.3163 0.1771 -0.4562 3.2078 6.0000 0.1734 0.0785 
12.0100 10.0000 250.0500 0.3433 0.1852 -0.4644 3.2336 6.0000 0.2590 0.0871 
12.2780 10.0000 257.5200 0.3441 0.1755 -0.5328 3.2016 6.0000 0.5707 0.0747 
11.5920 9.0000 235.7240 0.3341 0.1719 -0.4652 3.2396 6.0000 0.5724 0.0676 
12.5540 10.0000 267.0340 0.3378 0.1804 -0.5104 3.1971 6.0000 0.6985 0.0610 
11.4040 10.0000 222.9320 0.3349 0.1791 -0.4540 3.2938 6.0000 0.5276 0.1065 
11.9440 10.0000 240.3620 0.3461 0.1877 -0.4986 3.2790 6.0000 0.3080 0.0866 
12.0660 10.0000 254.0660 0.3450 0.1789 -0.4868 3.2309 7.0000 0.1742 0.1063 
11.8940 7.0000 245.2800 0.3499 0.1784 -0.5001 3.2610 6.0000 0.3984 0.0697 
12.0660 10.0000 243.1800 0.3346 0.1767 -0.5044 3.2233 6.0000 0.4316 0.0739 
12.2180 11.0000 255.2280 0.3384 0.1826 -0.4682 3.2259 7.0000 0.5032 0.0840 
12.4020 10.0000 256.0940 0.3180 0.1723 -0.4952 3.1983 6.0000 0.3879 0.0617 
12.5300 10.0000 262.9760 0.3395 0.1790 -0.5375 3.1970 7.0000 0.9679 0.0858 
11.7960 10.0000 239.0380 0.3299 0.1757 -0.4552 3.2580 7.0000 0.8666 0.0799 
11.5080 10.0000 232.8220 0.3394 0.1753 -0.4695 3.2616 7.0000 0.7939 0.0907 
12.1260 10.0000 253.1300 0.3424 0.1791 -0.4880 3.2210 6.0000 0.9635 0.0405 
12.3440 10.0000 262.6460 0.3490 0.1792 -0.5108 3.1959 6.0000 0.8686 0.0875 
12.0280 10.0000 251.6220 0.3407 0.1726 -0.5187 3.2124 6.0000 0.7045 0.0553 
12.3820 1.0000 263.9380 0.3344 0.1773 -0.4761 3.1991 7.0000 0.8849 0.0505 
12.7560 7.0000 272.5240 0.3292 0.1800 -0.4876 3.1844 6.0000 0.4348 0.0654 
11.7140 7.0000 232.0060 0.3244 0.1782 -0.4722 3.2548 7.0000 0.1340 0.0904 
12.2180 10.0000 247.6060 0.3249 0.1726 -0.5158 3.2104 7.0000 0.4781 0.1073 
11.7060 10.0000 233.4440 0.3192 0.1736 -0.4588 3.2292 6.0000 0.4809 0.0703 
12.0280 9.0000 240.1740 0.3296 0.1707 -0.5183 3.2114 6.0000 0.2217 0.0658 
11.9100 10.0000 248.6960 0.3364 0.1742 -0.4715 3.2211 6.0000 0.1648 0.0799 
12.1300 8.0000 256.0660 0.3312 0.1657 -0.5062 3.1866 6.0000 0.4403 0.1009 
12.0760 10.0000 245.2280 0.3247 0.1782 -0.4665 3.2358 7.0000 0.7121 0.0415 
12.1340 11.0000 245.9340 0.3387 0.1817 -0.4973 3.2343 6.0000 0.4397 0.0674 
12.6640 10.0000 270.3220 0.3220 0.1765 -0.4749 3.1865 6.0000 0.4391 0.0652 
12.3160 10.0000 264.6360 0.3407 0.1802 -0.4745 3.2234 7.0000 0.2626 0.0513 
11.7240 10.0000 227.2440 0.3058 0.1695 -0.4696 3.2461 6.0000 0.3487 0.0912 
12.3900 11.0000 254.5820 0.3090 0.1707 -0.4648 3.1834 6.0000 0.5667 0.0959 
11.2780 10.0000 222.4540 0.3523 0.1857 -0.4662 3.3396 6.0000 0.3533 0.0448 
12.4180 10.0000 257.8600 0.3377 0.1839 -0.4968 3.2221 6.0000 0.1321 0.1060 
12.6020 9.0000 266.6420 0.3433 0.1831 -0.5290 3.2063 6.0000 0.3483 0.0680 
12.3800 10.0000 265.9420 0.3330 0.1700 -0.4946 3.1598 6.0000 0.3509 0.0933 
12.3300 8.0000 257.6080 0.3248 0.1795 -0.4528 3.2126 6.0000 0.3537 0.0975 
12.5920 11.0000 265.4400 0.3354 0.1806 -0.5017 3.1864 6.0000 0.3966 0.0872 
12.2360 10.0000 252.3640 0.3269 0.1723 -0.5035 3.1947 6.0000 0.5724 0.0496 
12.1240 10.0000 253.1840 0.3225 0.1774 -0.4474 3.2542 7.0000 0.6056 0.1074 
12.4260 10.0000 263.1420 0.3191 0.1699 -0.4827 3.1731 6.0000 0.5921 0.0757 
12.6600 11.0000 270.4820 0.3158 0.1750 -0.4555 3.1602 6.0000 0.2235 0.0649 
12.2060 10.0000 263.5260 0.3593 0.1772 -0.5052 3.2035 6.0000 0.4363 0.0891 
12.1460 7.0000 249.2580 0.3437 0.1793 -0.5160 3.2093 6.0000 0.4257 0.0948 
11.7500 8.0000 240.2200 0.3540 0.1820 -0.5004 3.2658 6.0000 0.5763 0.0527 
12.0980 11.0000 246.0120 0.3387 0.1789 -0.5087 3.2458 7.0000 0.6573 0.0747 
12.5020 11.0000 253.8060 0.3172 0.1787 -0.5032 3.2024 6.0000 0.6159 0.1001 
11.8260 10.0000 239.3980 0.3353 0.1708 -0.4876 3.2122 6.0000 0.3957 0.1246 
11.8620 10.0000 239.4220 0.3567 0.1834 -0.5274 3.2555 6.0000 0.1808 0.0887 
11.7600 5.0000 237.6160 0.3453 0.1815 -0.4805 3.2441 6.0000 0.5284 0.0501 
12.2500 10.0000 248.2220 0.3298 0.1786 -0.5134 3.2277 6.0000 0.5726 0.1063 
12.0280 10.0000 255.7720 0.3514 0.1818 -0.4742 3.2137 6.0000 0.5610 0.0424 
12.1800 10.0000 247.8960 0.3235 0.1822 -0.4677 3.2296 6.0000 0.4406 0.0739 
12.1140 9.0000 254.7700 0.3338 0.1694 -0.4908 3.1992 6.0000 0.3589 0.0704 
12.1220 10.0000 254.8000 0.3506 0.1811 -0.5050 3.2315 6.0000 0.1070 0.0840 
11.7600 9.0000 234.3180 0.3344 0.1720 -0.5101 3.2332 6.0000 0.3464 0.0666 
12.1740 7.0000 251.6620 0.3298 0.1811 -0.4634 3.2399 6.0000 0.0988 0.0811 
12.0560 4.0000 244.9200 0.3279 0.1749 -0.5070 3.2383 6.0000 0.9664 0.0858 
12.0760 10.0000 260.5020 0.3435 0.1765 -0.4798 3.2243 6.0000 0.8796 0.0799 
12.2620 10.0000 254.4980 0.3252 0.1769 -0.4698 3.2080 6.0000 0.7074 0.0907 
12.6300 11.0000 262.3820 0.3129 0.1768 -0.4646 3.1922 6.0000 1.0033 0.0405 
11.9260 10.0000 242.1420 0.3270 0.1772 -0.4595 3.2399 6.0000 0.7838 0.0875 
12.8640 10.0000 284.4020 0.3375 0.1781 -0.5010 3.1666 6.0000 0.6183 0.0553 
12.3900 9.0000 256.7280 0.3266 0.1797 -0.4994 3.2183 6.0000 0.4195 0.0783 
11.7480 10.0000 235.2220 0.3304 0.1747 -0.4780 3.2400 6.0000 0.4232 0.0814 
12.4840 10.0000 256.0640 0.3111 0.1713 -0.4911 3.1744 6.0000 0.3111 0.0743 
12.5040 10.0000 269.5320 0.3423 0.1819 -0.4933 3.2117 6.0000 0.4717 0.1073 
11.9160 10.0000 234.2480 0.3192 0.1730 -0.4796 3.2330 6.0000 0.4414 0.0703 
11.7020 10.0000 241.6220 0.3262 0.1689 -0.4465 3.2339 6.0000 0.1790 0.0742 
11.6600 10.0000 233.0660 0.3287 0.1751 -0.4718 3.2689 7.0000 0.1376 0.0799 
11.9360 10.0000 241.4800 0.3609 0.1871 -0.5321 3.2592 6.0000 0.6104 0.1009 
12.0620 10.0000 252.5620 0.3419 0.1785 -0.4793 3.2174 6.0000 0.5372 0.0773 
12.6880 10.0000 278.3060 0.3296 0.1739 -0.4819 3.1660 6.0000 0.3449 0.1191 
12.5720 5.0000 270.1360 0.3572 0.1936 -0.5100 3.2129 6.0000 0.2222 0.1201 
11.7580 3.0000 241.1080 0.3437 0.1778 -0.4994 3.2381 6.0000 0.3959 0.0792 
12.2000 10.0000 252.4800 0.3029 0.1734 -0.4195 3.1981 6.0000 0.4413 0.0857 
11.5320 9.0000 230.0060 0.3432 0.1765 -0.4779 3.2483 6.0000 0.4803 0.0782 
11.8960 10.0000 247.3380 0.3407 0.1753 -0.4752 3.2350 6.0000 0.1788 0.0828 
11.5460 10.0000 227.5580 0.3252 0.1731 -0.4668 3.2550 6.0000 0.4352 0.0618 
12.0720 9.0000 241.6520 0.3202 0.1800 -0.4790 3.2498 6.0000 0.5252 0.0680 
12.1260 10.0000 253.6800 0.3334 0.1793 -0.4822 3.2116 6.0000 0.3556 0.0933 
12.8860 10.0000 275.5320 0.3119 0.1725 -0.4991 3.1637 6.0000 0.2205 0.0687 
12.2420 10.0000 252.8200 0.3405 0.1776 -0.5152 3.2270 6.0000 0.4839 0.0872 
11.9540 10.0000 242.3420 0.3312 0.1777 -0.4874 3.2510 6.0000 0.6563 0.0496 
12.3680 10.0000 263.9540 0.3284 0.1788 -0.4582 3.2096 7.0000 0.6550 0.1074 
11.7740 10.0000 233.5500 0.3555 0.1863 -0.5102 3.2847 7.0000 0.6377 0.0757 
11.7680 9.0000 237.5040 0.3506 0.1775 -0.5168 3.2489 6.0000 0.2397 0.0900 
11.8780 10.0000 246.9020 0.3270 0.1741 -0.4445 3.2149 8.0000 0.4367 0.0602 
12.7340 10.0000 269.2340 0.3192 0.1720 -0.4936 3.1495 6.0000 0.5578 0.0948 
12.1700 10.0000 251.0400 0.3244 0.1775 -0.4686 3.2335 7.0000 0.5326 0.0527 
12.2860 9.0000 251.0920 0.3238 0.1785 -0.4914 3.2114 6.0000 0.5711 0.0747 
12.7040 10.0000 282.1960 0.3324 0.1775 -0.4772 3.1663 6.0000 0.5264 0.1001 
11.9780 10.0000 246.3740 0.3341 0.1714 -0.5064 3.2283 6.0000 0.2599 0.0668 
11.6960 7.0000 233.3860 0.3597 0.1867 -0.5306 3.2957 6.0000 0.2647 0.0610 
12.2400 10.0000 248.6160 0.3220 0.1807 -0.4737 3.2362 6.0000 0.5752 0.0852 
12.2020 10.0000 241.5480 0.3382 0.1835 -0.5186 3.2428 6.0000 0.6581 0.1067 
11.8400 8.0000 248.9140 0.3296 0.1667 -0.4858 3.2177 7.0000 0.4854 0.0424 
12.6300 10.0000 271.2260 0.3388 0.1699 -0.5492 3.1658 6.0000 0.3813 0.0951 
12.7920 10.0000 278.6440 0.3312 0.1777 -0.5128 3.1604 6.0000 0.1090 0.0749 
11.9360 10.0000 230.9460 0.3204 0.1836 -0.4733 3.2733 6.0000 0.1406 0.0840 
12.1740 10.0000 253.5240 0.3331 0.1760 -0.4917 3.1960 6.0000 0.3677 0.0617 
12.3160 10.0000 252.9320 0.3268 0.1821 -0.4714 3.2321 6.0000 0.1202 0.0811 
