12.2956 8.0000 250.5172 0.3463 0.1851 -0.5083 0.0000 0.0000 5.6701 0.0757 
12.4404 10.0000 259.8852 0.3325 0.1770 -0.4975 0.0000 0.0000 5.4025 0.0791 
12.4412 10.0000 259.5060 0.3494 0.1849 -0.5102 0.0000 0.0000 5.6738 0.0680 
12.5168 3.0000 259.4400 0.3458 0.1829 -0.5250 0.0000 0.0000 5.6674 0.0791 
12.4980 10.0000 261.4236 0.3468 0.1842 -0.5101 0.0000 0.0000 5.5847 0.0625 
12.5728 10.0000 261.6060 0.3355 0.1818 -0.4997 0.0000 0.0000 5.6293 0.0757 
12.5924 10.0000 266.1796 0.3500 0.1880 -0.5043 0.0000 0.0000 5.2718 0.0645 
12.6120 10.0000 265.4564 0.3421 0.1843 -0.5018 0.0000 0.0000 5.3613 0.0690 
12.2652 10.0000 253.1264 0.3354 0.1801 -0.4805 0.0000 0.0000 5.5338 0.0822 
12.5236 9.0000 259.8908 0.3390 0.1816 -0.5052 0.0000 0.0000 4.9685 0.0822 
12.5616 10.0000 266.0376 0.3417 0.1840 -0.4885 0.0000 0.0000 5.1396 0.0822 
12.4488 10.0000 263.3208 0.3470 0.1818 -0.4984 0.0000 0.0000 0.6570 0.0707 
12.2868 10.0000 255.4932 0.3492 0.1834 -0.4935 0.0000 0.0000 0.6911 0.0725 
12.1104 10.0000 248.2200 0.3461 0.1847 -0.4836 0.0000 0.0000 1.6249 0.0683 
12.4348 8.0000 258.8728 0.3482 0.1850 -0.5094 0.0000 0.0000 1.7096 0.0765 
12.3972 10.0000 254.8212 0.3354 0.1798 -0.4952 0.0000 0.0000 1.6514 0.0594 
12.3068 10.0000 255.3016 0.3555 0.1863 -0.5174 0.0000 0.0000 1.3979 0.0628 
12.0500 10.0000 247.3440 0.3568 0.1859 -0.5057 0.0000 0.0000 1.4418 0.0765 
12.2620 8.0000 258.1464 0.3491 0.1845 -0.4793 0.0000 0.0000 1.0109 0.0720 
12.4536 10.0000 260.9520 0.3445 0.1837 -0.4945 0.0000 0.0000 1.4057 0.0650 
12.2580 10.0000 253.8392 0.3529 0.1888 -0.4973 0.0000 0.0000 1.5826 0.0656 
12.0796 10.0000 249.9808 0.3468 0.1809 -0.4912 0.0000 0.0000 1.5391 0.0658 
12.2688 10.0000 257.3604 0.3519 0.1845 -0.4906 0.0000 0.0000 0.8794 0.0726 
12.3912 10.0000 260.0496 0.3424 0.1840 -0.4798 0.0000 0.0000 0.8793 0.0738 
12.4036 10.0000 260.4916 0.3472 0.1822 -0.5046 0.0000 0.0000 0.6589 0.0720 
12.3328 8.0000 256.0104 0.3470 0.1844 -0.4879 0.0000 0.0000 0.9246 0.0785 
12.4564 10.0000 261.6680 0.3607 0.1886 -0.5222 0.0000 0.0000 1.8439 0.0711 
12.3220 10.0000 254.4748 0.3424 0.1820 -0.4920 0.0000 0.0000 1.7987 0.0811 
12.3840 9.0000 260.1720 0.3579 0.1836 -0.5321 0.0000 0.0000 0.9641 0.0785 
12.2640 10.0000 255.8616 0.3428 0.1863 -0.4661 0.0000 0.0000 0.8781 0.0669 
12.0956 7.0000 248.0584 0.3447 0.1816 -0.4890 0.0000 0.0000 0.8797 0.0711 
12.2496 8.0000 253.1404 0.3414 0.1818 -0.4923 0.0000 0.0000 0.8833 0.0685 
12.2488 8.0000 257.2236 0.3496 0.1811 -0.5031 0.0000 0.0000 0.8784 0.0535 
12.2592 10.0000 256.8188 0.3636 0.1866 -0.5254 0.0000 0.0000 0.6596 0.0654 
12.5656 10.0000 267.2868 0.3510 0.1846 -0.5068 0.0000 0.0000 0.9643 0.0861 
12.3744 10.0000 261.2940 0.3550 0.1869 -0.4935 0.0000 0.0000 0.9734 0.0517 
12.3324 10.0000 257.3064 0.3511 0.1909 -0.4854 0.0000 0.0000 1.7564 0.0731 
12.0360 10.0000 246.3220 0.3593 0.1912 -0.4937 0.0000 0.0000 1.4061 0.0848 
12.6500 4.0000 269.2448 0.3415 0.1814 -0.4990 0.0000 0.0000 0.9544 0.0731 
12.0820 10.0000 250.9472 0.3544 0.1890 -0.4774 0.0000 0.0000 0.9257 0.0839 
12.4100 10.0000 255.3948 0.3563 0.1911 -0.5174 0.0000 0.0000 0.9249 0.0712 
12.4140 5.0000 258.8300 0.3505 0.1847 -0.5066 0.0000 0.0000 1.2424 0.0745 
12.2216 10.0000 253.5252 0.3464 0.1836 -0.4961 0.0000 0.0000 0.9640 0.0745 
12.2664 6.0000 249.5948 0.3387 0.1817 -0.4961 0.0000 0.0000 0.9199 0.0631 
12.1680 5.0000 248.2740 0.3493 0.1931 -0.4695 0.0000 0.0000 0.9653 0.0635 
12.5936 10.0000 267.4248 0.3375 0.1766 -0.5062 0.0000 0.0000 0.8712 0.0664 
11.8388 7.0000 239.5356 0.3612 0.1919 -0.4897 0.0000 0.0000 0.9632 0.0745 
12.2612 8.0000 251.3704 0.3491 0.1858 -0.5052 0.0000 0.0000 0.9241 0.0553 
12.2360 9.0000 255.4300 0.3565 0.1846 -0.5104 0.0000 0.0000 0.6975 0.0747 
12.2136 10.0000 249.4156 0.3408 0.1844 -0.4842 0.0000 0.0000 1.0548 0.0709 
12.2956 7.0000 262.2688 0.3717 0.1932 -0.5092 0.0000 0.0000 1.0584 0.0709 
12.0848 10.0000 247.9552 0.3381 0.1819 -0.4715 0.0000 0.0000 0.9245 0.0674 
12.4012 10.0000 263.0248 0.3469 0.1806 -0.4970 0.0000 0.0000 1.4050 0.0741 
12.0824 10.0000 247.7492 0.3532 0.1823 -0.5065 0.0000 0.0000 2.0647 0.0517 
12.1764 10.0000 248.3120 0.3438 0.1887 -0.4745 0.0000 0.0000 1.8475 0.0517 
12.3628 10.0000 256.7036 0.3454 0.1839 -0.4968 0.0000 0.0000 1.1892 0.0615 
12.2296 10.0000 253.7648 0.3490 0.1810 -0.5034 0.0000 0.0000 0.9214 0.0731 
12.3732 9.0000 256.5156 0.3344 0.1767 -0.4963 0.0000 0.0000 0.8794 0.0637 
12.3972 10.0000 260.5348 0.3463 0.1862 -0.4832 0.0000 0.0000 0.9280 0.0706 
12.4492 9.0000 265.0388 0.3516 0.1841 -0.4967 0.0000 0.0000 0.9654 0.0838 
12.2052 10.0000 253.3140 0.3555 0.1876 -0.5063 0.0000 0.0000 0.9955 0.0762 
12.2876 10.0000 254.8100 0.3482 0.1798 -0.5193 0.0000 0.0000 1.3617 0.0710 
12.4428 8.0000 260.8488 0.3415 0.1802 -0.4910 0.0000 0.0000 1.2788 0.0836 
12.1768 10.0000 250.0436 0.3498 0.1843 -0.5032 0.0000 0.0000 0.9175 0.0693 
12.3016 10.0000 255.3968 0.3485 0.1877 -0.4926 0.0000 0.0000 0.9552 0.0666 
12.2304 10.0000 254.9648 0.3624 0.1883 -0.5170 0.0000 0.0000 0.9227 0.0703 
12.6272 10.0000 266.3140 0.3403 0.1809 -0.5060 0.0000 0.0000 0.8812 0.0703 
12.3512 8.0000 261.2860 0.3545 0.1808 -0.5200 0.0000 0.0000 1.0110 0.0705 
12.3448 10.0000 260.8864 0.3449 0.1822 -0.4915 0.0000 0.0000 1.0094 0.0703 
12.3948 10.0000 261.8976 0.3536 0.1870 -0.4946 0.0000 0.0000 0.9245 0.0726 
12.4100 10.0000 259.8660 0.3517 0.1838 -0.5112 0.0000 0.0000 0.7028 0.0729 
12.2720 10.0000 252.7548 0.3540 0.1906 -0.4999 0.0000 0.0000 0.9650 0.0779 
12.2928 8.0000 253.1648 0.3550 0.1910 -0.5020 0.0000 0.0000 0.6618 0.0697 
12.1136 8.0000 247.5580 0.3424 0.1816 -0.4850 0.0000 0.0000 0.9661 0.0742 
12.0140 10.0000 247.8452 0.3479 0.1843 -0.4714 0.0000 0.0000 0.9675 0.0484 
12.1556 7.0000 247.3280 0.3404 0.1856 -0.4811 0.0000 0.0000 0.9103 0.0484 
12.1652 8.0000 249.0212 0.3455 0.1870 -0.4867 0.0000 0.0000 0.9258 0.0769 
12.1316 10.0000 250.2716 0.3636 0.1918 -0.5028 0.0000 0.0000 1.9346 0.0621 
12.4452 10.0000 261.2184 0.3578 0.1847 -0.5241 0.0000 0.0000 1.9805 0.0781 
12.5584 10.0000 270.7140 0.3535 0.1816 -0.5120 0.0000 0.0000 1.4955 0.0768 
12.1832 10.0000 254.0172 0.3600 0.1906 -0.4967 0.0000 0.0000 0.9268 0.0550 
12.4464 9.0000 265.0528 0.3584 0.1896 -0.5031 0.0000 0.0000 0.9279 0.0606 
12.2564 10.0000 255.7520 0.3566 0.1865 -0.5003 0.0000 0.0000 0.6626 0.0708 
12.5400 10.0000 264.7960 0.3487 0.1858 -0.4958 0.0000 0.0000 1.6062 0.0637 
12.4544 10.0000 262.4340 0.3555 0.1858 -0.5125 0.0000 0.0000 0.7037 0.0726 
12.1384 10.0000 249.2040 0.3457 0.1827 -0.4902 0.0000 0.0000 0.9549 0.0733 
12.6236 10.0000 268.2656 0.3481 0.1831 -0.5174 0.0000 0.0000 0.8804 0.0652 
12.3704 10.0000 260.6276 0.3627 0.1903 -0.5084 0.0000 0.0000 0.9227 0.0652 
12.3964 7.0000 259.1524 0.3501 0.1832 -0.5169 0.0000 0.0000 0.9204 0.0652 
12.0892 10.0000 250.6084 0.3532 0.1823 -0.4967 0.0000 0.0000 0.9674 0.0756 
12.3748 10.0000 259.6992 0.3564 0.1873 -0.5010 0.0000 0.0000 0.7444 0.0756 
12.5060 6.0000 263.9156 0.3447 0.1837 -0.4941 0.0000 0.0000 0.8455 0.0756 
12.4556 10.0000 259.2960 0.3383 0.1828 -0.4937 0.0000 0.0000 0.7023 0.0735 
12.3508 10.0000 259.6504 0.3566 0.1852 -0.5057 0.0000 0.0000 0.9668 0.0756 
12.5264 10.0000 266.7492 0.3501 0.1849 -0.5005 0.0000 0.0000 0.9658 0.0756 
12.1236 6.0000 247.7372 0.3537 0.1886 -0.4927 0.0000 0.0000 0.9661 0.0756 
12.3020 9.0000 257.3292 0.3476 0.1802 -0.5021 0.0000 0.0000 0.7037 0.0756 
12.3952 10.0000 257.9776 0.3419 0.1842 -0.4848 0.0000 0.0000 0.9550 0.0756 
12.4180 10.0000 256.3688 0.3430 0.1851 -0.4967 0.0000 0.0000 1.9571 0.0756 
12.1856 10.0000 252.7652 0.3464 0.1822 -0.4798 0.0000 0.0000 1.8707 0.0756 
