12.3661 10.0000 259.6392 0.3432 0.1821 -0.4841 0.0000 0.0000 10.3164 0.0557 
12.3776 10.0000 259.2483 0.3597 0.1905 -0.5073 0.0000 0.0000 11.8721 0.0694 
12.1323 7.0000 247.5451 0.3536 0.1899 -0.4936 0.0000 0.0000 11.8723 0.0795 
12.5461 10.0000 265.7368 0.3514 0.1911 -0.4823 0.0000 0.0000 11.6312 0.0670 
12.2379 10.0000 252.1443 0.3594 0.1922 -0.4963 0.0000 0.0000 11.7413 0.0640 
12.3968 10.0000 257.7531 0.3412 0.1855 -0.4744 0.0000 0.0000 10.4976 0.0703 
12.2437 10.0000 256.5941 0.3564 0.1880 -0.4924 0.0000 0.0000 10.6175 0.0694 
12.1653 10.0000 251.5024 0.3474 0.1843 -0.4802 0.0000 0.0000 11.7043 0.0795 
12.4296 8.0000 256.7021 0.3427 0.1849 -0.5001 0.0000 0.0000 10.3580 0.0703 
12.1944 10.0000 253.2723 0.3539 0.1883 -0.4869 0.0000 0.0000 11.7505 0.0717 
12.3027 10.0000 258.2416 0.3619 0.1897 -0.4993 0.0000 0.0000 11.8761 0.0689 
12.4557 10.0000 257.3573 0.3449 0.1883 -0.4888 0.0000 0.0000 1.2294 0.0639 
12.4291 10.0000 262.7987 0.3624 0.1925 -0.5061 0.0000 0.0000 1.7145 0.0696 
12.1971 10.0000 252.0544 0.3595 0.1898 -0.5057 0.0000 0.0000 1.6735 0.0730 
12.3840 4.0000 257.6933 0.3519 0.1884 -0.4958 0.0000 0.0000 1.6271 0.0564 
12.4437 10.0000 261.5027 0.3617 0.1919 -0.5092 0.0000 0.0000 1.6714 0.0567 
12.4085 8.0000 261.3771 0.3561 0.1881 -0.5044 0.0000 0.0000 1.7146 0.0638 
12.2581 10.0000 254.5032 0.3603 0.1942 -0.4859 0.0000 0.0000 1.7563 0.0730 
12.5309 6.0000 264.1277 0.3513 0.1864 -0.5090 0.0000 0.0000 2.2845 0.0664 
12.3936 9.0000 260.4816 0.3551 0.1875 -0.4996 0.0000 0.0000 2.2417 0.0664 
12.5728 10.0000 266.1848 0.3557 0.1892 -0.5042 0.0000 0.0000 2.5048 0.0614 
12.2531 10.0000 253.1256 0.3462 0.1854 -0.4808 0.0000 0.0000 2.5077 0.0698 
12.3165 10.0000 260.9277 0.3614 0.1879 -0.5003 0.0000 0.0000 1.7120 0.0650 
12.2771 10.0000 256.3171 0.3556 0.1906 -0.4865 0.0000 0.0000 1.7134 0.0870 
12.0811 10.0000 248.8717 0.3571 0.1916 -0.4827 0.0000 0.0000 1.4975 0.0870 
12.4976 10.0000 261.6187 0.3522 0.1923 -0.4939 0.0000 0.0000 1.8942 0.0784 
12.4363 10.0000 263.3552 0.3491 0.1816 -0.4995 0.0000 0.0000 1.1869 0.0662 
12.3245 10.0000 256.9408 0.3590 0.1913 -0.5003 0.0000 0.0000 1.6282 0.0749 
12.2403 10.0000 252.2829 0.3547 0.1879 -0.5027 0.0000 0.0000 1.2325 0.0686 
12.3240 8.0000 257.2688 0.3541 0.1855 -0.5000 0.0000 0.0000 1.6688 0.0712 
12.1091 10.0000 251.0752 0.3585 0.1853 -0.5055 0.0000 0.0000 2.9039 0.0712 
12.4720 10.0000 259.8627 0.3445 0.1866 -0.4928 0.0000 0.0000 2.7272 0.0636 
12.4104 10.0000 261.3176 0.3515 0.1940 -0.4656 0.0000 0.0000 1.6702 0.0702 
12.4027 9.0000 256.6600 0.3554 0.1905 -0.5094 0.0000 0.0000 1.6720 0.0691 
11.9005 10.0000 244.1387 0.3642 0.1894 -0.4864 0.0000 0.0000 1.3173 0.0618 
12.3547 10.0000 255.5496 0.3482 0.1888 -0.4900 0.0000 0.0000 1.8723 0.0718 
12.3413 9.0000 256.1480 0.3580 0.1927 -0.4982 0.0000 0.0000 1.8039 0.0643 
12.1365 10.0000 253.0587 0.3639 0.1900 -0.4945 0.0000 0.0000 1.7977 0.0745 
12.3544 10.0000 257.5365 0.3487 0.1907 -0.4709 0.0000 0.0000 1.6287 0.0699 
12.3880 10.0000 257.7155 0.3536 0.1914 -0.4935 0.0000 0.0000 1.7187 0.0771 
12.3669 10.0000 257.4312 0.3584 0.1911 -0.5044 0.0000 0.0000 1.7164 0.0771 
12.4707 10.0000 259.7696 0.3588 0.1903 -0.5182 0.0000 0.0000 4.7280 0.0789 
12.2272 10.0000 257.4632 0.3613 0.1878 -0.5038 0.0000 0.0000 4.0461 0.0687 
12.2112 10.0000 254.6512 0.3559 0.1876 -0.4890 0.0000 0.0000 1.7135 0.0706 
12.3864 10.0000 261.4715 0.3652 0.1898 -0.5136 0.0000 0.0000 1.7162 0.0770 
12.3565 8.0000 258.9141 0.3538 0.1870 -0.5020 0.0000 0.0000 1.2300 0.0528 
12.1901 10.0000 249.6341 0.3545 0.1882 -0.5027 0.0000 0.0000 1.7159 0.0651 
12.3557 10.0000 259.4539 0.3543 0.1860 -0.5029 0.0000 0.0000 1.7080 0.0704 
12.0240 9.0000 246.2917 0.3543 0.1874 -0.4882 0.0000 0.0000 1.7208 0.0904 
12.1128 10.0000 249.0773 0.3583 0.1907 -0.4869 0.0000 0.0000 1.8040 0.0602 
12.3821 10.0000 261.0765 0.3617 0.1918 -0.5007 0.0000 0.0000 3.9152 0.0736 
12.4536 10.0000 260.6688 0.3440 0.1847 -0.4904 0.0000 0.0000 3.6477 0.0580 
12.2731 8.0000 254.1971 0.3574 0.1910 -0.4939 0.0000 0.0000 1.3207 0.0645 
12.4864 10.0000 263.2861 0.3456 0.1869 -0.4841 0.0000 0.0000 1.7101 0.0736 
12.3733 10.0000 260.0541 0.3571 0.1928 -0.4851 0.0000 0.0000 1.7182 0.0651 
12.2187 10.0000 253.8755 0.3554 0.1870 -0.4973 0.0000 0.0000 1.8016 0.0725 
12.2576 9.0000 255.7011 0.3618 0.1905 -0.5029 0.0000 0.0000 1.6696 0.0651 
12.4224 10.0000 258.5184 0.3523 0.1921 -0.4892 0.0000 0.0000 1.2756 0.0638 
12.1779 10.0000 250.3928 0.3494 0.1888 -0.4738 0.0000 0.0000 1.7166 0.0633 
12.1403 7.0000 255.3315 0.3654 0.1913 -0.4936 0.0000 0.0000 1.8474 0.0568 
12.5669 4.0000 267.7341 0.3513 0.1834 -0.5080 0.0000 0.0000 1.6663 0.0734 
12.2144 8.0000 252.5653 0.3455 0.1842 -0.4830 0.0000 0.0000 1.7161 0.0803 
12.2595 10.0000 253.4040 0.3608 0.1937 -0.4977 0.0000 0.0000 1.8025 0.0719 
12.2595 10.0000 255.2091 0.3620 0.1907 -0.5042 0.0000 0.0000 2.0682 0.0686 
12.2843 10.0000 255.2531 0.3475 0.1834 -0.4920 0.0000 0.0000 1.9697 0.0726 
12.3155 10.0000 256.4528 0.3617 0.1895 -0.5100 0.0000 0.0000 1.2789 0.0684 
12.2216 10.0000 252.3483 0.3582 0.1888 -0.5095 0.0000 0.0000 1.7164 0.0688 
12.4875 10.0000 263.4949 0.3612 0.1948 -0.4995 0.0000 0.0000 2.0656 0.0757 
12.5045 10.0000 264.6485 0.3588 0.1887 -0.5090 0.0000 0.0000 1.8485 0.0540 
12.3587 6.0000 260.7240 0.3540 0.1870 -0.4939 0.0000 0.0000 1.7618 0.0845 
12.5616 10.0000 265.0469 0.3517 0.1876 -0.5000 0.0000 0.0000 1.2735 0.0781 
12.3013 10.0000 257.9933 0.3600 0.1896 -0.4959 0.0000 0.0000 1.8036 0.0845 
12.1747 5.0000 251.3685 0.3528 0.1880 -0.4887 0.0000 0.0000 1.8477 0.0631 
12.3707 10.0000 262.1832 0.3587 0.1890 -0.4949 0.0000 0.0000 1.8909 0.0800 
12.2611 6.0000 257.1547 0.3630 0.1914 -0.4993 0.0000 0.0000 1.7590 0.0601 
12.2477 10.0000 257.0395 0.3592 0.1842 -0.5127 0.0000 0.0000 1.7628 0.0633 
12.2211 10.0000 256.8221 0.3651 0.1883 -0.5108 0.0000 0.0000 1.7581 0.0800 
12.3179 10.0000 256.4208 0.3562 0.1878 -0.4987 0.0000 0.0000 1.8873 0.0691 
12.4120 6.0000 259.2824 0.3538 0.1901 -0.4950 0.0000 0.0000 1.2724 0.0682 
12.2504 10.0000 256.5765 0.3566 0.1896 -0.4838 0.0000 0.0000 1.8443 0.0700 
12.4795 8.0000 266.3672 0.3746 0.1968 -0.5136 0.0000 0.0000 1.8939 0.0604 
12.4907 10.0000 263.9709 0.3503 0.1856 -0.4967 0.0000 0.0000 4.3429 0.0621 
12.2808 6.0000 254.4651 0.3490 0.1848 -0.5013 0.0000 0.0000 4.1654 0.0710 
12.5501 9.0000 268.2768 0.3719 0.1966 -0.5179 0.0000 0.0000 1.7573 0.0749 
12.1597 10.0000 252.7757 0.3559 0.1871 -0.4853 0.0000 0.0000 1.8016 0.0690 
12.1931 10.0000 250.8947 0.3550 0.1897 -0.4900 0.0000 0.0000 1.9277 0.0715 
12.4339 10.0000 262.3283 0.3540 0.1844 -0.5098 0.0000 0.0000 2.4172 0.0578 
12.3816 10.0000 260.3979 0.3591 0.1861 -0.5142 0.0000 0.0000 1.7608 0.0578 
12.2933 10.0000 256.2701 0.3530 0.1859 -0.4936 0.0000 0.0000 1.8028 0.0601 
12.3803 10.0000 260.7400 0.3558 0.1856 -0.5018 0.0000 0.0000 1.7611 0.0601 
12.4027 10.0000 258.2435 0.3528 0.1892 -0.5023 0.0000 0.0000 1.7172 0.0601 
12.2853 8.0000 257.6611 0.3655 0.1921 -0.5051 0.0000 0.0000 1.8479 0.0601 
12.1680 10.0000 253.9157 0.3549 0.1867 -0.4878 0.0000 0.0000 1.8489 0.0601 
12.1315 9.0000 247.8056 0.3617 0.1957 -0.4955 0.0000 0.0000 1.3189 0.0642 
12.5608 9.0000 265.0128 0.3574 0.1909 -0.5038 0.0000 0.0000 1.7570 0.0601 
12.3269 10.0000 258.3869 0.3535 0.1875 -0.4899 0.0000 0.0000 1.8050 0.0601 
12.4752 10.0000 264.4245 0.3576 0.1900 -0.4997 0.0000 0.0000 1.6761 0.0601 
12.4093 10.0000 262.4579 0.3645 0.1918 -0.5060 0.0000 0.0000 2.4630 0.0601 
12.4160 10.0000 259.0789 0.3496 0.1882 -0.4924 0.0000 0.0000 2.3341 0.0601 
12.3555 10.0000 257.3933 0.3527 0.1909 -0.4917 0.0000 0.0000 1.2749 0.0601 
