12.6592 10.0000 266.7749 0.3538 0.1918 -0.4959 0.0000 0.0000 9.7508 0.0797 
12.5829 10.0000 264.5987 0.3691 0.1994 -0.5139 0.0000 0.0000 9.8856 0.0684 
12.4896 10.0000 259.3757 0.3619 0.1997 -0.4946 0.0000 0.0000 10.2318 0.0628 
12.3891 10.0000 260.0181 0.3627 0.1970 -0.4844 0.0000 0.0000 10.0255 0.0656 
12.5483 10.0000 263.9653 0.3635 0.1974 -0.4958 0.0000 0.0000 9.6207 0.0759 
12.4667 10.0000 264.8576 0.3666 0.1971 -0.4854 0.0000 0.0000 11.4089 0.0642 
12.3944 10.0000 260.9205 0.3707 0.1971 -0.4962 0.0000 0.0000 11.4530 0.0750 
12.4083 10.0000 258.5072 0.3618 0.2034 -0.4649 0.0000 0.0000 11.3279 0.0628 
12.1800 9.0000 254.5773 0.3803 0.2012 -0.5025 0.0000 0.0000 11.2881 0.0684 
12.3771 10.0000 260.6635 0.3702 0.1992 -0.4926 0.0000 0.0000 11.1889 0.0684 
12.5261 4.0000 264.1197 0.3681 0.2028 -0.4865 0.0000 0.0000 11.1885 0.0592 
12.3240 10.0000 258.1867 0.3741 0.2016 -0.4929 0.0000 0.0000 1.7604 0.0535 
12.3835 8.0000 260.2064 0.3727 0.2035 -0.4908 0.0000 0.0000 1.2706 0.0713 
12.2424 9.0000 253.5341 0.3717 0.2027 -0.4908 0.0000 0.0000 1.7121 0.0850 
12.2853 8.0000 257.8923 0.3820 0.2034 -0.5055 0.0000 0.0000 3.0357 0.0519 
12.2307 10.0000 253.6675 0.3815 0.2073 -0.5009 0.0000 0.0000 3.1234 0.0519 
12.6099 10.0000 265.4213 0.3638 0.1996 -0.4947 0.0000 0.0000 2.5095 0.0671 
12.5093 10.0000 261.8955 0.3562 0.1953 -0.4878 0.0000 0.0000 1.5755 0.0715 
12.4763 10.0000 261.0509 0.3734 0.2040 -0.4986 0.0000 0.0000 1.7151 0.0542 
12.3805 10.0000 262.4539 0.3657 0.1964 -0.4818 0.0000 0.0000 1.6686 0.0542 
12.3557 10.0000 259.7328 0.3820 0.2008 -0.5212 0.0000 0.0000 2.4219 0.0622 
12.2459 9.0000 254.0963 0.3716 0.2022 -0.4904 0.0000 0.0000 2.3753 0.0626 
12.5507 10.0000 264.5299 0.3711 0.1994 -0.5160 0.0000 0.0000 1.1446 0.0530 
12.0837 10.0000 247.6899 0.3787 0.2013 -0.5020 0.0000 0.0000 1.7577 0.0748 
12.4715 10.0000 262.1613 0.3618 0.1932 -0.5008 0.0000 0.0000 1.5806 0.0645 
12.6611 9.0000 271.8912 0.3701 0.1980 -0.5146 0.0000 0.0000 1.1850 0.0772 
12.2091 10.0000 254.5947 0.3668 0.1986 -0.4755 0.0000 0.0000 2.2020 0.0703 
12.3197 10.0000 257.2219 0.3654 0.1983 -0.4856 0.0000 0.0000 2.1566 0.0610 
12.5251 10.0000 263.6853 0.3696 0.1997 -0.5091 0.0000 0.0000 1.6268 0.0569 
12.4456 10.0000 259.9307 0.3646 0.1960 -0.4986 0.0000 0.0000 1.6252 0.0703 
12.6680 10.0000 272.7723 0.3669 0.1943 -0.5075 0.0000 0.0000 1.1445 0.0705 
12.4659 10.0000 259.5904 0.3598 0.1984 -0.4858 0.0000 0.0000 2.2388 0.0675 
12.3619 10.0000 256.1312 0.3673 0.1989 -0.4985 0.0000 0.0000 2.1119 0.0689 
12.4211 10.0000 257.9421 0.3630 0.2025 -0.4789 0.0000 0.0000 1.6055 0.0566 
12.2128 10.0000 252.1776 0.3730 0.2014 -0.4981 0.0000 0.0000 1.7566 0.0653 
12.2205 10.0000 253.8731 0.3783 0.2098 -0.4773 0.0000 0.0000 1.7134 0.0700 
12.4107 9.0000 257.6000 0.3617 0.2013 -0.4822 0.0000 0.0000 1.6703 0.0615 
12.2965 10.0000 257.0619 0.3660 0.1960 -0.4911 0.0000 0.0000 1.1898 0.0663 
12.2379 10.0000 252.3347 0.3697 0.2024 -0.4850 0.0000 0.0000 1.7101 0.0751 
12.2096 10.0000 253.8067 0.3770 0.2021 -0.5037 0.0000 0.0000 1.6711 0.0599 
12.6032 10.0000 267.7195 0.3696 0.1995 -0.5101 0.0000 0.0000 1.6237 0.0702 
12.4749 10.0000 262.0741 0.3709 0.2025 -0.4962 0.0000 0.0000 2.1174 0.0734 
12.3507 10.0000 255.4123 0.3632 0.1971 -0.4896 0.0000 0.0000 1.6945 0.0698 
12.3168 10.0000 254.2963 0.3659 0.1974 -0.5007 0.0000 0.0000 1.5859 0.0698 
12.1568 10.0000 251.8672 0.3764 0.2020 -0.4937 0.0000 0.0000 1.6731 0.0698 
12.5659 10.0000 266.4077 0.3732 0.2013 -0.5057 0.0000 0.0000 1.2311 0.0652 
12.4325 10.0000 261.0904 0.3699 0.1991 -0.4998 0.0000 0.0000 1.7161 0.0582 
12.5053 10.0000 263.6589 0.3704 0.1979 -0.5136 0.0000 0.0000 1.6719 0.0679 
12.3963 10.0000 262.4293 0.3781 0.1960 -0.5207 0.0000 0.0000 1.7142 0.0631 
12.4144 8.0000 258.3579 0.3664 0.1983 -0.5015 0.0000 0.0000 1.6710 0.0679 
12.3485 10.0000 260.7035 0.3635 0.1912 -0.4904 0.0000 0.0000 1.7150 0.0598 
12.3069 10.0000 260.0531 0.3774 0.2040 -0.4908 0.0000 0.0000 1.7550 0.0782 
12.3136 3.0000 259.3389 0.3751 0.1982 -0.5014 0.0000 0.0000 1.6298 0.0782 
12.3208 10.0000 255.8456 0.3735 0.2028 -0.4951 0.0000 0.0000 1.2315 0.0623 
12.4128 10.0000 259.8816 0.3685 0.1996 -0.5041 0.0000 0.0000 2.5959 0.0629 
12.0973 10.0000 247.9365 0.3597 0.1947 -0.4716 0.0000 0.0000 2.9017 0.0741 
12.3728 9.0000 257.3213 0.3622 0.1969 -0.4855 0.0000 0.0000 2.0668 0.0776 
12.5523 10.0000 263.7096 0.3716 0.2012 -0.5144 0.0000 0.0000 1.1882 0.0702 
12.2189 9.0000 252.9235 0.3758 0.2005 -0.5002 0.0000 0.0000 1.6725 0.0562 
12.4133 7.0000 262.9475 0.3766 0.2009 -0.5050 0.0000 0.0000 3.8117 0.0565 
12.1291 9.0000 246.3685 0.3666 0.1982 -0.4989 0.0000 0.0000 3.4190 0.0565 
12.4480 9.0000 260.4408 0.3703 0.1989 -0.5067 0.0000 0.0000 1.6707 0.0648 
12.2541 9.0000 253.5589 0.3727 0.2038 -0.4837 0.0000 0.0000 1.7591 0.0758 
12.1808 4.0000 252.8549 0.3746 0.1991 -0.4945 0.0000 0.0000 2.7173 0.0567 
12.3264 10.0000 254.6229 0.3618 0.1966 -0.4987 0.0000 0.0000 2.6704 0.0718 
12.4269 10.0000 258.4949 0.3760 0.2016 -0.5159 0.0000 0.0000 1.2798 0.0618 
12.4483 10.0000 259.7979 0.3666 0.2032 -0.4872 0.0000 0.0000 1.7148 0.0648 
12.1701 10.0000 251.4440 0.3762 0.2084 -0.4755 0.0000 0.0000 1.8015 0.0744 
12.4920 10.0000 266.6581 0.3752 0.1987 -0.5108 0.0000 0.0000 1.6717 0.0528 
12.4715 4.0000 258.9285 0.3661 0.1981 -0.5139 0.0000 0.0000 1.2316 0.0720 
12.5560 10.0000 261.2355 0.3596 0.1953 -0.5033 0.0000 0.0000 1.6300 0.0656 
12.3293 10.0000 258.6824 0.3840 0.2056 -0.5085 0.0000 0.0000 2.9453 0.0605 
12.4037 7.0000 259.3088 0.3722 0.2047 -0.4921 0.0000 0.0000 2.6373 0.0745 
12.3219 10.0000 255.8280 0.3703 0.2001 -0.5023 0.0000 0.0000 1.7608 0.0622 
12.3347 10.0000 256.4621 0.3600 0.1967 -0.4846 0.0000 0.0000 1.5858 0.0693 
12.4075 10.0000 259.7040 0.3679 0.1992 -0.4919 0.0000 0.0000 1.7554 0.0669 
12.5605 10.0000 269.4928 0.3678 0.1983 -0.4891 0.0000 0.0000 1.7133 0.0699 
12.3005 10.0000 254.2827 0.3752 0.2058 -0.4901 0.0000 0.0000 1.7585 0.0601 
12.5813 10.0000 264.5381 0.3621 0.1932 -0.5136 0.0000 0.0000 1.6719 0.0786 
12.3755 10.0000 258.1531 0.3756 0.2041 -0.5011 0.0000 0.0000 1.6716 0.0633 
12.1531 10.0000 252.0112 0.3745 0.1988 -0.4974 0.0000 0.0000 1.2743 0.0672 
12.2947 10.0000 255.4048 0.3714 0.2042 -0.4890 0.0000 0.0000 1.2320 0.0651 
12.2205 10.0000 257.9336 0.3785 0.2036 -0.4845 0.0000 0.0000 1.8037 0.0697 
12.3869 7.0000 260.4888 0.3696 0.1965 -0.5031 0.0000 0.0000 2.0755 0.0697 
12.1219 10.0000 248.7600 0.3692 0.2007 -0.4868 0.0000 0.0000 1.8013 0.0568 
12.4240 10.0000 258.1563 0.3632 0.1981 -0.4948 0.0000 0.0000 1.7570 0.0568 
12.3555 10.0000 260.5800 0.3790 0.1993 -0.5138 0.0000 0.0000 1.7584 0.0650 
12.4160 10.0000 258.8811 0.3659 0.2005 -0.4866 0.0000 0.0000 1.7154 0.0690 
12.3267 10.0000 257.3539 0.3613 0.2001 -0.4681 0.0000 0.0000 1.2766 0.0671 
12.6069 9.0000 265.5509 0.3732 0.2024 -0.5179 0.0000 0.0000 1.8049 0.0705 
12.2661 10.0000 256.0933 0.3793 0.2034 -0.4976 0.0000 0.0000 1.8465 0.0690 
12.3672 10.0000 255.4413 0.3631 0.1998 -0.4882 0.0000 0.0000 1.8045 0.0705 
12.2053 8.0000 253.1661 0.3689 0.1953 -0.5000 0.0000 0.0000 1.7565 0.0705 
12.1451 10.0000 248.6312 0.3675 0.2010 -0.4888 0.0000 0.0000 1.2755 0.0705 
12.3181 9.0000 255.0317 0.3793 0.2044 -0.5115 0.0000 0.0000 4.3082 0.0705 
12.6283 10.0000 263.4941 0.3594 0.1963 -0.5035 0.0000 0.0000 4.0488 0.0705 
12.5221 10.0000 267.0707 0.3774 0.2008 -0.5051 0.0000 0.0000 1.8681 0.0705 
12.3389 10.0000 259.2907 0.3611 0.1933 -0.4822 0.0000 0.0000 1.9031 0.0705 
12.3280 10.0000 258.2507 0.3701 0.1986 -0.4948 0.0000 0.0000 1.8026 0.0705 
12.3909 10.0000 259.5133 0.3719 0.2038 -0.4888 0.0000 0.0000 1.2232 0.0705 
