12.3549 10.0000 258.0254 0.0000 0.2003 -0.5035 0.0000 0.0000 106.2168 0.0637 
12.3106 10.0000 255.2290 0.0000 0.2021 -0.4887 0.0000 0.0000 108.3677 0.0637 
12.4000 5.0000 259.5842 0.0000 0.2053 -0.5008 0.0000 0.0000 115.6185 0.0637 
12.4401 6.0000 258.7462 0.0000 0.2013 -0.5020 0.0000 0.0000 115.8432 0.0639 
12.4180 10.0000 259.0278 0.0000 0.2000 -0.4991 0.0000 0.0000 105.0383 0.0637 
12.4431 10.0000 259.8674 0.0000 0.2013 -0.4870 0.0000 0.0000 110.1666 0.0777 
12.3886 10.0000 259.4706 0.0000 0.2010 -0.5039 0.0000 0.0000 116.2773 0.0637 
12.2657 10.0000 253.4454 0.0000 0.2032 -0.4879 0.0000 0.0000 103.7694 0.0667 
12.3297 10.0000 257.1836 0.0000 0.2046 -0.4976 0.0000 0.0000 92.1120 0.0701 
12.3577 6.0000 257.4777 0.0000 0.1985 -0.4931 0.0000 0.0000 109.0730 0.0637 
12.2782 10.0000 254.0773 0.0000 0.2033 -0.5011 0.0000 0.0000 117.2445 0.0777 
12.3593 10.0000 258.6929 0.0000 0.2009 -0.5012 0.0000 0.0000 20.8769 0.0604 
12.3130 10.0000 258.3208 0.0000 0.2060 -0.5056 0.0000 0.0000 26.4149 0.0604 
12.3630 10.0000 257.7394 0.0000 0.2045 -0.4997 0.0000 0.0000 23.3003 0.0589 
12.4012 10.0000 259.1858 0.0000 0.2044 -0.4914 0.0000 0.0000 32.8682 0.0650 
12.4431 10.0000 260.4503 0.0000 0.2024 -0.4986 0.0000 0.0000 23.3873 0.0589 
12.3514 10.0000 260.0698 0.0000 0.2062 -0.4963 0.0000 0.0000 38.6377 0.0712 
12.2260 10.0000 253.0856 0.0000 0.2009 -0.4932 0.0000 0.0000 48.2958 0.0667 
12.5183 10.0000 263.9562 0.0000 0.2057 -0.4946 0.0000 0.0000 55.6008 0.0667 
12.3776 10.0000 258.3530 0.0000 0.2005 -0.4927 0.0000 0.0000 56.6565 0.0667 
12.3473 4.0000 256.9509 0.0000 0.2029 -0.4968 0.0000 0.0000 55.4597 0.0667 
12.4266 10.0000 258.5998 0.0000 0.2017 -0.5048 0.0000 0.0000 54.9354 0.0667 
12.4069 10.0000 258.7086 0.0000 0.2074 -0.5002 0.0000 0.0000 33.9584 0.0721 
12.4200 10.0000 260.6742 0.0000 0.2008 -0.5018 0.0000 0.0000 28.1581 0.0637 
12.3638 10.0000 259.4827 0.0000 0.2032 -0.5010 0.0000 0.0000 24.6122 0.0646 
12.3509 10.0000 258.3131 0.0000 0.2050 -0.5006 0.0000 0.0000 25.8885 0.0646 
12.3893 3.0000 259.2792 0.0000 0.2059 -0.4963 0.0000 0.0000 26.6767 0.0662 
12.3174 7.0000 257.8061 0.0000 0.2039 -0.4931 0.0000 0.0000 26.9852 0.0612 
12.4309 6.0000 261.6825 0.0000 0.2043 -0.4979 0.0000 0.0000 49.7608 0.0688 
12.3813 10.0000 258.4327 0.0000 0.2009 -0.4946 0.0000 0.0000 49.5006 0.0612 
12.3418 10.0000 256.8260 0.0000 0.2002 -0.4889 0.0000 0.0000 53.0932 0.0730 
12.3598 10.0000 258.0310 0.0000 0.2057 -0.4974 0.0000 0.0000 53.6312 0.0688 
12.2152 10.0000 251.5454 0.0000 0.2037 -0.4884 0.0000 0.0000 55.8766 0.0688 
12.4514 10.0000 262.6772 0.0000 0.2058 -0.5153 0.0000 0.0000 26.6007 0.0717 
12.4616 10.0000 262.4956 0.0000 0.2035 -0.4946 0.0000 0.0000 26.9041 0.0719 
12.3836 10.0000 259.7449 0.0000 0.2025 -0.4945 0.0000 0.0000 34.7899 0.0719 
12.3466 10.0000 257.4198 0.0000 0.2041 -0.4889 0.0000 0.0000 37.6184 0.0609 
12.3358 10.0000 258.6556 0.0000 0.2059 -0.5053 0.0000 0.0000 30.5914 0.0690 
12.5306 10.0000 264.4588 0.0000 0.2033 -0.4955 0.0000 0.0000 18.8987 0.0610 
12.3744 10.0000 259.7826 0.0000 0.2028 -0.4983 0.0000 0.0000 17.7547 0.0629 
12.3226 4.0000 255.3174 0.0000 0.2046 -0.4938 0.0000 0.0000 28.5638 0.0716 
12.2983 9.0000 256.9306 0.0000 0.2059 -0.4981 0.0000 0.0000 45.3335 0.0693 
12.4232 8.0000 259.0210 0.0000 0.2027 -0.4951 0.0000 0.0000 45.9494 0.0693 
12.3326 9.0000 258.8079 0.0000 0.2028 -0.5028 0.0000 0.0000 47.9290 0.0693 
12.2759 10.0000 255.7277 0.0000 0.2037 -0.4895 0.0000 0.0000 29.7678 0.0704 
12.2683 10.0000 253.7417 0.0000 0.2068 -0.4891 0.0000 0.0000 46.1272 0.0612 
12.4007 10.0000 258.0794 0.0000 0.2035 -0.4924 0.0000 0.0000 45.9554 0.0746 
12.3601 5.0000 257.7052 0.0000 0.2030 -0.4962 0.0000 0.0000 28.8995 0.0652 
12.2730 10.0000 257.6178 0.0000 0.2013 -0.4953 0.0000 0.0000 27.4047 0.0652 
12.4594 10.0000 261.5864 0.0000 0.2024 -0.4904 0.0000 0.0000 28.4561 0.0692 
12.2669 10.0000 256.8290 0.0000 0.2033 -0.4941 0.0000 0.0000 29.1625 0.0606 
12.2738 10.0000 255.6402 0.0000 0.2052 -0.4880 0.0000 0.0000 28.4193 0.0678 
12.2919 10.0000 254.7570 0.0000 0.2042 -0.5030 0.0000 0.0000 38.6519 0.0644 
12.2726 10.0000 256.3630 0.0000 0.2041 -0.4892 0.0000 0.0000 47.0190 0.0644 
12.3933 10.0000 261.7958 0.0000 0.2029 -0.5001 0.0000 0.0000 44.7338 0.0644 
12.4250 10.0000 262.3606 0.0000 0.1999 -0.4999 0.0000 0.0000 27.0108 0.0660 
12.2707 10.0000 256.0598 0.0000 0.2012 -0.4989 0.0000 0.0000 30.0858 0.0660 
12.4129 6.0000 260.2803 0.0000 0.2007 -0.5017 0.0000 0.0000 28.0649 0.0575 
12.4156 10.0000 259.5825 0.0000 0.1988 -0.5034 0.0000 0.0000 28.5482 0.0575 
12.4914 10.0000 262.8723 0.0000 0.2034 -0.5168 0.0000 0.0000 32.3183 0.0681 
12.2817 3.0000 254.8586 0.0000 0.2045 -0.4887 0.0000 0.0000 36.5642 0.0694 
12.2302 10.0000 252.4582 0.0000 0.2074 -0.4760 0.0000 0.0000 30.2957 0.0679 
12.2982 10.0000 255.1123 0.0000 0.2017 -0.4936 0.0000 0.0000 27.8789 0.0692 
12.3400 10.0000 257.9480 0.0000 0.2069 -0.4894 0.0000 0.0000 36.9399 0.0669 
12.3837 10.0000 258.8498 0.0000 0.2061 -0.4894 0.0000 0.0000 45.1222 0.0683 
12.2844 10.0000 255.5258 0.0000 0.2050 -0.5027 0.0000 0.0000 44.3738 0.0683 
12.2991 10.0000 255.8507 0.0000 0.2038 -0.4871 0.0000 0.0000 22.3709 0.0708 
12.3154 10.0000 257.0594 0.0000 0.2054 -0.4851 0.0000 0.0000 20.4849 0.0653 
12.4315 7.0000 260.4101 0.0000 0.2040 -0.4916 0.0000 0.0000 38.7415 0.0683 
12.3571 10.0000 257.1596 0.0000 0.2060 -0.4912 0.0000 0.0000 39.5276 0.0731 
12.3318 8.0000 256.6657 0.0000 0.2073 -0.4916 0.0000 0.0000 23.8268 0.0670 
12.3438 10.0000 257.9088 0.0000 0.2064 -0.4899 0.0000 0.0000 31.9123 0.0689 
12.3041 10.0000 256.4147 0.0000 0.2029 -0.4998 0.0000 0.0000 31.3910 0.0668 
12.4233 10.0000 261.3454 0.0000 0.2043 -0.5119 0.0000 0.0000 29.6410 0.0689 
12.2613 6.0000 254.5257 0.0000 0.2060 -0.5006 0.0000 0.0000 30.5925 0.0724 
12.2987 10.0000 256.3737 0.0000 0.2070 -0.4958 0.0000 0.0000 43.0049 0.0619 
12.2495 10.0000 254.1980 0.0000 0.2004 -0.4967 0.0000 0.0000 40.4066 0.0619 
12.2981 10.0000 255.6093 0.0000 0.1995 -0.4967 0.0000 0.0000 19.1270 0.0680 
12.3035 9.0000 256.7942 0.0000 0.2032 -0.5046 0.0000 0.0000 29.7988 0.0685 
12.4070 10.0000 260.8884 0.0000 0.2024 -0.4999 0.0000 0.0000 14.9539 0.0688 
12.1918 10.0000 252.8441 0.0000 0.2064 -0.4949 0.0000 0.0000 32.0777 0.0624 
12.4195 8.0000 262.4119 0.0000 0.2044 -0.4891 0.0000 0.0000 32.6690 0.0657 
12.2871 9.0000 257.1465 0.0000 0.2015 -0.4956 0.0000 0.0000 51.5773 0.0675 
12.4215 10.0000 260.8761 0.0000 0.2031 -0.4909 0.0000 0.0000 50.7839 0.0625 
12.2978 10.0000 255.2687 0.0000 0.2033 -0.4849 0.0000 0.0000 32.0311 0.0649 
12.2892 10.0000 255.7003 0.0000 0.2060 -0.4899 0.0000 0.0000 16.2495 0.0763 
12.3235 10.0000 256.1551 0.0000 0.2008 -0.4989 0.0000 0.0000 30.8178 0.0659 
12.4064 10.0000 260.1515 0.0000 0.2042 -0.5046 0.0000 0.0000 41.8100 0.0688 
12.3904 10.0000 257.7995 0.0000 0.2078 -0.4980 0.0000 0.0000 41.3671 0.0688 
12.2983 10.0000 255.1122 0.0000 0.2047 -0.4971 0.0000 0.0000 21.9412 0.0731 
12.3432 10.0000 256.7938 0.0000 0.2007 -0.5056 0.0000 0.0000 25.1932 0.0663 
12.3962 10.0000 260.5045 0.0000 0.2036 -0.4977 0.0000 0.0000 30.5123 0.0663 
12.4962 10.0000 264.1099 0.0000 0.2070 -0.4987 0.0000 0.0000 31.4729 0.0663 
12.3315 10.0000 258.1760 0.0000 0.2027 -0.4915 0.0000 0.0000 31.0309 0.0663 
12.3439 3.0000 258.7108 0.0000 0.2022 -0.5055 0.0000 0.0000 31.3526 0.0663 
12.3142 9.0000 257.7492 0.0000 0.2082 -0.5051 0.0000 0.0000 34.2900 0.0663 
12.4739 10.0000 263.0461 0.0000 0.2028 -0.5063 0.0000 0.0000 29.4532 0.0663 
12.3698 3.0000 258.9258 0.0000 0.2069 -0.4953 0.0000 0.0000 34.9113 0.0663 
12.4637 10.0000 262.7387 0.0000 0.2046 -0.5028 0.0000 0.0000 16.5352 0.0663 
12.4069 10.0000 261.1520 0.0000 0.2006 -0.5009 0.0000 0.0000 29.1934 0.0663 
