12.6312 10.0000 271.6980 0.3680 0.1951 -0.5114 0.0000 0.0000 5.4472 0.0659 
12.4524 10.0000 261.5160 0.3509 0.1929 -0.4701 0.0000 0.0000 5.0516 0.0665 
12.7136 10.0000 271.2160 0.3615 0.1972 -0.4949 0.0000 0.0000 5.4441 0.0641 
12.6008 10.0000 267.0832 0.3643 0.1977 -0.5031 0.0000 0.0000 5.4449 0.0788 
12.6652 10.0000 272.2796 0.3510 0.1909 -0.4866 0.0000 0.0000 4.5751 0.0724 
12.5424 10.0000 265.4944 0.3613 0.1922 -0.5146 0.0000 0.0000 5.0957 0.0665 
12.2924 10.0000 257.6380 0.3764 0.1991 -0.5095 0.0000 0.0000 5.3588 0.0665 
12.5556 10.0000 263.0860 0.3586 0.1989 -0.4903 0.0000 0.0000 5.2740 0.0798 
12.3792 6.0000 258.6276 0.3554 0.1901 -0.4928 0.0000 0.0000 4.9640 0.0665 
12.6344 10.0000 274.2788 0.3698 0.1987 -0.4847 0.0000 0.0000 5.1387 0.0665 
12.5552 10.0000 269.9864 0.3735 0.1978 -0.5058 0.0000 0.0000 5.4886 0.0641 
12.1688 10.0000 251.6640 0.3545 0.1939 -0.4665 0.0000 0.0000 0.6573 0.0579 
12.4204 10.0000 260.1812 0.3583 0.1929 -0.5017 0.0000 0.0000 0.8360 0.0659 
12.2176 10.0000 252.7600 0.3666 0.1949 -0.5053 0.0000 0.0000 1.1013 0.0550 
12.1960 10.0000 252.2532 0.3628 0.1946 -0.4923 0.0000 0.0000 0.8355 0.0840 
12.4828 10.0000 264.4176 0.3722 0.1998 -0.5014 0.0000 0.0000 0.8776 0.0694 
12.4244 10.0000 258.3348 0.3579 0.1948 -0.4945 0.0000 0.0000 1.6708 0.0515 
12.1508 10.0000 249.9780 0.3749 0.1977 -0.5208 0.0000 0.0000 2.2443 0.0832 
12.2764 10.0000 256.4456 0.3584 0.1927 -0.4898 0.0000 0.0000 2.0673 0.0832 
12.0764 10.0000 249.7384 0.3730 0.1975 -0.4987 0.0000 0.0000 2.1525 0.0515 
12.4768 10.0000 259.6304 0.3651 0.1935 -0.5221 0.0000 0.0000 1.8469 0.0561 
12.2796 10.0000 254.1460 0.3589 0.1926 -0.4950 0.0000 0.0000 0.8408 0.0655 
12.7284 10.0000 269.2500 0.3600 0.1961 -0.5088 0.0000 0.0000 0.6581 0.0658 
12.5052 10.0000 259.9184 0.3601 0.1927 -0.5168 0.0000 0.0000 0.6156 0.0566 
12.2992 10.0000 260.3396 0.3677 0.1949 -0.4833 0.0000 0.0000 0.8819 0.0658 
12.3776 10.0000 259.6780 0.3575 0.1934 -0.4859 0.0000 0.0000 0.8826 0.0693 
12.0576 10.0000 248.0868 0.3807 0.2019 -0.5086 0.0000 0.0000 0.9184 0.0586 
11.9180 10.0000 242.1536 0.3729 0.2000 -0.4974 0.0000 0.0000 1.0975 0.0797 
12.4536 10.0000 260.8804 0.3566 0.1936 -0.4968 0.0000 0.0000 0.9660 0.0729 
12.1084 10.0000 246.4644 0.3711 0.2033 -0.4958 0.0000 0.0000 0.8847 0.0729 
12.3008 10.0000 256.2520 0.3483 0.1865 -0.4816 0.0000 0.0000 0.8745 0.0780 
12.2060 10.0000 252.2572 0.3656 0.1944 -0.5027 0.0000 0.0000 0.8762 0.0815 
12.3776 10.0000 257.6988 0.3684 0.1951 -0.5139 0.0000 0.0000 0.8386 0.0823 
12.4472 10.0000 259.8536 0.3703 0.2023 -0.4983 0.0000 0.0000 0.6586 0.0815 
12.3164 10.0000 257.2464 0.3527 0.1934 -0.4665 0.0000 0.0000 1.3503 0.0729 
12.3384 7.0000 257.8308 0.3686 0.1956 -0.5081 0.0000 0.0000 1.2612 0.0823 
12.5220 8.0000 264.0468 0.3541 0.1946 -0.4766 0.0000 0.0000 0.8794 0.0551 
12.5460 8.0000 270.0724 0.3747 0.1961 -0.5133 0.0000 0.0000 0.9226 0.0815 
12.2688 10.0000 250.9564 0.3695 0.1981 -0.5111 0.0000 0.0000 0.9225 0.0638 
12.2472 10.0000 251.4540 0.3697 0.2004 -0.5084 0.0000 0.0000 1.0988 0.0612 
12.1220 10.0000 249.7460 0.3639 0.2017 -0.4600 0.0000 0.0000 1.4163 0.0638 
12.3448 5.0000 259.6104 0.3727 0.1953 -0.5215 0.0000 0.0000 2.3847 0.0596 
12.3332 10.0000 258.2440 0.3755 0.1984 -0.5197 0.0000 0.0000 2.1983 0.0596 
12.4640 10.0000 264.8240 0.3673 0.1919 -0.5151 0.0000 0.0000 1.8970 0.0702 
12.0980 10.0000 245.4832 0.3633 0.1993 -0.4797 0.0000 0.0000 0.9207 0.0779 
12.4320 10.0000 263.9280 0.3728 0.1991 -0.5027 0.0000 0.0000 1.3195 0.0750 
12.2732 10.0000 257.7408 0.3747 0.1970 -0.5057 0.0000 0.0000 1.2780 0.0756 
12.4332 10.0000 259.1996 0.3412 0.1860 -0.4763 0.0000 0.0000 0.6575 0.0789 
12.4216 10.0000 262.6264 0.3709 0.1978 -0.5053 0.0000 0.0000 0.8793 0.0760 
12.2748 9.0000 256.6332 0.3717 0.1968 -0.5061 0.0000 0.0000 0.6609 0.0789 
12.2780 10.0000 253.3152 0.3641 0.1960 -0.5010 0.0000 0.0000 0.6587 0.0789 
12.2196 7.0000 255.4344 0.3650 0.1947 -0.4930 0.0000 0.0000 1.0119 0.0597 
12.3828 10.0000 259.1688 0.3652 0.1954 -0.5056 0.0000 0.0000 0.9667 0.0597 
12.2812 9.0000 258.9752 0.3638 0.1900 -0.5030 0.0000 0.0000 0.9264 0.0597 
12.2064 10.0000 251.2852 0.3730 0.1995 -0.5144 0.0000 0.0000 0.9629 0.0488 
12.1988 10.0000 249.2696 0.3716 0.2029 -0.5052 0.0000 0.0000 0.9152 0.0578 
12.3064 10.0000 260.1536 0.3768 0.1966 -0.5190 0.0000 0.0000 0.9201 0.0666 
12.0076 10.0000 245.8232 0.3661 0.1951 -0.4888 0.0000 0.0000 0.8808 0.0666 
12.2988 10.0000 261.4212 0.3775 0.1958 -0.5162 0.0000 0.0000 0.6607 0.0650 
12.3328 7.0000 257.3404 0.3744 0.2021 -0.5060 0.0000 0.0000 1.3351 0.0549 
12.4876 3.0000 259.8584 0.3552 0.1910 -0.5010 0.0000 0.0000 1.4243 0.0737 
12.3652 10.0000 258.3012 0.3659 0.1950 -0.5161 0.0000 0.0000 1.2063 0.0811 
12.7076 10.0000 263.3152 0.3557 0.1914 -0.5332 0.0000 0.0000 0.6181 0.0481 
12.3460 10.0000 255.2148 0.3638 0.1969 -0.5052 0.0000 0.0000 0.8804 0.0681 
12.6064 7.0000 270.5160 0.3773 0.1999 -0.5217 0.0000 0.0000 1.1407 0.0679 
12.5284 10.0000 263.7816 0.3660 0.1997 -0.4988 0.0000 0.0000 1.2315 0.0732 
12.1888 10.0000 251.5096 0.3622 0.1887 -0.5166 0.0000 0.0000 1.0988 0.0603 
12.3288 9.0000 253.1944 0.3653 0.1982 -0.5065 0.0000 0.0000 1.3197 0.0871 
12.3268 6.0000 252.3448 0.3466 0.1901 -0.4857 0.0000 0.0000 1.3174 0.0770 
12.3644 9.0000 254.8884 0.3540 0.1934 -0.4988 0.0000 0.0000 0.8797 0.0824 
12.0568 8.0000 249.3792 0.3876 0.2013 -0.5200 0.0000 0.0000 0.8319 0.0824 
12.5428 10.0000 269.5920 0.3613 0.1944 -0.4865 0.0000 0.0000 0.9229 0.0687 
12.4352 9.0000 259.0868 0.3551 0.1934 -0.4988 0.0000 0.0000 0.6169 0.0534 
12.4904 8.0000 263.0416 0.3615 0.1954 -0.4977 0.0000 0.0000 0.9233 0.0811 
12.3712 6.0000 256.8440 0.3693 0.2011 -0.5019 0.0000 0.0000 0.7020 0.0815 
12.4236 10.0000 263.9644 0.3700 0.1967 -0.4959 0.0000 0.0000 0.8822 0.0594 
12.4488 10.0000 266.4192 0.3741 0.1946 -0.5192 0.0000 0.0000 0.8817 0.0655 
12.2740 10.0000 250.2148 0.3498 0.1933 -0.4762 0.0000 0.0000 0.8794 0.0728 
12.0708 4.0000 250.0812 0.3687 0.1920 -0.4998 0.0000 0.0000 0.9659 0.0726 
12.1024 10.0000 247.8884 0.3665 0.2007 -0.4770 0.0000 0.0000 0.9239 0.0728 
12.3864 10.0000 260.9772 0.3651 0.1937 -0.4978 0.0000 0.0000 0.9275 0.0754 
12.3096 10.0000 259.5328 0.3683 0.1959 -0.4925 0.0000 0.0000 1.8025 0.0810 
12.5364 10.0000 260.6556 0.3592 0.1945 -0.5097 0.0000 0.0000 1.7159 0.0763 
12.0140 10.0000 245.7436 0.3762 0.2020 -0.4910 0.0000 0.0000 1.4459 0.0667 
12.2272 10.0000 257.1756 0.3653 0.1953 -0.4766 0.0000 0.0000 0.7036 0.0685 
12.7352 4.0000 273.4112 0.3687 0.1960 -0.5163 0.0000 0.0000 0.9074 0.0791 
12.1252 10.0000 250.0800 0.3738 0.2011 -0.4909 0.0000 0.0000 0.9653 0.0811 
12.4836 6.0000 263.3828 0.3643 0.1932 -0.5040 0.0000 0.0000 0.7014 0.0646 
12.6772 10.0000 272.7936 0.3601 0.1964 -0.4804 0.0000 0.0000 0.9640 0.0644 
12.4164 10.0000 263.7092 0.3774 0.1991 -0.5084 0.0000 0.0000 0.9242 0.0644 
12.2420 9.0000 255.0168 0.3624 0.1946 -0.4815 0.0000 0.0000 1.0125 0.0644 
12.1488 10.0000 254.1468 0.3672 0.1995 -0.4727 0.0000 0.0000 1.0113 0.0644 
12.2708 8.0000 252.4160 0.3573 0.1968 -0.4772 0.0000 0.0000 0.9675 0.0644 
12.3396 10.0000 254.6548 0.3618 0.1990 -0.4872 0.0000 0.0000 0.9233 0.0644 
11.9780 10.0000 241.5100 0.3673 0.1976 -0.4941 0.0000 0.0000 0.8820 0.0528 
12.2348 10.0000 247.9752 0.3487 0.1964 -0.4688 0.0000 0.0000 0.9235 0.0644 
12.2296 10.0000 253.0680 0.3667 0.1976 -0.4959 0.0000 0.0000 0.7021 0.0644 
12.2012 5.0000 252.9680 0.3623 0.1946 -0.4823 0.0000 0.0000 0.9660 0.0644 
12.5352 10.0000 263.3184 0.3613 0.1953 -0.5040 0.0000 0.0000 0.9202 0.0644 
12.7160 6.0000 271.4812 0.3509 0.1931 -0.4817 0.0000 0.0000 0.7021 0.0644 
