12.3136 10.0000 258.0685 0.3762 0.2057 -0.4773 0.0000 0.0000 10.3749 0.0629 
12.5091 10.0000 262.4088 0.3793 0.2078 -0.5006 0.0000 0.0000 9.7834 0.0691 
12.4381 6.0000 264.5269 0.3757 0.2073 -0.4689 0.0000 0.0000 11.2431 0.0680 
12.4331 10.0000 262.2504 0.3774 0.2069 -0.4822 0.0000 0.0000 10.6777 0.0692 
12.1920 10.0000 252.0568 0.3724 0.2012 -0.4843 0.0000 0.0000 11.0227 0.0680 
12.2731 5.0000 258.7275 0.3897 0.2071 -0.5052 0.0000 0.0000 11.2915 0.0822 
12.4757 10.0000 264.4051 0.3818 0.2003 -0.5206 0.0000 0.0000 10.3322 0.0601 
12.4061 10.0000 261.3528 0.3791 0.2083 -0.4839 0.0000 0.0000 10.3838 0.0713 
12.4371 10.0000 258.6352 0.3774 0.2080 -0.5001 0.0000 0.0000 11.1998 0.0713 
12.2699 10.0000 256.0688 0.3825 0.2069 -0.4897 0.0000 0.0000 11.3335 0.0691 
12.4155 10.0000 263.6493 0.3750 0.2040 -0.4744 0.0000 0.0000 11.2897 0.0713 
12.3811 10.0000 259.2363 0.3792 0.2081 -0.4817 0.0000 0.0000 1.3134 0.0823 
12.3328 10.0000 256.6893 0.3822 0.2089 -0.4927 0.0000 0.0000 2.5066 0.0570 
12.2000 7.0000 251.1253 0.3827 0.2097 -0.4867 0.0000 0.0000 2.9893 0.0598 
12.4611 10.0000 260.9269 0.3721 0.2032 -0.4928 0.0000 0.0000 1.8471 0.0638 
12.5400 10.0000 262.6419 0.3759 0.2005 -0.5203 0.0000 0.0000 1.5825 0.0611 
12.4608 10.0000 259.1259 0.3848 0.2132 -0.5000 0.0000 0.0000 1.6703 0.0637 
12.2917 10.0000 253.0637 0.3816 0.2062 -0.5126 0.0000 0.0000 2.0681 0.0712 
12.1859 10.0000 253.7179 0.3718 0.1973 -0.4888 0.0000 0.0000 2.7251 0.0714 
12.2760 10.0000 251.5168 0.3707 0.2040 -0.4937 0.0000 0.0000 2.8128 0.0706 
12.3717 10.0000 257.9512 0.3760 0.2034 -0.4987 0.0000 0.0000 2.6342 0.0745 
12.2275 10.0000 254.0832 0.3842 0.2096 -0.4826 0.0000 0.0000 1.6698 0.0607 
12.3939 7.0000 262.2221 0.3788 0.2032 -0.4974 0.0000 0.0000 1.5824 0.0720 
12.3901 8.0000 258.2491 0.3882 0.2117 -0.5036 0.0000 0.0000 1.5368 0.0615 
12.5144 10.0000 263.7685 0.3883 0.2102 -0.5144 0.0000 0.0000 1.3179 0.0674 
12.4469 9.0000 262.4995 0.3743 0.2008 -0.5009 0.0000 0.0000 1.4599 0.0758 
12.6877 10.0000 267.9709 0.3821 0.2113 -0.5044 0.0000 0.0000 1.5848 0.0733 
12.3347 10.0000 255.9939 0.3796 0.2068 -0.4992 0.0000 0.0000 1.6243 0.0794 
12.3877 10.0000 260.6677 0.3812 0.2050 -0.5017 0.0000 0.0000 1.6277 0.0767 
12.2403 10.0000 254.3365 0.3917 0.2132 -0.5017 0.0000 0.0000 1.6180 0.0638 
12.2573 10.0000 252.2269 0.3792 0.2042 -0.5021 0.0000 0.0000 1.5822 0.0638 
12.2997 6.0000 256.7112 0.3900 0.2148 -0.4916 0.0000 0.0000 1.1879 0.0554 
12.2864 10.0000 254.9728 0.3782 0.2039 -0.4986 0.0000 0.0000 1.5856 0.0623 
12.1389 10.0000 249.6027 0.3830 0.2077 -0.4935 0.0000 0.0000 1.1888 0.0755 
12.4088 10.0000 261.9059 0.3827 0.2085 -0.4959 0.0000 0.0000 1.1777 0.0675 
12.1589 7.0000 253.8888 0.3766 0.2038 -0.4734 0.0000 0.0000 1.6198 0.0702 
12.3296 10.0000 259.3941 0.3888 0.2092 -0.5039 0.0000 0.0000 1.6724 0.0646 
12.1392 10.0000 250.2208 0.3799 0.2062 -0.4859 0.0000 0.0000 1.2314 0.0571 
12.5411 6.0000 264.9171 0.3856 0.2059 -0.5241 0.0000 0.0000 1.6273 0.0625 
12.1597 10.0000 250.2368 0.3813 0.2107 -0.4788 0.0000 0.0000 2.3246 0.0625 
12.2699 4.0000 255.1192 0.3836 0.2100 -0.4885 0.0000 0.0000 2.3265 0.0767 
12.3965 10.0000 257.9837 0.3769 0.2094 -0.4895 0.0000 0.0000 2.0625 0.0644 
12.5491 10.0000 264.5984 0.3851 0.2101 -0.5041 0.0000 0.0000 1.5831 0.0746 
12.1947 10.0000 252.9152 0.3905 0.2154 -0.4859 0.0000 0.0000 1.7141 0.0670 
12.4317 10.0000 261.5525 0.3872 0.2125 -0.4994 0.0000 0.0000 1.7162 0.0643 
12.5064 10.0000 263.8949 0.3712 0.2012 -0.5006 0.0000 0.0000 1.5818 0.0675 
12.5339 10.0000 263.7739 0.3836 0.2096 -0.5044 0.0000 0.0000 1.1884 0.0746 
12.5181 7.0000 267.3440 0.3851 0.2104 -0.4931 0.0000 0.0000 1.6693 0.0566 
12.3621 10.0000 259.4288 0.3820 0.2105 -0.4854 0.0000 0.0000 1.5856 0.0702 
12.1808 10.0000 250.8440 0.3763 0.2083 -0.4837 0.0000 0.0000 1.5840 0.0674 
12.2675 10.0000 255.2221 0.3862 0.2068 -0.5023 0.0000 0.0000 2.5053 0.0614 
12.3475 3.0000 259.7608 0.3784 0.2049 -0.4888 0.0000 0.0000 2.3319 0.0780 
12.3507 10.0000 258.4789 0.3804 0.2063 -0.4977 0.0000 0.0000 1.6731 0.0594 
12.3051 10.0000 260.2011 0.3840 0.2026 -0.5040 0.0000 0.0000 3.7236 0.0638 
12.2696 7.0000 255.4013 0.3770 0.2018 -0.4937 0.0000 0.0000 3.6840 0.0672 
12.5571 10.0000 265.1680 0.3912 0.2076 -0.5323 0.0000 0.0000 1.6302 0.0651 
12.4219 10.0000 260.6339 0.3795 0.2075 -0.4972 0.0000 0.0000 1.1897 0.0519 
12.6045 10.0000 268.7160 0.3735 0.2006 -0.5058 0.0000 0.0000 1.5391 0.0548 
12.3448 10.0000 259.4037 0.3785 0.2063 -0.4874 0.0000 0.0000 1.6717 0.0654 
12.4320 10.0000 265.6421 0.3759 0.2025 -0.4853 0.0000 0.0000 1.6714 0.0610 
12.2779 10.0000 249.9632 0.3659 0.2043 -0.4783 0.0000 0.0000 1.6670 0.0567 
12.4685 10.0000 259.5477 0.3720 0.2074 -0.4878 0.0000 0.0000 1.1862 0.0713 
12.2536 10.0000 256.5776 0.3898 0.2092 -0.4993 0.0000 0.0000 1.2324 0.0801 
12.3429 10.0000 255.7312 0.3802 0.2067 -0.5046 0.0000 0.0000 1.5824 0.0798 
12.2696 10.0000 255.5397 0.3734 0.2012 -0.4949 0.0000 0.0000 1.5861 0.0591 
12.6419 10.0000 270.3781 0.3791 0.2083 -0.4950 0.0000 0.0000 1.6708 0.0582 
12.3165 10.0000 257.7979 0.3854 0.2064 -0.5066 0.0000 0.0000 1.6289 0.0702 
12.5056 10.0000 263.8427 0.3720 0.2041 -0.4900 0.0000 0.0000 1.6253 0.0609 
12.4293 10.0000 259.8525 0.3723 0.2045 -0.4826 0.0000 0.0000 1.6702 0.0665 
12.2904 10.0000 254.4992 0.3852 0.2129 -0.4846 0.0000 0.0000 1.5398 0.0793 
12.2923 10.0000 255.4344 0.3862 0.2141 -0.4807 0.0000 0.0000 1.7104 0.0623 
11.9963 5.0000 243.7221 0.3756 0.2079 -0.4658 0.0000 0.0000 1.2748 0.0770 
12.5261 10.0000 263.7981 0.3775 0.2031 -0.5053 0.0000 0.0000 1.7119 0.0762 
12.2131 10.0000 254.0944 0.3816 0.2102 -0.4733 0.0000 0.0000 1.8051 0.0746 
12.4003 8.0000 258.6405 0.3651 0.2019 -0.4775 0.0000 0.0000 1.6302 0.0641 
12.2965 10.0000 254.0512 0.3733 0.2062 -0.4852 0.0000 0.0000 1.5823 0.0643 
12.2085 9.0000 253.9045 0.3824 0.2094 -0.4848 0.0000 0.0000 1.7160 0.0600 
12.5067 10.0000 264.9779 0.3867 0.2098 -0.5041 0.0000 0.0000 1.7137 0.0666 
12.0424 10.0000 246.6931 0.3791 0.2059 -0.4841 0.0000 0.0000 1.7988 0.0666 
12.3741 10.0000 257.8760 0.3938 0.2193 -0.4918 0.0000 0.0000 1.7547 0.0626 
12.4349 10.0000 259.5283 0.3832 0.2099 -0.5016 0.0000 0.0000 1.7601 0.0612 
12.3733 10.0000 261.0456 0.3768 0.2038 -0.4913 0.0000 0.0000 1.8019 0.0727 
12.4107 10.0000 259.2443 0.3759 0.2065 -0.4845 0.0000 0.0000 1.2318 0.0590 
12.1893 10.0000 251.9680 0.3847 0.2095 -0.4888 0.0000 0.0000 1.9911 0.0696 
12.3163 10.0000 254.9349 0.3780 0.2034 -0.5049 0.0000 0.0000 1.7135 0.0654 
12.2891 10.0000 254.0173 0.3795 0.2119 -0.4811 0.0000 0.0000 1.2283 0.0698 
12.3952 10.0000 258.6669 0.3752 0.2043 -0.4955 0.0000 0.0000 1.6659 0.0669 
12.3232 5.0000 253.1920 0.3680 0.2005 -0.4930 0.0000 0.0000 1.6723 0.0635 
12.4144 10.0000 260.0512 0.3789 0.2058 -0.4952 0.0000 0.0000 1.2329 0.0518 
12.5384 10.0000 265.9173 0.3761 0.2067 -0.4859 0.0000 0.0000 1.6700 0.0635 
12.5616 10.0000 264.3227 0.3844 0.2060 -0.5260 0.0000 0.0000 1.6725 0.0635 
12.3245 10.0000 255.5608 0.3861 0.2079 -0.5158 0.0000 0.0000 1.5291 0.0774 
12.2880 10.0000 259.2312 0.3810 0.1997 -0.5058 0.0000 0.0000 1.6326 0.0635 
12.3376 6.0000 256.9837 0.3768 0.2014 -0.5085 0.0000 0.0000 1.7159 0.0635 
12.3459 10.0000 259.6739 0.3846 0.2065 -0.5015 0.0000 0.0000 1.7592 0.0635 
12.2032 10.0000 247.7925 0.3810 0.2138 -0.4906 0.0000 0.0000 1.2323 0.0635 
12.2357 10.0000 257.7363 0.3867 0.2071 -0.4960 0.0000 0.0000 1.7578 0.0635 
12.2469 10.0000 256.9675 0.3855 0.2133 -0.4679 0.0000 0.0000 1.7607 0.0635 
12.5000 10.0000 260.1147 0.3697 0.2035 -0.4927 0.0000 0.0000 1.1870 0.0635 
12.6336 10.0000 272.0424 0.3858 0.2100 -0.4993 0.0000 0.0000 1.8008 0.0635 
