12.3302 10.0000 257.5833 0.0000 0.2078 -0.4855 0.0000 0.0000 109.8045 0.0653 
12.3050 10.0000 256.2727 0.0000 0.2076 -0.4885 0.0000 0.0000 107.4369 0.0653 
12.3532 10.0000 255.9753 0.0000 0.2106 -0.5024 0.0000 0.0000 113.8988 0.0705 
12.3674 10.0000 257.5950 0.0000 0.2060 -0.4978 0.0000 0.0000 108.7954 0.0705 
12.4262 10.0000 260.7586 0.0000 0.2024 -0.4986 0.0000 0.0000 105.9815 0.0653 
12.3873 9.0000 259.1427 0.0000 0.2017 -0.5039 0.0000 0.0000 98.6058 0.0665 
12.3687 4.0000 259.0831 0.0000 0.2054 -0.4873 0.0000 0.0000 109.4570 0.0705 
12.2609 10.0000 256.0962 0.0000 0.2041 -0.4967 0.0000 0.0000 114.2014 0.0665 
12.3718 10.0000 257.6605 0.0000 0.2044 -0.4968 0.0000 0.0000 113.4173 0.0653 
12.3622 9.0000 259.1557 0.0000 0.2021 -0.4934 0.0000 0.0000 108.9260 0.0653 
12.3029 10.0000 255.1044 0.0000 0.2086 -0.4923 0.0000 0.0000 112.7945 0.0653 
12.2546 10.0000 254.6534 0.0000 0.2079 -0.5006 0.0000 0.0000 27.5586 0.0612 
12.3411 8.0000 258.5333 0.0000 0.2095 -0.4903 0.0000 0.0000 39.9969 0.0612 
12.3311 10.0000 258.7498 0.0000 0.2049 -0.5014 0.0000 0.0000 35.4627 0.0612 
12.4778 10.0000 259.8458 0.0000 0.2073 -0.5086 0.0000 0.0000 42.2262 0.0612 
12.5665 10.0000 265.5589 0.0000 0.2081 -0.5020 0.0000 0.0000 43.3683 0.0615 
12.4404 10.0000 261.4920 0.0000 0.2088 -0.5045 0.0000 0.0000 47.8768 0.0686 
12.2846 10.0000 256.8286 0.0000 0.2078 -0.4966 0.0000 0.0000 53.0247 0.0686 
12.2744 9.0000 256.2305 0.0000 0.2109 -0.4812 0.0000 0.0000 60.2292 0.0686 
12.4274 10.0000 259.7151 0.0000 0.2079 -0.5022 0.0000 0.0000 59.3983 0.0620 
12.4036 10.0000 259.9845 0.0000 0.2050 -0.4987 0.0000 0.0000 57.0675 0.0620 
12.4436 10.0000 262.2513 0.0000 0.2031 -0.5010 0.0000 0.0000 59.3923 0.0620 
12.3410 10.0000 258.3632 0.0000 0.2046 -0.4974 0.0000 0.0000 38.5267 0.0657 
12.2854 8.0000 253.1386 0.0000 0.2092 -0.4972 0.0000 0.0000 43.8983 0.0610 
12.3452 5.0000 257.7046 0.0000 0.2069 -0.4859 0.0000 0.0000 44.2458 0.0702 
12.3835 8.0000 257.1349 0.0000 0.2024 -0.4957 0.0000 0.0000 29.5968 0.0657 
12.2879 6.0000 255.5390 0.0000 0.2065 -0.5009 0.0000 0.0000 25.2070 0.0610 
12.4742 10.0000 261.2159 0.0000 0.2062 -0.4998 0.0000 0.0000 28.7687 0.0719 
12.3492 8.0000 258.9336 0.0000 0.2097 -0.4971 0.0000 0.0000 53.5283 0.0691 
12.4290 10.0000 259.8389 0.0000 0.2048 -0.4992 0.0000 0.0000 49.7467 0.0691 
12.3874 10.0000 259.2235 0.0000 0.2076 -0.4898 0.0000 0.0000 52.9067 0.0709 
12.2938 9.0000 255.6642 0.0000 0.2047 -0.4931 0.0000 0.0000 55.8509 0.0691 
12.4118 9.0000 260.4271 0.0000 0.2053 -0.4893 0.0000 0.0000 49.7379 0.0691 
12.3769 10.0000 257.7996 0.0000 0.2099 -0.5041 0.0000 0.0000 27.5461 0.0629 
12.4256 10.0000 259.2907 0.0000 0.2068 -0.4987 0.0000 0.0000 26.2399 0.0669 
12.4218 10.0000 260.9712 0.0000 0.2084 -0.4963 0.0000 0.0000 21.6217 0.0629 
12.4186 10.0000 261.6633 0.0000 0.2074 -0.4935 0.0000 0.0000 37.6749 0.0629 
12.3054 5.0000 256.7890 0.0000 0.2117 -0.4838 0.0000 0.0000 40.2484 0.0647 
12.2118 10.0000 253.7834 0.0000 0.2102 -0.4865 0.0000 0.0000 22.2100 0.0697 
12.3033 10.0000 256.3527 0.0000 0.2079 -0.5033 0.0000 0.0000 28.7788 0.0620 
12.2523 10.0000 254.9332 0.0000 0.2111 -0.4929 0.0000 0.0000 50.6761 0.0709 
12.3946 10.0000 258.4103 0.0000 0.2098 -0.5052 0.0000 0.0000 48.6602 0.0709 
12.4046 7.0000 259.0579 0.0000 0.2043 -0.5063 0.0000 0.0000 47.6114 0.0709 
12.3710 10.0000 259.4486 0.0000 0.2074 -0.4871 0.0000 0.0000 42.0321 0.0709 
12.4037 5.0000 260.4727 0.0000 0.2076 -0.5087 0.0000 0.0000 13.4182 0.0641 
12.3486 10.0000 258.2065 0.0000 0.2071 -0.4917 0.0000 0.0000 41.8793 0.0641 
12.3068 10.0000 256.6394 0.0000 0.2050 -0.4964 0.0000 0.0000 44.1670 0.0645 
12.1811 10.0000 252.0528 0.0000 0.2044 -0.5031 0.0000 0.0000 27.8427 0.0619 
12.2879 7.0000 255.9732 0.0000 0.2087 -0.4993 0.0000 0.0000 30.4322 0.0675 
12.3772 10.0000 258.7282 0.0000 0.2071 -0.5034 0.0000 0.0000 26.8996 0.0785 
12.3198 10.0000 257.0813 0.0000 0.2103 -0.4934 0.0000 0.0000 30.5018 0.0774 
12.2890 10.0000 256.2854 0.0000 0.2082 -0.4849 0.0000 0.0000 41.3959 0.0701 
12.4417 10.0000 260.1090 0.0000 0.2064 -0.5003 0.0000 0.0000 44.5760 0.0638 
12.4400 10.0000 259.7066 0.0000 0.2042 -0.4979 0.0000 0.0000 43.9733 0.0638 
12.3758 10.0000 258.9919 0.0000 0.2062 -0.4993 0.0000 0.0000 40.8929 0.0638 
12.3694 9.0000 257.0551 0.0000 0.2082 -0.5044 0.0000 0.0000 26.6898 0.0618 
12.3597 9.0000 257.3108 0.0000 0.2047 -0.4965 0.0000 0.0000 34.0212 0.0638 
12.3923 10.0000 261.0730 0.0000 0.2105 -0.4991 0.0000 0.0000 32.1768 0.0638 
12.3978 10.0000 261.4394 0.0000 0.2088 -0.4976 0.0000 0.0000 29.3291 0.0673 
12.1682 10.0000 253.1339 0.0000 0.2077 -0.4863 0.0000 0.0000 31.1360 0.0663 
12.2176 10.0000 255.1278 0.0000 0.2079 -0.4910 0.0000 0.0000 31.9428 0.0741 
12.3535 10.0000 258.0730 0.0000 0.2090 -0.5002 0.0000 0.0000 30.0308 0.0691 
12.3189 10.0000 257.5286 0.0000 0.2058 -0.4925 0.0000 0.0000 28.6479 0.0686 
12.4002 7.0000 260.7472 0.0000 0.2074 -0.5000 0.0000 0.0000 37.7127 0.0732 
12.3770 9.0000 259.4958 0.0000 0.2056 -0.5054 0.0000 0.0000 42.0051 0.0732 
12.3714 10.0000 257.4543 0.0000 0.2056 -0.4989 0.0000 0.0000 39.4210 0.0732 
12.4258 7.0000 261.1915 0.0000 0.2072 -0.4875 0.0000 0.0000 29.4023 0.0639 
12.3148 10.0000 256.6602 0.0000 0.2043 -0.4890 0.0000 0.0000 35.2605 0.0663 
12.2289 10.0000 253.0472 0.0000 0.2068 -0.4867 0.0000 0.0000 31.0785 0.0705 
12.3972 10.0000 259.6622 0.0000 0.2071 -0.5035 0.0000 0.0000 28.6255 0.0669 
12.2242 10.0000 255.4854 0.0000 0.2081 -0.4922 0.0000 0.0000 32.1695 0.0681 
12.2029 10.0000 253.2089 0.0000 0.2052 -0.4880 0.0000 0.0000 31.5016 0.0639 
12.2587 10.0000 254.9426 0.0000 0.2024 -0.5059 0.0000 0.0000 31.5552 0.0668 
12.3074 10.0000 255.1854 0.0000 0.2126 -0.4891 0.0000 0.0000 32.1656 0.0674 
12.4309 9.0000 261.3042 0.0000 0.2084 -0.4971 0.0000 0.0000 37.4912 0.0663 
12.3878 4.0000 258.5382 0.0000 0.2096 -0.4963 0.0000 0.0000 44.9680 0.0656 
12.4748 7.0000 262.9233 0.0000 0.2081 -0.5029 0.0000 0.0000 43.2084 0.0656 
12.3745 8.0000 260.5662 0.0000 0.2068 -0.5070 0.0000 0.0000 24.1715 0.0656 
12.2350 10.0000 253.3417 0.0000 0.2099 -0.5034 0.0000 0.0000 16.6978 0.0628 
12.3996 10.0000 259.2555 0.0000 0.2094 -0.4852 0.0000 0.0000 29.9840 0.0558 
12.3658 10.0000 259.4450 0.0000 0.2070 -0.4976 0.0000 0.0000 30.9000 0.0715 
12.4347 10.0000 260.6818 0.0000 0.2092 -0.4963 0.0000 0.0000 29.1492 0.0667 
12.3558 10.0000 257.2997 0.0000 0.2106 -0.4941 0.0000 0.0000 31.1734 0.0668 
12.4248 10.0000 259.9826 0.0000 0.2094 -0.4882 0.0000 0.0000 31.3064 0.0677 
12.3852 3.0000 259.4565 0.0000 0.2065 -0.5146 0.0000 0.0000 30.8598 0.0714 
12.4250 10.0000 261.3482 0.0000 0.2072 -0.5074 0.0000 0.0000 30.8340 0.0717 
12.3022 10.0000 255.1539 0.0000 0.2073 -0.4928 0.0000 0.0000 47.6656 0.0669 
12.3273 8.0000 256.4258 0.0000 0.2113 -0.4850 0.0000 0.0000 44.7697 0.0669 
12.3686 10.0000 259.0951 0.0000 0.2060 -0.4880 0.0000 0.0000 36.6171 0.0668 
12.5070 10.0000 262.9102 0.0000 0.2042 -0.5013 0.0000 0.0000 27.3816 0.0641 
12.3451 10.0000 259.7207 0.0000 0.2077 -0.5037 0.0000 0.0000 16.1376 0.0669 
12.3126 10.0000 256.0541 0.0000 0.2092 -0.5074 0.0000 0.0000 30.4275 0.0641 
12.5110 10.0000 264.6502 0.0000 0.2064 -0.5054 0.0000 0.0000 30.6602 0.0641 
12.3612 10.0000 259.9864 0.0000 0.2041 -0.4969 0.0000 0.0000 39.2803 0.0641 
12.3500 8.0000 258.2736 0.0000 0.2079 -0.4908 0.0000 0.0000 24.3251 0.0641 
12.2846 10.0000 255.4732 0.0000 0.2109 -0.4960 0.0000 0.0000 33.5640 0.0641 
12.2442 10.0000 254.6906 0.0000 0.2095 -0.4982 0.0000 0.0000 33.1672 0.0641 
12.4371 9.0000 263.2986 0.0000 0.2068 -0.5092 0.0000 0.0000 32.3292 0.0641 
12.3558 10.0000 259.0246 0.0000 0.2063 -0.5013 0.0000 0.0000 37.9655 0.0641 
12.3632 10.0000 259.0802 0.0000 0.2120 -0.5016 0.0000 0.0000 33.3299 0.0641 
