12.2507 10.0000 250.7568 0.3764 0.2079 -0.4923 0.0000 0.0000 10.5416 0.0692 
12.2891 10.0000 257.0184 0.3779 0.2018 -0.4998 0.0000 0.0000 11.4160 0.0692 
12.5112 10.0000 266.3600 0.3895 0.2069 -0.5154 0.0000 0.0000 11.1980 0.0768 
12.2517 5.0000 254.4461 0.3762 0.2025 -0.4950 0.0000 0.0000 9.9840 0.0692 
12.2333 3.0000 255.7912 0.3830 0.2011 -0.5106 0.0000 0.0000 10.8017 0.0692 
12.0608 9.0000 249.6381 0.3789 0.2040 -0.4791 0.0000 0.0000 11.3303 0.0763 
12.3325 10.0000 255.6075 0.3723 0.2043 -0.4916 0.0000 0.0000 11.4628 0.0661 
11.9925 9.0000 246.0485 0.3772 0.1997 -0.4966 0.0000 0.0000 11.3830 0.0801 
12.3192 10.0000 252.1016 0.3619 0.2026 -0.4784 0.0000 0.0000 10.3246 0.0779 
12.4701 10.0000 259.1493 0.3729 0.2036 -0.4974 0.0000 0.0000 10.8469 0.0779 
12.1176 10.0000 251.6560 0.3869 0.2035 -0.5112 0.0000 0.0000 11.5479 0.0692 
12.4509 10.0000 259.4928 0.3788 0.2057 -0.5084 0.0000 0.0000 1.6287 0.0591 
12.1741 10.0000 253.0643 0.3841 0.2083 -0.4898 0.0000 0.0000 1.2318 0.0731 
12.2309 10.0000 255.9621 0.3856 0.2101 -0.4869 0.0000 0.0000 1.6312 0.0643 
12.2995 10.0000 255.3227 0.3805 0.2105 -0.4858 0.0000 0.0000 1.6616 0.0668 
12.2720 8.0000 255.6928 0.3849 0.2043 -0.5094 0.0000 0.0000 1.7968 0.0668 
12.5568 10.0000 266.6984 0.3848 0.2108 -0.5005 0.0000 0.0000 1.6280 0.0540 
12.2261 10.0000 251.2573 0.3756 0.2078 -0.4837 0.0000 0.0000 3.8689 0.0768 
12.1635 3.0000 250.8157 0.3846 0.2119 -0.4866 0.0000 0.0000 4.4413 0.0768 
12.2947 10.0000 255.2141 0.3845 0.2060 -0.5085 0.0000 0.0000 4.2221 0.0693 
12.2989 10.0000 257.2979 0.3797 0.2032 -0.5063 0.0000 0.0000 4.2185 0.0705 
12.4576 10.0000 260.7165 0.3633 0.1981 -0.4859 0.0000 0.0000 2.9911 0.0742 
12.5091 10.0000 262.1507 0.3766 0.2074 -0.4994 0.0000 0.0000 1.5847 0.0510 
12.2976 10.0000 257.5533 0.3889 0.2080 -0.5069 0.0000 0.0000 1.1868 0.0584 
12.2469 10.0000 254.5253 0.3736 0.1994 -0.4982 0.0000 0.0000 1.5745 0.0750 
12.5379 10.0000 265.1341 0.3780 0.2053 -0.5017 0.0000 0.0000 3.5189 0.0629 
12.4107 10.0000 262.4477 0.3766 0.2079 -0.4797 0.0000 0.0000 3.3870 0.0766 
12.3328 10.0000 257.1155 0.3700 0.1999 -0.4904 0.0000 0.0000 1.1009 0.0688 
12.2325 9.0000 254.1381 0.3854 0.2078 -0.4994 0.0000 0.0000 1.6278 0.0662 
12.3093 10.0000 256.2365 0.3767 0.2037 -0.4999 0.0000 0.0000 2.1571 0.0788 
12.1059 10.0000 249.6224 0.3788 0.2044 -0.4857 0.0000 0.0000 2.1993 0.0618 
12.4435 10.0000 263.3483 0.3802 0.2077 -0.4886 0.0000 0.0000 1.6724 0.0597 
12.3435 9.0000 258.4752 0.3779 0.2038 -0.4966 0.0000 0.0000 1.6278 0.0694 
12.4088 9.0000 261.2197 0.3741 0.1991 -0.5062 0.0000 0.0000 1.5368 0.0635 
12.7357 5.0000 271.6440 0.3756 0.2044 -0.5136 0.0000 0.0000 1.1458 0.0700 
11.9952 10.0000 244.8589 0.3828 0.2082 -0.4862 0.0000 0.0000 1.6667 0.0665 
12.5784 10.0000 265.8115 0.3757 0.2049 -0.5015 0.0000 0.0000 1.6687 0.0671 
12.1320 10.0000 247.8011 0.3745 0.2042 -0.4926 0.0000 0.0000 1.1863 0.0571 
12.0336 10.0000 245.0339 0.3845 0.2110 -0.4919 0.0000 0.0000 1.5745 0.0689 
12.6125 6.0000 269.1885 0.3857 0.2082 -0.5128 0.0000 0.0000 1.6695 0.0829 
12.3197 10.0000 257.5813 0.3823 0.2057 -0.5069 0.0000 0.0000 1.6252 0.0665 
12.1101 5.0000 251.8456 0.3843 0.2087 -0.4740 0.0000 0.0000 1.9108 0.0684 
12.4875 10.0000 262.6611 0.3854 0.2120 -0.4983 0.0000 0.0000 1.6315 0.0637 
12.5461 10.0000 263.2440 0.3710 0.2040 -0.4967 0.0000 0.0000 1.5732 0.0563 
12.2344 10.0000 253.8269 0.3828 0.2049 -0.5066 0.0000 0.0000 1.6310 0.0688 
12.3688 10.0000 258.9987 0.3731 0.2015 -0.4893 0.0000 0.0000 1.6694 0.0795 
12.3299 10.0000 253.9731 0.3713 0.2087 -0.4772 0.0000 0.0000 1.1888 0.0795 
12.2536 10.0000 256.7259 0.3728 0.2000 -0.4867 0.0000 0.0000 1.7475 0.0696 
12.2475 5.0000 255.5053 0.3788 0.2073 -0.4826 0.0000 0.0000 1.6685 0.0736 
12.1837 4.0000 253.1301 0.3865 0.2102 -0.4951 0.0000 0.0000 1.7158 0.0602 
12.2331 10.0000 253.9480 0.3817 0.2060 -0.4961 0.0000 0.0000 1.7168 0.0659 
12.3741 10.0000 260.7664 0.3790 0.2102 -0.4701 0.0000 0.0000 1.6716 0.0623 
12.2547 10.0000 253.1760 0.3764 0.2062 -0.4935 0.0000 0.0000 1.6723 0.0700 
12.3515 10.0000 257.1968 0.3725 0.2095 -0.4716 0.0000 0.0000 1.7036 0.0718 
12.4752 10.0000 262.7973 0.3691 0.1996 -0.4947 0.0000 0.0000 1.5822 0.0724 
12.3096 10.0000 254.7672 0.3729 0.2063 -0.4822 0.0000 0.0000 1.6277 0.0718 
12.3213 10.0000 260.3325 0.3810 0.1995 -0.5097 0.0000 0.0000 1.7131 0.0711 
12.2211 5.0000 253.7776 0.3847 0.2084 -0.4977 0.0000 0.0000 1.6751 0.0659 
12.2931 9.0000 254.3587 0.3767 0.2026 -0.5037 0.0000 0.0000 1.2288 0.0716 
12.4336 10.0000 257.2627 0.3740 0.2014 -0.5134 0.0000 0.0000 1.6710 0.0716 
12.3805 8.0000 260.0547 0.3730 0.2009 -0.4951 0.0000 0.0000 1.6256 0.0666 
12.3955 7.0000 260.3811 0.3787 0.2052 -0.4971 0.0000 0.0000 1.6733 0.0789 
12.2941 10.0000 257.0952 0.3817 0.2030 -0.5055 0.0000 0.0000 3.4752 0.0608 
12.4248 8.0000 264.7613 0.3862 0.2040 -0.5122 0.0000 0.0000 2.5943 0.0725 
12.4616 10.0000 265.1619 0.3888 0.2097 -0.5080 0.0000 0.0000 1.6744 0.0683 
12.3509 10.0000 260.6688 0.3889 0.2084 -0.5144 0.0000 0.0000 1.8303 0.0806 
12.4835 11.0000 261.1909 0.3821 0.2046 -0.5147 0.0000 0.0000 1.8922 0.0658 
12.1696 10.0000 254.5152 0.3782 0.2032 -0.4857 0.0000 0.0000 1.8820 0.0658 
12.2008 10.0000 251.1211 0.3788 0.2080 -0.4902 0.0000 0.0000 1.6730 0.0694 
12.2712 6.0000 255.0093 0.3865 0.2093 -0.5080 0.0000 0.0000 1.7573 0.0759 
12.5067 4.0000 264.6587 0.3894 0.2084 -0.5200 0.0000 0.0000 1.2332 0.0722 
12.5019 6.0000 262.6755 0.3817 0.2111 -0.5009 0.0000 0.0000 1.7133 0.0588 
12.4293 8.0000 262.0085 0.3840 0.2126 -0.4846 0.0000 0.0000 1.8478 0.0666 
12.3771 10.0000 258.5989 0.3740 0.2015 -0.5011 0.0000 0.0000 1.7101 0.0617 
12.2397 10.0000 256.6149 0.3822 0.2064 -0.4866 0.0000 0.0000 1.7148 0.0726 
12.4267 10.0000 260.8613 0.3834 0.2083 -0.5026 0.0000 0.0000 1.7166 0.0733 
12.1960 10.0000 253.9205 0.3801 0.2031 -0.4983 0.0000 0.0000 1.7444 0.0660 
12.2512 6.0000 256.8032 0.3859 0.2024 -0.5134 0.0000 0.0000 1.1897 0.0666 
12.3483 10.0000 254.6299 0.3813 0.2058 -0.5179 0.0000 0.0000 1.6669 0.0812 
12.2435 10.0000 252.9891 0.3765 0.2086 -0.4804 0.0000 0.0000 2.1100 0.0707 
12.3365 10.0000 258.4811 0.3806 0.2066 -0.4886 0.0000 0.0000 2.1094 0.0663 
12.4224 10.0000 263.0091 0.3754 0.2017 -0.4957 0.0000 0.0000 1.6304 0.0656 
12.6085 4.0000 268.6085 0.3889 0.2093 -0.5157 0.0000 0.0000 1.7552 0.0695 
12.4227 9.0000 263.1949 0.3889 0.2075 -0.5163 0.0000 0.0000 3.3965 0.0687 
12.4088 10.0000 261.1312 0.3793 0.2027 -0.5064 0.0000 0.0000 2.1132 0.0687 
12.4803 10.0000 261.9395 0.3793 0.2038 -0.5108 0.0000 0.0000 1.7966 0.0669 
12.4005 10.0000 258.7624 0.3769 0.2034 -0.4995 0.0000 0.0000 1.2323 0.0744 
12.2672 5.0000 254.6981 0.3762 0.2016 -0.5030 0.0000 0.0000 1.7621 0.0677 
12.4448 10.0000 263.9952 0.3805 0.2049 -0.4980 0.0000 0.0000 1.7137 0.0807 
12.1581 10.0000 254.6661 0.3900 0.2077 -0.5008 0.0000 0.0000 1.8429 0.0620 
12.4883 10.0000 265.6085 0.3733 0.2011 -0.4904 0.0000 0.0000 1.7153 0.0620 
12.3629 8.0000 258.7163 0.3877 0.2068 -0.5222 0.0000 0.0000 1.7157 0.0620 
12.3933 10.0000 262.0685 0.3752 0.2061 -0.4793 0.0000 0.0000 1.7156 0.0620 
12.2939 10.0000 256.8171 0.3828 0.2043 -0.5078 0.0000 0.0000 1.2343 0.0620 
12.3789 5.0000 264.2131 0.3925 0.2085 -0.5026 0.0000 0.0000 1.7609 0.0620 
12.4333 10.0000 264.9531 0.3907 0.2075 -0.5116 0.0000 0.0000 1.7154 0.0620 
12.3467 10.0000 254.2373 0.3706 0.2046 -0.4896 0.0000 0.0000 1.8470 0.0620 
12.5403 10.0000 266.4691 0.3804 0.2063 -0.5037 0.0000 0.0000 1.8468 0.0620 
12.2141 9.0000 255.7403 0.3848 0.2087 -0.4890 0.0000 0.0000 1.8930 0.0620 
12.4139 10.0000 259.2504 0.3690 0.2018 -0.4864 0.0000 0.0000 1.7566 0.0620 
