12.4852 10.0000 263.1610 0.3180 0.1620 -0.5087 4.1413 8.0000 22.6372 0.0557 
12.4324 10.0000 261.6670 0.3122 0.1609 -0.4939 4.1480 7.0000 22.5432 0.0627 
12.2626 10.0000 253.0404 0.3205 0.1653 -0.5040 4.1864 8.0000 20.4378 0.0738 
12.3028 10.0000 253.5776 0.3128 0.1643 -0.4859 4.1905 8.0000 22.3731 0.0738 
12.4206 10.0000 260.0480 0.3196 0.1655 -0.5017 4.1740 9.0000 22.8936 0.0738 
12.2332 10.0000 255.1978 0.3232 0.1654 -0.4944 4.1912 7.0000 21.5420 0.0658 
12.3340 10.0000 257.4244 0.3126 0.1625 -0.4882 4.1679 8.0000 21.9246 0.0738 
12.5720 10.0000 264.7188 0.3124 0.1629 -0.4981 4.1498 8.0000 20.9625 0.0658 
12.1728 5.0000 248.9964 0.3138 0.1668 -0.4787 4.2133 8.0000 22.4191 0.0658 
12.3144 8.0000 255.7334 0.3151 0.1672 -0.4842 4.1976 9.0000 22.8084 0.0733 
12.3540 10.0000 258.7798 0.3152 0.1627 -0.4930 4.1664 8.0000 21.4465 0.0722 
12.2554 10.0000 254.8278 0.3182 0.1628 -0.4930 4.1773 9.0000 3.5051 0.0779 
12.4930 10.0000 265.4892 0.3211 0.1650 -0.4989 4.1655 9.0000 2.5043 0.0590 
12.3174 10.0000 256.1736 0.3175 0.1647 -0.4882 4.1783 8.0000 3.5155 0.0644 
12.4552 10.0000 262.0094 0.3211 0.1649 -0.4992 4.1710 7.0000 4.7033 0.0644 
12.5826 10.0000 265.8832 0.3153 0.1658 -0.4947 4.1585 7.0000 7.2475 0.0743 
12.3362 10.0000 255.8830 0.3167 0.1636 -0.5003 4.1717 8.0000 6.2852 0.0654 
12.2708 9.0000 255.1414 0.3172 0.1616 -0.5004 4.1698 8.0000 4.7240 0.0743 
12.0974 8.0000 249.0422 0.3219 0.1649 -0.4942 4.2020 8.0000 4.6348 0.0579 
12.4704 10.0000 262.6838 0.3136 0.1630 -0.4920 4.1596 8.0000 5.3281 0.0644 
12.2726 10.0000 256.0286 0.3158 0.1636 -0.4869 4.1737 8.0000 6.6000 0.0646 
12.1934 10.0000 254.1050 0.3280 0.1659 -0.5043 4.1873 7.0000 5.2622 0.0712 
12.3286 7.0000 258.3008 0.3183 0.1624 -0.5032 4.1704 9.0000 2.4576 0.0665 
12.4768 10.0000 260.8774 0.3136 0.1642 -0.4977 4.1695 8.0000 3.1808 0.0717 
12.4058 10.0000 259.4154 0.3150 0.1643 -0.4938 4.1751 8.0000 3.8097 0.0679 
12.2510 10.0000 253.9994 0.3218 0.1654 -0.4992 4.1947 8.0000 11.0526 0.0679 
12.0496 10.0000 246.8206 0.3165 0.1618 -0.4949 4.1954 8.0000 10.4988 0.0808 
12.5240 10.0000 266.0376 0.3214 0.1644 -0.5038 4.1635 8.0000 9.3988 0.0708 
12.3136 10.0000 255.7214 0.3145 0.1617 -0.4950 4.1693 8.0000 3.2505 0.0679 
12.4228 10.0000 261.7124 0.3160 0.1627 -0.4958 4.1560 8.0000 3.8844 0.0644 
12.6020 10.0000 268.5402 0.3148 0.1634 -0.4923 4.1383 8.0000 4.0070 0.0584 
12.3400 10.0000 259.2852 0.3181 0.1629 -0.4921 4.1687 8.0000 3.8496 0.0584 
12.3334 10.0000 255.0560 0.3160 0.1663 -0.4898 4.1818 8.0000 3.2878 0.0687 
12.3204 10.0000 256.8512 0.3201 0.1624 -0.5110 4.1674 8.0000 3.6483 0.0766 
12.3848 10.0000 258.8022 0.3134 0.1653 -0.4839 4.1795 8.0000 3.6241 0.0617 
12.3012 10.0000 255.6230 0.3185 0.1645 -0.4954 4.1775 8.0000 3.8189 0.0655 
12.1082 6.0000 249.9068 0.3183 0.1626 -0.4882 4.1871 8.0000 4.0459 0.0818 
12.3858 10.0000 258.9864 0.3151 0.1641 -0.4920 4.1733 7.0000 3.7784 0.0615 
12.3742 10.0000 257.9246 0.3167 0.1644 -0.4989 4.1666 8.0000 3.6866 0.0644 
12.3536 9.0000 257.6674 0.3131 0.1618 -0.4926 4.1666 8.0000 3.4307 0.0615 
12.4762 10.0000 263.7132 0.3151 0.1629 -0.4942 4.1495 7.0000 3.4710 0.0696 
12.4274 6.0000 261.5322 0.3203 0.1629 -0.5102 4.1528 8.0000 4.1887 0.0591 
12.3462 9.0000 258.0896 0.3194 0.1646 -0.4939 4.1734 8.0000 7.7073 0.0769 
12.2568 10.0000 253.5496 0.3126 0.1659 -0.4749 4.1965 10.0000 7.0447 0.0687 
12.4530 6.0000 261.6812 0.3217 0.1666 -0.5048 4.1758 8.0000 3.6470 0.0700 
12.3712 9.0000 259.9782 0.3168 0.1638 -0.4921 4.1630 8.0000 3.4266 0.0710 
12.1962 6.0000 256.4090 0.3288 0.1642 -0.5046 4.1806 7.0000 3.8271 0.0767 
12.5316 10.0000 266.4300 0.3177 0.1626 -0.5074 4.1538 8.0000 3.4728 0.0665 
12.4260 10.0000 261.7412 0.3184 0.1631 -0.4988 4.1623 8.0000 3.5590 0.0603 
12.1132 10.0000 246.6072 0.3111 0.1652 -0.4718 4.2122 8.0000 7.6997 0.0690 
12.4762 10.0000 260.6904 0.3085 0.1626 -0.4899 4.1519 7.0000 5.8765 0.0676 
12.1584 10.0000 251.2170 0.3212 0.1621 -0.5053 4.1866 7.0000 2.8114 0.0690 
12.4086 9.0000 258.0302 0.3184 0.1662 -0.5046 4.1801 8.0000 3.6546 0.0594 
12.4348 10.0000 261.4120 0.3144 0.1613 -0.5007 4.1522 7.0000 3.4131 0.0623 
12.2002 9.0000 252.8228 0.3106 0.1621 -0.4729 4.1807 9.0000 3.5799 0.0728 
12.4946 10.0000 263.8504 0.3227 0.1638 -0.5095 4.1574 8.0000 3.7299 0.0665 
12.3732 10.0000 261.5342 0.3124 0.1623 -0.4838 4.1603 7.0000 3.6572 0.0675 
12.2306 10.0000 257.2022 0.3208 0.1638 -0.4877 4.1810 8.0000 4.1887 0.0705 
12.2126 10.0000 252.9236 0.3204 0.1634 -0.5049 4.1840 8.0000 3.4962 0.0766 
12.4506 10.0000 260.9874 0.3143 0.1662 -0.4891 4.1775 8.0000 2.8468 0.0737 
12.3296 10.0000 255.5620 0.3159 0.1654 -0.4904 4.1813 8.0000 3.6307 0.0789 
12.5864 10.0000 266.5454 0.3131 0.1621 -0.4990 4.1425 7.0000 3.6259 0.0726 
12.4462 10.0000 262.6778 0.3154 0.1626 -0.4957 4.1612 8.0000 3.4331 0.0726 
12.4142 10.0000 258.9438 0.3064 0.1626 -0.4784 4.1683 7.0000 3.4151 0.0712 
12.1928 6.0000 252.7786 0.3237 0.1656 -0.4984 4.1978 8.0000 3.9356 0.0739 
12.2672 10.0000 254.8946 0.3199 0.1631 -0.5043 4.1769 8.0000 2.6772 0.0712 
12.3998 3.0000 260.0078 0.3181 0.1634 -0.5006 4.1664 8.0000 3.8159 0.0716 
12.4568 10.0000 260.6652 0.3173 0.1640 -0.5054 4.1629 7.0000 3.8254 0.0802 
12.2168 10.0000 252.3838 0.3149 0.1613 -0.4950 4.1719 8.0000 3.6657 0.0805 
12.0586 10.0000 247.0824 0.3143 0.1643 -0.4756 4.2137 9.0000 3.8018 0.0680 
12.2690 10.0000 252.9382 0.3144 0.1633 -0.4956 4.1854 8.0000 2.7080 0.0720 
12.2706 10.0000 257.7806 0.3201 0.1622 -0.4955 4.1658 8.0000 3.8548 0.0665 
12.3910 10.0000 258.4988 0.3173 0.1670 -0.4906 4.1902 7.0000 3.7216 0.0665 
12.4040 9.0000 260.6608 0.3162 0.1631 -0.4970 4.1645 8.0000 5.3629 0.0665 
12.3288 9.0000 257.3660 0.3215 0.1652 -0.5000 4.1775 8.0000 7.1704 0.0653 
12.4902 10.0000 260.7336 0.3099 0.1629 -0.4936 4.1581 8.0000 6.5046 0.0689 
12.2876 10.0000 255.6596 0.3259 0.1671 -0.5053 4.2032 8.0000 6.1170 0.0720 
12.1568 10.0000 247.8630 0.3132 0.1658 -0.4796 4.2045 8.0000 2.8788 0.0691 
12.0432 10.0000 247.3894 0.3204 0.1636 -0.4890 4.2008 8.0000 3.9989 0.0684 
12.2260 6.0000 254.2842 0.3209 0.1639 -0.4946 4.1792 9.0000 2.8249 0.0691 
12.3030 10.0000 255.9056 0.3204 0.1638 -0.5003 4.1843 8.0000 3.6151 0.0682 
12.3350 10.0000 259.3864 0.3122 0.1612 -0.4833 4.1595 7.0000 3.7476 0.0682 
12.3752 10.0000 261.7480 0.3202 0.1618 -0.4974 4.1602 8.0000 4.1723 0.0571 
12.5280 7.0000 265.7160 0.3168 0.1631 -0.4970 4.1445 7.0000 6.6739 0.0709 
12.5086 5.0000 264.0204 0.3153 0.1630 -0.4951 4.1511 8.0000 5.8400 0.0709 
12.3272 10.0000 259.0542 0.3190 0.1625 -0.4966 4.1653 8.0000 3.7140 0.0653 
12.3988 10.0000 260.8126 0.3195 0.1643 -0.4946 4.1732 8.0000 3.7284 0.0709 
12.2828 10.0000 256.3142 0.3196 0.1638 -0.4957 4.1804 8.0000 3.7844 0.0657 
12.3648 10.0000 259.5314 0.3147 0.1623 -0.4888 4.1657 8.0000 9.2681 0.0711 
12.2904 10.0000 256.4430 0.3195 0.1648 -0.4936 4.1863 8.0000 9.3134 0.0603 
12.4620 3.0000 262.7120 0.3169 0.1641 -0.4999 4.1740 8.0000 3.7734 0.0603 
12.3864 10.0000 261.0366 0.3177 0.1608 -0.5018 4.1539 8.0000 3.9362 0.0603 
12.2156 9.0000 253.4094 0.3204 0.1643 -0.4932 4.1828 9.0000 6.2008 0.0603 
12.4478 10.0000 259.3046 0.3146 0.1658 -0.4924 4.1766 7.0000 6.1517 0.0603 
12.4308 10.0000 262.0000 0.3215 0.1628 -0.5115 4.1592 7.0000 3.8327 0.0603 
12.2642 10.0000 253.7170 0.3166 0.1666 -0.4851 4.2049 8.0000 9.6100 0.0603 
12.1474 10.0000 251.9294 0.3188 0.1630 -0.4886 4.1914 8.0000 10.6572 0.0603 
12.3546 10.0000 260.1756 0.3222 0.1640 -0.5022 4.1747 8.0000 8.6585 0.0603 
12.2454 10.0000 255.4952 0.3158 0.1629 -0.4873 4.1793 7.0000 3.8199 0.0603 
12.3690 10.0000 255.5682 0.3122 0.1641 -0.4952 4.1782 8.0000 3.8151 0.0603 
