12.2192 10.0000 253.9397 0.3832 0.2064 -0.4984 0.0000 0.0000 11.5599 0.0664 
12.2027 10.0000 252.1456 0.3725 0.2028 -0.4799 0.0000 0.0000 11.3911 0.0654 
12.3093 10.0000 257.2355 0.3710 0.2034 -0.4784 0.0000 0.0000 10.9906 0.0654 
12.3357 10.0000 258.4339 0.3760 0.2016 -0.4967 0.0000 0.0000 11.4349 0.0654 
12.1717 10.0000 250.2357 0.3835 0.2072 -0.4993 0.0000 0.0000 11.6479 0.0662 
11.9843 9.0000 244.6115 0.3780 0.2041 -0.4830 0.0000 0.0000 11.2167 0.0787 
12.1928 10.0000 255.2515 0.3777 0.2030 -0.4871 0.0000 0.0000 11.1673 0.0654 
12.3059 10.0000 258.0517 0.3765 0.1999 -0.4983 0.0000 0.0000 11.1280 0.0766 
12.4909 10.0000 265.6480 0.3875 0.2005 -0.5360 0.0000 0.0000 11.2212 0.0740 
12.4085 10.0000 259.6331 0.3795 0.2067 -0.4956 0.0000 0.0000 10.7293 0.0818 
12.3560 10.0000 257.5211 0.3793 0.2055 -0.4986 0.0000 0.0000 10.7273 0.0799 
12.4197 10.0000 260.3091 0.3798 0.2046 -0.5094 0.0000 0.0000 1.6701 0.0658 
12.3611 10.0000 260.6544 0.3859 0.2081 -0.5022 0.0000 0.0000 1.1458 0.0615 
12.0475 10.0000 244.8115 0.3783 0.2044 -0.4948 0.0000 0.0000 1.6656 0.0722 
12.1800 10.0000 252.2928 0.3746 0.2041 -0.4827 0.0000 0.0000 1.7161 0.0747 
12.2664 3.0000 256.1248 0.3787 0.2051 -0.4875 0.0000 0.0000 1.6724 0.0703 
12.3088 3.0000 253.5309 0.3786 0.2021 -0.5187 0.0000 0.0000 1.6252 0.0684 
12.3603 7.0000 259.7112 0.3806 0.2060 -0.4868 0.0000 0.0000 2.6812 0.0744 
12.3955 10.0000 257.6512 0.3758 0.2053 -0.4985 0.0000 0.0000 3.0759 0.0744 
12.3133 10.0000 257.1197 0.3776 0.2009 -0.5068 0.0000 0.0000 2.6346 0.0713 
12.4792 10.0000 265.6168 0.3826 0.2035 -0.5106 0.0000 0.0000 2.4991 0.0724 
12.5635 9.0000 265.8128 0.3670 0.2008 -0.4850 0.0000 0.0000 1.5838 0.0710 
12.3869 10.0000 258.5925 0.3751 0.2010 -0.5080 0.0000 0.0000 1.1871 0.0677 
12.2979 10.0000 256.4131 0.3797 0.2077 -0.4903 0.0000 0.0000 1.2294 0.0710 
12.4901 10.0000 263.9387 0.3803 0.2083 -0.4951 0.0000 0.0000 1.6307 0.0680 
12.0944 10.0000 248.3299 0.3804 0.2074 -0.4940 0.0000 0.0000 1.6709 0.0670 
12.1640 10.0000 253.7405 0.3668 0.2034 -0.4592 0.0000 0.0000 1.6275 0.0716 
12.3891 10.0000 261.2283 0.3828 0.2028 -0.5122 0.0000 0.0000 1.5809 0.0716 
12.4568 7.0000 263.8861 0.3890 0.2073 -0.5210 0.0000 0.0000 1.6713 0.0821 
12.6227 8.0000 265.9109 0.3653 0.2012 -0.4971 0.0000 0.0000 2.0204 0.0626 
12.4061 7.0000 264.6768 0.3842 0.2101 -0.4833 0.0000 0.0000 2.0653 0.0879 
12.4811 10.0000 263.4763 0.3835 0.2108 -0.4980 0.0000 0.0000 1.6705 0.0769 
12.2264 10.0000 253.3827 0.3805 0.2063 -0.4979 0.0000 0.0000 3.2555 0.0613 
12.2672 10.0000 253.8667 0.3680 0.2041 -0.4753 0.0000 0.0000 2.5037 0.0629 
12.6875 10.0000 272.3819 0.3830 0.2071 -0.5180 0.0000 0.0000 1.6280 0.0723 
12.1773 9.0000 251.7269 0.3765 0.2045 -0.4923 0.0000 0.0000 1.7300 0.0635 
12.4579 8.0000 266.5373 0.3831 0.2051 -0.5013 0.0000 0.0000 1.6279 0.0658 
12.5195 10.0000 263.6392 0.3871 0.2126 -0.5089 0.0000 0.0000 1.2312 0.0677 
12.2661 8.0000 257.3432 0.3916 0.2131 -0.4956 0.0000 0.0000 3.6002 0.0711 
12.2296 10.0000 255.2691 0.3779 0.2031 -0.4917 0.0000 0.0000 2.6834 0.0717 
12.4640 10.0000 261.8787 0.3814 0.2088 -0.5026 0.0000 0.0000 1.5841 0.0711 
12.2429 10.0000 257.6688 0.3769 0.2021 -0.4853 0.0000 0.0000 2.3170 0.0655 
12.2920 10.0000 255.1501 0.3728 0.1996 -0.4985 0.0000 0.0000 1.6703 0.0799 
12.3475 10.0000 257.5365 0.3854 0.2073 -0.5178 0.0000 0.0000 1.6752 0.0672 
12.3752 10.0000 257.8800 0.3764 0.2064 -0.4989 0.0000 0.0000 1.1872 0.0692 
12.4485 7.0000 260.2880 0.3748 0.2086 -0.4862 0.0000 0.0000 1.6676 0.0577 
12.5360 10.0000 262.5699 0.3778 0.2087 -0.5037 0.0000 0.0000 1.7063 0.0693 
12.3877 6.0000 259.0563 0.3734 0.2076 -0.4801 0.0000 0.0000 1.7578 0.0715 
12.3968 10.0000 258.9181 0.3813 0.2043 -0.5170 0.0000 0.0000 1.2302 0.0638 
12.4101 10.0000 258.0872 0.3899 0.2111 -0.5197 0.0000 0.0000 1.2720 0.0801 
12.2987 10.0000 256.7080 0.3758 0.2053 -0.4810 0.0000 0.0000 2.7284 0.0603 
12.4472 10.0000 261.4440 0.3706 0.2002 -0.4995 0.0000 0.0000 2.7286 0.0834 
12.3131 10.0000 256.6021 0.3829 0.2068 -0.5061 0.0000 0.0000 1.6735 0.0563 
12.3040 6.0000 258.8555 0.3835 0.2075 -0.4902 0.0000 0.0000 1.2709 0.0538 
12.1507 5.0000 248.8061 0.3700 0.2042 -0.4779 0.0000 0.0000 1.6719 0.0692 
12.6213 10.0000 267.5155 0.3762 0.2032 -0.5083 0.0000 0.0000 1.6182 0.0692 
12.4144 8.0000 262.4824 0.3795 0.2045 -0.5004 0.0000 0.0000 1.6696 0.0639 
12.3904 10.0000 262.9955 0.3762 0.2016 -0.4926 0.0000 0.0000 1.7605 0.0640 
12.2843 10.0000 255.1091 0.3718 0.2035 -0.4881 0.0000 0.0000 1.1894 0.0641 
12.0987 10.0000 249.6115 0.3748 0.1980 -0.5034 0.0000 0.0000 1.2319 0.0667 
12.4520 10.0000 261.4856 0.3692 0.1993 -0.4976 0.0000 0.0000 1.6235 0.0563 
12.4672 9.0000 263.3331 0.3735 0.2012 -0.5019 0.0000 0.0000 1.6265 0.0737 
12.0144 10.0000 247.1176 0.3781 0.2034 -0.4834 0.0000 0.0000 1.7645 0.0750 
12.4656 10.0000 262.2739 0.3816 0.2043 -0.5157 0.0000 0.0000 1.6278 0.0737 
12.3333 10.0000 260.0613 0.3739 0.2022 -0.4874 0.0000 0.0000 1.7569 0.0760 
12.4915 10.0000 262.0659 0.3770 0.2021 -0.5158 0.0000 0.0000 1.9807 0.0770 
12.3627 10.0000 259.2789 0.3883 0.2124 -0.4944 0.0000 0.0000 2.4224 0.0821 
12.4619 10.0000 259.0488 0.3779 0.2132 -0.4865 0.0000 0.0000 2.0675 0.0757 
12.2571 10.0000 255.9560 0.3834 0.2035 -0.5118 0.0000 0.0000 1.6698 0.0625 
12.3451 1.0000 260.3331 0.3827 0.2045 -0.5055 0.0000 0.0000 1.6648 0.0653 
12.6365 10.0000 267.9747 0.3816 0.2031 -0.5337 0.0000 0.0000 1.6708 0.0688 
12.3456 10.0000 257.5155 0.3789 0.2055 -0.5000 0.0000 0.0000 1.7608 0.0751 
12.2939 10.0000 256.0912 0.3780 0.2057 -0.4871 0.0000 0.0000 1.2346 0.0743 
12.4045 9.0000 261.9160 0.3900 0.2127 -0.4988 0.0000 0.0000 1.7606 0.0572 
12.2272 10.0000 253.8584 0.3925 0.2133 -0.5059 0.0000 0.0000 1.8033 0.0579 
12.2245 4.0000 253.0389 0.3869 0.2102 -0.5036 0.0000 0.0000 1.7591 0.0691 
12.2035 10.0000 256.4349 0.3894 0.2072 -0.5005 0.0000 0.0000 1.7581 0.0691 
12.1611 10.0000 251.2829 0.3786 0.2053 -0.4944 0.0000 0.0000 1.7165 0.0711 
12.1381 10.0000 251.0523 0.3916 0.2131 -0.4984 0.0000 0.0000 1.3195 0.0700 
12.4480 8.0000 262.7621 0.3763 0.2056 -0.4920 0.0000 0.0000 1.7588 0.0559 
12.4669 10.0000 264.7741 0.3787 0.2015 -0.5088 0.0000 0.0000 1.7159 0.0741 
12.3760 10.0000 260.3280 0.3758 0.2024 -0.4974 0.0000 0.0000 1.8017 0.0766 
12.4064 10.0000 260.8973 0.3709 0.2029 -0.4806 0.0000 0.0000 1.6645 0.0656 
12.3147 10.0000 255.5392 0.3839 0.2080 -0.5056 0.0000 0.0000 2.5218 0.0648 
12.5451 10.0000 265.7627 0.3762 0.2062 -0.5017 0.0000 0.0000 1.6698 0.0627 
12.4571 10.0000 259.3739 0.3698 0.2041 -0.4985 0.0000 0.0000 1.7109 0.0641 
12.4251 9.0000 259.1704 0.3723 0.2036 -0.5001 0.0000 0.0000 1.7586 0.0632 
12.3733 10.0000 259.6739 0.3788 0.2028 -0.5089 0.0000 0.0000 1.2331 0.0865 
12.5464 10.0000 268.1368 0.3834 0.2024 -0.5133 0.0000 0.0000 2.8124 0.0678 
12.3472 10.0000 261.2013 0.3812 0.2021 -0.5014 0.0000 0.0000 2.7689 0.0720 
12.4357 10.0000 262.4315 0.3800 0.2074 -0.4937 0.0000 0.0000 1.8040 0.0720 
12.4077 10.0000 259.5512 0.3656 0.1978 -0.4893 0.0000 0.0000 1.6275 0.0720 
12.2688 10.0000 253.3040 0.3811 0.2064 -0.5003 0.0000 0.0000 1.7623 0.0720 
12.2141 10.0000 251.7347 0.3847 0.2082 -0.5058 0.0000 0.0000 1.7591 0.0720 
12.1189 9.0000 251.2312 0.3902 0.2074 -0.5061 0.0000 0.0000 1.8921 0.0720 
12.1235 10.0000 246.8307 0.3745 0.2031 -0.5014 0.0000 0.0000 1.3224 0.0720 
12.3640 9.0000 258.5269 0.3830 0.2047 -0.5189 0.0000 0.0000 1.7577 0.0720 
12.2629 10.0000 252.3675 0.3802 0.2085 -0.4947 0.0000 0.0000 1.7159 0.0720 
12.5219 8.0000 265.8952 0.3801 0.2037 -0.5111 0.0000 0.0000 1.8028 0.0720 
12.2117 10.0000 252.1389 0.3813 0.2044 -0.5134 0.0000 0.0000 1.8043 0.0720 
