12.3830 10.0000 258.9316 0.0000 0.2072 -0.4931 0.0000 0.0000 103.1097 0.0696 
12.4808 7.0000 263.2298 0.0000 0.2075 -0.4992 0.0000 0.0000 107.5897 0.0667 
12.3921 10.0000 259.1970 0.0000 0.2068 -0.4857 0.0000 0.0000 109.0691 0.0749 
12.3406 10.0000 257.2847 0.0000 0.2056 -0.4953 0.0000 0.0000 101.9620 0.0667 
12.4046 10.0000 259.5235 0.0000 0.2073 -0.4919 0.0000 0.0000 99.7690 0.0668 
12.3811 10.0000 258.4902 0.0000 0.2072 -0.4901 0.0000 0.0000 113.0690 0.0667 
12.4024 10.0000 259.5805 0.0000 0.2081 -0.5035 0.0000 0.0000 112.3260 0.0696 
12.2918 10.0000 256.4512 0.0000 0.2112 -0.4989 0.0000 0.0000 117.1581 0.0696 
12.4440 10.0000 262.6072 0.0000 0.2084 -0.5058 0.0000 0.0000 115.4875 0.0668 
12.3496 3.0000 257.3402 0.0000 0.2087 -0.5034 0.0000 0.0000 105.2121 0.0667 
12.4334 10.0000 261.3342 0.0000 0.2052 -0.5023 0.0000 0.0000 114.8265 0.0703 
12.2454 10.0000 253.0410 0.0000 0.2104 -0.4920 0.0000 0.0000 24.6979 0.0646 
12.4262 4.0000 261.9937 0.0000 0.2101 -0.5053 0.0000 0.0000 24.0950 0.0672 
12.3638 10.0000 259.4514 0.0000 0.2102 -0.4933 0.0000 0.0000 39.1674 0.0682 
12.4055 10.0000 260.4736 0.0000 0.2127 -0.4973 0.0000 0.0000 42.9548 0.0682 
12.2514 10.0000 254.8923 0.0000 0.2120 -0.4922 0.0000 0.0000 108.0949 0.0653 
12.4441 10.0000 262.9037 0.0000 0.2047 -0.4942 0.0000 0.0000 107.6090 0.0684 
12.2113 10.0000 251.9476 0.0000 0.2015 -0.4776 0.0000 0.0000 73.9744 0.0653 
12.3934 10.0000 259.9328 0.0000 0.2085 -0.4952 0.0000 0.0000 93.8036 0.0684 
12.2720 10.0000 254.2260 0.0000 0.2072 -0.4908 0.0000 0.0000 82.0561 0.0682 
12.4934 10.0000 258.6851 0.0000 0.2056 -0.4829 0.0000 0.0000 71.2415 0.0705 
12.3770 10.0000 257.9655 0.0000 0.2044 -0.4830 0.0000 0.0000 67.3791 0.0705 
12.3083 10.0000 255.6612 0.0000 0.2065 -0.4941 0.0000 0.0000 12.7966 0.0650 
12.4502 10.0000 263.7657 0.0000 0.2097 -0.4918 0.0000 0.0000 27.6983 0.0655 
12.5717 10.0000 267.0788 0.0000 0.2070 -0.5029 0.0000 0.0000 44.2357 0.0701 
12.4737 10.0000 262.3588 0.0000 0.2110 -0.5067 0.0000 0.0000 56.9226 0.0664 
12.3969 10.0000 260.6669 0.0000 0.2090 -0.5040 0.0000 0.0000 28.7442 0.0669 
12.2687 10.0000 254.7706 0.0000 0.2126 -0.4962 0.0000 0.0000 35.5294 0.0659 
12.2626 8.0000 254.7144 0.0000 0.2085 -0.4970 0.0000 0.0000 45.8560 0.0664 
12.2335 10.0000 253.6847 0.0000 0.2094 -0.4944 0.0000 0.0000 48.5352 0.0674 
12.2954 6.0000 255.8973 0.0000 0.2075 -0.4935 0.0000 0.0000 52.0548 0.0668 
12.3748 10.0000 258.2942 0.0000 0.2090 -0.5004 0.0000 0.0000 51.5718 0.0722 
12.3554 9.0000 257.5750 0.0000 0.2088 -0.4928 0.0000 0.0000 45.5881 0.0722 
12.4143 9.0000 259.4283 0.0000 0.2116 -0.4958 0.0000 0.0000 28.6230 0.0641 
12.3584 10.0000 259.2590 0.0000 0.2083 -0.5005 0.0000 0.0000 27.0651 0.0725 
12.3938 10.0000 259.0386 0.0000 0.2102 -0.4952 0.0000 0.0000 21.3255 0.0568 
12.1749 10.0000 251.3477 0.0000 0.2060 -0.4943 0.0000 0.0000 29.4078 0.0594 
12.3808 7.0000 259.4482 0.0000 0.2115 -0.5066 0.0000 0.0000 29.1985 0.0707 
12.3350 10.0000 256.0460 0.0000 0.2068 -0.4913 0.0000 0.0000 27.7330 0.0707 
12.4238 2.0000 261.2898 0.0000 0.2119 -0.4960 0.0000 0.0000 23.2914 0.0635 
12.2990 10.0000 256.6682 0.0000 0.2101 -0.4945 0.0000 0.0000 35.8998 0.0683 
12.4097 7.0000 261.6670 0.0000 0.2121 -0.5020 0.0000 0.0000 28.3571 0.0703 
12.5502 10.0000 266.6930 0.0000 0.2111 -0.4940 0.0000 0.0000 37.9154 0.0693 
12.3493 10.0000 257.1787 0.0000 0.2060 -0.5006 0.0000 0.0000 38.5455 0.0608 
12.2706 10.0000 256.2083 0.0000 0.2089 -0.5032 0.0000 0.0000 30.6054 0.0725 
12.3970 10.0000 259.5472 0.0000 0.2133 -0.4899 0.0000 0.0000 27.3179 0.0659 
12.4339 9.0000 259.2252 0.0000 0.2069 -0.4994 0.0000 0.0000 12.6658 0.0691 
12.5796 10.0000 265.7433 0.0000 0.2083 -0.4948 0.0000 0.0000 27.4248 0.0633 
12.3878 10.0000 261.0698 0.0000 0.2119 -0.4883 0.0000 0.0000 30.6456 0.0633 
12.3654 9.0000 258.8578 0.0000 0.2120 -0.4876 0.0000 0.0000 36.0674 0.0633 
12.3056 10.0000 256.5351 0.0000 0.2094 -0.4933 0.0000 0.0000 36.7291 0.0615 
12.5238 10.0000 265.7457 0.0000 0.2087 -0.5078 0.0000 0.0000 28.8894 0.0630 
12.3363 10.0000 256.5288 0.0000 0.2121 -0.4951 0.0000 0.0000 30.2991 0.0673 
12.4310 10.0000 261.3675 0.0000 0.2086 -0.5002 0.0000 0.0000 26.9118 0.0562 
12.2714 8.0000 255.6796 0.0000 0.2068 -0.4955 0.0000 0.0000 30.1049 0.0652 
12.3218 9.0000 256.8386 0.0000 0.2134 -0.4987 0.0000 0.0000 28.8496 0.0684 
12.3234 9.0000 256.7549 0.0000 0.2089 -0.4790 0.0000 0.0000 29.2407 0.0671 
12.4178 6.0000 259.6790 0.0000 0.2088 -0.4874 0.0000 0.0000 26.9156 0.0629 
12.4050 3.0000 259.6122 0.0000 0.2097 -0.4986 0.0000 0.0000 28.6213 0.0591 
12.3294 10.0000 257.0670 0.0000 0.2098 -0.4883 0.0000 0.0000 35.9105 0.0638 
12.5117 10.0000 263.8430 0.0000 0.2072 -0.5000 0.0000 0.0000 46.8132 0.0609 
12.3131 10.0000 256.9731 0.0000 0.2051 -0.4997 0.0000 0.0000 33.0654 0.0591 
12.3488 10.0000 258.7190 0.0000 0.2081 -0.4981 0.0000 0.0000 28.8054 0.0643 
12.5172 10.0000 262.9746 0.0000 0.2047 -0.5087 0.0000 0.0000 25.4629 0.0735 
12.4124 10.0000 260.5318 0.0000 0.2078 -0.5060 0.0000 0.0000 27.3313 0.0638 
12.3544 10.0000 259.7698 0.0000 0.2101 -0.5042 0.0000 0.0000 29.5885 0.0640 
12.2820 10.0000 256.5613 0.0000 0.2120 -0.4922 0.0000 0.0000 28.5856 0.0644 
12.3870 10.0000 259.9166 0.0000 0.2074 -0.5052 0.0000 0.0000 14.7251 0.0654 
12.4274 10.0000 259.1606 0.0000 0.2069 -0.5004 0.0000 0.0000 28.2802 0.0691 
12.3090 6.0000 256.4147 0.0000 0.2108 -0.4833 0.0000 0.0000 30.9572 0.0688 
12.3538 4.0000 256.8507 0.0000 0.2097 -0.5012 0.0000 0.0000 31.4325 0.0688 
12.4180 10.0000 259.5486 0.0000 0.2094 -0.4860 0.0000 0.0000 45.2775 0.0743 
12.3246 9.0000 256.7918 0.0000 0.2077 -0.4876 0.0000 0.0000 44.8007 0.0688 
12.3891 10.0000 257.7494 0.0000 0.2075 -0.4948 0.0000 0.0000 27.6222 0.0621 
12.2574 5.0000 254.7700 0.0000 0.2115 -0.4948 0.0000 0.0000 33.0760 0.0698 
12.3308 10.0000 257.2661 0.0000 0.2052 -0.4970 0.0000 0.0000 28.1029 0.0743 
12.4177 10.0000 261.8829 0.0000 0.2135 -0.4956 0.0000 0.0000 30.0395 0.0639 
12.3890 10.0000 259.7016 0.0000 0.2067 -0.4966 0.0000 0.0000 29.3657 0.0655 
12.3734 4.0000 258.7292 0.0000 0.2104 -0.4996 0.0000 0.0000 29.7723 0.0686 
12.3402 10.0000 258.1934 0.0000 0.2098 -0.5020 0.0000 0.0000 15.3903 0.0714 
12.2901 10.0000 257.0325 0.0000 0.2116 -0.4857 0.0000 0.0000 40.7277 0.0714 
12.3356 5.0000 259.3588 0.0000 0.2085 -0.4959 0.0000 0.0000 45.1174 0.0695 
12.4678 10.0000 260.5873 0.0000 0.2082 -0.4993 0.0000 0.0000 38.4187 0.0695 
12.2510 10.0000 255.6262 0.0000 0.2108 -0.4884 0.0000 0.0000 16.4691 0.0610 
12.3709 8.0000 258.4536 0.0000 0.2083 -0.4958 0.0000 0.0000 32.8014 0.0646 
12.2177 10.0000 253.2842 0.0000 0.2111 -0.4923 0.0000 0.0000 35.1082 0.0659 
12.3802 5.0000 260.6798 0.0000 0.2095 -0.4901 0.0000 0.0000 30.5258 0.0688 
12.3752 10.0000 258.8467 0.0000 0.2095 -0.4955 0.0000 0.0000 31.0538 0.0605 
12.2174 5.0000 254.3638 0.0000 0.2048 -0.4873 0.0000 0.0000 31.2275 0.0648 
12.3268 10.0000 258.1725 0.0000 0.2123 -0.5098 0.0000 0.0000 30.1289 0.0648 
12.4303 8.0000 261.6363 0.0000 0.2084 -0.4945 0.0000 0.0000 17.5958 0.0702 
12.2991 10.0000 254.3260 0.0000 0.2067 -0.4799 0.0000 0.0000 31.7590 0.0702 
12.3118 10.0000 255.3131 0.0000 0.2124 -0.4940 0.0000 0.0000 32.2845 0.0702 
12.4137 10.0000 259.9598 0.0000 0.2094 -0.4872 0.0000 0.0000 32.3332 0.0702 
12.4182 8.0000 260.0629 0.0000 0.2119 -0.4956 0.0000 0.0000 32.3744 0.0702 
12.3480 10.0000 259.1982 0.0000 0.2089 -0.4900 0.0000 0.0000 29.9976 0.0702 
12.3647 10.0000 258.3275 0.0000 0.2107 -0.4938 0.0000 0.0000 32.4619 0.0702 
12.4597 10.0000 261.5121 0.0000 0.2088 -0.5031 0.0000 0.0000 28.6819 0.0702 
12.4142 10.0000 262.3318 0.0000 0.2097 -0.5055 0.0000 0.0000 31.4504 0.0702 
12.2482 10.0000 256.0054 0.0000 0.2096 -0.4890 0.0000 0.0000 14.6077 0.0702 
