12.2839 10.0000 254.0785 0.0000 0.1331 -0.4822 0.0000 0.0000 126.2320 0.0640 
12.4334 8.0000 260.9438 0.0000 0.1306 -0.4938 0.0000 0.0000 120.0611 0.0640 
12.3441 10.0000 255.2453 0.0000 0.1315 -0.4874 0.0000 0.0000 117.7564 0.0640 
12.3850 9.0000 258.5946 0.0000 0.1313 -0.4899 0.0000 0.0000 118.8141 0.0640 
12.2877 8.0000 254.8843 0.0000 0.1326 -0.4910 0.0000 0.0000 129.6441 0.0640 
12.3910 10.0000 258.5474 0.0000 0.1308 -0.4827 0.0000 0.0000 129.5294 0.0640 
12.4528 10.0000 259.3702 0.0000 0.1315 -0.4866 0.0000 0.0000 127.2516 0.0640 
12.4242 10.0000 258.5644 0.0000 0.1303 -0.4812 0.0000 0.0000 128.1586 0.0640 
12.3214 10.0000 256.0922 0.0000 0.1319 -0.4839 0.0000 0.0000 121.8352 0.0640 
12.3431 10.0000 255.6921 0.0000 0.1304 -0.4845 0.0000 0.0000 125.8107 0.0640 
12.3419 10.0000 256.1493 0.0000 0.1323 -0.4832 0.0000 0.0000 129.8977 0.0640 
12.3789 10.0000 258.6745 0.0000 0.1323 -0.4848 0.0000 0.0000 84.6258 0.0636 
12.2242 5.0000 254.3790 0.0000 0.1329 -0.4818 0.0000 0.0000 134.8016 0.0705 
12.3219 9.0000 256.3071 0.0000 0.1321 -0.4877 0.0000 0.0000 116.1681 0.0705 
12.5606 10.0000 262.7582 0.0000 0.1305 -0.4848 0.0000 0.0000 115.5889 0.0636 
12.3405 10.0000 256.4500 0.0000 0.1326 -0.4899 0.0000 0.0000 129.0260 0.0636 
12.5091 10.0000 261.0663 0.0000 0.1299 -0.4692 0.0000 0.0000 121.3063 0.0705 
12.3877 10.0000 256.9742 0.0000 0.1309 -0.4784 0.0000 0.0000 125.9368 0.0636 
12.4723 10.0000 260.8530 0.0000 0.1286 -0.4838 0.0000 0.0000 119.8290 0.0636 
12.4058 10.0000 258.5076 0.0000 0.1333 -0.4824 0.0000 0.0000 113.7230 0.0599 
12.4066 10.0000 257.9162 0.0000 0.1331 -0.4847 0.0000 0.0000 114.5270 0.0636 
12.4118 10.0000 260.5439 0.0000 0.1305 -0.4898 0.0000 0.0000 112.9056 0.0705 
12.3662 10.0000 257.6770 0.0000 0.1330 -0.4837 0.0000 0.0000 49.6698 0.0638 
12.5600 10.0000 266.2628 0.0000 0.1311 -0.4962 0.0000 0.0000 73.2949 0.0638 
12.3137 8.0000 257.6638 0.0000 0.1324 -0.4851 0.0000 0.0000 113.5400 0.0677 
12.4299 4.0000 259.7090 0.0000 0.1320 -0.4848 0.0000 0.0000 114.4456 0.0677 
12.5428 9.0000 263.9690 0.0000 0.1291 -0.4796 0.0000 0.0000 112.4935 0.0677 
12.3746 10.0000 255.1146 0.0000 0.1323 -0.4816 0.0000 0.0000 124.1224 0.0656 
12.4071 10.0000 258.3252 0.0000 0.1317 -0.4763 0.0000 0.0000 116.5086 0.0677 
12.3775 9.0000 256.1899 0.0000 0.1304 -0.4778 0.0000 0.0000 110.4872 0.0656 
12.4443 10.0000 260.4438 0.0000 0.1320 -0.4856 0.0000 0.0000 118.7730 0.0685 
12.3082 10.0000 255.8500 0.0000 0.1301 -0.4710 0.0000 0.0000 112.8543 0.0656 
12.4264 10.0000 257.9926 0.0000 0.1315 -0.4848 0.0000 0.0000 92.5234 0.0656 
12.2754 10.0000 255.0862 0.0000 0.1323 -0.4911 0.0000 0.0000 37.5258 0.0677 
12.3388 5.0000 257.7748 0.0000 0.1343 -0.4782 0.0000 0.0000 28.9079 0.0597 
12.4939 10.0000 263.4986 0.0000 0.1317 -0.4803 0.0000 0.0000 38.4303 0.0686 
12.3259 7.0000 257.4875 0.0000 0.1346 -0.4820 0.0000 0.0000 79.6076 0.0628 
12.3286 10.0000 256.3258 0.0000 0.1321 -0.4892 0.0000 0.0000 97.2653 0.0690 
12.3538 10.0000 260.2666 0.0000 0.1320 -0.4870 0.0000 0.0000 103.0300 0.0690 
12.5161 10.0000 260.9657 0.0000 0.1291 -0.4811 0.0000 0.0000 112.1984 0.0677 
12.3809 6.0000 257.8869 0.0000 0.1307 -0.4870 0.0000 0.0000 110.9866 0.0669 
12.3253 5.0000 258.0144 0.0000 0.1299 -0.4852 0.0000 0.0000 104.7050 0.0670 
12.2762 10.0000 255.9597 0.0000 0.1281 -0.4801 0.0000 0.0000 97.6463 0.0690 
12.4788 6.0000 261.0409 0.0000 0.1300 -0.4807 0.0000 0.0000 72.0101 0.0690 
12.3586 10.0000 258.7014 0.0000 0.1315 -0.4845 0.0000 0.0000 29.2440 0.0567 
12.3244 10.0000 256.5145 0.0000 0.1328 -0.4751 0.0000 0.0000 28.6216 0.0744 
12.3866 9.0000 259.3466 0.0000 0.1326 -0.4916 0.0000 0.0000 49.7521 0.0744 
12.3154 10.0000 255.5573 0.0000 0.1327 -0.4799 0.0000 0.0000 52.0002 0.0744 
12.3643 10.0000 258.5223 0.0000 0.1335 -0.4772 0.0000 0.0000 28.2198 0.0744 
12.4789 10.0000 263.2583 0.0000 0.1323 -0.4843 0.0000 0.0000 23.1464 0.0566 
12.2874 9.0000 256.5815 0.0000 0.1326 -0.4879 0.0000 0.0000 30.3358 0.0715 
12.3678 10.0000 259.1292 0.0000 0.1329 -0.4879 0.0000 0.0000 49.1257 0.0676 
12.2606 10.0000 255.8134 0.0000 0.1329 -0.4818 0.0000 0.0000 52.6228 0.0676 
12.3065 10.0000 253.9389 0.0000 0.1331 -0.4751 0.0000 0.0000 49.8586 0.0676 
12.4820 9.0000 260.5290 0.0000 0.1308 -0.4874 0.0000 0.0000 42.2624 0.0676 
12.2898 7.0000 256.0311 0.0000 0.1339 -0.4878 0.0000 0.0000 16.4045 0.0568 
12.4661 10.0000 262.2876 0.0000 0.1319 -0.4854 0.0000 0.0000 51.5790 0.0661 
12.1650 10.0000 250.0356 0.0000 0.1353 -0.4742 0.0000 0.0000 38.6284 0.0658 
12.4117 3.0000 259.4821 0.0000 0.1320 -0.4871 0.0000 0.0000 57.9763 0.0568 
12.5988 10.0000 265.6308 0.0000 0.1310 -0.4799 0.0000 0.0000 42.1465 0.0660 
12.2738 10.0000 254.3933 0.0000 0.1327 -0.4810 0.0000 0.0000 31.4761 0.0660 
12.4266 3.0000 260.3952 0.0000 0.1316 -0.4855 0.0000 0.0000 29.4912 0.0708 
12.3890 10.0000 259.1612 0.0000 0.1332 -0.4876 0.0000 0.0000 70.7226 0.0653 
12.3033 9.0000 258.0537 0.0000 0.1339 -0.4907 0.0000 0.0000 59.6062 0.0707 
12.3892 10.0000 258.0440 0.0000 0.1331 -0.4859 0.0000 0.0000 76.9734 0.0670 
12.5521 10.0000 265.0238 0.0000 0.1300 -0.4835 0.0000 0.0000 69.2616 0.0656 
12.3512 9.0000 258.0630 0.0000 0.1317 -0.4908 0.0000 0.0000 35.6534 0.0699 
12.4522 10.0000 260.6078 0.0000 0.1342 -0.4865 0.0000 0.0000 36.1932 0.0595 
12.3054 10.0000 254.9016 0.0000 0.1330 -0.4865 0.0000 0.0000 29.6004 0.0716 
12.4574 10.0000 260.7734 0.0000 0.1326 -0.4932 0.0000 0.0000 31.0960 0.0652 
12.2970 10.0000 255.5686 0.0000 0.1320 -0.4892 0.0000 0.0000 36.3843 0.0619 
12.2153 5.0000 253.8362 0.0000 0.1336 -0.4826 0.0000 0.0000 37.3158 0.0619 
12.2629 10.0000 252.5088 0.0000 0.1328 -0.4752 0.0000 0.0000 27.7133 0.0684 
12.2738 10.0000 254.6592 0.0000 0.1317 -0.4794 0.0000 0.0000 32.3351 0.0723 
12.3290 10.0000 256.1895 0.0000 0.1321 -0.4785 0.0000 0.0000 30.7643 0.0723 
12.3393 7.0000 257.2760 0.0000 0.1319 -0.4827 0.0000 0.0000 31.7622 0.0726 
12.4061 10.0000 259.9842 0.0000 0.1318 -0.4865 0.0000 0.0000 28.8802 0.0679 
12.4574 10.0000 262.1143 0.0000 0.1326 -0.4884 0.0000 0.0000 34.2443 0.0687 
12.4278 10.0000 261.7767 0.0000 0.1329 -0.4924 0.0000 0.0000 34.8900 0.0702 
12.3182 9.0000 256.2105 0.0000 0.1324 -0.4818 0.0000 0.0000 33.0920 0.0645 
12.3839 10.0000 258.6021 0.0000 0.1318 -0.4870 0.0000 0.0000 30.6716 0.0669 
12.4181 8.0000 261.5385 0.0000 0.1332 -0.4850 0.0000 0.0000 34.0475 0.0664 
12.3398 9.0000 257.6469 0.0000 0.1349 -0.4848 0.0000 0.0000 34.8175 0.0664 
12.4106 10.0000 260.2027 0.0000 0.1327 -0.4820 0.0000 0.0000 35.0817 0.0690 
12.2864 10.0000 256.9193 0.0000 0.1328 -0.4873 0.0000 0.0000 35.1600 0.0684 
12.2927 10.0000 256.5434 0.0000 0.1346 -0.4881 0.0000 0.0000 38.5834 0.0684 
12.4053 10.0000 261.2094 0.0000 0.1326 -0.4811 0.0000 0.0000 31.1006 0.0700 
12.4126 10.0000 259.5059 0.0000 0.1325 -0.4837 0.0000 0.0000 27.8962 0.0634 
12.2763 10.0000 255.5779 0.0000 0.1310 -0.4834 0.0000 0.0000 34.2598 0.0629 
12.5198 10.0000 262.7038 0.0000 0.1322 -0.4875 0.0000 0.0000 32.7454 0.0682 
12.3149 10.0000 256.5404 0.0000 0.1324 -0.4870 0.0000 0.0000 30.0480 0.0682 
12.3518 10.0000 258.3816 0.0000 0.1317 -0.4841 0.0000 0.0000 34.0287 0.0682 
12.3691 10.0000 258.3462 0.0000 0.1337 -0.4847 0.0000 0.0000 42.1065 0.0682 
12.3342 10.0000 258.0443 0.0000 0.1338 -0.4836 0.0000 0.0000 41.3274 0.0682 
12.4334 10.0000 261.6049 0.0000 0.1315 -0.4883 0.0000 0.0000 30.9945 0.0682 
12.1748 10.0000 252.5446 0.0000 0.1331 -0.4742 0.0000 0.0000 45.7252 0.0682 
12.2829 10.0000 255.2390 0.0000 0.1332 -0.4757 0.0000 0.0000 37.9264 0.0682 
12.3854 5.0000 258.2333 0.0000 0.1321 -0.4836 0.0000 0.0000 32.7978 0.0682 
12.5294 10.0000 263.4582 0.0000 0.1323 -0.4905 0.0000 0.0000 30.6318 0.0682 
12.2807 6.0000 254.6964 0.0000 0.1324 -0.4871 0.0000 0.0000 26.3930 0.0682 
