12.3802 9.0000 262.9984 0.0507 0.0176 -0.2375 0.0000 0.0000 1989.1720 0.0666 
12.4124 10.0000 265.2382 0.0509 0.0175 -0.2379 0.0000 0.0000 2186.7560 0.0704 
12.3643 10.0000 262.9876 0.0512 0.0175 -0.2368 0.0000 0.0000 2138.4721 0.0629 
12.3758 10.0000 262.6603 0.0498 0.0173 -0.2359 0.0000 0.0000 2082.2917 0.0627 
12.4585 2.0000 266.5086 0.0501 0.0173 -0.2378 0.0000 0.0000 2141.7142 0.0629 
12.3205 10.0000 261.8050 0.0511 0.0175 -0.2359 0.0000 0.0000 2191.9125 0.0704 
12.3651 10.0000 262.0057 0.0498 0.0172 -0.2336 0.0000 0.0000 2022.1918 0.0640 
12.3785 10.0000 263.7241 0.0513 0.0177 -0.2380 0.0000 0.0000 2102.4685 0.0667 
12.4178 10.0000 263.3019 0.0495 0.0174 -0.2354 0.0000 0.0000 2028.0212 0.0612 
12.3852 10.0000 263.1216 0.0502 0.0174 -0.2369 0.0000 0.0000 2107.9553 0.0658 
12.4202 7.0000 264.8427 0.0495 0.0173 -0.2355 0.0000 0.0000 2121.4709 0.0632 
12.4076 8.0000 263.5305 0.0497 0.0171 -0.2378 0.0000 0.0000 2020.0953 0.0598 
12.3243 10.0000 262.1575 0.0499 0.0172 -0.2334 0.0000 0.0000 2145.1489 0.0660 
12.3427 10.0000 261.2791 0.0499 0.0173 -0.2328 0.0000 0.0000 2081.8384 0.0646 
12.3621 10.0000 263.2876 0.0501 0.0173 -0.2362 0.0000 0.0000 2087.3361 0.0660 
12.3812 10.0000 261.8553 0.0502 0.0173 -0.2374 0.0000 0.0000 2084.1339 0.0612 
12.3652 10.0000 262.2742 0.0500 0.0172 -0.2356 0.0000 0.0000 2120.7623 0.0654 
12.4065 10.0000 263.6961 0.0498 0.0173 -0.2359 0.0000 0.0000 2068.6108 0.0612 
12.3897 7.0000 263.2955 0.0498 0.0172 -0.2364 0.0000 0.0000 2067.1539 0.0634 
12.4134 9.0000 264.2054 0.0500 0.0173 -0.2349 0.0000 0.0000 2104.0417 0.0618 
12.3895 10.0000 263.7767 0.0502 0.0174 -0.2355 0.0000 0.0000 2112.0705 0.0653 
12.4196 10.0000 263.7275 0.0498 0.0174 -0.2351 0.0000 0.0000 2078.1382 0.0617 
12.3742 10.0000 262.6433 0.0492 0.0173 -0.2316 0.0000 0.0000 1997.9143 0.0616 
12.4228 10.0000 264.8280 0.0495 0.0172 -0.2359 0.0000 0.0000 2039.9679 0.0618 
12.3340 10.0000 261.2678 0.0496 0.0172 -0.2325 0.0000 0.0000 2094.2648 0.0643 
12.3965 10.0000 264.2347 0.0501 0.0173 -0.2355 0.0000 0.0000 2101.4700 0.0654 
12.3456 10.0000 261.2305 0.0494 0.0174 -0.2325 0.0000 0.0000 2179.8203 0.0624 
12.3991 8.0000 263.5484 0.0501 0.0172 -0.2381 0.0000 0.0000 2236.8483 0.0635 
12.3840 5.0000 264.3044 0.0502 0.0174 -0.2347 0.0000 0.0000 2084.4998 0.0658 
12.4904 10.0000 266.6974 0.0495 0.0172 -0.2355 0.0000 0.0000 2134.2414 0.0624 
12.3974 8.0000 262.9067 0.0495 0.0172 -0.2344 0.0000 0.0000 2084.9848 0.0610 
12.4267 10.0000 262.4822 0.0485 0.0170 -0.2333 0.0000 0.0000 2113.9257 0.0582 
12.4581 10.0000 265.7515 0.0495 0.0173 -0.2358 0.0000 0.0000 2047.5819 0.0607 
12.3630 8.0000 262.4432 0.0496 0.0171 -0.2340 0.0000 0.0000 2089.5556 0.0633 
12.4705 10.0000 264.8003 0.0484 0.0170 -0.2364 0.0000 0.0000 2112.9550 0.0572 
12.4544 10.0000 264.5605 0.0494 0.0173 -0.2378 0.0000 0.0000 2126.0932 0.0619 
12.4071 3.0000 263.3356 0.0496 0.0174 -0.2355 0.0000 0.0000 2126.6460 0.0630 
12.4293 10.0000 263.7855 0.0494 0.0171 -0.2348 0.0000 0.0000 2145.9568 0.0614 
12.3742 10.0000 262.5797 0.0493 0.0172 -0.2358 0.0000 0.0000 2084.6733 0.0624 
12.4607 10.0000 263.6635 0.0485 0.0171 -0.2344 0.0000 0.0000 2065.9129 0.0624 
12.4302 10.0000 263.8968 0.0496 0.0172 -0.2375 0.0000 0.0000 2110.6871 0.0605 
12.3821 10.0000 262.5549 0.0495 0.0173 -0.2354 0.0000 0.0000 2059.8217 0.0602 
12.3802 10.0000 263.8682 0.0499 0.0174 -0.2335 0.0000 0.0000 2114.3567 0.0652 
12.4261 7.0000 263.1665 0.0490 0.0172 -0.2356 0.0000 0.0000 2080.6123 0.0593 
12.4090 10.0000 264.0974 0.0491 0.0171 -0.2338 0.0000 0.0000 2134.0769 0.0611 
12.4005 10.0000 261.0870 0.0489 0.0170 -0.2337 0.0000 0.0000 2064.8934 0.0570 
12.4117 10.0000 263.6951 0.0495 0.0171 -0.2360 0.0000 0.0000 2141.3462 0.0633 
12.3529 10.0000 261.6589 0.0492 0.0171 -0.2343 0.0000 0.0000 2064.7937 0.0616 
12.3050 10.0000 259.2100 0.0487 0.0171 -0.2316 0.0000 0.0000 2056.5048 0.0616 
12.3983 7.0000 263.8723 0.0498 0.0172 -0.2346 0.0000 0.0000 2080.9690 0.0639 
12.4059 10.0000 263.4178 0.0497 0.0174 -0.2356 0.0000 0.0000 2118.9542 0.0591 
12.3392 5.0000 260.3996 0.0493 0.0172 -0.2359 0.0000 0.0000 2047.5058 0.0625 
12.3893 8.0000 263.0982 0.0499 0.0174 -0.2343 0.0000 0.0000 2093.8803 0.0639 
12.3478 10.0000 263.6029 0.0508 0.0174 -0.2362 0.0000 0.0000 2078.3612 0.0700 
12.4204 10.0000 263.8134 0.0501 0.0174 -0.2371 0.0000 0.0000 2097.8801 0.0628 
12.4168 6.0000 263.3169 0.0495 0.0171 -0.2348 0.0000 0.0000 2060.2098 0.0584 
12.3829 4.0000 262.6856 0.0494 0.0171 -0.2352 0.0000 0.0000 2103.5147 0.0619 
12.3557 10.0000 261.7761 0.0504 0.0173 -0.2368 0.0000 0.0000 2123.1364 0.0634 
12.3747 10.0000 263.3361 0.0512 0.0175 -0.2377 0.0000 0.0000 2137.5081 0.0661 
12.2581 10.0000 259.3998 0.0510 0.0174 -0.2343 0.0000 0.0000 2178.9287 0.0687 
12.4004 10.0000 263.6119 0.0500 0.0173 -0.2369 0.0000 0.0000 2099.7331 0.0605 
12.4026 9.0000 264.5300 0.0507 0.0173 -0.2373 0.0000 0.0000 2155.0468 0.0656 
12.4581 6.0000 264.7689 0.0500 0.0175 -0.2345 0.0000 0.0000 2054.5392 0.0661 
12.4044 8.0000 264.4923 0.0504 0.0175 -0.2365 0.0000 0.0000 2116.2959 0.0656 
12.4061 9.0000 263.0920 0.0492 0.0172 -0.2349 0.0000 0.0000 2129.7013 0.0606 
12.3999 10.0000 262.2475 0.0491 0.0173 -0.2351 0.0000 0.0000 2174.3973 0.0621 
12.4447 9.0000 264.1602 0.0495 0.0171 -0.2369 0.0000 0.0000 2021.8388 0.0593 
12.4393 10.0000 263.6893 0.0488 0.0171 -0.2346 0.0000 0.0000 2064.0598 0.0602 
12.3552 10.0000 263.1359 0.0501 0.0171 -0.2352 0.0000 0.0000 2144.5985 0.0646 
12.3747 10.0000 263.2082 0.0498 0.0172 -0.2351 0.0000 0.0000 2074.0072 0.0648 
12.4215 10.0000 263.8212 0.0498 0.0173 -0.2351 0.0000 0.0000 2098.6203 0.0585 
12.4307 6.0000 263.9760 0.0489 0.0172 -0.2333 0.0000 0.0000 2099.7409 0.0585 
12.4073 10.0000 263.6773 0.0495 0.0172 -0.2342 0.0000 0.0000 2139.2643 0.0608 
12.4115 10.0000 264.5851 0.0501 0.0173 -0.2353 0.0000 0.0000 2143.6780 0.0661 
12.3193 10.0000 259.8718 0.0487 0.0170 -0.2320 0.0000 0.0000 2117.5341 0.0608 
12.3968 8.0000 261.7836 0.0486 0.0170 -0.2325 0.0000 0.0000 2075.2052 0.0582 
12.3955 10.0000 261.4420 0.0494 0.0173 -0.2369 0.0000 0.0000 2145.2767 0.0590 
12.4532 10.0000 264.3357 0.0488 0.0172 -0.2361 0.0000 0.0000 2072.5948 0.0607 
12.4659 10.0000 264.1557 0.0491 0.0171 -0.2353 0.0000 0.0000 2028.3876 0.0576 
12.3798 10.0000 265.3989 0.0512 0.0173 -0.2347 0.0000 0.0000 2072.6049 0.0674 
12.3902 8.0000 263.2684 0.0490 0.0173 -0.2325 0.0000 0.0000 2081.9771 0.0629 
12.3926 10.0000 262.8022 0.0494 0.0173 -0.2351 0.0000 0.0000 2155.1650 0.0638 
12.4523 10.0000 264.9977 0.0489 0.0171 -0.2370 0.0000 0.0000 2041.7674 0.0595 
12.3418 5.0000 261.9009 0.0493 0.0172 -0.2339 0.0000 0.0000 2111.4233 0.0591 
12.2861 10.0000 259.1519 0.0496 0.0172 -0.2316 0.0000 0.0000 2032.0264 0.0652 
12.4116 7.0000 265.3034 0.0508 0.0175 -0.2375 0.0000 0.0000 2182.2725 0.0657 
12.4519 10.0000 264.8892 0.0498 0.0173 -0.2370 0.0000 0.0000 2073.2321 0.0591 
12.4151 10.0000 262.9262 0.0495 0.0174 -0.2352 0.0000 0.0000 2092.2606 0.0619 
12.4635 10.0000 265.4215 0.0493 0.0170 -0.2371 0.0000 0.0000 2049.0150 0.0601 
12.2922 7.0000 260.0048 0.0499 0.0172 -0.2340 0.0000 0.0000 2115.3225 0.0690 
12.3663 6.0000 262.8025 0.0501 0.0172 -0.2354 0.0000 0.0000 2120.7672 0.0599 
12.3589 10.0000 262.8020 0.0502 0.0173 -0.2340 0.0000 0.0000 2075.8357 0.0662 
12.4052 10.0000 262.2513 0.0488 0.0171 -0.2334 0.0000 0.0000 2086.6014 0.0599 
12.3514 6.0000 262.5468 0.0509 0.0173 -0.2359 0.0000 0.0000 2063.0544 0.0649 
12.4101 10.0000 264.1832 0.0507 0.0173 -0.2366 0.0000 0.0000 2018.1289 0.0647 
12.4093 10.0000 264.2205 0.0496 0.0172 -0.2351 0.0000 0.0000 2010.6736 0.0639 
12.3683 10.0000 263.6430 0.0511 0.0175 -0.2359 0.0000 0.0000 2003.4142 0.0639 
12.4663 10.0000 264.4426 0.0487 0.0171 -0.2382 0.0000 0.0000 1925.4770 0.0571 
12.3270 8.0000 260.6474 0.0497 0.0172 -0.2362 0.0000 0.0000 1897.1884 0.0647 
12.3830 10.0000 263.1143 0.0497 0.0173 -0.2344 0.0000 0.0000 484.6999 0.0642 
