12.4573 10.0000 261.8272 0.3320 0.1694 -0.5084 0.0000 0.0000 11.5641 0.0792 
12.6067 10.0000 263.3469 0.3253 0.1738 -0.4964 0.0000 0.0000 9.8237 0.0665 
12.1707 10.0000 252.9936 0.3335 0.1729 -0.4817 0.0000 0.0000 12.1291 0.0665 
12.4104 8.0000 261.3776 0.3340 0.1721 -0.4976 0.0000 0.0000 10.7219 0.0733 
12.3971 10.0000 259.7797 0.3307 0.1723 -0.4897 0.0000 0.0000 11.4687 0.0665 
12.6205 10.0000 264.4440 0.3302 0.1725 -0.5168 0.0000 0.0000 11.5601 0.0665 
12.2365 10.0000 254.9077 0.3268 0.1687 -0.4805 0.0000 0.0000 12.3017 0.0665 
12.4027 9.0000 256.0915 0.3266 0.1720 -0.4951 0.0000 0.0000 11.0221 0.0648 
12.5667 8.0000 263.7584 0.3342 0.1737 -0.5138 0.0000 0.0000 12.1777 0.0665 
12.3715 10.0000 258.2776 0.3296 0.1729 -0.4907 0.0000 0.0000 12.2983 0.0665 
12.3128 10.0000 256.0683 0.3298 0.1723 -0.4890 0.0000 0.0000 12.2571 0.0747 
12.2477 10.0000 251.8909 0.3340 0.1751 -0.4993 0.0000 0.0000 1.3200 0.0566 
12.2064 10.0000 251.9867 0.3336 0.1741 -0.4867 0.0000 0.0000 1.3173 0.0718 
12.5320 5.0000 263.5029 0.3349 0.1740 -0.5092 0.0000 0.0000 1.6754 0.0795 
12.4371 6.0000 261.1632 0.3323 0.1726 -0.5027 0.0000 0.0000 1.7576 0.0585 
12.3059 10.0000 254.9389 0.3320 0.1736 -0.4936 0.0000 0.0000 1.8019 0.0720 
12.5411 10.0000 261.5024 0.3360 0.1764 -0.5110 0.0000 0.0000 6.2790 0.0696 
12.5067 10.0000 262.6256 0.3317 0.1737 -0.5017 0.0000 0.0000 7.2474 0.0631 
12.1613 10.0000 246.7315 0.3266 0.1761 -0.4767 0.0000 0.0000 9.7970 0.0657 
12.2133 10.0000 249.3880 0.3261 0.1732 -0.4846 0.0000 0.0000 9.5758 0.0566 
12.1560 10.0000 251.7544 0.3393 0.1740 -0.5053 0.0000 0.0000 8.2988 0.0631 
12.4069 10.0000 254.1680 0.3174 0.1723 -0.4764 0.0000 0.0000 7.0735 0.0621 
12.4264 10.0000 261.7968 0.3306 0.1730 -0.4903 0.0000 0.0000 1.3180 0.0586 
12.1928 5.0000 254.1051 0.3399 0.1754 -0.4957 0.0000 0.0000 1.7598 0.0784 
12.4059 7.0000 260.3653 0.3339 0.1695 -0.5105 0.0000 0.0000 1.6301 0.0674 
12.4875 10.0000 259.2115 0.3332 0.1781 -0.4955 0.0000 0.0000 1.3606 0.0644 
12.3272 10.0000 255.7053 0.3252 0.1695 -0.4923 0.0000 0.0000 1.6707 0.0623 
12.4547 10.0000 261.7504 0.3366 0.1760 -0.5075 0.0000 0.0000 1.7205 0.0725 
12.1507 10.0000 250.0027 0.3343 0.1768 -0.4907 0.0000 0.0000 1.2333 0.0753 
12.2387 10.0000 254.3525 0.3389 0.1760 -0.4955 0.0000 0.0000 2.0128 0.0669 
12.3539 7.0000 256.5840 0.3316 0.1736 -0.4960 0.0000 0.0000 2.3306 0.0725 
12.6053 4.0000 265.0739 0.3382 0.1754 -0.5266 0.0000 0.0000 4.1338 0.0725 
12.3237 10.0000 254.1851 0.3294 0.1724 -0.4906 0.0000 0.0000 3.6946 0.0634 
12.1392 10.0000 249.2155 0.3350 0.1745 -0.4906 0.0000 0.0000 1.8006 0.0563 
12.5171 10.0000 264.8539 0.3351 0.1762 -0.4948 0.0000 0.0000 1.2770 0.0694 
12.4261 10.0000 259.6349 0.3329 0.1701 -0.5103 0.0000 0.0000 1.7413 0.0616 
12.1965 10.0000 250.5875 0.3441 0.1779 -0.5069 0.0000 0.0000 1.8026 0.0797 
12.4320 5.0000 259.3459 0.3369 0.1753 -0.5076 0.0000 0.0000 1.7138 0.0671 
12.3851 10.0000 258.7696 0.3339 0.1736 -0.4983 0.0000 0.0000 1.3135 0.0661 
12.2979 10.0000 258.2419 0.3397 0.1749 -0.5020 0.0000 0.0000 1.7601 0.0623 
12.3323 8.0000 256.1568 0.3332 0.1753 -0.4901 0.0000 0.0000 1.8086 0.0623 
12.3424 10.0000 255.6059 0.3315 0.1727 -0.5069 0.0000 0.0000 4.8860 0.0573 
12.1627 10.0000 256.3936 0.3505 0.1767 -0.5068 0.0000 0.0000 5.0540 0.0573 
12.2520 10.0000 252.4165 0.3318 0.1776 -0.4764 0.0000 0.0000 4.2212 0.0573 
12.2437 5.0000 256.0291 0.3356 0.1757 -0.4869 0.0000 0.0000 1.7582 0.0684 
12.3661 10.0000 257.8675 0.3331 0.1744 -0.4995 0.0000 0.0000 1.3177 0.0775 
12.3261 10.0000 256.0648 0.3357 0.1776 -0.4959 0.0000 0.0000 1.2755 0.0573 
12.3301 10.0000 259.6829 0.3427 0.1800 -0.4866 0.0000 0.0000 1.8456 0.0646 
12.5261 6.0000 265.1832 0.3412 0.1747 -0.5171 0.0000 0.0000 1.8435 0.0686 
12.4221 8.0000 261.5795 0.3344 0.1738 -0.5017 0.0000 0.0000 1.7594 0.0686 
12.3347 10.0000 256.8427 0.3333 0.1712 -0.5056 0.0000 0.0000 1.7589 0.0743 
12.5072 10.0000 262.8077 0.3278 0.1673 -0.5149 0.0000 0.0000 1.7147 0.0733 
12.1115 10.0000 253.3467 0.3463 0.1762 -0.5046 0.0000 0.0000 6.1125 0.0735 
12.2320 10.0000 252.9637 0.3254 0.1706 -0.4797 0.0000 0.0000 5.8445 0.0661 
12.2893 10.0000 257.9989 0.3366 0.1758 -0.4854 0.0000 0.0000 6.6416 0.0735 
12.5811 10.0000 262.7171 0.3273 0.1762 -0.4897 0.0000 0.0000 2.9007 0.0630 
12.2235 10.0000 250.7456 0.3306 0.1746 -0.4879 0.0000 0.0000 2.7725 0.0733 
12.4104 10.0000 260.2547 0.3326 0.1717 -0.5013 0.0000 0.0000 1.8016 0.0735 
12.4373 8.0000 261.4189 0.3421 0.1758 -0.5111 0.0000 0.0000 1.3182 0.0643 
12.1741 10.0000 251.7749 0.3338 0.1743 -0.4891 0.0000 0.0000 1.7605 0.0714 
12.4139 8.0000 260.3069 0.3440 0.1758 -0.5150 0.0000 0.0000 2.8989 0.0656 
12.4267 10.0000 261.0360 0.3326 0.1770 -0.4840 0.0000 0.0000 2.7265 0.0656 
12.1829 10.0000 252.3339 0.3384 0.1752 -0.4935 0.0000 0.0000 1.3196 0.0827 
12.2192 7.0000 255.0387 0.3369 0.1734 -0.4997 0.0000 0.0000 1.8016 0.0779 
12.0075 6.0000 245.0685 0.3315 0.1724 -0.4820 0.0000 0.0000 3.3397 0.0660 
12.2760 9.0000 256.8200 0.3447 0.1769 -0.5063 0.0000 0.0000 3.1674 0.0627 
12.4256 10.0000 261.2360 0.3413 0.1777 -0.5059 0.0000 0.0000 2.8580 0.0653 
12.2032 7.0000 250.9709 0.3321 0.1751 -0.4829 0.0000 0.0000 3.1631 0.0676 
12.4995 10.0000 262.5200 0.3284 0.1744 -0.4882 0.0000 0.0000 2.0246 0.0809 
12.4512 9.0000 263.7085 0.3412 0.1766 -0.5064 0.0000 0.0000 1.4471 0.0631 
12.2008 9.0000 252.5667 0.3361 0.1785 -0.4741 0.0000 0.0000 1.9338 0.0751 
12.2525 9.0000 252.8699 0.3372 0.1750 -0.5009 0.0000 0.0000 1.8068 0.0688 
12.3899 10.0000 259.8563 0.3405 0.1772 -0.5095 0.0000 0.0000 1.8462 0.0691 
12.2867 10.0000 253.2435 0.3423 0.1805 -0.5012 0.0000 0.0000 4.6161 0.0629 
12.3051 10.0000 256.3923 0.3363 0.1750 -0.4990 0.0000 0.0000 4.4393 0.0600 
12.3397 10.0000 258.7912 0.3426 0.1750 -0.5108 0.0000 0.0000 1.3641 0.0595 
12.2555 10.0000 253.6104 0.3296 0.1758 -0.4781 0.0000 0.0000 1.7960 0.0743 
12.2693 10.0000 251.9632 0.3355 0.1766 -0.5048 0.0000 0.0000 1.8050 0.0628 
12.0872 10.0000 250.9808 0.3392 0.1781 -0.4806 0.0000 0.0000 1.9325 0.0732 
12.5251 10.0000 262.5157 0.3318 0.1742 -0.5003 0.0000 0.0000 1.8509 0.0625 
12.3112 10.0000 255.2469 0.3301 0.1748 -0.4909 0.0000 0.0000 1.7621 0.0847 
12.1992 10.0000 254.3635 0.3420 0.1755 -0.5043 0.0000 0.0000 1.3617 0.0628 
12.2392 10.0000 251.8651 0.3255 0.1692 -0.4952 0.0000 0.0000 1.8483 0.0655 
12.2419 9.0000 253.2917 0.3314 0.1743 -0.4860 0.0000 0.0000 2.2134 0.0692 
12.4701 10.0000 261.7072 0.3359 0.1754 -0.5064 0.0000 0.0000 1.7568 0.0569 
12.2040 6.0000 250.4624 0.3333 0.1808 -0.4738 0.0000 0.0000 1.8423 0.0637 
12.3749 10.0000 259.9571 0.3357 0.1778 -0.4863 0.0000 0.0000 1.9325 0.0661 
12.4701 10.0000 262.9589 0.3281 0.1711 -0.4869 0.0000 0.0000 1.8032 0.0629 
12.4744 10.0000 262.0008 0.3380 0.1734 -0.5162 0.0000 0.0000 1.9785 0.0619 
12.3333 10.0000 259.5296 0.3462 0.1758 -0.5139 0.0000 0.0000 1.3654 0.0765 
12.3107 8.0000 256.4107 0.3369 0.1737 -0.5093 0.0000 0.0000 1.8440 0.0629 
12.0344 9.0000 244.6221 0.3420 0.1779 -0.5001 0.0000 0.0000 1.9798 0.0629 
12.4888 6.0000 262.2131 0.3287 0.1723 -0.4966 0.0000 0.0000 1.3642 0.0619 
12.2317 10.0000 252.9539 0.3374 0.1754 -0.4973 0.0000 0.0000 1.8485 0.0629 
12.4853 10.0000 263.0792 0.3295 0.1720 -0.4935 0.0000 0.0000 1.8036 0.0629 
12.3840 10.0000 255.0827 0.3314 0.1743 -0.5049 0.0000 0.0000 1.8426 0.0629 
12.3195 10.0000 257.6651 0.3312 0.1725 -0.4943 0.0000 0.0000 1.8876 0.0629 
12.3763 10.0000 259.9875 0.3445 0.1774 -0.5183 0.0000 0.0000 1.9360 0.0629 
12.5072 10.0000 264.1907 0.3334 0.1729 -0.5034 0.0000 0.0000 1.7915 0.0629 
12.3741 10.0000 258.5261 0.3330 0.1732 -0.5000 0.0000 0.0000 1.6717 0.0629 
