12.0500 4.0000 239.8800 0.3675 0.2158 -0.4597 3.3487 7.0000 0.8124 0.1210 
12.0600 10.0000 256.8000 0.3978 0.2139 -0.4909 3.3163 6.0000 0.6977 0.0916 
12.0420 9.0000 244.3580 0.4014 0.2244 -0.5052 3.3643 6.0000 0.3955 0.0651 
12.5080 10.0000 267.2940 0.3943 0.2159 -0.5228 3.3039 6.0000 0.1371 0.0573 
12.7440 9.0000 270.4740 0.3657 0.2046 -0.5085 3.2409 6.0000 0.3310 0.0791 
12.4100 10.0000 258.3740 0.3826 0.2172 -0.5077 3.3150 6.0000 0.5457 0.0938 
12.1060 10.0000 258.3860 0.4098 0.2207 -0.5021 3.3539 6.0000 0.5715 0.1184 
12.2180 10.0000 252.3480 0.3860 0.2225 -0.4656 3.3312 6.0000 0.2280 0.0589 
11.5060 9.0000 227.9320 0.3665 0.1985 -0.4691 3.3104 6.0000 0.3918 0.0674 
12.1680 10.0000 249.7020 0.3771 0.2157 -0.4588 3.3568 6.0000 0.4255 0.0484 
12.7020 8.0000 275.4520 0.3777 0.2106 -0.4940 3.2495 6.0000 0.5127 0.0664 
12.0840 10.0000 251.4120 0.3787 0.2108 -0.4782 3.3000 6.0000 0.3396 0.0412 
11.9780 8.0000 241.1280 0.3870 0.2120 -0.5135 3.3121 6.0000 0.1773 0.0772 
11.5840 10.0000 238.1640 0.4036 0.2178 -0.4861 3.4348 8.0000 0.2163 0.0918 
12.2940 10.0000 258.9660 0.3825 0.2052 -0.5230 3.2822 6.0000 0.3838 0.0768 
12.3360 10.0000 262.2460 0.3641 0.2094 -0.4408 3.3047 8.0000 0.4535 0.0991 
12.2080 10.0000 254.1400 0.3689 0.2160 -0.4350 3.3075 6.0000 0.3356 0.1167 
12.2100 8.0000 247.2340 0.3715 0.2136 -0.4764 3.3069 7.0000 0.3052 0.0654 
12.2820 6.0000 259.9540 0.3722 0.2111 -0.4490 3.3019 6.0000 0.1770 0.0764 
12.0660 10.0000 236.7920 0.3811 0.2177 -0.5165 3.3363 6.0000 0.3947 0.0608 
12.8680 9.0000 273.9460 0.3847 0.2229 -0.5082 3.2837 6.0000 0.5290 0.0795 
11.7120 10.0000 234.0180 0.3921 0.2232 -0.4715 3.3765 6.0000 0.5722 0.0942 
12.6500 9.0000 264.5780 0.3795 0.2279 -0.4703 3.3464 6.0000 0.4014 0.0692 
12.6760 10.0000 279.7240 0.3918 0.2052 -0.5380 3.2480 6.0000 0.1781 0.0845 
11.5180 6.0000 234.6220 0.3621 0.2015 -0.4228 3.3357 8.0000 0.2658 0.0696 
12.3320 10.0000 259.9220 0.3756 0.2044 -0.5053 3.2499 6.0000 0.3981 0.0718 
12.4900 10.0000 262.4780 0.3894 0.2205 -0.5116 3.3360 6.0000 0.5238 0.1081 
12.2640 11.0000 246.6220 0.3981 0.2283 -0.5296 3.3550 6.0000 0.5211 0.0585 
11.9580 10.0000 240.2340 0.3893 0.2198 -0.5043 3.3921 7.0000 0.1304 0.0796 
12.7160 10.0000 276.0320 0.3618 0.2065 -0.4600 3.2144 6.0000 0.2176 0.0470 
11.5560 10.0000 234.1100 0.3819 0.2111 -0.4432 3.3495 7.0000 0.5077 0.0488 
12.1000 10.0000 258.2660 0.3977 0.2120 -0.4877 3.3019 7.0000 0.3892 0.0703 
11.8480 5.0000 244.5320 0.3764 0.2099 -0.4408 3.3147 7.0000 0.2217 0.0959 
11.7180 10.0000 235.9640 0.3818 0.2116 -0.4759 3.3536 7.0000 0.2656 0.1095 
12.5240 10.0000 263.7260 0.3522 0.2112 -0.4312 3.3066 7.0000 0.0910 0.0953 
11.9300 9.0000 249.6640 0.3735 0.2112 -0.4373 3.3027 6.0000 0.1336 0.0702 
11.9380 10.0000 246.4800 0.4033 0.2206 -0.4970 3.3500 6.0000 0.3144 0.0813 
12.1360 10.0000 247.5920 0.3679 0.2195 -0.4591 3.3640 6.0000 0.3216 0.0491 
12.5020 10.0000 269.3440 0.3814 0.2127 -0.4876 3.2729 6.0000 0.2792 0.0653 
11.4740 10.0000 227.9280 0.3708 0.2091 -0.4389 3.3450 7.0000 0.2834 0.0693 
12.1460 10.0000 247.4040 0.3719 0.2110 -0.4716 3.3057 6.0000 0.3591 0.0913 
12.0360 10.0000 254.0080 0.4025 0.2180 -0.4869 3.3277 7.0000 0.5572 0.0677 
12.3580 11.0000 255.0220 0.3739 0.2133 -0.4793 3.2846 7.0000 0.2795 0.0925 
12.0920 7.0000 250.4800 0.3756 0.2179 -0.4457 3.3356 7.0000 0.2468 0.0885 
11.9120 10.0000 242.7240 0.3740 0.2123 -0.4697 3.3319 6.0000 0.1012 0.0885 
12.0780 10.0000 247.2580 0.3803 0.2087 -0.5011 3.2905 6.0000 0.1597 0.0906 
12.5260 10.0000 267.5720 0.3901 0.2261 -0.4622 3.3280 9.0000 0.8569 0.1210 
12.6520 10.0000 268.9760 0.3652 0.2108 -0.4704 3.2886 6.0000 0.6936 0.0916 
12.3100 10.0000 264.6400 0.3730 0.2049 -0.4649 3.2651 6.0000 0.6190 0.0719 
12.1960 10.0000 251.7460 0.3731 0.2080 -0.4910 3.3089 6.0000 0.1672 0.0797 
11.9120 9.0000 243.3240 0.3674 0.2065 -0.4548 3.2873 6.0000 0.3967 0.0938 
12.2760 10.0000 254.7960 0.3691 0.2093 -0.4713 3.3002 6.0000 0.4661 0.0938 
12.1460 10.0000 253.3120 0.3659 0.2079 -0.4658 3.3002 6.0000 0.5273 0.1184 
12.6760 11.0000 264.4180 0.3579 0.2095 -0.4957 3.2724 6.0000 0.9122 0.0858 
11.8920 10.0000 240.4320 0.3672 0.2058 -0.4686 3.3057 6.0000 0.5953 0.1073 
11.9860 6.0000 242.7240 0.3773 0.2050 -0.4957 3.2895 7.0000 0.4818 0.0911 
12.0560 10.0000 254.1220 0.3945 0.2128 -0.4822 3.3140 7.0000 0.3054 0.0412 
11.6960 10.0000 227.6260 0.3723 0.2101 -0.4887 3.3335 6.0000 0.1730 0.0772 
12.9000 11.0000 268.9840 0.3696 0.2168 -0.5110 3.2855 6.0000 0.2144 0.0869 
12.0120 6.0000 251.6520 0.3903 0.2166 -0.4648 3.3669 6.0000 0.4289 0.0903 
12.5020 10.0000 265.8980 0.3702 0.2148 -0.4550 3.2778 6.0000 0.3449 0.0875 
12.1960 10.0000 257.7660 0.3777 0.2082 -0.4787 3.2726 6.0000 0.4428 0.1064 
12.5540 10.0000 260.6220 0.3606 0.2104 -0.4839 3.2684 6.0000 0.3102 0.0653 
12.0500 3.0000 248.0220 0.3689 0.2096 -0.4666 3.3090 6.0000 0.2210 0.1171 
12.1280 10.0000 247.1780 0.3848 0.2151 -0.5105 3.3338 6.0000 0.1341 0.0820 
11.6680 10.0000 231.5900 0.4060 0.2246 -0.4941 3.4117 8.0000 0.4302 0.0795 
12.0280 5.0000 247.8240 0.3958 0.2187 -0.5053 3.3207 6.0000 0.6164 0.0942 
11.8200 10.0000 247.4880 0.3892 0.2145 -0.4587 3.3522 7.0000 0.5726 0.0677 
11.5280 10.0000 224.6120 0.3868 0.2132 -0.4956 3.3606 6.0000 0.5175 0.0649 
11.5960 10.0000 236.5620 0.3922 0.2117 -0.4692 3.3491 7.0000 0.2201 0.1187 
12.2680 10.0000 251.7620 0.3722 0.2066 -0.5093 3.2935 6.0000 0.1319 0.0954 
12.5300 10.0000 264.3980 0.3737 0.2142 -0.4944 3.3042 6.0000 0.3516 0.0425 
12.1360 10.0000 247.5620 0.3754 0.2123 -0.4850 3.2798 6.0000 0.5247 0.0929 
12.1980 9.0000 248.2180 0.3767 0.2148 -0.4999 3.3227 6.0000 0.5298 0.0768 
12.4820 10.0000 257.3500 0.3633 0.2152 -0.4620 3.3125 6.0000 0.4817 0.0822 
12.6220 9.0000 274.7560 0.4052 0.2228 -0.5146 3.2754 6.0000 0.4802 0.0608 
12.0060 6.0000 249.0100 0.3638 0.2055 -0.4421 3.3198 7.0000 0.1759 0.0857 
12.6440 11.0000 269.9520 0.4136 0.2379 -0.5069 3.3451 6.0000 0.1815 0.0581 
12.2160 10.0000 253.6800 0.3982 0.2309 -0.4727 3.3775 6.0000 0.2622 0.0520 
13.3760 11.0000 298.2200 0.3965 0.2257 -0.5533 3.2479 6.0000 0.3126 0.0671 
11.7660 6.0000 241.3880 0.3829 0.2189 -0.4207 3.3647 9.0000 0.3965 0.0813 
11.9820 10.0000 247.8520 0.3915 0.2144 -0.5094 3.3435 7.0000 0.3645 0.0491 
12.4240 10.0000 259.5620 0.3776 0.2164 -0.4719 3.2823 6.0000 0.2805 0.0653 
11.4460 7.0000 225.8480 0.3739 0.2120 -0.4411 3.3608 7.0000 0.2795 0.0620 
12.0920 10.0000 245.8520 0.3782 0.2147 -0.4805 3.3440 7.0000 0.3209 0.0913 
12.8860 11.0000 276.4840 0.3886 0.2247 -0.4977 3.2948 7.0000 0.4842 0.0677 
11.1900 8.0000 214.2500 0.3884 0.2312 -0.4125 3.4500 7.0000 0.2395 0.0804 
12.6640 10.0000 278.8580 0.3867 0.2147 -0.4886 3.2959 6.0000 0.1075 0.0674 
12.7220 11.0000 264.5340 0.3566 0.2062 -0.4971 3.2466 6.0000 0.2492 0.0885 
12.5220 9.0000 261.9900 0.3723 0.2165 -0.4790 3.2825 7.0000 0.0960 0.0677 
12.1460 10.0000 254.2520 0.4080 0.2173 -0.5252 3.3254 7.0000 0.0847 0.0704 
11.9880 7.0000 246.4060 0.3956 0.2173 -0.5004 3.3334 6.0000 0.0600 0.0784 
11.7060 4.0000 234.9740 0.3803 0.2092 -0.4817 3.3611 8.0000 0.7707 0.1210 
12.3160 10.0000 250.9980 0.3631 0.2079 -0.5147 3.2673 6.0000 0.5705 0.0772 
12.3500 8.0000 270.0100 0.3891 0.2042 -0.4890 3.2522 7.0000 0.1322 0.0888 
12.6700 11.0000 261.2980 0.3836 0.2150 -0.5525 3.2548 6.0000 0.0917 0.0573 
12.2040 7.0000 249.9320 0.3669 0.2139 -0.4399 3.3101 6.0000 0.6412 0.0813 
12.4220 4.0000 258.2420 0.3715 0.2144 -0.4974 3.3314 7.0000 0.3790 0.0876 
12.0940 7.0000 239.6860 0.3832 0.2250 -0.4844 3.3732 7.0000 0.1756 0.0783 
12.2660 10.0000 267.1300 0.3933 0.2184 -0.4680 3.3215 7.0000 0.1757 0.0707 
11.8320 10.0000 241.2440 0.3813 0.2072 -0.4918 3.3504 7.0000 0.7250 0.0858 
12.4180 9.0000 273.1080 0.3931 0.2134 -0.4859 3.2639 6.0000 0.5012 0.1281 
11.4580 9.0000 229.1700 0.4021 0.2203 -0.4852 3.3994 7.0000 0.3063 0.0653 
12.2380 10.0000 256.1840 0.3783 0.2111 -0.4861 3.3321 6.0000 0.1759 0.0466 
11.7740 9.0000 234.7320 0.3929 0.2149 -0.5152 3.3564 6.0000 0.3901 0.0614 
12.0740 10.0000 257.6860 0.3870 0.2167 -0.4420 3.3223 6.0000 0.4350 0.0890 
11.6700 10.0000 226.9220 0.3671 0.2196 -0.4280 3.3691 7.0000 0.4365 0.0875 
11.5720 10.0000 224.3420 0.3734 0.2187 -0.4527 3.4050 7.0000 0.3723 0.0971 
12.2060 10.0000 256.0720 0.3881 0.2157 -0.4977 3.3231 7.0000 0.3084 0.0817 
11.6080 4.0000 233.5440 0.3953 0.2154 -0.4831 3.3484 7.0000 0.2635 0.0288 
12.6560 4.0000 272.8860 0.3861 0.2241 -0.4717 3.3276 7.0000 0.3960 0.1146 
12.1140 10.0000 256.3060 0.4003 0.2087 -0.5338 3.2783 6.0000 0.6089 0.0608 
12.4180 10.0000 276.1860 0.3943 0.2139 -0.4739 3.2574 6.0000 0.6570 0.0795 
11.8720 10.0000 238.9860 0.3705 0.2063 -0.4642 3.3379 7.0000 0.6141 0.0942 
12.2440 10.0000 253.0420 0.3903 0.2185 -0.5192 3.3694 6.0000 0.5313 0.0732 
12.0820 10.0000 246.5080 0.3859 0.2154 -0.5055 3.3106 6.0000 0.2554 0.0964 
12.9200 9.0000 280.8980 0.3799 0.2091 -0.5378 3.2631 6.0000 0.1222 0.0892 
11.9420 10.0000 248.6660 0.3910 0.2104 -0.4945 3.3121 7.0000 0.2201 0.0674 
12.5960 11.0000 263.8060 0.3700 0.2194 -0.4494 3.2940 6.0000 0.5268 0.0830 
11.6340 10.0000 231.0100 0.3885 0.2152 -0.4732 3.3706 7.0000 0.5662 0.0929 
12.3440 11.0000 252.0380 0.3698 0.2059 -0.5031 3.2752 6.0000 0.5630 0.0768 
12.0860 7.0000 247.0840 0.3859 0.2174 -0.4964 3.3121 6.0000 0.5297 0.0854 
12.8500 10.0000 274.8840 0.3769 0.2217 -0.4808 3.2894 7.0000 0.1768 0.0701 
12.3180 9.0000 254.4560 0.3863 0.2137 -0.5064 3.3169 7.0000 0.1322 0.0898 
12.4400 10.0000 261.8920 0.3678 0.2092 -0.4690 3.2714 6.0000 0.1789 0.1081 
11.5000 9.0000 235.0760 0.3871 0.2148 -0.4195 3.3768 7.0000 0.3516 0.0556 
12.5040 6.0000 265.0200 0.3696 0.2103 -0.4804 3.2918 7.0000 0.3995 0.0818 
12.3900 7.0000 262.2340 0.3770 0.2101 -0.4863 3.2863 6.0000 0.4430 0.0852 
12.0940 11.0000 247.6500 0.3864 0.2140 -0.4971 3.3118 6.0000 0.1206 0.0962 
12.0080 10.0000 245.5020 0.3927 0.2184 -0.5042 3.3718 7.0000 0.1562 0.0736 
11.9800 3.0000 242.6680 0.3654 0.2063 -0.4781 3.3144 7.0000 0.1607 0.0763 
11.9200 10.0000 252.9720 0.4153 0.2122 -0.5321 3.3348 7.0000 0.1607 0.0911 
12.5900 8.0000 263.1580 0.3676 0.2124 -0.4885 3.2572 6.0000 0.2398 0.0875 
11.7840 10.0000 236.7940 0.3712 0.2129 -0.4475 3.3652 7.0000 0.4088 0.0799 
11.8220 9.0000 245.1620 0.3881 0.2121 -0.4753 3.3347 7.0000 0.4400 0.0674 
12.1880 10.0000 255.3040 0.3864 0.2109 -0.5061 3.2841 6.0000 0.3581 0.0581 
11.7100 7.0000 244.9820 0.4193 0.2267 -0.5033 3.4258 8.0000 0.2557 0.0746 
11.8420 10.0000 238.5140 0.3931 0.2177 -0.5063 3.3807 8.0000 0.0900 0.0765 
11.7820 10.0000 233.2960 0.3744 0.2158 -0.4579 3.3791 6.0000 0.8619 0.1210 
12.7420 11.0000 276.9460 0.3781 0.2098 -0.5027 3.2592 7.0000 0.7344 0.0916 
12.0880 10.0000 244.0760 0.3833 0.2203 -0.4824 3.3354 6.0000 0.7041 0.0913 
12.1360 10.0000 247.4660 0.3931 0.2168 -0.5324 3.3272 6.0000 0.7995 0.0813 
11.9380 10.0000 251.6700 0.4177 0.2258 -0.5058 3.3899 7.0000 0.5070 0.0876 
12.2680 8.0000 257.3220 0.3732 0.2135 -0.4581 3.3134 6.0000 0.2639 0.0826 
12.7380 9.0000 273.1960 0.3969 0.2240 -0.5299 3.2952 6.0000 0.1742 0.1190 
11.6240 10.0000 241.0460 0.3921 0.2103 -0.4765 3.3665 7.0000 0.5494 0.0858 
12.2340 10.0000 256.6320 0.4013 0.2157 -0.5176 3.3235 8.0000 0.6129 0.1281 
12.4860 9.0000 255.0260 0.3647 0.2086 -0.5131 3.2935 8.0000 0.3453 0.0781 
11.7180 8.0000 233.3740 0.4030 0.2240 -0.4928 3.3654 6.0000 0.1755 0.0782 
11.8660 10.0000 237.1640 0.3854 0.2218 -0.4688 3.3746 7.0000 0.4718 0.0614 
11.7400 10.0000 231.8440 0.3800 0.2116 -0.4864 3.3293 6.0000 0.4252 0.0890 
11.6580 6.0000 240.1980 0.3981 0.2129 -0.4818 3.3517 7.0000 0.3951 0.0875 
11.8380 6.0000 231.5720 0.3655 0.2079 -0.4839 3.3196 6.0000 0.4162 0.0971 
12.2140 10.0000 256.7720 0.3696 0.2064 -0.4731 3.2778 6.0000 0.3457 0.0817 
12.3320 6.0000 260.4180 0.3982 0.2140 -0.5226 3.2814 6.0000 0.2643 0.0288 
11.8680 10.0000 238.3620 0.3662 0.2115 -0.4498 3.3324 6.0000 0.4391 0.1146 
11.8860 10.0000 240.9060 0.3781 0.2025 -0.5202 3.3069 6.0000 0.4766 0.0608 
12.3860 2.0000 260.6020 0.3769 0.2177 -0.4693 3.3011 6.0000 0.3985 0.0680 
12.2980 10.0000 257.0280 0.3917 0.2173 -0.5036 3.3485 7.0000 0.1324 0.0929 
12.0260 10.0000 245.3560 0.3801 0.2136 -0.4709 3.3250 7.0000 0.1745 0.0942 
11.6200 9.0000 228.4460 0.3685 0.2117 -0.4456 3.3423 7.0000 0.5686 0.1037 
12.1720 9.0000 253.2460 0.4003 0.2288 -0.4855 3.3807 6.0000 0.4833 0.0649 
12.4900 10.0000 262.3380 0.3792 0.2124 -0.5076 3.2710 6.0000 0.5260 0.0718 
12.3600 11.0000 246.7200 0.3550 0.2061 -0.4897 3.2839 7.0000 0.3930 0.0926 
12.4060 10.0000 268.8100 0.3911 0.2186 -0.4634 3.2846 7.0000 0.1233 0.0916 
12.8400 11.0000 272.7760 0.3684 0.2125 -0.5028 3.2544 6.0000 0.1322 0.0929 
12.1020 11.0000 241.0960 0.3977 0.2244 -0.5175 3.3691 7.0000 0.5677 0.0768 
12.6880 11.0000 265.3680 0.3686 0.2104 -0.4935 3.2620 6.0000 0.4410 0.0695 
12.0100 10.0000 245.8540 0.3711 0.2080 -0.4803 3.3123 6.0000 0.3526 0.0608 
12.0220 10.0000 248.0620 0.3751 0.2077 -0.4919 3.2891 7.0000 0.1768 0.0857 
12.1660 10.0000 245.4440 0.3441 0.1989 -0.4657 3.2653 6.0000 0.1755 0.0581 
12.2180 11.0000 259.9060 0.4206 0.2221 -0.5439 3.3665 7.0000 0.2642 0.0760 
12.2600 11.0000 249.1920 0.3684 0.2220 -0.4341 3.3227 6.0000 0.3061 0.0671 
12.0360 6.0000 249.0760 0.3871 0.2123 -0.5002 3.3191 6.0000 0.3959 0.0813 
11.9860 10.0000 243.6020 0.3662 0.2099 -0.4474 3.3159 8.0000 0.3987 0.0491 
11.6420 9.0000 240.0140 0.4122 0.2155 -0.5006 3.4258 6.0000 0.3207 0.0653 
12.4560 10.0000 264.8680 0.3532 0.2098 -0.4314 3.3073 6.0000 0.2772 0.0693 
11.8180 10.0000 234.5320 0.3844 0.2247 -0.4560 3.3878 7.0000 0.3972 0.0913 
11.7720 10.0000 245.2260 0.3845 0.2046 -0.4888 3.3396 7.0000 0.5183 0.0677 
11.5980 11.0000 231.8420 0.3860 0.2215 -0.4435 3.3728 7.0000 0.2771 0.0925 
11.7300 10.0000 234.4200 0.3755 0.2112 -0.4708 3.3376 6.0000 0.2875 0.0866 
11.9380 8.0000 241.3240 0.3932 0.2200 -0.4982 3.3830 7.0000 0.0948 0.0677 
12.3260 10.0000 258.2380 0.3762 0.2116 -0.4964 3.2916 7.0000 0.0854 0.0704 
12.3420 10.0000 259.4560 0.3880 0.2185 -0.5086 3.3266 6.0000 0.0602 0.0784 
11.7100 3.0000 237.1520 0.3860 0.2094 -0.5014 3.3372 6.0000 0.9008 0.1210 
12.4060 10.0000 258.8640 0.3867 0.2196 -0.4970 3.3161 6.0000 0.7087 0.0916 
12.2380 9.0000 247.8720 0.3747 0.2178 -0.4887 3.3296 6.0000 0.7021 0.0913 
12.2720 10.0000 260.3780 0.3661 0.2041 -0.4697 3.2790 6.0000 0.8227 0.0813 
11.8640 9.0000 246.8720 0.3898 0.2143 -0.4754 3.3754 7.0000 0.5511 0.0876 
12.5080 10.0000 270.3920 0.3946 0.2154 -0.5077 3.2622 6.0000 0.2227 0.0447 
11.9060 10.0000 241.1100 0.4018 0.2270 -0.4888 3.3987 7.0000 0.2630 0.1184 
11.6980 9.0000 233.9260 0.3922 0.2123 -0.5174 3.3659 6.0000 0.2934 0.1190 
11.9680 10.0000 238.4800 0.3709 0.2174 -0.4675 3.3792 6.0000 0.3773 0.0858 
12.2820 10.0000 250.9800 0.3497 0.2027 -0.4577 3.2928 6.0000 0.4305 0.1026 
12.2200 6.0000 249.6920 0.3665 0.2029 -0.5103 3.2813 6.0000 0.1220 0.0803 
12.6340 8.0000 272.9920 0.3726 0.2099 -0.4655 3.2516 6.0000 0.4324 0.0911 
12.0640 10.0000 241.9080 0.3743 0.2124 -0.4868 3.3140 7.0000 0.1221 0.0692 
11.8720 10.0000 235.5620 0.3873 0.2164 -0.4981 3.3598 7.0000 0.2614 0.0614 
12.2000 5.0000 247.8580 0.3879 0.2231 -0.4973 3.3384 6.0000 0.3447 0.0664 
12.3120 10.0000 259.9320 0.3801 0.2239 -0.4428 3.3224 6.0000 0.2269 0.0918 
12.3660 10.0000 257.3640 0.3933 0.2121 -0.5338 3.2900 6.0000 0.3121 0.1233 
12.3980 7.0000 261.9080 0.3816 0.2193 -0.4662 3.3088 7.0000 0.2870 0.0583 
12.1680 10.0000 251.8200 0.3922 0.2185 -0.4899 3.3257 6.0000 0.1739 0.0991 
11.4260 10.0000 225.9980 0.3856 0.2162 -0.4529 3.3846 6.0000 0.4396 0.1167 
11.7760 10.0000 233.4860 0.3768 0.2105 -0.4929 3.3327 6.0000 0.2627 0.0918 
12.0860 10.0000 240.2140 0.3572 0.2055 -0.4845 3.2944 6.0000 0.2644 0.0653 
12.5000 8.0000 268.7700 0.3958 0.2153 -0.5264 3.3144 6.0000 0.3088 0.1171 
12.1660 10.0000 260.1420 0.3858 0.2167 -0.4551 3.3090 7.0000 0.1317 0.0608 
12.0360 8.0000 256.3880 0.4108 0.2240 -0.4876 3.3489 6.0000 0.3577 0.0955 
12.9420 6.0000 277.2960 0.3829 0.2190 -0.5120 3.2368 6.0000 0.1742 0.0795 
12.3460 9.0000 263.3960 0.4109 0.2180 -0.5464 3.3234 6.0000 0.3983 0.0844 
12.0440 10.0000 245.4440 0.3651 0.2221 -0.3984 3.3361 7.0000 0.1304 0.0719 
12.0360 10.0000 243.0440 0.3729 0.2156 -0.4687 3.3471 8.0000 0.3086 0.0677 
11.9660 10.0000 239.9740 0.3982 0.2221 -0.5227 3.3484 6.0000 0.2634 0.0845 
12.1540 6.0000 248.2800 0.3980 0.2240 -0.5162 3.3592 7.0000 0.2624 0.1137 
12.1460 10.0000 257.4420 0.3676 0.2073 -0.4377 3.2983 7.0000 0.3987 0.0748 
11.6280 9.0000 233.1900 0.3915 0.2136 -0.4906 3.3769 7.0000 0.1332 0.0954 
12.3360 10.0000 252.6120 0.3652 0.2048 -0.4910 3.2674 6.0000 0.3475 0.0835 
12.8800 9.0000 274.4620 0.3807 0.2197 -0.5187 3.2863 6.0000 0.3077 0.0653 
12.6540 10.0000 272.6800 0.4092 0.2224 -0.5589 3.3001 6.0000 0.1762 0.0874 
12.3160 10.0000 260.3920 0.3829 0.2097 -0.5060 3.2957 6.0000 0.3941 0.0623 
12.1660 4.0000 253.4900 0.3696 0.2196 -0.4120 3.3133 6.0000 0.1298 0.0607 
12.1620 9.0000 253.4100 0.3908 0.2110 -0.5085 3.2897 6.0000 0.3784 0.0695 
11.9940 9.0000 251.6940 0.3755 0.2178 -0.4384 3.3281 7.0000 0.3120 0.0759 
12.2380 5.0000 255.6240 0.3812 0.2029 -0.5163 3.2663 6.0000 0.1731 0.0898 
11.9600 8.0000 247.0680 0.3797 0.2224 -0.4168 3.3479 7.0000 0.3027 0.0808 
12.4040 10.0000 266.4900 0.3834 0.2074 -0.4942 3.2643 6.0000 0.2582 0.0780 
11.2160 6.0000 219.2320 0.3866 0.2140 -0.4656 3.3853 6.0000 0.2210 0.0556 
11.9720 10.0000 250.4520 0.3653 0.2088 -0.4316 3.3094 6.0000 0.3577 0.0852 
11.4220 10.0000 225.2380 0.3692 0.2091 -0.4300 3.3516 8.0000 0.2201 0.0553 
12.5400 5.0000 268.6020 0.3623 0.2008 -0.4803 3.2434 6.0000 0.8158 0.1210 
12.1900 10.0000 248.2920 0.3681 0.2104 -0.4724 3.2819 6.0000 0.6620 0.0916 
11.5080 10.0000 230.6960 0.3783 0.2088 -0.4801 3.3720 6.0000 0.4873 0.0651 
12.1840 6.0000 253.2700 0.4043 0.2242 -0.5123 3.3517 8.0000 0.2689 0.0573 
12.0480 10.0000 254.3060 0.3944 0.2107 -0.4976 3.3127 6.0000 0.3741 0.0813 
12.1720 10.0000 256.6720 0.3772 0.2047 -0.4739 3.2762 6.0000 0.5808 0.0938 
12.0860 9.0000 248.7980 0.3999 0.2229 -0.5017 3.3497 7.0000 0.4380 0.1184 
11.8880 5.0000 244.5020 0.4041 0.2201 -0.5190 3.3482 7.0000 0.4058 0.0589 
12.4100 10.0000 264.4980 0.3652 0.2022 -0.4756 3.2558 6.0000 0.3801 0.0674 
12.7940 9.0000 278.9140 0.3845 0.2145 -0.5268 3.2682 6.0000 0.3883 0.0484 
11.4380 9.0000 221.8320 0.3962 0.2283 -0.4607 3.4282 8.0000 0.5637 0.0911 
11.8480 10.0000 238.8340 0.4142 0.2220 -0.5477 3.3761 6.0000 0.3157 0.0521 
12.4160 10.0000 262.8120 0.3742 0.2111 -0.4829 3.2696 6.0000 0.1256 0.0957 
12.1320 10.0000 250.5580 0.3805 0.2212 -0.4594 3.3466 7.0000 0.2138 0.0890 
11.7780 10.0000 234.4840 0.3902 0.2141 -0.5086 3.3613 7.0000 0.3921 0.1233 
12.5440 10.0000 260.1980 0.3759 0.2194 -0.4828 3.2726 6.0000 0.6952 0.0991 
12.5420 3.0000 260.3400 0.3672 0.2141 -0.4713 3.2791 6.0000 0.2511 0.1167 
12.1020 11.0000 245.2200 0.3844 0.2146 -0.4906 3.3492 8.0000 0.3107 0.0654 
12.2980 8.0000 256.3460 0.3830 0.2050 -0.5256 3.2774 7.0000 0.1758 0.0764 
12.0320 10.0000 247.3200 0.3914 0.2219 -0.4854 3.3598 7.0000 0.4768 0.0608 
12.1820 10.0000 255.4020 0.3892 0.2227 -0.4639 3.3433 6.0000 0.5740 0.0795 
12.0420 11.0000 245.2960 0.3846 0.2166 -0.4879 3.3281 7.0000 0.3541 0.0844 
12.1660 10.0000 247.1840 0.3572 0.2077 -0.4704 3.2804 6.0000 0.1318 0.0828 
12.1380 10.0000 254.3440 0.4004 0.2202 -0.5021 3.3349 6.0000 0.2192 0.0882 
12.1740 5.0000 249.2900 0.3870 0.2178 -0.5135 3.3298 7.0000 0.3954 0.1137 
12.2040 9.0000 249.0420 0.3546 0.2078 -0.4565 3.3013 6.0000 0.4441 0.0718 
12.7520 9.0000 267.0440 0.3835 0.2204 -0.5141 3.2934 7.0000 0.3490 0.0926 
12.0520 11.0000 253.0300 0.3820 0.2131 -0.4461 3.3340 7.0000 0.3060 0.0653 
12.0460 6.0000 249.1880 0.3928 0.2186 -0.4859 3.3657 7.0000 0.3466 0.1414 
12.2780 8.0000 255.6300 0.3631 0.2089 -0.4670 3.2882 6.0000 0.2699 0.0768 
11.8700 10.0000 243.4620 0.4148 0.2241 -0.5050 3.3835 7.0000 0.5227 0.0752 
12.3640 10.0000 260.7440 0.3962 0.2148 -0.5164 3.3161 7.0000 0.3518 0.0703 
11.6540 5.0000 236.9280 0.3808 0.2120 -0.4624 3.3655 7.0000 0.1376 0.0959 
12.1860 10.0000 252.4780 0.3986 0.2216 -0.5054 3.3809 7.0000 0.1313 0.0780 
12.0440 8.0000 246.2900 0.3942 0.2174 -0.5010 3.3473 6.0000 0.2625 0.0720 
11.5280 10.0000 231.8160 0.3958 0.2218 -0.4489 3.4016 7.0000 0.2605 0.0671 
11.5080 10.0000 228.9040 0.3963 0.2075 -0.5270 3.3275 6.0000 0.3963 0.0813 
12.2700 9.0000 251.1080 0.3841 0.2246 -0.4854 3.3766 6.0000 0.3277 0.0491 
11.5800 10.0000 230.5720 0.3803 0.2034 -0.4943 3.3211 7.0000 0.3165 0.0653 
12.4960 10.0000 267.8980 0.3902 0.2106 -0.5223 3.2654 6.0000 0.2782 0.0620 
11.7140 10.0000 234.8700 0.3986 0.2144 -0.4983 3.3562 6.0000 0.3215 0.0913 
12.0000 10.0000 243.6540 0.3639 0.2082 -0.4701 3.3435 6.0000 0.5183 0.0677 
12.5460 10.0000 277.7640 0.3984 0.2206 -0.4870 3.3030 6.0000 0.1610 0.0804 
12.3020 7.0000 259.9760 0.3842 0.2152 -0.4772 3.3115 6.0000 0.2521 0.0713 
12.1240 5.0000 245.2340 0.3881 0.2138 -0.5198 3.3086 6.0000 0.0962 0.0677 
11.9440 10.0000 240.8120 0.3916 0.2142 -0.5136 3.3609 7.0000 0.9000 0.1210 
12.5960 10.0000 280.3720 0.3978 0.2147 -0.5042 3.2795 6.0000 0.7481 0.0916 
11.7580 10.0000 234.6740 0.3937 0.2216 -0.4929 3.3682 6.0000 0.7010 0.0913 
12.0780 10.0000 251.8960 0.3859 0.2095 -0.4918 3.2932 6.0000 0.8694 0.0813 
11.8700 10.0000 239.7980 0.3907 0.2129 -0.5029 3.3445 6.0000 0.7573 0.0938 
11.6840 8.0000 228.6760 0.3753 0.2153 -0.4667 3.3836 6.0000 0.6093 0.1184 
12.6440 4.0000 277.5360 0.4023 0.2222 -0.5221 3.3251 7.0000 0.8777 0.0858 
11.4860 10.0000 229.3800 0.3617 0.2175 -0.4080 3.3889 7.0000 0.6461 0.0785 
12.3640 10.0000 258.3840 0.3756 0.2065 -0.5086 3.2641 6.0000 0.4262 0.1001 
12.0740 10.0000 247.7260 0.3753 0.2088 -0.4893 3.2755 6.0000 0.1318 0.0692 
12.9780 10.0000 293.6540 0.3792 0.2097 -0.5075 3.2338 6.0000 0.2180 0.0828 
12.1080 10.0000 252.7520 0.3979 0.2259 -0.4765 3.3910 7.0000 0.3459 0.0890 
12.2820 10.0000 253.4380 0.3582 0.1997 -0.4900 3.2505 6.0000 0.3943 0.1233 
12.2560 5.0000 251.4600 0.3951 0.2211 -0.5256 3.3372 6.0000 0.3237 0.0971 
11.7940 10.0000 235.2560 0.3586 0.2036 -0.4579 3.3119 7.0000 0.2603 0.0817 
11.6320 10.0000 242.7540 0.4025 0.2254 -0.4276 3.4341 7.0000 0.2626 0.0288 
11.9860 10.0000 244.8780 0.3735 0.2165 -0.4479 3.3438 7.0000 0.3940 0.1146 
12.0200 10.0000 257.4380 0.4152 0.2225 -0.4938 3.3393 7.0000 0.6026 0.0608 
12.2320 9.0000 255.4800 0.3850 0.2225 -0.4650 3.3452 7.0000 0.6209 0.0795 
11.6740 10.0000 229.2020 0.3736 0.2074 -0.4991 3.3610 6.0000 0.6087 0.0942 
11.6320 10.0000 228.3160 0.3693 0.2058 -0.4718 3.3434 6.0000 0.5265 0.0692 
11.9420 7.0000 238.8660 0.3978 0.2195 -0.5282 3.3629 6.0000 0.1290 0.0845 
12.1600 7.0000 253.9440 0.3986 0.2226 -0.4956 3.3695 7.0000 0.2590 0.0842 
11.8800 10.0000 241.5320 0.3799 0.2132 -0.4634 3.2961 6.0000 0.3083 0.0552 
11.9700 10.0000 245.4200 0.3804 0.2131 -0.4735 3.3491 6.0000 0.5678 0.0830 
12.3860 10.0000 251.7900 0.3677 0.2161 -0.4919 3.3294 6.0000 0.4826 0.0929 
12.2540 10.0000 264.5680 0.4042 0.2104 -0.5368 3.3023 7.0000 0.3459 0.0623 
12.2500 8.0000 253.3760 0.3878 0.2195 -0.4967 3.3638 6.0000 0.1325 0.0607 
11.8420 10.0000 247.6980 0.3757 0.1999 -0.4825 3.2807 6.0000 0.5328 0.1236 
12.8940 5.0000 281.7440 0.3760 0.2080 -0.5028 3.2276 8.0000 0.1314 0.0898 
11.4440 9.0000 223.1280 0.3720 0.2101 -0.4621 3.3519 6.0000 0.3075 0.1081 
12.1220 10.0000 247.4200 0.3747 0.2039 -0.5043 3.3049 7.0000 0.3924 0.0556 
12.1340 9.0000 250.5480 0.3878 0.2201 -0.4941 3.3604 6.0000 0.4394 0.0818 
12.0920 8.0000 247.4200 0.3853 0.2228 -0.4711 3.3392 6.0000 0.3957 0.1082 
12.8020 10.0000 278.0580 0.3649 0.2072 -0.4743 3.2230 6.0000 0.1210 0.0962 
12.6180 10.0000 278.7580 0.3947 0.2077 -0.5214 3.2642 6.0000 0.1198 0.0736 
12.1300 10.0000 248.8580 0.3791 0.2134 -0.4832 3.3172 6.0000 0.1978 0.0763 
12.0340 10.0000 246.1700 0.3654 0.2093 -0.4568 3.2967 6.0000 0.1578 0.0910 
12.0720 3.0000 257.1000 0.4136 0.2256 -0.4940 3.3567 7.0000 0.3179 0.0875 
12.1680 10.0000 250.5840 0.3735 0.2103 -0.4796 3.3190 7.0000 0.4400 0.0799 
12.4320 10.0000 259.3500 0.3670 0.2073 -0.4920 3.2917 7.0000 0.4400 0.0674 
12.0960 10.0000 252.8640 0.4071 0.2286 -0.4898 3.3791 7.0000 0.3949 0.0581 
11.7700 9.0000 236.8580 0.3731 0.1987 -0.4914 3.2972 6.0000 0.2525 0.0746 
12.3320 10.0000 259.9940 0.3958 0.2137 -0.5193 3.3185 7.0000 0.0931 0.0765 
12.2360 6.0000 252.8200 0.3989 0.2237 -0.5082 3.3369 6.0000 0.0378 0.0784 
11.5920 5.0000 235.8200 0.3914 0.2153 -0.4652 3.3590 7.0000 0.8995 0.1210 
12.3880 10.0000 261.0660 0.3850 0.2107 -0.5122 3.2741 7.0000 0.7851 0.0916 
12.1680 9.0000 260.8600 0.3798 0.2112 -0.4699 3.3071 6.0000 0.7031 0.0913 
12.5700 10.0000 265.3780 0.3808 0.2109 -0.5202 3.2774 6.0000 0.7087 0.0729 
12.3940 10.0000 258.1680 0.3880 0.2198 -0.5145 3.3412 6.0000 0.1325 0.0614 
12.1280 11.0000 250.5560 0.3908 0.2201 -0.4781 3.3303 7.0000 0.3455 0.0938 
12.2380 10.0000 254.0500 0.3818 0.2181 -0.4713 3.3049 6.0000 0.5269 0.1184 
12.1480 10.0000 255.4120 0.3762 0.2125 -0.4585 3.2960 6.0000 0.7981 0.0858 
11.9560 4.0000 238.4360 0.3766 0.2146 -0.4787 3.3534 6.0000 0.5141 0.1281 
12.3120 10.0000 252.7800 0.3791 0.2200 -0.4749 3.3353 9.0000 0.2588 0.0653 
11.8560 8.0000 241.4500 0.3757 0.2120 -0.4589 3.3287 6.0000 0.1454 0.1097 
11.8440 9.0000 236.0920 0.3829 0.2185 -0.4657 3.3472 7.0000 0.3907 0.0655 
12.8760 11.0000 269.5220 0.3886 0.2246 -0.5384 3.2932 6.0000 0.3948 0.0742 
12.3900 8.0000 261.5120 0.4213 0.2289 -0.5428 3.3765 7.0000 0.1716 0.0970 
11.7580 10.0000 232.7160 0.3975 0.2158 -0.5288 3.3794 7.0000 0.1709 0.0903 
12.0200 10.0000 248.0040 0.4035 0.2185 -0.5024 3.3288 6.0000 0.4362 0.0875 
12.1840 4.0000 252.5740 0.4039 0.2259 -0.4978 3.3470 7.0000 0.4790 0.1064 
11.7520 9.0000 241.0160 0.3826 0.2155 -0.4576 3.3526 6.0000 0.4817 0.0653 
12.2460 10.0000 251.3060 0.3894 0.2191 -0.5105 3.3240 6.0000 0.3611 0.0869 
11.9060 10.0000 237.9440 0.4030 0.2213 -0.5175 3.3518 6.0000 0.2638 0.1314 
12.4180 10.0000 267.0020 0.3689 0.2037 -0.4676 3.2386 6.0000 0.3090 0.0850 
12.4300 10.0000 255.3360 0.3557 0.2077 -0.4724 3.2716 6.0000 0.3954 0.0942 
12.6220 9.0000 266.7200 0.3804 0.2201 -0.4731 3.3053 6.0000 0.5742 0.0882 
11.3960 7.0000 224.5120 0.3731 0.2108 -0.4329 3.3700 6.0000 0.5188 0.0649 
12.0020 10.0000 246.5260 0.3751 0.2092 -0.4807 3.3264 8.0000 0.5662 0.0718 
12.3180 10.0000 254.1540 0.3681 0.2117 -0.4784 3.3145 7.0000 0.4831 0.0926 
11.7640 5.0000 233.6000 0.3691 0.2107 -0.4627 3.3515 8.0000 0.3538 0.0653 
11.0600 10.0000 212.1920 0.3918 0.2204 -0.4567 3.4275 8.0000 0.3461 0.0813 
12.6260 5.0000 273.9580 0.3867 0.2241 -0.4750 3.3102 6.0000 0.4388 0.0998 
12.0780 9.0000 247.1620 0.3922 0.2152 -0.5124 3.3607 7.0000 0.5555 0.0488 
11.9260 10.0000 250.0180 0.4044 0.2078 -0.5244 3.3021 6.0000 0.3949 0.0703 
12.5660 11.0000 253.7940 0.3655 0.2170 -0.5067 3.3107 7.0000 0.3951 0.1081 
11.6220 10.0000 229.1520 0.3561 0.2059 -0.4261 3.3330 7.0000 0.3923 0.0556 
13.1040 11.0000 281.2620 0.3711 0.2219 -0.5009 3.2637 6.0000 0.3545 0.0852 
12.3760 10.0000 262.4160 0.3921 0.2218 -0.5018 3.3152 6.0000 0.3547 0.1246 
11.9220 10.0000 245.3480 0.3771 0.2045 -0.4915 3.3025 7.0000 0.1211 0.0910 
12.3760 7.0000 268.9660 0.3978 0.2197 -0.4797 3.3024 6.0000 0.1991 0.1049 
12.3800 8.0000 252.5040 0.3723 0.2110 -0.4970 3.2925 6.0000 0.1600 0.0564 
12.1500 8.0000 248.1580 0.3631 0.2024 -0.5123 3.2965 6.0000 0.0813 0.0763 
12.1660 5.0000 250.1000 0.3713 0.2081 -0.4984 3.3038 6.0000 0.1568 0.0693 
12.3940 11.0000 259.7300 0.3895 0.2230 -0.4851 3.2917 6.0000 0.3995 0.0913 
13.0180 11.0000 281.9340 0.3949 0.2208 -0.5547 3.2914 6.0000 0.3221 0.0786 
12.0440 10.0000 247.1840 0.3848 0.2201 -0.4656 3.3378 7.0000 0.0822 0.1318 
11.8180 10.0000 237.2160 0.3771 0.2125 -0.4681 3.3315 7.0000 0.3194 0.0925 
11.7300 5.0000 240.0400 0.3964 0.2177 -0.4681 3.3444 8.0000 0.2174 0.0713 
11.6180 10.0000 226.3280 0.3807 0.2148 -0.4819 3.3834 6.0000 0.8137 0.1210 
12.1360 11.0000 248.6860 0.4058 0.2275 -0.5149 3.3775 6.0000 0.3964 0.0853 
12.1920 10.0000 255.8880 0.3890 0.2194 -0.4837 3.3273 7.0000 0.0905 0.0916 
12.1840 9.0000 246.5160 0.3780 0.2237 -0.4590 3.3340 6.0000 0.6165 0.0651 
11.6760 10.0000 231.9620 0.3807 0.2051 -0.4971 3.3383 6.0000 0.2192 0.0573 
12.3180 10.0000 262.0000 0.3873 0.2088 -0.5145 3.2853 6.0000 0.4722 0.0813 
12.8760 8.0000 288.0200 0.3844 0.2154 -0.4638 3.2524 6.0000 0.6824 0.0938 
11.5600 10.0000 226.8480 0.3708 0.2211 -0.4123 3.4177 7.0000 0.5723 0.1184 
11.6820 10.0000 236.1000 0.3861 0.2162 -0.4469 3.3406 6.0000 0.2726 0.0589 
12.2880 10.0000 252.9840 0.3742 0.2151 -0.4739 3.3294 6.0000 0.4329 0.1076 
11.4760 10.0000 230.7920 0.3836 0.2161 -0.4287 3.3816 6.0000 0.4348 0.0484 
12.2940 10.0000 260.3220 0.3985 0.2187 -0.5067 3.3362 7.0000 0.5968 0.0664 
11.7600 10.0000 232.3320 0.3504 0.2067 -0.4183 3.3310 7.0000 0.4361 0.0693 
12.1740 10.0000 247.5480 0.3773 0.2131 -0.5030 3.3077 6.0000 0.2147 0.0772 
12.4200 10.0000 268.2780 0.3837 0.2089 -0.4910 3.2667 6.0000 0.3112 0.0869 
11.3340 9.0000 226.1780 0.4178 0.2214 -0.5099 3.4012 6.0000 0.3373 0.0903 
11.9360 9.0000 232.8000 0.3518 0.2030 -0.4684 3.3127 6.0000 0.4377 0.0991 
12.3820 11.0000 261.2620 0.3997 0.2187 -0.5168 3.3204 6.0000 0.5189 0.1064 
12.4040 10.0000 255.1360 0.3910 0.2234 -0.5004 3.2982 6.0000 0.4008 0.0653 
12.3880 10.0000 258.3280 0.3941 0.2307 -0.4658 3.3309 7.0000 0.4358 0.0869 
12.0240 10.0000 249.2280 0.3780 0.2138 -0.4598 3.3260 6.0000 0.1726 0.0695 
12.4080 8.0000 264.1880 0.3844 0.2163 -0.4766 3.3061 6.0000 0.2973 0.0795 
11.6840 10.0000 233.7000 0.3791 0.2202 -0.4327 3.4214 7.0000 0.5298 0.0942 
11.6240 9.0000 237.9640 0.3832 0.2107 -0.4501 3.3326 6.0000 0.6147 0.0677 
11.3720 9.0000 224.5740 0.3726 0.2039 -0.4475 3.3832 7.0000 0.5255 0.0649 
12.1660 8.0000 240.6080 0.3712 0.2192 -0.4733 3.3715 7.0000 0.4336 0.0748 
12.3060 10.0000 260.3300 0.3971 0.2264 -0.4981 3.3488 6.0000 0.1741 0.0645 
11.9600 7.0000 245.6080 0.4027 0.2267 -0.4806 3.3451 6.0000 0.1307 0.0425 
12.1840 10.0000 250.5280 0.3935 0.2178 -0.5068 3.3063 6.0000 0.4446 0.0929 
12.4100 10.0000 259.5220 0.4022 0.2204 -0.5279 3.3016 6.0000 0.6103 0.0768 
12.0260 10.0000 244.3340 0.3859 0.2140 -0.5046 3.3322 6.0000 0.4417 0.0822 
12.1400 10.0000 257.0500 0.3820 0.2150 -0.4657 3.3426 7.0000 0.3944 0.0759 
12.4380 10.0000 258.0260 0.3733 0.2066 -0.5329 3.2829 6.0000 0.2178 0.0654 
12.1480 4.0000 256.5700 0.3983 0.2185 -0.5039 3.3385 7.0000 0.1330 0.1081 
12.1940 8.0000 255.0660 0.3522 0.2013 -0.4358 3.2645 6.0000 0.2642 0.0556 
12.7700 11.0000 273.7080 0.3623 0.2095 -0.4680 3.2525 6.0000 0.4394 0.0818 
12.5660 11.0000 264.9320 0.3594 0.2048 -0.4716 3.2815 7.0000 0.5281 0.0813 
11.9400 4.0000 246.3860 0.3721 0.2040 -0.4826 3.2931 7.0000 0.3993 0.0623 
12.8580 10.0000 272.6600 0.3855 0.2164 -0.5424 3.2567 6.0000 0.0809 0.0736 
11.6020 10.0000 226.2560 0.3908 0.2255 -0.4681 3.4276 7.0000 0.1566 0.0695 
11.8320 10.0000 236.9240 0.3821 0.2122 -0.4909 3.3144 6.0000 0.2776 0.0620 
13.0500 10.0000 297.3280 0.3967 0.2125 -0.5235 3.2113 6.0000 0.1983 0.0549 
12.5620 10.0000 265.3300 0.3777 0.2132 -0.5143 3.2490 6.0000 0.0823 0.0913 
11.5580 10.0000 227.7320 0.3884 0.2181 -0.4583 3.3564 6.0000 0.5195 0.0931 
12.6940 10.0000 277.0080 0.3977 0.2223 -0.5155 3.3004 7.0000 0.1179 0.0709 
12.2980 10.0000 264.6740 0.3888 0.2182 -0.4734 3.3326 6.0000 0.8593 0.1210 
12.1140 10.0000 249.8660 0.3687 0.2164 -0.4397 3.3349 6.0000 0.7024 0.0916 
12.3380 9.0000 262.1880 0.3769 0.2039 -0.5083 3.2647 6.0000 0.6129 0.0863 
11.9680 10.0000 243.6660 0.3788 0.2082 -0.4869 3.3293 7.0000 0.1681 0.0619 
12.4580 10.0000 266.6100 0.3851 0.2171 -0.4768 3.3061 6.0000 0.3270 0.0813 
11.8480 10.0000 244.2480 0.3730 0.2120 -0.4329 3.3118 6.0000 0.6219 0.0938 
12.3120 10.0000 248.2240 0.3588 0.2073 -0.4927 3.2873 6.0000 0.3988 0.1184 
12.0320 10.0000 246.3920 0.3679 0.2075 -0.4690 3.3222 6.0000 0.3716 0.0589 
12.1500 10.0000 254.3920 0.3893 0.2169 -0.4908 3.3287 6.0000 0.3923 0.1076 
11.8140 10.0000 236.9420 0.3718 0.2151 -0.4412 3.3561 7.0000 0.4259 0.0484 
12.4500 10.0000 260.9280 0.3648 0.2107 -0.4595 3.2657 7.0000 0.5239 0.0664 
12.7800 10.0000 269.5700 0.3625 0.2103 -0.4769 3.2575 6.0000 0.3815 0.0412 
12.1560 10.0000 251.0600 0.3654 0.2004 -0.4812 3.2760 6.0000 0.2561 0.0772 
12.1980 5.0000 253.8300 0.3812 0.2167 -0.4785 3.3126 6.0000 0.3138 0.0869 
11.0300 7.0000 213.9940 0.3732 0.2056 -0.4233 3.4102 7.0000 0.3489 0.0903 
11.6960 8.0000 237.1600 0.3795 0.2074 -0.4593 3.3278 6.0000 0.3984 0.0991 
12.4640 11.0000 264.0860 0.3861 0.2113 -0.5069 3.2827 6.0000 0.4722 0.0726 
12.0400 10.0000 251.9600 0.3902 0.2119 -0.4907 3.2949 6.0000 0.1747 0.0654 
12.2600 10.0000 249.0140 0.3793 0.2131 -0.5069 3.2809 6.0000 0.1742 0.0764 
11.8160 10.0000 241.7020 0.3862 0.2153 -0.4683 3.3388 6.0000 0.3560 0.0608 
11.8400 5.0000 240.2840 0.3671 0.2044 -0.4689 3.2986 6.0000 0.5715 0.0795 
12.7520 11.0000 274.6580 0.3746 0.2000 -0.5412 3.2343 6.0000 0.5251 0.0942 
12.1320 10.0000 256.2620 0.3721 0.2073 -0.4714 3.3022 9.0000 0.4380 0.0692 
11.7980 5.0000 234.3100 0.3746 0.2099 -0.4863 3.3411 7.0000 0.1769 0.0845 
12.2340 10.0000 261.9180 0.3835 0.2035 -0.5042 3.3064 6.0000 0.1794 0.0696 
12.2940 8.0000 252.4420 0.3819 0.2143 -0.5025 3.2972 7.0000 0.4793 0.0718 
11.9440 7.0000 252.5060 0.4191 0.2148 -0.5460 3.3347 6.0000 0.5748 0.0830 
12.2880 10.0000 259.9360 0.3923 0.2134 -0.5152 3.3073 7.0000 0.5312 0.0929 
11.6660 10.0000 235.3780 0.4034 0.2272 -0.4648 3.3845 7.0000 0.6567 0.0768 
12.4100 5.0000 261.4300 0.3925 0.2188 -0.4965 3.3187 6.0000 0.4436 0.0822 
12.2980 5.0000 258.1780 0.4109 0.2199 -0.5452 3.3094 6.0000 0.3552 0.0759 
12.1820 10.0000 254.5260 0.3798 0.2064 -0.5014 3.2887 7.0000 0.2209 0.0857 
12.3860 10.0000 256.6920 0.3876 0.2149 -0.5137 3.3134 6.0000 0.1754 0.0809 
12.3640 10.0000 260.3240 0.3858 0.2095 -0.5122 3.3061 6.0000 0.2203 0.0556 
11.7480 10.0000 229.3800 0.3827 0.2208 -0.4741 3.3739 7.0000 0.4794 0.0816 
11.7980 9.0000 238.7440 0.3826 0.2126 -0.4619 3.3324 6.0000 0.4812 0.0813 
12.0580 10.0000 244.8900 0.3708 0.2175 -0.4550 3.3549 6.0000 0.3978 0.0491 
12.1880 5.0000 247.0620 0.3949 0.2230 -0.5225 3.3394 6.0000 0.2788 0.0653 
12.3660 9.0000 262.1480 0.3937 0.2152 -0.5147 3.3077 6.0000 0.1993 0.0620 
12.4000 8.0000 255.2900 0.3902 0.2259 -0.4907 3.3531 6.0000 0.2836 0.0701 
11.5500 5.0000 230.3060 0.3820 0.2147 -0.4664 3.3660 6.0000 0.1203 0.0752 
12.2520 10.0000 252.4340 0.3532 0.2050 -0.4609 3.2835 6.0000 0.1201 0.0709 
11.8160 9.0000 235.3980 0.3632 0.2104 -0.4404 3.3408 6.0000 0.2799 0.0674 
11.8520 10.0000 232.3400 0.3665 0.2135 -0.4628 3.3834 7.0000 0.3619 0.0897 
12.8120 10.0000 278.6800 0.3826 0.2099 -0.5128 3.2344 6.0000 0.2231 0.0828 
12.6320 6.0000 271.7120 0.3895 0.2094 -0.5381 3.2464 6.0000 0.8652 0.1210 
12.5980 9.0000 270.5120 0.4067 0.2164 -0.5597 3.2922 6.0000 0.7043 0.0916 
12.4400 9.0000 262.4120 0.3893 0.2091 -0.5149 3.2674 6.0000 0.7041 0.0913 
12.8100 11.0000 275.4880 0.3730 0.2034 -0.5141 3.2397 6.0000 0.7570 0.0813 
12.1280 10.0000 244.2240 0.3845 0.2144 -0.5133 3.3360 7.0000 0.5916 0.0776 
11.9700 10.0000 250.3820 0.4162 0.2197 -0.5270 3.3496 7.0000 0.1336 0.0826 
11.9460 10.0000 251.3000 0.3932 0.2109 -0.4884 3.3214 6.0000 0.1354 0.1190 
12.0560 10.0000 249.7640 0.3679 0.2145 -0.4277 3.3055 7.0000 0.4840 0.0858 
12.4900 10.0000 256.7880 0.3670 0.2154 -0.4738 3.3108 7.0000 0.3882 0.1026 
11.8680 10.0000 245.4120 0.4019 0.2219 -0.4921 3.3479 7.0000 0.1735 0.0934 
12.9460 11.0000 273.4980 0.3630 0.2014 -0.5217 3.2176 6.0000 0.2274 0.0664 
12.4140 9.0000 265.6020 0.3889 0.2150 -0.4920 3.3045 7.0000 0.4252 0.0655 
11.9340 10.0000 237.7080 0.3753 0.2195 -0.4557 3.3342 6.0000 0.4781 0.0742 
12.7700 10.0000 281.5180 0.3997 0.2152 -0.5236 3.2403 6.0000 0.3492 0.0875 
11.0760 10.0000 210.4420 0.3818 0.2132 -0.4469 3.3840 7.0000 0.1765 0.0649 
12.0260 10.0000 244.6820 0.3846 0.2092 -0.5256 3.3478 7.0000 0.3446 0.0862 
12.0640 10.0000 250.9820 0.3836 0.2180 -0.4598 3.3320 7.0000 0.4424 0.1064 
12.2300 8.0000 263.7600 0.3978 0.2098 -0.5155 3.3109 6.0000 0.4806 0.0653 
12.6140 10.0000 274.5760 0.3739 0.2033 -0.4928 3.2608 6.0000 0.4792 0.0869 
12.1780 10.0000 246.4820 0.3632 0.2184 -0.4334 3.3377 6.0000 0.2625 0.1314 
12.1760 10.0000 250.9160 0.3693 0.2110 -0.4622 3.2988 6.0000 0.3070 0.0850 
11.8400 10.0000 238.4120 0.3756 0.2150 -0.4476 3.3676 7.0000 0.4348 0.0942 
11.8820 3.0000 246.8160 0.3878 0.2067 -0.5110 3.3492 7.0000 0.5298 0.0677 
12.1640 10.0000 251.8280 0.3756 0.2192 -0.4423 3.3445 6.0000 0.4388 0.1137 
12.0360 10.0000 250.2100 0.3987 0.2139 -0.5070 3.3295 7.0000 0.5282 0.0718 
12.1480 10.0000 254.1060 0.3671 0.2058 -0.4454 3.2978 7.0000 0.4453 0.0835 
12.4720 9.0000 263.2400 0.3782 0.2123 -0.5023 3.2942 6.0000 0.3943 0.0715 
12.4240 8.0000 259.3320 0.3719 0.2008 -0.5366 3.2766 6.0000 0.2195 0.0796 
12.4240 10.0000 255.5480 0.3850 0.2252 -0.4890 3.3276 6.0000 0.3116 0.0998 
12.7280 10.0000 274.8700 0.3874 0.2166 -0.5206 3.2871 6.0000 0.5139 0.0488 
12.5080 9.0000 260.5040 0.3752 0.2209 -0.4814 3.3325 6.0000 0.3101 0.0703 
11.6780 10.0000 233.0280 0.3954 0.2201 -0.4879 3.3683 6.0000 0.4335 0.0808 
11.9600 10.0000 242.0900 0.3670 0.2079 -0.4565 3.3155 6.0000 0.3538 0.0556 
11.8640 10.0000 230.9160 0.3661 0.2167 -0.4631 3.3785 6.0000 0.3514 0.0852 
12.1300 10.0000 251.7280 0.3996 0.2266 -0.4979 3.3401 7.0000 0.3968 0.1246 
11.9640 10.0000 245.6480 0.3877 0.2075 -0.5032 3.3362 6.0000 0.1216 0.0910 
12.4140 3.0000 272.1120 0.4035 0.2137 -0.5179 3.2710 6.0000 0.1983 0.0915 
12.5200 10.0000 272.3320 0.3693 0.2102 -0.4623 3.2549 6.0000 0.1205 0.0695 
11.6180 10.0000 226.2120 0.3928 0.2170 -0.4927 3.4092 7.0000 0.2401 0.0743 
12.2020 9.0000 260.3160 0.3981 0.2248 -0.4680 3.3426 8.0000 0.4011 0.0913 
12.1100 10.0000 249.1120 0.3723 0.2134 -0.4706 3.3276 6.0000 0.4782 0.0799 
11.9260 6.0000 247.2800 0.3892 0.2130 -0.4898 3.3465 6.0000 0.4481 0.0674 
11.9360 10.0000 230.2300 0.3641 0.2220 -0.4575 3.3758 7.0000 0.3240 0.0581 
12.0340 10.0000 244.2460 0.4034 0.2308 -0.4809 3.3677 7.0000 0.3138 0.0828 
12.1220 10.0000 248.6900 0.3621 0.2122 -0.4431 3.3108 6.0000 0.0652 0.0784 
