12.7664 8.0000 275.5088 0.3926 0.2085 -0.5458 0.0000 0.0000 1.5981 0.0617 
12.5856 10.0000 263.9648 0.3664 0.2051 -0.4795 0.0000 0.0000 1.4302 0.0617 
12.1248 10.0000 254.7616 0.3883 0.2088 -0.4853 0.0000 0.0000 1.6788 0.0617 
12.6544 10.0000 265.5856 0.3646 0.2069 -0.4699 0.0000 0.0000 1.6388 0.0617 
12.5800 10.0000 260.8184 0.3668 0.2164 -0.4587 0.0000 0.0000 1.6477 0.0744 
12.5704 10.0000 265.3096 0.3891 0.2107 -0.5121 0.0000 0.0000 1.6842 0.0666 
12.7160 10.0000 273.4672 0.3823 0.2111 -0.4906 0.0000 0.0000 1.6446 0.0617 
12.4416 9.0000 261.2336 0.3804 0.2049 -0.5042 0.0000 0.0000 1.6860 0.0617 
12.6840 11.0000 268.2264 0.3680 0.2083 -0.4813 0.0000 0.0000 1.6820 0.0617 
12.5600 10.0000 263.2696 0.3847 0.2165 -0.4962 0.0000 0.0000 1.5098 0.0617 
12.6040 10.0000 272.0952 0.3668 0.1949 -0.4890 0.0000 0.0000 1.6535 0.0617 
12.2064 7.0000 252.5384 0.3805 0.2077 -0.4909 0.0000 0.0000 0.4828 0.0564 
12.4688 10.0000 267.1888 0.3943 0.2187 -0.4801 0.0000 0.0000 0.7140 0.0677 
12.3456 10.0000 257.5096 0.3681 0.2049 -0.4776 0.0000 0.0000 1.3666 0.0623 
11.9576 10.0000 242.2184 0.3788 0.2132 -0.4697 0.0000 0.0000 1.1909 0.0623 
12.5968 9.0000 267.8840 0.3759 0.1989 -0.5316 0.0000 0.0000 0.8913 0.0623 
12.0896 10.0000 249.6728 0.3836 0.2059 -0.4920 0.0000 0.0000 1.1093 0.0623 
12.2648 10.0000 254.5088 0.3884 0.2079 -0.5098 0.0000 0.0000 1.4593 0.0564 
12.0088 10.0000 243.8112 0.3983 0.2218 -0.4952 0.0000 0.0000 1.3853 0.0623 
12.5336 8.0000 265.3760 0.3641 0.2000 -0.4863 0.0000 0.0000 1.2589 0.0623 
12.4216 10.0000 259.3688 0.3715 0.2094 -0.4751 0.0000 0.0000 1.0811 0.0553 
12.3968 10.0000 257.8352 0.3820 0.2105 -0.4940 0.0000 0.0000 0.7481 0.0623 
12.4336 10.0000 259.1416 0.3867 0.2104 -0.5206 0.0000 0.0000 0.3127 0.0906 
12.5776 11.0000 264.9912 0.3891 0.2171 -0.5026 0.0000 0.0000 0.2634 0.0673 
12.2144 10.0000 249.8616 0.3853 0.2130 -0.4909 0.0000 0.0000 0.3060 0.0838 
12.4064 10.0000 256.1408 0.3690 0.1994 -0.5047 0.0000 0.0000 0.6586 0.0778 
12.1760 5.0000 246.4536 0.3921 0.2179 -0.5064 0.0000 0.0000 0.9244 0.0778 
12.1208 10.0000 249.2120 0.3908 0.2126 -0.4981 0.0000 0.0000 0.9691 0.0739 
11.9312 5.0000 242.1600 0.3760 0.2027 -0.4935 0.0000 0.0000 1.2307 0.0778 
12.1312 10.0000 248.6288 0.3676 0.2060 -0.4622 0.0000 0.0000 1.1929 0.0778 
12.2944 8.0000 254.8744 0.3877 0.2181 -0.4785 0.0000 0.0000 1.0986 0.0739 
12.3936 10.0000 257.3520 0.3723 0.2045 -0.4987 0.0000 0.0000 1.0979 0.0774 
12.0128 10.0000 247.8560 0.3765 0.2015 -0.4728 0.0000 0.0000 0.9205 0.0739 
11.9288 3.0000 245.5248 0.3986 0.2131 -0.5009 0.0000 0.0000 0.2688 0.0642 
12.2904 10.0000 258.5608 0.3944 0.2089 -0.5176 0.0000 0.0000 0.3068 0.0650 
12.1528 10.0000 253.5560 0.3962 0.2188 -0.4933 0.0000 0.0000 0.3085 0.0630 
12.1680 6.0000 253.8624 0.4005 0.2192 -0.4942 0.0000 0.0000 0.3074 0.0949 
12.2104 10.0000 253.5048 0.3664 0.1958 -0.4852 0.0000 0.0000 0.3103 0.0949 
12.6032 11.0000 266.3048 0.3799 0.2147 -0.4752 0.0000 0.0000 0.5986 0.0889 
12.1272 10.0000 250.1464 0.3950 0.2120 -0.5016 0.0000 0.0000 0.5983 0.0889 
12.4856 10.0000 261.6040 0.3751 0.2017 -0.5210 0.0000 0.0000 0.5566 0.0889 
12.4024 10.0000 255.5704 0.3806 0.2142 -0.4847 0.0000 0.0000 1.2966 0.0817 
12.2384 10.0000 252.9576 0.3849 0.2106 -0.4998 0.0000 0.0000 1.0527 0.0817 
12.1728 10.0000 256.9072 0.3910 0.2098 -0.4884 0.0000 0.0000 0.9842 0.0817 
12.2800 10.0000 257.1152 0.3791 0.2060 -0.4956 0.0000 0.0000 0.6606 0.0726 
12.5064 10.0000 266.1912 0.3734 0.2023 -0.4906 0.0000 0.0000 0.2665 0.0653 
12.3784 10.0000 256.9784 0.3704 0.2059 -0.4925 0.0000 0.0000 0.3071 0.0757 
11.8064 10.0000 239.6632 0.3898 0.2136 -0.4775 0.0000 0.0000 0.2203 0.0653 
12.4528 3.0000 262.6992 0.3879 0.2174 -0.4774 0.0000 0.0000 0.3506 0.0639 
12.0968 8.0000 258.4232 0.3979 0.2066 -0.4996 0.0000 0.0000 0.3482 0.0639 
12.2608 8.0000 251.4144 0.3791 0.2155 -0.4666 0.0000 0.0000 0.3520 0.0708 
11.7344 10.0000 235.4376 0.3936 0.2106 -0.5052 0.0000 0.0000 0.3955 0.0882 
12.0648 10.0000 246.4144 0.3916 0.2092 -0.5171 0.0000 0.0000 0.3462 0.0581 
12.4728 10.0000 263.3912 0.3906 0.2141 -0.5084 0.0000 0.0000 0.3088 0.0864 
12.2952 10.0000 255.8880 0.3766 0.2073 -0.4769 0.0000 0.0000 0.3527 0.0864 
12.5928 10.0000 270.5704 0.3876 0.2144 -0.4882 0.0000 0.0000 0.3523 0.0864 
12.6008 11.0000 269.2496 0.3853 0.2173 -0.4800 0.0000 0.0000 0.2199 0.0581 
12.3672 10.0000 262.3168 0.3827 0.2071 -0.4908 0.0000 0.0000 0.3487 0.0664 
12.4712 8.0000 262.5416 0.3722 0.2102 -0.4695 0.0000 0.0000 0.3098 0.0664 
12.1024 10.0000 254.4776 0.3976 0.2145 -0.4822 0.0000 0.0000 0.3090 0.0631 
12.3456 10.0000 259.5840 0.3853 0.2044 -0.5195 0.0000 0.0000 0.3110 0.0504 
12.1160 10.0000 249.0024 0.3990 0.2252 -0.4725 0.0000 0.0000 0.3477 0.0504 
12.1472 10.0000 248.4080 0.3783 0.2109 -0.4819 0.0000 0.0000 0.3104 0.0504 
12.1056 10.0000 248.0400 0.3871 0.2137 -0.4889 0.0000 0.0000 0.2658 0.0871 
11.9480 10.0000 247.5864 0.3757 0.2106 -0.4411 0.0000 0.0000 0.3945 0.0832 
12.5040 9.0000 261.4136 0.3752 0.2082 -0.4971 0.0000 0.0000 0.3154 0.0726 
12.0848 10.0000 248.8008 0.3686 0.1995 -0.4725 0.0000 0.0000 0.4350 0.0726 
12.1200 10.0000 250.2408 0.3771 0.2085 -0.4750 0.0000 0.0000 0.3522 0.0726 
12.2032 10.0000 253.1504 0.3677 0.2000 -0.4784 0.0000 0.0000 0.3069 0.0871 
12.5760 10.0000 267.4704 0.3741 0.2093 -0.4691 0.0000 0.0000 0.3545 0.0649 
12.3536 10.0000 255.7440 0.3782 0.2108 -0.4894 0.0000 0.0000 0.3065 0.0466 
12.4912 7.0000 260.4232 0.3999 0.2155 -0.5429 0.0000 0.0000 0.3515 0.0466 
12.2016 10.0000 253.4688 0.3902 0.2084 -0.5075 0.0000 0.0000 0.3927 0.0466 
11.8832 7.0000 234.7600 0.3943 0.2147 -0.5202 0.0000 0.0000 0.3104 0.0466 
12.4432 9.0000 263.6336 0.3860 0.2163 -0.4692 0.0000 0.0000 0.3095 0.0902 
12.0024 7.0000 247.9520 0.3745 0.2091 -0.4553 0.0000 0.0000 0.3026 0.0936 
12.3000 10.0000 261.8344 0.3782 0.2000 -0.4916 0.0000 0.0000 0.3066 0.0671 
12.6360 10.0000 266.9792 0.3661 0.2032 -0.4841 0.0000 0.0000 0.3538 0.0673 
11.9832 10.0000 246.6416 0.3922 0.2157 -0.4757 0.0000 0.0000 0.4382 0.0673 
12.5184 10.0000 268.6464 0.3841 0.2015 -0.5146 0.0000 0.0000 0.3477 0.0690 
11.9176 10.0000 244.3944 0.3750 0.2088 -0.4478 0.0000 0.0000 0.3075 0.0790 
11.9280 9.0000 240.4440 0.4006 0.2195 -0.4984 0.0000 0.0000 0.2204 0.0832 
12.5560 9.0000 264.6056 0.3719 0.2026 -0.5046 0.0000 0.0000 0.2660 0.0677 
12.7448 10.0000 268.5888 0.3792 0.2069 -0.5282 0.0000 0.0000 1.0548 0.0774 
12.4424 10.0000 263.8624 0.3964 0.2120 -0.5070 0.0000 0.0000 0.9687 0.0657 
12.5496 10.0000 271.7808 0.3802 0.2088 -0.4734 0.0000 0.0000 0.9739 0.0657 
12.7304 10.0000 270.5264 0.3896 0.2174 -0.5050 0.0000 0.0000 0.5262 0.0774 
12.0480 6.0000 244.6464 0.3723 0.2031 -0.4816 0.0000 0.0000 0.3072 0.0712 
12.2256 10.0000 258.6288 0.3933 0.1993 -0.5292 0.0000 0.0000 0.3080 0.0683 
12.0896 10.0000 247.3432 0.3841 0.2078 -0.4945 0.0000 0.0000 0.3454 0.0683 
12.0624 10.0000 244.3016 0.3759 0.2035 -0.5019 0.0000 0.0000 0.3526 0.0683 
11.8576 10.0000 240.1416 0.4024 0.2146 -0.5031 0.0000 0.0000 0.3508 0.0683 
12.3192 10.0000 256.2344 0.3868 0.2122 -0.4972 0.0000 0.0000 0.2201 0.0774 
12.1136 10.0000 247.8712 0.3809 0.2147 -0.4664 0.0000 0.0000 0.3069 0.0683 
12.5688 5.0000 268.4344 0.3861 0.2132 -0.4967 0.0000 0.0000 0.3484 0.0683 
12.2144 10.0000 252.7880 0.3818 0.2135 -0.4740 0.0000 0.0000 0.3472 0.0683 
12.1384 9.0000 245.4672 0.3603 0.1994 -0.4823 0.0000 0.0000 0.5275 0.0683 
12.1176 10.0000 255.6168 0.4003 0.2108 -0.5021 0.0000 0.0000 0.5663 0.0683 
12.5664 10.0000 266.9000 0.3797 0.2063 -0.5023 0.0000 0.0000 0.3035 0.0683 
11.8592 10.0000 235.4824 0.3801 0.2118 -0.4758 0.0000 0.0000 0.3074 0.0683 
