12.6328 10.0000 267.8720 0.3816 0.2042 -0.5273 0.0000 0.0000 4.9902 0.0668 
12.4476 10.0000 260.0180 0.3745 0.2023 -0.5062 0.0000 0.0000 4.9437 0.0830 
12.1488 9.0000 244.5724 0.3737 0.2072 -0.4909 0.0000 0.0000 4.9050 0.0709 
12.2596 10.0000 257.1312 0.3805 0.2019 -0.4991 0.0000 0.0000 5.0844 0.0556 
12.3308 10.0000 258.8108 0.3825 0.2087 -0.4975 0.0000 0.0000 5.3423 0.0716 
12.4524 10.0000 262.6404 0.3754 0.2052 -0.4901 0.0000 0.0000 5.3457 0.0827 
12.1220 10.0000 253.2984 0.3834 0.2087 -0.4690 0.0000 0.0000 5.3816 0.0745 
12.5124 10.0000 264.4596 0.3795 0.2098 -0.4883 0.0000 0.0000 5.3400 0.0709 
12.1888 10.0000 251.7176 0.3749 0.2078 -0.4707 0.0000 0.0000 4.9991 0.0668 
12.5820 3.0000 264.6208 0.3659 0.2012 -0.4943 0.0000 0.0000 4.6373 0.0824 
12.1144 10.0000 248.0184 0.3725 0.2071 -0.4746 0.0000 0.0000 5.0345 0.0709 
12.4572 9.0000 260.0760 0.3782 0.2068 -0.5051 0.0000 0.0000 0.8770 0.0608 
12.0688 10.0000 248.5888 0.3859 0.2073 -0.4980 0.0000 0.0000 0.6559 0.0590 
12.2288 10.0000 258.2132 0.3891 0.2086 -0.4952 0.0000 0.0000 0.8765 0.0717 
11.9216 10.0000 244.1208 0.3768 0.2021 -0.4851 0.0000 0.0000 0.7952 0.0717 
12.6004 10.0000 265.1628 0.3763 0.2082 -0.4985 0.0000 0.0000 0.7948 0.0855 
12.3244 10.0000 258.4824 0.3795 0.2095 -0.4808 0.0000 0.0000 0.8389 0.0806 
12.3416 8.0000 257.0296 0.3880 0.2135 -0.4965 0.0000 0.0000 1.3216 0.0745 
12.4600 10.0000 262.1248 0.3849 0.2054 -0.5135 0.0000 0.0000 1.2799 0.0806 
12.0696 10.0000 247.2632 0.3803 0.2097 -0.4862 0.0000 0.0000 1.7099 0.0769 
12.2844 10.0000 253.8516 0.3756 0.2082 -0.4747 0.0000 0.0000 1.8382 0.0630 
12.3464 10.0000 260.4036 0.3772 0.1995 -0.4962 0.0000 0.0000 1.6174 0.0630 
12.4156 10.0000 257.6128 0.3831 0.2126 -0.5065 0.0000 0.0000 0.8791 0.0690 
12.2288 10.0000 255.4464 0.3906 0.2112 -0.5014 0.0000 0.0000 1.1856 0.0757 
12.2668 10.0000 258.1900 0.3753 0.2052 -0.4826 0.0000 0.0000 0.8766 0.0683 
11.9356 3.0000 242.7660 0.3824 0.2131 -0.4560 0.0000 0.0000 0.8816 0.0567 
12.1084 10.0000 248.5288 0.3743 0.2048 -0.4752 0.0000 0.0000 0.8707 0.0591 
12.4740 10.0000 261.7184 0.3934 0.2162 -0.5159 0.0000 0.0000 1.2306 0.0849 
12.1288 7.0000 250.6092 0.3861 0.2121 -0.4844 0.0000 0.0000 1.2299 0.0849 
12.1792 10.0000 253.1980 0.3988 0.2139 -0.5179 0.0000 0.0000 0.8729 0.0849 
12.4388 10.0000 261.9028 0.3843 0.2075 -0.5106 0.0000 0.0000 0.8753 0.0845 
12.2860 8.0000 258.8092 0.3837 0.2074 -0.4834 0.0000 0.0000 0.9270 0.0571 
12.2268 10.0000 254.1688 0.3935 0.2079 -0.5250 0.0000 0.0000 0.9250 0.0571 
12.5232 10.0000 264.6948 0.3809 0.2077 -0.4977 0.0000 0.0000 0.8363 0.0710 
12.0560 10.0000 248.2824 0.3882 0.2131 -0.4804 0.0000 0.0000 0.8829 0.0634 
12.3668 10.0000 256.7588 0.3562 0.2042 -0.4439 0.0000 0.0000 0.8272 0.0717 
12.5164 10.0000 266.6124 0.3898 0.2102 -0.5093 0.0000 0.0000 0.6560 0.0643 
12.0092 10.0000 247.8172 0.3904 0.2088 -0.4913 0.0000 0.0000 0.8773 0.0640 
12.7056 10.0000 271.4808 0.3760 0.2050 -0.5024 0.0000 0.0000 1.4049 0.0610 
12.2540 10.0000 252.9924 0.3791 0.2045 -0.5063 0.0000 0.0000 1.5380 0.0644 
12.5296 10.0000 262.9816 0.3799 0.2107 -0.5002 0.0000 0.0000 1.4103 0.0803 
12.1940 10.0000 253.3980 0.3853 0.2087 -0.4943 0.0000 0.0000 1.2417 0.0626 
12.3492 6.0000 258.5168 0.3870 0.2093 -0.5073 0.0000 0.0000 0.8349 0.0756 
12.5016 10.0000 262.2016 0.3906 0.2178 -0.5117 0.0000 0.0000 0.9240 0.0756 
12.1076 10.0000 250.9996 0.3769 0.2067 -0.4734 0.0000 0.0000 0.9203 0.0601 
12.5316 6.0000 265.4412 0.3875 0.2070 -0.5236 0.0000 0.0000 0.8797 0.0666 
12.3812 10.0000 258.4740 0.3886 0.2144 -0.5015 0.0000 0.0000 0.8784 0.0643 
12.5984 10.0000 265.9836 0.3771 0.2015 -0.5209 0.0000 0.0000 0.8370 0.0788 
12.4824 10.0000 265.3452 0.3742 0.2045 -0.4905 0.0000 0.0000 0.6555 0.0803 
12.1772 10.0000 249.1008 0.3729 0.2021 -0.4908 0.0000 0.0000 0.8794 0.0720 
12.3672 10.0000 258.1808 0.3850 0.2147 -0.4773 0.0000 0.0000 0.8777 0.0598 
12.4032 10.0000 260.6552 0.3872 0.2085 -0.5078 0.0000 0.0000 0.6566 0.0755 
12.3132 10.0000 256.7444 0.3681 0.1956 -0.4997 0.0000 0.0000 0.8359 0.0720 
12.3168 9.0000 257.8960 0.3875 0.2095 -0.4936 0.0000 0.0000 0.8789 0.0722 
12.3584 9.0000 261.0568 0.3777 0.2019 -0.4963 0.0000 0.0000 0.8770 0.0673 
12.0156 8.0000 244.4392 0.3850 0.2100 -0.4896 0.0000 0.0000 1.3610 0.0702 
12.2916 10.0000 257.2864 0.3838 0.2102 -0.4821 0.0000 0.0000 1.3211 0.0702 
12.4728 4.0000 262.3296 0.3798 0.2055 -0.5056 0.0000 0.0000 0.8779 0.0722 
12.0752 10.0000 249.9540 0.3778 0.2062 -0.4759 0.0000 0.0000 0.8810 0.0702 
12.1092 10.0000 248.5104 0.3915 0.2129 -0.5036 0.0000 0.0000 0.8765 0.0783 
12.3456 10.0000 257.4364 0.3764 0.2040 -0.4940 0.0000 0.0000 0.7377 0.0617 
12.2140 10.0000 254.1912 0.3771 0.2023 -0.4902 0.0000 0.0000 0.8816 0.0883 
12.2576 9.0000 254.7280 0.3826 0.2059 -0.5085 0.0000 0.0000 0.6187 0.0673 
12.2796 5.0000 258.0288 0.3782 0.2048 -0.4877 0.0000 0.0000 0.8371 0.0579 
12.2768 9.0000 255.5564 0.3908 0.2073 -0.5205 0.0000 0.0000 1.2305 0.0740 
12.4428 10.0000 264.6588 0.3862 0.2089 -0.4892 0.0000 0.0000 1.1892 0.0878 
12.4756 10.0000 264.2316 0.3849 0.2085 -0.4978 0.0000 0.0000 0.8798 0.0667 
12.5488 6.0000 264.4504 0.3705 0.1998 -0.5073 0.0000 0.0000 0.8370 0.0742 
12.0852 10.0000 250.0736 0.3836 0.2086 -0.4799 0.0000 0.0000 1.4071 0.0818 
12.2364 9.0000 253.3860 0.3822 0.2110 -0.4917 0.0000 0.0000 1.6305 0.0777 
12.4696 9.0000 260.8412 0.3833 0.2101 -0.5138 0.0000 0.0000 1.3604 0.0637 
12.5692 10.0000 262.1680 0.3777 0.2071 -0.5132 0.0000 0.0000 0.6190 0.0702 
11.9540 9.0000 247.0472 0.4009 0.2194 -0.4820 0.0000 0.0000 0.9670 0.0735 
12.3056 10.0000 258.5024 0.3876 0.2112 -0.4921 0.0000 0.0000 0.8802 0.0834 
12.3588 10.0000 254.0420 0.3776 0.2082 -0.5073 0.0000 0.0000 0.6587 0.0602 
12.4940 8.0000 261.4272 0.3898 0.2155 -0.5083 0.0000 0.0000 0.9177 0.0798 
12.1476 10.0000 250.1076 0.3896 0.2113 -0.5045 0.0000 0.0000 0.9241 0.0648 
12.4852 9.0000 264.4688 0.3831 0.2034 -0.5145 0.0000 0.0000 0.8793 0.0791 
12.1472 7.0000 251.1084 0.3929 0.2148 -0.4893 0.0000 0.0000 0.9250 0.0717 
12.3336 10.0000 258.4056 0.3865 0.2123 -0.4939 0.0000 0.0000 0.8849 0.0791 
12.1324 4.0000 250.6920 0.3924 0.2077 -0.5153 0.0000 0.0000 0.8817 0.0605 
12.3572 10.0000 258.6228 0.3848 0.2142 -0.4841 0.0000 0.0000 0.8802 0.0538 
12.2944 10.0000 254.7100 0.3756 0.2029 -0.5073 0.0000 0.0000 0.8795 0.0581 
12.2424 10.0000 254.5636 0.3876 0.2057 -0.5116 0.0000 0.0000 1.4826 0.0538 
12.2408 10.0000 259.7664 0.4007 0.2090 -0.5145 0.0000 0.0000 0.9654 0.0770 
12.1252 10.0000 251.1196 0.3855 0.2086 -0.4905 0.0000 0.0000 0.9532 0.0706 
12.3476 10.0000 256.9824 0.3779 0.2064 -0.4935 0.0000 0.0000 0.7021 0.0826 
12.0652 7.0000 245.4020 0.3767 0.2019 -0.5040 0.0000 0.0000 0.9630 0.0803 
12.1928 8.0000 253.8504 0.3887 0.2067 -0.5094 0.0000 0.0000 0.8785 0.0588 
12.4152 10.0000 260.5396 0.4041 0.2177 -0.5330 0.0000 0.0000 0.9200 0.0588 
12.3676 10.0000 258.0260 0.3728 0.2022 -0.4964 0.0000 0.0000 0.8790 0.0588 
12.2892 10.0000 257.2808 0.3644 0.1975 -0.4775 0.0000 0.0000 0.8771 0.0588 
12.2276 10.0000 253.9692 0.3822 0.2118 -0.4804 0.0000 0.0000 1.7110 0.0826 
12.2464 10.0000 253.4832 0.3912 0.2127 -0.4977 0.0000 0.0000 1.6233 0.0588 
12.3008 8.0000 257.3724 0.3642 0.1930 -0.4951 0.0000 0.0000 0.6574 0.0588 
12.1420 9.0000 250.3020 0.3797 0.2088 -0.4800 0.0000 0.0000 0.9652 0.0588 
12.3984 10.0000 262.5268 0.3820 0.2121 -0.4731 0.0000 0.0000 0.9663 0.0588 
12.3644 9.0000 260.4092 0.3866 0.2074 -0.5016 0.0000 0.0000 0.9252 0.0588 
12.0848 10.0000 248.2784 0.3941 0.2101 -0.5144 0.0000 0.0000 0.6615 0.0588 
12.3664 10.0000 260.5860 0.3772 0.2000 -0.5157 0.0000 0.0000 0.8793 0.0588 
