12.5920 10.0000 267.1420 0.2615 0.1330 -0.4634 3.0619 6.0000 1.0479 0.0802 
11.5400 10.0000 233.1120 0.2756 0.1347 -0.4490 3.1622 7.0000 1.0072 0.1140 
11.9160 6.0000 252.1540 0.2906 0.1356 -0.4773 3.1102 6.0000 0.8393 0.0907 
11.8520 10.0000 242.5920 0.2803 0.1344 -0.4775 3.1238 6.0000 0.8840 0.0886 
13.0040 10.0000 289.7820 0.2648 0.1326 -0.4781 3.0296 5.0000 0.1300 0.0593 
12.9320 10.0000 279.9520 0.2609 0.1314 -0.4941 3.0486 6.0000 0.6191 0.0487 
12.1280 6.0000 254.5980 0.2815 0.1372 -0.4748 3.1034 6.0000 0.3087 0.0500 
12.4420 10.0000 263.9520 0.2738 0.1340 -0.4801 3.0735 6.0000 0.2190 0.0856 
12.4080 10.0000 263.1940 0.2710 0.1291 -0.4825 3.0634 5.0000 0.7787 0.0969 
11.2780 10.0000 216.3040 0.2656 0.1367 -0.4292 3.1837 6.0000 0.8634 0.0733 
12.0940 10.0000 244.9360 0.2633 0.1334 -0.4530 3.1164 6.0000 0.8329 0.0790 
11.6800 10.0000 237.0720 0.2702 0.1309 -0.4540 3.1247 6.0000 0.3454 0.0831 
11.5900 9.0000 223.6060 0.2728 0.1354 -0.4786 3.1494 6.0000 0.4167 0.0795 
11.7840 10.0000 229.1940 0.2430 0.1302 -0.4275 3.1312 6.0000 0.6870 0.0599 
11.6760 9.0000 239.6580 0.2882 0.1338 -0.4752 3.1357 6.0000 0.7927 0.0752 
12.3000 10.0000 260.8380 0.2825 0.1391 -0.4952 3.1033 5.0000 0.7843 0.0877 
12.1780 10.0000 251.0560 0.2709 0.1370 -0.4631 3.1108 6.0000 1.1345 0.0652 
11.9680 9.0000 240.3620 0.2779 0.1374 -0.4841 3.1332 6.0000 0.9698 0.0381 
12.2580 10.0000 248.0000 0.2722 0.1388 -0.4964 3.1126 6.0000 0.8397 0.0859 
12.5540 10.0000 279.1560 0.2790 0.1345 -0.4664 3.0496 6.0000 0.9604 0.0623 
12.3020 9.0000 257.4640 0.2884 0.1365 -0.5127 3.0922 6.0000 0.9692 0.1087 
11.7740 10.0000 238.4820 0.2747 0.1356 -0.4710 3.1250 6.0000 0.9179 0.0918 
12.2360 10.0000 261.8980 0.2934 0.1403 -0.4870 3.0955 6.0000 0.7953 0.0695 
12.2680 10.0000 256.3500 0.2679 0.1318 -0.4623 3.0887 6.0000 0.8252 0.1071 
11.1820 9.0000 218.8120 0.2806 0.1320 -0.4557 3.1673 6.0000 0.8364 0.0687 
12.2640 7.0000 259.7980 0.2735 0.1335 -0.4706 3.0970 6.0000 0.7032 0.0949 
12.3040 8.0000 251.7800 0.2741 0.1352 -0.4932 3.1020 6.0000 0.2229 0.0629 
11.3080 9.0000 227.7680 0.2794 0.1363 -0.4302 3.1677 6.0000 0.3944 0.0562 
12.0440 9.0000 254.4600 0.2664 0.1325 -0.4458 3.1014 6.0000 0.7408 0.0774 
12.1320 10.0000 248.2960 0.2805 0.1388 -0.4903 3.1174 6.0000 0.9207 0.0529 
11.9760 6.0000 244.7020 0.2772 0.1384 -0.4588 3.1396 6.0000 1.0322 0.0706 
11.9800 9.0000 244.1680 0.2687 0.1345 -0.4708 3.1254 6.0000 0.8807 0.0941 
11.9820 10.0000 236.8160 0.2687 0.1350 -0.5037 3.1269 6.0000 0.7532 0.0451 
11.7440 10.0000 235.7420 0.2715 0.1348 -0.4599 3.1516 7.0000 0.6638 0.0897 
11.9480 10.0000 237.6400 0.2670 0.1335 -0.4831 3.1146 6.0000 0.2234 0.0628 
13.0500 10.0000 291.0620 0.2791 0.1325 -0.5187 3.0377 6.0000 0.2203 0.0927 
12.8040 10.0000 272.0260 0.2634 0.1365 -0.4765 3.0720 5.0000 0.7002 0.1105 
12.0080 9.0000 242.8040 0.2696 0.1369 -0.4609 3.1275 6.0000 0.8348 0.0891 
11.4660 8.0000 225.4640 0.2630 0.1320 -0.4430 3.1672 6.0000 0.7021 0.0833 
12.2840 9.0000 256.1440 0.2606 0.1292 -0.4721 3.0735 6.0000 0.3938 0.0915 
12.6240 10.0000 274.4040 0.2710 0.1360 -0.4708 3.0617 6.0000 0.3210 0.0962 
12.8160 10.0000 286.5620 0.2715 0.1290 -0.4867 3.0265 5.0000 0.2133 0.0773 
12.5480 8.0000 275.7600 0.3000 0.1386 -0.5164 3.0736 5.0000 0.4994 0.0747 
12.2060 10.0000 245.6900 0.2601 0.1344 -0.4782 3.1146 6.0000 0.2795 0.0827 
11.9200 10.0000 246.5780 0.2690 0.1361 -0.4314 3.1410 6.0000 0.1648 0.0704 
12.8560 9.0000 280.7780 0.2623 0.1309 -0.4861 3.0466 5.0000 0.0431 0.0757 
12.5960 11.0000 259.9980 0.2597 0.1343 -0.4872 3.0784 5.0000 1.0478 0.0802 
12.5400 10.0000 271.6140 0.2756 0.1330 -0.4825 3.0638 6.0000 0.9555 0.1140 
12.1140 10.0000 255.1540 0.2855 0.1362 -0.4828 3.1012 5.0000 0.8305 0.0907 
11.8920 10.0000 245.2280 0.2850 0.1352 -0.4937 3.1243 6.0000 1.1357 0.0593 
11.8340 10.0000 239.4260 0.2841 0.1358 -0.4795 3.1341 6.0000 0.9620 0.0487 
12.1580 10.0000 248.7580 0.2602 0.1339 -0.4647 3.1050 6.0000 0.8776 0.0856 
12.0460 8.0000 254.9220 0.2792 0.1333 -0.4686 3.1052 6.0000 0.6191 0.0969 
11.7120 10.0000 234.7240 0.2808 0.1341 -0.4854 3.1258 6.0000 0.9563 0.0733 
12.1080 8.0000 247.0320 0.2602 0.1341 -0.4472 3.1064 6.0000 0.9576 0.0847 
12.3400 6.0000 251.7720 0.2551 0.1391 -0.4386 3.1092 6.0000 0.9101 0.0405 
12.0240 10.0000 250.9720 0.2852 0.1332 -0.4883 3.1084 6.0000 0.7823 0.0800 
12.0560 7.0000 255.9520 0.2860 0.1314 -0.4854 3.0923 6.0000 0.8355 0.0752 
11.9620 4.0000 243.3780 0.2693 0.1347 -0.4725 3.1218 6.0000 0.4827 0.0737 
11.8980 8.0000 240.7140 0.2676 0.1357 -0.4581 3.1179 5.0000 0.2259 0.0789 
11.9420 9.0000 238.2600 0.2584 0.1310 -0.4599 3.1095 6.0000 0.7413 0.0652 
12.4200 10.0000 250.0140 0.2417 0.1302 -0.4587 3.0958 6.0000 0.8334 0.0381 
11.8140 10.0000 246.6340 0.2919 0.1347 -0.5059 3.1253 6.0000 0.8367 0.0859 
11.7840 7.0000 237.0100 0.2777 0.1381 -0.4620 3.1427 6.0000 0.9211 0.0623 
11.8540 10.0000 247.1580 0.2789 0.1340 -0.4637 3.1237 6.0000 0.8778 0.0862 
12.2440 8.0000 257.2200 0.2623 0.1315 -0.4503 3.0957 6.0000 0.5716 0.0727 
12.3660 10.0000 263.9400 0.2713 0.1322 -0.4713 3.0915 7.0000 0.3095 0.0922 
12.4400 10.0000 265.8360 0.2654 0.1314 -0.4714 3.0745 6.0000 0.4773 0.0699 
12.2040 10.0000 254.4200 0.2730 0.1364 -0.4710 3.0983 6.0000 0.6565 0.1071 
11.9720 7.0000 244.0320 0.2732 0.1310 -0.4819 3.1115 6.0000 0.8358 0.0957 
12.0660 10.0000 256.6480 0.2788 0.1324 -0.4687 3.0960 6.0000 0.7903 0.0949 
12.3180 11.0000 262.4100 0.2846 0.1373 -0.4712 3.0861 5.0000 0.7510 0.0927 
11.9520 10.0000 245.9000 0.2739 0.1354 -0.4560 3.1166 6.0000 0.2265 0.0845 
12.2280 9.0000 246.9540 0.2486 0.1327 -0.4411 3.1049 6.0000 0.2195 0.0774 
12.4020 9.0000 258.0560 0.2650 0.1326 -0.4785 3.0774 6.0000 0.7949 0.0529 
12.8480 10.0000 286.1360 0.2765 0.1315 -0.5030 3.0362 5.0000 0.9478 0.0706 
12.2640 5.0000 257.4060 0.2761 0.1341 -0.4861 3.0930 5.0000 0.7004 0.0594 
12.2160 10.0000 253.2300 0.2723 0.1357 -0.4738 3.1057 5.0000 0.1785 0.0653 
11.5260 10.0000 235.3700 0.2786 0.1321 -0.4538 3.1368 6.0000 0.4388 0.0451 
11.8040 10.0000 234.3760 0.2655 0.1306 -0.4752 3.1241 6.0000 0.5709 0.0829 
12.0620 10.0000 246.4160 0.2740 0.1352 -0.4786 3.1103 6.0000 0.7483 0.0927 
12.1920 10.0000 254.8020 0.2712 0.1343 -0.4813 3.0893 6.0000 0.8759 0.0757 
12.2080 5.0000 253.2740 0.2797 0.1368 -0.4964 3.1073 6.0000 0.1789 0.0872 
12.3900 11.0000 257.5860 0.2625 0.1345 -0.4569 3.0911 6.0000 0.4845 0.0891 
12.0520 9.0000 252.1700 0.2887 0.1370 -0.4989 3.1003 6.0000 0.7103 0.0594 
11.6020 7.0000 228.5520 0.2747 0.1370 -0.4608 3.1552 6.0000 0.4343 0.0915 
11.9920 10.0000 247.5340 0.2748 0.1330 -0.4891 3.1100 6.0000 0.2147 0.0944 
11.9600 10.0000 251.6080 0.2953 0.1342 -0.5080 3.1083 6.0000 0.2801 0.0657 
12.1900 10.0000 250.2420 0.2742 0.1383 -0.4766 3.1145 6.0000 0.5402 0.0693 
12.2860 8.0000 257.1180 0.2642 0.1296 -0.4630 3.0757 6.0000 0.4103 0.1112 
12.1460 9.0000 254.0520 0.2956 0.1339 -0.5162 3.1039 6.0000 0.1082 0.0391 
11.9600 7.0000 245.8060 0.2717 0.1327 -0.4743 3.1138 6.0000 0.0564 0.0757 
12.2880 8.0000 255.7560 0.2585 0.1332 -0.4555 3.0809 6.0000 1.0121 0.0802 
12.2820 7.0000 249.5780 0.2521 0.1327 -0.4600 3.1040 6.0000 0.9641 0.1140 
12.2200 10.0000 256.9320 0.2705 0.1350 -0.4629 3.0952 6.0000 0.7519 0.1171 
12.2120 9.0000 252.7780 0.2670 0.1357 -0.4709 3.1037 6.0000 0.1826 0.0837 
12.2640 6.0000 255.3840 0.2813 0.1368 -0.5016 3.0957 6.0000 0.4330 0.0593 
11.4020 10.0000 226.2560 0.2939 0.1371 -0.4875 3.1687 6.0000 0.8708 0.0487 
12.2660 10.0000 252.2140 0.2757 0.1337 -0.5012 3.0880 6.0000 0.8764 0.0856 
11.6760 9.0000 236.8800 0.2767 0.1339 -0.4628 3.1398 6.0000 0.6086 0.0969 
12.5760 10.0000 261.7600 0.2694 0.1354 -0.4940 3.0708 6.0000 0.8560 0.0733 
12.3940 10.0000 248.8340 0.2592 0.1366 -0.4744 3.1031 6.0000 0.8269 0.0790 
12.5000 8.0000 268.6360 0.2793 0.1379 -0.4844 3.0889 6.0000 0.3445 0.0885 
12.7280 11.0000 276.3500 0.2687 0.1291 -0.4951 3.0387 5.0000 0.3938 0.0795 
11.4960 7.0000 228.5120 0.2818 0.1353 -0.4674 3.1606 6.0000 0.6563 0.0599 
11.2780 9.0000 224.9380 0.3022 0.1369 -0.4785 3.1762 6.0000 0.7917 0.0752 
11.9640 9.0000 244.1260 0.2800 0.1402 -0.4542 3.1336 6.0000 0.8268 0.0877 
12.4280 10.0000 255.5800 0.2478 0.1310 -0.4383 3.0922 6.0000 1.0446 0.0652 
12.1040 10.0000 247.5680 0.2793 0.1364 -0.5037 3.1135 5.0000 0.7479 0.0381 
11.7020 8.0000 232.6460 0.2689 0.1372 -0.4469 3.1459 6.0000 0.5712 0.1210 
12.1580 10.0000 260.2840 0.2856 0.1326 -0.4859 3.1048 6.0000 0.3075 0.0859 
12.8500 11.0000 282.3040 0.2703 0.1323 -0.4785 3.0568 6.0000 0.5273 0.0586 
12.7120 11.0000 274.3720 0.2693 0.1330 -0.4720 3.0596 6.0000 0.8352 0.1087 
12.1880 10.0000 249.6300 0.2721 0.1331 -0.4767 3.1014 6.0000 0.8275 0.0584 
12.4520 10.0000 268.7300 0.2837 0.1371 -0.4898 3.0834 5.0000 0.7041 0.0695 
12.0200 8.0000 251.4660 0.2752 0.1375 -0.4551 3.1194 6.0000 0.6164 0.0779 
12.3840 11.0000 262.8360 0.2782 0.1335 -0.4750 3.0864 6.0000 0.1762 0.0746 
12.0840 10.0000 253.2980 0.2715 0.1395 -0.4455 3.1208 5.0000 0.4816 0.0759 
12.1400 9.0000 245.5000 0.2804 0.1360 -0.5071 3.1259 6.0000 0.7922 0.0831 
12.0020 7.0000 237.5300 0.2594 0.1340 -0.4660 3.1209 6.0000 0.7936 0.0927 
12.0160 6.0000 243.5340 0.2738 0.1360 -0.4799 3.1240 6.0000 0.8197 0.0885 
12.5100 11.0000 254.3060 0.2678 0.1352 -0.5160 3.0786 5.0000 0.5734 0.0578 
12.4680 10.0000 271.9700 0.2853 0.1337 -0.4995 3.0767 6.0000 0.1735 0.0529 
11.7380 10.0000 244.2040 0.2987 0.1374 -0.4856 3.1385 6.0000 0.7422 0.0706 
11.9280 11.0000 240.3960 0.2819 0.1377 -0.4899 3.1350 6.0000 0.9281 0.0512 
11.6900 10.0000 235.2860 0.2701 0.1362 -0.4590 3.1523 6.0000 0.8298 0.0451 
11.1940 10.0000 213.0980 0.2580 0.1310 -0.4288 3.1651 6.0000 0.7888 0.0651 
11.5720 10.0000 229.1180 0.2811 0.1346 -0.4736 3.1565 6.0000 0.7491 0.0927 
12.3860 10.0000 272.8560 0.2867 0.1334 -0.4881 3.0696 6.0000 0.8342 0.1105 
11.9220 6.0000 252.4100 0.2771 0.1300 -0.4700 3.1034 6.0000 0.5714 0.0651 
12.2860 9.0000 252.2920 0.2534 0.1303 -0.4525 3.0973 6.0000 0.2662 0.0819 
12.0320 7.0000 253.0040 0.2813 0.1306 -0.4962 3.0963 6.0000 0.5295 0.0781 
12.2280 10.0000 252.9260 0.2835 0.1375 -0.5055 3.1046 6.0000 0.3892 0.0933 
12.1800 10.0000 244.5240 0.2796 0.1388 -0.5059 3.1240 6.0000 0.4590 0.0657 
11.8800 10.0000 236.6780 0.2778 0.1347 -0.5072 3.1365 6.0000 0.4320 0.0693 
12.4420 6.0000 269.1060 0.2820 0.1328 -0.4979 3.0722 5.0000 0.1784 0.0656 
12.4880 10.0000 270.0280 0.2835 0.1370 -0.4850 3.0754 6.0000 0.0846 0.1112 
12.5820 10.0000 265.4720 0.2765 0.1357 -0.5072 3.0821 6.0000 0.0777 0.0391 
12.2380 10.0000 245.8600 0.2440 0.1337 -0.4254 3.1050 6.0000 1.0020 0.0802 
12.0380 9.0000 246.5680 0.2727 0.1368 -0.4624 3.1175 6.0000 1.0203 0.1140 
12.3200 10.0000 256.2780 0.2790 0.1353 -0.5016 3.1023 6.0000 0.8353 0.0907 
12.1720 10.0000 248.7800 0.2647 0.1330 -0.4626 3.1110 6.0000 1.0506 0.0593 
12.9280 8.0000 276.8620 0.2700 0.1363 -0.4985 3.0526 5.0000 0.8737 0.0487 
12.1700 10.0000 265.0660 0.2849 0.1366 -0.4386 3.1102 6.0000 1.0540 0.0856 
12.7560 10.0000 271.9820 0.2690 0.1331 -0.5136 3.0559 6.0000 0.7461 0.0969 
11.9140 10.0000 243.6940 0.2824 0.1352 -0.4893 3.1113 6.0000 0.9583 0.0733 
11.8020 10.0000 238.6080 0.2730 0.1327 -0.4641 3.1329 6.0000 0.9566 0.0847 
12.7100 10.0000 267.1740 0.2590 0.1342 -0.4892 3.0547 6.0000 0.8649 0.0405 
12.3560 7.0000 259.9780 0.2788 0.1307 -0.4982 3.0790 5.0000 0.9489 0.0599 
12.3640 11.0000 267.4700 0.2840 0.1406 -0.4555 3.1010 6.0000 0.9160 0.0752 
11.8340 10.0000 248.7940 0.2916 0.1344 -0.4925 3.1281 6.0000 0.7432 0.0877 
12.1220 10.0000 254.3340 0.2698 0.1338 -0.4580 3.1042 7.0000 0.1251 0.0789 
11.5460 9.0000 227.3260 0.2635 0.1356 -0.4328 3.1511 6.0000 0.5684 0.0652 
11.6960 10.0000 239.6500 0.2760 0.1298 -0.4660 3.1175 6.0000 0.8777 0.0919 
11.5480 7.0000 235.8400 0.2930 0.1389 -0.4628 3.1444 6.0000 0.8402 0.0859 
12.3340 10.0000 254.9680 0.2606 0.1355 -0.4488 3.1203 6.0000 0.9166 0.0623 
12.2880 10.0000 258.6760 0.2853 0.1372 -0.5045 3.1008 6.0000 1.0108 0.1087 
12.5160 10.0000 257.0880 0.2537 0.1342 -0.4593 3.0880 6.0000 0.9584 0.0918 
11.6320 10.0000 230.9220 0.2718 0.1354 -0.4547 3.1481 6.0000 0.8707 0.0695 
12.2540 10.0000 251.0340 0.2695 0.1330 -0.4916 3.1061 6.0000 0.8295 0.1071 
12.1580 10.0000 249.1180 0.2711 0.1351 -0.4723 3.1104 6.0000 0.7068 0.0928 
12.0620 10.0000 242.1480 0.2663 0.1363 -0.4660 3.1237 6.0000 0.4810 0.1178 
12.5840 9.0000 265.3960 0.2647 0.1353 -0.4601 3.0807 6.0000 0.3057 0.0588 
11.6540 10.0000 232.6600 0.2827 0.1343 -0.4905 3.1277 7.0000 0.7004 0.0990 
12.1100 10.0000 251.2100 0.2624 0.1370 -0.4221 3.1291 6.0000 0.8290 0.0774 
12.4160 10.0000 260.4300 0.2625 0.1313 -0.4808 3.0731 6.0000 0.8768 0.0529 
11.9640 9.0000 236.9520 0.2647 0.1384 -0.4690 3.1402 6.0000 1.0233 0.0706 
11.6980 10.0000 243.2580 0.2713 0.1359 -0.4225 3.1263 6.0000 1.0056 0.0941 
11.9860 10.0000 239.8960 0.2695 0.1321 -0.4887 3.1105 5.0000 0.7506 0.0451 
12.0640 10.0000 244.9280 0.2748 0.1343 -0.4788 3.1150 6.0000 0.6587 0.0897 
12.8900 11.0000 273.9140 0.2661 0.1365 -0.4909 3.0644 6.0000 0.2577 0.0628 
12.2320 10.0000 248.8060 0.2748 0.1352 -0.4896 3.1124 5.0000 0.2197 0.0927 
11.6880 7.0000 234.8660 0.2769 0.1303 -0.4798 3.1237 5.0000 0.7386 0.1105 
12.5180 11.0000 260.0700 0.2770 0.1354 -0.5133 3.0826 5.0000 0.8821 0.0891 
11.5940 7.0000 230.4620 0.2661 0.1293 -0.4579 3.1189 6.0000 0.7445 0.0833 
12.1500 11.0000 248.0380 0.2725 0.1360 -0.4606 3.1219 7.0000 0.4784 0.0392 
11.8300 10.0000 244.2640 0.2919 0.1357 -0.5047 3.1272 5.0000 0.1078 0.0933 
11.4020 10.0000 226.0840 0.2848 0.1349 -0.4699 3.1438 6.0000 0.3583 0.0496 
12.4880 10.0000 260.0660 0.2718 0.1389 -0.4915 3.1021 6.0000 0.1446 0.0773 
12.8300 10.0000 279.6080 0.2595 0.1296 -0.4765 3.0470 7.0000 0.3941 0.0693 
11.9380 10.0000 256.8720 0.2781 0.1328 -0.4663 3.0850 6.0000 0.3076 0.0963 
11.9540 10.0000 242.0180 0.2900 0.1392 -0.5011 3.1412 6.0000 0.0831 0.0556 
12.0100 10.0000 245.9700 0.2664 0.1317 -0.4548 3.0988 6.0000 0.0700 0.0825 
12.4380 11.0000 254.6080 0.2544 0.1326 -0.4681 3.0869 5.0000 0.0465 0.0757 
12.4140 10.0000 253.1800 0.2623 0.1344 -0.4966 3.0961 6.0000 1.0085 0.0802 
11.2160 10.0000 222.7800 0.2800 0.1310 -0.4495 3.1727 6.0000 0.9696 0.1140 
11.8120 10.0000 235.5860 0.2785 0.1382 -0.4756 3.1402 5.0000 0.8313 0.0907 
11.8300 10.0000 240.0980 0.2792 0.1329 -0.4768 3.1303 6.0000 0.1181 0.0837 
12.1660 10.0000 243.8740 0.2622 0.1369 -0.4855 3.1122 6.0000 0.5635 0.0593 
12.9360 11.0000 278.0160 0.2660 0.1331 -0.4935 3.0493 6.0000 0.8304 0.0487 
11.6360 5.0000 232.6600 0.2850 0.1386 -0.4690 3.1483 6.0000 0.8799 0.0856 
11.5220 9.0000 224.6420 0.2768 0.1325 -0.4907 3.1464 6.0000 0.6115 0.0969 
12.2560 7.0000 258.0320 0.2824 0.1346 -0.5044 3.0846 6.0000 0.7333 0.0733 
12.1500 4.0000 250.7240 0.2728 0.1303 -0.4875 3.1037 6.0000 0.4762 0.0459 
11.9940 9.0000 241.4840 0.2679 0.1338 -0.4604 3.1349 6.0000 0.2972 0.0847 
11.9840 10.0000 244.8020 0.2812 0.1380 -0.4862 3.1275 6.0000 0.6674 0.0405 
12.4240 8.0000 261.2360 0.2716 0.1299 -0.4993 3.0761 6.0000 0.6928 0.0800 
11.9580 10.0000 246.3840 0.2778 0.1356 -0.4746 3.1278 6.0000 0.7504 0.0752 
12.1460 10.0000 252.5880 0.2657 0.1300 -0.4654 3.0837 6.0000 0.3568 0.0737 
12.3160 10.0000 263.5740 0.2788 0.1332 -0.4722 3.0749 6.0000 0.2165 0.0789 
11.4340 8.0000 223.2840 0.2703 0.1364 -0.4377 3.1722 6.0000 0.7858 0.0652 
12.0560 10.0000 250.9480 0.2818 0.1348 -0.4925 3.1020 5.0000 0.9224 0.0381 
12.3880 10.0000 259.8720 0.2704 0.1335 -0.4907 3.0755 6.0000 0.8781 0.0859 
12.7240 9.0000 281.0500 0.2761 0.1281 -0.4955 3.0479 6.0000 0.8761 0.0623 
12.1540 10.0000 253.6040 0.2701 0.1361 -0.4601 3.1114 6.0000 0.8801 0.1087 
11.8900 6.0000 245.2720 0.2832 0.1358 -0.4788 3.1278 6.0000 0.7812 0.0727 
12.2900 10.0000 255.4260 0.2675 0.1362 -0.4794 3.0965 6.0000 0.4843 0.0883 
13.0800 10.0000 287.6500 0.2622 0.1326 -0.4739 3.0259 6.0000 0.2619 0.0931 
11.9860 7.0000 247.2440 0.2821 0.1353 -0.4844 3.1269 6.0000 0.6192 0.1071 
12.7340 10.0000 277.2980 0.2712 0.1350 -0.4939 3.0583 6.0000 0.7499 0.0759 
12.1040 10.0000 243.5640 0.2613 0.1336 -0.4735 3.1136 5.0000 0.7041 0.0949 
12.1400 10.0000 250.2500 0.2839 0.1363 -0.5015 3.1047 6.0000 0.7909 0.0927 
12.1980 10.0000 254.0600 0.2613 0.1326 -0.4585 3.1011 6.0000 0.3969 0.0885 
12.2360 5.0000 256.9660 0.2623 0.1253 -0.4750 3.0813 6.0000 0.1336 0.0992 
12.3100 9.0000 261.6100 0.2864 0.1382 -0.4823 3.0990 5.0000 0.7055 0.0529 
11.6920 10.0000 235.9820 0.2728 0.1330 -0.4681 3.1352 6.0000 0.9243 0.0706 
11.0100 9.0000 209.0660 0.2801 0.1382 -0.4501 3.2078 6.0000 0.8372 0.0941 
11.8860 10.0000 247.1260 0.2819 0.1367 -0.4663 3.1336 7.0000 0.6629 0.1215 
12.2640 10.0000 250.9960 0.2716 0.1343 -0.4959 3.0969 6.0000 0.1769 0.0577 
12.6500 10.0000 274.3840 0.2802 0.1348 -0.5017 3.0718 6.0000 0.1766 0.0829 
12.2120 7.0000 251.9620 0.2642 0.1356 -0.4520 3.0927 5.0000 0.6165 0.0638 
12.4320 10.0000 263.3740 0.2789 0.1334 -0.5063 3.0790 6.0000 0.1330 0.0927 
12.0240 10.0000 244.8000 0.2742 0.1331 -0.4814 3.1115 5.0000 0.5710 0.1105 
12.4100 11.0000 251.9980 0.2673 0.1347 -0.5122 3.0852 6.0000 0.7926 0.0891 
12.2820 9.0000 252.8900 0.2793 0.1346 -0.5015 3.0902 6.0000 0.7055 0.0833 
12.3560 10.0000 258.6540 0.2691 0.1328 -0.4844 3.0798 5.0000 0.4432 0.0624 
12.1380 8.0000 256.7860 0.2685 0.1361 -0.4448 3.1026 6.0000 0.1841 0.0496 
12.2340 10.0000 257.9900 0.2709 0.1351 -0.4781 3.1026 6.0000 0.2486 0.0779 
11.4620 10.0000 223.1680 0.2637 0.1331 -0.4455 3.1538 6.0000 0.3239 0.0747 
11.9400 10.0000 248.1840 0.2679 0.1302 -0.4588 3.1006 5.0000 0.2783 0.1112 
12.2340 9.0000 247.4280 0.2719 0.1382 -0.5040 3.1082 6.0000 1.0555 0.0802 
12.1560 7.0000 250.3120 0.2695 0.1336 -0.4641 3.1115 6.0000 0.8796 0.1083 
11.9620 11.0000 240.8740 0.2703 0.1383 -0.4442 3.1397 6.0000 0.1787 0.0856 
12.3420 10.0000 253.5440 0.2615 0.1311 -0.4765 3.0839 6.0000 0.1344 0.0747 
12.4040 10.0000 265.5240 0.2906 0.1388 -0.5096 3.0986 6.0000 0.9886 0.0593 
11.4840 10.0000 230.9600 0.2711 0.1342 -0.4387 3.1604 6.0000 1.0024 0.0487 
11.9100 10.0000 249.7340 0.2829 0.1334 -0.4690 3.1239 6.0000 1.0127 0.0856 
12.2260 3.0000 256.1640 0.2964 0.1379 -0.5283 3.1017 6.0000 0.8246 0.0854 
12.3800 10.0000 263.4920 0.2731 0.1341 -0.4901 3.0791 5.0000 0.8248 0.0733 
11.8260 10.0000 243.4300 0.2816 0.1378 -0.4678 3.1456 6.0000 0.6506 0.0459 
12.3400 10.0000 266.5860 0.2791 0.1304 -0.4853 3.0769 6.0000 0.2410 0.0847 
12.2020 10.0000 262.1980 0.2829 0.1335 -0.4756 3.1063 6.0000 0.7912 0.0972 
12.4240 10.0000 264.6480 0.2656 0.1367 -0.4476 3.0865 6.0000 0.1710 0.0626 
12.3020 10.0000 248.2660 0.2659 0.1357 -0.4868 3.1028 6.0000 0.3517 0.0800 
12.0420 4.0000 252.6960 0.2825 0.1340 -0.4693 3.1118 6.0000 0.6177 0.0905 
12.2040 10.0000 256.2880 0.2591 0.1316 -0.4528 3.0891 6.0000 0.1324 0.0752 
11.9240 8.0000 239.6820 0.2712 0.1372 -0.4726 3.1322 6.0000 0.6561 0.0971 
11.8100 10.0000 238.5700 0.2740 0.1333 -0.4622 3.1094 5.0000 0.2184 0.0789 
12.7240 10.0000 278.4280 0.2663 0.1275 -0.4867 3.0388 5.0000 0.7446 0.1035 
12.2100 10.0000 249.8900 0.2578 0.1324 -0.4510 3.1091 6.0000 0.1317 0.0810 
12.1180 8.0000 249.3000 0.2651 0.1328 -0.4521 3.1068 6.0000 0.4355 0.0381 
11.6680 10.0000 232.4380 0.2709 0.1366 -0.4491 3.1536 6.0000 0.6180 0.1210 
13.1220 7.0000 288.3820 0.2692 0.1339 -0.5025 3.0343 6.0000 0.3090 0.0859 
12.5940 10.0000 271.5160 0.2672 0.1331 -0.4738 3.0637 5.0000 0.6944 0.0623 
12.3720 4.0000 261.2360 0.2687 0.1357 -0.4563 3.0881 6.0000 0.3952 0.0862 
13.0880 10.0000 289.1400 0.2749 0.1317 -0.5229 3.0445 7.0000 0.2599 0.1087 
12.5720 6.0000 271.3320 0.2717 0.1369 -0.4622 3.0617 6.0000 0.6528 0.0727 
12.3420 10.0000 263.2180 0.2634 0.1372 -0.4255 3.0964 6.0000 0.4840 0.0577 
12.3780 8.0000 261.8020 0.2735 0.1338 -0.4854 3.0940 6.0000 0.3937 0.0699 
12.4760 10.0000 268.6900 0.2827 0.1354 -0.4883 3.0889 6.0000 0.7452 0.1071 
12.1980 10.0000 258.2280 0.2805 0.1344 -0.4722 3.0972 6.0000 0.7959 0.0759 
11.6820 10.0000 233.3820 0.2905 0.1404 -0.4868 3.1491 6.0000 0.8803 0.0831 
12.4180 10.0000 265.6520 0.2756 0.1318 -0.4769 3.0839 6.0000 0.8344 0.0990 
12.2260 7.0000 254.2680 0.2699 0.1369 -0.4576 3.1106 6.0000 0.8315 0.0885 
11.6660 10.0000 226.4000 0.2741 0.1337 -0.4809 3.1544 6.0000 0.7912 0.0691 
12.4140 10.0000 260.3220 0.2631 0.1300 -0.4893 3.0758 5.0000 0.1252 0.0529 
12.1180 10.0000 245.6600 0.2525 0.1315 -0.4595 3.0906 6.0000 0.4811 0.0706 
11.9760 10.0000 246.5400 0.2653 0.1330 -0.4375 3.1074 6.0000 0.7925 0.0512 
11.7420 10.0000 236.6820 0.2655 0.1328 -0.4422 3.1264 6.0000 0.7926 0.0451 
12.1660 9.0000 258.0160 0.2749 0.1286 -0.4688 3.0977 6.0000 0.7429 0.0897 
12.2300 9.0000 251.1380 0.2762 0.1362 -0.4972 3.1043 6.0000 0.8745 0.0927 
12.9360 10.0000 277.3720 0.2578 0.1339 -0.4769 3.0410 5.0000 0.8755 0.1105 
12.3380 9.0000 258.1320 0.2732 0.1357 -0.4903 3.0940 6.0000 0.6587 0.0651 
11.8800 10.0000 239.8240 0.2745 0.1374 -0.4588 3.1390 6.0000 0.2642 0.1021 
11.8160 5.0000 250.0700 0.2955 0.1339 -0.4869 3.1190 6.0000 0.4432 0.0876 
12.3680 10.0000 246.8720 0.2596 0.1375 -0.4770 3.1090 6.0000 1.0050 0.0802 
12.9940 8.0000 276.0160 0.2681 0.1357 -0.5107 3.0525 5.0000 0.9647 0.1140 
11.7680 10.0000 236.8660 0.2716 0.1306 -0.4850 3.1205 6.0000 0.8265 0.0907 
11.9940 7.0000 244.2480 0.2862 0.1345 -0.4899 3.1238 5.0000 1.0963 0.0593 
12.5200 10.0000 264.5880 0.2722 0.1335 -0.4803 3.0751 6.0000 0.8728 0.0487 
11.8780 10.0000 244.9100 0.2675 0.1348 -0.4353 3.1175 6.0000 0.8378 0.0856 
11.9780 10.0000 244.5480 0.2766 0.1325 -0.4945 3.1184 6.0000 0.5607 0.0969 
11.9620 10.0000 243.9540 0.2849 0.1346 -0.4996 3.1226 6.0000 0.3884 0.1124 
12.1660 10.0000 248.2280 0.2663 0.1318 -0.4773 3.0944 6.0000 0.1382 0.1032 
12.5440 10.0000 260.6020 0.2663 0.1352 -0.4815 3.0806 6.0000 0.5660 0.0847 
12.5920 7.0000 280.5300 0.2835 0.1305 -0.4962 3.0530 5.0000 0.8827 0.0405 
12.3820 10.0000 263.7080 0.2676 0.1348 -0.4449 3.0870 5.0000 0.6920 0.0800 
12.2360 9.0000 258.4780 0.2849 0.1417 -0.4656 3.1170 6.0000 0.7009 0.0666 
12.3940 10.0000 257.6560 0.2624 0.1332 -0.4732 3.0721 6.0000 0.2204 0.0590 
12.0640 10.0000 253.1880 0.2849 0.1404 -0.4737 3.1287 6.0000 0.1803 0.0789 
11.3900 9.0000 223.5780 0.2739 0.1300 -0.4669 3.1432 6.0000 0.8939 0.0652 
12.3440 10.0000 251.9860 0.2729 0.1362 -0.4873 3.1044 5.0000 0.7890 0.0381 
11.4760 9.0000 231.1940 0.2634 0.1295 -0.4436 3.1357 6.0000 0.6181 0.0878 
11.9040 8.0000 242.3700 0.2606 0.1302 -0.4649 3.1134 6.0000 0.2614 0.0859 
11.6280 10.0000 222.5680 0.2571 0.1334 -0.4480 3.1594 6.0000 0.5253 0.0586 
11.8820 9.0000 237.7140 0.2772 0.1370 -0.4827 3.1325 6.0000 0.8343 0.1087 
12.1360 11.0000 251.8980 0.2826 0.1393 -0.4622 3.1269 6.0000 0.9585 0.0918 
11.7460 10.0000 228.6560 0.2662 0.1381 -0.4643 3.1476 6.0000 0.7885 0.0695 
12.5920 9.0000 273.1900 0.2685 0.1319 -0.4849 3.0712 6.0000 0.7898 0.1071 
11.9860 6.0000 250.3680 0.2916 0.1341 -0.5045 3.1122 6.0000 0.6568 0.0928 
12.5680 10.0000 269.9580 0.2694 0.1342 -0.4647 3.0744 6.0000 0.3127 0.0535 
11.5640 10.0000 225.7320 0.2737 0.1339 -0.4624 3.1492 6.0000 0.4337 0.0831 
12.2820 9.0000 263.1160 0.2884 0.1367 -0.4858 3.0967 6.0000 0.7045 0.0990 
12.1840 10.0000 257.4660 0.2814 0.1318 -0.5018 3.0901 6.0000 0.8334 0.0774 
12.2180 7.0000 257.0840 0.2781 0.1411 -0.4498 3.1184 6.0000 0.8788 0.0529 
12.6120 10.0000 264.3340 0.2596 0.1333 -0.4744 3.0790 6.0000 0.9678 0.0706 
11.9260 10.0000 247.9100 0.2823 0.1350 -0.4715 3.1142 6.0000 0.8732 0.0941 
11.8120 10.0000 236.3720 0.2669 0.1363 -0.4523 3.1373 6.0000 0.7034 0.1215 
12.3840 5.0000 258.2540 0.2522 0.1329 -0.4521 3.0892 5.0000 0.1758 0.0577 
11.9380 10.0000 242.6940 0.2769 0.1318 -0.4839 3.1251 6.0000 0.1772 0.0829 
12.2540 9.0000 253.6880 0.2592 0.1319 -0.4457 3.0935 5.0000 0.5280 0.0927 
12.1180 10.0000 242.9980 0.2653 0.1369 -0.4716 3.1100 6.0000 0.8756 0.1105 
11.7340 10.0000 239.7800 0.2888 0.1389 -0.4825 3.1513 6.0000 0.7061 0.0651 
12.0120 6.0000 258.0500 0.2954 0.1328 -0.4859 3.0925 5.0000 0.3068 0.0659 
12.4120 10.0000 258.5480 0.2621 0.1348 -0.4480 3.1054 6.0000 0.3971 0.0833 
12.3600 10.0000 253.6400 0.2705 0.1358 -0.4952 3.1018 6.0000 0.2201 0.0781 
12.7300 10.0000 276.2100 0.2625 0.1297 -0.4731 3.0383 6.0000 0.1798 0.0933 
12.1080 10.0000 259.7100 0.2850 0.1337 -0.4831 3.0956 6.0000 0.1441 0.0496 
12.2640 9.0000 247.3780 0.2697 0.1380 -0.4866 3.1205 6.0000 0.2152 0.0773 
11.9260 9.0000 233.8440 0.2683 0.1346 -0.4803 3.1357 6.0000 0.3632 0.0693 
13.0460 11.0000 280.2080 0.2575 0.1319 -0.5039 3.0340 5.0000 0.8277 0.0802 
12.2360 7.0000 255.1420 0.2808 0.1368 -0.4801 3.0854 5.0000 0.3958 0.0834 
11.9540 5.0000 246.0760 0.2670 0.1333 -0.4402 3.1116 6.0000 0.2555 0.0996 
11.4580 9.0000 234.6020 0.2785 0.1302 -0.4626 3.1330 6.0000 0.4376 0.0907 
11.6500 6.0000 235.2560 0.2794 0.1382 -0.4552 3.1325 6.0000 1.0728 0.0593 
11.7680 6.0000 234.3560 0.2640 0.1351 -0.4462 3.1320 6.0000 0.9615 0.0487 
11.6840 10.0000 241.9900 0.2778 0.1342 -0.4518 3.1359 7.0000 1.0137 0.0856 
12.3320 7.0000 254.3820 0.2724 0.1355 -0.4938 3.0944 6.0000 0.8244 0.0854 
11.4720 10.0000 237.5760 0.2957 0.1368 -0.4664 3.1507 6.0000 0.7436 0.0733 
11.7780 10.0000 231.4780 0.2739 0.1367 -0.4689 3.1513 6.0000 0.9672 0.0847 
11.8540 10.0000 242.5040 0.2680 0.1316 -0.4520 3.1210 6.0000 0.8639 0.0972 
12.2860 7.0000 257.1640 0.2730 0.1336 -0.4878 3.0982 5.0000 0.4334 0.0567 
11.9800 10.0000 249.1620 0.2681 0.1331 -0.4460 3.1160 6.0000 0.1806 0.0823 
12.0360 9.0000 251.3960 0.2732 0.1326 -0.4785 3.1040 5.0000 0.4414 0.0752 
12.4560 10.0000 263.0060 0.2578 0.1328 -0.4558 3.0807 6.0000 0.7383 0.0877 
12.4780 10.0000 271.9520 0.2843 0.1371 -0.4768 3.0707 6.0000 1.0978 0.0652 
11.8680 10.0000 247.4460 0.2758 0.1324 -0.4577 3.1137 6.0000 0.9276 0.0381 
11.4900 8.0000 223.9540 0.2690 0.1325 -0.4488 3.1541 6.0000 0.8383 0.0859 
12.0520 10.0000 238.5920 0.2752 0.1351 -0.5122 3.1186 6.0000 0.8713 0.0623 
12.3400 8.0000 256.1840 0.2613 0.1368 -0.4547 3.0991 6.0000 0.7927 0.0862 
11.8000 8.0000 237.8500 0.2799 0.1350 -0.4923 3.1388 6.0000 0.1763 0.1029 
12.3100 10.0000 263.7040 0.2667 0.1340 -0.4404 3.0824 6.0000 0.3437 0.0702 
12.5560 10.0000 279.2320 0.2730 0.1314 -0.4603 3.0679 6.0000 0.7017 0.0695 
12.2120 9.0000 261.9220 0.2706 0.1317 -0.4463 3.0764 6.0000 0.8315 0.1071 
12.2440 10.0000 249.6420 0.2720 0.1341 -0.4980 3.1065 6.0000 0.8754 0.0957 
12.0320 9.0000 245.5440 0.2721 0.1339 -0.4778 3.1041 6.0000 0.7941 0.0949 
11.9160 10.0000 248.1840 0.2743 0.1326 -0.4518 3.1183 6.0000 0.8860 0.0927 
11.8040 9.0000 236.5640 0.2534 0.1337 -0.4297 3.1355 6.0000 0.7352 0.0422 
11.9220 9.0000 245.5680 0.2752 0.1368 -0.4574 3.1301 6.0000 0.3985 0.1305 
12.2180 10.0000 255.1340 0.2773 0.1340 -0.4879 3.1034 6.0000 0.2193 0.0529 
11.9100 10.0000 236.7840 0.2632 0.1336 -0.4699 3.1102 6.0000 0.8805 0.0706 
11.8640 10.0000 240.1760 0.2758 0.1363 -0.4619 3.1292 6.0000 0.8810 0.0941 
11.8800 10.0000 249.0780 0.2710 0.1340 -0.4260 3.1203 6.0000 0.8802 0.0451 
11.8620 7.0000 237.3380 0.2536 0.1321 -0.4387 3.1187 5.0000 0.7500 0.0897 
11.8980 10.0000 240.7000 0.2800 0.1341 -0.4928 3.1288 6.0000 0.8342 0.0927 
12.3180 10.0000 256.5440 0.2699 0.1336 -0.4829 3.0860 6.0000 0.8329 0.1105 
12.2240 5.0000 254.4000 0.2742 0.1341 -0.4738 3.0852 5.0000 0.6570 0.0651 
12.6960 8.0000 273.7960 0.2664 0.1339 -0.4903 3.0641 5.0000 0.3440 0.0690 
12.0700 10.0000 247.6680 0.2734 0.1326 -0.4868 3.0969 6.0000 0.4793 0.0781 
12.3480 10.0000 257.5660 0.2549 0.1347 -0.4416 3.1062 6.0000 0.3906 0.0933 
12.1900 10.0000 249.8200 0.2780 0.1363 -0.4745 3.1128 6.0000 0.4878 0.0657 
12.3320 11.0000 255.5240 0.2826 0.1390 -0.5044 3.1019 5.0000 0.5773 0.0693 
11.6640 8.0000 236.3140 0.2583 0.1349 -0.4187 3.1334 7.0000 0.3568 0.0871 
11.5900 10.0000 236.4220 0.2712 0.1368 -0.4279 3.1560 7.0000 0.1086 0.0840 
12.2880 9.0000 258.0900 0.2720 0.1325 -0.4931 3.0995 6.0000 0.0719 0.0757 
11.7960 9.0000 233.9380 0.2742 0.1376 -0.4724 3.1388 6.0000 1.0003 0.0802 
12.4860 4.0000 265.1540 0.2678 0.1351 -0.4666 3.0807 6.0000 0.9238 0.1140 
12.4020 7.0000 257.8180 0.2694 0.1344 -0.4890 3.0986 6.0000 0.7047 0.1171 
12.3780 10.0000 258.1380 0.2774 0.1315 -0.5202 3.0806 5.0000 0.1745 0.0837 
11.6080 10.0000 233.7980 0.2795 0.1320 -0.4752 3.1236 6.0000 0.5623 0.0593 
11.9880 10.0000 243.8820 0.2705 0.1373 -0.4620 3.1208 6.0000 0.9164 0.0487 
12.2440 5.0000 252.1900 0.2682 0.1346 -0.4863 3.0959 6.0000 0.8360 0.0856 
11.8320 10.0000 237.3740 0.2660 0.1301 -0.4591 3.1263 6.0000 0.6811 0.0969 
12.5280 10.0000 261.7820 0.2603 0.1346 -0.4735 3.0732 6.0000 0.9992 0.0733 
12.3380 10.0000 262.1880 0.2824 0.1381 -0.4851 3.0902 6.0000 0.9132 0.0847 
12.2000 7.0000 251.8440 0.2682 0.1359 -0.4541 3.1078 6.0000 0.9528 0.0405 
12.0980 8.0000 238.8740 0.2683 0.1341 -0.5157 3.1235 6.0000 0.6963 0.0800 
12.3420 10.0000 255.6480 0.2549 0.1305 -0.4551 3.0817 5.0000 0.7039 0.0666 
12.5720 5.0000 265.4360 0.2731 0.1333 -0.4920 3.0726 6.0000 0.1783 0.0566 
12.0500 10.0000 253.0940 0.2666 0.1309 -0.4512 3.0942 6.0000 0.2536 0.0789 
12.2520 9.0000 257.5260 0.2730 0.1383 -0.4539 3.0999 6.0000 1.0024 0.0652 
12.6560 11.0000 270.1100 0.2800 0.1404 -0.4801 3.1001 6.0000 0.9274 0.0381 
11.5020 10.0000 224.9320 0.2801 0.1363 -0.4654 3.1620 7.0000 0.8378 0.0859 
11.6160 9.0000 242.3900 0.2838 0.1346 -0.4360 3.1553 8.0000 0.7876 0.0623 
11.8500 9.0000 231.1540 0.2512 0.1309 -0.4433 3.1248 6.0000 0.6138 0.0621 
12.0380 10.0000 249.9080 0.2740 0.1329 -0.4663 3.1010 6.0000 0.1746 0.0474 
11.6960 10.0000 229.9060 0.2698 0.1369 -0.4545 3.1613 6.0000 0.6559 0.0918 
12.5080 9.0000 269.5400 0.2892 0.1358 -0.5201 3.0795 5.0000 0.7885 0.0695 
12.0960 10.0000 247.1640 0.2614 0.1312 -0.4472 3.1099 6.0000 0.7896 0.1071 
12.1120 10.0000 255.9640 0.2719 0.1357 -0.4425 3.1077 6.0000 0.8321 0.0928 
11.4960 9.0000 232.2500 0.2735 0.1331 -0.4492 3.1496 7.0000 0.6601 0.0733 
12.4580 11.0000 268.6200 0.2822 0.1363 -0.4709 3.0809 6.0000 0.1755 0.0986 
11.9500 10.0000 250.8220 0.2800 0.1307 -0.4690 3.1005 6.0000 0.5284 0.0562 
11.8120 10.0000 240.2560 0.2945 0.1385 -0.4963 3.1448 6.0000 0.7927 0.0774 
11.3300 10.0000 227.9720 0.2875 0.1316 -0.4666 3.1464 5.0000 0.8394 0.0529 
12.4860 4.0000 263.1880 0.2623 0.1338 -0.4669 3.0816 6.0000 0.9691 0.0706 
12.4660 9.0000 259.8260 0.2557 0.1305 -0.4530 3.0776 6.0000 0.4412 0.1184 
12.4540 10.0000 257.3900 0.2715 0.1313 -0.5111 3.0776 6.0000 0.1344 0.0512 
11.5560 10.0000 229.2100 0.2716 0.1354 -0.4422 3.1622 7.0000 0.6579 0.0451 
11.9340 10.0000 234.0140 0.2579 0.1392 -0.4447 3.1429 6.0000 0.6560 0.0829 
12.1220 7.0000 248.1080 0.2770 0.1369 -0.5016 3.1193 6.0000 0.8309 0.0927 
11.7700 10.0000 226.6120 0.2503 0.1316 -0.4551 3.1460 6.0000 0.9187 0.1105 
11.6000 2.0000 232.8180 0.2830 0.1376 -0.4550 3.1524 6.0000 0.8809 0.0891 
12.8740 10.0000 274.4420 0.2676 0.1316 -0.5089 3.0492 6.0000 0.3062 0.0456 
11.9220 10.0000 240.4680 0.2580 0.1294 -0.4387 3.1295 6.0000 0.2191 0.0781 
12.3080 10.0000 258.8800 0.2746 0.1322 -0.4830 3.0783 5.0000 0.3355 0.0944 
12.7660 8.0000 270.4260 0.2480 0.1302 -0.4702 3.0596 5.0000 0.3892 0.0657 
11.6420 10.0000 238.1800 0.2913 0.1338 -0.4856 3.1429 6.0000 0.5402 0.0693 
12.1280 10.0000 253.0680 0.2752 0.1326 -0.4769 3.0991 6.0000 0.4150 0.0871 
12.2360 9.0000 249.8960 0.2649 0.1328 -0.4711 3.1007 6.0000 0.1410 0.0704 
12.6220 10.0000 268.5000 0.2818 0.1358 -0.5340 3.0720 6.0000 1.0516 0.0802 
11.6520 9.0000 235.5340 0.2658 0.1302 -0.4400 3.1279 6.0000 0.9656 0.1083 
11.9100 10.0000 238.7800 0.2779 0.1374 -0.4823 3.1379 6.0000 0.4858 0.0497 
11.5260 10.0000 227.5480 0.2752 0.1407 -0.4406 3.1713 6.0000 0.1290 0.0907 
12.0980 10.0000 245.9580 0.2634 0.1313 -0.4716 3.1007 6.0000 1.0062 0.0593 
12.3200 7.0000 258.7780 0.2821 0.1324 -0.5123 3.0928 6.0000 0.8725 0.0487 
12.3240 10.0000 259.9000 0.2909 0.1372 -0.5094 3.0931 6.0000 0.9706 0.0856 
12.1180 10.0000 249.3880 0.2719 0.1373 -0.4790 3.1210 6.0000 0.8248 0.0969 
11.6780 10.0000 227.9480 0.2762 0.1354 -0.4812 3.1469 7.0000 0.9114 0.0733 
12.4660 8.0000 265.2900 0.2613 0.1314 -0.4626 3.0771 5.0000 0.8711 0.0847 
11.9860 9.0000 245.5780 0.2665 0.1312 -0.4613 3.0933 5.0000 0.8591 0.0972 
11.8260 8.0000 241.2480 0.2598 0.1345 -0.4313 3.1210 6.0000 0.4686 0.0567 
11.9220 10.0000 248.0980 0.2731 0.1320 -0.4566 3.1222 6.0000 0.2182 0.0823 
12.2780 10.0000 254.9300 0.2777 0.1347 -0.4932 3.0863 6.0000 0.4809 0.0752 
12.2240 10.0000 252.1840 0.2652 0.1326 -0.4620 3.0880 5.0000 0.7030 0.0877 
12.1780 10.0000 257.9960 0.2696 0.1330 -0.4609 3.0910 6.0000 1.0920 0.0652 
12.5280 11.0000 258.2600 0.2562 0.1324 -0.4680 3.0862 6.0000 0.9667 0.0381 
12.7200 10.0000 264.0160 0.2601 0.1306 -0.4848 3.0601 5.0000 0.7903 0.0859 
13.0160 11.0000 285.3040 0.2672 0.1346 -0.4903 3.0331 5.0000 0.9166 0.0623 
12.5440 10.0000 263.6500 0.2681 0.1364 -0.4853 3.0942 6.0000 0.9688 0.1087 
11.2100 4.0000 217.7000 0.2790 0.1326 -0.4723 3.1640 6.0000 0.8742 0.0727 
12.1080 8.0000 257.5840 0.2662 0.1317 -0.4372 3.0961 6.0000 0.3085 0.0678 
11.7160 9.0000 227.3180 0.2725 0.1367 -0.4875 3.1337 6.0000 0.4383 0.0695 
12.1060 10.0000 246.4200 0.2737 0.1325 -0.4888 3.0957 6.0000 0.4360 0.0645 
11.6600 10.0000 240.9660 0.2808 0.1322 -0.4446 3.1464 6.0000 0.3073 0.1071 
11.8640 8.0000 244.1080 0.2733 0.1310 -0.4596 3.1192 6.0000 0.7476 0.0928 
12.1060 10.0000 248.4480 0.2841 0.1367 -0.5109 3.1145 6.0000 0.3125 0.0640 
11.4020 6.0000 227.1780 0.2850 0.1361 -0.4530 3.1687 6.0000 0.4400 0.0949 
12.8480 8.0000 271.4140 0.2621 0.1327 -0.4998 3.0655 6.0000 0.5277 0.0963 
12.1260 7.0000 254.2740 0.2884 0.1348 -0.4940 3.1177 6.0000 0.2171 0.0990 
12.2180 10.0000 245.8340 0.2583 0.1344 -0.4696 3.0995 6.0000 0.6135 0.0422 
12.0060 10.0000 244.3440 0.2691 0.1341 -0.4721 3.1176 6.0000 0.1717 0.0605 
12.0280 7.0000 247.5100 0.2826 0.1338 -0.4889 3.1073 6.0000 0.5745 0.0691 
12.1640 10.0000 256.7660 0.2881 0.1332 -0.5033 3.0928 6.0000 1.0845 0.0693 
12.6120 10.0000 271.1220 0.2558 0.1297 -0.4727 3.0577 7.0000 0.1361 0.0664 
12.0260 8.0000 244.0540 0.2679 0.1353 -0.4648 3.1110 6.0000 0.5695 0.0594 
12.5120 9.0000 265.3080 0.2769 0.1335 -0.5057 3.0700 5.0000 0.2652 0.0653 
12.0180 8.0000 250.4980 0.2935 0.1366 -0.5147 3.1075 6.0000 0.3906 0.0451 
11.8220 10.0000 236.9560 0.2803 0.1360 -0.4914 3.1395 6.0000 0.6584 0.0956 
12.3400 10.0000 262.1400 0.2889 0.1317 -0.5060 3.0914 5.0000 0.1756 0.0852 
11.6720 10.0000 237.5720 0.2783 0.1360 -0.4488 3.1232 6.0000 0.2216 0.0927 
12.4620 10.0000 261.2120 0.2701 0.1333 -0.4984 3.0875 6.0000 0.8344 0.1105 
12.3740 4.0000 269.0580 0.2773 0.1365 -0.4538 3.0740 6.0000 0.7914 0.0891 
12.5340 9.0000 270.1420 0.2774 0.1373 -0.4711 3.0861 6.0000 0.4384 0.0974 
11.9640 10.0000 250.6960 0.2708 0.1309 -0.4611 3.1135 6.0000 0.1777 0.0781 
12.5000 10.0000 262.7700 0.2764 0.1375 -0.4854 3.0769 6.0000 1.0443 0.0802 
12.5460 7.0000 269.0300 0.2877 0.1343 -0.5178 3.0699 5.0000 0.9609 0.1140 
12.6020 10.0000 274.7460 0.2609 0.1301 -0.4533 3.0655 5.0000 0.7424 0.1171 
11.4340 9.0000 227.0680 0.2756 0.1314 -0.4644 3.1581 6.0000 0.1564 0.0837 
12.4300 10.0000 259.3580 0.2576 0.1340 -0.4663 3.0860 6.0000 0.5738 0.0593 
12.1080 10.0000 253.6700 0.2766 0.1338 -0.4771 3.1006 6.0000 0.8736 0.0487 
11.6200 2.0000 230.9200 0.2854 0.1412 -0.4659 3.1686 6.0000 0.9653 0.0856 
12.2280 8.0000 254.6720 0.2821 0.1335 -0.5135 3.0854 5.0000 0.6160 0.0969 
12.6700 8.0000 272.8060 0.2872 0.1391 -0.5092 3.0831 5.0000 0.9617 0.0733 
13.1120 5.0000 289.0880 0.2619 0.1327 -0.4833 3.0383 6.0000 0.8993 0.0847 
11.7920 10.0000 235.4000 0.2733 0.1344 -0.4884 3.1313 6.0000 0.8693 0.0405 
11.3760 10.0000 232.8740 0.2821 0.1344 -0.4355 3.1610 6.0000 0.7300 0.0800 
12.4280 8.0000 265.0180 0.2734 0.1330 -0.4852 3.0714 6.0000 0.2647 0.0546 
11.9280 10.0000 242.6360 0.2703 0.1300 -0.4899 3.1072 6.0000 0.1350 0.0753 
12.1140 9.0000 251.0440 0.2848 0.1387 -0.4830 3.1094 6.0000 0.6558 0.0789 
12.4680 3.0000 268.8120 0.2731 0.1295 -0.4914 3.0694 6.0000 0.9423 0.0652 
12.2160 10.0000 248.0780 0.2765 0.1364 -0.4919 3.1060 6.0000 0.7058 0.0381 
12.1580 10.0000 251.1680 0.2751 0.1333 -0.4903 3.0968 6.0000 0.4373 0.1210 
12.0720 3.0000 248.0760 0.2762 0.1336 -0.4881 3.1205 6.0000 0.2631 0.0859 
12.6300 8.0000 264.7420 0.2699 0.1362 -0.4963 3.0713 5.0000 0.7427 0.0586 
11.9920 10.0000 240.5240 0.2636 0.1358 -0.4689 3.1295 6.0000 0.8332 0.1087 
11.9040 10.0000 246.7260 0.2807 0.1295 -0.4856 3.1038 5.0000 0.9085 0.0584 
12.1160 4.0000 248.2720 0.2823 0.1391 -0.4780 3.1251 6.0000 0.5755 0.0456 
12.3820 8.0000 258.3740 0.2728 0.1365 -0.4874 3.0837 6.0000 0.1747 0.0723 
11.4900 9.0000 232.9200 0.2681 0.1295 -0.4513 3.1361 7.0000 0.4791 0.1071 
12.0640 9.0000 251.8840 0.2765 0.1336 -0.4611 3.1141 6.0000 0.7024 0.0759 
12.0780 8.0000 261.3060 0.2979 0.1371 -0.4834 3.1059 6.0000 0.7882 0.0831 
11.7840 9.0000 244.7360 0.2921 0.1366 -0.4852 3.1273 6.0000 0.7914 0.0927 
11.9280 9.0000 238.7920 0.2701 0.1322 -0.4933 3.1160 6.0000 0.7407 0.0422 
11.9400 10.0000 250.8600 0.2898 0.1380 -0.4798 3.1220 6.0000 0.4904 0.0638 
12.8440 11.0000 272.3760 0.2727 0.1371 -0.5035 3.0662 6.0000 0.1726 0.0529 
12.1640 10.0000 259.5240 0.2846 0.1367 -0.4721 3.1090 6.0000 0.7919 0.0706 
11.5960 9.0000 228.3660 0.2796 0.1368 -0.4791 3.1536 6.0000 0.9230 0.0512 
12.3200 10.0000 254.1620 0.2567 0.1344 -0.4426 3.0978 5.0000 0.7466 0.0451 
11.9700 4.0000 243.0000 0.2691 0.1341 -0.4688 3.1191 6.0000 0.8440 0.0829 
12.4480 11.0000 261.4480 0.2653 0.1303 -0.4834 3.0731 6.0000 0.7411 0.0927 
12.4940 10.0000 263.8880 0.2657 0.1305 -0.5009 3.0646 5.0000 0.6157 0.0757 
11.8860 10.0000 246.7400 0.2674 0.1330 -0.4455 3.1105 6.0000 0.1770 0.0485 
12.6940 10.0000 274.3520 0.2674 0.1326 -0.4825 3.0488 5.0000 0.3937 0.0891 
12.3060 10.0000 255.5760 0.2577 0.1321 -0.4461 3.0946 6.0000 0.6600 0.0594 
12.0400 10.0000 245.0560 0.2607 0.1290 -0.4681 3.0999 6.0000 0.3958 0.0915 
12.2960 10.0000 255.0540 0.2674 0.1311 -0.4835 3.0978 6.0000 0.2137 0.0246 
12.4580 8.0000 266.0740 0.2626 0.1311 -0.4674 3.0687 6.0000 0.1790 0.0657 
12.2000 7.0000 248.8660 0.2690 0.1363 -0.4805 3.1102 6.0000 0.2531 0.0782 
12.1340 10.0000 248.2100 0.2621 0.1352 -0.4399 3.1036 6.0000 0.1073 0.0747 
