12.5480 11.0000 262.2420 0.3856 0.2330 -0.4332 3.3097 6.0000 0.7389 0.0844 
12.1240 10.0000 255.7860 0.4261 0.2459 -0.4683 3.3936 7.0000 0.2496 0.0925 
12.0160 10.0000 252.1160 0.4090 0.2308 -0.4690 3.3513 6.0000 0.1771 0.1227 
12.1660 5.0000 250.4820 0.4079 0.2380 -0.4835 3.3789 6.0000 0.2167 0.0665 
11.9380 9.0000 243.2160 0.4154 0.2392 -0.4675 3.3904 6.0000 0.5640 0.0652 
12.3320 10.0000 263.6080 0.4262 0.2482 -0.4596 3.4075 7.0000 0.6455 0.0646 
12.0760 9.0000 250.7400 0.4036 0.2302 -0.4814 3.4041 6.0000 0.4408 0.0658 
13.0520 11.0000 282.1020 0.3761 0.2354 -0.4236 3.2806 6.0000 0.9004 0.0645 
11.6500 10.0000 232.9060 0.4161 0.2523 -0.3971 3.4938 7.0000 0.5092 0.0540 
12.5120 11.0000 262.7040 0.4162 0.2386 -0.4998 3.3293 8.0000 0.5457 0.0779 
12.9600 10.0000 284.0440 0.3971 0.2351 -0.4662 3.2903 6.0000 0.2212 0.1059 
11.1040 9.0000 224.2840 0.3941 0.2113 -0.4313 3.3960 8.0000 0.2562 0.0926 
12.2780 10.0000 251.6680 0.3829 0.2287 -0.4443 3.3567 7.0000 0.4486 0.0649 
11.6160 10.0000 238.7180 0.4305 0.2391 -0.4513 3.4268 7.0000 0.3708 0.0605 
11.8500 9.0000 243.1420 0.4032 0.2308 -0.4785 3.3692 6.0000 0.7479 0.0623 
12.2780 10.0000 258.2660 0.4164 0.2375 -0.4677 3.3804 7.0000 0.6116 0.0715 
12.0760 10.0000 251.4440 0.4319 0.2516 -0.4606 3.4022 7.0000 0.3931 0.0619 
11.5140 2.0000 232.1260 0.4184 0.2446 -0.4303 3.4516 6.0000 0.2638 0.0894 
12.2040 10.0000 258.3980 0.4270 0.2433 -0.4589 3.4075 7.0000 0.1354 0.1140 
12.4080 10.0000 264.5260 0.4008 0.2348 -0.4662 3.3493 7.0000 0.1766 0.0981 
12.7580 11.0000 274.7260 0.3955 0.2381 -0.4527 3.3694 7.0000 0.4858 0.0834 
11.8700 10.0000 240.6720 0.4080 0.2239 -0.4996 3.3695 7.0000 0.4385 0.0630 
11.3400 8.0000 225.2040 0.4382 0.2506 -0.4547 3.4744 7.0000 0.6292 0.0672 
12.5680 9.0000 261.2180 0.4067 0.2368 -0.5071 3.3532 6.0000 0.1780 0.0787 
12.0580 6.0000 243.2280 0.3881 0.2313 -0.4699 3.3582 6.0000 0.1335 0.0871 
12.0200 10.0000 248.6140 0.4440 0.2395 -0.5462 3.4521 7.0000 0.4290 0.0311 
12.3100 11.0000 253.2740 0.3910 0.2340 -0.4448 3.3900 8.0000 0.2880 0.0705 
12.1680 9.0000 257.5300 0.4355 0.2470 -0.4978 3.4125 6.0000 0.2373 0.0842 
12.2940 10.0000 257.0880 0.4049 0.2336 -0.4652 3.3638 7.0000 0.4361 0.0796 
12.0220 10.0000 252.4760 0.4440 0.2497 -0.4853 3.4210 7.0000 0.4347 0.0792 
12.1180 7.0000 251.7720 0.4083 0.2324 -0.4631 3.3376 6.0000 0.7422 0.0586 
11.7400 10.0000 233.3660 0.3846 0.2349 -0.3942 3.4231 8.0000 0.2126 0.0862 
12.5740 5.0000 268.8640 0.4269 0.2448 -0.5110 3.3418 6.0000 0.1354 0.0740 
12.4780 10.0000 264.9080 0.3965 0.2328 -0.4576 3.3372 8.0000 0.3845 0.0713 
12.2040 10.0000 247.7380 0.3926 0.2383 -0.4505 3.3671 7.0000 0.4411 0.0630 
11.8500 10.0000 241.0300 0.3945 0.2348 -0.4337 3.3945 7.0000 0.4328 0.0798 
12.3600 4.0000 256.0280 0.4023 0.2306 -0.4928 3.3460 6.0000 0.3953 0.1043 
12.0360 10.0000 249.2800 0.4037 0.2344 -0.4426 3.3682 6.0000 0.1309 0.1081 
11.8560 10.0000 246.1680 0.4180 0.2302 -0.4870 3.3987 8.0000 0.6748 0.0640 
11.6080 10.0000 231.2500 0.4267 0.2391 -0.4788 3.4522 7.0000 0.3145 0.0990 
12.3080 10.0000 257.2880 0.4076 0.2480 -0.4158 3.3815 7.0000 0.3357 0.0833 
12.0540 9.0000 250.6780 0.4260 0.2422 -0.4866 3.4557 8.0000 0.3067 0.1020 
12.4000 10.0000 273.9740 0.4188 0.2356 -0.4689 3.3820 7.0000 0.0978 0.0786 
12.4720 10.0000 267.1580 0.4188 0.2388 -0.4848 3.3547 6.0000 0.1777 0.0917 
11.7180 8.0000 241.9680 0.4186 0.2321 -0.4760 3.3796 7.0000 0.0774 0.0834 
12.8080 9.0000 278.6060 0.4114 0.2340 -0.5113 3.2996 6.0000 0.0247 0.0746 
12.4680 2.0000 262.2060 0.3925 0.2270 -0.4783 3.3276 9.0000 0.7763 0.0628 
12.2840 10.0000 262.4460 0.4243 0.2346 -0.4995 3.3553 7.0000 0.1308 0.0905 
11.7220 10.0000 237.3900 0.4411 0.2458 -0.4920 3.4368 7.0000 0.3473 0.0651 
12.3800 9.0000 263.7840 0.4037 0.2302 -0.4745 3.3500 6.0000 0.8286 0.0652 
12.5580 10.0000 265.9980 0.4033 0.2310 -0.5058 3.3347 7.0000 0.5353 0.0779 
12.4140 10.0000 263.8720 0.4194 0.2517 -0.4399 3.3794 7.0000 0.3054 0.0376 
12.3260 10.0000 254.9740 0.4078 0.2397 -0.4810 3.4094 8.0000 0.2508 0.0609 
12.7300 9.0000 273.4920 0.4117 0.2283 -0.5467 3.3183 7.0000 0.5199 0.0645 
13.4120 11.0000 291.8360 0.4212 0.2562 -0.5160 3.3099 6.0000 0.3080 0.0532 
12.0340 10.0000 241.8760 0.3995 0.2352 -0.4805 3.3701 6.0000 0.1226 0.0724 
12.4500 10.0000 265.5260 0.3962 0.2287 -0.4534 3.3064 6.0000 0.1523 0.0626 
12.3260 11.0000 261.2580 0.4160 0.2400 -0.4611 3.3871 7.0000 0.3811 0.0839 
11.7600 6.0000 241.7400 0.4316 0.2304 -0.5180 3.4063 7.0000 0.2092 0.0926 
12.0100 10.0000 246.0800 0.4119 0.2356 -0.4887 3.4015 6.0000 0.4160 0.0649 
11.9220 10.0000 243.6340 0.4089 0.2376 -0.4661 3.4183 7.0000 0.3728 0.0605 
12.2380 10.0000 256.5880 0.4131 0.2365 -0.4761 3.3784 7.0000 0.6306 0.0623 
12.1340 10.0000 254.0560 0.4134 0.2373 -0.4632 3.3816 7.0000 0.4414 0.0993 
12.0160 8.0000 246.2720 0.4100 0.2279 -0.4878 3.3330 6.0000 0.0922 0.0782 
12.4460 5.0000 271.4540 0.4046 0.2267 -0.4685 3.3147 6.0000 0.1294 0.1024 
11.6460 10.0000 237.9040 0.4198 0.2413 -0.4404 3.4632 7.0000 0.3938 0.0785 
12.0600 10.0000 253.9720 0.4321 0.2410 -0.4845 3.4065 6.0000 0.4406 0.0981 
11.9960 10.0000 248.2860 0.4004 0.2345 -0.4258 3.3791 6.0000 0.6197 0.0834 
12.5780 10.0000 272.8520 0.4146 0.2253 -0.5357 3.3106 6.0000 0.4418 0.0630 
12.4720 7.0000 260.5560 0.4040 0.2389 -0.4642 3.3753 6.0000 0.5516 0.0821 
12.5520 9.0000 267.0000 0.4270 0.2399 -0.5389 3.3661 6.0000 0.5996 0.0944 
12.5700 4.0000 267.9840 0.3966 0.2327 -0.4640 3.3099 6.0000 0.4803 0.1060 
11.9580 10.0000 251.3740 0.4140 0.2261 -0.4915 3.3434 6.0000 0.3989 0.0842 
11.9060 10.0000 245.1320 0.4198 0.2366 -0.4773 3.3986 7.0000 0.5152 0.0796 
12.3340 3.0000 265.7920 0.4416 0.2427 -0.5224 3.3941 9.0000 0.5663 0.0792 
12.2540 11.0000 254.9380 0.4139 0.2438 -0.4556 3.3598 7.0000 0.5452 0.0788 
11.9640 7.0000 247.0240 0.4223 0.2334 -0.5113 3.3533 7.0000 0.1306 0.0862 
12.1420 10.0000 255.8660 0.3902 0.2289 -0.4114 3.3288 6.0000 0.1298 0.1082 
12.5820 10.0000 268.7940 0.4148 0.2330 -0.5199 3.3237 6.0000 0.3337 0.0713 
11.3140 10.0000 226.5300 0.4407 0.2434 -0.4806 3.5128 8.0000 0.5520 0.0932 
12.6000 8.0000 275.0540 0.4081 0.2320 -0.4723 3.3171 6.0000 0.4710 0.0798 
12.2000 10.0000 248.8800 0.3896 0.2339 -0.4451 3.3863 6.0000 0.1780 0.1138 
12.3440 6.0000 261.9040 0.4161 0.2337 -0.5063 3.3482 7.0000 0.1341 0.0974 
12.3860 8.0000 254.2640 0.3991 0.2287 -0.4915 3.3256 6.0000 0.2332 0.1108 
12.0200 11.0000 248.0880 0.4349 0.2405 -0.5111 3.4046 7.0000 0.3062 0.0640 
11.7360 10.0000 242.5620 0.4426 0.2520 -0.4662 3.4515 6.0000 0.2790 0.0990 
11.9520 10.0000 240.6120 0.4299 0.2515 -0.4930 3.4610 7.0000 0.2983 0.0930 
11.9120 10.0000 239.5340 0.4227 0.2504 -0.4614 3.4821 7.0000 0.2210 0.0706 
12.6720 9.0000 273.3200 0.4049 0.2251 -0.5141 3.2754 6.0000 0.1489 0.0698 
12.5240 10.0000 263.6340 0.4093 0.2434 -0.4761 3.3754 6.0000 0.1701 0.0779 
12.1480 10.0000 255.6200 0.4375 0.2378 -0.5421 3.4107 8.0000 0.1212 0.0502 
11.9500 10.0000 246.8780 0.4156 0.2399 -0.4471 3.3832 6.0000 0.0282 0.0746 
11.7180 6.0000 233.2260 0.4004 0.2315 -0.4425 3.3965 7.0000 0.8169 0.0844 
11.9040 10.0000 234.4040 0.4052 0.2399 -0.4796 3.4311 6.0000 0.3702 0.0675 
12.3620 10.0000 269.6900 0.4266 0.2282 -0.5104 3.3272 7.0000 0.2230 0.0688 
12.6700 11.0000 262.2520 0.4155 0.2480 -0.5110 3.3560 6.0000 0.1201 0.0665 
11.7520 10.0000 244.0000 0.4454 0.2415 -0.5146 3.4361 7.0000 0.4291 0.0652 
12.0000 10.0000 249.7200 0.4337 0.2500 -0.4755 3.3864 6.0000 0.5096 0.0599 
12.0900 10.0000 241.5500 0.4117 0.2409 -0.4824 3.4026 7.0000 0.1320 0.0804 
12.4960 11.0000 265.8960 0.4267 0.2427 -0.5092 3.3431 6.0000 0.1639 0.1025 
11.6240 9.0000 231.2960 0.4499 0.2517 -0.5297 3.5335 7.0000 0.2817 0.0609 
11.6040 10.0000 227.2140 0.3997 0.2301 -0.4478 3.4108 7.0000 0.4827 0.0731 
11.9280 10.0000 242.8220 0.4232 0.2325 -0.5100 3.3821 6.0000 0.5440 0.0879 
12.0100 10.0000 245.9760 0.4101 0.2273 -0.5003 3.3420 6.0000 0.4678 0.1040 
12.6520 10.0000 272.1500 0.4045 0.2385 -0.4660 3.3839 8.0000 0.1712 0.0182 
12.5720 10.0000 267.2600 0.4283 0.2439 -0.5253 3.3824 7.0000 0.2136 0.0926 
12.2500 10.0000 252.8020 0.4032 0.2464 -0.4244 3.3901 7.0000 0.5027 0.0649 
12.3840 10.0000 261.1300 0.4429 0.2489 -0.5247 3.4091 7.0000 0.3707 0.0605 
12.0400 8.0000 242.0100 0.4095 0.2415 -0.4725 3.4199 7.0000 0.7269 0.0777 
12.3260 10.0000 266.1500 0.4243 0.2300 -0.5010 3.3465 6.0000 0.5657 0.0715 
11.9960 10.0000 244.5740 0.4341 0.2476 -0.5095 3.4462 7.0000 0.5700 0.0926 
12.0800 6.0000 255.7920 0.4161 0.2310 -0.4628 3.3590 7.0000 0.3048 0.0893 
12.4160 11.0000 260.2480 0.4187 0.2465 -0.4659 3.3944 6.0000 0.1237 0.0845 
11.6260 6.0000 230.4160 0.4098 0.2383 -0.4319 3.3743 6.0000 0.1323 0.1062 
12.1680 11.0000 244.5460 0.4246 0.2461 -0.5058 3.3995 6.0000 0.3932 0.0960 
12.2340 10.0000 264.9660 0.4171 0.2337 -0.4560 3.3335 6.0000 0.4774 0.0630 
11.9280 10.0000 246.8140 0.4176 0.2366 -0.4622 3.4307 7.0000 0.5578 0.0821 
12.1160 10.0000 248.4880 0.4068 0.2311 -0.4877 3.3829 7.0000 0.4705 0.0654 
12.4780 11.0000 265.5620 0.3940 0.2345 -0.4361 3.3297 7.0000 0.3803 0.0497 
12.0500 6.0000 246.9400 0.4246 0.2460 -0.4805 3.4012 7.0000 0.1220 0.0724 
11.7640 10.0000 235.8560 0.4059 0.2350 -0.4631 3.3769 7.0000 0.4221 0.0842 
12.1380 10.0000 248.5200 0.4267 0.2445 -0.4983 3.3988 6.0000 0.6468 0.0705 
12.1960 6.0000 258.5700 0.4297 0.2364 -0.5126 3.4128 8.0000 0.5180 0.0792 
11.9200 10.0000 253.8440 0.4481 0.2448 -0.4819 3.3989 7.0000 0.5648 0.0586 
12.3520 11.0000 257.0960 0.4142 0.2428 -0.4572 3.3368 8.0000 0.1671 0.0749 
12.2340 8.0000 258.9240 0.4087 0.2291 -0.4820 3.3651 6.0000 0.2447 0.0857 
12.2780 10.0000 262.2060 0.4132 0.2274 -0.4805 3.3191 6.0000 0.5299 0.0713 
11.5440 10.0000 221.7260 0.4071 0.2398 -0.4660 3.4516 8.0000 0.4335 0.0932 
12.8500 7.0000 282.3060 0.4155 0.2422 -0.4729 3.3660 7.0000 0.3427 0.0647 
11.9500 2.0000 244.1040 0.3953 0.2289 -0.4497 3.3723 7.0000 0.1704 0.0573 
11.8700 10.0000 245.1580 0.4416 0.2433 -0.5013 3.4088 7.0000 0.3046 0.0944 
11.5700 9.0000 228.5000 0.3751 0.2202 -0.4284 3.4001 7.0000 0.3263 0.0997 
12.3180 11.0000 256.7400 0.4191 0.2334 -0.5122 3.3887 7.0000 0.4594 0.1023 
11.8900 6.0000 245.8220 0.4203 0.2405 -0.4539 3.3737 6.0000 0.2514 0.0931 
12.1520 9.0000 254.6260 0.4472 0.2545 -0.4840 3.3994 6.0000 0.3091 0.0706 
12.2080 10.0000 248.2180 0.3955 0.2332 -0.4615 3.3378 6.0000 0.1203 0.0698 
11.7680 10.0000 235.2860 0.4130 0.2353 -0.4905 3.4207 7.0000 0.1484 0.0779 
11.3520 10.0000 225.6800 0.4001 0.2303 -0.4100 3.4497 7.0000 0.1409 0.0502 
11.7240 10.0000 233.4440 0.4129 0.2333 -0.4723 3.4169 7.0000 0.8920 0.0689 
12.6040 10.0000 265.3480 0.4009 0.2259 -0.5212 3.3133 6.0000 0.2785 0.0905 
12.0320 10.0000 249.4100 0.4322 0.2413 -0.5039 3.3968 7.0000 0.3930 0.0651 
12.6780 9.0000 279.5600 0.4225 0.2389 -0.4935 3.3572 8.0000 0.8582 0.0652 
11.8680 4.0000 238.2000 0.4114 0.2266 -0.5032 3.4033 7.0000 0.6030 0.0646 
11.5740 10.0000 237.5120 0.4243 0.2338 -0.4672 3.4214 7.0000 0.5134 0.0658 
12.5200 11.0000 272.1100 0.4132 0.2250 -0.4907 3.2758 7.0000 0.2857 0.0609 
12.4760 10.0000 259.7840 0.4024 0.2364 -0.4703 3.3635 7.0000 0.4451 0.1101 
12.3560 10.0000 252.2940 0.3871 0.2357 -0.4449 3.3391 7.0000 0.3407 0.0941 
11.8200 3.0000 234.4100 0.4147 0.2463 -0.4620 3.4814 7.0000 0.4213 0.0779 
12.3940 10.0000 263.8180 0.4280 0.2384 -0.5036 3.3475 6.0000 0.4590 0.0868 
11.4980 9.0000 232.4160 0.4156 0.2401 -0.4235 3.4502 7.0000 0.1554 0.0673 
12.1700 10.0000 263.7960 0.4265 0.2336 -0.4722 3.3578 8.0000 0.3742 0.0649 
12.3800 5.0000 257.9900 0.4142 0.2446 -0.4729 3.4277 7.0000 0.4467 0.0605 
12.4420 5.0000 266.1340 0.4248 0.2388 -0.5038 3.3617 7.0000 0.7347 0.0623 
11.9500 9.0000 241.3240 0.3827 0.2289 -0.4442 3.3926 8.0000 0.2684 0.0982 
12.3260 5.0000 260.5680 0.4318 0.2379 -0.5254 3.3454 6.0000 0.0883 0.0715 
12.2420 10.0000 261.4420 0.4377 0.2481 -0.4861 3.3730 6.0000 0.4820 0.0619 
12.3280 10.0000 254.7340 0.3929 0.2250 -0.5004 3.3396 6.0000 0.2182 0.0888 
12.1340 6.0000 262.3900 0.4299 0.2410 -0.4599 3.4012 6.0000 0.1719 0.0860 
12.3100 10.0000 257.9480 0.4218 0.2412 -0.4840 3.3823 6.0000 0.0887 0.0482 
11.9240 10.0000 239.8380 0.4254 0.2448 -0.4981 3.4473 8.0000 0.1353 0.0981 
11.9840 10.0000 235.5740 0.3972 0.2312 -0.4965 3.4036 7.0000 0.4806 0.0752 
12.2900 10.0000 257.9840 0.4307 0.2482 -0.4956 3.3863 7.0000 0.0874 0.0960 
11.6320 10.0000 226.7260 0.4134 0.2379 -0.4883 3.4254 6.0000 0.3128 0.0630 
11.8120 9.0000 244.8940 0.4075 0.2283 -0.4639 3.3458 6.0000 0.3815 0.0672 
12.4220 10.0000 271.2220 0.4184 0.2420 -0.4333 3.3437 7.0000 0.2609 0.0688 
12.8380 11.0000 272.7340 0.3946 0.2310 -0.4881 3.2882 6.0000 0.1251 0.0608 
11.6920 10.0000 237.7860 0.4105 0.2153 -0.5166 3.3600 7.0000 0.2830 0.0601 
11.7940 10.0000 243.9940 0.4391 0.2506 -0.4509 3.4682 8.0000 0.1736 0.0712 
12.4520 10.0000 268.7580 0.4150 0.2403 -0.4658 3.3698 7.0000 0.1223 0.0850 
12.2320 9.0000 253.3140 0.4205 0.2384 -0.5003 3.3727 7.0000 0.3369 0.0705 
12.4600 11.0000 258.3120 0.4086 0.2413 -0.4760 3.3543 7.0000 0.5080 0.0792 
11.6540 7.0000 224.6220 0.3936 0.2316 -0.4667 3.4045 7.0000 0.6081 0.0750 
12.5400 10.0000 258.0760 0.4115 0.2481 -0.4785 3.4226 7.0000 0.5193 0.0871 
12.3940 10.0000 259.6820 0.4106 0.2370 -0.4982 3.3727 6.0000 0.3005 0.0673 
12.5000 10.0000 270.6300 0.4373 0.2473 -0.5034 3.3631 7.0000 0.1281 0.0713 
11.9180 7.0000 243.7580 0.4047 0.2320 -0.4516 3.3836 8.0000 0.4347 0.0749 
11.8120 10.0000 245.8280 0.4390 0.2450 -0.4825 3.4203 6.0000 0.0856 0.0885 
12.2560 4.0000 264.8040 0.4434 0.2304 -0.5509 3.3289 6.0000 0.2284 0.0925 
12.5860 9.0000 265.7860 0.3904 0.2308 -0.4786 3.3553 7.0000 0.4853 0.0685 
12.8520 10.0000 282.0860 0.4270 0.2483 -0.4872 3.3534 6.0000 0.3432 0.1081 
12.1220 10.0000 248.9800 0.3926 0.2390 -0.4167 3.3875 7.0000 0.4871 0.0487 
11.9640 10.0000 247.7960 0.4277 0.2366 -0.5001 3.3598 7.0000 0.1726 0.1064 
11.9960 10.0000 247.1480 0.3966 0.2317 -0.4325 3.3303 7.0000 0.1312 0.0931 
12.3540 10.0000 258.6900 0.4183 0.2296 -0.5236 3.3251 6.0000 0.3006 0.0983 
12.3020 10.0000 260.7980 0.3869 0.2256 -0.4407 3.3096 6.0000 0.7828 0.0844 
12.3120 10.0000 260.7880 0.3913 0.2282 -0.4418 3.3493 6.0000 0.2927 0.0675 
11.6980 5.0000 238.8200 0.4165 0.2296 -0.4750 3.4205 6.0000 0.4839 0.0651 
12.5800 10.0000 273.9720 0.4217 0.2319 -0.5313 3.3433 7.0000 0.8307 0.0652 
12.2980 10.0000 253.9320 0.4436 0.2573 -0.5202 3.4477 6.0000 0.6462 0.0646 
12.5440 10.0000 267.0640 0.4306 0.2438 -0.5432 3.3746 6.0000 0.4801 0.0658 
12.5280 9.0000 271.4720 0.4030 0.2306 -0.4853 3.3370 7.0000 0.9798 0.0645 
11.8100 10.0000 234.0340 0.4076 0.2440 -0.4514 3.4439 8.0000 0.6014 0.0879 
12.0080 6.0000 254.3800 0.4208 0.2335 -0.4758 3.3829 7.0000 0.5132 0.0626 
11.6660 10.0000 237.1580 0.3857 0.2236 -0.4177 3.3542 6.0000 0.3704 0.0781 
12.2280 10.0000 255.8740 0.4201 0.2406 -0.4765 3.3532 6.0000 0.2158 0.0585 
12.5700 10.0000 271.5020 0.4191 0.2441 -0.4692 3.3528 6.0000 0.4336 0.0649 
11.8940 10.0000 240.9080 0.4181 0.2572 -0.4171 3.4466 7.0000 0.4540 0.0605 
12.6340 10.0000 266.6240 0.4188 0.2381 -0.5442 3.3440 6.0000 0.6284 0.0623 
12.1180 10.0000 254.1760 0.4150 0.2353 -0.4765 3.3622 8.0000 0.2219 0.0706 
12.2920 10.0000 265.0460 0.4140 0.2326 -0.4603 3.3181 6.0000 0.1319 0.0412 
12.5380 9.0000 272.9920 0.4233 0.2405 -0.4689 3.3257 7.0000 0.2605 0.0863 
11.9880 10.0000 243.4960 0.3793 0.2237 -0.4405 3.3825 7.0000 0.4840 0.0785 
11.6100 9.0000 235.6540 0.4045 0.2421 -0.3941 3.4437 7.0000 0.4406 0.0981 
11.9240 10.0000 251.8860 0.4334 0.2368 -0.4758 3.3977 6.0000 0.6125 0.0703 
12.0560 10.0000 247.7640 0.4376 0.2470 -0.5174 3.4494 6.0000 0.2198 0.1003 
12.6440 10.0000 267.0080 0.4043 0.2327 -0.5069 3.3345 6.0000 0.1695 0.1005 
12.6180 11.0000 261.3720 0.4011 0.2376 -0.5018 3.3366 6.0000 0.1742 0.0697 
12.3040 10.0000 254.5920 0.4115 0.2406 -0.4798 3.3816 6.0000 0.2602 0.0583 
11.4000 9.0000 228.6740 0.4239 0.2467 -0.4325 3.4782 6.0000 0.3896 0.1060 
11.7240 7.0000 238.0720 0.4053 0.2303 -0.4563 3.3952 7.0000 0.5073 0.0842 
11.6880 10.0000 237.1360 0.4212 0.2336 -0.4768 3.4184 7.0000 0.6378 0.0796 
12.2940 10.0000 262.6320 0.4143 0.2248 -0.5227 3.3412 6.0000 0.5977 0.0792 
11.9220 10.0000 238.4640 0.3799 0.2152 -0.4769 3.3277 6.0000 0.5984 0.0750 
12.3740 10.0000 261.1800 0.3953 0.2235 -0.4702 3.3122 6.0000 0.5470 0.0740 
12.1300 10.0000 259.1900 0.4411 0.2422 -0.4940 3.3839 6.0000 0.5170 0.0713 
12.4880 9.0000 265.9240 0.3959 0.2332 -0.4366 3.3646 7.0000 0.4910 0.0765 
12.0180 7.0000 249.3020 0.4307 0.2457 -0.4927 3.4318 6.0000 0.4722 0.0798 
11.6600 10.0000 232.6220 0.3984 0.2287 -0.4487 3.3945 7.0000 0.2690 0.1138 
12.3020 7.0000 260.5020 0.4212 0.2362 -0.4887 3.3610 6.0000 0.1343 0.0974 
11.9520 10.0000 245.1100 0.4217 0.2401 -0.4776 3.4504 7.0000 0.2609 0.1108 
11.8060 10.0000 246.4780 0.4174 0.2371 -0.4521 3.4251 7.0000 0.2513 0.0640 
11.9720 3.0000 247.1580 0.4324 0.2471 -0.4888 3.4067 7.0000 0.2831 0.0695 
12.4100 9.0000 262.7540 0.4060 0.2352 -0.4723 3.3968 8.0000 0.2684 0.0909 
12.0660 10.0000 245.8280 0.4015 0.2414 -0.4333 3.4184 7.0000 0.2119 0.0418 
12.1900 5.0000 257.9160 0.4109 0.2333 -0.4626 3.3245 6.0000 0.1078 0.0786 
12.0940 3.0000 249.7680 0.4299 0.2444 -0.4986 3.4445 8.0000 0.1452 0.0917 
12.0940 10.0000 247.2200 0.3925 0.2226 -0.4847 3.3457 6.0000 0.0657 0.0430 
12.2040 9.0000 257.5820 0.4283 0.2288 -0.5384 3.3191 6.0000 0.0316 0.0746 
11.7320 10.0000 233.7220 0.4232 0.2415 -0.4701 3.4387 7.0000 0.0093 0.0936 
12.2080 10.0000 256.0360 0.4192 0.2396 -0.4817 3.3631 7.0000 0.0094 0.0845 
12.1780 6.0000 254.7440 0.4148 0.2357 -0.4771 3.3408 7.0000 0.8113 0.0844 
12.5760 10.0000 272.2260 0.4136 0.2396 -0.4850 3.3408 6.0000 0.3777 0.0675 
12.3140 9.0000 263.6840 0.4304 0.2465 -0.4710 3.3630 6.0000 0.4775 0.0651 
12.4220 10.0000 267.5440 0.4343 0.2368 -0.5294 3.3486 6.0000 0.1843 0.0928 
11.8980 10.0000 243.4920 0.4209 0.2359 -0.4843 3.3881 7.0000 0.2612 0.0652 
12.3220 5.0000 263.4020 0.4132 0.2332 -0.4896 3.3194 6.0000 0.6340 0.0646 
11.4020 7.0000 217.5180 0.4248 0.2471 -0.4841 3.4900 7.0000 0.4752 0.0658 
12.5200 10.0000 266.5200 0.4133 0.2417 -0.4849 3.3453 6.0000 0.2907 0.0690 
12.3000 10.0000 259.1460 0.4296 0.2398 -0.5120 3.3551 7.0000 0.3582 0.0731 
11.8180 8.0000 238.0360 0.4244 0.2500 -0.4535 3.4471 7.0000 0.5214 0.0615 
12.6960 10.0000 271.8760 0.4203 0.2387 -0.5143 3.3074 6.0000 0.4555 0.0779 
11.7580 10.0000 243.5860 0.4226 0.2353 -0.4666 3.4000 6.0000 0.2136 0.1059 
11.8680 7.0000 243.5300 0.4317 0.2449 -0.4882 3.4602 7.0000 0.2103 0.0926 
12.3380 4.0000 261.4900 0.4035 0.2329 -0.4581 3.3430 6.0000 0.3851 0.1079 
11.6880 9.0000 236.6440 0.4162 0.2275 -0.4915 3.3730 7.0000 0.1283 0.0818 
12.1980 10.0000 252.1200 0.4247 0.2447 -0.4950 3.4232 6.0000 0.2297 0.0605 
11.4480 11.0000 221.6680 0.3969 0.2440 -0.3957 3.4491 6.0000 0.5389 0.0777 
11.2980 10.0000 217.8400 0.3982 0.2334 -0.4305 3.5046 7.0000 0.6077 0.0715 
12.0180 10.0000 243.6840 0.4244 0.2435 -0.5021 3.4522 6.0000 0.5716 0.0863 
11.5340 2.0000 228.8100 0.4024 0.2313 -0.4324 3.3744 6.0000 0.4838 0.0785 
12.1060 10.0000 258.1960 0.4464 0.2295 -0.5539 3.3969 7.0000 0.3142 0.1101 
12.4100 10.0000 262.1200 0.4233 0.2388 -0.5041 3.3642 6.0000 0.1378 0.0750 
12.1700 10.0000 249.9860 0.3847 0.2222 -0.4736 3.3338 7.0000 0.1712 0.0960 
11.9820 9.0000 251.4700 0.4027 0.2313 -0.4363 3.3495 6.0000 0.3484 0.0630 
11.8820 6.0000 232.1320 0.3938 0.2314 -0.4674 3.3995 6.0000 0.5069 0.0821 
12.2080 9.0000 253.1320 0.4052 0.2445 -0.4263 3.3830 7.0000 0.4704 0.0654 
12.1440 5.0000 253.0220 0.4040 0.2357 -0.4424 3.3462 7.0000 0.3080 0.1022 
12.1000 6.0000 255.9500 0.4203 0.2364 -0.4750 3.3622 7.0000 0.1239 0.0724 
11.8500 5.0000 230.8880 0.4063 0.2464 -0.4452 3.4646 7.0000 0.4218 0.0842 
11.7900 10.0000 241.7000 0.3877 0.2239 -0.4318 3.3480 6.0000 0.5120 0.0796 
11.4680 10.0000 231.1080 0.3977 0.2344 -0.3895 3.4267 7.0000 0.5151 0.0792 
12.3760 8.0000 265.2140 0.4103 0.2286 -0.4950 3.3269 6.0000 0.7107 0.0750 
12.3420 10.0000 259.7380 0.3997 0.2309 -0.4798 3.3186 6.0000 0.5949 0.0740 
12.1520 10.0000 249.1060 0.4132 0.2456 -0.4533 3.3939 7.0000 0.5465 0.0713 
11.9880 11.0000 245.7760 0.4214 0.2301 -0.5074 3.3603 6.0000 0.6010 0.0932 
12.2800 10.0000 263.7560 0.4180 0.2401 -0.4507 3.3567 6.0000 0.2712 0.0875 
12.4020 10.0000 267.3900 0.4325 0.2460 -0.4910 3.3695 6.0000 0.1284 0.0925 
12.3920 10.0000 269.9560 0.4080 0.2348 -0.4604 3.3598 6.0000 0.3540 0.1043 
12.0400 10.0000 252.5980 0.4274 0.2396 -0.4889 3.3894 8.0000 0.1272 0.1081 
11.8800 9.0000 239.1600 0.4165 0.2450 -0.4517 3.4461 7.0000 0.6542 0.1023 
12.6500 9.0000 267.2600 0.3980 0.2287 -0.5008 3.3146 6.0000 0.1915 0.0758 
11.6880 10.0000 240.2080 0.4294 0.2377 -0.4677 3.4147 6.0000 0.1670 0.0931 
12.1700 10.0000 251.8160 0.4071 0.2364 -0.4670 3.3773 6.0000 0.2477 0.0983 
12.5720 10.0000 269.2360 0.4331 0.2462 -0.5427 3.3732 6.0000 0.1380 0.0698 
11.6480 6.0000 230.6960 0.3979 0.2297 -0.4663 3.4056 7.0000 0.1753 0.0917 
11.9160 10.0000 249.8280 0.3999 0.2171 -0.4832 3.3363 6.0000 0.8147 0.0780 
11.7800 10.0000 230.9220 0.4011 0.2292 -0.4932 3.3814 6.0000 0.4100 0.0787 
12.4060 10.0000 260.0620 0.4265 0.2481 -0.4883 3.3707 7.0000 0.0887 0.1227 
11.8360 10.0000 239.8860 0.4217 0.2452 -0.4737 3.4823 8.0000 0.1363 0.0651 
12.5940 10.0000 272.7240 0.4040 0.2311 -0.4784 3.3075 7.0000 0.7971 0.0652 
11.5540 10.0000 229.1860 0.4293 0.2496 -0.4567 3.4679 7.0000 0.6861 0.0768 
11.9800 10.0000 248.6480 0.4175 0.2479 -0.4232 3.4586 7.0000 0.4829 0.0658 
12.4420 10.0000 265.8660 0.4032 0.2228 -0.5016 3.3310 6.0000 0.2715 0.0528 
12.2520 10.0000 253.3700 0.4032 0.2443 -0.4363 3.3780 8.0000 0.2380 0.0645 
11.4980 10.0000 224.6440 0.4049 0.2277 -0.4716 3.3894 6.0000 0.5512 0.0540 
12.2960 3.0000 258.8200 0.4166 0.2337 -0.4926 3.3334 7.0000 0.3839 0.0682 
12.3260 10.0000 263.7180 0.4415 0.2465 -0.5056 3.4003 6.0000 0.3781 0.0737 
11.9260 10.0000 247.0440 0.4290 0.2403 -0.4947 3.3866 7.0000 0.2525 0.0926 
12.0060 10.0000 240.2220 0.3944 0.2334 -0.4595 3.3925 6.0000 0.2932 0.1052 
12.4920 11.0000 266.4380 0.4395 0.2473 -0.5318 3.3948 8.0000 0.1392 0.0725 
12.2500 10.0000 261.4100 0.4135 0.2365 -0.4664 3.3495 8.0000 0.1550 0.0473 
12.4800 10.0000 258.9180 0.4079 0.2458 -0.4631 3.3662 7.0000 0.2904 0.0627 
12.0320 7.0000 250.4940 0.4151 0.2349 -0.4585 3.3419 6.0000 0.3922 0.0715 
12.0920 10.0000 242.7020 0.4107 0.2332 -0.5197 3.3665 6.0000 0.5296 0.0863 
12.5220 11.0000 263.8020 0.4256 0.2524 -0.4842 3.4155 7.0000 0.5711 0.0785 
12.3600 10.0000 260.3900 0.4121 0.2313 -0.4918 3.3235 6.0000 0.4001 0.0981 
12.1140 9.0000 255.1420 0.4412 0.2398 -0.5194 3.3584 7.0000 0.3976 0.0605 
12.4020 10.0000 261.6860 0.4205 0.2319 -0.5239 3.3300 6.0000 0.1340 0.1003 
11.9000 9.0000 240.3080 0.3993 0.2295 -0.4670 3.3753 6.0000 0.1751 0.1005 
11.9900 10.0000 250.3060 0.4184 0.2298 -0.4990 3.3510 6.0000 0.1718 0.0586 
12.2120 9.0000 248.5900 0.4086 0.2460 -0.4613 3.4162 7.0000 0.3052 0.0944 
12.2580 10.0000 256.3080 0.4148 0.2345 -0.4709 3.3485 6.0000 0.4673 0.0851 
12.0380 10.0000 248.8880 0.4452 0.2526 -0.4945 3.4201 6.0000 0.1668 0.0618 
11.6920 10.0000 238.6380 0.4171 0.2366 -0.4558 3.4312 6.0000 0.1351 0.0670 
12.9120 5.0000 284.3180 0.4027 0.2374 -0.4643 3.3018 6.0000 0.1305 0.1180 
12.4180 10.0000 254.1940 0.4078 0.2508 -0.4311 3.3926 6.0000 0.3377 0.0792 
11.4740 10.0000 226.1040 0.4069 0.2272 -0.4695 3.3977 6.0000 0.5512 0.0750 
12.2660 10.0000 260.0240 0.4175 0.2457 -0.4610 3.3842 6.0000 0.5577 0.0857 
11.9000 10.0000 244.9100 0.4298 0.2511 -0.4496 3.4199 7.0000 0.6013 0.0713 
11.6320 10.0000 233.2340 0.4181 0.2461 -0.4274 3.4413 7.0000 0.5158 0.0932 
11.9220 9.0000 245.7260 0.4181 0.2300 -0.5050 3.3851 7.0000 0.3469 0.0875 
12.3780 10.0000 256.2360 0.3779 0.2222 -0.4481 3.3190 7.0000 0.1758 0.1126 
12.1500 10.0000 253.3500 0.4108 0.2395 -0.4528 3.3614 7.0000 0.3512 0.0944 
12.1360 10.0000 261.3380 0.4254 0.2346 -0.4688 3.3670 6.0000 0.4197 0.0997 
11.9840 10.0000 253.1620 0.4148 0.2364 -0.4492 3.3577 6.0000 0.4575 0.0487 
12.3060 10.0000 257.3440 0.4275 0.2401 -0.5317 3.3698 7.0000 0.1670 0.1064 
12.1080 10.0000 247.2480 0.3925 0.2316 -0.4565 3.3695 7.0000 0.2572 0.0930 
11.5580 6.0000 236.9400 0.4255 0.2404 -0.4511 3.4355 6.0000 0.2645 0.0682 
11.8940 9.0000 242.3660 0.3675 0.2127 -0.4458 3.3079 6.0000 0.1719 0.0894 
12.2340 6.0000 252.6820 0.4288 0.2540 -0.4723 3.4425 7.0000 0.1045 0.0917 
12.1560 5.0000 249.6500 0.4211 0.2340 -0.5147 3.3484 6.0000 0.7731 0.0844 
12.7480 11.0000 282.9800 0.4523 0.2499 -0.5256 3.3475 6.0000 0.6146 0.0675 
12.0660 6.0000 244.5300 0.4081 0.2422 -0.4691 3.3861 6.0000 0.4314 0.0651 
12.2380 10.0000 263.1180 0.4094 0.2374 -0.4485 3.3603 6.0000 0.1678 0.1112 
12.5800 11.0000 262.0900 0.3965 0.2375 -0.4685 3.3529 6.0000 0.1654 0.0652 
11.9460 10.0000 246.2440 0.4091 0.2295 -0.4886 3.3668 6.0000 0.5579 0.0782 
12.1620 10.0000 253.1920 0.4203 0.2399 -0.4730 3.3973 6.0000 0.3917 0.0675 
12.2380 10.0000 257.2500 0.4133 0.2446 -0.4414 3.4005 7.0000 0.1267 0.0609 
12.9480 10.0000 275.3820 0.4106 0.2455 -0.5102 3.3403 6.0000 0.4954 0.0645 
12.2720 6.0000 265.3420 0.4257 0.2538 -0.4246 3.4306 6.0000 0.5416 0.0540 
12.1660 10.0000 248.7900 0.3978 0.2286 -0.4769 3.3770 6.0000 0.3477 0.0682 
12.4760 10.0000 264.8080 0.4168 0.2434 -0.4663 3.3484 6.0000 0.2516 0.0677 
12.2120 7.0000 248.5180 0.4160 0.2389 -0.5133 3.3991 6.0000 0.1283 0.1066 
12.4180 11.0000 262.7340 0.4446 0.2426 -0.5562 3.3980 6.0000 0.1631 0.0716 
12.2940 4.0000 258.6520 0.4126 0.2413 -0.4714 3.3506 6.0000 0.2135 0.0649 
12.4920 10.0000 269.9000 0.4078 0.2304 -0.4817 3.3170 6.0000 0.5275 0.0605 
12.5260 11.0000 267.9460 0.4414 0.2500 -0.5155 3.3977 6.0000 0.4608 0.0514 
11.9860 10.0000 246.2680 0.4201 0.2456 -0.4620 3.4444 6.0000 0.4853 0.0715 
12.7640 11.0000 274.7780 0.4207 0.2397 -0.5142 3.2944 6.0000 0.5334 0.0863 
11.5900 9.0000 227.6160 0.4000 0.2271 -0.4679 3.3942 7.0000 0.5226 0.0785 
11.8980 10.0000 249.0300 0.3841 0.2311 -0.4000 3.3507 7.0000 0.3099 0.1101 
12.3900 7.0000 256.8320 0.4109 0.2358 -0.5070 3.3287 6.0000 0.1743 0.0750 
12.3160 9.0000 254.2340 0.4014 0.2322 -0.4741 3.3517 6.0000 0.1331 0.0960 
12.4120 4.0000 263.8700 0.4021 0.2367 -0.4494 3.3414 7.0000 0.2647 0.0630 
11.4080 9.0000 224.3060 0.4307 0.2377 -0.4989 3.4499 7.0000 0.5041 0.0821 
11.6140 10.0000 231.9100 0.4013 0.2267 -0.4625 3.3994 7.0000 0.4696 0.0833 
12.6260 10.0000 266.4200 0.4183 0.2439 -0.5012 3.3971 6.0000 0.5109 0.0601 
12.3520 10.0000 262.8660 0.4115 0.2315 -0.4851 3.3369 6.0000 0.2917 0.0712 
12.2380 10.0000 257.5300 0.4310 0.2385 -0.4952 3.3395 6.0000 0.1633 0.0850 
12.0640 9.0000 244.3200 0.4088 0.2335 -0.5028 3.3698 6.0000 0.3392 0.0705 
12.9380 10.0000 291.8640 0.4171 0.2354 -0.4928 3.2918 6.0000 0.4572 0.0792 
12.3800 4.0000 261.7100 0.4204 0.2404 -0.4974 3.3571 7.0000 0.6069 0.0750 
11.9240 10.0000 243.6680 0.4232 0.2399 -0.4843 3.3995 6.0000 0.4548 0.0871 
12.2480 10.0000 261.8480 0.3990 0.2274 -0.4614 3.3186 7.0000 0.3527 0.1062 
11.7380 10.0000 236.9040 0.4161 0.2492 -0.4340 3.4624 7.0000 0.2197 0.0603 
12.8380 10.0000 274.1460 0.4174 0.2493 -0.4853 3.3715 7.0000 0.3029 0.0836 
11.8580 10.0000 247.2380 0.4392 0.2466 -0.4706 3.4381 7.0000 0.4399 0.0650 
11.9340 9.0000 248.6920 0.4371 0.2482 -0.4716 3.3760 6.0000 0.5696 0.0685 
11.6360 10.0000 228.4920 0.4322 0.2524 -0.4637 3.5126 7.0000 0.3451 0.1081 
12.0400 10.0000 235.8640 0.4056 0.2449 -0.4720 3.4391 6.0000 0.3948 0.0992 
12.3980 8.0000 255.1660 0.4031 0.2397 -0.4703 3.3566 6.0000 0.1997 0.0758 
13.0000 11.0000 283.6040 0.4372 0.2515 -0.5335 3.3158 6.0000 0.1614 0.1047 
12.0440 9.0000 249.1660 0.4242 0.2401 -0.4920 3.3982 7.0000 0.1211 0.1024 
11.9480 10.0000 243.0000 0.3958 0.2343 -0.4334 3.3564 6.0000 0.2161 0.0531 
11.6880 5.0000 238.4300 0.4084 0.2376 -0.4346 3.4352 7.0000 0.2404 0.0779 
12.4100 10.0000 262.1460 0.4096 0.2270 -0.5036 3.3139 6.0000 0.8104 0.0844 
12.0380 10.0000 253.2080 0.4242 0.2211 -0.5378 3.3351 7.0000 0.2430 0.0925 
12.1980 10.0000 258.3540 0.4215 0.2465 -0.4567 3.3764 7.0000 0.2144 0.1227 
12.3560 10.0000 258.1240 0.3873 0.2183 -0.4939 3.2909 6.0000 0.2203 0.0665 
12.0500 10.0000 246.3140 0.4081 0.2371 -0.4722 3.4193 6.0000 0.5269 0.0652 
12.4740 10.0000 265.0460 0.3961 0.2246 -0.4749 3.3009 6.0000 0.6507 0.0782 
12.7580 8.0000 267.7260 0.3805 0.2270 -0.4784 3.2832 6.0000 0.4014 0.0675 
11.8600 10.0000 243.6640 0.4297 0.2399 -0.5059 3.4213 6.0000 0.1273 0.0609 
12.0720 9.0000 256.9340 0.4273 0.2437 -0.4461 3.4360 7.0000 0.4611 0.0645 
12.3760 10.0000 266.6860 0.4135 0.2255 -0.5060 3.3179 7.0000 0.5826 0.0615 
11.7980 4.0000 239.8660 0.3968 0.2390 -0.3906 3.3729 7.0000 0.4637 0.1040 
12.4020 10.0000 258.8720 0.4233 0.2461 -0.4918 3.4117 6.0000 0.1273 0.0737 
12.7180 9.0000 264.8160 0.3847 0.2283 -0.5046 3.3112 6.0000 0.2004 0.0693 
12.1420 10.0000 252.2460 0.4374 0.2506 -0.5034 3.4033 7.0000 0.1230 0.0796 
11.6540 3.0000 243.2580 0.4271 0.2227 -0.4856 3.3620 6.0000 0.1353 0.0868 
11.6740 9.0000 244.3960 0.4179 0.2214 -0.4813 3.3600 6.0000 0.2420 0.0605 
11.7380 10.0000 224.9280 0.3949 0.2388 -0.4563 3.4420 7.0000 0.6019 0.0777 
12.2840 10.0000 259.2280 0.4116 0.2319 -0.4985 3.3438 7.0000 0.5243 0.0715 
11.8960 10.0000 230.4320 0.3894 0.2301 -0.4821 3.4011 7.0000 0.4349 0.0619 
12.3920 11.0000 261.1600 0.4229 0.2374 -0.4956 3.3433 6.0000 0.2176 0.0894 
11.6060 10.0000 229.7160 0.4234 0.2356 -0.4921 3.4215 6.0000 0.1706 0.1030 
12.4300 5.0000 262.5820 0.4251 0.2484 -0.4789 3.3993 6.0000 0.2180 0.0981 
12.0180 10.0000 241.7720 0.4363 0.2600 -0.4783 3.4573 7.0000 0.4831 0.0834 
11.5340 7.0000 237.7780 0.4237 0.2351 -0.4430 3.4393 7.0000 0.5306 0.0630 
12.0460 10.0000 243.8260 0.3993 0.2303 -0.4841 3.3472 6.0000 0.5518 0.0821 
12.4160 9.0000 267.0340 0.4213 0.2362 -0.4971 3.3433 7.0000 0.4309 0.0654 
11.8520 10.0000 240.5720 0.4184 0.2400 -0.4959 3.4625 7.0000 0.3878 0.0709 
12.2340 4.0000 255.7020 0.3862 0.2263 -0.4494 3.3159 8.0000 0.0881 0.0724 
13.0300 11.0000 282.2900 0.4059 0.2454 -0.4784 3.3326 6.0000 0.3268 0.0842 
12.2100 10.0000 251.4340 0.4027 0.2371 -0.4754 3.3745 6.0000 0.4667 0.0796 
12.1580 10.0000 250.1340 0.4097 0.2451 -0.4548 3.4097 7.0000 0.6006 0.0792 
11.9720 10.0000 242.5460 0.4111 0.2313 -0.4844 3.3632 7.0000 0.6025 0.0750 
12.4940 10.0000 260.9360 0.4065 0.2345 -0.5145 3.3635 7.0000 0.4245 0.0871 
12.1480 9.0000 257.1660 0.4316 0.2470 -0.4734 3.3938 7.0000 0.3350 0.1062 
12.0140 10.0000 251.8560 0.4343 0.2490 -0.4641 3.4181 7.0000 0.2431 0.0603 
12.3760 8.0000 253.8340 0.4091 0.2318 -0.5339 3.3963 7.0000 0.3030 0.0836 
12.4820 10.0000 266.6040 0.4050 0.2343 -0.4611 3.3241 6.0000 0.4769 0.0650 
12.4140 10.0000 268.3620 0.4080 0.2194 -0.5041 3.2935 6.0000 0.4785 0.0685 
12.8580 10.0000 274.2560 0.4230 0.2448 -0.5346 3.3283 6.0000 0.2538 0.1081 
11.8220 9.0000 256.0120 0.4437 0.2339 -0.4925 3.4083 7.0000 0.3801 0.0992 
12.1620 10.0000 252.6340 0.4381 0.2473 -0.5232 3.3740 6.0000 0.1314 0.1023 
11.9200 10.0000 243.3160 0.4282 0.2366 -0.5120 3.4047 7.0000 0.1783 0.0602 
11.9620 10.0000 246.6360 0.4327 0.2419 -0.5045 3.3945 6.0000 0.2015 0.0833 
11.9780 10.0000 240.1580 0.4257 0.2431 -0.5174 3.4213 6.0000 0.2697 0.0531 
12.6900 10.0000 277.5020 0.4340 0.2486 -0.5002 3.3591 6.0000 0.1482 0.0779 
12.5400 5.0000 267.0740 0.4359 0.2454 -0.5452 3.3830 6.0000 0.7793 0.0689 
11.6580 9.0000 230.1600 0.4035 0.2411 -0.4200 3.4241 7.0000 0.2754 0.0675 
12.2620 4.0000 258.5480 0.4118 0.2438 -0.4372 3.3802 6.0000 0.3977 0.0651 
12.7480 11.0000 283.1560 0.4093 0.2429 -0.4448 3.3227 6.0000 0.7613 0.0652 
11.7800 10.0000 241.1620 0.4122 0.2427 -0.4313 3.4246 6.0000 0.5095 0.0599 
11.8600 10.0000 245.3200 0.4127 0.2333 -0.4577 3.4133 7.0000 0.2108 0.0883 
12.4620 10.0000 270.3860 0.3930 0.2177 -0.4914 3.3057 6.0000 0.0908 0.0827 
12.2560 10.0000 248.0680 0.3748 0.2277 -0.4323 3.3157 7.0000 0.8253 0.0645 
12.1820 10.0000 252.7340 0.4114 0.2453 -0.4519 3.4032 7.0000 0.4778 0.0540 
12.2160 10.0000 253.0840 0.3996 0.2364 -0.4447 3.3652 7.0000 0.3733 0.0682 
11.8800 10.0000 244.8520 0.4435 0.2445 -0.5101 3.4523 7.0000 0.2898 0.0677 
11.7720 10.0000 232.3020 0.4100 0.2274 -0.5064 3.3919 7.0000 0.1327 0.1066 
12.5240 10.0000 266.8480 0.4139 0.2426 -0.4587 3.3753 7.0000 0.1569 0.0716 
12.1420 9.0000 256.9340 0.4201 0.2411 -0.4620 3.3576 6.0000 0.1749 0.0649 
12.2880 10.0000 256.1120 0.4028 0.2341 -0.4634 3.3753 7.0000 0.3776 0.0605 
12.3000 10.0000 258.6980 0.4202 0.2450 -0.4583 3.3754 7.0000 0.5880 0.0623 
11.9820 10.0000 245.3880 0.4041 0.2279 -0.4837 3.3669 7.0000 0.4836 0.0715 
12.3220 10.0000 264.8980 0.4247 0.2435 -0.4564 3.3407 6.0000 0.3508 0.0619 
12.5640 10.0000 266.8120 0.4413 0.2424 -0.5658 3.3763 7.0000 0.2651 0.0894 
11.9520 7.0000 248.8020 0.4298 0.2427 -0.4694 3.4267 7.0000 0.1316 0.1030 
11.7840 10.0000 239.3160 0.4271 0.2371 -0.4983 3.4331 6.0000 0.1737 0.0981 
11.7400 9.0000 233.3300 0.4385 0.2571 -0.4774 3.5335 6.0000 0.4925 0.0834 
12.2940 10.0000 263.4740 0.4222 0.2332 -0.5029 3.3611 7.0000 0.4429 0.0630 
12.3380 11.0000 256.9380 0.4378 0.2446 -0.5215 3.3877 6.0000 0.5860 0.0821 
12.2400 10.0000 263.4660 0.4304 0.2405 -0.4890 3.4301 6.0000 0.3486 0.0654 
12.8120 11.0000 270.9000 0.4072 0.2402 -0.4863 3.3485 8.0000 0.2560 0.1022 
12.8340 7.0000 280.8400 0.3909 0.2146 -0.5141 3.2464 6.0000 0.1303 0.0724 
12.5340 9.0000 269.2540 0.4075 0.2318 -0.4929 3.3516 7.0000 0.3769 0.0842 
12.2280 10.0000 259.6140 0.4195 0.2331 -0.5020 3.3410 6.0000 0.3783 0.0686 
12.0020 10.0000 243.7560 0.4035 0.2440 -0.4178 3.3926 7.0000 0.1312 0.0677 
12.2620 8.0000 256.7080 0.4053 0.2342 -0.4792 3.3829 7.0000 0.1616 0.0792 
12.2380 8.0000 247.8220 0.3959 0.2357 -0.4838 3.4122 8.0000 0.5462 0.0750 
12.4360 10.0000 262.1000 0.3999 0.2290 -0.4626 3.3071 6.0000 0.5480 0.0871 
11.5600 9.0000 236.2180 0.4062 0.2292 -0.4375 3.4031 6.0000 0.5085 0.1022 
12.6040 4.0000 272.3260 0.4042 0.2403 -0.4551 3.3825 8.0000 0.1268 0.0684 
12.1880 10.0000 255.5080 0.4184 0.2338 -0.5008 3.3521 6.0000 0.1304 0.0836 
11.9560 10.0000 245.6560 0.4327 0.2397 -0.5109 3.4343 7.0000 0.3902 0.0925 
11.7320 10.0000 246.5020 0.4233 0.2283 -0.4740 3.3684 7.0000 0.5261 0.0685 
12.3940 10.0000 266.7540 0.4289 0.2422 -0.4817 3.3899 7.0000 0.3922 0.1081 
11.1780 9.0000 221.9800 0.4274 0.2353 -0.4490 3.4672 7.0000 0.4922 0.0711 
12.3760 10.0000 263.5840 0.3831 0.2234 -0.4456 3.2959 7.0000 0.1176 0.0758 
12.7440 11.0000 273.9580 0.3995 0.2320 -0.4769 3.2969 6.0000 0.1599 0.0931 
12.1080 10.0000 255.1940 0.4356 0.2398 -0.5149 3.3917 7.0000 0.2077 0.0650 
11.6840 10.0000 235.9220 0.4279 0.2454 -0.4711 3.4483 7.0000 0.1260 0.0531 
11.8000 10.0000 239.3520 0.4025 0.2390 -0.4404 3.4348 7.0000 0.1710 0.0779 
12.6740 11.0000 276.0520 0.4185 0.2260 -0.5234 3.2894 6.0000 0.8135 0.0844 
12.2860 5.0000 246.4400 0.4158 0.2311 -0.5457 3.3126 6.0000 0.2213 0.0925 
12.3900 11.0000 256.5320 0.4141 0.2435 -0.4774 3.3782 7.0000 0.1759 0.1227 
12.4100 9.0000 261.3740 0.4117 0.2387 -0.4802 3.3317 6.0000 0.2151 0.0665 
12.0420 10.0000 250.4980 0.4337 0.2472 -0.4767 3.4251 6.0000 0.6352 0.0652 
12.0440 10.0000 249.0460 0.4270 0.2417 -0.4946 3.4419 8.0000 0.6012 0.0779 
11.9820 8.0000 252.6480 0.3812 0.2210 -0.3960 3.2811 6.0000 0.3039 0.0376 
11.7900 10.0000 241.8460 0.4067 0.2305 -0.4647 3.3995 6.0000 0.2871 0.0609 
12.5160 10.0000 264.0940 0.4101 0.2364 -0.4779 3.2835 6.0000 0.6781 0.0645 
12.0860 10.0000 248.9180 0.4339 0.2512 -0.4867 3.4299 6.0000 0.5014 0.0540 
12.4920 10.0000 269.7000 0.4069 0.2373 -0.4460 3.3341 7.0000 0.2909 0.0682 
11.6940 6.0000 243.8200 0.4145 0.2234 -0.4697 3.3817 7.0000 0.1697 0.0535 
12.0460 7.0000 248.6960 0.4138 0.2440 -0.4535 3.4310 9.0000 0.2501 0.1059 
11.5940 10.0000 230.8900 0.4225 0.2301 -0.4976 3.4246 7.0000 0.2165 0.0926 
11.8720 10.0000 241.1700 0.4013 0.2286 -0.4687 3.3757 6.0000 0.5001 0.0896 
11.8840 7.0000 236.7400 0.4182 0.2428 -0.4817 3.4588 7.0000 0.1113 0.0881 
12.3120 9.0000 253.5800 0.4008 0.2292 -0.5111 3.3563 7.0000 0.1164 0.0697 
11.8560 9.0000 240.5680 0.3952 0.2278 -0.4543 3.3787 7.0000 0.3810 0.0514 
11.9460 10.0000 252.7700 0.4182 0.2395 -0.4414 3.4082 8.0000 0.4874 0.0715 
12.0400 10.0000 249.0400 0.4237 0.2334 -0.5204 3.3627 6.0000 0.5665 0.0863 
12.1080 10.0000 257.4060 0.4250 0.2284 -0.4935 3.3461 7.0000 0.4814 0.0785 
12.2620 8.0000 247.4040 0.3851 0.2320 -0.4664 3.3662 6.0000 0.3938 0.0981 
12.2460 10.0000 255.3340 0.4148 0.2440 -0.4508 3.3642 6.0000 0.5629 0.0605 
12.6660 11.0000 269.9740 0.4100 0.2357 -0.4855 3.3173 7.0000 0.1340 0.1003 
11.7880 10.0000 237.2220 0.4283 0.2383 -0.5052 3.3893 6.0000 0.1307 0.0912 
11.8660 10.0000 245.5880 0.4233 0.2286 -0.4930 3.3966 8.0000 0.2645 0.0821 
12.2540 10.0000 253.7960 0.4122 0.2372 -0.4930 3.3744 7.0000 0.4697 0.0944 
12.1740 10.0000 252.1440 0.3991 0.2289 -0.4837 3.3336 6.0000 0.4259 0.0311 
12.5480 10.0000 267.8420 0.4192 0.2480 -0.4731 3.4067 7.0000 0.0995 0.0705 
12.5560 10.0000 264.1840 0.4240 0.2456 -0.4974 3.3154 6.0000 0.2507 0.0795 
12.0080 10.0000 249.1540 0.4253 0.2264 -0.5454 3.3631 6.0000 0.4960 0.0796 
12.0440 3.0000 243.1880 0.4161 0.2423 -0.4700 3.3738 6.0000 0.2973 0.0735 
12.3820 10.0000 265.0560 0.3929 0.2347 -0.4225 3.3415 7.0000 0.1174 0.0724 
12.6660 10.0000 271.5320 0.3976 0.2337 -0.4862 3.3434 7.0000 0.4763 0.0750 
12.5000 11.0000 269.5280 0.4219 0.2342 -0.4910 3.3376 6.0000 0.5214 0.0732 
11.3640 10.0000 220.2000 0.4335 0.2446 -0.4934 3.4943 7.0000 0.5094 0.0713 
12.4140 3.0000 275.0600 0.4241 0.2338 -0.4734 3.3324 6.0000 0.4739 0.0932 
11.8800 10.0000 247.3220 0.4193 0.2524 -0.4156 3.4738 8.0000 0.2991 0.0875 
12.5020 9.0000 264.7680 0.4046 0.2295 -0.4969 3.3194 7.0000 0.1738 0.0794 
12.0580 10.0000 253.4640 0.4201 0.2449 -0.4525 3.4194 7.0000 0.3959 0.0944 
11.6540 6.0000 241.0380 0.4273 0.2391 -0.4510 3.4439 8.0000 0.4200 0.0580 
12.1280 10.0000 249.2980 0.4029 0.2346 -0.4706 3.3397 7.0000 0.4190 0.0493 
12.1500 9.0000 255.6960 0.4270 0.2344 -0.5046 3.3701 7.0000 0.1617 0.1064 
12.5620 10.0000 270.5760 0.4245 0.2505 -0.4670 3.3514 6.0000 0.2544 0.0811 
12.2380 10.0000 259.6120 0.4061 0.2280 -0.4857 3.3758 7.0000 0.2639 0.0706 
