12.0736 10.0000 244.6544 0.3635 0.1922 -0.5112 0.0000 0.0000 1.5985 0.0779 
12.3472 10.0000 260.0016 0.3734 0.2022 -0.4898 0.0000 0.0000 1.7536 0.0779 
12.2032 10.0000 248.8072 0.3644 0.1979 -0.5005 0.0000 0.0000 1.6952 0.0779 
12.3336 10.0000 260.8184 0.3786 0.2085 -0.4845 0.0000 0.0000 1.6067 0.0779 
12.2792 10.0000 257.0912 0.3618 0.1974 -0.4689 0.0000 0.0000 1.7398 0.0779 
12.1408 6.0000 254.7888 0.3735 0.2002 -0.4880 0.0000 0.0000 1.7499 0.0779 
12.0064 10.0000 247.3096 0.3885 0.2071 -0.5022 0.0000 0.0000 1.7813 0.0779 
11.8872 10.0000 243.3256 0.3649 0.1955 -0.4616 0.0000 0.0000 1.7779 0.0779 
11.9112 10.0000 246.5648 0.3556 0.1902 -0.4531 0.0000 0.0000 1.7384 0.1002 
12.2112 10.0000 255.7088 0.3802 0.1975 -0.5239 0.0000 0.0000 1.7367 0.0779 
11.8488 10.0000 248.8544 0.3811 0.2072 -0.4533 0.0000 0.0000 1.8171 0.0779 
12.0352 9.0000 245.3408 0.3671 0.2038 -0.4683 0.0000 0.0000 0.2966 0.0712 
12.5768 2.0000 268.4024 0.3712 0.2013 -0.5039 0.0000 0.0000 1.3691 0.0874 
11.9008 10.0000 242.9992 0.3547 0.1867 -0.4764 0.0000 0.0000 1.1609 0.0802 
12.5928 11.0000 262.9184 0.3674 0.1987 -0.5146 0.0000 0.0000 1.4875 0.0874 
12.0136 8.0000 244.1536 0.3644 0.1956 -0.4822 0.0000 0.0000 1.5266 0.0874 
12.2760 8.0000 255.7784 0.3934 0.2099 -0.5168 0.0000 0.0000 1.5267 0.0874 
11.9760 10.0000 249.1432 0.3676 0.2044 -0.4396 0.0000 0.0000 1.5843 0.0874 
12.3648 4.0000 255.4792 0.3708 0.2006 -0.5111 0.0000 0.0000 1.4482 0.0874 
12.3280 10.0000 254.2248 0.3687 0.2045 -0.4833 0.0000 0.0000 1.3910 0.0522 
12.6288 10.0000 269.8840 0.3566 0.1913 -0.4878 0.0000 0.0000 1.1402 0.0712 
12.0312 10.0000 242.9192 0.3657 0.1975 -0.4907 0.0000 0.0000 1.1864 0.0874 
11.7400 10.0000 236.0928 0.3799 0.2109 -0.4671 0.0000 0.0000 0.4861 0.0804 
12.3664 11.0000 261.7664 0.3681 0.2004 -0.4746 0.0000 0.0000 0.3954 0.0906 
12.0240 4.0000 242.3008 0.3760 0.2043 -0.5013 0.0000 0.0000 0.3068 0.0706 
12.4376 10.0000 258.2952 0.3459 0.1933 -0.4727 0.0000 0.0000 0.4407 0.0729 
12.1504 8.0000 251.9136 0.3608 0.1954 -0.4776 0.0000 0.0000 1.3688 0.0761 
12.3072 10.0000 252.2432 0.3695 0.2008 -0.5216 0.0000 0.0000 1.4036 0.0761 
12.0048 9.0000 249.8552 0.3640 0.2008 -0.4462 0.0000 0.0000 1.2314 0.0525 
11.7896 9.0000 240.2144 0.3785 0.1977 -0.4933 0.0000 0.0000 1.4051 0.0761 
12.3040 5.0000 258.3576 0.3671 0.1991 -0.4870 0.0000 0.0000 1.1828 0.0761 
12.0120 10.0000 245.9640 0.3640 0.1955 -0.4813 0.0000 0.0000 1.1899 0.0767 
12.6296 8.0000 265.9680 0.3657 0.1983 -0.5068 0.0000 0.0000 1.1430 0.0767 
12.5312 10.0000 258.9192 0.3684 0.2025 -0.5076 0.0000 0.0000 0.2217 0.0729 
12.0936 10.0000 251.1296 0.3615 0.1929 -0.4728 0.0000 0.0000 0.3464 0.0825 
12.0344 10.0000 242.4640 0.3782 0.2065 -0.5017 0.0000 0.0000 0.2670 0.0582 
12.0568 10.0000 247.7120 0.3648 0.1946 -0.4894 0.0000 0.0000 0.3085 0.0592 
12.0912 10.0000 244.8456 0.3744 0.1965 -0.5225 0.0000 0.0000 0.4375 0.0700 
12.5440 10.0000 269.5640 0.3731 0.2027 -0.4994 0.0000 0.0000 0.3990 0.1037 
12.2944 10.0000 247.1056 0.3591 0.2009 -0.5017 0.0000 0.0000 0.4275 0.1037 
12.3040 10.0000 259.2096 0.3592 0.1980 -0.4622 0.0000 0.0000 0.3765 0.1037 
12.2512 10.0000 258.9960 0.3866 0.2092 -0.4951 0.0000 0.0000 1.1547 0.0833 
12.5344 10.0000 264.3720 0.3689 0.2038 -0.4944 0.0000 0.0000 1.0003 0.0601 
12.5984 7.0000 266.9936 0.3523 0.1989 -0.4656 0.0000 0.0000 0.8001 0.0833 
12.4248 10.0000 257.4336 0.3651 0.2027 -0.4845 0.0000 0.0000 0.7802 0.0833 
11.9512 10.0000 245.1056 0.3864 0.2043 -0.5080 0.0000 0.0000 0.2605 0.0543 
12.3400 10.0000 257.2672 0.3671 0.1945 -0.5142 0.0000 0.0000 0.3077 0.0683 
12.2448 10.0000 249.4192 0.3682 0.2025 -0.4879 0.0000 0.0000 0.3065 0.0570 
12.0432 10.0000 245.1128 0.3841 0.2101 -0.4949 0.0000 0.0000 0.3097 0.0734 
12.0976 10.0000 245.6616 0.3625 0.1938 -0.5007 0.0000 0.0000 0.3957 0.0734 
11.9016 10.0000 238.6824 0.3685 0.2052 -0.4632 0.0000 0.0000 0.4423 0.0520 
12.0288 10.0000 244.0928 0.3467 0.1863 -0.4693 0.0000 0.0000 0.4384 0.0475 
12.2440 10.0000 254.9040 0.3850 0.2038 -0.5188 0.0000 0.0000 0.2213 0.0520 
12.6424 10.0000 274.9368 0.3583 0.1914 -0.4791 0.0000 0.0000 0.3523 0.0531 
12.0392 10.0000 248.2368 0.3735 0.2022 -0.4760 0.0000 0.0000 0.3943 0.0531 
12.4304 8.0000 263.3928 0.3648 0.1937 -0.4927 0.0000 0.0000 0.4344 0.0713 
12.2344 8.0000 253.2920 0.3762 0.2124 -0.4774 0.0000 0.0000 0.3916 0.0713 
12.6312 9.0000 266.6096 0.3597 0.1928 -0.5143 0.0000 0.0000 0.3082 0.0745 
12.4208 9.0000 258.1672 0.3523 0.1949 -0.4886 0.0000 0.0000 0.2699 0.0692 
12.0304 10.0000 247.6976 0.3687 0.2010 -0.4802 0.0000 0.0000 0.2206 0.0754 
12.5080 10.0000 262.9136 0.3584 0.1978 -0.4960 0.0000 0.0000 0.3505 0.0817 
12.3640 10.0000 259.9192 0.3756 0.1992 -0.5159 0.0000 0.0000 0.4386 0.0817 
12.1320 4.0000 251.5432 0.3818 0.2061 -0.4950 0.0000 0.0000 0.4427 0.0817 
12.6424 10.0000 270.6648 0.3577 0.1880 -0.5007 0.0000 0.0000 0.4022 0.0817 
12.1000 10.0000 251.8584 0.3815 0.2118 -0.4696 0.0000 0.0000 0.3931 0.0867 
12.4352 4.0000 267.0712 0.3797 0.1980 -0.5075 0.0000 0.0000 0.3933 0.0867 
12.2136 9.0000 259.4952 0.3794 0.2011 -0.4851 0.0000 0.0000 0.3931 0.0803 
12.3616 10.0000 258.3656 0.3634 0.1953 -0.4990 0.0000 0.0000 0.3515 0.0787 
12.0336 10.0000 251.8968 0.3779 0.1995 -0.4854 0.0000 0.0000 0.2221 0.0817 
12.2600 10.0000 255.4968 0.3767 0.2019 -0.4977 0.0000 0.0000 0.3087 0.0715 
12.3016 9.0000 258.9272 0.3859 0.1993 -0.5318 0.0000 0.0000 0.3076 0.0830 
12.3488 9.0000 262.7456 0.3762 0.2025 -0.4866 0.0000 0.0000 0.8377 0.0528 
12.1192 10.0000 253.7440 0.3621 0.1955 -0.4661 0.0000 0.0000 0.8337 0.0528 
12.0808 10.0000 249.7328 0.3718 0.2097 -0.4615 0.0000 0.0000 0.7918 0.0528 
12.2944 10.0000 256.8616 0.3698 0.2041 -0.4809 0.0000 0.0000 0.7105 0.0528 
12.4136 6.0000 256.3664 0.3687 0.1978 -0.5207 0.0000 0.0000 0.4387 0.0830 
12.1960 10.0000 249.1680 0.3647 0.2071 -0.4658 0.0000 0.0000 0.3499 0.0880 
12.1168 9.0000 241.6520 0.3625 0.2080 -0.4808 0.0000 0.0000 0.3111 0.0952 
12.3576 9.0000 255.6688 0.3559 0.2007 -0.4591 0.0000 0.0000 0.3450 0.0952 
12.6176 8.0000 265.6944 0.3776 0.2124 -0.4886 0.0000 0.0000 0.3415 0.0579 
12.1160 10.0000 251.4176 0.3729 0.2118 -0.4536 0.0000 0.0000 0.3098 0.0817 
12.0352 7.0000 245.2920 0.3608 0.1976 -0.4763 0.0000 0.0000 0.3068 0.0719 
12.2904 6.0000 256.3880 0.3763 0.2046 -0.4998 0.0000 0.0000 0.2203 0.0660 
11.9384 10.0000 243.3464 0.3741 0.2113 -0.4559 0.0000 0.0000 1.4674 0.0675 
12.3848 10.0000 264.0296 0.3752 0.2002 -0.4861 0.0000 0.0000 1.2196 0.0675 
12.0696 8.0000 249.6056 0.3627 0.1931 -0.4835 0.0000 0.0000 0.9949 0.0675 
12.2128 10.0000 249.8104 0.3683 0.2043 -0.4750 0.0000 0.0000 0.8820 0.0649 
12.3072 9.0000 260.8240 0.3674 0.1971 -0.4804 0.0000 0.0000 0.3092 0.0657 
12.1784 10.0000 253.0224 0.3757 0.2029 -0.4884 0.0000 0.0000 0.3086 0.0865 
12.2576 10.0000 253.7808 0.3744 0.2043 -0.4948 0.0000 0.0000 0.3520 0.0865 
12.2288 9.0000 259.7520 0.3640 0.1899 -0.4912 0.0000 0.0000 0.2236 0.0871 
12.4576 10.0000 262.2400 0.3704 0.1991 -0.4999 0.0000 0.0000 0.3112 0.0865 
12.3128 10.0000 256.3232 0.3666 0.1936 -0.5118 0.0000 0.0000 0.3491 0.0865 
12.1000 6.0000 258.4192 0.3873 0.2059 -0.4845 0.0000 0.0000 0.3083 0.0865 
12.3472 10.0000 255.0072 0.3641 0.2000 -0.4955 0.0000 0.0000 0.2206 0.0865 
12.5928 10.0000 266.1704 0.3742 0.2095 -0.4923 0.0000 0.0000 0.3087 0.0865 
12.2904 5.0000 260.9472 0.3726 0.1961 -0.4960 0.0000 0.0000 0.3978 0.0865 
12.0784 10.0000 243.2112 0.3630 0.2012 -0.4806 0.0000 0.0000 0.4376 0.0865 
12.2536 10.0000 253.5856 0.3648 0.1948 -0.5124 0.0000 0.0000 0.4361 0.0865 
12.2128 8.0000 256.8896 0.3959 0.2096 -0.5151 0.0000 0.0000 0.3465 0.0865 
