12.3587 10.0000 257.6512 0.3489 0.1830 -0.5025 0.0000 0.0000 2313.8396 0.0655 
12.3715 10.0000 258.4493 0.3497 0.1849 -0.4989 0.0000 0.0000 2266.5598 0.0666 
12.3163 10.0000 255.2739 0.3482 0.1842 -0.4972 0.0000 0.0000 1954.8919 0.0654 
12.3972 10.0000 259.7781 0.3531 0.1866 -0.5003 0.0000 0.0000 2216.6043 0.0672 
12.3433 10.0000 257.9392 0.3503 0.1845 -0.4965 0.0000 0.0000 2295.1949 0.0704 
12.3153 10.0000 255.7692 0.3487 0.1844 -0.4953 0.0000 0.0000 2337.1507 0.0667 
12.3992 10.0000 259.8370 0.3488 0.1843 -0.4975 0.0000 0.0000 2329.3216 0.0664 
12.4111 10.0000 260.0525 0.3492 0.1832 -0.5032 0.0000 0.0000 2410.2802 0.0680 
12.3703 6.0000 257.5912 0.3477 0.1850 -0.4941 0.0000 0.0000 1925.4232 0.0630 
12.3778 10.0000 257.5263 0.3431 0.1822 -0.4910 0.0000 0.0000 2208.2902 0.0629 
12.3559 6.0000 257.9136 0.3486 0.1841 -0.4954 0.0000 0.0000 2262.8220 0.0666 
12.4106 10.0000 257.5682 0.3406 0.1807 -0.4966 0.0000 0.0000 1956.4969 0.0563 
12.3711 10.0000 256.9492 0.3405 0.1824 -0.4875 0.0000 0.0000 2160.5900 0.0605 
12.3640 9.0000 257.8978 0.3478 0.1843 -0.4963 0.0000 0.0000 2387.7712 0.0626 
12.3773 10.0000 256.6442 0.3386 0.1810 -0.4866 0.0000 0.0000 2146.9911 0.0590 
12.3506 10.0000 256.5373 0.3503 0.1851 -0.5028 0.0000 0.0000 2235.8401 0.0645 
12.3439 10.0000 256.8902 0.3500 0.1838 -0.5032 0.0000 0.0000 2275.6992 0.0669 
12.4325 10.0000 259.7912 0.3441 0.1822 -0.4951 0.0000 0.0000 2198.9922 0.0645 
12.4151 9.0000 259.5945 0.3475 0.1840 -0.4977 0.0000 0.0000 2285.1602 0.0626 
12.4090 4.0000 257.5188 0.3414 0.1829 -0.4897 0.0000 0.0000 2016.4711 0.0578 
12.3483 10.0000 256.0813 0.3471 0.1841 -0.4994 0.0000 0.0000 2358.8355 0.0644 
12.4431 10.0000 260.0296 0.3435 0.1830 -0.4927 0.0000 0.0000 2028.9800 0.0600 
12.4586 10.0000 261.3119 0.3479 0.1843 -0.5000 0.0000 0.0000 2163.2869 0.0634 
12.3769 10.0000 256.6714 0.3406 0.1809 -0.4939 0.0000 0.0000 2290.0275 0.0583 
12.3758 8.0000 258.5671 0.3480 0.1841 -0.4974 0.0000 0.0000 2049.0319 0.0630 
12.3839 10.0000 257.4210 0.3468 0.1839 -0.4984 0.0000 0.0000 2112.7921 0.0639 
12.3855 10.0000 258.4683 0.3500 0.1847 -0.5010 0.0000 0.0000 2387.3878 0.0669 
12.4371 10.0000 260.2661 0.3466 0.1838 -0.4975 0.0000 0.0000 2301.4674 0.0645 
12.3230 10.0000 256.0875 0.3471 0.1848 -0.4903 0.0000 0.0000 2394.3313 0.0655 
12.4184 10.0000 258.9470 0.3473 0.1844 -0.4985 0.0000 0.0000 2124.8372 0.0631 
12.4115 10.0000 259.6804 0.3503 0.1856 -0.4993 0.0000 0.0000 2268.1183 0.0645 
12.3494 10.0000 258.0521 0.3485 0.1826 -0.5003 0.0000 0.0000 2253.9631 0.0626 
12.4286 10.0000 259.9407 0.3441 0.1821 -0.4957 0.0000 0.0000 2235.2969 0.0602 
12.4212 10.0000 259.0463 0.3467 0.1831 -0.5037 0.0000 0.0000 2366.9732 0.0612 
12.3980 10.0000 258.5782 0.3453 0.1825 -0.4975 0.0000 0.0000 2234.3635 0.0636 
12.3347 10.0000 256.0739 0.3474 0.1836 -0.4996 0.0000 0.0000 2380.2620 0.0681 
12.3401 10.0000 257.2519 0.3498 0.1836 -0.5003 0.0000 0.0000 2138.0827 0.0655 
12.3724 10.0000 256.4515 0.3400 0.1811 -0.4911 0.0000 0.0000 2157.5630 0.0593 
12.4789 10.0000 261.7300 0.3439 0.1823 -0.4966 0.0000 0.0000 2206.6382 0.0587 
12.3617 10.0000 258.2070 0.3486 0.1830 -0.5002 0.0000 0.0000 2408.6940 0.0670 
12.3725 10.0000 258.7612 0.3494 0.1845 -0.4984 0.0000 0.0000 2356.8084 0.0646 
12.4073 10.0000 259.0005 0.3440 0.1826 -0.4940 0.0000 0.0000 2071.5794 0.0593 
12.3605 10.0000 257.7778 0.3461 0.1836 -0.4921 0.0000 0.0000 2409.1298 0.0636 
12.3861 10.0000 259.4053 0.3487 0.1844 -0.4963 0.0000 0.0000 2346.2602 0.0681 
12.4309 10.0000 259.3310 0.3431 0.1822 -0.4932 0.0000 0.0000 2227.5406 0.0617 
12.3917 10.0000 259.1655 0.3463 0.1835 -0.4939 0.0000 0.0000 1859.6923 0.0637 
12.3793 10.0000 257.5003 0.3451 0.1831 -0.4959 0.0000 0.0000 2312.6484 0.0602 
12.3119 10.0000 256.0716 0.3485 0.1845 -0.4948 0.0000 0.0000 2491.3768 0.0685 
12.4356 9.0000 260.3460 0.3472 0.1833 -0.5002 0.0000 0.0000 2267.2196 0.0599 
12.4070 4.0000 258.8597 0.3471 0.1837 -0.4997 0.0000 0.0000 2234.3248 0.0602 
12.3761 7.0000 257.0878 0.3450 0.1827 -0.4979 0.0000 0.0000 2400.5681 0.0642 
12.3949 9.0000 258.6146 0.3463 0.1825 -0.4995 0.0000 0.0000 2324.9778 0.0617 
12.3959 10.0000 258.5841 0.3463 0.1841 -0.4942 0.0000 0.0000 2471.6823 0.0640 
12.4051 7.0000 258.5468 0.3420 0.1820 -0.4903 0.0000 0.0000 2218.8815 0.0609 
12.4060 10.0000 259.5926 0.3441 0.1832 -0.4888 0.0000 0.0000 2285.8477 0.0624 
12.3955 10.0000 258.4818 0.3473 0.1839 -0.4997 0.0000 0.0000 1582.7056 0.0614 
12.3629 8.0000 257.3166 0.3433 0.1825 -0.4901 0.0000 0.0000 2277.1949 0.0623 
12.4034 10.0000 259.0713 0.3488 0.1842 -0.5012 0.0000 0.0000 2390.9931 0.0631 
12.4452 5.0000 260.9334 0.3446 0.1824 -0.4961 0.0000 0.0000 2307.2192 0.0602 
12.4234 10.0000 259.7051 0.3461 0.1829 -0.4973 0.0000 0.0000 2337.4507 0.0624 
12.4641 6.0000 260.9234 0.3451 0.1830 -0.4985 0.0000 0.0000 2190.0336 0.0599 
12.4813 10.0000 261.8488 0.3468 0.1841 -0.4994 0.0000 0.0000 2184.1558 0.0608 
12.4069 10.0000 257.6659 0.3438 0.1824 -0.4995 0.0000 0.0000 2272.7867 0.0623 
12.3722 10.0000 258.1614 0.3504 0.1849 -0.5012 0.0000 0.0000 2430.8160 0.0664 
12.3915 9.0000 258.3867 0.3472 0.1836 -0.4979 0.0000 0.0000 2361.5128 0.0646 
12.4758 10.0000 261.3801 0.3444 0.1841 -0.4931 0.0000 0.0000 2360.9808 0.0625 
12.4719 10.0000 259.6748 0.3358 0.1797 -0.4883 0.0000 0.0000 1928.0331 0.0527 
12.4267 10.0000 259.6020 0.3466 0.1821 -0.5038 0.0000 0.0000 2253.9844 0.0629 
12.3093 9.0000 254.7332 0.3472 0.1843 -0.4943 0.0000 0.0000 1953.5515 0.0651 
12.4054 6.0000 259.3934 0.3477 0.1830 -0.5014 0.0000 0.0000 2319.0488 0.0616 
12.4323 10.0000 260.5447 0.3477 0.1835 -0.5005 0.0000 0.0000 2364.1546 0.0607 
12.4323 10.0000 260.0064 0.3476 0.1843 -0.4993 0.0000 0.0000 2389.0156 0.0635 
12.4525 9.0000 259.6431 0.3416 0.1810 -0.4977 0.0000 0.0000 2190.6722 0.0548 
12.4870 9.0000 260.8480 0.3418 0.1819 -0.4970 0.0000 0.0000 2213.3646 0.0578 
12.4806 10.0000 261.9678 0.3424 0.1813 -0.4954 0.0000 0.0000 2230.7794 0.0586 
12.4404 10.0000 261.0044 0.3478 0.1838 -0.4998 0.0000 0.0000 2104.2439 0.0603 
12.4173 10.0000 259.6051 0.3442 0.1825 -0.4943 0.0000 0.0000 2283.4075 0.0600 
12.3890 8.0000 258.2355 0.3457 0.1830 -0.4970 0.0000 0.0000 2523.7121 0.0659 
12.4421 10.0000 259.8924 0.3421 0.1809 -0.4978 0.0000 0.0000 2226.6579 0.0601 
12.3449 10.0000 255.9807 0.3452 0.1835 -0.4956 0.0000 0.0000 1884.3834 0.0604 
12.4138 5.0000 259.1815 0.3478 0.1835 -0.5028 0.0000 0.0000 2244.4817 0.0630 
12.3466 10.0000 256.5309 0.3470 0.1835 -0.4971 0.0000 0.0000 2373.7639 0.0653 
12.3636 10.0000 257.7391 0.3476 0.1834 -0.4980 0.0000 0.0000 2370.4342 0.0654 
12.3893 4.0000 257.9362 0.3460 0.1833 -0.4980 0.0000 0.0000 2322.4803 0.0629 
12.3654 10.0000 256.9946 0.3452 0.1825 -0.4976 0.0000 0.0000 2335.8613 0.0639 
12.3866 6.0000 258.0606 0.3467 0.1836 -0.4965 0.0000 0.0000 2315.5380 0.0620 
12.4592 5.0000 261.2986 0.3445 0.1825 -0.4962 0.0000 0.0000 1955.0573 0.0606 
12.4567 10.0000 261.7023 0.3472 0.1842 -0.4945 0.0000 0.0000 2377.1439 0.0628 
12.3676 10.0000 257.9899 0.3504 0.1860 -0.4961 0.0000 0.0000 2524.3525 0.0675 
12.4229 10.0000 259.0540 0.3464 0.1831 -0.5013 0.0000 0.0000 2306.0315 0.0623 
12.3867 10.0000 258.4410 0.3453 0.1825 -0.4964 0.0000 0.0000 2217.0321 0.0636 
12.3976 10.0000 259.5336 0.3490 0.1844 -0.4980 0.0000 0.0000 2107.6059 0.0650 
12.4030 10.0000 259.6352 0.3501 0.1834 -0.5045 0.0000 0.0000 1966.8436 0.0666 
12.3735 10.0000 257.8646 0.3470 0.1833 -0.4982 0.0000 0.0000 2030.8469 0.0642 
12.3614 10.0000 256.5580 0.3460 0.1837 -0.4953 0.0000 0.0000 1877.2968 0.0642 
12.4116 7.0000 259.6360 0.3472 0.1838 -0.4961 0.0000 0.0000 1967.0891 0.0642 
12.4504 10.0000 260.3304 0.3442 0.1820 -0.4979 0.0000 0.0000 1861.2939 0.0590 
12.3980 10.0000 259.2723 0.3483 0.1838 -0.5012 0.0000 0.0000 1809.7582 0.0656 
12.3530 10.0000 256.9590 0.3457 0.1830 -0.4942 0.0000 0.0000 1524.6751 0.0638 
12.3756 10.0000 258.0578 0.3481 0.1834 -0.5019 0.0000 0.0000 1081.5472 0.0663 
