12.2008 10.0000 249.2504 0.3725 0.2104 -0.4752 0.0000 0.0000 1.7043 0.0760 
12.5200 10.0000 262.8696 0.3599 0.1969 -0.4851 0.0000 0.0000 1.5591 0.0798 
12.5640 10.0000 266.1568 0.3661 0.2034 -0.4860 0.0000 0.0000 1.5690 0.0680 
12.9032 11.0000 280.8704 0.3812 0.2065 -0.5035 0.0000 0.0000 1.6007 0.0680 
12.7408 10.0000 271.7984 0.3590 0.1948 -0.4953 0.0000 0.0000 1.5648 0.0680 
12.1088 10.0000 246.4960 0.3740 0.2046 -0.4995 0.0000 0.0000 1.7320 0.0680 
12.7560 10.0000 269.8832 0.3498 0.1956 -0.4862 0.0000 0.0000 1.5302 0.0680 
12.6416 10.0000 267.8424 0.3696 0.2081 -0.4867 0.0000 0.0000 1.6483 0.0760 
12.1096 7.0000 243.4440 0.3631 0.2058 -0.4595 0.0000 0.0000 1.7317 0.0680 
12.4840 10.0000 264.4080 0.3760 0.2054 -0.4905 0.0000 0.0000 1.6994 0.0680 
12.0592 10.0000 247.5256 0.3696 0.2084 -0.4464 0.0000 0.0000 1.6964 0.0680 
12.7976 10.0000 276.3008 0.3704 0.1917 -0.5322 0.0000 0.0000 0.3002 0.1021 
12.2944 10.0000 254.0328 0.3724 0.2098 -0.4771 0.0000 0.0000 0.2616 0.1021 
12.3744 10.0000 263.9576 0.3845 0.2077 -0.4899 0.0000 0.0000 0.8773 0.0709 
11.9960 10.0000 241.5648 0.3835 0.2141 -0.4818 0.0000 0.0000 1.2052 0.0591 
12.3760 10.0000 255.7792 0.3843 0.2063 -0.5334 0.0000 0.0000 1.0292 0.0838 
12.3848 10.0000 260.1496 0.3671 0.2000 -0.4920 0.0000 0.0000 1.2616 0.0591 
11.7200 10.0000 235.4104 0.3882 0.2140 -0.4779 0.0000 0.0000 1.1996 0.0709 
12.3040 11.0000 256.3800 0.3867 0.2098 -0.4978 0.0000 0.0000 1.2482 0.0591 
12.1920 10.0000 247.7768 0.3743 0.2039 -0.5110 0.0000 0.0000 1.0971 0.0591 
12.1232 10.0000 251.8496 0.3712 0.2000 -0.4868 0.0000 0.0000 0.7504 0.0591 
12.2328 10.0000 256.9256 0.3873 0.2095 -0.4888 0.0000 0.0000 0.3079 0.0684 
11.8912 10.0000 242.9416 0.3909 0.2126 -0.4804 0.0000 0.0000 0.2211 0.0705 
11.9568 9.0000 243.8648 0.3892 0.2111 -0.4912 0.0000 0.0000 0.5700 0.0810 
12.2440 7.0000 253.7056 0.3706 0.1991 -0.4923 0.0000 0.0000 0.5301 0.0776 
12.4832 9.0000 264.6968 0.3811 0.2051 -0.5248 0.0000 0.0000 0.3058 0.0576 
12.2296 10.0000 254.3080 0.3806 0.2049 -0.4970 0.0000 0.0000 0.5292 0.0708 
12.1056 10.0000 249.8872 0.3672 0.1990 -0.4814 0.0000 0.0000 0.9221 0.0756 
12.0464 10.0000 247.8072 0.3975 0.2182 -0.4943 0.0000 0.0000 1.1431 0.0756 
12.3200 10.0000 254.4016 0.3841 0.2169 -0.4785 0.0000 0.0000 1.2701 0.0741 
12.7400 10.0000 273.0592 0.3542 0.1943 -0.4861 0.0000 0.0000 1.1866 0.0666 
12.4280 10.0000 259.8344 0.3675 0.1982 -0.5056 0.0000 0.0000 1.0135 0.0711 
12.3216 10.0000 256.8456 0.3826 0.2128 -0.4908 0.0000 0.0000 0.8366 0.0741 
12.3208 7.0000 258.4600 0.3763 0.2029 -0.5041 0.0000 0.0000 0.2206 0.0741 
12.2792 10.0000 262.5240 0.3941 0.2108 -0.4998 0.0000 0.0000 0.2184 0.0606 
12.6224 4.0000 263.7728 0.3727 0.2054 -0.5108 0.0000 0.0000 0.3066 0.0869 
12.4112 10.0000 257.9712 0.3744 0.2097 -0.4807 0.0000 0.0000 0.2664 0.0704 
12.0176 7.0000 245.4576 0.3725 0.2010 -0.4850 0.0000 0.0000 0.3078 0.0897 
12.5184 10.0000 262.3000 0.3768 0.2016 -0.5274 0.0000 0.0000 0.3064 0.0602 
12.2216 10.0000 251.1160 0.3822 0.2075 -0.5051 0.0000 0.0000 0.3092 0.0602 
12.2104 4.0000 248.3656 0.3637 0.2063 -0.4696 0.0000 0.0000 0.2882 0.0397 
11.8912 6.0000 244.3768 0.3711 0.2044 -0.4554 0.0000 0.0000 1.1429 0.0843 
12.6384 10.0000 267.3880 0.3594 0.1984 -0.4792 0.0000 0.0000 0.9404 0.0843 
12.3512 10.0000 261.4592 0.3842 0.2023 -0.5085 0.0000 0.0000 0.8227 0.0843 
12.2048 10.0000 253.5832 0.3748 0.2012 -0.4979 0.0000 0.0000 0.7621 0.0843 
12.1536 10.0000 254.4880 0.3796 0.2054 -0.4814 0.0000 0.0000 0.2603 0.0704 
12.7288 11.0000 271.9128 0.3790 0.2085 -0.5013 0.0000 0.0000 0.3087 0.0782 
12.3312 10.0000 261.2400 0.4007 0.2151 -0.5133 0.0000 0.0000 0.4371 0.0709 
12.1952 10.0000 257.9568 0.3774 0.2014 -0.4845 0.0000 0.0000 0.3076 0.0772 
12.3424 10.0000 255.1344 0.3709 0.2029 -0.4993 0.0000 0.0000 0.3072 0.0525 
12.6360 9.0000 267.5584 0.3589 0.1982 -0.4925 0.0000 0.0000 0.3097 0.0525 
12.4384 6.0000 260.8224 0.3766 0.2055 -0.4953 0.0000 0.0000 0.3525 0.0525 
11.9232 10.0000 244.7296 0.3851 0.2060 -0.4954 0.0000 0.0000 0.3023 0.0525 
12.3688 10.0000 262.1272 0.3813 0.2077 -0.4997 0.0000 0.0000 0.3973 0.0612 
12.1560 10.0000 249.3832 0.3775 0.2016 -0.5083 0.0000 0.0000 0.4851 0.0612 
12.1920 10.0000 258.4336 0.3876 0.2045 -0.5109 0.0000 0.0000 0.5700 0.0802 
12.1480 10.0000 255.1936 0.3786 0.2043 -0.4842 0.0000 0.0000 0.4853 0.0612 
12.1128 10.0000 254.0568 0.3838 0.2164 -0.4508 0.0000 0.0000 0.2201 0.0724 
12.3384 10.0000 259.2280 0.3641 0.1953 -0.4930 0.0000 0.0000 0.3086 0.0749 
12.3168 10.0000 256.9656 0.3488 0.1889 -0.4717 0.0000 0.0000 0.3058 0.0716 
12.1048 7.0000 249.5112 0.3604 0.1922 -0.4877 0.0000 0.0000 0.3998 0.0833 
12.2136 10.0000 247.5184 0.3775 0.2097 -0.4949 0.0000 0.0000 0.5272 0.0833 
12.1168 10.0000 249.9216 0.3749 0.2048 -0.4657 0.0000 0.0000 0.5264 0.0833 
12.4848 8.0000 265.5256 0.3875 0.2122 -0.5041 0.0000 0.0000 0.4418 0.0833 
12.5696 10.0000 264.4944 0.3945 0.2172 -0.5289 0.0000 0.0000 0.2239 0.0716 
12.6912 10.0000 269.6816 0.3613 0.1979 -0.5097 0.0000 0.0000 0.4833 0.0679 
12.2688 10.0000 254.6496 0.3740 0.2074 -0.4783 0.0000 0.0000 0.4835 0.0625 
12.0800 10.0000 247.3160 0.3693 0.2077 -0.4619 0.0000 0.0000 0.4418 0.0679 
12.3608 10.0000 254.1992 0.3847 0.2097 -0.5091 0.0000 0.0000 0.3082 0.0750 
12.3448 7.0000 258.6144 0.3773 0.2119 -0.4726 0.0000 0.0000 0.2623 0.0625 
12.2320 10.0000 252.2384 0.3674 0.2029 -0.4786 0.0000 0.0000 0.4419 0.0589 
12.1344 10.0000 250.6576 0.3758 0.2070 -0.4761 0.0000 0.0000 0.4819 0.0916 
12.1832 10.0000 249.9552 0.3627 0.1997 -0.4775 0.0000 0.0000 0.4865 0.0768 
12.3488 10.0000 256.9424 0.3739 0.1991 -0.5092 0.0000 0.0000 0.5280 0.0768 
12.0448 8.0000 247.0520 0.3926 0.2120 -0.5152 0.0000 0.0000 0.6125 0.0768 
12.3104 10.0000 254.6120 0.3767 0.2100 -0.4796 0.0000 0.0000 0.4868 0.0768 
12.2080 10.0000 254.6048 0.3764 0.1985 -0.5081 0.0000 0.0000 0.3495 0.0906 
12.3864 10.0000 261.0128 0.3931 0.2164 -0.4952 0.0000 0.0000 0.3928 0.0704 
12.2264 10.0000 248.5248 0.3740 0.2067 -0.4957 0.0000 0.0000 0.6977 0.0854 
12.3696 8.0000 254.9960 0.3839 0.2081 -0.5192 0.0000 0.0000 0.6107 0.0768 
12.5696 10.0000 266.1088 0.3548 0.1951 -0.4756 0.0000 0.0000 0.6471 0.0854 
12.0568 10.0000 245.5392 0.3744 0.2093 -0.4690 0.0000 0.0000 0.3049 0.0732 
12.2400 10.0000 250.8768 0.3745 0.2035 -0.4997 0.0000 0.0000 0.3089 0.0803 
12.4752 8.0000 262.7120 0.3752 0.1980 -0.5204 0.0000 0.0000 1.1778 0.0753 
12.1296 9.0000 249.3440 0.3772 0.2020 -0.4987 0.0000 0.0000 1.1809 0.0753 
12.5200 10.0000 268.7416 0.3789 0.2044 -0.4967 0.0000 0.0000 1.0993 0.0753 
12.0112 10.0000 245.6912 0.3820 0.2127 -0.4619 0.0000 0.0000 0.8360 0.0725 
12.4648 11.0000 253.8176 0.3707 0.2088 -0.5024 0.0000 0.0000 0.6579 0.0762 
12.1208 8.0000 247.1440 0.3793 0.2119 -0.4730 0.0000 0.0000 0.2208 0.0803 
11.9824 10.0000 246.8392 0.3835 0.2106 -0.4681 0.0000 0.0000 0.3066 0.0534 
12.4960 10.0000 266.9352 0.3770 0.2031 -0.4922 0.0000 0.0000 0.3467 0.0534 
12.5160 10.0000 268.9008 0.3726 0.2048 -0.4656 0.0000 0.0000 0.3504 0.0534 
12.3024 10.0000 257.6968 0.3809 0.2048 -0.4987 0.0000 0.0000 0.3065 0.0534 
12.1080 6.0000 249.3944 0.3691 0.2068 -0.4660 0.0000 0.0000 0.3521 0.0534 
11.7672 9.0000 239.2520 0.3742 0.2079 -0.4471 0.0000 0.0000 0.4824 0.0534 
12.4720 10.0000 263.8520 0.3624 0.1944 -0.4931 0.0000 0.0000 0.3038 0.0534 
12.0528 10.0000 246.1224 0.3821 0.2163 -0.4718 0.0000 0.0000 0.3109 0.0534 
12.3032 10.0000 255.3352 0.3813 0.2109 -0.4866 0.0000 0.0000 0.4828 0.0534 
12.6592 8.0000 273.6600 0.3803 0.2028 -0.5122 0.0000 0.0000 0.4829 0.0534 
12.7536 10.0000 269.9544 0.3795 0.2104 -0.5019 0.0000 0.0000 0.3975 0.0534 
