12.0448 10.0000 248.5224 0.2181 0.0995 -0.4421 0.0000 0.0000 2.5227 0.0696 
11.8416 10.0000 239.4416 0.2333 0.1042 -0.4510 0.0000 0.0000 2.5535 0.0696 
11.9392 9.0000 247.4624 0.2336 0.1021 -0.4540 0.0000 0.0000 2.5151 0.0696 
11.8720 10.0000 241.0048 0.2196 0.1006 -0.4260 0.0000 0.0000 2.4142 0.0736 
12.3712 10.0000 261.1304 0.2201 0.1006 -0.4443 0.0000 0.0000 2.5492 0.0696 
12.4384 10.0000 267.0560 0.2223 0.0989 -0.4581 0.0000 0.0000 2.5839 0.0696 
12.1976 10.0000 247.4936 0.2174 0.1007 -0.4535 0.0000 0.0000 2.5409 0.0830 
11.9928 8.0000 246.8288 0.2267 0.1025 -0.4406 0.0000 0.0000 2.5847 0.0696 
12.1640 10.0000 255.9816 0.2300 0.1021 -0.4649 0.0000 0.0000 2.5866 0.0696 
12.3760 10.0000 255.9720 0.2284 0.1019 -0.4836 0.0000 0.0000 2.5284 0.0696 
11.9296 9.0000 244.0640 0.2271 0.1009 -0.4539 0.0000 0.0000 2.4540 0.0696 
12.4176 10.0000 263.4384 0.2233 0.1010 -0.4607 0.0000 0.0000 0.4301 0.0820 
12.1552 10.0000 253.3824 0.2211 0.0975 -0.4466 0.0000 0.0000 1.0060 0.0505 
12.1376 9.0000 255.8560 0.2288 0.1032 -0.4383 0.0000 0.0000 1.9332 0.0710 
12.2048 10.0000 250.3576 0.2184 0.1030 -0.4387 0.0000 0.0000 2.3275 0.0710 
12.2544 10.0000 250.4400 0.2167 0.1017 -0.4506 0.0000 0.0000 2.0267 0.0710 
12.4464 10.0000 263.2728 0.2198 0.1007 -0.4565 0.0000 0.0000 2.0237 0.0710 
12.5176 10.0000 264.0280 0.2216 0.0996 -0.4565 0.0000 0.0000 1.9398 0.0710 
12.2584 10.0000 250.0600 0.2136 0.0997 -0.4432 0.0000 0.0000 2.2817 0.0710 
12.1608 7.0000 257.4672 0.2261 0.1008 -0.4443 0.0000 0.0000 2.2848 0.0710 
12.4536 10.0000 260.8056 0.2166 0.1001 -0.4433 0.0000 0.0000 1.9771 0.0710 
12.1784 10.0000 254.2112 0.2268 0.1024 -0.4486 0.0000 0.0000 1.6330 0.0710 
12.5688 10.0000 267.8536 0.2051 0.0956 -0.4314 0.0000 0.0000 0.3097 0.0571 
12.7856 10.0000 278.5704 0.2143 0.0991 -0.4416 0.0000 0.0000 0.4408 0.0797 
12.2984 10.0000 256.1552 0.2169 0.0989 -0.4456 0.0000 0.0000 0.7100 0.0820 
11.9848 10.0000 243.8608 0.2199 0.1027 -0.4221 0.0000 0.0000 2.1967 0.0805 
12.7792 11.0000 275.7464 0.2253 0.1024 -0.4704 0.0000 0.0000 2.3778 0.0694 
11.9896 10.0000 243.6016 0.2228 0.0998 -0.4517 0.0000 0.0000 2.1998 0.0694 
12.1856 10.0000 250.5712 0.2140 0.0998 -0.4311 0.0000 0.0000 2.3287 0.0694 
12.3440 9.0000 255.3464 0.2116 0.1005 -0.4350 0.0000 0.0000 2.2000 0.0862 
12.9336 8.0000 282.5832 0.2176 0.0988 -0.4628 0.0000 0.0000 2.1124 0.0694 
12.0648 10.0000 252.8168 0.2376 0.1024 -0.4569 0.0000 0.0000 2.1572 0.0862 
12.3368 10.0000 250.3840 0.2113 0.0989 -0.4427 0.0000 0.0000 2.1118 0.1026 
12.3928 5.0000 264.7000 0.2326 0.1029 -0.4614 0.0000 0.0000 1.6731 0.0709 
12.2952 3.0000 255.4976 0.2251 0.1017 -0.4537 0.0000 0.0000 0.4405 0.0944 
12.3488 8.0000 262.0304 0.2335 0.1030 -0.4740 0.0000 0.0000 0.4744 0.0942 
12.4216 10.0000 262.5680 0.2175 0.0994 -0.4473 0.0000 0.0000 0.4816 0.0703 
12.1336 10.0000 247.9528 0.2076 0.0993 -0.4191 0.0000 0.0000 0.3093 0.0599 
12.0840 10.0000 251.6624 0.2320 0.1018 -0.4554 0.0000 0.0000 0.6211 0.0617 
11.8096 10.0000 241.7048 0.2372 0.1038 -0.4490 0.0000 0.0000 0.6757 0.0617 
12.2560 10.0000 257.3040 0.2222 0.1012 -0.4462 0.0000 0.0000 0.3997 0.0940 
11.9552 10.0000 243.7520 0.2300 0.1060 -0.4417 0.0000 0.0000 1.2349 0.0731 
12.2112 10.0000 252.5976 0.2259 0.1020 -0.4557 0.0000 0.0000 1.1460 0.0731 
12.2064 10.0000 253.4680 0.2242 0.0997 -0.4502 0.0000 0.0000 1.1131 0.0731 
12.2864 5.0000 253.9792 0.2183 0.1020 -0.4492 0.0000 0.0000 1.0046 0.0731 
11.8912 10.0000 245.5008 0.2305 0.1021 -0.4454 0.0000 0.0000 0.4378 0.0722 
12.4360 10.0000 264.6872 0.2114 0.0971 -0.4249 0.0000 0.0000 0.3507 0.0731 
12.3112 6.0000 257.1840 0.2129 0.0996 -0.4335 0.0000 0.0000 0.3507 0.0774 
12.4032 10.0000 255.2648 0.2136 0.0976 -0.4525 0.0000 0.0000 0.4422 0.0660 
12.2952 10.0000 260.3640 0.2223 0.1007 -0.4419 0.0000 0.0000 0.5715 0.0469 
12.2296 10.0000 259.7080 0.2247 0.1022 -0.4348 0.0000 0.0000 0.5313 0.0696 
12.1304 10.0000 253.0600 0.2209 0.0985 -0.4500 0.0000 0.0000 0.4407 0.0661 
12.0504 10.0000 248.0328 0.2222 0.1002 -0.4465 0.0000 0.0000 0.4407 0.0661 
12.2576 10.0000 259.7632 0.2346 0.1022 -0.4630 0.0000 0.0000 0.7343 0.0721 
11.9240 9.0000 247.3048 0.2318 0.1031 -0.4454 0.0000 0.0000 1.0896 0.0741 
12.5736 10.0000 272.6840 0.2247 0.1025 -0.4362 0.0000 0.0000 1.1771 0.0741 
12.1328 10.0000 250.7208 0.2217 0.0990 -0.4511 0.0000 0.0000 1.2187 0.0741 
12.3688 10.0000 258.5016 0.2243 0.1018 -0.4554 0.0000 0.0000 1.2247 0.0661 
12.2608 5.0000 259.4168 0.2205 0.0999 -0.4430 0.0000 0.0000 0.5641 0.0741 
12.3320 10.0000 261.4832 0.2365 0.1018 -0.4829 0.0000 0.0000 0.3106 0.0588 
12.5648 7.0000 265.2568 0.2091 0.0972 -0.4463 0.0000 0.0000 0.4819 0.0807 
12.2016 10.0000 251.0832 0.2224 0.1001 -0.4532 0.0000 0.0000 0.4410 0.0807 
12.4192 9.0000 261.6024 0.2269 0.0987 -0.4684 0.0000 0.0000 1.1846 0.0739 
12.0888 8.0000 244.0728 0.2182 0.1029 -0.4437 0.0000 0.0000 1.1023 0.0634 
12.4920 10.0000 264.0224 0.2130 0.1021 -0.4183 0.0000 0.0000 0.8367 0.0794 
12.2576 9.0000 256.8784 0.2212 0.1009 -0.4452 0.0000 0.0000 0.4819 0.0686 
12.5048 10.0000 264.0016 0.2274 0.1025 -0.4624 0.0000 0.0000 1.1469 0.0666 
12.1184 7.0000 255.1816 0.2306 0.1014 -0.4439 0.0000 0.0000 1.1427 0.0666 
12.3168 7.0000 257.2688 0.2294 0.1028 -0.4669 0.0000 0.0000 1.0521 0.0580 
12.2304 10.0000 256.0720 0.2214 0.0998 -0.4447 0.0000 0.0000 0.6546 0.0764 
12.0600 10.0000 247.8192 0.2228 0.1015 -0.4427 0.0000 0.0000 0.4795 0.0764 
12.0432 10.0000 249.8200 0.2260 0.1003 -0.4496 0.0000 0.0000 0.3113 0.0764 
12.3824 10.0000 262.8184 0.2290 0.1010 -0.4679 0.0000 0.0000 0.5268 0.0668 
12.0640 10.0000 243.6624 0.2174 0.0994 -0.4551 0.0000 0.0000 0.5281 0.0730 
12.6968 10.0000 274.4112 0.2307 0.1001 -0.4810 0.0000 0.0000 0.3434 0.0668 
12.5304 10.0000 263.7448 0.2196 0.1017 -0.4503 0.0000 0.0000 0.4818 0.0637 
12.3384 8.0000 263.7760 0.2273 0.0998 -0.4649 0.0000 0.0000 0.4804 0.0734 
12.2496 9.0000 251.9768 0.2089 0.0971 -0.4363 0.0000 0.0000 0.4841 0.0734 
12.0080 10.0000 243.4112 0.2140 0.0997 -0.4380 0.0000 0.0000 0.4893 0.0734 
12.1480 10.0000 248.5896 0.2127 0.0996 -0.4459 0.0000 0.0000 0.9258 0.0459 
12.2816 9.0000 261.6288 0.2370 0.1020 -0.4634 0.0000 0.0000 1.1442 0.0459 
12.3160 10.0000 257.4688 0.2166 0.0985 -0.4485 0.0000 0.0000 1.1449 0.0843 
12.0664 10.0000 250.6464 0.2253 0.0993 -0.4469 0.0000 0.0000 0.6993 0.0459 
12.2544 7.0000 258.3392 0.2319 0.1022 -0.4689 0.0000 0.0000 1.4927 0.0982 
12.9328 9.0000 274.8872 0.2043 0.0959 -0.4505 0.0000 0.0000 0.4410 0.0734 
12.4880 10.0000 268.0960 0.2190 0.0992 -0.4510 0.0000 0.0000 0.4813 0.0699 
12.4168 10.0000 262.3424 0.2204 0.1013 -0.4436 0.0000 0.0000 0.4814 0.0417 
12.3336 9.0000 257.0320 0.2293 0.1042 -0.4564 0.0000 0.0000 1.1878 0.0831 
12.4984 8.0000 267.1728 0.2322 0.1017 -0.4698 0.0000 0.0000 1.2324 0.0532 
12.4448 9.0000 265.8744 0.2184 0.1001 -0.4370 0.0000 0.0000 0.8368 0.0776 
12.5104 10.0000 261.2296 0.2102 0.0991 -0.4377 0.0000 0.0000 0.9262 0.0532 
12.3576 10.0000 256.3464 0.2263 0.1028 -0.4700 0.0000 0.0000 0.5742 0.0532 
12.1512 10.0000 251.9272 0.2213 0.1001 -0.4481 0.0000 0.0000 1.1408 0.0532 
12.6856 10.0000 264.1000 0.2214 0.1040 -0.4721 0.0000 0.0000 1.2276 0.0532 
11.9584 7.0000 247.8456 0.2345 0.1040 -0.4499 0.0000 0.0000 0.9696 0.0532 
12.5224 10.0000 267.1408 0.2194 0.0997 -0.4633 0.0000 0.0000 0.4434 0.0532 
12.6864 9.0000 271.0832 0.2156 0.0978 -0.4707 0.0000 0.0000 0.4437 0.0532 
12.4032 10.0000 265.2512 0.2198 0.0999 -0.4274 0.0000 0.0000 0.4802 0.0532 
11.9800 10.0000 244.1688 0.2269 0.1025 -0.4501 0.0000 0.0000 0.3489 0.0532 
12.5104 8.0000 261.9736 0.2162 0.0998 -0.4555 0.0000 0.0000 0.4420 0.0532 
