12.4158 10.0000 258.5724 0.3031 0.1532 -0.4935 0.0000 0.0000 2329.9495 0.0606 
12.3798 2.0000 258.4374 0.3032 0.1530 -0.4894 0.0000 0.0000 2248.9493 0.0654 
12.3661 10.0000 256.6986 0.3045 0.1543 -0.4935 0.0000 0.0000 2255.1954 0.0638 
12.3818 8.0000 258.1948 0.3048 0.1529 -0.4958 0.0000 0.0000 2267.0669 0.0634 
12.3454 10.0000 257.2609 0.3049 0.1532 -0.4933 0.0000 0.0000 2281.0463 0.0657 
12.3841 10.0000 258.0626 0.3061 0.1538 -0.4970 0.0000 0.0000 2222.3003 0.0658 
12.3917 10.0000 258.6451 0.3048 0.1530 -0.4954 0.0000 0.0000 2282.3675 0.0657 
12.4516 10.0000 261.7511 0.3065 0.1531 -0.4981 0.0000 0.0000 2229.8581 0.0643 
12.3833 10.0000 257.2827 0.3018 0.1522 -0.4930 0.0000 0.0000 2211.3900 0.0613 
12.3383 10.0000 257.1726 0.3047 0.1546 -0.4860 0.0000 0.0000 2020.3633 0.0677 
12.4202 9.0000 259.9510 0.3065 0.1543 -0.4965 0.0000 0.0000 2361.5792 0.0647 
12.3559 10.0000 258.3369 0.3056 0.1530 -0.4932 0.0000 0.0000 2320.9481 0.0656 
12.3465 10.0000 256.3496 0.3017 0.1518 -0.4927 0.0000 0.0000 2303.6638 0.0634 
12.3673 10.0000 258.8003 0.3055 0.1532 -0.4923 0.0000 0.0000 2305.2106 0.0638 
12.3790 10.0000 257.3576 0.2993 0.1508 -0.4892 0.0000 0.0000 2087.1250 0.0611 
12.4102 10.0000 258.3479 0.3014 0.1528 -0.4911 0.0000 0.0000 2205.4215 0.0592 
12.4002 10.0000 259.0764 0.3054 0.1535 -0.4954 0.0000 0.0000 2343.4550 0.0648 
12.3699 9.0000 257.4900 0.3044 0.1536 -0.4929 0.0000 0.0000 2402.3955 0.0662 
12.4791 6.0000 260.9071 0.3012 0.1517 -0.4966 0.0000 0.0000 2260.3938 0.0602 
12.3291 6.0000 256.5905 0.3023 0.1522 -0.4888 0.0000 0.0000 2315.9737 0.0648 
12.3850 10.0000 258.0889 0.3003 0.1521 -0.4858 0.0000 0.0000 2317.4318 0.0611 
12.3651 8.0000 258.6926 0.3065 0.1529 -0.4965 0.0000 0.0000 2401.4777 0.0646 
12.4067 10.0000 259.1163 0.3033 0.1524 -0.4945 0.0000 0.0000 2376.2833 0.0630 
12.3927 10.0000 257.4126 0.2988 0.1512 -0.4896 0.0000 0.0000 1936.5446 0.0609 
12.3610 10.0000 257.1509 0.3018 0.1514 -0.4940 0.0000 0.0000 2323.8507 0.0639 
12.4134 10.0000 259.2433 0.3035 0.1520 -0.4961 0.0000 0.0000 2284.2683 0.0620 
12.3717 10.0000 256.9557 0.2991 0.1507 -0.4892 0.0000 0.0000 2029.5211 0.0610 
12.3543 10.0000 256.9762 0.3037 0.1523 -0.4946 0.0000 0.0000 2341.5322 0.0647 
12.4272 10.0000 259.7347 0.3006 0.1520 -0.4894 0.0000 0.0000 2440.6153 0.0597 
12.4026 10.0000 258.2482 0.3037 0.1528 -0.4964 0.0000 0.0000 2296.5495 0.0610 
12.3649 10.0000 257.2739 0.3018 0.1525 -0.4897 0.0000 0.0000 2598.4753 0.0648 
12.3908 10.0000 258.7434 0.3054 0.1537 -0.4954 0.0000 0.0000 2497.3022 0.0663 
12.3382 10.0000 256.9212 0.3055 0.1542 -0.4919 0.0000 0.0000 2409.9936 0.0663 
12.3345 6.0000 256.5448 0.3031 0.1533 -0.4877 0.0000 0.0000 2231.9233 0.0658 
12.3191 1.0000 255.5734 0.2993 0.1513 -0.4848 0.0000 0.0000 2433.5241 0.0607 
12.3243 10.0000 255.4963 0.3026 0.1524 -0.4908 0.0000 0.0000 2445.5805 0.0647 
12.3751 10.0000 257.6348 0.3008 0.1514 -0.4916 0.0000 0.0000 2323.9459 0.0615 
12.4047 10.0000 258.0513 0.2991 0.1513 -0.4902 0.0000 0.0000 2230.9403 0.0592 
12.4215 10.0000 259.1603 0.3002 0.1513 -0.4912 0.0000 0.0000 2332.3685 0.0611 
12.4191 10.0000 260.0267 0.3033 0.1523 -0.4928 0.0000 0.0000 2302.3769 0.0615 
12.3414 7.0000 255.9326 0.3002 0.1515 -0.4879 0.0000 0.0000 2210.6943 0.0618 
12.4388 10.0000 259.6789 0.2993 0.1520 -0.4877 0.0000 0.0000 2551.8915 0.0624 
12.4603 10.0000 260.1116 0.3011 0.1521 -0.4938 0.0000 0.0000 2332.4020 0.0605 
12.4562 7.0000 260.7463 0.3009 0.1524 -0.4897 0.0000 0.0000 2104.8778 0.0601 
12.3882 7.0000 256.9751 0.2979 0.1511 -0.4888 0.0000 0.0000 1701.4503 0.0561 
12.3211 9.0000 256.5309 0.3037 0.1530 -0.4883 0.0000 0.0000 2512.3221 0.0671 
12.3885 7.0000 258.2580 0.3013 0.1525 -0.4885 0.0000 0.0000 2308.5573 0.0630 
12.4319 10.0000 260.0711 0.3032 0.1523 -0.4956 0.0000 0.0000 2341.5846 0.0642 
12.3547 10.0000 256.9161 0.3042 0.1536 -0.4911 0.0000 0.0000 2328.4216 0.0627 
12.3471 10.0000 257.3330 0.3043 0.1524 -0.4919 0.0000 0.0000 2392.8553 0.0654 
12.4907 10.0000 262.7176 0.3039 0.1527 -0.4956 0.0000 0.0000 2246.1226 0.0627 
12.3751 10.0000 257.6369 0.3036 0.1535 -0.4909 0.0000 0.0000 2494.1988 0.0646 
12.4169 10.0000 259.3039 0.3038 0.1532 -0.4935 0.0000 0.0000 2364.3068 0.0628 
12.4220 6.0000 260.4138 0.3051 0.1529 -0.4961 0.0000 0.0000 2379.8288 0.0640 
12.4119 10.0000 258.3780 0.2983 0.1517 -0.4871 0.0000 0.0000 2309.7662 0.0586 
12.3311 10.0000 257.1934 0.3030 0.1521 -0.4879 0.0000 0.0000 2361.7019 0.0678 
12.3665 10.0000 257.1701 0.3007 0.1514 -0.4912 0.0000 0.0000 2332.8717 0.0623 
12.4235 6.0000 259.0737 0.3017 0.1521 -0.4933 0.0000 0.0000 2323.7957 0.0625 
12.3810 7.0000 257.8320 0.3018 0.1523 -0.4914 0.0000 0.0000 2344.2246 0.0615 
12.3544 10.0000 256.9556 0.3034 0.1524 -0.4931 0.0000 0.0000 2392.7174 0.0629 
12.4074 10.0000 258.7929 0.3042 0.1528 -0.4961 0.0000 0.0000 2306.1997 0.0615 
12.4364 3.0000 259.6303 0.3036 0.1529 -0.4966 0.0000 0.0000 2248.4904 0.0591 
12.4035 10.0000 259.0388 0.3023 0.1523 -0.4917 0.0000 0.0000 2403.6373 0.0616 
12.3837 10.0000 258.4666 0.3046 0.1537 -0.4916 0.0000 0.0000 2394.2190 0.0620 
12.3877 10.0000 258.5635 0.3054 0.1536 -0.4956 0.0000 0.0000 2423.7962 0.0641 
12.4289 10.0000 260.9505 0.3054 0.1528 -0.4961 0.0000 0.0000 2401.4056 0.0655 
12.3100 10.0000 255.3719 0.2998 0.1497 -0.4907 0.0000 0.0000 1873.7312 0.0614 
12.4312 9.0000 260.2311 0.3018 0.1512 -0.4955 0.0000 0.0000 2318.9869 0.0627 
12.3675 7.0000 257.3345 0.3013 0.1521 -0.4897 0.0000 0.0000 2338.1415 0.0607 
12.3838 10.0000 257.6017 0.2995 0.1517 -0.4883 0.0000 0.0000 2111.9432 0.0601 
12.3710 10.0000 257.3320 0.3042 0.1537 -0.4924 0.0000 0.0000 2624.6042 0.0651 
12.4277 9.0000 260.0797 0.3031 0.1524 -0.4956 0.0000 0.0000 2347.5029 0.0627 
12.3663 10.0000 258.3547 0.3030 0.1527 -0.4890 0.0000 0.0000 2447.2539 0.0644 
12.3968 5.0000 257.8505 0.2968 0.1508 -0.4845 0.0000 0.0000 2340.1441 0.0571 
12.3784 10.0000 257.5216 0.2998 0.1508 -0.4904 0.0000 0.0000 2283.5570 0.0614 
12.3957 10.0000 259.2038 0.3023 0.1530 -0.4872 0.0000 0.0000 2496.4780 0.0651 
12.3577 10.0000 256.8944 0.3019 0.1517 -0.4921 0.0000 0.0000 2228.8225 0.0621 
12.3759 10.0000 257.8527 0.3005 0.1516 -0.4891 0.0000 0.0000 2344.4852 0.0637 
12.3563 10.0000 256.5451 0.3036 0.1526 -0.4940 0.0000 0.0000 2315.7635 0.0642 
12.4543 10.0000 260.4070 0.3002 0.1519 -0.4914 0.0000 0.0000 2216.5812 0.0585 
12.3816 10.0000 257.8212 0.3032 0.1532 -0.4926 0.0000 0.0000 2394.0272 0.0645 
12.3623 10.0000 256.8371 0.3005 0.1524 -0.4884 0.0000 0.0000 2265.5467 0.0597 
12.3965 10.0000 258.9868 0.3052 0.1531 -0.4963 0.0000 0.0000 2419.7198 0.0646 
12.4091 10.0000 258.7864 0.3041 0.1532 -0.4950 0.0000 0.0000 2266.8952 0.0631 
12.3894 5.0000 258.4897 0.3030 0.1524 -0.4922 0.0000 0.0000 2264.8190 0.0638 
12.4046 10.0000 257.9979 0.3008 0.1530 -0.4877 0.0000 0.0000 2451.4789 0.0632 
12.4151 10.0000 258.6932 0.3022 0.1524 -0.4947 0.0000 0.0000 2347.3943 0.0618 
12.3712 10.0000 257.2860 0.3010 0.1524 -0.4883 0.0000 0.0000 2394.4088 0.0644 
12.3740 10.0000 258.3068 0.3034 0.1528 -0.4904 0.0000 0.0000 2421.1304 0.0634 
12.3764 10.0000 257.5335 0.3045 0.1528 -0.4964 0.0000 0.0000 2275.8460 0.0646 
12.3968 9.0000 258.7818 0.3051 0.1531 -0.4971 0.0000 0.0000 2274.4449 0.0656 
12.4131 10.0000 259.4114 0.2989 0.1514 -0.4854 0.0000 0.0000 2251.7578 0.0598 
12.4065 3.0000 259.0017 0.3012 0.1522 -0.4907 0.0000 0.0000 2263.8304 0.0658 
12.4257 10.0000 259.6845 0.3022 0.1524 -0.4941 0.0000 0.0000 2116.2026 0.0624 
12.3850 10.0000 257.9704 0.3059 0.1536 -0.4974 0.0000 0.0000 2074.1775 0.0658 
12.3973 10.0000 258.9445 0.3041 0.1529 -0.4953 0.0000 0.0000 2088.8791 0.0646 
12.3520 3.0000 257.6795 0.3048 0.1527 -0.4932 0.0000 0.0000 1955.8052 0.0662 
12.4235 8.0000 259.5721 0.3019 0.1519 -0.4937 0.0000 0.0000 1843.1488 0.0611 
12.3687 10.0000 256.6644 0.3000 0.1522 -0.4868 0.0000 0.0000 1666.5566 0.0613 
12.3625 10.0000 256.7370 0.3040 0.1540 -0.4903 0.0000 0.0000 1635.9187 0.0662 
