12.4104 10.0000 258.9166 0.3633 0.1963 -0.4969 0.0000 0.0000 2172.3906 0.0644 
12.4334 10.0000 259.6456 0.3637 0.1959 -0.5008 0.0000 0.0000 2168.6954 0.0644 
12.3987 10.0000 258.4045 0.3613 0.1952 -0.4944 0.0000 0.0000 2157.8389 0.0649 
12.3890 10.0000 259.4833 0.3623 0.1934 -0.4981 0.0000 0.0000 2208.8188 0.0650 
12.4366 10.0000 259.8730 0.3585 0.1922 -0.4971 0.0000 0.0000 2146.3658 0.0626 
12.3762 10.0000 256.9156 0.3586 0.1914 -0.5031 0.0000 0.0000 2033.4302 0.0604 
12.3737 10.0000 258.4770 0.3632 0.1945 -0.4965 0.0000 0.0000 2098.4181 0.0641 
12.3765 9.0000 257.4708 0.3592 0.1928 -0.4971 0.0000 0.0000 2003.9721 0.0628 
12.3886 10.0000 258.0617 0.3605 0.1956 -0.4891 0.0000 0.0000 2157.0522 0.0649 
12.3548 10.0000 256.9219 0.3591 0.1926 -0.4977 0.0000 0.0000 2166.6283 0.0644 
12.3835 10.0000 257.8723 0.3618 0.1939 -0.4999 0.0000 0.0000 2245.5542 0.0612 
12.3855 10.0000 258.2796 0.3614 0.1927 -0.5014 0.0000 0.0000 2321.8641 0.0648 
12.3691 9.0000 257.4013 0.3598 0.1936 -0.4933 0.0000 0.0000 2283.6474 0.0620 
12.3823 10.0000 258.5851 0.3582 0.1905 -0.4987 0.0000 0.0000 2193.1044 0.0652 
12.3836 9.0000 258.0606 0.3576 0.1924 -0.4921 0.0000 0.0000 2265.2571 0.0634 
12.3402 9.0000 256.6292 0.3565 0.1916 -0.4906 0.0000 0.0000 2100.8820 0.0645 
12.3850 10.0000 259.0757 0.3629 0.1930 -0.5024 0.0000 0.0000 2142.7463 0.0646 
12.3789 7.0000 258.7216 0.3597 0.1927 -0.4938 0.0000 0.0000 2305.5238 0.0625 
12.3936 10.0000 259.2297 0.3600 0.1923 -0.4969 0.0000 0.0000 2360.0614 0.0660 
12.3865 5.0000 258.5475 0.3596 0.1928 -0.4936 0.0000 0.0000 2069.3270 0.0599 
12.3622 10.0000 257.6228 0.3628 0.1939 -0.5003 0.0000 0.0000 2229.2703 0.0634 
12.4047 10.0000 257.9478 0.3552 0.1904 -0.4956 0.0000 0.0000 1997.6872 0.0599 
12.3684 10.0000 257.6322 0.3578 0.1915 -0.4950 0.0000 0.0000 2343.0294 0.0630 
12.3562 10.0000 257.5185 0.3593 0.1923 -0.4953 0.0000 0.0000 2365.5233 0.0633 
12.4110 10.0000 258.3725 0.3586 0.1927 -0.4974 0.0000 0.0000 2339.8561 0.0623 
12.4055 7.0000 259.8083 0.3611 0.1931 -0.4988 0.0000 0.0000 2348.2205 0.0647 
12.3448 10.0000 256.8327 0.3583 0.1929 -0.4914 0.0000 0.0000 1597.0169 0.0635 
12.3931 10.0000 259.5907 0.3631 0.1938 -0.4982 0.0000 0.0000 2365.7510 0.0636 
12.3812 10.0000 257.9106 0.3598 0.1926 -0.4961 0.0000 0.0000 2274.1917 0.0623 
12.3809 10.0000 257.9381 0.3581 0.1909 -0.4991 0.0000 0.0000 2334.3702 0.0629 
12.4112 10.0000 259.1166 0.3599 0.1929 -0.4980 0.0000 0.0000 2365.6381 0.0642 
12.4121 10.0000 257.8222 0.3542 0.1917 -0.4886 0.0000 0.0000 2233.4532 0.0603 
12.3741 10.0000 258.5934 0.3623 0.1945 -0.4956 0.0000 0.0000 2414.7326 0.0655 
12.3381 7.0000 256.2520 0.3558 0.1897 -0.4955 0.0000 0.0000 1989.3943 0.0616 
12.4230 10.0000 259.0131 0.3548 0.1915 -0.4906 0.0000 0.0000 2143.9116 0.0581 
12.4396 4.0000 260.9260 0.3580 0.1908 -0.4999 0.0000 0.0000 2179.5545 0.0606 
12.3370 9.0000 255.6026 0.3568 0.1915 -0.4955 0.0000 0.0000 1915.1300 0.0617 
12.4128 10.0000 259.4710 0.3615 0.1928 -0.5016 0.0000 0.0000 2280.0148 0.0626 
12.3208 10.0000 255.9975 0.3612 0.1934 -0.4957 0.0000 0.0000 2287.0358 0.0652 
12.3882 10.0000 258.7980 0.3616 0.1949 -0.4939 0.0000 0.0000 2286.4121 0.0631 
12.4016 9.0000 258.3748 0.3600 0.1930 -0.4993 0.0000 0.0000 2242.4225 0.0615 
12.3743 10.0000 257.0488 0.3582 0.1923 -0.4970 0.0000 0.0000 2370.3403 0.0624 
12.3993 10.0000 258.2344 0.3579 0.1933 -0.4937 0.0000 0.0000 2235.2727 0.0622 
12.3913 10.0000 259.2455 0.3592 0.1926 -0.4928 0.0000 0.0000 2349.9538 0.0624 
12.3299 10.0000 255.9960 0.3625 0.1937 -0.5012 0.0000 0.0000 2343.7849 0.0641 
12.4114 7.0000 258.9632 0.3584 0.1929 -0.4960 0.0000 0.0000 1989.9176 0.0613 
12.4195 10.0000 259.4566 0.3571 0.1917 -0.4934 0.0000 0.0000 2272.9409 0.0637 
12.3306 10.0000 256.0931 0.3590 0.1922 -0.4943 0.0000 0.0000 2345.8988 0.0662 
12.3341 6.0000 256.9549 0.3600 0.1934 -0.4913 0.0000 0.0000 2411.1256 0.0640 
12.4161 10.0000 259.8844 0.3625 0.1933 -0.5020 0.0000 0.0000 2358.8134 0.0649 
12.4648 10.0000 261.2556 0.3592 0.1933 -0.4970 0.0000 0.0000 2211.7843 0.0622 
12.3526 10.0000 258.5944 0.3652 0.1936 -0.5026 0.0000 0.0000 2220.2833 0.0686 
12.4190 10.0000 259.7378 0.3626 0.1939 -0.5000 0.0000 0.0000 2315.8322 0.0657 
12.3859 9.0000 257.8468 0.3581 0.1922 -0.4958 0.0000 0.0000 2368.4149 0.0643 
12.4095 10.0000 258.0362 0.3599 0.1941 -0.4982 0.0000 0.0000 2026.4924 0.0610 
12.4281 10.0000 260.5759 0.3616 0.1918 -0.5038 0.0000 0.0000 2321.0467 0.0635 
12.4195 10.0000 259.5867 0.3584 0.1927 -0.4922 0.0000 0.0000 2298.3111 0.0617 
12.3705 10.0000 257.6031 0.3557 0.1903 -0.4940 0.0000 0.0000 2217.9140 0.0610 
12.4806 10.0000 261.0741 0.3562 0.1921 -0.4959 0.0000 0.0000 2268.5051 0.0598 
12.4284 10.0000 260.4014 0.3596 0.1914 -0.5012 0.0000 0.0000 2278.8006 0.0598 
12.3959 10.0000 258.7605 0.3614 0.1940 -0.4974 0.0000 0.0000 2295.0676 0.0632 
12.3383 10.0000 255.5632 0.3547 0.1901 -0.4933 0.0000 0.0000 2161.2741 0.0574 
12.4374 10.0000 260.1290 0.3561 0.1925 -0.4909 0.0000 0.0000 2357.1316 0.0625 
12.3820 9.0000 259.2121 0.3625 0.1936 -0.4971 0.0000 0.0000 1989.0245 0.0654 
12.3417 10.0000 256.9945 0.3627 0.1949 -0.4949 0.0000 0.0000 2393.0879 0.0674 
12.4543 10.0000 259.7054 0.3554 0.1927 -0.4920 0.0000 0.0000 1966.7294 0.0574 
12.4121 10.0000 258.4440 0.3578 0.1917 -0.4991 0.0000 0.0000 2261.0285 0.0612 
12.3868 10.0000 259.0136 0.3626 0.1931 -0.4984 0.0000 0.0000 2153.0340 0.0647 
12.3748 10.0000 256.9677 0.3550 0.1917 -0.4907 0.0000 0.0000 2118.8491 0.0619 
12.3112 10.0000 256.8131 0.3631 0.1934 -0.4982 0.0000 0.0000 2380.4907 0.0630 
12.4069 8.0000 258.9590 0.3589 0.1924 -0.4970 0.0000 0.0000 2298.4034 0.0630 
12.3545 10.0000 257.4562 0.3599 0.1924 -0.4947 0.0000 0.0000 2440.4209 0.0680 
12.4124 6.0000 259.3313 0.3631 0.1951 -0.4991 0.0000 0.0000 2302.3052 0.0666 
12.4076 7.0000 258.6050 0.3572 0.1931 -0.4918 0.0000 0.0000 2055.9735 0.0600 
12.3163 10.0000 255.3893 0.3596 0.1934 -0.4913 0.0000 0.0000 2320.7466 0.0647 
12.3748 10.0000 257.8279 0.3598 0.1931 -0.4956 0.0000 0.0000 2444.2720 0.0638 
12.3662 10.0000 257.7474 0.3582 0.1925 -0.4925 0.0000 0.0000 2389.9606 0.0656 
12.2904 10.0000 254.7793 0.3590 0.1905 -0.4990 0.0000 0.0000 2173.4565 0.0628 
12.4183 10.0000 259.7097 0.3611 0.1929 -0.5012 0.0000 0.0000 2086.2385 0.0626 
12.4259 10.0000 259.2962 0.3586 0.1935 -0.4975 0.0000 0.0000 2257.6547 0.0610 
12.4240 10.0000 260.4334 0.3601 0.1919 -0.4992 0.0000 0.0000 2202.1611 0.0640 
12.4295 6.0000 260.9225 0.3606 0.1921 -0.5003 0.0000 0.0000 2099.6680 0.0638 
12.4200 10.0000 258.7935 0.3553 0.1922 -0.4907 0.0000 0.0000 2232.8700 0.0614 
12.4291 10.0000 259.1619 0.3564 0.1909 -0.4964 0.0000 0.0000 2144.8468 0.0600 
12.4387 10.0000 261.3953 0.3613 0.1922 -0.5017 0.0000 0.0000 2193.8008 0.0639 
12.4709 10.0000 261.7841 0.3599 0.1924 -0.5003 0.0000 0.0000 2321.1328 0.0636 
12.4477 10.0000 260.5378 0.3585 0.1923 -0.4987 0.0000 0.0000 2379.5160 0.0594 
12.3531 10.0000 257.7272 0.3629 0.1944 -0.4955 0.0000 0.0000 2336.1114 0.0653 
12.3247 10.0000 256.8310 0.3616 0.1935 -0.4960 0.0000 0.0000 2419.1164 0.0636 
12.3575 6.0000 257.0873 0.3611 0.1935 -0.4985 0.0000 0.0000 2134.0797 0.0639 
12.4124 10.0000 259.3776 0.3611 0.1936 -0.4988 0.0000 0.0000 2184.7949 0.0623 
12.3252 10.0000 255.6776 0.3588 0.1930 -0.4928 0.0000 0.0000 2300.6265 0.0640 
12.3870 10.0000 259.2582 0.3607 0.1919 -0.4985 0.0000 0.0000 1849.8109 0.0647 
12.3808 10.0000 257.8678 0.3622 0.1938 -0.5014 0.0000 0.0000 2122.2193 0.0626 
12.3662 10.0000 257.1255 0.3574 0.1918 -0.4939 0.0000 0.0000 2103.9156 0.0625 
12.3876 10.0000 257.8644 0.3595 0.1919 -0.5021 0.0000 0.0000 2014.8106 0.0640 
12.3899 10.0000 257.9577 0.3609 0.1950 -0.4954 0.0000 0.0000 1812.8186 0.0626 
12.3932 7.0000 257.8351 0.3572 0.1925 -0.4937 0.0000 0.0000 1567.2817 0.0610 
12.3905 10.0000 259.5255 0.3640 0.1937 -0.5013 0.0000 0.0000 1563.0152 0.0659 
12.4342 10.0000 260.2891 0.3588 0.1924 -0.4966 0.0000 0.0000 868.3776 0.0613 
