12.3500 10.0000 254.8124 0.3051 0.1601 -0.4799 4.1651 8.0000 21.3242 0.0666 
12.5202 10.0000 263.8490 0.3128 0.1607 -0.5031 4.1436 7.0000 21.4671 0.0649 
12.4260 10.0000 258.9088 0.3050 0.1591 -0.4910 4.1499 8.0000 21.3736 0.0666 
12.4158 6.0000 259.4018 0.3110 0.1585 -0.5050 4.1441 7.0000 19.9611 0.0666 
12.3244 10.0000 253.4416 0.3026 0.1593 -0.4805 4.1611 7.0000 21.7917 0.0666 
12.1836 10.0000 250.8520 0.3135 0.1588 -0.5004 4.1661 8.0000 21.3811 0.0666 
12.2540 10.0000 251.2486 0.3101 0.1624 -0.4908 4.1884 8.0000 21.6668 0.0666 
12.3022 7.0000 256.0204 0.3148 0.1612 -0.4961 4.1750 8.0000 21.8318 0.0642 
12.3488 7.0000 255.8330 0.3112 0.1613 -0.4922 4.1643 8.0000 21.0581 0.0666 
12.4432 10.0000 259.9708 0.3078 0.1590 -0.4911 4.1474 8.0000 20.7952 0.0666 
12.3288 4.0000 255.1894 0.3087 0.1609 -0.4896 4.1760 8.0000 20.8414 0.0666 
12.4060 10.0000 259.5804 0.3089 0.1600 -0.4903 4.1593 8.0000 2.5043 0.0660 
12.3570 10.0000 257.0430 0.3126 0.1602 -0.4980 4.1523 8.0000 2.5885 0.0677 
12.4128 10.0000 259.8574 0.3095 0.1605 -0.4902 4.1516 8.0000 15.8301 0.0550 
12.4398 10.0000 263.1720 0.3139 0.1595 -0.5005 4.1483 8.0000 18.8645 0.0550 
12.4418 10.0000 260.4282 0.3145 0.1622 -0.4985 4.1618 8.0000 20.3632 0.0782 
12.2934 10.0000 257.1852 0.3130 0.1593 -0.4907 4.1538 7.0000 21.9857 0.0782 
12.2750 10.0000 253.9638 0.3015 0.1557 -0.4844 4.1552 8.0000 15.9172 0.0782 
12.5074 10.0000 261.7528 0.3094 0.1600 -0.4989 4.1394 8.0000 19.9248 0.0554 
12.3564 10.0000 255.3674 0.3081 0.1588 -0.4927 4.1496 8.0000 15.3954 0.0558 
12.3230 9.0000 258.4696 0.3169 0.1606 -0.5036 4.1642 7.0000 15.6544 0.0558 
12.3088 10.0000 253.4326 0.3078 0.1603 -0.4904 4.1650 7.0000 15.2556 0.0558 
12.4466 7.0000 262.0416 0.3116 0.1587 -0.5010 4.1385 8.0000 2.5503 0.0629 
12.3858 10.0000 259.7550 0.3088 0.1585 -0.4962 4.1440 8.0000 3.4188 0.0602 
12.5642 10.0000 264.0088 0.3066 0.1591 -0.4955 4.1346 8.0000 2.4613 0.0643 
12.3284 10.0000 254.7326 0.3062 0.1599 -0.4910 4.1558 8.0000 9.0075 0.0640 
12.3522 10.0000 257.9724 0.3151 0.1596 -0.5060 4.1465 8.0000 8.7910 0.0582 
12.2574 7.0000 255.8862 0.3116 0.1576 -0.4930 4.1605 8.0000 5.9387 0.0740 
12.4734 8.0000 260.6088 0.3068 0.1595 -0.4921 4.1381 8.0000 8.9206 0.0690 
12.4030 10.0000 259.5190 0.3078 0.1592 -0.4882 4.1503 8.0000 8.6586 0.0646 
12.4452 10.0000 260.6140 0.3060 0.1602 -0.4817 4.1477 8.0000 5.7096 0.0646 
12.4174 10.0000 256.7226 0.3068 0.1597 -0.5012 4.1497 8.0000 5.6240 0.0682 
12.3308 5.0000 258.2364 0.3122 0.1586 -0.4922 4.1483 8.0000 3.5136 0.0750 
12.4192 10.0000 260.4254 0.3116 0.1577 -0.5046 4.1406 8.0000 3.3759 0.0653 
12.2358 7.0000 253.6446 0.3126 0.1602 -0.4986 4.1723 8.0000 3.5604 0.0703 
12.4274 10.0000 260.3256 0.3107 0.1613 -0.4930 4.1631 8.0000 3.6051 0.0663 
12.4766 9.0000 261.8730 0.3156 0.1599 -0.5141 4.1453 8.0000 3.5564 0.0651 
12.5300 10.0000 264.5550 0.3065 0.1600 -0.4829 4.1405 8.0000 2.5474 0.0571 
12.1978 10.0000 253.3816 0.3172 0.1611 -0.4925 4.1749 7.0000 2.5045 0.0617 
12.4592 8.0000 263.1232 0.3114 0.1559 -0.5105 4.1258 7.0000 3.5173 0.0679 
12.4108 10.0000 262.1036 0.3128 0.1596 -0.4970 4.1452 8.0000 4.7334 0.0613 
12.1694 5.0000 251.4746 0.3094 0.1593 -0.4860 4.1670 8.0000 5.1752 0.0604 
12.3944 10.0000 259.8824 0.3087 0.1584 -0.4931 4.1414 8.0000 3.6010 0.0639 
12.3008 8.0000 254.5812 0.3118 0.1608 -0.4925 4.1641 8.0000 3.5436 0.0733 
12.5332 10.0000 264.5210 0.3133 0.1604 -0.5042 4.1454 8.0000 4.1625 0.0651 
12.3268 10.0000 254.9654 0.3081 0.1595 -0.4884 4.1579 8.0000 2.8017 0.0647 
12.4986 8.0000 262.4736 0.3073 0.1564 -0.5080 4.1322 8.0000 3.6021 0.0700 
12.5606 10.0000 267.3142 0.3084 0.1564 -0.4987 4.1221 8.0000 3.6425 0.0781 
12.5268 10.0000 262.3274 0.3106 0.1580 -0.5130 4.1327 7.0000 3.6460 0.0645 
12.4758 10.0000 262.4880 0.3028 0.1563 -0.4886 4.1344 8.0000 3.5818 0.0797 
12.4592 7.0000 263.6048 0.3057 0.1578 -0.4853 4.1387 8.0000 3.3468 0.0705 
12.3994 10.0000 258.0018 0.3111 0.1604 -0.4989 4.1571 8.0000 3.4679 0.0705 
12.4036 9.0000 260.2120 0.3117 0.1591 -0.4924 4.1507 8.0000 3.4970 0.0754 
12.1604 10.0000 250.7502 0.3114 0.1592 -0.4877 4.1664 8.0000 3.6420 0.0721 
12.4010 10.0000 259.3938 0.3097 0.1604 -0.4894 4.1568 8.0000 3.4787 0.0721 
12.3328 10.0000 259.0274 0.3136 0.1571 -0.5045 4.1357 8.0000 3.6074 0.0683 
12.3762 10.0000 262.4496 0.3218 0.1601 -0.5110 4.1473 8.0000 3.7382 0.0713 
12.2858 10.0000 255.8136 0.3120 0.1591 -0.4928 4.1652 8.0000 2.5954 0.0755 
12.3254 3.0000 259.0772 0.3205 0.1618 -0.5043 4.1637 7.0000 3.8680 0.0689 
12.4170 6.0000 260.0172 0.3117 0.1601 -0.4955 4.1522 7.0000 3.6056 0.0679 
12.2258 10.0000 253.4726 0.3122 0.1625 -0.4779 4.1841 8.0000 3.6060 0.0696 
12.3422 9.0000 257.2456 0.3120 0.1602 -0.4934 4.1635 8.0000 7.0756 0.0579 
12.3410 10.0000 260.6376 0.3166 0.1591 -0.4989 4.1498 7.0000 6.6803 0.0723 
12.1168 10.0000 248.2324 0.3048 0.1582 -0.4775 4.1652 7.0000 3.6434 0.0678 
12.3720 10.0000 260.6666 0.3168 0.1593 -0.5056 4.1499 8.0000 9.1997 0.0639 
12.3992 9.0000 262.8306 0.3162 0.1621 -0.4875 4.1506 9.0000 8.3922 0.0710 
12.1828 10.0000 253.5326 0.3133 0.1594 -0.4861 4.1697 8.0000 3.6665 0.0619 
12.3936 2.0000 260.2480 0.3143 0.1611 -0.4982 4.1594 8.0000 4.0507 0.0619 
12.4444 2.0000 262.7418 0.3083 0.1599 -0.4844 4.1425 8.0000 4.0316 0.0669 
12.3150 10.0000 256.7134 0.3088 0.1570 -0.4925 4.1467 8.0000 3.7147 0.0737 
12.2988 9.0000 257.4990 0.3138 0.1586 -0.5001 4.1548 7.0000 3.8235 0.0709 
12.4414 10.0000 262.3296 0.3165 0.1613 -0.5045 4.1506 8.0000 3.8589 0.0676 
12.2706 9.0000 250.6170 0.3035 0.1614 -0.4782 4.1856 8.0000 2.5545 0.0681 
12.3152 4.0000 254.6158 0.3089 0.1621 -0.4878 4.1751 8.0000 3.7820 0.0618 
12.3452 9.0000 257.6210 0.3170 0.1626 -0.5006 4.1735 8.0000 3.9047 0.0658 
12.5050 6.0000 263.2502 0.3103 0.1604 -0.4966 4.1427 8.0000 3.8279 0.0656 
12.5374 10.0000 265.6982 0.3079 0.1556 -0.5067 4.1168 7.0000 3.7013 0.0716 
12.4046 10.0000 259.8024 0.3117 0.1586 -0.5074 4.1480 7.0000 3.8218 0.0682 
12.2496 10.0000 253.5558 0.3089 0.1583 -0.4905 4.1620 8.0000 3.8451 0.0682 
12.2414 10.0000 256.5374 0.3122 0.1573 -0.4948 4.1552 7.0000 3.9278 0.0656 
12.1818 7.0000 251.6910 0.3061 0.1578 -0.4799 4.1618 8.0000 3.8084 0.0692 
12.4490 10.0000 261.5146 0.3087 0.1601 -0.4901 4.1555 7.0000 3.7538 0.0790 
12.2856 8.0000 256.8328 0.3073 0.1594 -0.4791 4.1597 8.0000 3.3222 0.0644 
12.3598 10.0000 255.8010 0.3072 0.1628 -0.4812 4.1753 8.0000 4.8233 0.0693 
12.3112 8.0000 253.3966 0.3062 0.1619 -0.4843 4.1787 8.0000 2.5947 0.0630 
12.1946 9.0000 253.0608 0.3121 0.1591 -0.4878 4.1716 8.0000 3.6783 0.0804 
12.4510 10.0000 261.1452 0.3171 0.1600 -0.5090 4.1447 9.0000 3.9931 0.0630 
12.3192 10.0000 257.1922 0.3170 0.1614 -0.5009 4.1627 8.0000 3.8283 0.0668 
12.3192 8.0000 257.9504 0.3217 0.1619 -0.5111 4.1679 8.0000 6.4432 0.0758 
12.2902 10.0000 255.6266 0.3121 0.1615 -0.4911 4.1691 8.0000 5.9978 0.0692 
12.4764 10.0000 263.6092 0.3125 0.1609 -0.4950 4.1407 8.0000 3.7953 0.0692 
12.3440 10.0000 258.3258 0.3074 0.1593 -0.4831 4.1551 8.0000 4.0363 0.0692 
12.4880 10.0000 261.6570 0.3119 0.1610 -0.5017 4.1553 8.0000 3.7246 0.0692 
12.3388 10.0000 259.2100 0.3088 0.1580 -0.4845 4.1479 7.0000 3.8895 0.0692 
12.4026 10.0000 257.7102 0.3106 0.1623 -0.4932 4.1729 7.0000 3.7478 0.0692 
12.3428 10.0000 257.1550 0.3120 0.1596 -0.5006 4.1577 7.0000 3.8854 0.0692 
12.0024 9.0000 242.3238 0.3125 0.1601 -0.4929 4.1941 9.0000 3.9288 0.0692 
12.3382 10.0000 257.9210 0.3166 0.1596 -0.5072 4.1539 8.0000 3.8401 0.0692 
12.4366 7.0000 262.9094 0.3087 0.1589 -0.4906 4.1398 7.0000 4.1599 0.0692 
12.0738 10.0000 246.9548 0.3130 0.1610 -0.4889 4.1934 7.0000 3.7973 0.0692 
