12.3400 10.0000 257.2920 0.3138 0.1598 -0.4920 0.0000 0.0000 5.9025 0.0705 
12.2176 9.0000 251.7416 0.3195 0.1645 -0.4988 0.0000 0.0000 5.9455 0.0749 
12.6880 8.0000 270.5512 0.3174 0.1607 -0.5070 0.0000 0.0000 5.5913 0.0705 
12.3240 8.0000 257.1096 0.3186 0.1617 -0.4969 0.0000 0.0000 5.9835 0.0749 
12.1832 10.0000 251.1672 0.3235 0.1671 -0.4908 0.0000 0.0000 5.7777 0.0567 
12.6480 9.0000 272.5400 0.3341 0.1663 -0.5252 0.0000 0.0000 6.0262 0.0721 
12.2820 8.0000 256.7612 0.3179 0.1615 -0.4938 0.0000 0.0000 5.9828 0.0714 
12.2760 8.0000 254.2228 0.3149 0.1615 -0.4847 0.0000 0.0000 5.8687 0.0749 
12.1276 6.0000 252.3096 0.3222 0.1635 -0.4814 0.0000 0.0000 5.8178 0.0749 
12.3256 7.0000 255.7580 0.3170 0.1663 -0.4795 0.0000 0.0000 5.7699 0.0749 
12.5704 10.0000 264.7668 0.3155 0.1607 -0.5107 0.0000 0.0000 5.6405 0.0705 
12.4028 10.0000 258.1088 0.3178 0.1646 -0.4984 0.0000 0.0000 0.7024 0.0679 
12.3324 10.0000 258.9212 0.3189 0.1653 -0.4838 0.0000 0.0000 0.9692 0.0684 
12.2456 10.0000 256.0476 0.3334 0.1693 -0.5075 0.0000 0.0000 2.3727 0.0816 
12.6280 10.0000 267.6864 0.3381 0.1717 -0.5326 0.0000 0.0000 3.0809 0.0612 
12.4952 8.0000 262.0720 0.3079 0.1603 -0.4838 0.0000 0.0000 3.4773 0.0579 
12.0500 10.0000 245.5528 0.3198 0.1639 -0.4911 0.0000 0.0000 3.4782 0.0612 
11.8980 10.0000 233.8532 0.3127 0.1699 -0.4712 0.0000 0.0000 3.3867 0.0567 
12.3712 10.0000 257.5616 0.3267 0.1674 -0.5100 0.0000 0.0000 1.4539 0.0734 
12.3500 10.0000 260.9840 0.3234 0.1620 -0.5083 0.0000 0.0000 1.7154 0.0734 
12.5108 10.0000 263.5948 0.3227 0.1611 -0.5128 0.0000 0.0000 1.7118 0.0734 
12.6504 10.0000 270.4404 0.3182 0.1610 -0.5157 0.0000 0.0000 1.3197 0.0734 
11.9600 10.0000 241.2764 0.3169 0.1693 -0.4642 0.0000 0.0000 0.9702 0.0673 
12.5004 10.0000 268.1224 0.3107 0.1598 -0.4731 0.0000 0.0000 0.7040 0.0751 
12.4988 10.0000 263.7968 0.3165 0.1615 -0.4988 0.0000 0.0000 0.9651 0.0673 
12.4264 10.0000 262.9120 0.3187 0.1659 -0.4828 0.0000 0.0000 0.9226 0.0889 
12.4124 7.0000 260.6452 0.3259 0.1640 -0.5140 0.0000 0.0000 0.9254 0.0519 
12.6188 10.0000 267.0332 0.3096 0.1602 -0.4936 0.0000 0.0000 0.9630 0.0568 
12.0028 10.0000 245.2812 0.3145 0.1609 -0.4804 0.0000 0.0000 0.9274 0.0574 
12.1432 10.0000 252.4036 0.3287 0.1643 -0.4989 0.0000 0.0000 1.9372 0.0702 
12.2624 4.0000 255.1564 0.3156 0.1620 -0.4868 0.0000 0.0000 1.7173 0.0702 
12.4636 10.0000 264.7216 0.3278 0.1617 -0.5105 0.0000 0.0000 1.8478 0.0702 
12.2700 10.0000 253.1032 0.3152 0.1652 -0.4718 0.0000 0.0000 1.4997 0.0803 
12.4196 10.0000 260.3208 0.3176 0.1637 -0.4906 0.0000 0.0000 1.0506 0.0734 
12.2128 10.0000 253.5984 0.3203 0.1637 -0.4915 0.0000 0.0000 1.0513 0.0784 
12.0068 10.0000 242.5520 0.3170 0.1654 -0.4812 0.0000 0.0000 0.9496 0.0646 
12.4424 10.0000 265.2932 0.3233 0.1664 -0.4883 0.0000 0.0000 1.0098 0.0629 
12.3112 10.0000 256.2248 0.3196 0.1639 -0.4903 0.0000 0.0000 0.7486 0.0779 
12.5496 10.0000 265.0024 0.3109 0.1618 -0.4874 0.0000 0.0000 0.8791 0.0625 
12.3108 10.0000 259.1672 0.3173 0.1615 -0.4840 0.0000 0.0000 0.9222 0.0833 
12.2008 5.0000 249.8592 0.3129 0.1628 -0.4849 0.0000 0.0000 0.9255 0.0739 
12.0952 8.0000 251.4596 0.3356 0.1701 -0.4985 0.0000 0.0000 2.3583 0.0664 
12.2784 10.0000 258.5028 0.3302 0.1673 -0.5001 0.0000 0.0000 1.7571 0.0623 
12.0780 8.0000 247.1736 0.3208 0.1649 -0.4893 0.0000 0.0000 1.6232 0.0623 
12.3932 10.0000 259.0072 0.3182 0.1610 -0.5074 0.0000 0.0000 0.9262 0.0719 
12.1700 5.0000 251.5200 0.3250 0.1640 -0.4988 0.0000 0.0000 0.7076 0.0674 
12.2496 9.0000 255.7208 0.3279 0.1684 -0.4961 0.0000 0.0000 0.9686 0.0673 
12.3088 8.0000 258.6400 0.3182 0.1630 -0.4868 0.0000 0.0000 0.7038 0.0739 
12.3504 10.0000 255.5224 0.3187 0.1660 -0.5010 0.0000 0.0000 0.7455 0.0835 
12.0728 4.0000 247.1696 0.3210 0.1661 -0.4854 0.0000 0.0000 0.9598 0.0612 
12.1712 10.0000 251.0420 0.3226 0.1653 -0.4908 0.0000 0.0000 0.9258 0.0625 
12.3332 10.0000 258.8132 0.3193 0.1670 -0.4730 0.0000 0.0000 0.9676 0.0891 
12.5024 10.0000 262.6664 0.3083 0.1603 -0.4887 0.0000 0.0000 1.2327 0.0781 
12.5424 10.0000 265.9596 0.3195 0.1630 -0.4953 0.0000 0.0000 1.5396 0.0650 
11.9392 7.0000 243.3848 0.3186 0.1636 -0.4783 0.0000 0.0000 1.0529 0.0775 
12.4536 6.0000 260.1524 0.3224 0.1659 -0.5038 0.0000 0.0000 0.9692 0.0775 
12.1984 10.0000 254.5280 0.3290 0.1658 -0.4978 0.0000 0.0000 0.9713 0.0766 
12.7048 10.0000 276.2712 0.3246 0.1651 -0.5020 0.0000 0.0000 0.9676 0.0592 
12.0772 10.0000 250.9552 0.3239 0.1648 -0.4798 0.0000 0.0000 1.0539 0.0592 
12.1484 10.0000 244.9156 0.3184 0.1689 -0.4851 0.0000 0.0000 0.7487 0.0592 
12.3864 8.0000 256.8036 0.3228 0.1648 -0.5136 0.0000 0.0000 1.0825 0.0650 
12.5328 10.0000 263.0528 0.3133 0.1635 -0.4956 0.0000 0.0000 0.9701 0.0574 
12.3948 10.0000 256.8488 0.3131 0.1630 -0.4840 0.0000 0.0000 0.9227 0.0803 
12.2080 10.0000 250.8696 0.3205 0.1613 -0.5042 0.0000 0.0000 0.9270 0.0803 
12.3656 10.0000 256.1416 0.3132 0.1617 -0.4927 0.0000 0.0000 1.3627 0.0823 
12.4988 9.0000 267.2144 0.3188 0.1620 -0.4914 0.0000 0.0000 1.3655 0.0803 
12.1800 10.0000 255.8624 0.3385 0.1663 -0.5139 0.0000 0.0000 1.0566 0.0777 
12.1812 7.0000 252.0788 0.3224 0.1657 -0.4922 0.0000 0.0000 1.0551 0.0777 
12.4108 9.0000 260.9424 0.3232 0.1651 -0.5025 0.0000 0.0000 0.9570 0.0572 
12.1972 10.0000 253.5168 0.3267 0.1671 -0.4963 0.0000 0.0000 2.6368 0.0633 
11.9260 10.0000 245.0228 0.3271 0.1651 -0.4889 0.0000 0.0000 2.6826 0.0775 
12.3252 9.0000 255.2320 0.3059 0.1587 -0.4824 0.0000 0.0000 2.1120 0.0668 
12.2844 10.0000 256.7224 0.3346 0.1661 -0.5245 0.0000 0.0000 0.7482 0.0730 
12.1488 10.0000 252.6240 0.3171 0.1629 -0.4778 0.0000 0.0000 2.1516 0.0771 
12.4316 10.0000 263.0252 0.3082 0.1600 -0.4741 0.0000 0.0000 2.2380 0.0730 
12.2152 10.0000 253.5292 0.3170 0.1614 -0.4957 0.0000 0.0000 1.0417 0.0771 
12.2204 10.0000 253.6380 0.3208 0.1636 -0.4910 0.0000 0.0000 0.7482 0.0810 
12.3100 10.0000 257.0952 0.3247 0.1678 -0.4896 0.0000 0.0000 1.0117 0.0722 
12.1348 10.0000 250.7464 0.3221 0.1637 -0.4919 0.0000 0.0000 1.0538 0.0771 
12.0904 10.0000 247.3128 0.3195 0.1669 -0.4779 0.0000 0.0000 1.1381 0.0807 
12.3824 10.0000 254.5092 0.3062 0.1614 -0.4841 0.0000 0.0000 1.0566 0.0803 
12.5520 10.0000 262.4760 0.3205 0.1667 -0.5035 0.0000 0.0000 1.0107 0.0716 
12.2404 10.0000 250.8528 0.3182 0.1644 -0.4954 0.0000 0.0000 0.9684 0.0763 
12.2380 6.0000 257.1564 0.3202 0.1622 -0.4854 0.0000 0.0000 1.3330 0.0605 
12.3200 8.0000 255.7772 0.3236 0.1673 -0.4957 0.0000 0.0000 0.7470 0.0745 
12.3304 10.0000 259.2828 0.3289 0.1660 -0.5057 0.0000 0.0000 0.8664 0.0644 
12.4296 10.0000 258.8284 0.3226 0.1686 -0.5033 0.0000 0.0000 1.9782 0.0608 
12.2480 7.0000 253.3832 0.3227 0.1672 -0.4890 0.0000 0.0000 1.9350 0.0664 
12.3928 10.0000 262.7140 0.3179 0.1631 -0.4845 0.0000 0.0000 1.0112 0.0682 
12.1704 10.0000 253.6248 0.3306 0.1636 -0.5161 0.0000 0.0000 1.0071 0.0650 
12.4968 10.0000 265.1300 0.3282 0.1630 -0.5224 0.0000 0.0000 1.0928 0.0650 
12.5496 10.0000 266.1812 0.3285 0.1661 -0.5105 0.0000 0.0000 1.0126 0.0650 
12.2792 10.0000 254.6472 0.3164 0.1633 -0.4883 0.0000 0.0000 1.0104 0.0650 
12.4396 10.0000 261.3544 0.3167 0.1640 -0.4957 0.0000 0.0000 0.9683 0.0650 
12.4480 10.0000 262.1272 0.3094 0.1640 -0.4672 0.0000 0.0000 1.0126 0.0650 
12.5548 8.0000 262.0080 0.3155 0.1641 -0.5012 0.0000 0.0000 1.0125 0.0650 
12.6132 10.0000 268.5424 0.3218 0.1617 -0.5149 0.0000 0.0000 0.7447 0.0682 
12.4684 10.0000 264.0472 0.3277 0.1634 -0.5228 0.0000 0.0000 0.9249 0.0650 
12.4288 8.0000 262.8252 0.3188 0.1629 -0.4915 0.0000 0.0000 1.0094 0.0650 
12.2088 10.0000 252.7712 0.3248 0.1631 -0.5096 0.0000 0.0000 0.9160 0.0650 
