12.3628 10.0000 259.8804 0.0000 0.2086 -0.5041 0.0000 0.0000 117.0761 0.0726 
12.3611 10.0000 258.2033 0.0000 0.2105 -0.4943 0.0000 0.0000 112.4263 0.0682 
12.4050 9.0000 258.9770 0.0000 0.2092 -0.5028 0.0000 0.0000 97.1716 0.0619 
12.4254 9.0000 261.1038 0.0000 0.2093 -0.4969 0.0000 0.0000 108.7826 0.0745 
12.2602 10.0000 254.4347 0.0000 0.2073 -0.4971 0.0000 0.0000 106.4021 0.0745 
12.2478 10.0000 253.8364 0.0000 0.2082 -0.4936 0.0000 0.0000 116.2473 0.0745 
12.2134 10.0000 253.6078 0.0000 0.2067 -0.4979 0.0000 0.0000 117.6484 0.0684 
12.2917 10.0000 255.3750 0.0000 0.2094 -0.5013 0.0000 0.0000 110.2189 0.0745 
12.2955 8.0000 256.1062 0.0000 0.2057 -0.5022 0.0000 0.0000 118.0387 0.0677 
12.2277 10.0000 252.5560 0.0000 0.2070 -0.4880 0.0000 0.0000 109.3906 0.0745 
12.2907 10.0000 255.8526 0.0000 0.2066 -0.4962 0.0000 0.0000 111.4149 0.0684 
12.2626 9.0000 254.9211 0.0000 0.2077 -0.5019 0.0000 0.0000 12.1827 0.0617 
12.2907 10.0000 254.8798 0.0000 0.2083 -0.4923 0.0000 0.0000 33.9576 0.0649 
12.3635 10.0000 258.2879 0.0000 0.2033 -0.4815 0.0000 0.0000 32.4179 0.0712 
12.3357 10.0000 258.7568 0.0000 0.2082 -0.5119 0.0000 0.0000 35.3634 0.0678 
12.3381 10.0000 256.8202 0.0000 0.2091 -0.4993 0.0000 0.0000 35.8932 0.0645 
12.2497 10.0000 254.9047 0.0000 0.2090 -0.5012 0.0000 0.0000 25.2504 0.0714 
12.3446 9.0000 257.3370 0.0000 0.2089 -0.4972 0.0000 0.0000 39.7179 0.0681 
12.2818 10.0000 255.7870 0.0000 0.2082 -0.5060 0.0000 0.0000 58.8103 0.0681 
12.2802 10.0000 257.3854 0.0000 0.2083 -0.5023 0.0000 0.0000 58.4123 0.0698 
12.4054 6.0000 259.4774 0.0000 0.2086 -0.5048 0.0000 0.0000 54.8118 0.0698 
12.4750 9.0000 260.7056 0.0000 0.2054 -0.4918 0.0000 0.0000 51.4607 0.0698 
12.3766 10.0000 257.7919 0.0000 0.2049 -0.5107 0.0000 0.0000 23.8552 0.0662 
12.4654 10.0000 263.3612 0.0000 0.2082 -0.4939 0.0000 0.0000 26.2362 0.0627 
12.2121 10.0000 253.7566 0.0000 0.2097 -0.4914 0.0000 0.0000 27.0318 0.0627 
12.3190 10.0000 258.9480 0.0000 0.2067 -0.4946 0.0000 0.0000 25.8771 0.0619 
12.5186 10.0000 263.7999 0.0000 0.2088 -0.4900 0.0000 0.0000 14.8013 0.0655 
12.3048 7.0000 257.9407 0.0000 0.2089 -0.4842 0.0000 0.0000 28.0974 0.0651 
12.3251 10.0000 256.4112 0.0000 0.2129 -0.4944 0.0000 0.0000 29.2044 0.0721 
12.3748 10.0000 258.1400 0.0000 0.2096 -0.5008 0.0000 0.0000 40.4479 0.0722 
12.3240 10.0000 257.3734 0.0000 0.2053 -0.4911 0.0000 0.0000 47.3876 0.0703 
12.3425 10.0000 259.0954 0.0000 0.2095 -0.5027 0.0000 0.0000 47.4331 0.0703 
12.3718 9.0000 258.0038 0.0000 0.2072 -0.4830 0.0000 0.0000 46.0772 0.0703 
12.5627 10.0000 266.8370 0.0000 0.2081 -0.4953 0.0000 0.0000 26.6420 0.0708 
12.4047 10.0000 260.3307 0.0000 0.2034 -0.5043 0.0000 0.0000 32.9306 0.0750 
12.5113 5.0000 262.6516 0.0000 0.2104 -0.4971 0.0000 0.0000 34.6760 0.0657 
12.4093 9.0000 260.3948 0.0000 0.2052 -0.5013 0.0000 0.0000 19.1658 0.0685 
12.4218 10.0000 258.3296 0.0000 0.2111 -0.4866 0.0000 0.0000 12.5760 0.0657 
12.3038 10.0000 256.9370 0.0000 0.2099 -0.4950 0.0000 0.0000 29.7593 0.0723 
12.3227 5.0000 256.2890 0.0000 0.2123 -0.5003 0.0000 0.0000 14.1041 0.0735 
12.4838 10.0000 264.6693 0.0000 0.2072 -0.5106 0.0000 0.0000 29.4031 0.0659 
12.3417 4.0000 258.2098 0.0000 0.2090 -0.5064 0.0000 0.0000 46.1054 0.0622 
12.1505 10.0000 249.9465 0.0000 0.2112 -0.4826 0.0000 0.0000 48.0983 0.0622 
12.2798 8.0000 255.2746 0.0000 0.2116 -0.4835 0.0000 0.0000 46.4333 0.0622 
12.2540 10.0000 255.4676 0.0000 0.2097 -0.4961 0.0000 0.0000 29.1857 0.0711 
12.3111 9.0000 257.4118 0.0000 0.2090 -0.5020 0.0000 0.0000 28.3171 0.0590 
12.2851 8.0000 256.5912 0.0000 0.2093 -0.4932 0.0000 0.0000 27.5973 0.0694 
12.4030 10.0000 259.3782 0.0000 0.2082 -0.4961 0.0000 0.0000 44.3528 0.0709 
12.2970 10.0000 257.7610 0.0000 0.2103 -0.4966 0.0000 0.0000 47.4232 0.0689 
12.3870 10.0000 261.9305 0.0000 0.2093 -0.4942 0.0000 0.0000 28.5864 0.0709 
12.4399 10.0000 261.4917 0.0000 0.2091 -0.5070 0.0000 0.0000 29.2834 0.0598 
12.3922 10.0000 261.0312 0.0000 0.2074 -0.4981 0.0000 0.0000 27.6044 0.0677 
12.3687 6.0000 257.8609 0.0000 0.2100 -0.4997 0.0000 0.0000 43.9554 0.0614 
12.2724 10.0000 255.5898 0.0000 0.2083 -0.4882 0.0000 0.0000 49.5712 0.0614 
12.2995 10.0000 257.4255 0.0000 0.2091 -0.4999 0.0000 0.0000 47.4142 0.0614 
12.2779 5.0000 255.6830 0.0000 0.2089 -0.5000 0.0000 0.0000 28.9825 0.0625 
12.3417 10.0000 257.6092 0.0000 0.2083 -0.4832 0.0000 0.0000 26.0836 0.0673 
12.2229 10.0000 253.9343 0.0000 0.2104 -0.4809 0.0000 0.0000 29.3837 0.0709 
12.3555 2.0000 258.7229 0.0000 0.2127 -0.5115 0.0000 0.0000 29.5570 0.0688 
12.2454 10.0000 255.6075 0.0000 0.2074 -0.4993 0.0000 0.0000 39.5316 0.0661 
12.4047 10.0000 258.5886 0.0000 0.2078 -0.4968 0.0000 0.0000 36.3617 0.0661 
12.3008 10.0000 257.3274 0.0000 0.2069 -0.5033 0.0000 0.0000 14.2941 0.0693 
12.3244 10.0000 257.5347 0.0000 0.2025 -0.4963 0.0000 0.0000 27.7554 0.0616 
12.3887 9.0000 259.3765 0.0000 0.2069 -0.4947 0.0000 0.0000 41.3036 0.0663 
12.3069 10.0000 256.2929 0.0000 0.2055 -0.4880 0.0000 0.0000 43.9885 0.0663 
12.2718 10.0000 254.7385 0.0000 0.2062 -0.4974 0.0000 0.0000 44.5174 0.0663 
12.4378 10.0000 259.7902 0.0000 0.2066 -0.4925 0.0000 0.0000 14.3839 0.0667 
12.3494 9.0000 258.8030 0.0000 0.2129 -0.4899 0.0000 0.0000 30.8367 0.0646 
12.3255 10.0000 257.8974 0.0000 0.2110 -0.5024 0.0000 0.0000 30.6616 0.0588 
12.3952 9.0000 258.9078 0.0000 0.2107 -0.4931 0.0000 0.0000 30.1724 0.0656 
12.3964 10.0000 260.3449 0.0000 0.2055 -0.4902 0.0000 0.0000 29.7330 0.0680 
12.2837 10.0000 255.5298 0.0000 0.2045 -0.4938 0.0000 0.0000 54.0600 0.0683 
12.4288 10.0000 260.6264 0.0000 0.2099 -0.4949 0.0000 0.0000 54.0143 0.0612 
12.4326 10.0000 259.0022 0.0000 0.2118 -0.4961 0.0000 0.0000 29.5637 0.0636 
12.3506 3.0000 258.7623 0.0000 0.2060 -0.5058 0.0000 0.0000 30.5307 0.0645 
12.2394 5.0000 254.4846 0.0000 0.2091 -0.5025 0.0000 0.0000 35.9376 0.0647 
12.3188 9.0000 256.1034 0.0000 0.2062 -0.4841 0.0000 0.0000 42.4933 0.0665 
12.2930 10.0000 256.4744 0.0000 0.2079 -0.4989 0.0000 0.0000 40.2521 0.0665 
12.3917 10.0000 259.2084 0.0000 0.2078 -0.4969 0.0000 0.0000 14.3435 0.0647 
12.4158 4.0000 260.3258 0.0000 0.2057 -0.5043 0.0000 0.0000 30.7063 0.0703 
12.2539 10.0000 251.5162 0.0000 0.2081 -0.4840 0.0000 0.0000 30.5267 0.0703 
12.2438 10.0000 253.4010 0.0000 0.2100 -0.4888 0.0000 0.0000 30.4860 0.0662 
12.3584 10.0000 258.5715 0.0000 0.2041 -0.4954 0.0000 0.0000 29.3840 0.0688 
12.4196 10.0000 258.0568 0.0000 0.2123 -0.5027 0.0000 0.0000 31.0929 0.0622 
12.3843 7.0000 259.5243 0.0000 0.2112 -0.4955 0.0000 0.0000 29.8236 0.0733 
12.4176 6.0000 261.4330 0.0000 0.2086 -0.5108 0.0000 0.0000 30.5309 0.0606 
12.4537 10.0000 261.0794 0.0000 0.2070 -0.5028 0.0000 0.0000 36.9164 0.0606 
12.4361 10.0000 261.3903 0.0000 0.2070 -0.4906 0.0000 0.0000 36.6993 0.0676 
12.3181 10.0000 257.0765 0.0000 0.2075 -0.4969 0.0000 0.0000 42.2866 0.0716 
12.3103 10.0000 257.2269 0.0000 0.2076 -0.5008 0.0000 0.0000 42.6829 0.0716 
12.3695 6.0000 258.7730 0.0000 0.2079 -0.5010 0.0000 0.0000 15.7956 0.0581 
12.3323 10.0000 258.7804 0.0000 0.2096 -0.4900 0.0000 0.0000 48.9671 0.0581 
12.3486 10.0000 258.2630 0.0000 0.2068 -0.4924 0.0000 0.0000 47.8197 0.0581 
12.4266 4.0000 259.6410 0.0000 0.2090 -0.4930 0.0000 0.0000 29.5164 0.0581 
12.5123 10.0000 265.2745 0.0000 0.2054 -0.5053 0.0000 0.0000 30.2675 0.0581 
12.3319 5.0000 258.1939 0.0000 0.2120 -0.4948 0.0000 0.0000 35.6727 0.0581 
12.1268 5.0000 251.3159 0.0000 0.2080 -0.4978 0.0000 0.0000 18.3878 0.0581 
12.3802 10.0000 260.4862 0.0000 0.2039 -0.5035 0.0000 0.0000 31.2779 0.0581 
12.2518 10.0000 254.2181 0.0000 0.2113 -0.5009 0.0000 0.0000 33.5769 0.0581 
12.3411 10.0000 256.5327 0.0000 0.2062 -0.4953 0.0000 0.0000 26.9112 0.0581 
