12.6314 10.0000 271.1394 0.3726 0.2028 -0.5064 4.2891 8.0000 19.4230 0.0729 
12.4776 10.0000 263.5178 0.3725 0.2061 -0.4962 4.3309 8.0000 19.8643 0.0698 
12.2034 10.0000 251.9544 0.3651 0.2041 -0.4789 4.3568 8.0000 19.9557 0.0748 
12.2834 10.0000 255.5072 0.3652 0.2040 -0.4790 4.3449 8.0000 20.5726 0.0647 
12.4558 10.0000 262.4904 0.3600 0.1977 -0.4916 4.2936 8.0000 20.1718 0.0604 
12.3804 6.0000 259.1046 0.3693 0.2045 -0.4902 4.3385 9.0000 21.1800 0.0647 
12.4638 10.0000 260.4168 0.3765 0.2062 -0.5120 4.3381 8.0000 21.2195 0.0698 
12.4704 10.0000 261.9500 0.3742 0.2044 -0.5100 4.3176 8.0000 20.4797 0.0610 
12.6276 10.0000 266.4702 0.3659 0.2047 -0.5010 4.3205 8.0000 18.7675 0.0610 
12.3630 10.0000 258.4788 0.3692 0.2047 -0.4895 4.3326 11.0000 21.1762 0.0748 
12.3332 10.0000 257.5556 0.3748 0.2076 -0.4928 4.3506 10.0000 20.7367 0.0649 
12.2948 10.0000 258.3334 0.3779 0.2071 -0.4894 4.3506 8.0000 3.2075 0.0667 
12.4252 10.0000 261.0796 0.3703 0.2030 -0.4991 4.3155 8.0000 2.6353 0.0724 
12.3802 10.0000 258.4170 0.3759 0.2054 -0.5060 4.3337 9.0000 3.3410 0.0653 
12.5544 10.0000 264.4986 0.3634 0.2023 -0.4949 4.3047 9.0000 4.3521 0.0637 
12.4018 10.0000 260.9444 0.3775 0.2066 -0.4982 4.3248 8.0000 4.1791 0.0663 
12.3164 10.0000 259.5394 0.3719 0.2024 -0.4921 4.3290 9.0000 3.3395 0.0641 
12.1372 4.0000 253.2748 0.3797 0.2035 -0.5001 4.3575 10.0000 4.1342 0.0725 
12.6794 10.0000 271.3360 0.3711 0.1995 -0.5203 4.2772 10.0000 3.6466 0.0661 
12.3826 10.0000 260.4434 0.3717 0.2034 -0.4983 4.3138 9.0000 3.1679 0.0648 
12.2412 10.0000 257.1540 0.3753 0.2038 -0.4902 4.3372 9.0000 3.6450 0.0618 
12.3142 10.0000 258.5104 0.3845 0.2066 -0.5178 4.3414 9.0000 3.3753 0.0903 
12.3878 7.0000 264.4690 0.3763 0.2016 -0.5026 4.3244 8.0000 3.3427 0.0782 
12.5784 10.0000 269.4468 0.3726 0.2029 -0.5043 4.2911 8.0000 2.4177 0.0630 
12.4104 10.0000 259.1394 0.3681 0.2066 -0.4868 4.3503 8.0000 3.2101 0.0636 
12.3574 10.0000 258.8262 0.3679 0.2050 -0.4838 4.3366 8.0000 3.2083 0.0705 
12.4604 7.0000 261.6774 0.3729 0.2070 -0.4947 4.3308 9.0000 3.0766 0.0705 
12.4014 10.0000 261.3396 0.3718 0.2044 -0.4939 4.3423 8.0000 3.1616 0.0615 
12.5790 10.0000 267.9580 0.3765 0.2069 -0.5030 4.3134 8.0000 3.0748 0.0781 
12.4072 10.0000 259.8130 0.3698 0.2055 -0.4899 4.3312 10.0000 3.2147 0.0605 
12.4444 10.0000 262.1672 0.3648 0.2030 -0.4835 4.3149 8.0000 3.0751 0.0635 
12.0644 10.0000 251.0740 0.3840 0.2073 -0.4927 4.3799 10.0000 3.5142 0.0669 
12.3936 10.0000 261.0664 0.3601 0.2015 -0.4655 4.3191 10.0000 3.1212 0.0629 
12.0840 10.0000 248.9924 0.3674 0.2039 -0.4681 4.3610 8.0000 2.4181 0.0643 
11.9890 10.0000 244.5014 0.3634 0.2041 -0.4661 4.3750 8.0000 3.2502 0.0632 
12.3472 10.0000 259.7946 0.3773 0.2068 -0.4953 4.3350 8.0000 3.2962 0.0698 
12.3784 10.0000 259.1324 0.3751 0.2054 -0.5008 4.3349 8.0000 4.2683 0.0560 
12.2706 10.0000 256.4262 0.3695 0.2032 -0.4892 4.3292 9.0000 4.0883 0.0788 
12.1548 9.0000 252.5782 0.3772 0.2091 -0.4778 4.3676 8.0000 3.3449 0.0788 
12.3970 10.0000 259.4014 0.3647 0.2038 -0.4848 4.3238 8.0000 3.1213 0.0755 
12.3146 10.0000 258.2690 0.3724 0.2027 -0.5014 4.3331 8.0000 3.2106 0.0689 
12.2994 10.0000 255.2864 0.3698 0.2100 -0.4730 4.3790 9.0000 3.8580 0.0573 
12.2666 4.0000 254.6278 0.3672 0.2012 -0.4923 4.3236 9.0000 3.2076 0.0766 
12.5952 10.0000 269.0116 0.3706 0.2021 -0.5054 4.2866 9.0000 3.3392 0.0740 
12.4462 10.0000 262.9324 0.3620 0.2034 -0.4702 4.3285 8.0000 3.2565 0.0654 
12.3612 10.0000 254.9020 0.3623 0.2021 -0.4974 4.3333 8.0000 2.2889 0.0633 
12.2554 10.0000 256.1184 0.3799 0.2108 -0.4881 4.3795 8.0000 2.5065 0.0683 
12.3964 10.0000 261.4642 0.3743 0.2066 -0.4928 4.3440 8.0000 3.2994 0.0745 
12.2964 10.0000 254.9670 0.3734 0.2042 -0.5018 4.3465 9.0000 3.3465 0.0753 
12.2066 4.0000 254.4558 0.3720 0.2069 -0.4736 4.3605 9.0000 3.5186 0.0758 
12.3830 10.0000 260.8986 0.3745 0.2067 -0.4937 4.3341 9.0000 3.2584 0.0762 
12.5088 5.0000 262.2578 0.3648 0.2042 -0.4922 4.3266 8.0000 3.1237 0.0675 
12.2200 10.0000 253.8606 0.3723 0.2058 -0.4822 4.3475 8.0000 3.4731 0.0682 
12.3662 10.0000 262.1528 0.3701 0.2027 -0.4839 4.3071 9.0000 3.5589 0.0543 
12.4444 10.0000 262.7470 0.3768 0.2042 -0.5129 4.3250 8.0000 3.3418 0.0773 
12.3738 10.0000 258.5014 0.3709 0.2049 -0.5001 4.3436 8.0000 3.3826 0.0671 
12.2190 10.0000 251.8356 0.3753 0.2056 -0.5060 4.3396 8.0000 3.3438 0.0671 
12.3294 10.0000 258.3684 0.3689 0.2034 -0.4874 4.3297 9.0000 2.5480 0.0624 
12.3718 10.0000 260.3002 0.3696 0.2030 -0.4950 4.3237 10.0000 3.5215 0.0726 
12.1862 9.0000 253.0316 0.3745 0.2051 -0.4925 4.3564 9.0000 3.4742 0.0668 
12.4624 10.0000 265.3146 0.3807 0.2077 -0.4985 4.3392 9.0000 3.6507 0.0691 
12.3858 10.0000 260.6656 0.3796 0.2057 -0.5119 4.3308 8.0000 3.4714 0.0643 
12.1888 10.0000 249.9640 0.3678 0.2049 -0.4849 4.3684 9.0000 2.4209 0.0671 
12.2432 10.0000 252.7962 0.3736 0.2063 -0.4986 4.3553 8.0000 3.3890 0.0590 
12.6140 10.0000 265.7642 0.3644 0.2063 -0.4881 4.3275 8.0000 3.2987 0.0713 
12.2282 10.0000 254.6184 0.3721 0.2040 -0.4846 4.3387 8.0000 3.5178 0.0597 
12.3486 10.0000 259.0242 0.3712 0.2034 -0.4944 4.3356 8.0000 3.3437 0.0667 
12.3284 3.0000 260.2538 0.3763 0.2044 -0.4960 4.3435 10.0000 3.9533 0.0588 
12.3696 10.0000 260.4506 0.3695 0.2056 -0.4834 4.3325 9.0000 3.6063 0.0654 
12.2702 10.0000 254.4254 0.3697 0.2041 -0.4940 4.3415 8.0000 3.5613 0.0562 
12.3982 10.0000 263.2760 0.3741 0.2043 -0.4983 4.3083 8.0000 2.5513 0.0717 
12.5406 10.0000 268.7326 0.3696 0.2000 -0.4937 4.2731 8.0000 3.5613 0.0714 
12.4164 10.0000 261.6296 0.3730 0.2058 -0.4966 4.3250 9.0000 3.3888 0.0651 
12.5188 10.0000 262.8120 0.3688 0.2045 -0.5005 4.3124 8.0000 3.5148 0.0744 
12.3476 10.0000 259.2818 0.3715 0.2045 -0.4912 4.3428 8.0000 3.2991 0.0759 
12.1430 10.0000 249.6502 0.3721 0.2074 -0.4832 4.3767 8.0000 3.5152 0.0620 
12.2830 10.0000 258.4450 0.3750 0.2038 -0.4963 4.3365 8.0000 3.6498 0.0605 
12.3124 10.0000 257.3484 0.3686 0.2051 -0.4826 4.3414 8.0000 3.5164 0.0739 
12.5304 10.0000 262.3270 0.3660 0.2065 -0.4939 4.3425 8.0000 3.4706 0.0637 
12.4890 10.0000 264.4526 0.3785 0.2053 -0.5164 4.3122 10.0000 3.6960 0.0822 
12.3326 10.0000 256.7916 0.3711 0.2036 -0.5006 4.3462 8.0000 2.3302 0.0706 
12.2528 10.0000 253.7346 0.3678 0.2026 -0.4888 4.3348 8.0000 3.5507 0.0605 
12.5194 3.0000 264.9014 0.3771 0.2088 -0.4994 4.3268 11.0000 2.5033 0.0659 
12.2122 8.0000 255.2078 0.3788 0.2046 -0.5050 4.3462 8.0000 4.0128 0.0661 
12.3370 10.0000 258.0162 0.3687 0.2044 -0.4852 4.3344 8.0000 3.6865 0.0575 
12.1994 10.0000 252.3778 0.3714 0.2085 -0.4698 4.3620 8.0000 3.7333 0.0571 
12.4752 10.0000 261.7342 0.3702 0.2065 -0.4936 4.3317 8.0000 3.6065 0.0616 
12.4790 8.0000 261.8434 0.3662 0.2022 -0.4950 4.3017 8.0000 3.4758 0.0616 
12.3046 10.0000 255.8470 0.3680 0.2022 -0.4929 4.3238 8.0000 3.7811 0.0767 
12.4690 10.0000 262.9528 0.3699 0.2054 -0.4881 4.3219 8.0000 3.4780 0.0767 
12.3586 10.0000 261.8506 0.3761 0.2020 -0.5006 4.3113 8.0000 3.8691 0.0767 
12.5256 10.0000 265.5936 0.3706 0.2064 -0.4896 4.3218 8.0000 3.6484 0.0767 
12.3776 10.0000 258.5722 0.3738 0.2087 -0.4906 4.3624 8.0000 2.3740 0.0733 
12.1866 10.0000 250.4098 0.3751 0.2051 -0.5039 4.3539 8.0000 3.6773 0.0767 
12.3868 10.0000 260.9206 0.3704 0.2050 -0.4874 4.3144 8.0000 3.7808 0.0767 
12.4932 10.0000 264.0064 0.3677 0.2068 -0.4829 4.3262 8.0000 2.4191 0.0767 
12.3330 10.0000 256.4436 0.3716 0.2020 -0.5080 4.3281 8.0000 3.4304 0.0767 
12.5844 10.0000 268.4024 0.3755 0.2051 -0.5131 4.3085 9.0000 3.6515 0.0767 
12.5456 10.0000 264.9656 0.3708 0.2046 -0.5030 4.3032 8.0000 4.7528 0.0767 
12.2704 8.0000 256.1876 0.3710 0.2063 -0.4775 4.3459 10.0000 4.9726 0.0767 
