12.3268 10.0000 258.7548 0.2188 0.0942 -0.4558 0.0000 0.0000 7.6166 0.0752 
12.1016 9.0000 248.7168 0.2155 0.0955 -0.4473 0.0000 0.0000 7.4925 0.0752 
12.1088 7.0000 244.3396 0.2038 0.0926 -0.4345 0.0000 0.0000 7.5760 0.0752 
12.3956 9.0000 258.3476 0.2055 0.0929 -0.4468 0.0000 0.0000 7.3334 0.0708 
12.4372 10.0000 261.3344 0.2118 0.0947 -0.4514 0.0000 0.0000 6.6210 0.0752 
12.1124 10.0000 249.9740 0.2111 0.0938 -0.4380 0.0000 0.0000 6.7447 0.0841 
12.3356 10.0000 260.1924 0.2168 0.0929 -0.4599 0.0000 0.0000 7.1513 0.0752 
12.3448 10.0000 258.1324 0.2087 0.0933 -0.4447 0.0000 0.0000 6.9876 0.0841 
12.0620 9.0000 248.9420 0.2161 0.0935 -0.4503 0.0000 0.0000 7.1474 0.0752 
12.3608 9.0000 256.6436 0.2091 0.0926 -0.4488 0.0000 0.0000 7.2573 0.0752 
12.4920 10.0000 262.8876 0.2147 0.0929 -0.4602 0.0000 0.0000 7.1419 0.0752 
12.3160 5.0000 261.6572 0.2158 0.0938 -0.4462 0.0000 0.0000 0.8830 0.0653 
12.2424 10.0000 254.4732 0.2180 0.0928 -0.4699 0.0000 0.0000 1.6260 0.0682 
12.3816 8.0000 264.5600 0.2138 0.0935 -0.4460 0.0000 0.0000 1.5832 0.0699 
12.3212 10.0000 257.4376 0.2137 0.0929 -0.4534 0.0000 0.0000 3.9162 0.0682 
12.2112 10.0000 251.9496 0.2128 0.0946 -0.4439 0.0000 0.0000 5.2348 0.0764 
12.0164 10.0000 244.9988 0.2180 0.0953 -0.4540 0.0000 0.0000 5.8917 0.0709 
12.1064 10.0000 249.6656 0.2190 0.0959 -0.4473 0.0000 0.0000 5.9809 0.0719 
12.2540 10.0000 254.2932 0.2085 0.0934 -0.4444 0.0000 0.0000 5.0580 0.0761 
12.0204 9.0000 243.0700 0.2122 0.0933 -0.4429 0.0000 0.0000 5.5819 0.0660 
12.1816 7.0000 251.3432 0.2139 0.0923 -0.4480 0.0000 0.0000 5.2731 0.0761 
12.4600 10.0000 260.8384 0.2129 0.0940 -0.4590 0.0000 0.0000 4.2192 0.0585 
12.3276 9.0000 256.5088 0.2100 0.0940 -0.4481 0.0000 0.0000 0.9250 0.0763 
12.7688 10.0000 274.0244 0.2047 0.0929 -0.4576 0.0000 0.0000 0.9665 0.0641 
12.3808 10.0000 258.4480 0.2113 0.0933 -0.4517 0.0000 0.0000 1.2284 0.0746 
12.3056 8.0000 257.1900 0.2142 0.0929 -0.4515 0.0000 0.0000 2.4198 0.0696 
12.1520 10.0000 255.5032 0.2134 0.0921 -0.4428 0.0000 0.0000 2.4594 0.0746 
11.9764 8.0000 245.7336 0.2142 0.0934 -0.4348 0.0000 0.0000 0.8820 0.0666 
12.4808 10.0000 264.0992 0.2095 0.0935 -0.4508 0.0000 0.0000 1.1872 0.0746 
12.1884 9.0000 252.9636 0.2068 0.0916 -0.4386 0.0000 0.0000 1.1878 0.0778 
12.2896 10.0000 258.2136 0.2062 0.0931 -0.4272 0.0000 0.0000 1.2297 0.0778 
12.3424 10.0000 256.1224 0.2071 0.0935 -0.4437 0.0000 0.0000 1.6203 0.0700 
12.3832 6.0000 258.5072 0.2108 0.0922 -0.4545 0.0000 0.0000 1.5810 0.0700 
12.3108 4.0000 258.2580 0.2105 0.0928 -0.4497 0.0000 0.0000 1.1865 0.0506 
12.1088 10.0000 248.9272 0.2123 0.0920 -0.4439 0.0000 0.0000 0.8824 0.0746 
12.4208 10.0000 264.7324 0.2072 0.0919 -0.4399 0.0000 0.0000 1.1806 0.0784 
12.3636 5.0000 259.5432 0.2021 0.0924 -0.4323 0.0000 0.0000 1.2302 0.0642 
12.1264 10.0000 252.7992 0.2097 0.0929 -0.4398 0.0000 0.0000 3.0735 0.0751 
12.0484 10.0000 252.2640 0.2139 0.0923 -0.4390 0.0000 0.0000 2.6394 0.0628 
12.0728 7.0000 248.9788 0.2046 0.0925 -0.4254 0.0000 0.0000 2.4148 0.0656 
12.1920 10.0000 251.6820 0.2111 0.0932 -0.4435 0.0000 0.0000 2.2386 0.0708 
12.4200 10.0000 260.9044 0.2048 0.0925 -0.4415 0.0000 0.0000 2.1734 0.0628 
12.5784 10.0000 265.4364 0.2146 0.0953 -0.4602 0.0000 0.0000 2.0948 0.0628 
12.2936 4.0000 254.0580 0.2073 0.0934 -0.4468 0.0000 0.0000 1.1867 0.0630 
12.5152 10.0000 260.0808 0.1994 0.0911 -0.4413 0.0000 0.0000 1.1863 0.0680 
12.2828 8.0000 255.2556 0.2076 0.0925 -0.4464 0.0000 0.0000 1.1880 0.0596 
12.0976 10.0000 249.7488 0.2081 0.0916 -0.4334 0.0000 0.0000 0.9249 0.0852 
12.4816 10.0000 265.9420 0.2132 0.0920 -0.4570 0.0000 0.0000 1.1886 0.0705 
12.1124 10.0000 251.2112 0.2185 0.0945 -0.4590 0.0000 0.0000 1.2316 0.0642 
12.4800 10.0000 262.5416 0.2080 0.0936 -0.4407 0.0000 0.0000 0.9673 0.0610 
12.2600 10.0000 257.7292 0.2100 0.0917 -0.4420 0.0000 0.0000 1.1873 0.0625 
12.2184 10.0000 251.1176 0.2115 0.0932 -0.4516 0.0000 0.0000 1.2296 0.0802 
12.5624 10.0000 269.0880 0.2123 0.0913 -0.4569 0.0000 0.0000 1.2302 0.0802 
12.5796 10.0000 268.1112 0.2102 0.0946 -0.4508 0.0000 0.0000 1.7640 0.0802 
12.4352 7.0000 263.7920 0.2176 0.0942 -0.4556 0.0000 0.0000 1.7179 0.0802 
12.5344 10.0000 266.7200 0.2140 0.0934 -0.4576 0.0000 0.0000 1.2320 0.0644 
12.5468 8.0000 268.3036 0.2047 0.0899 -0.4438 0.0000 0.0000 1.1866 0.0474 
12.3028 9.0000 254.9208 0.2048 0.0919 -0.4471 0.0000 0.0000 1.1882 0.0579 
12.2696 10.0000 257.3008 0.2118 0.0939 -0.4403 0.0000 0.0000 0.9249 0.0718 
12.2768 10.0000 255.4032 0.2065 0.0927 -0.4396 0.0000 0.0000 1.1886 0.0900 
12.2724 9.0000 256.4684 0.2052 0.0936 -0.4261 0.0000 0.0000 1.2282 0.0793 
12.3632 10.0000 261.7416 0.2080 0.0915 -0.4432 0.0000 0.0000 1.0521 0.0573 
12.3600 6.0000 257.2888 0.2064 0.0926 -0.4476 0.0000 0.0000 1.2268 0.0654 
12.0356 10.0000 247.3852 0.2129 0.0945 -0.4375 0.0000 0.0000 4.0007 0.0536 
12.3920 8.0000 261.3344 0.2103 0.0932 -0.4528 0.0000 0.0000 4.3141 0.0718 
12.4220 10.0000 265.8428 0.2181 0.0936 -0.4524 0.0000 0.0000 4.2654 0.0718 
12.3508 8.0000 257.2988 0.2067 0.0936 -0.4330 0.0000 0.0000 3.9157 0.0654 
12.5616 10.0000 264.3152 0.2032 0.0920 -0.4503 0.0000 0.0000 1.1888 0.0675 
12.6196 9.0000 267.9164 0.2060 0.0916 -0.4586 0.0000 0.0000 1.1885 0.0712 
12.3224 7.0000 257.9656 0.2178 0.0943 -0.4624 0.0000 0.0000 1.2703 0.0679 
12.7624 7.0000 274.6700 0.2102 0.0922 -0.4590 0.0000 0.0000 1.2312 0.0704 
12.1760 8.0000 254.1512 0.2161 0.0940 -0.4490 0.0000 0.0000 0.9686 0.0815 
12.1852 10.0000 247.7976 0.2049 0.0917 -0.4492 0.0000 0.0000 1.2298 0.0822 
12.6336 9.0000 273.1404 0.2071 0.0921 -0.4438 0.0000 0.0000 1.0857 0.0674 
12.3028 10.0000 257.0204 0.2099 0.0941 -0.4419 0.0000 0.0000 2.6794 0.0659 
12.2676 10.0000 255.7044 0.2149 0.0931 -0.4486 0.0000 0.0000 2.6370 0.0659 
12.3864 10.0000 259.7536 0.2170 0.0937 -0.4713 0.0000 0.0000 1.2715 0.0856 
12.2532 6.0000 252.7148 0.2082 0.0931 -0.4417 0.0000 0.0000 1.2736 0.0856 
12.1812 10.0000 250.9532 0.2102 0.0919 -0.4491 0.0000 0.0000 1.1893 0.0693 
12.6160 10.0000 267.5268 0.2136 0.0943 -0.4607 0.0000 0.0000 1.2318 0.0693 
12.2752 9.0000 254.3620 0.2068 0.0921 -0.4406 0.0000 0.0000 1.1896 0.0650 
12.5392 10.0000 266.7416 0.2133 0.0937 -0.4558 0.0000 0.0000 1.2754 0.0609 
12.1908 10.0000 255.5312 0.2137 0.0932 -0.4458 0.0000 0.0000 0.9674 0.0856 
11.9544 10.0000 248.4196 0.2150 0.0916 -0.4451 0.0000 0.0000 2.1105 0.0626 
12.4684 9.0000 263.1300 0.2058 0.0929 -0.4383 0.0000 0.0000 1.2722 0.0565 
12.1600 10.0000 249.5744 0.2088 0.0924 -0.4428 0.0000 0.0000 1.2567 0.0832 
12.5176 10.0000 262.5176 0.2080 0.0937 -0.4462 0.0000 0.0000 1.3191 0.0832 
12.2044 10.0000 254.0504 0.2152 0.0941 -0.4475 0.0000 0.0000 1.2333 0.0838 
12.3524 10.0000 259.8716 0.2069 0.0929 -0.4366 0.0000 0.0000 3.1222 0.0663 
12.2196 6.0000 257.4748 0.2112 0.0927 -0.4350 0.0000 0.0000 3.0786 0.0663 
12.5300 7.0000 265.3164 0.2094 0.0927 -0.4435 0.0000 0.0000 2.5052 0.0677 
12.5548 8.0000 268.7672 0.2092 0.0930 -0.4398 0.0000 0.0000 1.6280 0.0663 
12.0228 10.0000 246.4084 0.2141 0.0941 -0.4415 0.0000 0.0000 1.4941 0.0663 
12.4436 10.0000 259.5108 0.2059 0.0921 -0.4452 0.0000 0.0000 1.2315 0.0663 
12.6280 10.0000 269.5116 0.2062 0.0916 -0.4473 0.0000 0.0000 0.9666 0.0838 
12.5716 10.0000 270.6072 0.2131 0.0930 -0.4580 0.0000 0.0000 1.2727 0.0663 
12.1260 7.0000 252.3784 0.2164 0.0934 -0.4484 0.0000 0.0000 0.9673 0.0663 
12.3008 10.0000 257.2440 0.2195 0.0933 -0.4656 0.0000 0.0000 1.4945 0.0663 
12.0336 6.0000 249.8496 0.2155 0.0931 -0.4388 0.0000 0.0000 1.4521 0.0663 
12.3720 10.0000 260.2980 0.2137 0.0930 -0.4545 0.0000 0.0000 0.8907 0.0663 
