12.4296 10.0000 260.6912 0.3500 0.1836 -0.5145 0.0000 0.0000 10.1388 0.0676 
12.3971 10.0000 257.6661 0.3341 0.1760 -0.5015 0.0000 0.0000 9.2992 0.0676 
12.4555 10.0000 259.5051 0.3431 0.1847 -0.4967 0.0000 0.0000 11.3561 0.0778 
12.3669 10.0000 258.8240 0.3416 0.1805 -0.4866 0.0000 0.0000 11.3619 0.0816 
12.5355 8.0000 265.1288 0.3395 0.1771 -0.5029 0.0000 0.0000 10.9708 0.0816 
12.4571 10.0000 258.4315 0.3389 0.1799 -0.5022 0.0000 0.0000 11.6238 0.0778 
12.4432 9.0000 261.6451 0.3440 0.1765 -0.5091 0.0000 0.0000 11.1860 0.0775 
12.5285 10.0000 263.4003 0.3448 0.1846 -0.4903 0.0000 0.0000 11.7090 0.0676 
12.8597 7.0000 276.5416 0.3316 0.1765 -0.5020 0.0000 0.0000 11.1918 0.0778 
12.2211 10.0000 253.1587 0.3386 0.1821 -0.4690 0.0000 0.0000 11.7530 0.0726 
12.4160 10.0000 259.5907 0.3444 0.1788 -0.5119 0.0000 0.0000 10.6146 0.0668 
12.4397 10.0000 261.0771 0.3458 0.1837 -0.4964 0.0000 0.0000 1.2772 0.0715 
12.1573 10.0000 251.2133 0.3518 0.1819 -0.5025 0.0000 0.0000 1.7150 0.0725 
12.1491 10.0000 248.7315 0.3480 0.1860 -0.4941 0.0000 0.0000 1.8022 0.0561 
12.1064 10.0000 248.8475 0.3484 0.1828 -0.4968 0.0000 0.0000 4.2192 0.0672 
12.3981 10.0000 262.3869 0.3519 0.1857 -0.4871 0.0000 0.0000 6.0200 0.0697 
12.5232 10.0000 264.0064 0.3368 0.1809 -0.4837 0.0000 0.0000 5.8495 0.0735 
12.2803 10.0000 253.4683 0.3395 0.1805 -0.4930 0.0000 0.0000 4.9699 0.0801 
12.5677 10.0000 263.2235 0.3425 0.1807 -0.5140 0.0000 0.0000 5.8918 0.0667 
12.4133 10.0000 260.8251 0.3468 0.1846 -0.4969 0.0000 0.0000 5.7559 0.0735 
12.5440 10.0000 262.8437 0.3316 0.1764 -0.4962 0.0000 0.0000 5.1457 0.0625 
12.2405 10.0000 256.5019 0.3490 0.1842 -0.4852 0.0000 0.0000 4.8783 0.0667 
12.3293 8.0000 257.3888 0.3449 0.1806 -0.4979 0.0000 0.0000 1.2751 0.0712 
12.2133 10.0000 251.3131 0.3457 0.1852 -0.4886 0.0000 0.0000 1.2337 0.0691 
12.4965 5.0000 262.1605 0.3386 0.1821 -0.4918 0.0000 0.0000 1.6682 0.0772 
12.4336 10.0000 261.6371 0.3533 0.1835 -0.5134 0.0000 0.0000 1.2735 0.0803 
12.3016 10.0000 257.0787 0.3513 0.1840 -0.5030 0.0000 0.0000 1.7128 0.0735 
12.2544 10.0000 255.0720 0.3511 0.1874 -0.4912 0.0000 0.0000 1.7498 0.0746 
12.2352 10.0000 251.4384 0.3511 0.1842 -0.5125 0.0000 0.0000 1.6711 0.0746 
12.3627 10.0000 256.1128 0.3415 0.1818 -0.4964 0.0000 0.0000 2.3775 0.0556 
12.3013 10.0000 256.9813 0.3494 0.1833 -0.5004 0.0000 0.0000 2.3345 0.0556 
12.2877 10.0000 257.8400 0.3483 0.1790 -0.5078 0.0000 0.0000 1.7176 0.0657 
12.2869 10.0000 257.1973 0.3515 0.1865 -0.4935 0.0000 0.0000 2.1001 0.0835 
12.0645 10.0000 248.1077 0.3444 0.1811 -0.4856 0.0000 0.0000 2.0127 0.0563 
12.3195 10.0000 255.8427 0.3481 0.1817 -0.5114 0.0000 0.0000 1.6664 0.0657 
12.2859 10.0000 254.5424 0.3484 0.1839 -0.4953 0.0000 0.0000 1.8031 0.0776 
12.3064 9.0000 255.6744 0.3520 0.1856 -0.5035 0.0000 0.0000 1.7471 0.0742 
12.2893 10.0000 258.1605 0.3565 0.1856 -0.5064 0.0000 0.0000 1.7186 0.0753 
12.3901 10.0000 258.3155 0.3438 0.1835 -0.4939 0.0000 0.0000 3.9140 0.0718 
12.5704 10.0000 267.9939 0.3390 0.1810 -0.4847 0.0000 0.0000 3.8728 0.0787 
12.5165 10.0000 264.9461 0.3510 0.1830 -0.5181 0.0000 0.0000 1.6809 0.0722 
12.2549 10.0000 256.7413 0.3537 0.1839 -0.5073 0.0000 0.0000 3.0183 0.0756 
12.3755 10.0000 259.4797 0.3496 0.1845 -0.5005 0.0000 0.0000 3.9603 0.0722 
12.5813 10.0000 264.6283 0.3379 0.1820 -0.4900 0.0000 0.0000 2.7255 0.0806 
12.0315 10.0000 246.9021 0.3608 0.1857 -0.5114 0.0000 0.0000 1.8421 0.0722 
12.2155 10.0000 256.9179 0.3631 0.1850 -0.5146 0.0000 0.0000 1.7963 0.0477 
12.2491 10.0000 255.6645 0.3553 0.1827 -0.5165 0.0000 0.0000 1.2765 0.0702 
12.3349 10.0000 257.5971 0.3535 0.1859 -0.5035 0.0000 0.0000 1.8043 0.0829 
12.1787 10.0000 252.5640 0.3577 0.1865 -0.5033 0.0000 0.0000 1.7999 0.0693 
12.3104 10.0000 258.7557 0.3527 0.1847 -0.4971 0.0000 0.0000 1.8018 0.0704 
12.0013 10.0000 245.8045 0.3452 0.1853 -0.4703 0.0000 0.0000 1.7602 0.0692 
12.2739 6.0000 256.6763 0.3477 0.1838 -0.4855 0.0000 0.0000 1.7594 0.0723 
12.4592 10.0000 260.3571 0.3552 0.1873 -0.5206 0.0000 0.0000 1.8775 0.0630 
12.3429 10.0000 257.2232 0.3457 0.1846 -0.4896 0.0000 0.0000 2.6381 0.0780 
12.2931 10.0000 253.5424 0.3505 0.1844 -0.5118 0.0000 0.0000 3.0361 0.0665 
12.5301 10.0000 262.9229 0.3391 0.1770 -0.5132 0.0000 0.0000 2.6830 0.0753 
12.3829 10.0000 260.7019 0.3511 0.1845 -0.4979 0.0000 0.0000 1.7610 0.0753 
12.2776 10.0000 254.6531 0.3543 0.1876 -0.4980 0.0000 0.0000 1.8029 0.0753 
12.3427 4.0000 256.5971 0.3468 0.1843 -0.4996 0.0000 0.0000 1.3066 0.0667 
12.2147 10.0000 251.2968 0.3504 0.1881 -0.4942 0.0000 0.0000 1.7523 0.0723 
12.3864 10.0000 259.1387 0.3510 0.1822 -0.5158 0.0000 0.0000 1.7597 0.0781 
12.3349 8.0000 255.5917 0.3503 0.1850 -0.5070 0.0000 0.0000 1.7566 0.0680 
12.2880 8.0000 256.8355 0.3583 0.1855 -0.5153 0.0000 0.0000 1.2833 0.0723 
12.5736 10.0000 265.2283 0.3436 0.1802 -0.5108 0.0000 0.0000 1.7593 0.0634 
12.2659 10.0000 256.7872 0.3494 0.1858 -0.4868 0.0000 0.0000 1.8478 0.0557 
12.4984 10.0000 264.6171 0.3545 0.1868 -0.5113 0.0000 0.0000 1.7525 0.0634 
12.3832 10.0000 260.6413 0.3514 0.1841 -0.5076 0.0000 0.0000 1.8021 0.0557 
12.6171 10.0000 268.6715 0.3459 0.1798 -0.5122 0.0000 0.0000 3.9119 0.0617 
12.3832 10.0000 258.9168 0.3548 0.1880 -0.5047 0.0000 0.0000 4.3081 0.0618 
12.1629 10.0000 252.3827 0.3496 0.1814 -0.4960 0.0000 0.0000 3.2583 0.0773 
12.3536 10.0000 257.6968 0.3479 0.1845 -0.4932 0.0000 0.0000 1.4964 0.0771 
12.2405 8.0000 254.2677 0.3531 0.1870 -0.4953 0.0000 0.0000 2.0684 0.0800 
12.2099 10.0000 252.7136 0.3446 0.1833 -0.4802 0.0000 0.0000 1.8027 0.0590 
12.2216 10.0000 255.4987 0.3500 0.1821 -0.4926 0.0000 0.0000 1.8060 0.0840 
12.4432 10.0000 262.6784 0.3361 0.1802 -0.4790 0.0000 0.0000 1.2739 0.0631 
12.4283 7.0000 261.3301 0.3431 0.1860 -0.4769 0.0000 0.0000 1.8045 0.0704 
12.2563 10.0000 251.8245 0.3433 0.1806 -0.5023 0.0000 0.0000 2.1517 0.0764 
12.6763 10.0000 270.9123 0.3426 0.1767 -0.5147 0.0000 0.0000 2.0177 0.0849 
12.2027 5.0000 255.0952 0.3556 0.1875 -0.4913 0.0000 0.0000 2.5495 0.0764 
12.0112 10.0000 249.9139 0.3544 0.1822 -0.4942 0.0000 0.0000 2.4595 0.0591 
12.4923 10.0000 262.3995 0.3478 0.1829 -0.5074 0.0000 0.0000 1.7616 0.0697 
12.1496 10.0000 250.9565 0.3536 0.1866 -0.4930 0.0000 0.0000 1.8383 0.0764 
12.4128 6.0000 258.9523 0.3514 0.1842 -0.5135 0.0000 0.0000 1.8439 0.0655 
12.2365 10.0000 251.8760 0.3405 0.1823 -0.4861 0.0000 0.0000 2.3194 0.0582 
12.1789 10.0000 251.0891 0.3540 0.1897 -0.4933 0.0000 0.0000 1.8930 0.0776 
12.3645 9.0000 258.8208 0.3370 0.1785 -0.4883 0.0000 0.0000 1.7564 0.0659 
12.2405 10.0000 254.1245 0.3484 0.1854 -0.4893 0.0000 0.0000 1.4073 0.0639 
12.4584 7.0000 262.7997 0.3498 0.1827 -0.5078 0.0000 0.0000 1.8572 0.0724 
12.2741 9.0000 255.3389 0.3575 0.1881 -0.5056 0.0000 0.0000 1.8938 0.0640 
12.4224 7.0000 257.8632 0.3305 0.1799 -0.4767 0.0000 0.0000 2.9429 0.0640 
12.3915 10.0000 259.8645 0.3486 0.1819 -0.5075 0.0000 0.0000 3.1201 0.0640 
12.5232 10.0000 262.6277 0.3466 0.1856 -0.5016 0.0000 0.0000 2.2451 0.0640 
12.4571 10.0000 262.9973 0.3469 0.1837 -0.4960 0.0000 0.0000 1.8509 0.0664 
12.4821 10.0000 259.4277 0.3456 0.1851 -0.4988 0.0000 0.0000 1.7580 0.0640 
12.4272 10.0000 260.0856 0.3426 0.1827 -0.4935 0.0000 0.0000 1.8453 0.0640 
12.3272 10.0000 255.0507 0.3477 0.1837 -0.5020 0.0000 0.0000 1.3622 0.0664 
12.2779 10.0000 253.7395 0.3438 0.1854 -0.4824 0.0000 0.0000 1.7606 0.0640 
12.4096 5.0000 262.3675 0.3587 0.1854 -0.5139 0.0000 0.0000 1.8454 0.0640 
12.5725 4.0000 269.0592 0.3511 0.1865 -0.4958 0.0000 0.0000 1.8481 0.0640 
12.4341 10.0000 260.7584 0.3430 0.1787 -0.5095 0.0000 0.0000 1.6972 0.0640 
