11.9236 10.0000 245.0928 0.2790 0.1332 -0.4658 0.0000 0.0000 6.3817 0.0810 
12.4904 10.0000 267.5204 0.2876 0.1356 -0.4995 0.0000 0.0000 6.0761 0.0735 
12.3628 10.0000 258.6480 0.2723 0.1335 -0.4755 0.0000 0.0000 6.2701 0.0810 
12.2688 10.0000 257.3624 0.2769 0.1328 -0.4810 0.0000 0.0000 6.4218 0.0574 
12.5032 10.0000 262.6072 0.2774 0.1344 -0.4966 0.0000 0.0000 6.1882 0.0713 
12.5076 10.0000 263.1288 0.2668 0.1330 -0.4678 0.0000 0.0000 6.5723 0.0677 
12.5064 10.0000 262.9352 0.2831 0.1394 -0.4951 0.0000 0.0000 6.5377 0.0907 
12.6096 10.0000 267.7828 0.2799 0.1336 -0.5017 0.0000 0.0000 6.5352 0.0782 
12.3280 10.0000 257.7192 0.2741 0.1333 -0.4787 0.0000 0.0000 6.4165 0.0610 
12.6580 10.0000 266.3940 0.2730 0.1316 -0.5026 0.0000 0.0000 6.1527 0.0610 
12.5920 10.0000 264.0580 0.2729 0.1350 -0.4918 0.0000 0.0000 6.3537 0.0907 
12.2288 10.0000 254.7432 0.2829 0.1355 -0.4892 0.0000 0.0000 0.7895 0.0705 
12.5624 10.0000 262.5592 0.2702 0.1343 -0.4830 0.0000 0.0000 1.0125 0.0822 
12.1956 10.0000 255.9508 0.2830 0.1316 -0.4892 0.0000 0.0000 0.9684 0.0704 
12.2020 10.0000 253.9696 0.2820 0.1344 -0.4863 0.0000 0.0000 1.0550 0.0732 
12.2876 8.0000 255.9944 0.2779 0.1365 -0.4740 0.0000 0.0000 1.0125 0.0574 
12.2972 9.0000 256.6500 0.2845 0.1373 -0.4941 0.0000 0.0000 1.0355 0.0577 
12.3008 10.0000 256.1444 0.2816 0.1376 -0.4809 0.0000 0.0000 1.1900 0.0606 
12.2628 10.0000 257.5108 0.2814 0.1338 -0.4842 0.0000 0.0000 1.2312 0.0857 
12.3408 10.0000 259.9996 0.2899 0.1356 -0.5090 0.0000 0.0000 1.0998 0.0857 
12.3616 8.0000 260.3384 0.2808 0.1362 -0.4802 0.0000 0.0000 1.3202 0.0857 
12.3192 10.0000 258.6992 0.2826 0.1356 -0.4901 0.0000 0.0000 1.1878 0.0857 
12.1124 7.0000 249.0464 0.2825 0.1347 -0.4904 0.0000 0.0000 1.0577 0.0857 
12.2244 10.0000 249.5500 0.2736 0.1366 -0.4769 0.0000 0.0000 0.7504 0.0642 
12.4008 8.0000 257.6732 0.2834 0.1359 -0.5025 0.0000 0.0000 1.0144 0.0820 
12.1896 10.0000 250.8300 0.2701 0.1332 -0.4648 0.0000 0.0000 0.9724 0.0644 
12.5228 10.0000 260.2096 0.2712 0.1342 -0.4865 0.0000 0.0000 1.0117 0.0644 
12.5732 10.0000 268.8308 0.2767 0.1317 -0.4978 0.0000 0.0000 0.9745 0.0834 
12.0120 10.0000 244.7304 0.2822 0.1383 -0.4758 0.0000 0.0000 1.0559 0.0666 
12.6144 8.0000 266.5664 0.2827 0.1363 -0.5038 0.0000 0.0000 2.6381 0.0733 
12.4016 10.0000 258.3884 0.2712 0.1333 -0.4791 0.0000 0.0000 2.9900 0.0750 
12.2056 10.0000 249.0972 0.2770 0.1352 -0.4936 0.0000 0.0000 2.5062 0.0800 
12.2364 10.0000 251.6812 0.2735 0.1331 -0.4814 0.0000 0.0000 2.3777 0.0686 
12.3852 6.0000 259.4844 0.2742 0.1323 -0.4836 0.0000 0.0000 2.2415 0.0585 
12.2844 10.0000 258.4432 0.2848 0.1352 -0.4964 0.0000 0.0000 1.0978 0.0761 
12.3960 10.0000 258.3728 0.2769 0.1343 -0.4933 0.0000 0.0000 0.9157 0.0647 
12.5148 8.0000 266.9756 0.2793 0.1350 -0.4908 0.0000 0.0000 1.0511 0.0865 
11.9040 10.0000 243.1032 0.2845 0.1384 -0.4727 0.0000 0.0000 1.3605 0.0690 
12.3624 10.0000 258.7040 0.2871 0.1381 -0.4997 0.0000 0.0000 1.3610 0.0662 
12.6432 10.0000 275.0636 0.2859 0.1336 -0.5069 0.0000 0.0000 1.0112 0.0738 
12.2000 8.0000 252.6120 0.2733 0.1317 -0.4752 0.0000 0.0000 1.0522 0.0785 
12.0976 10.0000 249.0060 0.2722 0.1336 -0.4677 0.0000 0.0000 1.8145 0.0655 
12.5876 10.0000 263.7332 0.2725 0.1351 -0.4921 0.0000 0.0000 1.0535 0.0700 
12.3384 8.0000 258.0732 0.2707 0.1351 -0.4676 0.0000 0.0000 1.0561 0.0713 
11.9968 9.0000 245.6772 0.2819 0.1362 -0.4792 0.0000 0.0000 1.0059 0.0700 
12.4760 10.0000 265.9068 0.2812 0.1360 -0.4926 0.0000 0.0000 1.0551 0.0774 
11.9724 10.0000 243.6500 0.2858 0.1394 -0.4836 0.0000 0.0000 0.8342 0.0644 
12.5260 10.0000 261.9512 0.2714 0.1376 -0.4811 0.0000 0.0000 1.0557 0.0606 
12.4900 8.0000 265.2196 0.2785 0.1341 -0.4901 0.0000 0.0000 0.8798 0.0500 
12.3864 10.0000 259.4488 0.2787 0.1343 -0.4911 0.0000 0.0000 1.0153 0.0708 
12.4204 10.0000 261.3724 0.2794 0.1331 -0.4990 0.0000 0.0000 1.0559 0.0708 
12.4140 10.0000 261.5660 0.2792 0.1333 -0.4908 0.0000 0.0000 1.0112 0.0719 
11.9292 10.0000 244.3876 0.2771 0.1347 -0.4644 0.0000 0.0000 1.0141 0.0719 
12.6464 10.0000 270.8052 0.2786 0.1355 -0.4921 0.0000 0.0000 1.0578 0.0860 
12.0232 6.0000 243.3784 0.2823 0.1372 -0.4870 0.0000 0.0000 1.1414 0.0635 
12.4040 9.0000 258.7200 0.2758 0.1369 -0.4750 0.0000 0.0000 1.1377 0.0811 
12.2992 10.0000 258.4504 0.2855 0.1346 -0.5028 0.0000 0.0000 1.0558 0.0811 
12.3200 6.0000 257.6252 0.2821 0.1342 -0.4979 0.0000 0.0000 1.0136 0.0557 
12.7176 10.0000 271.6992 0.2761 0.1318 -0.5037 0.0000 0.0000 1.0539 0.0636 
12.3632 10.0000 258.8804 0.2808 0.1329 -0.4949 0.0000 0.0000 0.8331 0.0719 
12.2376 10.0000 251.3228 0.2685 0.1336 -0.4697 0.0000 0.0000 1.1810 0.0773 
12.1684 7.0000 248.7796 0.2836 0.1386 -0.4924 0.0000 0.0000 1.1848 0.0750 
12.3744 10.0000 256.8280 0.2728 0.1360 -0.4811 0.0000 0.0000 2.4191 0.0663 
12.2800 10.0000 254.9160 0.2830 0.1359 -0.4903 0.0000 0.0000 2.5072 0.0690 
12.2284 7.0000 247.8292 0.2649 0.1345 -0.4648 0.0000 0.0000 1.4068 0.0665 
11.9744 2.0000 245.3348 0.2871 0.1351 -0.4855 0.0000 0.0000 1.0569 0.0673 
12.4720 9.0000 261.8840 0.2714 0.1329 -0.4815 0.0000 0.0000 1.0545 0.0691 
12.2056 10.0000 255.3224 0.2848 0.1377 -0.4813 0.0000 0.0000 1.0999 0.0744 
12.5648 9.0000 269.2980 0.2800 0.1347 -0.4851 0.0000 0.0000 1.1015 0.0786 
12.3012 10.0000 254.4852 0.2676 0.1348 -0.4632 0.0000 0.0000 1.0986 0.0763 
12.3804 10.0000 261.5732 0.2758 0.1340 -0.4736 0.0000 0.0000 1.0983 0.0821 
12.1356 10.0000 250.5100 0.2826 0.1363 -0.4809 0.0000 0.0000 1.0975 0.0668 
12.3352 10.0000 253.8704 0.2676 0.1351 -0.4737 0.0000 0.0000 1.0554 0.0654 
12.1552 6.0000 251.6212 0.2779 0.1360 -0.4696 0.0000 0.0000 0.7910 0.0659 
12.4732 10.0000 261.1928 0.2745 0.1351 -0.4834 0.0000 0.0000 1.0577 0.0614 
12.4404 10.0000 261.3672 0.2746 0.1352 -0.4772 0.0000 0.0000 1.0547 0.0542 
12.5152 9.0000 264.6316 0.2752 0.1317 -0.4951 0.0000 0.0000 1.1006 0.0697 
12.2396 7.0000 253.4904 0.2800 0.1381 -0.4712 0.0000 0.0000 1.0571 0.0818 
12.2596 10.0000 255.4260 0.2761 0.1318 -0.4979 0.0000 0.0000 1.0577 0.0667 
12.2928 10.0000 259.0168 0.2849 0.1361 -0.4922 0.0000 0.0000 1.0983 0.0792 
12.2316 7.0000 255.4048 0.2805 0.1379 -0.4730 0.0000 0.0000 1.0993 0.0741 
12.5408 4.0000 266.3872 0.2850 0.1359 -0.5042 0.0000 0.0000 1.0977 0.0799 
12.3284 10.0000 260.8220 0.2818 0.1354 -0.4839 0.0000 0.0000 0.7920 0.0642 
12.6188 10.0000 268.1852 0.2761 0.1348 -0.4905 0.0000 0.0000 1.6582 0.0697 
12.3484 10.0000 257.2668 0.2714 0.1336 -0.4751 0.0000 0.0000 0.7931 0.0829 
12.3320 10.0000 255.2004 0.2763 0.1360 -0.4837 0.0000 0.0000 1.0489 0.0673 
12.2904 10.0000 251.8776 0.2701 0.1361 -0.4676 0.0000 0.0000 1.0548 0.0635 
12.3188 10.0000 252.8632 0.2735 0.1375 -0.4781 0.0000 0.0000 1.0945 0.0665 
12.0848 10.0000 253.8212 0.2852 0.1339 -0.4800 0.0000 0.0000 0.7937 0.0567 
12.5984 10.0000 269.8444 0.2821 0.1350 -0.5040 0.0000 0.0000 1.0585 0.0631 
12.1368 10.0000 250.6916 0.2842 0.1373 -0.4837 0.0000 0.0000 1.0981 0.0631 
12.5256 10.0000 266.2948 0.2882 0.1369 -0.5084 0.0000 0.0000 1.0985 0.0631 
12.3556 3.0000 257.7004 0.2760 0.1348 -0.4792 0.0000 0.0000 1.0978 0.0631 
12.3720 10.0000 261.6460 0.2784 0.1355 -0.4754 0.0000 0.0000 1.0970 0.0631 
12.2832 10.0000 254.6996 0.2775 0.1349 -0.4833 0.0000 0.0000 1.0611 0.0631 
12.4772 10.0000 260.5648 0.2750 0.1363 -0.4850 0.0000 0.0000 1.0971 0.0631 
12.2120 8.0000 252.0284 0.2752 0.1333 -0.4824 0.0000 0.0000 0.7930 0.0631 
12.3648 9.0000 259.0124 0.2764 0.1326 -0.5001 0.0000 0.0000 1.0934 0.0631 
12.1336 10.0000 249.6792 0.2808 0.1323 -0.4992 0.0000 0.0000 1.0969 0.0631 
12.6164 10.0000 264.7632 0.2794 0.1347 -0.5114 0.0000 0.0000 1.0560 0.0631 
