12.5312 10.0000 264.2307 0.3779 0.2049 -0.5120 0.0000 0.0000 10.9113 0.0641 
12.4251 5.0000 262.0011 0.3910 0.2128 -0.4984 0.0000 0.0000 11.6977 0.0596 
12.2320 10.0000 255.1792 0.3769 0.2069 -0.4765 0.0000 0.0000 11.7441 0.0777 
12.4221 4.0000 265.6325 0.3767 0.2029 -0.4771 0.0000 0.0000 10.9506 0.0622 
12.2688 10.0000 256.8064 0.3770 0.2012 -0.4959 0.0000 0.0000 11.6541 0.0798 
12.3424 8.0000 258.1699 0.3778 0.2053 -0.4866 0.0000 0.0000 11.2607 0.0599 
12.3568 9.0000 260.6704 0.3750 0.2045 -0.4804 0.0000 0.0000 10.6496 0.0743 
12.4693 10.0000 260.3072 0.3777 0.2076 -0.4941 0.0000 0.0000 11.1813 0.0721 
12.1571 10.0000 251.4280 0.3796 0.2060 -0.4861 0.0000 0.0000 9.9165 0.0756 
12.3595 7.0000 259.4840 0.3888 0.2062 -0.5099 0.0000 0.0000 11.7023 0.0777 
12.0960 10.0000 250.3749 0.3763 0.2053 -0.4733 0.0000 0.0000 11.4772 0.0756 
12.4835 10.0000 262.6483 0.3799 0.2047 -0.5062 0.0000 0.0000 1.1871 0.0649 
12.3765 10.0000 257.3728 0.3803 0.2079 -0.5034 0.0000 0.0000 1.6269 0.0753 
12.4147 10.0000 260.9163 0.3818 0.2033 -0.5136 0.0000 0.0000 1.1438 0.0649 
12.2883 10.0000 256.9661 0.3838 0.2028 -0.5091 0.0000 0.0000 1.6709 0.0737 
12.2501 10.0000 259.4885 0.4009 0.2103 -0.5170 0.0000 0.0000 2.9895 0.0546 
12.4501 10.0000 262.2011 0.3860 0.2084 -0.5041 0.0000 0.0000 2.9025 0.0654 
12.4128 10.0000 260.2712 0.3772 0.2052 -0.4922 0.0000 0.0000 1.9823 0.0658 
12.2192 9.0000 253.2880 0.3920 0.2111 -0.5067 0.0000 0.0000 1.9791 0.0546 
12.4069 9.0000 261.4635 0.3910 0.2130 -0.5005 0.0000 0.0000 1.5820 0.0601 
12.3259 10.0000 256.2355 0.3753 0.2039 -0.4955 0.0000 0.0000 1.6281 0.0674 
12.5699 10.0000 265.4877 0.3817 0.2080 -0.5098 0.0000 0.0000 1.5848 0.0654 
12.2885 10.0000 255.4347 0.3795 0.2116 -0.4736 0.0000 0.0000 2.6358 0.0813 
12.3421 10.0000 258.2619 0.3909 0.2095 -0.5157 0.0000 0.0000 1.9800 0.0560 
12.5795 10.0000 267.3077 0.3772 0.2023 -0.5076 0.0000 0.0000 1.5825 0.0762 
12.3571 10.0000 258.5925 0.3840 0.2080 -0.4955 0.0000 0.0000 1.6721 0.0651 
12.2896 10.0000 255.2101 0.3792 0.2033 -0.5054 0.0000 0.0000 1.5832 0.0735 
12.5549 10.0000 267.2173 0.3846 0.2080 -0.5055 0.0000 0.0000 1.5816 0.0681 
12.2445 10.0000 255.1803 0.3801 0.2042 -0.4978 0.0000 0.0000 2.1106 0.0737 
12.3435 10.0000 256.5837 0.3806 0.2057 -0.5069 0.0000 0.0000 2.0186 0.0843 
12.3277 10.0000 256.9240 0.3851 0.2085 -0.5003 0.0000 0.0000 1.5859 0.0737 
12.2917 7.0000 256.6515 0.3797 0.2102 -0.4777 0.0000 0.0000 1.6298 0.0737 
12.2264 10.0000 253.2544 0.3781 0.2075 -0.4839 0.0000 0.0000 1.6687 0.0780 
12.4240 10.0000 260.4147 0.3715 0.2040 -0.4893 0.0000 0.0000 1.1436 0.0738 
12.2835 10.0000 258.1760 0.3815 0.2058 -0.4923 0.0000 0.0000 1.7587 0.0701 
12.4160 10.0000 262.4821 0.3807 0.2072 -0.4919 0.0000 0.0000 1.6110 0.0635 
12.2061 10.0000 254.0829 0.3733 0.2027 -0.4843 0.0000 0.0000 1.2271 0.0692 
12.4189 10.0000 259.1720 0.3884 0.2138 -0.5025 0.0000 0.0000 1.6712 0.0624 
12.0941 6.0000 247.9536 0.3776 0.2076 -0.4823 0.0000 0.0000 1.9812 0.0626 
12.3083 6.0000 254.9608 0.3813 0.2089 -0.4941 0.0000 0.0000 2.1125 0.0600 
12.1141 10.0000 251.0328 0.3963 0.2207 -0.4794 0.0000 0.0000 1.7997 0.0432 
12.1088 8.0000 250.3843 0.3874 0.2077 -0.5011 0.0000 0.0000 2.0314 0.0669 
12.3184 10.0000 258.4915 0.3935 0.2101 -0.5143 0.0000 0.0000 1.7087 0.0736 
12.2971 6.0000 257.3891 0.3797 0.2095 -0.4814 0.0000 0.0000 1.6713 0.0631 
12.2971 5.0000 255.6747 0.3652 0.2013 -0.4656 0.0000 0.0000 1.6291 0.0775 
12.2405 10.0000 252.7813 0.3887 0.2127 -0.4990 0.0000 0.0000 1.1892 0.0594 
12.3451 10.0000 254.9469 0.3818 0.2087 -0.5093 0.0000 0.0000 1.6311 0.0627 
12.6053 10.0000 266.8501 0.3667 0.2004 -0.4932 0.0000 0.0000 1.4557 0.0752 
12.2579 10.0000 254.1043 0.3753 0.2049 -0.4826 0.0000 0.0000 1.1875 0.0620 
12.4923 10.0000 264.3141 0.3808 0.2028 -0.5099 0.0000 0.0000 1.5852 0.0706 
12.4064 10.0000 259.6453 0.3757 0.2050 -0.4962 0.0000 0.0000 1.5416 0.0583 
12.3243 4.0000 257.8475 0.3817 0.2101 -0.4822 0.0000 0.0000 1.6712 0.0748 
12.2840 10.0000 255.4384 0.3875 0.2104 -0.5039 0.0000 0.0000 1.7144 0.0686 
12.4347 10.0000 260.6035 0.3773 0.2013 -0.5125 0.0000 0.0000 1.5866 0.0704 
12.1267 10.0000 251.4637 0.3825 0.2080 -0.4789 0.0000 0.0000 1.7580 0.0571 
12.3344 10.0000 256.9051 0.3710 0.1984 -0.4993 0.0000 0.0000 1.6262 0.0608 
12.4035 10.0000 259.3952 0.3760 0.2069 -0.4819 0.0000 0.0000 1.5859 0.0569 
12.4613 10.0000 261.4387 0.3839 0.2096 -0.5079 0.0000 0.0000 1.1879 0.0583 
12.4272 10.0000 260.8224 0.3822 0.2084 -0.4981 0.0000 0.0000 1.7161 0.0634 
12.3163 10.0000 253.2019 0.3647 0.2052 -0.4661 0.0000 0.0000 1.6184 0.0730 
12.5515 9.0000 266.7341 0.3868 0.2128 -0.4953 0.0000 0.0000 2.1509 0.0690 
12.5589 10.0000 265.8549 0.3847 0.2105 -0.5029 0.0000 0.0000 2.2008 0.0749 
12.1589 10.0000 252.7344 0.3901 0.2106 -0.5001 0.0000 0.0000 1.3209 0.0656 
12.3877 10.0000 261.2821 0.3823 0.2070 -0.4967 0.0000 0.0000 1.2711 0.0611 
12.2888 10.0000 256.1192 0.3723 0.2068 -0.4661 0.0000 0.0000 1.7151 0.0626 
12.6840 10.0000 268.8741 0.3775 0.2050 -0.5207 0.0000 0.0000 1.5818 0.0609 
12.6427 10.0000 267.8709 0.3826 0.2079 -0.5142 0.0000 0.0000 1.1881 0.0749 
12.3464 10.0000 255.2896 0.3833 0.2110 -0.5058 0.0000 0.0000 1.6271 0.0668 
12.4563 2.0000 261.4395 0.3770 0.2076 -0.4898 0.0000 0.0000 1.7139 0.0871 
12.4021 9.0000 263.9416 0.3914 0.2075 -0.5158 0.0000 0.0000 1.7151 0.0639 
12.3744 10.0000 260.2160 0.3846 0.2121 -0.4861 0.0000 0.0000 1.7158 0.0692 
12.5864 10.0000 270.2941 0.3917 0.2111 -0.5110 0.0000 0.0000 1.2310 0.0585 
12.1611 10.0000 252.9363 0.3836 0.2056 -0.4925 0.0000 0.0000 1.7176 0.0727 
12.2304 8.0000 254.3885 0.3823 0.2044 -0.5046 0.0000 0.0000 1.6277 0.0697 
12.5435 8.0000 267.7293 0.3806 0.2055 -0.5036 0.0000 0.0000 1.7125 0.0824 
12.5912 10.0000 264.8547 0.3777 0.2097 -0.4972 0.0000 0.0000 1.7150 0.0701 
12.5299 10.0000 266.0960 0.3791 0.2051 -0.5026 0.0000 0.0000 1.6691 0.0624 
12.3163 10.0000 258.3272 0.3801 0.2091 -0.4766 0.0000 0.0000 1.1894 0.0714 
11.8981 7.0000 245.6056 0.3958 0.2136 -0.4783 0.0000 0.0000 1.8019 0.0682 
12.3565 10.0000 255.0835 0.3757 0.2078 -0.4929 0.0000 0.0000 1.6704 0.0711 
12.4923 6.0000 260.5624 0.3729 0.2068 -0.4901 0.0000 0.0000 1.1897 0.0640 
12.3224 10.0000 256.5133 0.3753 0.2058 -0.4806 0.0000 0.0000 1.7601 0.0798 
12.4221 9.0000 261.9411 0.3829 0.2069 -0.4974 0.0000 0.0000 1.7123 0.0576 
12.2547 10.0000 254.3357 0.3811 0.2086 -0.4886 0.0000 0.0000 2.2363 0.0677 
12.3304 10.0000 258.3800 0.3875 0.2053 -0.5176 0.0000 0.0000 1.7571 0.0676 
12.1496 10.0000 253.7856 0.3808 0.2071 -0.4676 0.0000 0.0000 1.3143 0.0783 
12.1152 10.0000 246.2581 0.3852 0.2124 -0.4938 0.0000 0.0000 1.7155 0.0617 
12.3632 9.0000 261.2435 0.3861 0.2091 -0.4976 0.0000 0.0000 1.8008 0.0807 
12.3205 10.0000 259.5789 0.3805 0.2094 -0.4754 0.0000 0.0000 1.7132 0.0630 
12.2952 4.0000 256.4024 0.3847 0.2066 -0.5063 0.0000 0.0000 1.7152 0.0807 
12.3944 10.0000 260.7099 0.3816 0.2050 -0.5042 0.0000 0.0000 1.7179 0.0696 
12.3331 10.0000 258.0045 0.3802 0.2101 -0.4783 0.0000 0.0000 1.8043 0.0807 
12.0387 10.0000 249.6797 0.3747 0.2049 -0.4614 0.0000 0.0000 1.2755 0.0807 
12.4424 10.0000 261.2387 0.3774 0.2069 -0.4945 0.0000 0.0000 1.7122 0.0807 
12.4616 10.0000 259.5973 0.3848 0.2116 -0.5075 0.0000 0.0000 1.7165 0.0807 
12.3224 4.0000 257.2373 0.3799 0.2053 -0.4972 0.0000 0.0000 1.7132 0.0807 
12.4848 10.0000 263.1283 0.3773 0.2068 -0.4878 0.0000 0.0000 1.7575 0.0807 
12.3677 10.0000 257.8224 0.3759 0.2068 -0.4825 0.0000 0.0000 1.7572 0.0807 
12.2635 10.0000 255.1683 0.3823 0.2101 -0.4791 0.0000 0.0000 1.7560 0.0807 
12.1619 8.0000 255.4728 0.3940 0.2102 -0.4964 0.0000 0.0000 1.2765 0.0807 
