12.3407 10.0000 256.9998 0.3416 0.1788 -0.4984 0.0000 0.0000 2343.0140 0.0662 
12.3787 10.0000 257.6181 0.3399 0.1792 -0.4980 0.0000 0.0000 2368.9216 0.0645 
12.4048 10.0000 258.6674 0.3409 0.1788 -0.5017 0.0000 0.0000 2239.8033 0.0638 
12.4242 4.0000 260.1900 0.3395 0.1781 -0.4986 0.0000 0.0000 2201.6395 0.0643 
12.4032 10.0000 259.0249 0.3423 0.1783 -0.5057 0.0000 0.0000 2209.9490 0.0648 
12.4141 7.0000 259.6925 0.3413 0.1790 -0.5008 0.0000 0.0000 1996.7569 0.0615 
12.3816 10.0000 257.6395 0.3410 0.1806 -0.4965 0.0000 0.0000 2314.6960 0.0632 
12.4615 10.0000 261.6925 0.3404 0.1782 -0.5009 0.0000 0.0000 2154.8177 0.0625 
12.3708 10.0000 258.4666 0.3437 0.1794 -0.5015 0.0000 0.0000 2195.8841 0.0675 
12.3907 10.0000 258.5714 0.3400 0.1783 -0.4988 0.0000 0.0000 1949.9751 0.0649 
12.3860 10.0000 258.9234 0.3384 0.1765 -0.4985 0.0000 0.0000 2184.0169 0.0637 
12.2487 10.0000 253.3403 0.3436 0.1796 -0.5005 0.0000 0.0000 2509.7377 0.0626 
12.3644 10.0000 257.9075 0.3409 0.1791 -0.4960 0.0000 0.0000 2250.1781 0.0658 
12.3967 10.0000 257.6953 0.3373 0.1786 -0.4951 0.0000 0.0000 2052.3633 0.0625 
12.4582 7.0000 261.0649 0.3389 0.1771 -0.5029 0.0000 0.0000 2206.7955 0.0607 
12.3789 10.0000 258.6998 0.3422 0.1799 -0.4980 0.0000 0.0000 2265.9778 0.0626 
12.4279 10.0000 258.7413 0.3370 0.1775 -0.4993 0.0000 0.0000 2125.8414 0.0573 
12.4228 4.0000 259.0707 0.3368 0.1788 -0.4925 0.0000 0.0000 2252.5296 0.0626 
12.3944 10.0000 258.9548 0.3407 0.1785 -0.5005 0.0000 0.0000 2249.8471 0.0636 
12.3446 10.0000 256.6264 0.3417 0.1798 -0.4968 0.0000 0.0000 2417.1060 0.0636 
12.3356 10.0000 257.4311 0.3418 0.1796 -0.4944 0.0000 0.0000 2369.1740 0.0654 
12.4128 10.0000 258.8517 0.3392 0.1804 -0.4911 0.0000 0.0000 2290.1721 0.0639 
12.4572 10.0000 260.2203 0.3346 0.1769 -0.4950 0.0000 0.0000 2220.6299 0.0603 
12.3077 10.0000 254.9476 0.3384 0.1786 -0.4921 0.0000 0.0000 2266.7724 0.0655 
12.4370 5.0000 259.9357 0.3365 0.1771 -0.4946 0.0000 0.0000 2244.9718 0.0613 
12.4348 6.0000 259.4363 0.3389 0.1791 -0.4972 0.0000 0.0000 2343.9002 0.0620 
12.3605 10.0000 257.3660 0.3417 0.1779 -0.5035 0.0000 0.0000 2459.0010 0.0665 
12.4147 10.0000 259.9956 0.3415 0.1784 -0.4999 0.0000 0.0000 2384.4468 0.0632 
12.4295 8.0000 259.7794 0.3367 0.1767 -0.4973 0.0000 0.0000 2228.3962 0.0614 
12.3975 10.0000 258.6387 0.3381 0.1769 -0.5002 0.0000 0.0000 2254.6698 0.0628 
12.3350 9.0000 257.1479 0.3415 0.1794 -0.4953 0.0000 0.0000 2333.9416 0.0651 
12.4166 4.0000 258.4983 0.3346 0.1778 -0.4895 0.0000 0.0000 1972.5794 0.0614 
12.4274 9.0000 259.9091 0.3382 0.1791 -0.4922 0.0000 0.0000 2086.3674 0.0619 
12.4159 10.0000 259.1644 0.3377 0.1771 -0.4989 0.0000 0.0000 2210.4309 0.0604 
12.3602 10.0000 257.6136 0.3372 0.1773 -0.4924 0.0000 0.0000 2382.5363 0.0653 
12.3908 9.0000 258.6197 0.3340 0.1763 -0.4888 0.0000 0.0000 2280.5430 0.0603 
12.4203 10.0000 259.3004 0.3379 0.1771 -0.4982 0.0000 0.0000 2402.3945 0.0635 
12.4057 10.0000 258.8170 0.3385 0.1784 -0.4961 0.0000 0.0000 2230.1772 0.0607 
12.3729 10.0000 257.4426 0.3396 0.1798 -0.4944 0.0000 0.0000 1845.9852 0.0639 
12.4189 5.0000 259.1289 0.3351 0.1771 -0.4902 0.0000 0.0000 2309.0938 0.0613 
12.2995 6.0000 253.1279 0.3352 0.1785 -0.4870 0.0000 0.0000 2299.6426 0.0626 
12.3746 10.0000 258.2424 0.3400 0.1784 -0.4960 0.0000 0.0000 2472.6543 0.0637 
12.3168 10.0000 254.4101 0.3363 0.1772 -0.4945 0.0000 0.0000 2482.3452 0.0653 
12.4183 10.0000 258.7447 0.3347 0.1763 -0.4941 0.0000 0.0000 2462.6032 0.0595 
12.3855 10.0000 258.4273 0.3384 0.1765 -0.5001 0.0000 0.0000 1714.0226 0.0647 
12.4330 10.0000 259.8880 0.3402 0.1792 -0.4972 0.0000 0.0000 2287.2177 0.0643 
12.3591 10.0000 257.3321 0.3399 0.1785 -0.4978 0.0000 0.0000 2327.5895 0.0654 
12.3482 10.0000 257.8176 0.3405 0.1783 -0.4944 0.0000 0.0000 2347.2281 0.0662 
12.3698 10.0000 257.8668 0.3392 0.1783 -0.4946 0.0000 0.0000 2370.7941 0.0618 
12.4347 3.0000 259.8306 0.3370 0.1770 -0.4972 0.0000 0.0000 2280.3322 0.0626 
12.3372 10.0000 257.1092 0.3392 0.1777 -0.4935 0.0000 0.0000 2084.6869 0.0641 
12.3447 10.0000 257.3147 0.3407 0.1786 -0.4960 0.0000 0.0000 2390.5339 0.0653 
12.3877 10.0000 259.2090 0.3422 0.1798 -0.4958 0.0000 0.0000 2483.7687 0.0650 
12.3913 7.0000 257.6824 0.3322 0.1749 -0.4913 0.0000 0.0000 2164.2447 0.0585 
12.4182 10.0000 259.7091 0.3393 0.1781 -0.4969 0.0000 0.0000 2529.8912 0.0634 
12.4694 10.0000 260.4439 0.3375 0.1781 -0.4969 0.0000 0.0000 2111.3438 0.0601 
12.3943 10.0000 258.0076 0.3374 0.1775 -0.4971 0.0000 0.0000 2255.5420 0.0628 
12.3844 10.0000 258.2094 0.3377 0.1777 -0.4932 0.0000 0.0000 2339.2575 0.0642 
12.3808 10.0000 259.4149 0.3403 0.1783 -0.4945 0.0000 0.0000 2385.5543 0.0670 
12.4199 10.0000 259.0351 0.3377 0.1778 -0.4970 0.0000 0.0000 2296.5573 0.0621 
12.4261 10.0000 259.6640 0.3398 0.1786 -0.4993 0.0000 0.0000 2391.1978 0.0651 
12.3930 10.0000 259.3801 0.3385 0.1773 -0.4954 0.0000 0.0000 2353.0216 0.0651 
12.3601 10.0000 258.3733 0.3439 0.1800 -0.4996 0.0000 0.0000 2418.3140 0.0670 
12.2959 10.0000 255.6938 0.3417 0.1799 -0.4909 0.0000 0.0000 2648.3314 0.0690 
12.3522 10.0000 256.9854 0.3359 0.1765 -0.4933 0.0000 0.0000 2293.3959 0.0627 
12.3535 10.0000 257.4087 0.3399 0.1782 -0.4960 0.0000 0.0000 2280.1208 0.0663 
12.3512 10.0000 256.0682 0.3360 0.1772 -0.4924 0.0000 0.0000 2255.2245 0.0631 
12.4218 10.0000 259.6473 0.3392 0.1776 -0.4998 0.0000 0.0000 2276.9966 0.0618 
12.3837 6.0000 257.9795 0.3352 0.1774 -0.4888 0.0000 0.0000 2111.4424 0.0612 
12.3421 10.0000 256.2914 0.3404 0.1794 -0.4959 0.0000 0.0000 2428.9805 0.0655 
12.4442 10.0000 260.2969 0.3396 0.1793 -0.4972 0.0000 0.0000 2309.8397 0.0625 
12.3920 10.0000 258.2553 0.3387 0.1792 -0.4928 0.0000 0.0000 2454.6585 0.0653 
12.4153 10.0000 258.7296 0.3351 0.1764 -0.4947 0.0000 0.0000 2298.1353 0.0594 
12.3509 10.0000 256.9927 0.3435 0.1808 -0.4987 0.0000 0.0000 2372.8004 0.0640 
12.3406 10.0000 256.3437 0.3392 0.1780 -0.4966 0.0000 0.0000 1932.4394 0.0635 
12.4212 10.0000 259.9625 0.3383 0.1781 -0.4944 0.0000 0.0000 2394.5042 0.0602 
12.4042 10.0000 258.2149 0.3383 0.1780 -0.4985 0.0000 0.0000 2269.4231 0.0617 
12.3722 10.0000 256.3341 0.3392 0.1795 -0.4958 0.0000 0.0000 2293.3350 0.0650 
12.4401 10.0000 259.8972 0.3349 0.1762 -0.4935 0.0000 0.0000 2210.4640 0.0600 
12.3349 10.0000 256.7771 0.3334 0.1754 -0.4859 0.0000 0.0000 2450.5149 0.0636 
12.3756 8.0000 257.4103 0.3377 0.1777 -0.4947 0.0000 0.0000 2337.2296 0.0657 
12.4036 10.0000 258.9396 0.3362 0.1772 -0.4911 0.0000 0.0000 2358.4555 0.0646 
12.5055 10.0000 262.0200 0.3362 0.1769 -0.4990 0.0000 0.0000 2189.2746 0.0580 
12.4144 8.0000 259.9778 0.3394 0.1777 -0.4992 0.0000 0.0000 2189.3166 0.0657 
12.3774 10.0000 258.4281 0.3396 0.1784 -0.4944 0.0000 0.0000 2361.6857 0.0658 
12.4291 8.0000 259.9587 0.3386 0.1780 -0.4982 0.0000 0.0000 2393.0882 0.0621 
12.3055 5.0000 256.7248 0.3433 0.1788 -0.4978 0.0000 0.0000 2507.1993 0.0705 
12.4029 10.0000 258.3403 0.3389 0.1780 -0.5008 0.0000 0.0000 2278.5949 0.0634 
12.4440 10.0000 261.3808 0.3383 0.1775 -0.4956 0.0000 0.0000 2353.4863 0.0629 
12.3840 10.0000 257.7141 0.3378 0.1769 -0.4988 0.0000 0.0000 2264.6896 0.0619 
12.4068 9.0000 259.1212 0.3381 0.1777 -0.4980 0.0000 0.0000 2239.3212 0.0601 
12.3832 10.0000 257.8603 0.3375 0.1767 -0.4984 0.0000 0.0000 2147.3526 0.0599 
12.3826 10.0000 257.6316 0.3328 0.1758 -0.4884 0.0000 0.0000 2109.4802 0.0599 
12.4323 6.0000 258.7704 0.3367 0.1784 -0.4948 0.0000 0.0000 2163.0237 0.0622 
12.3862 10.0000 258.6713 0.3385 0.1778 -0.4947 0.0000 0.0000 2125.3321 0.0628 
12.4067 10.0000 259.8081 0.3413 0.1787 -0.5003 0.0000 0.0000 1942.9468 0.0646 
12.3639 10.0000 258.7601 0.3418 0.1786 -0.4968 0.0000 0.0000 1806.1795 0.0663 
12.3785 10.0000 258.4343 0.3409 0.1796 -0.4943 0.0000 0.0000 1612.6807 0.0634 
12.4421 10.0000 260.5715 0.3390 0.1781 -0.4981 0.0000 0.0000 1467.2759 0.0626 
12.3990 10.0000 259.2959 0.3395 0.1785 -0.4960 0.0000 0.0000 1198.8946 0.0634 
