12.3408 10.0000 259.8760 0.3435 0.1807 -0.4797 0.0000 0.0000 1.7623 0.0711 
12.5616 9.0000 260.1640 0.3624 0.1984 -0.5182 0.0000 0.0000 1.7019 0.0787 
12.3512 6.0000 256.4224 0.3688 0.2021 -0.4988 0.0000 0.0000 1.6379 0.0711 
11.9768 10.0000 247.0272 0.3582 0.1884 -0.4716 0.0000 0.0000 1.8047 0.0711 
12.4376 10.0000 260.9424 0.3456 0.1835 -0.4986 0.0000 0.0000 1.7233 0.0711 
12.6128 8.0000 263.3240 0.3570 0.1956 -0.5101 0.0000 0.0000 1.5890 0.0711 
12.2424 10.0000 253.8432 0.3519 0.1910 -0.4823 0.0000 0.0000 1.7678 0.0747 
12.5872 11.0000 262.5824 0.3628 0.1986 -0.5051 0.0000 0.0000 1.7637 0.0711 
12.3880 10.0000 254.9856 0.3658 0.2009 -0.5096 0.0000 0.0000 1.8020 0.0711 
12.6264 11.0000 263.3088 0.3580 0.1974 -0.5037 0.0000 0.0000 1.8041 0.0521 
12.0280 10.0000 244.6632 0.3587 0.1930 -0.4899 0.0000 0.0000 1.7592 0.0711 
12.1280 10.0000 244.4328 0.3511 0.1964 -0.4811 0.0000 0.0000 0.2819 0.0761 
12.4920 10.0000 263.9976 0.3493 0.1878 -0.4993 0.0000 0.0000 0.6800 0.0706 
12.6280 11.0000 264.6296 0.3637 0.1994 -0.5096 0.0000 0.0000 0.8093 0.0804 
12.1048 10.0000 250.5512 0.3586 0.1888 -0.4887 0.0000 0.0000 1.0469 0.0804 
12.0928 10.0000 253.0784 0.3694 0.1927 -0.4959 0.0000 0.0000 1.1037 0.0659 
11.9648 9.0000 243.6096 0.3575 0.1933 -0.4751 0.0000 0.0000 1.2026 0.0659 
12.0256 10.0000 247.8160 0.3665 0.1957 -0.4861 0.0000 0.0000 1.2914 0.0828 
11.9120 10.0000 247.9880 0.3609 0.1986 -0.4406 0.0000 0.0000 1.3084 0.0828 
12.1568 7.0000 250.1928 0.3466 0.1803 -0.4995 0.0000 0.0000 1.0871 0.0667 
11.9096 10.0000 244.1248 0.3592 0.1899 -0.4829 0.0000 0.0000 0.7913 0.0828 
12.4216 10.0000 260.2808 0.3573 0.2003 -0.4734 0.0000 0.0000 0.3079 0.0566 
12.1416 10.0000 254.6800 0.3661 0.1972 -0.4793 0.0000 0.0000 0.2208 0.0642 
12.2024 6.0000 247.9352 0.3588 0.2000 -0.4905 0.0000 0.0000 0.3086 0.0851 
12.7184 10.0000 273.4840 0.3648 0.1976 -0.4950 0.0000 0.0000 0.3077 0.0629 
11.9552 4.0000 244.5784 0.3661 0.1942 -0.4924 0.0000 0.0000 0.4383 0.0826 
12.2296 10.0000 256.2624 0.3738 0.1957 -0.5179 0.0000 0.0000 0.4838 0.0826 
12.2272 8.0000 255.9200 0.3655 0.1950 -0.4917 0.0000 0.0000 0.6621 0.0826 
12.1256 10.0000 246.4760 0.3306 0.1824 -0.4549 0.0000 0.0000 0.7445 0.0735 
12.1320 10.0000 250.6600 0.3632 0.1942 -0.4840 0.0000 0.0000 0.7519 0.0802 
12.3416 9.0000 256.6688 0.3663 0.1930 -0.5161 0.0000 0.0000 0.7028 0.0735 
12.5400 10.0000 267.6320 0.3588 0.1891 -0.4987 0.0000 0.0000 0.6156 0.0642 
11.9624 10.0000 237.8640 0.3509 0.1959 -0.4757 0.0000 0.0000 0.3054 0.0642 
11.9808 10.0000 245.4888 0.3625 0.1999 -0.4555 0.0000 0.0000 0.2215 0.0802 
12.3008 6.0000 254.3848 0.3516 0.1889 -0.4931 0.0000 0.0000 0.3081 0.0724 
12.1648 5.0000 250.0128 0.3702 0.1978 -0.5129 0.0000 0.0000 0.2214 0.0787 
12.8608 11.0000 278.0568 0.3465 0.1945 -0.4654 0.0000 0.0000 0.3976 0.0677 
11.9512 8.0000 238.9824 0.3758 0.2027 -0.5105 0.0000 0.0000 0.4787 0.0677 
12.3128 5.0000 255.9488 0.3648 0.1975 -0.4997 0.0000 0.0000 0.3939 0.0677 
12.3248 10.0000 257.9392 0.3590 0.1936 -0.4894 0.0000 0.0000 0.3055 0.0784 
12.4328 9.0000 264.0792 0.3551 0.1955 -0.4632 0.0000 0.0000 0.2409 0.0784 
12.2376 9.0000 252.0944 0.3601 0.1918 -0.5021 0.0000 0.0000 1.0841 0.0716 
12.0128 10.0000 243.7424 0.3584 0.2001 -0.4642 0.0000 0.0000 0.9224 0.0716 
12.5640 10.0000 264.8104 0.3625 0.2027 -0.4829 0.0000 0.0000 0.7298 0.0716 
12.1640 10.0000 252.6992 0.3781 0.1960 -0.5230 0.0000 0.0000 0.6755 0.0716 
12.0736 9.0000 247.6056 0.3716 0.1970 -0.5092 0.0000 0.0000 0.2205 0.0784 
12.1432 10.0000 253.9672 0.3613 0.1927 -0.4809 0.0000 0.0000 0.3084 0.0657 
12.3320 10.0000 255.3384 0.3631 0.2032 -0.4751 0.0000 0.0000 0.4423 0.0627 
11.7144 6.0000 233.8376 0.3557 0.1940 -0.4584 0.0000 0.0000 0.5276 0.0627 
12.0600 10.0000 244.0480 0.3691 0.1971 -0.4978 0.0000 0.0000 0.4399 0.0756 
12.3088 10.0000 250.9664 0.3523 0.2008 -0.4635 0.0000 0.0000 0.4810 0.0877 
11.6736 10.0000 233.2840 0.3560 0.1929 -0.4552 0.0000 0.0000 0.3970 0.0756 
11.8512 10.0000 239.7424 0.3657 0.1971 -0.4795 0.0000 0.0000 0.4416 0.0794 
12.3512 10.0000 257.7432 0.3731 0.2003 -0.5069 0.0000 0.0000 0.5735 0.0652 
12.0160 10.0000 248.9672 0.3758 0.1977 -0.4965 0.0000 0.0000 0.6666 0.0652 
12.1000 8.0000 246.7472 0.3565 0.1942 -0.4847 0.0000 0.0000 0.6130 0.0652 
12.2656 10.0000 253.9608 0.3728 0.1981 -0.5235 0.0000 0.0000 0.4758 0.0652 
12.0632 10.0000 246.7304 0.3583 0.1930 -0.4764 0.0000 0.0000 0.3480 0.0946 
12.2128 10.0000 253.7056 0.3535 0.1935 -0.4718 0.0000 0.0000 0.3939 0.0680 
12.4536 10.0000 259.1168 0.3616 0.1980 -0.5023 0.0000 0.0000 0.3072 0.0787 
12.1592 10.0000 249.3312 0.3732 0.1998 -0.5054 0.0000 0.0000 0.3513 0.0828 
12.0224 10.0000 247.9568 0.3645 0.1943 -0.4867 0.0000 0.0000 0.3516 0.0828 
11.9848 6.0000 248.8912 0.3709 0.1977 -0.4790 0.0000 0.0000 0.3080 0.0767 
12.5224 10.0000 261.8432 0.3587 0.1959 -0.5030 0.0000 0.0000 0.3492 0.0532 
12.9208 11.0000 276.2376 0.3688 0.1989 -0.5411 0.0000 0.0000 0.4846 0.0847 
12.5008 8.0000 264.4280 0.3660 0.1963 -0.5051 0.0000 0.0000 0.6133 0.0847 
12.2392 10.0000 254.9928 0.3671 0.2024 -0.4730 0.0000 0.0000 0.6140 0.0847 
12.1440 10.0000 252.1280 0.3622 0.1909 -0.4939 0.0000 0.0000 0.4388 0.0847 
12.0480 10.0000 247.2360 0.3724 0.1980 -0.5053 0.0000 0.0000 0.2615 0.0840 
12.5120 10.0000 262.9336 0.3500 0.1923 -0.4797 0.0000 0.0000 0.3105 0.0856 
12.0688 8.0000 253.9048 0.3659 0.1902 -0.4883 0.0000 0.0000 0.3077 0.0814 
12.3624 10.0000 257.2320 0.3691 0.1951 -0.5175 0.0000 0.0000 0.3971 0.1002 
12.2064 8.0000 254.8256 0.3720 0.2002 -0.4957 0.0000 0.0000 0.3551 0.1002 
12.3912 10.0000 259.8776 0.3679 0.2022 -0.4855 0.0000 0.0000 0.3093 0.1002 
12.2192 10.0000 251.2280 0.3417 0.1829 -0.4900 0.0000 0.0000 0.2200 0.0750 
12.6944 9.0000 273.8232 0.3698 0.1995 -0.5033 0.0000 0.0000 0.3513 0.0731 
12.1208 8.0000 254.8808 0.3552 0.1904 -0.4656 0.0000 0.0000 0.3968 0.0729 
12.3720 10.0000 257.8608 0.3659 0.1969 -0.5030 0.0000 0.0000 0.5718 0.0808 
12.2712 3.0000 249.1104 0.3437 0.1933 -0.4771 0.0000 0.0000 0.5716 0.0808 
12.3752 10.0000 263.2320 0.3591 0.1906 -0.4832 0.0000 0.0000 0.5289 0.0808 
12.1240 10.0000 249.0176 0.3776 0.1998 -0.5292 0.0000 0.0000 0.2208 0.0883 
12.1056 7.0000 247.4784 0.3462 0.1888 -0.4651 0.0000 0.0000 0.3100 0.0808 
12.1320 10.0000 252.1792 0.3683 0.2006 -0.4692 0.0000 0.0000 0.3095 0.0757 
12.3656 10.0000 259.0304 0.3739 0.1960 -0.5230 0.0000 0.0000 1.0099 0.0574 
12.6936 10.0000 276.7408 0.3623 0.1979 -0.4905 0.0000 0.0000 1.0099 0.0952 
12.1976 10.0000 249.8960 0.3492 0.1955 -0.4616 0.0000 0.0000 0.6433 0.0574 
12.1752 10.0000 255.8352 0.3576 0.1890 -0.4828 0.0000 0.0000 0.3077 0.0789 
12.2104 10.0000 258.0984 0.3683 0.1909 -0.5001 0.0000 0.0000 0.3081 0.0726 
12.5336 9.0000 264.2184 0.3626 0.2026 -0.4680 0.0000 0.0000 0.5725 0.0754 
11.9632 10.0000 241.4448 0.3699 0.1993 -0.5023 0.0000 0.0000 0.7902 0.0952 
12.2456 10.0000 255.7688 0.3873 0.2101 -0.5010 0.0000 0.0000 0.8365 0.0754 
12.1368 10.0000 252.8424 0.3541 0.1891 -0.4694 0.0000 0.0000 0.7409 0.0754 
12.1448 10.0000 250.7648 0.3671 0.1998 -0.4904 0.0000 0.0000 0.4371 0.0754 
12.5800 10.0000 263.8912 0.3566 0.1938 -0.5064 0.0000 0.0000 0.3084 0.0754 
12.4352 10.0000 265.5896 0.3724 0.1997 -0.4996 0.0000 0.0000 0.3520 0.0754 
12.3736 11.0000 259.4816 0.3822 0.2040 -0.5213 0.0000 0.0000 0.3529 0.0754 
12.3056 6.0000 255.0360 0.3733 0.2002 -0.5092 0.0000 0.0000 0.4435 0.0754 
12.4336 10.0000 263.2016 0.3648 0.1940 -0.5031 0.0000 0.0000 0.3527 0.0754 
11.8792 10.0000 240.3528 0.3572 0.1923 -0.4764 0.0000 0.0000 0.3394 0.0754 
12.1400 10.0000 250.5312 0.3491 0.1820 -0.4906 0.0000 0.0000 0.3100 0.0754 
