12.5448 10.0000 262.2844 0.3250 0.1695 -0.5074 0.0000 0.0000 5.5357 0.0593 
12.3868 10.0000 255.5076 0.3220 0.1699 -0.4953 0.0000 0.0000 5.7554 0.0678 
12.3272 10.0000 258.4172 0.3412 0.1742 -0.5073 0.0000 0.0000 5.8419 0.0673 
12.3456 10.0000 253.8568 0.3204 0.1682 -0.4917 0.0000 0.0000 5.7979 0.0593 
12.3844 6.0000 257.6088 0.3383 0.1728 -0.5200 0.0000 0.0000 5.8001 0.0593 
12.2112 10.0000 252.7596 0.3438 0.1767 -0.5101 0.0000 0.0000 5.6809 0.0635 
12.1860 5.0000 249.5816 0.3368 0.1752 -0.5005 0.0000 0.0000 5.5377 0.0593 
12.4820 10.0000 262.2964 0.3311 0.1702 -0.5062 0.0000 0.0000 5.3610 0.0593 
12.2388 10.0000 251.8832 0.3399 0.1744 -0.5144 0.0000 0.0000 5.5478 0.0593 
12.1712 10.0000 248.5648 0.3399 0.1774 -0.5102 0.0000 0.0000 5.7618 0.0833 
12.1680 10.0000 252.9504 0.3354 0.1729 -0.4969 0.0000 0.0000 5.2290 0.0593 
12.3144 9.0000 256.2036 0.3303 0.1788 -0.4722 0.0000 0.0000 1.0089 0.0739 
12.4072 10.0000 259.2564 0.3350 0.1778 -0.4915 0.0000 0.0000 0.6284 0.0657 
12.3384 10.0000 263.1192 0.3346 0.1677 -0.5017 0.0000 0.0000 0.9225 0.0717 
12.2948 10.0000 251.4880 0.3312 0.1742 -0.5091 0.0000 0.0000 0.8792 0.0759 
12.4560 10.0000 259.1980 0.3228 0.1719 -0.4824 0.0000 0.0000 4.6164 0.0673 
12.1116 10.0000 247.7152 0.3378 0.1800 -0.4792 0.0000 0.0000 4.3577 0.0661 
12.3104 10.0000 255.5836 0.3203 0.1699 -0.4729 0.0000 0.0000 4.4455 0.0661 
12.5632 9.0000 263.8852 0.3308 0.1730 -0.5056 0.0000 0.0000 3.8729 0.0731 
12.1188 7.0000 248.9040 0.3392 0.1774 -0.4895 0.0000 0.0000 4.0481 0.0717 
12.3500 10.0000 251.9108 0.3260 0.1707 -0.5081 0.0000 0.0000 4.0912 0.0682 
12.2544 10.0000 256.5568 0.3283 0.1720 -0.4773 0.0000 0.0000 3.2553 0.0682 
12.0908 10.0000 250.9372 0.3380 0.1727 -0.4954 0.0000 0.0000 0.7022 0.0686 
11.9040 9.0000 239.7824 0.3415 0.1745 -0.5039 0.0000 0.0000 0.9250 0.0784 
12.1472 10.0000 247.9676 0.3334 0.1780 -0.4794 0.0000 0.0000 0.9223 0.0784 
12.4972 4.0000 261.5988 0.3212 0.1667 -0.4915 0.0000 0.0000 1.3200 0.0661 
12.2916 10.0000 257.5768 0.3344 0.1736 -0.4875 0.0000 0.0000 1.0525 0.0691 
12.3856 7.0000 257.6324 0.3340 0.1759 -0.4937 0.0000 0.0000 0.8817 0.0692 
12.3808 10.0000 260.0832 0.3379 0.1709 -0.5174 0.0000 0.0000 1.0873 0.0651 
12.2556 10.0000 254.4680 0.3277 0.1736 -0.4781 0.0000 0.0000 2.0232 0.0746 
12.2752 8.0000 258.3644 0.3317 0.1687 -0.4952 0.0000 0.0000 2.0218 0.0651 
12.4540 10.0000 262.0336 0.3377 0.1771 -0.5006 0.0000 0.0000 1.1824 0.0829 
12.2996 8.0000 255.8564 0.3449 0.1784 -0.5129 0.0000 0.0000 0.9225 0.0668 
12.3896 10.0000 259.8052 0.3236 0.1730 -0.4693 0.0000 0.0000 0.9239 0.0829 
12.6180 9.0000 268.0484 0.3344 0.1747 -0.5070 0.0000 0.0000 0.7026 0.0651 
12.3436 7.0000 259.2584 0.3430 0.1745 -0.5202 0.0000 0.0000 0.9492 0.0740 
12.5896 9.0000 267.6048 0.3370 0.1713 -0.5195 0.0000 0.0000 1.2251 0.0668 
12.5140 10.0000 262.6292 0.3351 0.1775 -0.5009 0.0000 0.0000 1.1827 0.0634 
12.2476 10.0000 247.1504 0.3252 0.1740 -0.4921 0.0000 0.0000 0.9244 0.0569 
12.0804 10.0000 244.1660 0.3340 0.1807 -0.4746 0.0000 0.0000 0.7460 0.0724 
12.3480 10.0000 259.0832 0.3314 0.1715 -0.4975 0.0000 0.0000 1.0768 0.0788 
12.2760 9.0000 254.6124 0.3357 0.1730 -0.5020 0.0000 0.0000 1.3344 0.0565 
12.1340 10.0000 248.8172 0.3351 0.1739 -0.4961 0.0000 0.0000 0.9662 0.0576 
12.0908 10.0000 248.8828 0.3428 0.1755 -0.5025 0.0000 0.0000 0.9688 0.0565 
12.5832 7.0000 268.2800 0.3474 0.1809 -0.5207 0.0000 0.0000 0.9681 0.0653 
12.3992 10.0000 260.3124 0.3320 0.1750 -0.4855 0.0000 0.0000 1.0046 0.0591 
12.4392 5.0000 260.4668 0.3471 0.1804 -0.5154 0.0000 0.0000 0.7052 0.0565 
12.6500 10.0000 268.8792 0.3375 0.1761 -0.5107 0.0000 0.0000 0.9652 0.0591 
12.2260 10.0000 255.2724 0.3369 0.1734 -0.4964 0.0000 0.0000 0.8816 0.0776 
12.4812 10.0000 260.8056 0.3320 0.1742 -0.5005 0.0000 0.0000 0.9249 0.0614 
12.1696 10.0000 251.0296 0.3328 0.1749 -0.4870 0.0000 0.0000 0.9693 0.0703 
12.3288 9.0000 255.3004 0.3347 0.1758 -0.5031 0.0000 0.0000 0.9217 0.0717 
12.3892 10.0000 260.3264 0.3285 0.1728 -0.4868 0.0000 0.0000 0.9224 0.0598 
12.4036 10.0000 258.5952 0.3296 0.1737 -0.4886 0.0000 0.0000 1.4963 0.0618 
12.3980 10.0000 262.8428 0.3416 0.1734 -0.5008 0.0000 0.0000 2.0218 0.0511 
12.2056 10.0000 254.1500 0.3390 0.1747 -0.5026 0.0000 0.0000 1.7602 0.0752 
12.5552 7.0000 266.1288 0.3390 0.1771 -0.5065 0.0000 0.0000 0.9234 0.0548 
12.4916 10.0000 266.3104 0.3409 0.1752 -0.5090 0.0000 0.0000 1.1435 0.0561 
12.2136 10.0000 249.9536 0.3352 0.1738 -0.5064 0.0000 0.0000 0.7901 0.0554 
12.3100 8.0000 253.3912 0.3337 0.1763 -0.5012 0.0000 0.0000 0.7456 0.0725 
12.3544 10.0000 254.8384 0.3223 0.1709 -0.4932 0.0000 0.0000 0.9059 0.0539 
12.3396 10.0000 259.3596 0.3431 0.1768 -0.5075 0.0000 0.0000 0.6621 0.0686 
12.2740 10.0000 254.9024 0.3248 0.1711 -0.4839 0.0000 0.0000 0.9241 0.0696 
12.3712 10.0000 260.1536 0.3301 0.1747 -0.4847 0.0000 0.0000 0.7038 0.0553 
12.4208 10.0000 259.7360 0.3263 0.1708 -0.4958 0.0000 0.0000 0.9644 0.0662 
12.6424 10.0000 267.0312 0.3321 0.1739 -0.5053 0.0000 0.0000 0.9188 0.0583 
12.3404 10.0000 255.8228 0.3412 0.1791 -0.5068 0.0000 0.0000 0.7437 0.0717 
12.5500 10.0000 268.3428 0.3257 0.1643 -0.5108 0.0000 0.0000 0.8800 0.0755 
12.6436 10.0000 266.8064 0.3225 0.1712 -0.4926 0.0000 0.0000 0.9243 0.0628 
12.2844 10.0000 256.3940 0.3333 0.1748 -0.4904 0.0000 0.0000 0.9584 0.0714 
12.3296 10.0000 261.0252 0.3419 0.1743 -0.5074 0.0000 0.0000 0.9679 0.0720 
12.2664 10.0000 255.6156 0.3301 0.1707 -0.4967 0.0000 0.0000 0.7046 0.0720 
12.4404 10.0000 258.7680 0.3192 0.1666 -0.4986 0.0000 0.0000 0.9235 0.0628 
12.3580 10.0000 255.6756 0.3330 0.1781 -0.4917 0.0000 0.0000 0.9263 0.0783 
12.4100 10.0000 257.9424 0.3290 0.1747 -0.4964 0.0000 0.0000 0.9176 0.0718 
12.3100 10.0000 255.9752 0.3345 0.1725 -0.5029 0.0000 0.0000 0.9236 0.0758 
12.1672 5.0000 248.0492 0.3271 0.1735 -0.4795 0.0000 0.0000 0.7046 0.0694 
12.3624 10.0000 261.4904 0.3303 0.1675 -0.4957 0.0000 0.0000 1.0098 0.0707 
12.0480 10.0000 246.6592 0.3303 0.1692 -0.4940 0.0000 0.0000 0.9655 0.0606 
12.3132 10.0000 254.8824 0.3338 0.1763 -0.4961 0.0000 0.0000 1.9738 0.0776 
12.2656 5.0000 252.5976 0.3352 0.1769 -0.4943 0.0000 0.0000 1.9331 0.0607 
12.2768 10.0000 255.8648 0.3328 0.1745 -0.4855 0.0000 0.0000 0.9682 0.0563 
12.2332 10.0000 254.2316 0.3394 0.1775 -0.4974 0.0000 0.0000 1.0087 0.0876 
12.3572 10.0000 258.1184 0.3368 0.1777 -0.4965 0.0000 0.0000 1.4092 0.0735 
12.2040 9.0000 253.3740 0.3386 0.1753 -0.5036 0.0000 0.0000 0.7440 0.0635 
12.0248 10.0000 245.8876 0.3300 0.1763 -0.4592 0.0000 0.0000 0.9531 0.0650 
12.2612 10.0000 254.9520 0.3376 0.1762 -0.5000 0.0000 0.0000 0.9685 0.0888 
12.3724 10.0000 260.5852 0.3382 0.1714 -0.5118 0.0000 0.0000 0.9678 0.0681 
11.9980 10.0000 243.1156 0.3366 0.1763 -0.4915 0.0000 0.0000 1.0107 0.0530 
12.1472 3.0000 252.4636 0.3363 0.1787 -0.4757 0.0000 0.0000 0.6630 0.0650 
12.2232 9.0000 255.9916 0.3345 0.1741 -0.4831 0.0000 0.0000 0.9943 0.0530 
12.2836 10.0000 252.6272 0.3308 0.1728 -0.5045 0.0000 0.0000 0.7043 0.0681 
12.3160 10.0000 252.1532 0.3268 0.1728 -0.4900 0.0000 0.0000 0.9228 0.0530 
12.1924 10.0000 252.6608 0.3390 0.1740 -0.5077 0.0000 0.0000 0.9650 0.0530 
12.5240 9.0000 265.4372 0.3362 0.1736 -0.5038 0.0000 0.0000 1.0081 0.0530 
12.2200 10.0000 253.3040 0.3245 0.1715 -0.4799 0.0000 0.0000 0.9680 0.0530 
12.2716 10.0000 254.3096 0.3343 0.1815 -0.4758 0.0000 0.0000 2.1558 0.0530 
11.7300 10.0000 234.4696 0.3294 0.1749 -0.4587 0.0000 0.0000 2.1140 0.0530 
12.5604 10.0000 265.5308 0.3360 0.1765 -0.5062 0.0000 0.0000 1.0077 0.0530 
12.5736 10.0000 265.1920 0.3252 0.1707 -0.4973 0.0000 0.0000 0.8560 0.0530 
