12.3261 10.0000 256.6305 0.3635 0.1946 -0.4966 0.0000 0.0000 2242.5748 0.0684 
12.4007 10.0000 259.1660 0.3613 0.1929 -0.4983 0.0000 0.0000 2237.4293 0.0684 
12.3739 8.0000 258.5072 0.3634 0.1938 -0.5007 0.0000 0.0000 2285.9677 0.0659 
12.3842 10.0000 258.8418 0.3657 0.1947 -0.5048 0.0000 0.0000 2037.6641 0.0652 
12.3663 10.0000 258.3210 0.3661 0.1962 -0.4985 0.0000 0.0000 2312.0947 0.0659 
12.3653 10.0000 257.8481 0.3635 0.1953 -0.4970 0.0000 0.0000 2214.7328 0.0664 
12.3720 10.0000 258.6259 0.3672 0.1960 -0.5031 0.0000 0.0000 1859.9429 0.0682 
12.4003 10.0000 259.5293 0.3641 0.1945 -0.5018 0.0000 0.0000 2190.9928 0.0658 
12.3514 10.0000 258.4775 0.3664 0.1956 -0.4993 0.0000 0.0000 2306.5950 0.0659 
12.3483 10.0000 257.0909 0.3619 0.1948 -0.4931 0.0000 0.0000 2250.2257 0.0669 
12.3710 10.0000 258.3830 0.3653 0.1958 -0.4990 0.0000 0.0000 2346.1792 0.0663 
12.4663 10.0000 259.7003 0.3544 0.1927 -0.4903 0.0000 0.0000 2001.9043 0.0547 
12.3875 10.0000 259.2649 0.3630 0.1938 -0.4995 0.0000 0.0000 2179.5647 0.0626 
12.4084 10.0000 258.1298 0.3547 0.1918 -0.4903 0.0000 0.0000 2259.7084 0.0606 
12.4353 10.0000 258.8939 0.3527 0.1907 -0.4900 0.0000 0.0000 1798.4880 0.0565 
12.3841 10.0000 259.0012 0.3643 0.1940 -0.5026 0.0000 0.0000 2173.7731 0.0666 
12.4317 10.0000 257.8761 0.3545 0.1919 -0.4937 0.0000 0.0000 2153.0262 0.0581 
12.3988 10.0000 258.8788 0.3616 0.1941 -0.4968 0.0000 0.0000 1906.0090 0.0633 
12.4693 10.0000 261.8136 0.3600 0.1941 -0.4930 0.0000 0.0000 2331.8109 0.0605 
12.3975 10.0000 258.8368 0.3589 0.1928 -0.4942 0.0000 0.0000 2198.2850 0.0616 
12.4919 10.0000 261.7342 0.3585 0.1934 -0.4964 0.0000 0.0000 2235.8003 0.0604 
12.3786 10.0000 259.6141 0.3655 0.1947 -0.5007 0.0000 0.0000 2474.1577 0.0672 
12.3674 9.0000 258.4072 0.3600 0.1925 -0.4949 0.0000 0.0000 2125.6129 0.0661 
12.3846 9.0000 258.4324 0.3621 0.1936 -0.4995 0.0000 0.0000 2179.5584 0.0649 
12.3939 10.0000 258.2058 0.3599 0.1937 -0.4957 0.0000 0.0000 2329.7774 0.0641 
12.3443 10.0000 256.8375 0.3617 0.1938 -0.4974 0.0000 0.0000 2285.8369 0.0626 
12.3583 10.0000 256.4134 0.3561 0.1932 -0.4868 0.0000 0.0000 2219.8262 0.0624 
12.3768 10.0000 257.5470 0.3577 0.1932 -0.4884 0.0000 0.0000 1996.6629 0.0623 
12.4225 10.0000 260.7087 0.3619 0.1928 -0.4989 0.0000 0.0000 2306.2392 0.0657 
12.3211 10.0000 256.4791 0.3605 0.1930 -0.4939 0.0000 0.0000 2244.6137 0.0647 
12.3675 10.0000 257.3440 0.3598 0.1941 -0.4912 0.0000 0.0000 2303.8208 0.0645 
12.4059 10.0000 259.6212 0.3639 0.1957 -0.4961 0.0000 0.0000 2355.0563 0.0652 
12.4131 10.0000 259.0110 0.3637 0.1950 -0.5014 0.0000 0.0000 2395.1084 0.0644 
12.4059 10.0000 258.1698 0.3608 0.1946 -0.4991 0.0000 0.0000 2327.7216 0.0619 
12.3471 9.0000 255.8199 0.3559 0.1916 -0.4907 0.0000 0.0000 2090.2855 0.0606 
12.4183 10.0000 259.1487 0.3590 0.1927 -0.4974 0.0000 0.0000 1832.8337 0.0594 
12.4135 9.0000 259.0894 0.3606 0.1936 -0.4986 0.0000 0.0000 2238.3983 0.0615 
12.3644 10.0000 257.4700 0.3589 0.1918 -0.4972 0.0000 0.0000 2135.6045 0.0627 
12.3745 10.0000 257.9153 0.3590 0.1933 -0.4908 0.0000 0.0000 2214.2999 0.0618 
12.3586 6.0000 258.1508 0.3649 0.1948 -0.5009 0.0000 0.0000 2379.8891 0.0654 
12.3565 10.0000 256.8865 0.3625 0.1949 -0.4964 0.0000 0.0000 2342.4200 0.0656 
12.3372 10.0000 256.3581 0.3599 0.1932 -0.4932 0.0000 0.0000 2148.1000 0.0625 
12.4114 10.0000 257.9751 0.3567 0.1925 -0.4924 0.0000 0.0000 2235.3280 0.0597 
12.4015 10.0000 259.1253 0.3632 0.1961 -0.4944 0.0000 0.0000 2371.0370 0.0661 
12.3386 10.0000 257.2559 0.3614 0.1940 -0.4923 0.0000 0.0000 2308.6233 0.0643 
12.3782 9.0000 258.5063 0.3585 0.1920 -0.4950 0.0000 0.0000 2286.5566 0.0622 
12.4065 10.0000 257.8584 0.3557 0.1921 -0.4924 0.0000 0.0000 2113.6076 0.0603 
12.3817 10.0000 257.8712 0.3597 0.1932 -0.4977 0.0000 0.0000 1973.6742 0.0630 
12.4064 10.0000 259.0220 0.3613 0.1940 -0.4984 0.0000 0.0000 2050.9882 0.0637 
12.3727 8.0000 257.3987 0.3628 0.1950 -0.4988 0.0000 0.0000 2303.6718 0.0635 
12.4249 10.0000 258.6776 0.3543 0.1910 -0.4907 0.0000 0.0000 2264.0160 0.0594 
12.4016 10.0000 259.5763 0.3643 0.1960 -0.4958 0.0000 0.0000 2429.1162 0.0668 
12.3826 8.0000 257.6778 0.3587 0.1928 -0.4954 0.0000 0.0000 2221.9919 0.0617 
12.4639 10.0000 261.1026 0.3592 0.1943 -0.4925 0.0000 0.0000 2169.4469 0.0623 
12.3757 10.0000 257.4307 0.3613 0.1950 -0.4940 0.0000 0.0000 2201.9762 0.0619 
12.3893 8.0000 258.0421 0.3593 0.1934 -0.4948 0.0000 0.0000 2261.8310 0.0629 
12.3517 10.0000 257.3588 0.3613 0.1934 -0.4966 0.0000 0.0000 2306.8626 0.0661 
12.3898 10.0000 257.5596 0.3591 0.1935 -0.4952 0.0000 0.0000 2198.6590 0.0607 
12.3231 10.0000 256.7927 0.3626 0.1937 -0.4966 0.0000 0.0000 2227.6603 0.0671 
12.4143 10.0000 259.1561 0.3636 0.1964 -0.4969 0.0000 0.0000 2268.3717 0.0626 
12.3592 10.0000 257.8570 0.3615 0.1951 -0.4903 0.0000 0.0000 2408.3855 0.0672 
12.4355 10.0000 259.9201 0.3601 0.1934 -0.4981 0.0000 0.0000 2249.3421 0.0618 
12.3965 6.0000 258.6023 0.3575 0.1934 -0.4889 0.0000 0.0000 2271.0766 0.0622 
12.4433 10.0000 260.6224 0.3594 0.1928 -0.4973 0.0000 0.0000 2212.5263 0.0616 
12.3086 10.0000 254.3936 0.3572 0.1919 -0.4932 0.0000 0.0000 2132.9044 0.0619 
12.4184 4.0000 259.8594 0.3614 0.1933 -0.4985 0.0000 0.0000 2271.9097 0.0637 
12.3360 10.0000 255.0048 0.3582 0.1925 -0.4941 0.0000 0.0000 2236.8589 0.0638 
12.3850 10.0000 258.1442 0.3595 0.1926 -0.4969 0.0000 0.0000 2336.8301 0.0605 
12.3828 10.0000 258.7873 0.3629 0.1931 -0.5039 0.0000 0.0000 1805.2029 0.0645 
12.3553 10.0000 257.2015 0.3607 0.1932 -0.4951 0.0000 0.0000 2438.7880 0.0663 
12.4175 10.0000 257.9022 0.3537 0.1916 -0.4898 0.0000 0.0000 1980.1881 0.0566 
12.4262 3.0000 259.4078 0.3574 0.1927 -0.4927 0.0000 0.0000 2290.5804 0.0621 
12.4060 4.0000 259.3963 0.3636 0.1941 -0.5019 0.0000 0.0000 2302.1059 0.0649 
12.3090 10.0000 256.0325 0.3617 0.1923 -0.4976 0.0000 0.0000 2477.5763 0.0649 
12.3699 8.0000 257.0424 0.3626 0.1947 -0.4993 0.0000 0.0000 2419.1129 0.0634 
12.3255 8.0000 255.6087 0.3609 0.1934 -0.4979 0.0000 0.0000 2298.3005 0.0629 
12.3519 5.0000 257.0361 0.3599 0.1933 -0.4931 0.0000 0.0000 2384.6687 0.0637 
12.2826 10.0000 253.8957 0.3593 0.1931 -0.4899 0.0000 0.0000 1791.7480 0.0637 
12.3915 10.0000 258.4615 0.3598 0.1935 -0.4942 0.0000 0.0000 2314.1654 0.0632 
12.3647 10.0000 258.1074 0.3619 0.1945 -0.4939 0.0000 0.0000 2350.9706 0.0640 
12.4202 10.0000 260.6082 0.3621 0.1935 -0.4974 0.0000 0.0000 2402.0645 0.0650 
12.3950 10.0000 258.0990 0.3609 0.1959 -0.4916 0.0000 0.0000 2348.7456 0.0616 
12.3834 10.0000 257.5384 0.3565 0.1928 -0.4911 0.0000 0.0000 2026.6527 0.0588 
12.3604 10.0000 258.1613 0.3618 0.1926 -0.4986 0.0000 0.0000 2453.9444 0.0657 
12.3948 10.0000 258.3890 0.3610 0.1936 -0.4989 0.0000 0.0000 2283.5842 0.0633 
12.3618 10.0000 257.3012 0.3624 0.1944 -0.5001 0.0000 0.0000 2223.7067 0.0630 
12.4478 10.0000 259.8503 0.3572 0.1924 -0.4962 0.0000 0.0000 2243.3100 0.0588 
12.4405 8.0000 260.8733 0.3603 0.1929 -0.5004 0.0000 0.0000 1989.5241 0.0600 
12.3601 10.0000 258.3962 0.3618 0.1931 -0.4952 0.0000 0.0000 2045.5152 0.0643 
12.3826 10.0000 258.4207 0.3620 0.1948 -0.4961 0.0000 0.0000 2297.3393 0.0661 
12.4032 10.0000 258.5196 0.3564 0.1907 -0.4980 0.0000 0.0000 2189.5827 0.0605 
12.4628 10.0000 262.3722 0.3626 0.1922 -0.5044 0.0000 0.0000 2234.8283 0.0632 
12.3810 10.0000 259.0394 0.3624 0.1940 -0.4953 0.0000 0.0000 2143.5734 0.0645 
12.3325 10.0000 255.9508 0.3571 0.1912 -0.4932 0.0000 0.0000 2036.6301 0.0642 
12.3994 8.0000 258.9587 0.3616 0.1945 -0.4959 0.0000 0.0000 1765.6469 0.0648 
12.3556 10.0000 256.9110 0.3589 0.1931 -0.4926 0.0000 0.0000 1729.4916 0.0617 
12.3890 7.0000 259.2542 0.3639 0.1951 -0.4978 0.0000 0.0000 1709.3677 0.0655 
12.3226 7.0000 256.2005 0.3619 0.1939 -0.4954 0.0000 0.0000 1692.2471 0.0664 
12.3551 10.0000 256.0874 0.3567 0.1918 -0.4923 0.0000 0.0000 1564.3034 0.0617 
12.4214 10.0000 258.9048 0.3553 0.1918 -0.4907 0.0000 0.0000 1500.4876 0.0617 
