12.5060 10.0000 266.9280 0.3889 0.2079 -0.5351 3.2908 6.0000 0.8034 0.0974 
11.8920 10.0000 240.6560 0.3784 0.2115 -0.4834 3.3066 7.0000 0.7078 0.1078 
12.0000 10.0000 247.8200 0.3777 0.2041 -0.5040 3.3062 7.0000 0.6152 0.0760 
12.5200 10.0000 267.7220 0.3928 0.2192 -0.5129 3.3094 6.0000 0.1931 0.0966 
13.0040 10.0000 291.7200 0.3688 0.2095 -0.4755 3.2286 6.0000 0.1292 0.0620 
12.3140 10.0000 256.2740 0.3783 0.2099 -0.5037 3.3045 6.0000 0.6214 0.0781 
12.0160 10.0000 241.3900 0.3730 0.2116 -0.4885 3.3160 6.0000 0.5350 0.0802 
12.2740 10.0000 259.8860 0.3901 0.2168 -0.4908 3.3295 6.0000 0.4143 0.0792 
12.7160 11.0000 269.3620 0.3688 0.2103 -0.4931 3.2656 6.0000 0.3440 0.1125 
11.4600 9.0000 226.8340 0.3820 0.2027 -0.4849 3.3733 8.0000 0.3045 0.0983 
12.4920 8.0000 267.2180 0.3726 0.2076 -0.4916 3.2884 7.0000 0.3576 0.0676 
13.0500 7.0000 285.7840 0.3645 0.2122 -0.4784 3.2449 6.0000 0.3429 0.0797 
11.6400 7.0000 239.6880 0.3746 0.2009 -0.4638 3.3226 7.0000 0.4347 0.0782 
12.6720 8.0000 269.6120 0.3685 0.2057 -0.5023 3.2369 7.0000 0.2603 0.0664 
12.4440 10.0000 252.5820 0.3547 0.2020 -0.5130 3.2592 6.0000 0.2099 0.0802 
12.0120 9.0000 243.5740 0.3610 0.2032 -0.4772 3.2934 7.0000 0.8006 0.0838 
12.0140 10.0000 243.9580 0.3651 0.2040 -0.4757 3.3234 6.0000 0.6563 0.0375 
11.3640 9.0000 221.4300 0.3768 0.2126 -0.4557 3.3932 7.0000 0.6143 0.0709 
12.2040 10.0000 257.5020 0.3857 0.2125 -0.4883 3.3215 6.0000 0.1332 0.0686 
11.9500 10.0000 246.7660 0.3713 0.2112 -0.4496 3.3026 6.0000 0.1321 0.0805 
12.6640 10.0000 275.7120 0.3844 0.2113 -0.5258 3.2542 6.0000 0.5289 0.1015 
12.2920 10.0000 257.2440 0.3492 0.2013 -0.4329 3.2748 6.0000 0.4455 0.0873 
12.2240 10.0000 252.1840 0.3896 0.2066 -0.5477 3.2745 6.0000 0.6551 0.0385 
12.3260 10.0000 252.6460 0.3688 0.2130 -0.4691 3.3180 7.0000 0.4349 0.0591 
12.5660 6.0000 275.9700 0.3880 0.2131 -0.4902 3.2832 7.0000 0.4391 0.0998 
12.0360 10.0000 250.7820 0.3622 0.2044 -0.4636 3.3242 7.0000 0.1313 0.0997 
12.3080 10.0000 251.5340 0.3699 0.2075 -0.5062 3.2814 6.0000 0.1271 0.0506 
12.1980 9.0000 250.5040 0.3955 0.2189 -0.5083 3.3328 7.0000 0.5278 0.0557 
12.3400 10.0000 257.2400 0.3596 0.2115 -0.4521 3.3190 7.0000 0.2749 0.1021 
11.9320 10.0000 245.4280 0.3695 0.2015 -0.4860 3.3124 6.0000 0.2203 0.0636 
11.6740 10.0000 233.7980 0.3757 0.2054 -0.4787 3.3145 6.0000 0.1727 0.0511 
12.2540 10.0000 256.3300 0.3651 0.2070 -0.4924 3.2945 6.0000 0.3541 0.0894 
12.3100 6.0000 267.4880 0.3903 0.2075 -0.4801 3.2617 6.0000 0.5628 0.1134 
12.5140 8.0000 265.2460 0.3742 0.2117 -0.4759 3.2796 6.0000 0.6133 0.0777 
12.4380 7.0000 268.3500 0.3861 0.2147 -0.4807 3.3111 7.0000 0.5272 0.0858 
12.2520 10.0000 244.3660 0.3837 0.2198 -0.5148 3.3750 6.0000 0.4412 0.0687 
11.9000 10.0000 242.2940 0.3936 0.2147 -0.5023 3.3892 7.0000 0.5758 0.1107 
11.7240 8.0000 235.2860 0.3947 0.2156 -0.4998 3.3830 7.0000 0.5261 0.1319 
12.3980 9.0000 258.4820 0.3782 0.2096 -0.5061 3.2683 6.0000 0.3086 0.0747 
12.0760 9.0000 249.7680 0.3916 0.2221 -0.4940 3.3423 6.0000 0.1315 0.0873 
11.2620 9.0000 224.1540 0.3746 0.2180 -0.3956 3.4057 7.0000 0.2626 0.0907 
11.8260 5.0000 244.8940 0.3861 0.2097 -0.4825 3.3425 7.0000 0.4370 0.0572 
11.5940 10.0000 233.2000 0.3761 0.2141 -0.4405 3.3697 7.0000 0.6597 0.0984 
12.6240 8.0000 266.3060 0.3869 0.2188 -0.5202 3.2768 6.0000 0.1412 0.1052 
12.3000 6.0000 258.3880 0.3785 0.2133 -0.4870 3.3150 7.0000 0.2240 0.0838 
12.8420 10.0000 279.4460 0.3783 0.2108 -0.5254 3.2598 6.0000 0.0344 0.0403 
12.0420 10.0000 246.8380 0.3701 0.2044 -0.4845 3.3167 6.0000 0.8875 0.0974 
12.7720 8.0000 275.8780 0.3899 0.2115 -0.5423 3.2754 6.0000 0.7425 0.1078 
11.8820 10.0000 245.4940 0.4017 0.2123 -0.5079 3.3558 7.0000 0.7018 0.0760 
11.3560 10.0000 226.0340 0.4087 0.2076 -0.5296 3.3494 6.0000 0.8491 0.0782 
12.0140 11.0000 239.5980 0.3642 0.1985 -0.5046 3.2955 6.0000 0.6524 0.0872 
12.2420 10.0000 260.1140 0.3901 0.2067 -0.5017 3.2707 6.0000 0.6177 0.0802 
11.5920 10.0000 236.1980 0.3742 0.2138 -0.4181 3.4155 9.0000 0.3896 0.0858 
11.2840 8.0000 219.5340 0.4007 0.2146 -0.5015 3.4304 7.0000 0.4664 0.0768 
13.3880 11.0000 289.3820 0.3844 0.2259 -0.5391 3.2355 6.0000 0.3128 0.0983 
12.1360 7.0000 252.7780 0.3582 0.1944 -0.4735 3.2393 6.0000 0.3890 0.0741 
12.5060 8.0000 267.0280 0.3738 0.2087 -0.4987 3.2876 7.0000 0.3536 0.0611 
12.1180 10.0000 251.9980 0.3821 0.2137 -0.4881 3.3260 7.0000 0.4723 0.0638 
11.9020 10.0000 240.7320 0.3899 0.2198 -0.4822 3.3380 6.0000 0.3949 0.0765 
11.4900 6.0000 231.4360 0.3900 0.2215 -0.4358 3.4221 8.0000 0.3050 0.0802 
12.3880 10.0000 256.8340 0.3682 0.2077 -0.4862 3.2933 7.0000 0.5308 0.0838 
11.7920 10.0000 233.1580 0.3573 0.2069 -0.4589 3.3081 7.0000 0.7492 0.0375 
12.3260 10.0000 259.1180 0.3980 0.2066 -0.5671 3.2834 6.0000 0.7002 0.0700 
11.7160 10.0000 236.7400 0.3720 0.2132 -0.4300 3.3592 6.0000 0.5242 0.1127 
12.4600 7.0000 271.2880 0.3648 0.2030 -0.4568 3.2463 7.0000 0.0932 0.0946 
11.8380 9.0000 239.7620 0.3773 0.2021 -0.5129 3.3106 7.0000 0.3026 0.1149 
12.8680 10.0000 273.1680 0.3704 0.2065 -0.5304 3.2101 6.0000 0.3078 0.0894 
12.2960 6.0000 259.2000 0.3880 0.2080 -0.5340 3.2949 6.0000 0.2638 0.0873 
12.0680 10.0000 246.2000 0.3650 0.2075 -0.4502 3.2908 6.0000 0.3980 0.1014 
11.5960 10.0000 235.9840 0.3849 0.2085 -0.4624 3.3260 6.0000 0.0900 0.0679 
12.1180 9.0000 262.0560 0.4030 0.2053 -0.5115 3.2819 6.0000 0.2655 0.0591 
12.6440 10.0000 270.3220 0.3905 0.2160 -0.5330 3.3122 6.0000 0.3516 0.0999 
12.3000 6.0000 253.9540 0.3880 0.2145 -0.5228 3.3010 7.0000 0.1765 0.1284 
12.4660 10.0000 264.6220 0.3832 0.2124 -0.5011 3.2764 6.0000 0.4381 0.0868 
11.8880 9.0000 247.6440 0.4089 0.2188 -0.5091 3.3491 6.0000 0.1772 0.0617 
11.7320 10.0000 233.1420 0.3928 0.2208 -0.4944 3.3968 7.0000 0.2638 0.0671 
12.0400 10.0000 246.9580 0.3733 0.2218 -0.4356 3.3469 6.0000 0.3017 0.0842 
12.5000 11.0000 269.0840 0.3792 0.2056 -0.4983 3.2472 6.0000 0.2258 0.0999 
12.7200 10.0000 272.9540 0.3697 0.2130 -0.4839 3.2612 6.0000 0.3000 0.0967 
12.2600 10.0000 266.2020 0.4142 0.2155 -0.5350 3.3207 6.0000 0.5715 0.0894 
12.0080 10.0000 245.6460 0.3827 0.2181 -0.4633 3.3343 6.0000 0.6477 0.1134 
12.9100 10.0000 275.7960 0.3644 0.2121 -0.4853 3.2432 6.0000 0.5660 0.0777 
11.6940 10.0000 236.2780 0.3716 0.2084 -0.4519 3.3715 7.0000 0.4346 0.0728 
12.1700 9.0000 260.9100 0.3860 0.2081 -0.4975 3.2953 6.0000 0.2221 0.0598 
12.2280 10.0000 264.7860 0.3736 0.2076 -0.4449 3.2564 6.0000 0.1356 0.0687 
12.3300 7.0000 253.4540 0.3663 0.2090 -0.4938 3.2919 6.0000 0.3102 0.0997 
11.9540 10.0000 244.2940 0.3819 0.2103 -0.4893 3.3311 7.0000 0.3067 0.0449 
12.6620 10.0000 279.8360 0.3782 0.2134 -0.4649 3.3132 7.0000 0.3088 0.0782 
11.9740 10.0000 242.0340 0.3577 0.2047 -0.4760 3.3271 6.0000 0.3106 0.0919 
12.6440 10.0000 272.9140 0.3813 0.2160 -0.4974 3.2798 6.0000 0.5224 0.0789 
12.1640 10.0000 254.8700 0.3759 0.2074 -0.4791 3.2888 6.0000 0.6087 0.0572 
11.9680 10.0000 233.3660 0.3576 0.2192 -0.4358 3.3576 7.0000 0.6598 0.0984 
12.0160 10.0000 245.5280 0.3770 0.2124 -0.4735 3.2965 7.0000 0.8906 0.0974 
12.1840 10.0000 251.0920 0.3583 0.2005 -0.4730 3.2778 6.0000 0.7058 0.1078 
11.8680 6.0000 234.9440 0.3597 0.2129 -0.4456 3.3490 6.0000 0.6587 0.0760 
12.1600 6.0000 254.3340 0.3856 0.2185 -0.4954 3.3379 6.0000 0.7401 0.0620 
12.0280 10.0000 245.8540 0.3745 0.2138 -0.4723 3.3263 6.0000 0.6941 0.0872 
11.8840 10.0000 242.1380 0.3719 0.2048 -0.4796 3.3229 6.0000 0.5752 0.0802 
12.1780 10.0000 252.8500 0.3753 0.2090 -0.4714 3.2820 6.0000 0.9109 0.0433 
11.6920 9.0000 235.4200 0.3748 0.2025 -0.4900 3.3308 8.0000 0.5171 0.0811 
11.3020 5.0000 228.9180 0.4040 0.2153 -0.4662 3.3676 6.0000 0.5211 0.0812 
12.3380 10.0000 256.6020 0.3705 0.2141 -0.4712 3.2925 6.0000 0.3027 0.0596 
12.5200 9.0000 267.7100 0.3892 0.2163 -0.4978 3.3145 7.0000 0.2695 0.0611 
11.5660 10.0000 220.3380 0.3650 0.2158 -0.4527 3.3847 7.0000 0.3047 0.0935 
12.2840 9.0000 256.6940 0.3729 0.2141 -0.4582 3.3390 8.0000 0.2679 0.0731 
11.9980 10.0000 252.0520 0.3912 0.2126 -0.4921 3.3558 6.0000 0.3516 0.0765 
12.0420 10.0000 243.2180 0.3900 0.2191 -0.5051 3.3457 6.0000 0.2204 0.0802 
11.7260 10.0000 232.4800 0.3680 0.2071 -0.4760 3.3306 6.0000 0.6157 0.0867 
12.2200 10.0000 257.4180 0.3647 0.2026 -0.4686 3.2644 6.0000 0.0898 0.0838 
12.0160 10.0000 240.9760 0.3686 0.2119 -0.4938 3.3228 6.0000 0.3600 0.0375 
12.2720 5.0000 259.8240 0.3587 0.2030 -0.4618 3.2620 6.0000 0.4355 0.0873 
12.4020 9.0000 256.7440 0.3755 0.2121 -0.5100 3.2812 6.0000 0.0901 0.0700 
12.4400 10.0000 262.6860 0.3886 0.2130 -0.5188 3.2766 6.0000 0.3918 0.0805 
12.1800 10.0000 251.3120 0.3622 0.2035 -0.4744 3.2928 6.0000 0.5727 0.1015 
12.2960 10.0000 260.6100 0.3893 0.2101 -0.5123 3.3353 6.0000 0.5314 0.0873 
12.6500 9.0000 267.8900 0.3822 0.2136 -0.4976 3.3116 6.0000 0.4830 0.1137 
12.3680 7.0000 261.3700 0.3733 0.2046 -0.4885 3.2530 6.0000 0.2189 0.0513 
11.6780 10.0000 242.4920 0.3930 0.2038 -0.4932 3.3070 6.0000 0.1322 0.0532 
12.7280 11.0000 275.1880 0.3723 0.2059 -0.5033 3.2386 6.0000 0.1729 0.1284 
12.4580 9.0000 267.4740 0.3841 0.2017 -0.5294 3.2428 7.0000 0.4847 0.1194 
12.5100 11.0000 257.9500 0.3789 0.2137 -0.5211 3.2696 7.0000 0.6179 0.0557 
12.1400 10.0000 249.9280 0.3525 0.2032 -0.4432 3.2784 6.0000 0.5038 0.0747 
12.8320 7.0000 281.3720 0.3668 0.2056 -0.4981 3.2327 6.0000 0.1328 0.0967 
11.9260 10.0000 240.7480 0.3585 0.2056 -0.4546 3.3251 7.0000 0.8348 0.0986 
11.8660 10.0000 245.6200 0.3955 0.2189 -0.4753 3.3501 7.0000 0.3489 0.0813 
11.9680 9.0000 248.1080 0.3953 0.2196 -0.4885 3.3676 6.0000 0.1333 0.1073 
12.5320 9.0000 259.9280 0.3813 0.2183 -0.4904 3.2994 7.0000 0.2629 0.0746 
12.6940 11.0000 269.2860 0.3759 0.2139 -0.4967 3.2632 6.0000 0.3974 0.0858 
11.8800 10.0000 240.8940 0.3905 0.2150 -0.4900 3.3760 7.0000 0.5279 0.0687 
12.0900 10.0000 246.2540 0.3639 0.2048 -0.4917 3.2991 6.0000 0.5259 0.1107 
12.0340 10.0000 245.1420 0.3708 0.2178 -0.4542 3.3414 7.0000 0.5289 0.1319 
12.2600 3.0000 249.9780 0.3744 0.2066 -0.5204 3.3206 7.0000 0.5281 0.0896 
12.3000 10.0000 251.2760 0.3773 0.2170 -0.4871 3.3069 6.0000 0.5711 0.1227 
12.0700 4.0000 250.5020 0.3987 0.2237 -0.4812 3.3471 7.0000 0.4393 0.0839 
11.9640 10.0000 245.4540 0.3767 0.2099 -0.4707 3.2995 7.0000 0.1757 0.0785 
12.2560 8.0000 262.1620 0.3833 0.2059 -0.4904 3.2606 6.0000 0.3075 0.0723 
12.2860 9.0000 256.4100 0.3762 0.2120 -0.4857 3.3024 7.0000 0.2213 0.1052 
12.4940 5.0000 265.4020 0.3637 0.2020 -0.4875 3.2502 6.0000 0.1312 0.0823 
12.7860 10.0000 274.4860 0.3492 0.1967 -0.4682 3.2219 6.0000 0.7313 0.0974 
11.9300 7.0000 248.0260 0.3960 0.2042 -0.5222 3.2890 6.0000 0.6159 0.0680 
11.8140 10.0000 242.0180 0.3865 0.2124 -0.4773 3.3312 7.0000 0.1730 0.0898 
12.1880 7.0000 253.0620 0.3919 0.2104 -0.5336 3.2887 6.0000 0.1320 0.1035 
11.9800 9.0000 238.3160 0.3669 0.2065 -0.5049 3.3137 6.0000 0.5113 0.0782 
11.9060 3.0000 241.2320 0.3630 0.1978 -0.4789 3.2955 6.0000 0.5279 0.0688 
12.0120 10.0000 251.3880 0.3916 0.2157 -0.4881 3.3428 7.0000 0.3543 0.0434 
12.0300 10.0000 242.2660 0.3634 0.2091 -0.4598 3.3166 7.0000 0.1321 0.0961 
13.1500 11.0000 288.9460 0.3694 0.2181 -0.4900 3.2700 6.0000 0.3553 0.0433 
11.5440 10.0000 228.3040 0.3667 0.1975 -0.4828 3.3327 6.0000 0.4807 0.0811 
11.8340 10.0000 239.8340 0.3878 0.2135 -0.4959 3.3682 6.0000 0.4400 0.0812 
12.5460 10.0000 262.9960 0.3658 0.2092 -0.5037 3.2662 6.0000 0.3907 0.0691 
11.9800 10.0000 240.9660 0.3681 0.2206 -0.4368 3.3632 7.0000 0.2145 0.0612 
12.3820 4.0000 262.1580 0.3936 0.2144 -0.5102 3.2770 6.0000 0.3490 0.0850 
12.1680 10.0000 250.1380 0.3574 0.2058 -0.4580 3.2824 6.0000 0.3927 0.0765 
11.7620 10.0000 243.3620 0.3760 0.2088 -0.4434 3.3267 6.0000 0.3020 0.0802 
12.2100 10.0000 252.0120 0.3708 0.2110 -0.4684 3.3033 7.0000 0.3931 0.0838 
11.7060 4.0000 240.8020 0.3701 0.2074 -0.4468 3.3936 7.0000 0.6595 0.0375 
12.1680 4.0000 257.9580 0.3713 0.2020 -0.4647 3.3079 7.0000 0.6549 0.1009 
12.0900 11.0000 246.8420 0.3840 0.2240 -0.4613 3.3599 7.0000 0.6033 0.0607 
12.1320 10.0000 253.8540 0.3747 0.2262 -0.4153 3.3504 7.0000 0.4827 0.0876 
12.2620 10.0000 266.1960 0.4057 0.2138 -0.5135 3.2998 7.0000 0.2199 0.0894 
12.2400 10.0000 248.0020 0.3637 0.2060 -0.4984 3.2759 6.0000 0.3054 0.0980 
12.0440 7.0000 245.0100 0.3746 0.2122 -0.4792 3.3217 8.0000 0.2257 0.0852 
11.8920 9.0000 241.9160 0.3645 0.2053 -0.4515 3.3241 7.0000 0.4396 0.1230 
12.4980 3.0000 266.3000 0.4036 0.2168 -0.5458 3.2839 6.0000 0.5250 0.0621 
12.4920 10.0000 263.9600 0.3653 0.2078 -0.4843 3.2757 6.0000 0.5301 0.0868 
12.7400 11.0000 270.3220 0.3701 0.2119 -0.4885 3.2494 6.0000 0.5703 0.0881 
12.5160 11.0000 258.8600 0.3642 0.2097 -0.4816 3.2833 6.0000 0.2635 0.0915 
12.0780 10.0000 256.2060 0.3967 0.2163 -0.4912 3.3398 7.0000 0.2069 0.0999 
12.9360 6.0000 284.8760 0.3694 0.2072 -0.4850 3.2395 6.0000 0.3866 0.0967 
12.2020 10.0000 252.7720 0.3591 0.2014 -0.4628 3.2725 6.0000 0.4409 0.0894 
12.1100 6.0000 249.2300 0.3637 0.2026 -0.4773 3.2735 6.0000 0.4736 0.1134 
12.3000 10.0000 259.0100 0.3714 0.2099 -0.4776 3.2914 6.0000 0.5276 0.0777 
12.0920 10.0000 246.3380 0.3786 0.2164 -0.4721 3.3257 6.0000 0.2578 0.0728 
11.9420 10.0000 244.8340 0.3697 0.2067 -0.4646 3.2793 6.0000 0.2635 0.1017 
11.8660 10.0000 239.8020 0.3792 0.2090 -0.4919 3.3106 6.0000 0.2612 0.0449 
11.6980 10.0000 228.2860 0.3584 0.2071 -0.4460 3.3306 6.0000 0.3563 0.0681 
11.8140 10.0000 247.6560 0.3836 0.2022 -0.4861 3.3126 7.0000 0.3948 0.1319 
11.9120 9.0000 241.4280 0.3541 0.2031 -0.4254 3.2990 7.0000 0.4867 0.0611 
12.3760 7.0000 266.4100 0.3920 0.2085 -0.5205 3.2829 6.0000 0.5757 0.0929 
12.5120 10.0000 271.4460 0.3766 0.2141 -0.4634 3.2938 7.0000 0.6172 0.0603 
12.3700 9.0000 257.4440 0.3633 0.2043 -0.4842 3.2763 6.0000 0.2171 0.0915 
11.9300 8.0000 240.8180 0.3847 0.2136 -0.4929 3.3583 6.0000 0.1721 0.0909 
11.8360 10.0000 241.2700 0.3652 0.2133 -0.4223 3.3437 6.0000 0.0937 0.0784 
11.8540 10.0000 253.6700 0.3915 0.2009 -0.4981 3.2867 6.0000 0.1133 0.0838 
11.8680 10.0000 240.7280 0.3790 0.2235 -0.4375 3.3580 6.0000 0.8885 0.0974 
12.2460 8.0000 263.9980 0.3857 0.2042 -0.5177 3.2833 6.0000 0.7435 0.1078 
12.4120 10.0000 270.7280 0.4003 0.2197 -0.4845 3.2820 6.0000 0.7151 0.0760 
11.6900 10.0000 233.9620 0.3521 0.2004 -0.4343 3.2978 6.0000 0.6660 0.0782 
12.9680 11.0000 283.6000 0.3797 0.2199 -0.4915 3.2583 6.0000 0.4400 0.0546 
12.8080 10.0000 282.1320 0.3754 0.2064 -0.5076 3.2310 7.0000 0.1312 0.0697 
11.9540 10.0000 244.7000 0.3822 0.2101 -0.4861 3.3413 6.0000 0.2177 0.0802 
12.3640 10.0000 258.2740 0.3610 0.2063 -0.4880 3.3036 7.0000 0.5479 0.0433 
11.6040 10.0000 229.0880 0.4032 0.2283 -0.4790 3.4353 6.0000 0.4757 0.0952 
11.8900 10.0000 252.9960 0.4139 0.2118 -0.5195 3.3236 7.0000 0.4326 0.1282 
12.2120 10.0000 257.9840 0.3859 0.2048 -0.5047 3.2477 6.0000 0.2225 0.0627 
12.0780 7.0000 249.7760 0.3823 0.2036 -0.5105 3.3054 6.0000 0.2591 0.0530 
12.3060 10.0000 258.5880 0.3826 0.2118 -0.5031 3.2776 7.0000 0.3434 0.0638 
11.9560 10.0000 246.7100 0.3800 0.2040 -0.4883 3.2870 6.0000 0.3061 0.0991 
12.1320 10.0000 251.4080 0.3758 0.2038 -0.5039 3.2825 7.0000 0.1347 0.0802 
12.7580 7.0000 272.1060 0.3647 0.2082 -0.4859 3.2757 6.0000 0.7005 0.0838 
12.1640 10.0000 257.6560 0.3907 0.2172 -0.4828 3.3358 7.0000 0.7891 0.0375 
11.8540 10.0000 233.4640 0.3469 0.2045 -0.4331 3.3161 7.0000 0.6117 0.0709 
11.8620 10.0000 235.8100 0.3583 0.2069 -0.4550 3.3242 6.0000 0.3076 0.1008 
11.8020 4.0000 235.6420 0.3716 0.2121 -0.4652 3.3443 7.0000 0.1315 0.0726 
11.9640 10.0000 251.7600 0.3766 0.2138 -0.4446 3.3085 6.0000 0.3532 0.0490 
11.6540 4.0000 236.6840 0.3734 0.2028 -0.4697 3.3595 7.0000 0.4846 0.0873 
11.7620 10.0000 233.5920 0.3736 0.2030 -0.4889 3.2977 6.0000 0.6204 0.1137 
12.1400 8.0000 250.9320 0.3558 0.2013 -0.4730 3.2738 6.0000 0.4311 0.0591 
11.7180 10.0000 235.4520 0.3951 0.2225 -0.4769 3.3706 6.0000 0.1362 0.0999 
12.3640 10.0000 262.1660 0.3885 0.2175 -0.5065 3.3462 6.0000 0.1774 0.0519 
12.0200 10.0000 247.0020 0.3848 0.2102 -0.4950 3.3197 6.0000 0.2685 0.0506 
12.2840 10.0000 257.4280 0.3789 0.2219 -0.4589 3.3310 6.0000 0.5287 0.0671 
11.9180 10.0000 242.1940 0.3792 0.2169 -0.4516 3.3516 7.0000 0.7778 0.0467 
11.9780 10.0000 248.6380 0.3904 0.2207 -0.4436 3.3175 6.0000 0.1706 0.0967 
11.9080 10.0000 245.9560 0.3852 0.2110 -0.4902 3.3411 6.0000 0.7313 0.0553 
12.5820 4.0000 269.1100 0.3966 0.2156 -0.5461 3.2994 6.0000 0.5675 0.1134 
12.1960 10.0000 257.0500 0.3851 0.2099 -0.4867 3.3074 6.0000 0.4777 0.0810 
12.6020 10.0000 269.4320 0.3980 0.2171 -0.5396 3.2997 6.0000 0.2125 0.0728 
12.1260 10.0000 247.1280 0.3689 0.2083 -0.5015 3.2915 7.0000 0.3967 0.1017 
11.9500 10.0000 243.0320 0.3658 0.2017 -0.4953 3.2941 6.0000 0.3531 0.1272 
12.0080 9.0000 247.9940 0.3681 0.2036 -0.4733 3.2757 6.0000 0.4340 0.0681 
12.0560 10.0000 239.8880 0.3727 0.2016 -0.5459 3.2938 6.0000 0.3940 0.1319 
12.2800 7.0000 256.3460 0.3762 0.2108 -0.4894 3.3211 6.0000 0.5679 0.0611 
12.3200 10.0000 261.2540 0.3774 0.2083 -0.4868 3.3087 7.0000 0.5271 0.0929 
12.2760 6.0000 260.9140 0.4095 0.2205 -0.5132 3.3248 7.0000 0.6988 0.0603 
12.1940 10.0000 255.0160 0.3618 0.2093 -0.4503 3.3045 7.0000 0.4817 0.0893 
11.8300 10.0000 237.1280 0.3739 0.2038 -0.5011 3.3160 6.0000 0.1306 0.0855 
11.3900 9.0000 230.4840 0.3952 0.2189 -0.4496 3.3896 6.0000 0.1593 0.0784 
12.0700 3.0000 244.6380 0.3498 0.2024 -0.4507 3.2663 6.0000 0.1178 0.0823 
12.2160 10.0000 255.2700 0.3770 0.2116 -0.4852 3.2981 7.0000 0.0343 0.0403 
11.3580 6.0000 218.9180 0.3807 0.2164 -0.4466 3.4335 7.0000 0.8454 0.0974 
12.0700 10.0000 254.4760 0.3980 0.2187 -0.4869 3.3638 6.0000 0.7875 0.1078 
12.5180 10.0000 258.4500 0.3360 0.2001 -0.4561 3.2380 6.0000 0.6668 0.0760 
12.5180 10.0000 264.5020 0.3832 0.2138 -0.5011 3.2786 6.0000 0.7397 0.0782 
12.1960 10.0000 255.7940 0.3876 0.2136 -0.5074 3.3292 7.0000 0.5668 0.0688 
12.3460 10.0000 259.5660 0.3976 0.2228 -0.5173 3.3467 6.0000 0.1766 0.0958 
12.3100 9.0000 253.7520 0.3561 0.2018 -0.4859 3.2660 6.0000 0.2215 0.0480 
12.3580 11.0000 261.7460 0.3676 0.2025 -0.4858 3.2457 6.0000 0.4848 0.0433 
12.1960 10.0000 255.8220 0.3809 0.2133 -0.4870 3.3206 7.0000 0.4365 0.0952 
12.5960 10.0000 260.2420 0.3562 0.2002 -0.5158 3.2403 6.0000 0.3516 0.1282 
12.3260 10.0000 265.3680 0.3800 0.1965 -0.5267 3.2627 6.0000 0.1714 0.0661 
12.6100 11.0000 274.9540 0.3812 0.2129 -0.4857 3.2978 6.0000 0.3448 0.0611 
12.8000 10.0000 277.3060 0.3854 0.2133 -0.5286 3.2377 6.0000 0.3076 0.0638 
12.3020 10.0000 265.0220 0.3922 0.2222 -0.4829 3.4024 7.0000 0.1736 0.0664 
11.9020 10.0000 247.8900 0.3909 0.2171 -0.4657 3.3744 9.0000 0.1383 0.0802 
12.5240 11.0000 261.4140 0.3680 0.2124 -0.4796 3.2912 7.0000 0.8200 0.0838 
11.7580 10.0000 238.5480 0.3986 0.2183 -0.4928 3.3699 6.0000 0.7919 0.0375 
11.8800 10.0000 247.3100 0.3717 0.2072 -0.4398 3.3291 8.0000 0.6570 0.1009 
12.0840 10.0000 250.6400 0.3845 0.2156 -0.4641 3.3116 6.0000 0.6068 0.0607 
12.9260 10.0000 276.6140 0.3680 0.2120 -0.4934 3.2718 6.0000 0.4403 0.0876 
12.0960 10.0000 255.4080 0.4119 0.2159 -0.5525 3.3404 6.0000 0.1759 0.0894 
12.0420 10.0000 245.8080 0.3814 0.2199 -0.4587 3.3233 6.0000 0.2617 0.0873 
12.6800 11.0000 271.6840 0.3883 0.2231 -0.4888 3.3077 6.0000 0.4371 0.0852 
12.5420 10.0000 272.3320 0.3806 0.2069 -0.4999 3.2499 6.0000 0.4015 0.1230 
12.0980 10.0000 260.4120 0.3835 0.2096 -0.4825 3.3221 6.0000 0.4841 0.0621 
11.4460 5.0000 227.7560 0.3552 0.2015 -0.4199 3.3599 7.0000 0.5712 0.0868 
11.8200 10.0000 244.8120 0.3839 0.2023 -0.5052 3.2874 6.0000 0.5724 0.0881 
12.5000 10.0000 264.8500 0.3854 0.2174 -0.4973 3.2853 6.0000 0.1313 0.0702 
11.6760 10.0000 237.2680 0.3788 0.2030 -0.4852 3.3196 6.0000 0.2880 0.1187 
11.3620 10.0000 220.5400 0.3624 0.2075 -0.4292 3.3514 6.0000 0.1757 0.0967 
11.7220 10.0000 231.0060 0.3703 0.2106 -0.4686 3.3553 7.0000 0.6128 0.0553 
12.5740 11.0000 267.7440 0.3954 0.2250 -0.5027 3.3230 7.0000 0.5699 0.1134 
11.6520 8.0000 236.5900 0.3787 0.2043 -0.4820 3.3104 6.0000 0.3544 0.0720 
12.1840 10.0000 252.6120 0.4015 0.2146 -0.5405 3.3400 6.0000 0.1332 0.0961 
12.3700 10.0000 257.3120 0.3878 0.2074 -0.5497 3.2887 7.0000 0.1351 0.0858 
12.5040 10.0000 260.4760 0.3700 0.2119 -0.4870 3.2895 6.0000 0.3978 0.0687 
11.8860 10.0000 240.5160 0.3788 0.2119 -0.4600 3.3104 6.0000 0.5667 0.1107 
12.0160 10.0000 247.5080 0.3825 0.2139 -0.4740 3.3108 6.0000 0.5261 0.1319 
12.0760 4.0000 243.4460 0.3794 0.2253 -0.4470 3.3713 7.0000 0.4860 0.0896 
11.8960 10.0000 243.8320 0.3842 0.2097 -0.4826 3.3315 6.0000 0.4829 0.1227 
12.0760 5.0000 247.8080 0.3872 0.2144 -0.5069 3.3452 7.0000 0.2659 0.0873 
12.1900 10.0000 250.1520 0.3654 0.2167 -0.4397 3.3265 7.0000 0.1261 0.0693 
12.2560 10.0000 261.7340 0.3705 0.2039 -0.4682 3.2826 6.0000 0.4879 0.0723 
12.5620 11.0000 265.8620 0.3822 0.2116 -0.5281 3.2945 6.0000 0.2507 0.0784 
12.1580 7.0000 247.8040 0.3842 0.2168 -0.4901 3.3215 6.0000 0.1238 0.0403 
11.9560 10.0000 250.0600 0.3703 0.1971 -0.4895 3.2820 6.0000 0.8908 0.0974 
12.5980 10.0000 262.4740 0.3814 0.2142 -0.5247 3.3021 7.0000 0.7078 0.1078 
11.9960 10.0000 251.1880 0.3775 0.1987 -0.4990 3.2700 7.0000 0.6992 0.0760 
12.0760 6.0000 242.3100 0.3794 0.2181 -0.4999 3.3440 6.0000 0.6658 0.0782 
11.6880 10.0000 230.2700 0.3608 0.2049 -0.4686 3.3456 7.0000 0.3106 0.0904 
12.2940 10.0000 247.0580 0.3745 0.2113 -0.5371 3.2905 6.0000 0.1271 0.0859 
11.8040 3.0000 231.4340 0.3715 0.2092 -0.4965 3.3266 7.0000 0.3969 0.0802 
12.2180 11.0000 242.4280 0.3778 0.2231 -0.4920 3.3572 6.0000 0.7444 0.0433 
12.2860 10.0000 251.3400 0.3770 0.2116 -0.5151 3.2997 6.0000 0.5186 0.0811 
11.8540 3.0000 245.4480 0.3864 0.2088 -0.4829 3.3326 7.0000 0.5224 0.0794 
12.1400 9.0000 247.0060 0.3730 0.2145 -0.4888 3.3118 6.0000 0.3496 0.0654 
11.9600 10.0000 242.2580 0.3753 0.2079 -0.4937 3.3476 7.0000 0.1823 0.0830 
11.7420 10.0000 237.9420 0.3694 0.2176 -0.4188 3.3819 7.0000 0.3964 0.0970 
12.4160 11.0000 254.3160 0.3804 0.2136 -0.5361 3.2814 6.0000 0.4335 0.0771 
12.4180 10.0000 269.6580 0.3723 0.2049 -0.4634 3.2534 6.0000 1.0606 0.0838 
11.7000 10.0000 236.6040 0.3705 0.1997 -0.4751 3.3384 6.0000 0.7486 0.0375 
12.0120 10.0000 245.1120 0.3869 0.2121 -0.4994 3.3087 7.0000 0.7429 0.1009 
11.9800 10.0000 249.9300 0.3652 0.1975 -0.4850 3.2900 7.0000 0.5671 0.1127 
12.5720 10.0000 275.5820 0.3853 0.2078 -0.4981 3.2481 6.0000 0.2644 0.0881 
11.9060 10.0000 243.2900 0.3810 0.2248 -0.4452 3.3982 6.0000 0.1324 0.0515 
12.1800 5.0000 265.5600 0.4016 0.2154 -0.4814 3.3067 7.0000 0.3050 0.0873 
12.2300 10.0000 252.0220 0.3763 0.2147 -0.4630 3.3298 6.0000 0.6141 0.0385 
12.2060 10.0000 250.7540 0.3669 0.2110 -0.4740 3.2817 6.0000 0.5630 0.1230 
11.6820 10.0000 230.5060 0.3747 0.2062 -0.4852 3.3212 6.0000 0.5322 0.0621 
12.3080 10.0000 263.0000 0.3777 0.2021 -0.5038 3.2613 6.0000 0.5278 0.0868 
12.6100 9.0000 268.0260 0.3703 0.2168 -0.4718 3.3118 6.0000 0.3948 0.0716 
12.2460 10.0000 262.7080 0.3957 0.2042 -0.5425 3.2764 6.0000 0.1364 0.1023 
12.4920 10.0000 263.1700 0.3836 0.2133 -0.4935 3.2827 6.0000 0.2919 0.0732 
11.6860 10.0000 234.2600 0.3790 0.2064 -0.4859 3.3177 6.0000 0.2180 0.0967 
11.3820 8.0000 222.1900 0.3747 0.2154 -0.4365 3.4019 7.0000 0.5736 0.0553 
11.4480 6.0000 226.1040 0.3768 0.2097 -0.4467 3.3823 7.0000 0.6092 0.1068 
12.3360 10.0000 261.9800 0.3972 0.2241 -0.4883 3.3471 7.0000 0.1308 0.1073 
12.1460 10.0000 249.7840 0.3724 0.2076 -0.5015 3.3028 6.0000 0.3079 0.0846 
12.4660 10.0000 262.6420 0.4019 0.2228 -0.5335 3.3166 6.0000 0.1766 0.0728 
12.1300 10.0000 247.3920 0.3670 0.2070 -0.4648 3.2815 6.0000 0.3514 0.0561 
12.6060 11.0000 272.0960 0.3868 0.2164 -0.4908 3.2786 7.0000 0.3091 0.0612 
11.8800 10.0000 241.3620 0.3870 0.2144 -0.4998 3.3683 7.0000 0.3953 0.0848 
12.1300 10.0000 257.2560 0.4108 0.2199 -0.5181 3.3667 7.0000 0.3082 0.0449 
12.2480 10.0000 261.7040 0.3885 0.2145 -0.4872 3.3152 6.0000 0.2649 0.0699 
12.6460 10.0000 267.2360 0.3618 0.2032 -0.5057 3.2461 6.0000 0.3968 0.0896 
12.3400 10.0000 253.0460 0.3853 0.2118 -0.5216 3.3014 6.0000 0.1759 0.0873 
12.3720 8.0000 255.6880 0.3769 0.2114 -0.5036 3.2775 6.0000 0.2632 0.0789 
12.1020 9.0000 249.2660 0.3926 0.2183 -0.5070 3.3395 6.0000 0.4815 0.0839 
12.5180 10.0000 263.4440 0.3683 0.2102 -0.4731 3.2385 6.0000 0.1334 0.0693 
12.5000 10.0000 261.5200 0.3648 0.2074 -0.4949 3.2717 6.0000 0.4391 0.0543 
12.2660 6.0000 258.8000 0.4073 0.2180 -0.5251 3.3320 6.0000 0.8067 0.0974 
12.2680 10.0000 257.8900 0.3555 0.2118 -0.4197 3.3218 7.0000 0.7053 0.1078 
12.0660 10.0000 254.1280 0.3870 0.2129 -0.4751 3.3201 6.0000 0.6185 0.0760 
12.2840 8.0000 249.9300 0.3768 0.2164 -0.4845 3.3026 6.0000 0.1752 0.0966 
12.9740 11.0000 284.4100 0.3833 0.2108 -0.5395 3.2488 6.0000 0.3007 0.0747 
12.3180 7.0000 255.7940 0.3754 0.2153 -0.4818 3.3059 7.0000 0.4302 0.0859 
12.1100 5.0000 242.4520 0.3705 0.2131 -0.4905 3.3050 6.0000 0.4845 0.0802 
12.2500 11.0000 253.6280 0.3773 0.2138 -0.4741 3.3177 6.0000 0.3265 0.0858 
12.6720 9.0000 266.6280 0.3736 0.2030 -0.5415 3.2389 6.0000 0.3995 0.1125 
11.9220 10.0000 247.8060 0.3970 0.2100 -0.5213 3.3246 7.0000 0.3073 0.0983 
12.1020 10.0000 254.1660 0.3753 0.2075 -0.4691 3.2845 6.0000 0.3893 0.0385 
12.2720 10.0000 259.7320 0.3769 0.2012 -0.5113 3.2624 6.0000 0.3069 0.0797 
12.2220 8.0000 248.4940 0.3760 0.2107 -0.5204 3.3107 6.0000 0.1340 0.0935 
12.3020 8.0000 248.1980 0.3619 0.2042 -0.5099 3.2906 6.0000 0.3496 0.0451 
11.8240 10.0000 237.1460 0.3622 0.2007 -0.4846 3.3039 6.0000 0.3044 0.0954 
11.7880 9.0000 244.6740 0.4056 0.2137 -0.5037 3.3584 6.0000 1.0617 0.0838 
12.1260 10.0000 248.8800 0.3647 0.2121 -0.4548 3.3176 7.0000 0.7475 0.0375 
12.6560 11.0000 267.8460 0.3743 0.2134 -0.4983 3.2761 6.0000 0.7027 0.1009 
12.1540 10.0000 252.9100 0.3722 0.2093 -0.4630 3.3014 7.0000 0.6918 0.0607 
11.8180 10.0000 236.6700 0.3762 0.2065 -0.4859 3.3268 6.0000 0.5738 0.1149 
12.2640 10.0000 264.4180 0.3844 0.2092 -0.4722 3.2913 6.0000 0.3565 0.0868 
12.2960 10.0000 255.1760 0.3814 0.2047 -0.5435 3.2609 6.0000 0.1309 0.0980 
11.9940 10.0000 243.7480 0.3802 0.2167 -0.4729 3.3273 6.0000 0.2209 0.0852 
11.6660 9.0000 237.5700 0.3704 0.2007 -0.4566 3.3101 6.0000 0.4372 0.1230 
11.6760 10.0000 230.6440 0.3752 0.2109 -0.4753 3.3457 6.0000 0.4834 0.0621 
11.8320 10.0000 244.2320 0.3982 0.2166 -0.4822 3.3285 6.0000 0.3088 0.0828 
12.3260 10.0000 266.5240 0.3823 0.2122 -0.4603 3.2913 6.0000 0.1323 0.0617 
12.0040 10.0000 241.4120 0.3614 0.2049 -0.4755 3.3203 7.0000 0.3552 0.0609 
11.7800 10.0000 235.5800 0.3627 0.2110 -0.4270 3.3344 7.0000 0.4309 0.0467 
12.1800 10.0000 247.7060 0.3561 0.2108 -0.4388 3.3152 6.0000 0.1745 0.0967 
12.2760 9.0000 253.1540 0.3880 0.2163 -0.5196 3.3080 6.0000 0.6731 0.0553 
12.1160 10.0000 252.5280 0.3702 0.2056 -0.4846 3.3000 6.0000 0.5209 0.1134 
12.0080 10.0000 251.1400 0.3726 0.2057 -0.4724 3.2768 6.0000 0.3516 0.0720 
11.7800 10.0000 230.4300 0.3693 0.2217 -0.4346 3.4276 7.0000 0.1712 0.0587 
12.4800 10.0000 259.6620 0.3599 0.2054 -0.4954 3.3146 7.0000 0.1322 0.0858 
12.5500 10.0000 266.9200 0.3676 0.2002 -0.5336 3.2289 6.0000 0.3956 0.0687 
11.7300 10.0000 244.9160 0.3640 0.2056 -0.4302 3.3003 6.0000 0.5668 0.1107 
12.0820 10.0000 247.6720 0.3619 0.2007 -0.4739 3.2633 6.0000 0.5268 0.1319 
11.9060 10.0000 234.0300 0.3683 0.2226 -0.4392 3.3886 6.0000 0.4887 0.0896 
12.1480 10.0000 253.8680 0.3808 0.2094 -0.4786 3.3002 6.0000 0.4831 0.1227 
12.0860 7.0000 243.8500 0.3774 0.2110 -0.5056 3.3156 7.0000 0.2169 0.0654 
13.0200 11.0000 283.7680 0.4027 0.2227 -0.5562 3.2708 6.0000 0.1334 0.0572 
11.9300 10.0000 232.1300 0.3724 0.2183 -0.4710 3.3555 7.0000 0.6162 0.0984 
11.8100 10.0000 240.1860 0.3976 0.2244 -0.4839 3.3762 7.0000 0.2553 0.1052 
12.2900 9.0000 250.1000 0.3827 0.2146 -0.5283 3.2930 6.0000 0.1898 0.0823 
11.6060 9.0000 234.7960 0.3765 0.2146 -0.4252 3.3834 7.0000 0.8011 0.0974 
12.7540 11.0000 273.8440 0.3812 0.2151 -0.4924 3.2861 6.0000 0.6615 0.0680 
12.5320 10.0000 258.4660 0.3552 0.2148 -0.4534 3.3018 6.0000 0.2210 0.0696 
12.3740 10.0000 259.9200 0.3929 0.2147 -0.5337 3.3113 7.0000 0.1326 0.1035 
11.7540 10.0000 242.7060 0.3797 0.2047 -0.4777 3.3185 7.0000 0.3770 0.0782 
11.9300 10.0000 237.6920 0.3942 0.2161 -0.5461 3.3712 6.0000 0.6544 0.0872 
12.3420 10.0000 265.3680 0.3768 0.1992 -0.4924 3.2510 6.0000 0.5726 0.0802 
12.0300 10.0000 236.9760 0.3621 0.2047 -0.5098 3.3168 6.0000 0.3174 0.0858 
12.4060 10.0000 260.7000 0.3745 0.2142 -0.4765 3.3148 7.0000 0.2140 0.1228 
12.1800 4.0000 250.6240 0.3791 0.2186 -0.4878 3.3266 7.0000 0.2187 0.0583 
12.3780 10.0000 268.6520 0.3755 0.2051 -0.4699 3.2790 7.0000 0.4770 0.0794 
12.0620 10.0000 245.8920 0.3692 0.2072 -0.4914 3.2975 6.0000 0.3127 0.0835 
12.4820 10.0000 264.4100 0.3832 0.2100 -0.5162 3.2710 6.0000 0.2147 0.0830 
11.1560 9.0000 211.1740 0.3716 0.2073 -0.4638 3.3860 8.0000 0.3503 0.0970 
12.2740 9.0000 254.7960 0.3635 0.2043 -0.4969 3.3059 7.0000 0.3929 0.0771 
12.6160 11.0000 265.5100 0.3741 0.2187 -0.4725 3.2890 6.0000 0.1298 0.0881 
12.0100 7.0000 245.2660 0.3741 0.2006 -0.5068 3.2936 7.0000 0.2581 0.0838 
11.5600 10.0000 239.0380 0.3847 0.2148 -0.4342 3.3651 6.0000 0.6628 0.0375 
12.5480 8.0000 270.9140 0.3779 0.2067 -0.4954 3.2781 7.0000 0.6563 0.1009 
11.4500 10.0000 220.5560 0.3671 0.2050 -0.4519 3.3729 7.0000 0.6505 0.0607 
11.9780 10.0000 250.7440 0.3901 0.2187 -0.4736 3.3638 7.0000 0.5763 0.1015 
12.5840 10.0000 262.4900 0.3506 0.2025 -0.4602 3.2406 6.0000 0.4861 0.0627 
12.5360 10.0000 265.7760 0.3737 0.2112 -0.4853 3.2432 6.0000 0.1727 0.0922 
12.0740 10.0000 249.0880 0.3766 0.2066 -0.5009 3.3334 8.0000 0.1326 0.0679 
11.8740 10.0000 239.7940 0.3648 0.2130 -0.4534 3.3761 7.0000 0.3536 0.1230 
12.5980 10.0000 264.7980 0.3812 0.2209 -0.5067 3.3011 6.0000 0.3552 0.0621 
11.7540 10.0000 227.6540 0.3542 0.2023 -0.4596 3.3331 6.0000 0.5750 0.1194 
12.1380 10.0000 250.5380 0.3742 0.2053 -0.4928 3.2941 6.0000 0.5723 0.0671 
12.3980 9.0000 255.9360 0.3827 0.2084 -0.5389 3.2615 6.0000 0.4342 0.0842 
11.8480 9.0000 245.6000 0.3899 0.2119 -0.4863 3.3226 6.0000 0.3056 0.0616 
12.1540 10.0000 246.9580 0.3688 0.2215 -0.4458 3.3319 7.0000 0.2145 0.0935 
12.0060 7.0000 247.7980 0.3857 0.2169 -0.4883 3.3478 6.0000 0.3550 0.0894 
12.0840 10.0000 245.9800 0.3341 0.1918 -0.4510 3.2359 6.0000 0.4742 0.1134 
12.9100 10.0000 281.4880 0.3804 0.2131 -0.5208 3.2531 6.0000 0.5320 0.0777 
12.3200 10.0000 262.0220 0.3810 0.2162 -0.4707 3.3177 6.0000 0.4840 0.0858 
12.3460 11.0000 258.2320 0.3762 0.2079 -0.5030 3.3213 7.0000 0.3949 0.0687 
12.4100 6.0000 253.5380 0.3610 0.2088 -0.4764 3.2788 6.0000 0.3913 0.0997 
11.9580 10.0000 253.2920 0.3892 0.2159 -0.4460 3.3327 6.0000 0.3088 0.0449 
11.4500 3.0000 223.3440 0.3705 0.2060 -0.4600 3.3455 7.0000 0.3088 0.0782 
11.5320 3.0000 231.7360 0.3932 0.2131 -0.4860 3.3642 6.0000 0.3932 0.0919 
11.9900 10.0000 244.7460 0.3864 0.2119 -0.5163 3.3561 7.0000 0.5288 0.0907 
11.9080 10.0000 236.9800 0.3738 0.2110 -0.4937 3.3349 6.0000 0.6032 0.0572 
12.5880 10.0000 269.1060 0.3562 0.2070 -0.4440 3.2633 8.0000 0.6547 0.0984 
12.2120 10.0000 250.4480 0.3851 0.2140 -0.5120 3.3192 6.0000 0.1712 0.1052 
12.1320 9.0000 255.9920 0.3886 0.2148 -0.4810 3.3364 7.0000 0.1941 0.0823 
12.3780 11.0000 257.3480 0.3890 0.2141 -0.5155 3.3004 6.0000 0.8899 0.0974 
11.4940 9.0000 233.0120 0.3978 0.2178 -0.4611 3.3695 7.0000 0.7407 0.1078 
11.7340 8.0000 243.9820 0.3988 0.2088 -0.5023 3.3454 7.0000 0.7028 0.0760 
11.9680 11.0000 245.9860 0.3828 0.2315 -0.4030 3.4235 7.0000 0.1536 0.0966 
12.1240 9.0000 245.7840 0.3706 0.2029 -0.5129 3.2933 6.0000 0.2961 0.0784 
11.8820 6.0000 237.1620 0.3758 0.2153 -0.4610 3.3546 6.0000 0.4425 0.0688 
12.2340 10.0000 249.2780 0.3732 0.2177 -0.4750 3.3367 7.0000 0.3061 0.0958 
11.8720 10.0000 243.7220 0.3903 0.2227 -0.4643 3.3807 8.0000 0.2186 0.0802 
12.4700 10.0000 270.5380 0.3669 0.2002 -0.4728 3.2577 7.0000 0.6296 0.0433 
11.8880 10.0000 243.1840 0.3857 0.2031 -0.5176 3.3305 7.0000 0.5172 0.0952 
11.5040 8.0000 226.5180 0.3766 0.2103 -0.4681 3.3737 7.0000 0.1745 0.0704 
11.4660 10.0000 227.9200 0.3948 0.2172 -0.4674 3.3961 7.0000 0.2588 0.0741 
11.7840 10.0000 240.7680 0.3738 0.2012 -0.4827 3.3040 6.0000 0.3157 0.0797 
12.2260 11.0000 249.1580 0.3711 0.2088 -0.5017 3.3012 6.0000 0.3592 0.0820 
11.7540 10.0000 233.3780 0.3786 0.2107 -0.5019 3.3525 7.0000 0.2621 0.0695 
12.8680 8.0000 278.1300 0.3767 0.2107 -0.5085 3.2621 6.0000 0.2524 0.0802 
12.4120 10.0000 266.4400 0.3859 0.2104 -0.5065 3.2804 6.0000 0.8275 0.0838 
12.2960 10.0000 263.5580 0.3850 0.2184 -0.4526 3.3297 6.0000 0.6587 0.0375 
12.2420 10.0000 253.1900 0.3860 0.2141 -0.5095 3.3378 6.0000 0.4443 0.0938 
12.4100 10.0000 259.8500 0.3610 0.2001 -0.4930 3.2669 6.0000 0.1291 0.0937 
11.5400 9.0000 226.6740 0.3751 0.2172 -0.4392 3.3911 7.0000 0.2632 0.0805 
11.4320 10.0000 232.8660 0.3985 0.2050 -0.4996 3.3375 6.0000 0.6228 0.1015 
12.4640 11.0000 261.6240 0.3618 0.2094 -0.4718 3.2871 7.0000 0.5707 0.0873 
12.0520 10.0000 248.4120 0.3836 0.2164 -0.4619 3.3437 7.0000 0.5263 0.1137 
11.3300 9.0000 222.1480 0.3920 0.2194 -0.4585 3.4083 8.0000 0.3054 0.0513 
12.6020 6.0000 268.1960 0.3745 0.2093 -0.5037 3.2603 6.0000 0.1323 0.0856 
11.8660 7.0000 241.1460 0.3941 0.2105 -0.5263 3.3327 6.0000 0.1329 0.1284 
12.6460 10.0000 276.4460 0.3810 0.2057 -0.5005 3.2388 6.0000 0.4803 0.1194 
12.4840 6.0000 274.0960 0.3824 0.2077 -0.4748 3.2479 6.0000 0.5784 0.0557 
12.6320 10.0000 264.7240 0.3761 0.2072 -0.5341 3.2518 6.0000 0.3822 0.0747 
12.5680 10.0000 264.8000 0.3734 0.2145 -0.4899 3.2743 6.0000 0.1326 0.0967 
12.3780 9.0000 254.3900 0.3594 0.2121 -0.4707 3.3085 6.0000 0.7642 0.0553 
12.0560 10.0000 244.5700 0.3727 0.2114 -0.4823 3.3175 7.0000 0.6088 0.1134 
11.8020 10.0000 239.5340 0.3874 0.2147 -0.4720 3.3453 6.0000 0.6123 0.0846 
11.8680 7.0000 247.0200 0.3804 0.2049 -0.4676 3.3131 7.0000 0.2618 0.0728 
12.8160 11.0000 267.4840 0.3485 0.2025 -0.4895 3.2447 6.0000 0.3503 0.0561 
11.7760 10.0000 243.5720 0.3960 0.2132 -0.4830 3.3491 8.0000 0.3523 0.0612 
12.6140 4.0000 272.4080 0.3785 0.2075 -0.5135 3.2652 6.0000 0.4832 0.0681 
12.3100 8.0000 249.7160 0.3727 0.2076 -0.5143 3.2824 6.0000 0.3959 0.1319 
11.8260 10.0000 234.4220 0.3584 0.2028 -0.4713 3.3217 6.0000 0.5304 0.0611 
12.2040 8.0000 255.6380 0.3689 0.2086 -0.4546 3.2960 6.0000 0.5715 0.0789 
11.6140 10.0000 224.6580 0.3783 0.2156 -0.4929 3.3900 6.0000 0.6567 0.0603 
12.5040 11.0000 262.8740 0.3725 0.2087 -0.4970 3.2761 6.0000 0.5690 0.0543 
11.6820 10.0000 233.5300 0.3873 0.2147 -0.4814 3.3598 7.0000 0.1307 0.0855 
12.1700 9.0000 251.8920 0.3731 0.2137 -0.4479 3.3353 7.0000 0.1594 0.0784 
12.6080 11.0000 273.3100 0.3748 0.2038 -0.4890 3.2474 6.0000 0.7309 0.0974 
12.2100 10.0000 250.5680 0.3523 0.2027 -0.4650 3.2897 6.0000 0.5718 0.1212 
12.4720 8.0000 250.7920 0.3557 0.2021 -0.5131 3.2616 6.0000 0.1293 0.0413 
12.2720 6.0000 247.6520 0.3690 0.2168 -0.4809 3.3305 7.0000 0.4864 0.0911 
12.6400 10.0000 275.9900 0.3786 0.2018 -0.5272 3.2377 6.0000 0.1296 0.1035 
12.3760 10.0000 266.3440 0.4066 0.2173 -0.5220 3.3202 7.0000 0.4156 0.0782 
12.2020 10.0000 254.9180 0.3892 0.2163 -0.4886 3.3093 6.0000 0.6976 0.0872 
12.8180 11.0000 283.3740 0.3732 0.2083 -0.4858 3.2540 7.0000 0.5778 0.0802 
12.0400 11.0000 247.2940 0.4027 0.2253 -0.5012 3.3580 6.0000 0.4128 0.0858 
11.7700 10.0000 235.6580 0.3558 0.1980 -0.4574 3.3229 7.0000 0.3900 0.0571 
12.1820 10.0000 260.6300 0.3823 0.2070 -0.4768 3.2767 6.0000 0.1795 0.0583 
12.1400 8.0000 245.5260 0.3663 0.2116 -0.4849 3.3064 6.0000 0.4015 0.0812 
11.7320 10.0000 237.0100 0.3865 0.2105 -0.4741 3.3200 7.0000 0.3921 0.0655 
12.2660 10.0000 254.6000 0.3652 0.2031 -0.4918 3.2584 6.0000 0.2161 0.0530 
12.7940 10.0000 274.1860 0.3723 0.2150 -0.4819 3.3006 7.0000 0.3472 0.0850 
12.2100 10.0000 250.0200 0.3608 0.2110 -0.4549 3.3294 7.0000 0.3888 0.0765 
11.6720 10.0000 237.9960 0.3891 0.2189 -0.4431 3.3679 7.0000 0.3049 0.0802 
12.2100 9.0000 254.3440 0.3892 0.2136 -0.5292 3.3071 6.0000 0.6122 0.0838 
12.2700 11.0000 245.7680 0.3916 0.2115 -0.5748 3.3101 6.0000 0.7534 0.0375 
12.2200 10.0000 253.2520 0.3782 0.2090 -0.4857 3.3264 6.0000 0.6571 0.1009 
11.9280 9.0000 241.6900 0.3728 0.2073 -0.4766 3.2977 6.0000 0.6533 0.0607 
11.8720 10.0000 243.1400 0.3785 0.2039 -0.4905 3.3041 6.0000 0.7044 0.1015 
12.1720 10.0000 255.7160 0.3800 0.2162 -0.4786 3.3499 6.0000 0.5712 0.0873 
11.4560 10.0000 228.1680 0.3806 0.2159 -0.4453 3.3905 7.0000 0.4853 0.1137 
12.8840 10.0000 275.5940 0.3603 0.2081 -0.4835 3.2377 6.0000 0.1822 0.0879 
12.1820 8.0000 252.6700 0.3664 0.2045 -0.4803 3.3045 6.0000 0.0907 0.0719 
12.1680 10.0000 250.9400 0.3621 0.2067 -0.4536 3.2960 6.0000 0.1796 0.0621 
11.8400 7.0000 238.4640 0.3899 0.2187 -0.4743 3.3853 7.0000 0.5744 0.1194 
11.4240 9.0000 230.1100 0.3675 0.1960 -0.4545 3.3339 6.0000 0.5726 0.0671 
12.7080 10.0000 271.3300 0.3870 0.2183 -0.5208 3.2799 6.0000 0.3570 0.0644 
12.0220 10.0000 248.4480 0.3987 0.2187 -0.4911 3.3675 7.0000 0.2110 0.0999 
11.9160 8.0000 237.7940 0.3541 0.2063 -0.4523 3.3228 6.0000 0.3077 0.0967 
11.6560 10.0000 238.3160 0.3940 0.2109 -0.4788 3.3684 7.0000 0.4798 0.0986 
11.8740 10.0000 231.0880 0.3570 0.2112 -0.4490 3.3384 6.0000 0.1310 0.1029 
12.3800 10.0000 258.1960 0.3983 0.2204 -0.5312 3.3204 6.0000 0.2621 0.0926 
11.4660 9.0000 226.6620 0.3776 0.2098 -0.4531 3.3729 7.0000 0.5695 0.0777 
12.0760 10.0000 258.5120 0.3952 0.2097 -0.4949 3.2867 6.0000 0.5272 0.0858 
12.0000 10.0000 244.9540 0.3737 0.2149 -0.4661 3.3663 7.0000 0.4813 0.0687 
11.9820 7.0000 260.4440 0.4254 0.2221 -0.5128 3.3280 6.0000 0.5693 0.0997 
12.8860 11.0000 274.3840 0.3648 0.2059 -0.4983 3.2381 6.0000 0.3958 0.0824 
11.8700 9.0000 242.0360 0.3747 0.2207 -0.4388 3.3515 6.0000 0.1365 0.0569 
11.9960 10.0000 247.8120 0.3960 0.2126 -0.5105 3.3200 7.0000 0.2604 0.0773 
12.1320 10.0000 252.6540 0.3742 0.2108 -0.4599 3.2871 6.0000 0.4806 0.0907 
11.6600 9.0000 239.3420 0.3700 0.1992 -0.4739 3.3119 6.0000 0.5705 0.0603 
12.4400 10.0000 264.1800 0.3972 0.2177 -0.5203 3.2800 6.0000 0.6670 0.0984 
