12.4606 8.0000 260.1170 0.2045 0.0907 -0.4535 3.8895 8.0000 26.0926 0.0677 
12.3460 9.0000 260.3246 0.2091 0.0896 -0.4496 3.8884 7.0000 24.6501 0.0659 
12.2904 10.0000 256.6194 0.2045 0.0899 -0.4413 3.9014 7.0000 24.6012 0.0677 
12.3492 10.0000 260.4272 0.2071 0.0894 -0.4441 3.8899 7.0000 24.4718 0.0677 
12.4772 9.0000 262.9228 0.2028 0.0890 -0.4465 3.8825 7.0000 23.9931 0.0677 
12.4004 10.0000 257.0528 0.2006 0.0905 -0.4452 3.8971 7.0000 22.8038 0.0590 
12.4110 10.0000 261.6776 0.2091 0.0902 -0.4560 3.8873 7.0000 26.0512 0.0701 
12.4080 10.0000 260.3618 0.2005 0.0894 -0.4357 3.8901 7.0000 24.5596 0.0618 
12.4710 10.0000 262.6404 0.2042 0.0894 -0.4514 3.8808 7.0000 26.1390 0.0749 
12.4616 8.0000 261.2426 0.2014 0.0899 -0.4393 3.8858 7.0000 25.6969 0.0628 
12.2896 10.0000 258.8646 0.2103 0.0909 -0.4457 3.8957 7.0000 26.1368 0.0677 
12.4266 10.0000 261.6648 0.2064 0.0900 -0.4489 3.8881 7.0000 4.0864 0.0666 
12.4716 10.0000 263.0336 0.2016 0.0888 -0.4437 3.8813 7.0000 2.9033 0.0685 
12.1600 10.0000 250.1066 0.2006 0.0903 -0.4303 3.9143 8.0000 3.9104 0.0723 
12.5084 10.0000 264.3346 0.2005 0.0894 -0.4413 3.8824 7.0000 2.9432 0.0657 
12.3458 10.0000 259.1244 0.2028 0.0886 -0.4411 3.8859 7.0000 3.7818 0.0693 
12.3322 10.0000 257.5818 0.2056 0.0898 -0.4506 3.8914 7.0000 3.9161 0.0693 
12.3114 10.0000 257.5304 0.2018 0.0894 -0.4352 3.8961 8.0000 4.0905 0.0705 
12.2432 8.0000 255.4220 0.2090 0.0897 -0.4499 3.9003 7.0000 6.8496 0.0645 
12.2006 5.0000 254.3018 0.2072 0.0902 -0.4404 3.9036 7.0000 8.8364 0.0645 
12.5446 10.0000 267.3432 0.2026 0.0889 -0.4436 3.8712 7.0000 8.3041 0.0551 
12.2738 10.0000 255.7206 0.2038 0.0901 -0.4408 3.8977 7.0000 8.3496 0.0551 
12.4086 7.0000 263.6070 0.2110 0.0896 -0.4551 3.8816 7.0000 3.9992 0.0771 
12.1796 5.0000 252.0460 0.2027 0.0895 -0.4371 3.9113 7.0000 2.9439 0.0635 
12.1550 10.0000 251.3674 0.2035 0.0892 -0.4366 3.9068 7.0000 3.8241 0.0697 
12.3548 10.0000 262.1030 0.2077 0.0891 -0.4436 3.8870 7.0000 3.8282 0.0668 
12.4084 10.0000 261.8682 0.2059 0.0900 -0.4438 3.8876 7.0000 9.5256 0.0635 
12.2184 8.0000 254.2820 0.2072 0.0898 -0.4456 3.9044 7.0000 9.5258 0.0728 
12.3974 10.0000 260.3912 0.2084 0.0895 -0.4529 3.8869 7.0000 3.9104 0.0617 
12.4008 8.0000 260.6602 0.2015 0.0888 -0.4447 3.8843 7.0000 3.7247 0.0700 
12.3208 10.0000 260.4526 0.2098 0.0897 -0.4487 3.8889 7.0000 5.8059 0.0700 
12.3030 9.0000 255.1096 0.2005 0.0894 -0.4384 3.8989 7.0000 6.0652 0.0667 
12.2658 10.0000 254.5066 0.2049 0.0891 -0.4473 3.8991 7.0000 5.0538 0.0720 
12.2522 10.0000 256.0930 0.2032 0.0896 -0.4382 3.8998 7.0000 4.0902 0.0635 
12.2654 7.0000 256.3328 0.2043 0.0889 -0.4446 3.8968 7.0000 3.8636 0.0596 
12.0506 10.0000 248.7134 0.2089 0.0901 -0.4425 3.9184 7.0000 3.4120 0.0596 
12.3428 10.0000 260.3782 0.2048 0.0883 -0.4449 3.8871 7.0000 3.7849 0.0736 
12.0846 10.0000 245.1638 0.2033 0.0902 -0.4422 3.9218 7.0000 4.0032 0.0593 
12.2924 9.0000 257.2654 0.2039 0.0890 -0.4427 3.8953 7.0000 3.8704 0.0736 
12.4496 10.0000 263.3412 0.2057 0.0899 -0.4462 3.8801 7.0000 4.0883 0.0631 
12.2186 6.0000 255.0086 0.2090 0.0899 -0.4500 3.9041 7.0000 5.5795 0.0634 
12.1640 10.0000 251.8060 0.2015 0.0903 -0.4302 3.9124 7.0000 5.8502 0.0799 
12.5108 10.0000 265.2588 0.2073 0.0895 -0.4557 3.8778 7.0000 4.1341 0.0682 
12.2208 10.0000 253.3466 0.1989 0.0889 -0.4317 3.9028 7.0000 3.8553 0.0670 
12.3616 10.0000 255.9108 0.1981 0.0896 -0.4416 3.8943 7.0000 3.9569 0.0691 
12.2082 10.0000 253.0168 0.2010 0.0895 -0.4319 3.9038 7.0000 5.8523 0.0799 
11.9726 10.0000 244.0136 0.2073 0.0916 -0.4336 3.9336 7.0000 4.7066 0.0643 
12.4734 10.0000 260.2090 0.1995 0.0888 -0.4481 3.8847 7.0000 3.8278 0.0739 
12.2648 10.0000 260.0186 0.2105 0.0889 -0.4487 3.8942 8.0000 4.0422 0.0665 
12.5114 9.0000 265.5428 0.2007 0.0880 -0.4409 3.8743 7.0000 3.9579 0.0678 
12.3758 10.0000 259.0480 0.2015 0.0888 -0.4413 3.8890 7.0000 4.0473 0.0606 
12.4932 9.0000 266.8914 0.2061 0.0890 -0.4465 3.8760 7.0000 4.2693 0.0502 
12.2552 8.0000 254.1848 0.2041 0.0893 -0.4433 3.9008 7.0000 5.7645 0.0729 
12.2024 10.0000 252.5480 0.2070 0.0906 -0.4392 3.9090 7.0000 7.7868 0.0667 
12.4392 10.0000 262.8576 0.2015 0.0891 -0.4396 3.8845 7.0000 5.2775 0.0724 
12.2320 10.0000 255.9020 0.2073 0.0894 -0.4462 3.8999 7.0000 4.7941 0.0724 
12.4198 10.0000 262.0080 0.1982 0.0888 -0.4338 3.8832 7.0000 4.0472 0.0702 
12.1168 10.0000 251.0392 0.2034 0.0899 -0.4363 3.9131 7.0000 4.0485 0.0715 
12.2752 10.0000 256.1164 0.2060 0.0906 -0.4416 3.9007 7.0000 3.1255 0.0856 
12.3888 10.0000 259.6332 0.2000 0.0899 -0.4324 3.8945 7.0000 4.0462 0.0621 
12.4098 10.0000 261.2212 0.2023 0.0881 -0.4461 3.8818 7.0000 4.1642 0.0785 
12.4242 10.0000 260.7900 0.2041 0.0896 -0.4497 3.8856 7.0000 4.0015 0.0633 
12.5740 10.0000 261.8798 0.1962 0.0893 -0.4430 3.8801 7.0000 3.9165 0.0731 
12.4772 10.0000 262.6106 0.2037 0.0889 -0.4489 3.8795 7.0000 4.0481 0.0514 
12.2892 10.0000 257.5820 0.2067 0.0889 -0.4473 3.8946 7.0000 4.1357 0.0704 
12.2428 10.0000 255.0228 0.2021 0.0897 -0.4373 3.9010 7.0000 4.1369 0.0704 
12.3802 5.0000 259.0056 0.2025 0.0892 -0.4425 3.8906 7.0000 4.1358 0.0701 
12.3956 10.0000 259.5504 0.2041 0.0903 -0.4448 3.8906 8.0000 4.1784 0.0701 
12.0880 10.0000 251.9388 0.2086 0.0904 -0.4366 3.9101 7.0000 4.2699 0.0667 
12.4516 7.0000 262.5834 0.2001 0.0885 -0.4388 3.8816 7.0000 3.0356 0.0785 
12.3102 8.0000 256.2306 0.2020 0.0895 -0.4420 3.8990 7.0000 4.2200 0.0712 
12.1454 10.0000 250.0500 0.2059 0.0898 -0.4439 3.9110 7.0000 5.4984 0.0688 
12.2902 10.0000 258.1580 0.2060 0.0904 -0.4343 3.9008 7.0000 4.3097 0.0723 
12.3326 10.0000 256.9858 0.2038 0.0900 -0.4436 3.8964 7.0000 4.1757 0.0621 
12.2308 9.0000 251.6414 0.1995 0.0888 -0.4401 3.9047 7.0000 3.9576 0.0649 
12.2790 10.0000 256.5318 0.2031 0.0895 -0.4418 3.8969 7.0000 4.1563 0.0798 
12.3986 10.0000 262.0664 0.2059 0.0899 -0.4404 3.8871 7.0000 6.0679 0.0634 
12.4178 10.0000 262.5582 0.2023 0.0890 -0.4403 3.8821 7.0000 5.8038 0.0630 
12.4208 10.0000 260.7060 0.2033 0.0912 -0.4417 3.8934 8.0000 9.8429 0.0725 
12.2804 6.0000 256.8386 0.2042 0.0904 -0.4379 3.9014 7.0000 9.4015 0.0634 
12.3182 10.0000 258.4048 0.2054 0.0893 -0.4444 3.8923 7.0000 4.2212 0.0627 
12.4026 10.0000 257.9404 0.2007 0.0894 -0.4432 3.8932 8.0000 3.1690 0.0726 
12.4514 10.0000 262.8850 0.2056 0.0891 -0.4501 3.8832 7.0000 4.1789 0.0748 
12.4756 10.0000 259.8376 0.2008 0.0896 -0.4458 3.8863 7.0000 4.4558 0.0622 
12.4944 9.0000 262.9542 0.2000 0.0894 -0.4430 3.8809 7.0000 4.1372 0.0806 
12.3120 10.0000 258.2578 0.2093 0.0903 -0.4512 3.8935 7.0000 4.4433 0.0684 
12.3432 10.0000 256.9564 0.2033 0.0894 -0.4422 3.8943 7.0000 4.1773 0.0734 
12.4956 10.0000 265.6606 0.2009 0.0889 -0.4392 3.8766 7.0000 4.2142 0.0627 
12.2490 10.0000 254.7256 0.2061 0.0893 -0.4491 3.8990 7.0000 5.8047 0.0617 
12.2310 10.0000 252.4800 0.2033 0.0906 -0.4366 3.9088 7.0000 5.5842 0.0617 
12.3304 10.0000 257.7406 0.2043 0.0897 -0.4481 3.8978 7.0000 4.2651 0.0691 
12.3692 6.0000 261.6756 0.2118 0.0888 -0.4636 3.8842 7.0000 4.2683 0.0691 
12.2116 8.0000 253.3376 0.2035 0.0912 -0.4331 3.9077 7.0000 3.2092 0.0654 
12.2474 10.0000 257.1902 0.2043 0.0891 -0.4357 3.8973 7.0000 4.1324 0.0660 
12.3694 10.0000 257.7444 0.2029 0.0894 -0.4513 3.8932 7.0000 3.1241 0.0622 
12.2488 9.0000 255.6932 0.2088 0.0906 -0.4427 3.9046 7.0000 4.3504 0.0740 
12.3554 8.0000 261.0350 0.2102 0.0892 -0.4526 3.8875 7.0000 4.2686 0.0857 
12.2986 10.0000 257.3332 0.2096 0.0904 -0.4497 3.8979 7.0000 4.3088 0.0754 
12.4750 10.0000 263.5892 0.2038 0.0889 -0.4496 3.8793 7.0000 4.2207 0.0685 
12.4210 10.0000 260.4188 0.2021 0.0899 -0.4414 3.8909 7.0000 5.9815 0.0685 
11.8624 10.0000 241.1724 0.2078 0.0907 -0.4285 3.9399 7.0000 7.6543 0.0670 
12.2266 8.0000 255.9492 0.2102 0.0901 -0.4509 3.9015 7.0000 5.8494 0.0605 
12.3422 8.0000 257.7454 0.2077 0.0897 -0.4537 3.8939 7.0000 4.9715 0.0693 
12.4152 9.0000 259.2928 0.2012 0.0898 -0.4447 3.8889 7.0000 4.8378 0.0693 
12.3438 10.0000 258.3954 0.2003 0.0890 -0.4354 3.8949 8.0000 3.0387 0.0640 
12.1582 8.0000 253.5096 0.2053 0.0886 -0.4375 3.9039 7.0000 4.1818 0.0647 
12.2680 10.0000 258.1904 0.2099 0.0902 -0.4432 3.8959 7.0000 4.3987 0.0600 
12.3712 10.0000 259.5934 0.2047 0.0890 -0.4480 3.8888 7.0000 4.2223 0.0569 
12.1712 10.0000 252.7900 0.2074 0.0903 -0.4421 3.9088 7.0000 3.3451 0.0698 
12.4122 10.0000 263.6694 0.2039 0.0886 -0.4474 3.8794 7.0000 4.3116 0.0757 
12.3340 8.0000 257.5798 0.2036 0.0898 -0.4393 3.8954 7.0000 4.2120 0.0757 
12.3008 10.0000 257.6724 0.2093 0.0890 -0.4553 3.8939 8.0000 9.2658 0.0693 
12.4134 10.0000 261.4422 0.2026 0.0905 -0.4359 3.8878 7.0000 8.9558 0.0693 
12.3300 10.0000 257.9460 0.2022 0.0895 -0.4453 3.8911 7.0000 4.2619 0.0757 
12.4758 6.0000 264.4424 0.2060 0.0895 -0.4511 3.8812 7.0000 3.1248 0.0618 
12.5222 9.0000 263.5126 0.2046 0.0896 -0.4508 3.8806 7.0000 4.2212 0.0582 
12.5790 9.0000 266.0416 0.1970 0.0890 -0.4383 3.8724 7.0000 4.2261 0.0794 
12.4726 10.0000 263.4798 0.2039 0.0892 -0.4435 3.8823 7.0000 3.1657 0.0707 
12.4072 10.0000 259.9212 0.2020 0.0887 -0.4472 3.8865 7.0000 4.0885 0.0660 
12.3560 10.0000 259.2640 0.2048 0.0895 -0.4444 3.8884 7.0000 4.3078 0.0682 
12.0528 10.0000 245.5222 0.2065 0.0908 -0.4363 3.9276 7.0000 4.4406 0.0604 
12.5096 6.0000 266.7142 0.2108 0.0901 -0.4628 3.8755 7.0000 9.6320 0.0685 
12.4030 10.0000 265.5268 0.2135 0.0906 -0.4534 3.8823 7.0000 9.3229 0.0842 
12.4518 10.0000 259.4006 0.1995 0.0903 -0.4413 3.8927 7.0000 9.5906 0.0671 
12.1478 10.0000 253.5680 0.2096 0.0910 -0.4371 3.9108 7.0000 9.4543 0.0671 
12.4356 10.0000 260.5770 0.2047 0.0903 -0.4510 3.8904 7.0000 4.2263 0.0647 
12.3372 10.0000 259.3802 0.2001 0.0889 -0.4388 3.8897 8.0000 4.3548 0.0560 
12.0686 9.0000 249.4272 0.2078 0.0903 -0.4383 3.9177 7.0000 3.1682 0.0752 
12.3520 10.0000 258.0838 0.2056 0.0897 -0.4475 3.8931 8.0000 4.2667 0.0609 
12.1650 10.0000 250.3328 0.2034 0.0901 -0.4397 3.9151 7.0000 4.3121 0.0698 
12.2980 10.0000 257.4788 0.2055 0.0888 -0.4461 3.8933 7.0000 3.0832 0.0688 
12.1682 7.0000 249.2520 0.2006 0.0884 -0.4403 3.9137 7.0000 4.0917 0.0760 
12.3306 10.0000 260.5168 0.2043 0.0891 -0.4379 3.8908 7.0000 4.3110 0.0586 
12.2720 5.0000 260.6210 0.2125 0.0897 -0.4503 3.8917 8.0000 4.4039 0.0735 
12.2540 10.0000 254.9520 0.1996 0.0898 -0.4279 3.9011 7.0000 4.3121 0.0747 
12.4424 10.0000 262.1394 0.2026 0.0893 -0.4419 3.8858 7.0000 6.7746 0.0747 
12.2276 10.0000 254.7856 0.2042 0.0902 -0.4377 3.9032 7.0000 6.4645 0.0702 
12.5040 10.0000 263.6238 0.2011 0.0895 -0.4433 3.8808 7.0000 4.1338 0.0661 
12.1562 7.0000 252.9932 0.2050 0.0890 -0.4383 3.9074 7.0000 4.3098 0.0686 
12.4182 9.0000 259.5982 0.2010 0.0892 -0.4413 3.8883 7.0000 3.1215 0.0642 
12.3188 5.0000 257.7526 0.2044 0.0893 -0.4447 3.8929 7.0000 4.2676 0.0673 
12.0430 10.0000 246.6112 0.2017 0.0900 -0.4313 3.9204 8.0000 4.2693 0.0685 
12.2622 10.0000 258.4272 0.2057 0.0892 -0.4367 3.8986 8.0000 4.2692 0.0747 
12.4096 10.0000 259.1542 0.1982 0.0890 -0.4405 3.8882 7.0000 4.1357 0.0669 
12.3226 10.0000 260.1944 0.2126 0.0903 -0.4516 3.8939 7.0000 4.4897 0.0667 
12.3410 9.0000 259.8544 0.2073 0.0897 -0.4464 3.8921 8.0000 10.4672 0.0763 
12.2388 10.0000 254.9480 0.2082 0.0904 -0.4421 3.9026 7.0000 10.2965 0.0667 
12.2250 10.0000 252.9812 0.2068 0.0896 -0.4477 3.9057 7.0000 4.1819 0.0624 
12.2640 10.0000 256.6992 0.2072 0.0899 -0.4414 3.9023 7.0000 4.2685 0.0612 
12.3114 10.0000 256.8006 0.2033 0.0895 -0.4429 3.8951 7.0000 4.2682 0.0496 
12.3560 10.0000 259.6802 0.2028 0.0890 -0.4403 3.8886 7.0000 3.2561 0.0736 
12.4690 10.0000 264.3082 0.2020 0.0888 -0.4437 3.8821 7.0000 4.2658 0.0600 
12.1744 10.0000 249.8878 0.2046 0.0906 -0.4409 3.9154 7.0000 4.3995 0.0657 
12.3372 10.0000 256.9858 0.2037 0.0900 -0.4441 3.8949 7.0000 3.0823 0.0773 
12.2758 7.0000 257.5856 0.2069 0.0906 -0.4448 3.8964 7.0000 4.3964 0.0633 
12.4656 10.0000 262.2970 0.2026 0.0891 -0.4433 3.8824 7.0000 4.2709 0.0633 
12.4310 10.0000 262.5652 0.2038 0.0894 -0.4482 3.8810 7.0000 7.1682 0.0736 
12.3224 10.0000 258.5574 0.2093 0.0902 -0.4527 3.8922 7.0000 5.1440 0.0650 
12.3884 10.0000 261.2230 0.2037 0.0889 -0.4419 3.8846 7.0000 4.3528 0.0632 
12.4614 10.0000 261.0056 0.1989 0.0893 -0.4358 3.8870 7.0000 4.1801 0.0684 
12.5762 10.0000 264.8214 0.1981 0.0885 -0.4415 3.8744 7.0000 4.1653 0.0651 
12.2108 10.0000 256.6492 0.2148 0.0907 -0.4530 3.9053 7.0000 4.4842 0.0651 
12.3344 10.0000 256.7118 0.1958 0.0891 -0.4322 3.8950 7.0000 3.0803 0.0585 
12.3410 10.0000 256.9024 0.2009 0.0891 -0.4354 3.8942 7.0000 4.3112 0.0708 
12.5418 10.0000 266.8646 0.2023 0.0897 -0.4440 3.8734 7.0000 4.3963 0.0595 
12.3120 10.0000 259.8432 0.2054 0.0896 -0.4411 3.8938 7.0000 4.2664 0.0655 
12.3380 10.0000 257.1722 0.1991 0.0895 -0.4313 3.8956 7.0000 4.1813 0.0661 
12.3278 10.0000 257.7826 0.2053 0.0903 -0.4397 3.8967 7.0000 4.4011 0.0567 
12.4254 10.0000 262.3864 0.2002 0.0880 -0.4464 3.8784 7.0000 4.3524 0.0685 
12.4756 8.0000 261.4748 0.2013 0.0900 -0.4416 3.8849 7.0000 5.0041 0.0695 
12.3392 7.0000 258.6758 0.2011 0.0890 -0.4364 3.8946 7.0000 4.3539 0.0685 
12.2710 10.0000 256.5654 0.2054 0.0900 -0.4460 3.8969 7.0000 6.8185 0.0714 
12.3114 10.0000 256.2856 0.2008 0.0899 -0.4325 3.8996 7.0000 6.5137 0.0714 
12.2940 10.0000 258.0142 0.2022 0.0893 -0.4344 3.8945 7.0000 4.2682 0.0724 
12.4410 10.0000 261.2230 0.2067 0.0895 -0.4500 3.8848 7.0000 4.3114 0.0701 
12.3620 5.0000 256.1596 0.1985 0.0898 -0.4306 3.8982 7.0000 4.0941 0.0597 
12.4340 6.0000 263.6164 0.2084 0.0895 -0.4492 3.8827 7.0000 3.1676 0.0739 
12.5398 10.0000 267.3304 0.1995 0.0880 -0.4363 3.8709 7.0000 4.1813 0.0641 
12.4500 10.0000 262.9968 0.2032 0.0901 -0.4387 3.8853 7.0000 4.3574 0.0654 
12.1858 10.0000 250.8320 0.2009 0.0892 -0.4395 3.9067 7.0000 4.3176 0.0754 
12.1038 6.0000 247.8592 0.2018 0.0901 -0.4309 3.9194 7.0000 5.4120 0.0667 
12.4760 10.0000 266.6276 0.2082 0.0909 -0.4423 3.8802 7.0000 5.0626 0.0667 
12.3770 6.0000 260.3560 0.2049 0.0892 -0.4486 3.8882 7.0000 6.6871 0.0667 
11.9850 10.0000 246.1514 0.2081 0.0903 -0.4377 3.9271 7.0000 6.2010 0.0667 
12.2778 9.0000 257.7498 0.2072 0.0898 -0.4442 3.8960 7.0000 4.3150 0.0617 
12.2630 10.0000 256.1588 0.2061 0.0898 -0.4394 3.9004 7.0000 3.1268 0.0594 
12.2368 10.0000 255.4300 0.2016 0.0883 -0.4363 3.8973 7.0000 4.1348 0.0663 
12.2856 10.0000 257.2174 0.2017 0.0897 -0.4338 3.8982 7.0000 4.3072 0.0655 
12.3970 10.0000 258.0850 0.2028 0.0887 -0.4474 3.8909 8.0000 4.1333 0.0749 
12.4406 10.0000 262.4148 0.2036 0.0892 -0.4464 3.8844 7.0000 3.2129 0.0839 
12.2748 9.0000 257.4366 0.2069 0.0899 -0.4485 3.8920 7.0000 4.4862 0.0747 
12.3868 10.0000 260.4078 0.2026 0.0897 -0.4352 3.8913 7.0000 4.4831 0.0682 
12.3610 10.0000 261.1482 0.2097 0.0899 -0.4527 3.8898 7.0000 9.1497 0.0649 
12.3136 10.0000 258.9884 0.2079 0.0900 -0.4429 3.8935 7.0000 8.9727 0.0702 
12.2060 10.0000 254.6136 0.2077 0.0904 -0.4436 3.9072 7.0000 9.1040 0.0702 
12.4304 8.0000 263.8354 0.2042 0.0893 -0.4444 3.8799 7.0000 5.0974 0.0659 
12.2352 10.0000 256.2328 0.2157 0.0903 -0.4619 3.9023 8.0000 4.5732 0.0620 
12.4496 10.0000 263.6852 0.2058 0.0890 -0.4477 3.8815 7.0000 3.1664 0.0612 
12.3336 7.0000 254.5754 0.1994 0.0888 -0.4412 3.8994 7.0000 4.2242 0.0750 
12.2562 2.0000 256.1278 0.2036 0.0895 -0.4394 3.8986 7.0000 4.3127 0.0770 
12.3992 10.0000 262.1488 0.2101 0.0893 -0.4589 3.8831 7.0000 3.9941 0.0735 
12.2622 10.0000 253.7346 0.2059 0.0898 -0.4473 3.9006 7.0000 4.3566 0.0560 
12.3368 10.0000 258.9670 0.2063 0.0895 -0.4473 3.8933 7.0000 4.4291 0.0760 
12.2994 10.0000 254.4772 0.2065 0.0908 -0.4480 3.9035 7.0000 6.6443 0.0568 
12.2740 10.0000 254.0614 0.2034 0.0912 -0.4415 3.9043 7.0000 6.4668 0.0759 
12.2480 10.0000 256.6014 0.2061 0.0890 -0.4439 3.8960 7.0000 4.2686 0.0647 
12.5224 10.0000 265.3564 0.2036 0.0884 -0.4527 3.8736 7.0000 4.3124 0.0715 
12.3316 9.0000 257.0978 0.2024 0.0896 -0.4403 3.8975 7.0000 4.2686 0.0628 
12.4396 5.0000 263.9058 0.2083 0.0889 -0.4548 3.8790 7.0000 4.3970 0.0578 
12.1048 10.0000 253.0656 0.2109 0.0891 -0.4426 3.9071 7.0000 3.2104 0.0690 
12.2346 10.0000 255.2680 0.2100 0.0908 -0.4453 3.9047 7.0000 4.3885 0.0720 
12.4274 10.0000 260.7468 0.2019 0.0895 -0.4426 3.8896 7.0000 4.1821 0.0774 
12.5172 10.0000 262.4184 0.1969 0.0894 -0.4411 3.8833 7.0000 3.1251 0.0830 
12.3786 7.0000 262.0456 0.2086 0.0898 -0.4486 3.8884 7.0000 4.5287 0.0748 
12.3154 7.0000 260.6632 0.2109 0.0897 -0.4461 3.8927 7.0000 4.4001 0.0709 
12.5394 10.0000 267.1162 0.2036 0.0883 -0.4499 3.8710 7.0000 4.2672 0.0731 
12.3004 10.0000 253.9498 0.2030 0.0898 -0.4489 3.9007 7.0000 4.2612 0.0619 
12.2296 10.0000 256.8124 0.2100 0.0893 -0.4512 3.8963 7.0000 4.5287 0.0731 
12.3068 10.0000 255.2552 0.2001 0.0886 -0.4493 3.8949 7.0000 4.3105 0.0742 
12.2794 10.0000 256.5478 0.2014 0.0887 -0.4370 3.8966 7.0000 4.2677 0.0619 
12.3562 10.0000 261.2748 0.2059 0.0898 -0.4420 3.8883 8.0000 4.5277 0.0742 
12.2836 7.0000 258.1864 0.2123 0.0905 -0.4576 3.9007 7.0000 3.2518 0.0558 
12.2150 10.0000 255.0898 0.2099 0.0905 -0.4511 3.9037 7.0000 4.3571 0.0750 
12.3864 10.0000 262.7762 0.2085 0.0905 -0.4490 3.8863 8.0000 4.0723 0.0683 
12.3664 6.0000 258.4186 0.2014 0.0901 -0.4415 3.8963 7.0000 4.4361 0.0701 
12.5216 10.0000 264.3202 0.2019 0.0886 -0.4518 3.8729 7.0000 4.3048 0.0598 
12.2312 7.0000 255.1970 0.2057 0.0898 -0.4409 3.9006 7.0000 4.3522 0.0775 
12.4846 10.0000 266.7054 0.2099 0.0890 -0.4594 3.8732 7.0000 4.6635 0.0628 
12.4262 8.0000 262.3020 0.2025 0.0887 -0.4460 3.8837 7.0000 4.3982 0.0663 
12.4738 8.0000 264.0666 0.2020 0.0890 -0.4414 3.8799 7.0000 7.5205 0.0725 
12.1900 10.0000 252.7082 0.2085 0.0913 -0.4487 3.9109 7.0000 6.9902 0.0635 
12.3384 10.0000 258.4300 0.2088 0.0902 -0.4461 3.8930 7.0000 9.1055 0.0648 
12.6122 10.0000 267.9028 0.2031 0.0893 -0.4536 3.8692 8.0000 6.8181 0.0605 
12.3422 10.0000 260.5888 0.2043 0.0893 -0.4425 3.8914 7.0000 4.3083 0.0648 
12.6462 10.0000 269.5020 0.2008 0.0887 -0.4490 3.8676 7.0000 4.3531 0.0739 
12.2808 10.0000 254.7402 0.2015 0.0902 -0.4418 3.9019 7.0000 3.2117 0.0762 
12.1318 10.0000 250.0802 0.2079 0.0908 -0.4435 3.9150 7.0000 4.4836 0.0629 
12.4188 10.0000 258.5718 0.1986 0.0893 -0.4414 3.8908 7.0000 4.2236 0.0629 
12.1718 6.0000 251.3250 0.1997 0.0889 -0.4319 3.9092 7.0000 4.2673 0.0730 
12.4674 10.0000 261.1528 0.2016 0.0893 -0.4457 3.8859 7.0000 4.2643 0.0629 
12.4370 10.0000 260.3268 0.2010 0.0891 -0.4455 3.8877 7.0000 4.3999 0.0697 
12.3672 10.0000 257.9586 0.2039 0.0905 -0.4441 3.8937 7.0000 4.6599 0.0577 
12.4188 10.0000 260.4888 0.2019 0.0895 -0.4477 3.8865 7.0000 4.4426 0.0719 
12.0684 10.0000 248.9422 0.2088 0.0900 -0.4399 3.9159 7.0000 4.4820 0.0701 
12.1988 10.0000 253.4776 0.2053 0.0897 -0.4418 3.9076 7.0000 3.2560 0.0630 
12.2234 8.0000 255.4898 0.2038 0.0899 -0.4355 3.9041 7.0000 3.3336 0.0612 
12.4258 10.0000 261.1694 0.2039 0.0897 -0.4451 3.8879 7.0000 4.2668 0.0656 
12.4042 10.0000 261.2156 0.2049 0.0897 -0.4411 3.8889 7.0000 11.1229 0.0594 
12.3508 8.0000 258.8526 0.2034 0.0895 -0.4392 3.8906 7.0000 10.9433 0.0594 
12.3044 10.0000 258.4780 0.2023 0.0886 -0.4367 3.8933 7.0000 6.1565 0.0596 
12.3816 10.0000 257.4966 0.2048 0.0906 -0.4425 3.8986 7.0000 3.2519 0.0671 
12.2778 10.0000 255.0940 0.2031 0.0902 -0.4417 3.9046 7.0000 4.3545 0.0645 
12.4144 10.0000 261.0188 0.2027 0.0889 -0.4429 3.8862 7.0000 4.2668 0.0756 
12.4368 10.0000 262.5978 0.2042 0.0892 -0.4460 3.8829 7.0000 4.4425 0.0764 
12.4196 8.0000 262.5156 0.2028 0.0891 -0.4405 3.8824 7.0000 4.5290 0.0726 
12.4816 10.0000 263.5146 0.2042 0.0894 -0.4536 3.8791 7.0000 4.4014 0.0601 
12.3674 6.0000 260.3748 0.2027 0.0884 -0.4398 3.8872 7.0000 4.3849 0.0757 
12.3396 10.0000 260.7876 0.2073 0.0887 -0.4488 3.8876 7.0000 3.1654 0.0757 
12.3578 8.0000 257.8442 0.2030 0.0892 -0.4504 3.8899 7.0000 4.3551 0.0750 
12.6556 8.0000 271.1976 0.2038 0.0889 -0.4509 3.8671 6.0000 4.2217 0.0663 
12.3264 10.0000 256.4260 0.1993 0.0893 -0.4342 3.8942 7.0000 8.9567 0.0687 
12.4874 10.0000 267.9552 0.2098 0.0901 -0.4480 3.8761 7.0000 8.4406 0.0698 
12.1974 9.0000 255.9990 0.2072 0.0888 -0.4369 3.8961 7.0000 4.5302 0.0677 
12.2330 8.0000 256.6312 0.2079 0.0893 -0.4429 3.8992 7.0000 4.4849 0.0677 
12.2582 10.0000 254.6286 0.2087 0.0904 -0.4497 3.9080 8.0000 4.5311 0.0767 
12.3238 10.0000 256.8502 0.2049 0.0893 -0.4494 3.8953 7.0000 4.4425 0.0767 
12.3422 9.0000 258.0294 0.2007 0.0894 -0.4353 3.8978 7.0000 4.5750 0.0621 
12.3952 10.0000 262.4870 0.2048 0.0894 -0.4427 3.8874 7.0000 5.4096 0.0670 
12.0836 10.0000 247.6978 0.2073 0.0909 -0.4379 3.9225 7.0000 5.2791 0.0670 
12.3452 10.0000 259.7142 0.2045 0.0893 -0.4436 3.8925 8.0000 3.2098 0.0767 
12.3636 10.0000 259.2064 0.2017 0.0892 -0.4411 3.8911 7.0000 4.2687 0.0674 
12.0782 8.0000 251.5914 0.2061 0.0883 -0.4364 3.9049 7.0000 4.3098 0.0711 
12.4368 8.0000 262.4050 0.2037 0.0893 -0.4476 3.8818 7.0000 4.4410 0.0610 
12.3210 10.0000 255.7670 0.2039 0.0902 -0.4423 3.9024 7.0000 5.7601 0.0680 
12.1462 10.0000 253.4984 0.2099 0.0902 -0.4457 3.9081 7.0000 5.8970 0.0634 
12.3016 10.0000 260.3060 0.2082 0.0891 -0.4467 3.8915 8.0000 6.0704 0.0692 
12.4272 10.0000 262.1056 0.2063 0.0896 -0.4489 3.8842 7.0000 9.2402 0.0692 
12.0768 10.0000 247.5062 0.2070 0.0918 -0.4401 3.9241 7.0000 6.9945 0.0666 
12.3960 10.0000 263.8934 0.2083 0.0898 -0.4430 3.8815 8.0000 4.4878 0.0694 
12.3842 10.0000 258.6722 0.2045 0.0896 -0.4485 3.8930 7.0000 5.4989 0.0650 
12.2856 10.0000 258.0846 0.2029 0.0892 -0.4334 3.8918 7.0000 5.3667 0.0650 
12.4674 10.0000 264.0732 0.2081 0.0888 -0.4578 3.8798 7.0000 4.3954 0.0589 
12.1770 10.0000 251.5086 0.2053 0.0898 -0.4395 3.9081 7.0000 3.2126 0.0652 
12.2646 10.0000 255.7666 0.2051 0.0884 -0.4437 3.8949 8.0000 4.1794 0.0745 
12.3466 10.0000 260.0856 0.2043 0.0889 -0.4345 3.8908 7.0000 4.2702 0.0577 
12.5926 10.0000 270.3112 0.2017 0.0890 -0.4441 3.8662 7.0000 4.5307 0.0660 
12.3082 10.0000 257.8430 0.2016 0.0893 -0.4315 3.8983 7.0000 4.5239 0.0758 
12.5122 10.0000 263.5212 0.2049 0.0890 -0.4573 3.8797 7.0000 4.4886 0.0668 
12.2902 3.0000 255.2612 0.2020 0.0899 -0.4415 3.9003 7.0000 4.6193 0.0668 
12.4068 10.0000 261.5172 0.2011 0.0889 -0.4392 3.8873 7.0000 4.3124 0.0633 
12.3756 10.0000 259.3532 0.2026 0.0904 -0.4372 3.8946 7.0000 3.1669 0.0708 
12.3654 10.0000 257.4506 0.2033 0.0907 -0.4437 3.8995 7.0000 5.8513 0.0651 
12.3876 3.0000 257.2648 0.2026 0.0910 -0.4449 3.8970 7.0000 5.8048 0.0607 
12.4084 10.0000 261.4388 0.2073 0.0899 -0.4490 3.8870 7.0000 4.4873 0.0707 
12.4886 10.0000 264.4630 0.2004 0.0887 -0.4419 3.8787 7.0000 4.1392 0.0656 
12.4300 10.0000 263.0822 0.2055 0.0892 -0.4465 3.8831 7.0000 4.4433 0.0739 
12.3010 10.0000 256.5080 0.2035 0.0889 -0.4484 3.8932 7.0000 3.2103 0.0742 
12.2886 10.0000 258.5402 0.2065 0.0887 -0.4473 3.8921 7.0000 4.5338 0.0640 
12.0800 10.0000 250.3288 0.2022 0.0889 -0.4289 3.9118 7.0000 4.3099 0.0594 
12.5120 6.0000 265.3724 0.2028 0.0888 -0.4476 3.8758 7.0000 6.6846 0.0660 
12.2768 9.0000 257.2442 0.2063 0.0893 -0.4451 3.8970 7.0000 6.4664 0.0724 
12.4222 10.0000 261.7318 0.2051 0.0889 -0.4499 3.8806 7.0000 4.3994 0.0697 
12.4342 9.0000 262.0144 0.2002 0.0890 -0.4384 3.8837 7.0000 4.2671 0.0687 
12.3326 10.0000 258.0916 0.2023 0.0906 -0.4328 3.8971 7.0000 4.4429 0.0687 
12.3376 10.0000 259.2628 0.2073 0.0897 -0.4528 3.8910 7.0000 4.4444 0.0734 
12.5476 10.0000 270.1952 0.2075 0.0888 -0.4502 3.8668 7.0000 3.2541 0.0697 
12.2470 8.0000 256.1168 0.2098 0.0899 -0.4512 3.8951 7.0000 4.4420 0.0717 
12.3582 10.0000 257.9178 0.2030 0.0895 -0.4410 3.8946 7.0000 4.3529 0.0650 
12.5094 10.0000 264.3496 0.2004 0.0890 -0.4429 3.8758 7.0000 4.3105 0.0633 
12.2778 10.0000 256.8408 0.2057 0.0899 -0.4420 3.8995 7.0000 4.5311 0.0637 
12.3314 10.0000 257.0640 0.2029 0.0899 -0.4412 3.8982 7.0000 4.4299 0.0635 
12.2850 10.0000 255.5562 0.2045 0.0901 -0.4396 3.9000 7.0000 4.5316 0.0635 
12.4388 6.0000 263.7216 0.2068 0.0888 -0.4480 3.8793 7.0000 4.3136 0.0722 
12.2660 10.0000 254.2656 0.2037 0.0904 -0.4423 3.9062 7.0000 5.7190 0.0721 
12.3220 10.0000 258.6084 0.2059 0.0907 -0.4418 3.8975 7.0000 6.2523 0.0751 
12.4748 10.0000 262.1272 0.1979 0.0894 -0.4353 3.8859 7.0000 6.1606 0.0627 
12.3486 9.0000 259.5530 0.2033 0.0898 -0.4422 3.8910 7.0000 4.4432 0.0730 
12.2590 10.0000 256.3562 0.2021 0.0895 -0.4338 3.9007 7.0000 4.4425 0.0703 
12.4546 8.0000 264.5282 0.2033 0.0890 -0.4444 3.8764 7.0000 3.1262 0.0716 
12.4746 10.0000 264.7328 0.2065 0.0886 -0.4506 3.8767 7.0000 4.3115 0.0663 
12.2438 7.0000 254.3258 0.2081 0.0896 -0.4516 3.9041 7.0000 4.3555 0.0683 
12.4062 5.0000 258.8634 0.2019 0.0887 -0.4480 3.8883 7.0000 4.3991 0.0637 
12.3780 10.0000 259.7700 0.2055 0.0895 -0.4499 3.8907 7.0000 6.7745 0.0797 
12.1964 10.0000 254.0816 0.2099 0.0904 -0.4471 3.9060 7.0000 6.4221 0.0797 
12.4912 9.0000 262.4126 0.2039 0.0898 -0.4492 3.8851 7.0000 4.3934 0.0541 
12.1810 10.0000 253.6230 0.2055 0.0898 -0.4382 3.9084 7.0000 4.4870 0.0656 
12.3490 9.0000 259.4618 0.2069 0.0896 -0.4489 3.8904 7.0000 4.4828 0.0656 
12.3348 10.0000 256.0060 0.2073 0.0904 -0.4538 3.8986 7.0000 3.2122 0.0680 
12.2122 10.0000 253.3576 0.2100 0.0895 -0.4558 3.9018 7.0000 4.3559 0.0668 
12.3596 6.0000 257.5876 0.2023 0.0897 -0.4434 3.8972 7.0000 4.4409 0.0628 
12.3864 10.0000 261.0820 0.2043 0.0895 -0.4482 3.8869 7.0000 4.4456 0.0638 
12.5602 10.0000 265.7704 0.2043 0.0895 -0.4527 3.8746 7.0000 4.5307 0.0719 
12.3912 4.0000 258.7542 0.2028 0.0895 -0.4480 3.8904 7.0000 4.5274 0.0669 
12.2502 10.0000 253.6368 0.2004 0.0899 -0.4377 3.9032 7.0000 3.3023 0.0649 
12.4284 10.0000 260.5100 0.2041 0.0898 -0.4506 3.8842 7.0000 6.8619 0.0565 
12.3662 7.0000 260.2826 0.2041 0.0902 -0.4391 3.8936 7.0000 6.3344 0.0775 
12.2358 10.0000 252.4804 0.2036 0.0903 -0.4462 3.9067 7.0000 4.6157 0.0700 
12.4870 10.0000 264.9008 0.2057 0.0893 -0.4475 3.8806 7.0000 4.3081 0.0725 
11.9850 9.0000 243.4936 0.2055 0.0898 -0.4383 3.9290 7.0000 4.3105 0.0670 
12.4400 10.0000 263.4232 0.2051 0.0897 -0.4480 3.8842 7.0000 4.7139 0.0656 
12.2794 8.0000 256.5320 0.2044 0.0883 -0.4461 3.8918 7.0000 4.3097 0.0697 
12.2228 9.0000 252.0830 0.2020 0.0898 -0.4362 3.9080 7.0000 3.1667 0.0602 
12.3722 10.0000 257.7406 0.2014 0.0898 -0.4435 3.8931 7.0000 4.3991 0.0603 
12.2590 10.0000 256.2364 0.2058 0.0907 -0.4378 3.9042 7.0000 4.4891 0.0642 
12.3582 10.0000 257.8736 0.2025 0.0891 -0.4457 3.8934 7.0000 4.3080 0.0622 
12.1518 10.0000 250.5594 0.2052 0.0893 -0.4422 3.9117 7.0000 4.6164 0.0600 
12.3622 10.0000 257.1780 0.2035 0.0901 -0.4476 3.8972 7.0000 4.5756 0.0744 
12.4086 10.0000 262.7900 0.2043 0.0889 -0.4432 3.8853 7.0000 4.3150 0.0544 
12.3912 6.0000 260.1898 0.2045 0.0895 -0.4468 3.8852 7.0000 3.3876 0.0603 
12.3766 8.0000 259.1240 0.2019 0.0893 -0.4408 3.8894 7.0000 4.4023 0.0602 
12.4384 10.0000 262.4262 0.2043 0.0894 -0.4460 3.8795 7.0000 4.3994 0.0602 
12.2620 10.0000 252.2004 0.2042 0.0900 -0.4443 3.9071 7.0000 4.4890 0.0701 
12.6962 10.0000 272.2362 0.2043 0.0890 -0.4527 3.8613 7.0000 4.3972 0.0654 
12.4262 10.0000 260.9388 0.2046 0.0899 -0.4508 3.8844 7.0000 8.5337 0.0627 
12.3946 9.0000 259.7596 0.2015 0.0892 -0.4429 3.8902 7.0000 6.7339 0.0552 
12.5308 10.0000 264.3182 0.2008 0.0894 -0.4459 3.8799 7.0000 4.4429 0.0699 
12.4874 10.0000 262.2348 0.2013 0.0886 -0.4439 3.8818 7.0000 4.3988 0.0635 
12.5180 9.0000 263.7472 0.2027 0.0888 -0.4486 3.8801 7.0000 4.4408 0.0720 
12.0296 10.0000 245.9770 0.2029 0.0899 -0.4307 3.9244 7.0000 4.5318 0.0572 
12.3890 10.0000 257.4764 0.1974 0.0891 -0.4328 3.8949 7.0000 4.3125 0.0645 
12.2090 10.0000 252.9112 0.2006 0.0886 -0.4387 3.9039 7.0000 4.9154 0.0629 
12.3158 8.0000 259.3236 0.2041 0.0897 -0.4384 3.8954 7.0000 5.1933 0.0658 
12.3064 9.0000 256.7054 0.2006 0.0878 -0.4392 3.8930 7.0000 4.1381 0.0721 
12.4036 10.0000 262.9424 0.2040 0.0890 -0.4420 3.8843 7.0000 3.1689 0.0642 
12.4552 5.0000 261.9180 0.2016 0.0893 -0.4422 3.8855 7.0000 4.3573 0.0656 
12.3726 7.0000 259.0236 0.2061 0.0899 -0.4461 3.8889 7.0000 4.4020 0.0715 
12.4346 10.0000 258.7716 0.1988 0.0892 -0.4448 3.8920 7.0000 4.5298 0.0650 
12.5740 10.0000 267.0030 0.2045 0.0883 -0.4540 3.8692 7.0000 4.5273 0.0650 
12.3840 7.0000 259.9282 0.2082 0.0899 -0.4556 3.8880 7.0000 3.2539 0.0726 
12.4356 10.0000 263.0346 0.1998 0.0878 -0.4384 3.8820 8.0000 4.3097 0.0823 
12.3190 10.0000 259.4452 0.2075 0.0889 -0.4426 3.8922 7.0000 4.4857 0.0721 
12.3290 10.0000 253.3850 0.1975 0.0891 -0.4377 3.9000 7.0000 4.3103 0.0686 
12.4120 9.0000 261.3326 0.2033 0.0887 -0.4492 3.8855 7.0000 4.3962 0.0654 
12.3140 10.0000 257.8536 0.2030 0.0890 -0.4464 3.8925 7.0000 4.4009 0.0654 
12.3604 10.0000 260.7306 0.2038 0.0888 -0.4373 3.8886 8.0000 4.3987 0.0614 
12.3298 9.0000 259.3514 0.2088 0.0898 -0.4506 3.8907 7.0000 4.4442 0.0641 
12.2582 10.0000 255.4054 0.2041 0.0898 -0.4377 3.9011 7.0000 3.2108 0.0787 
12.4180 8.0000 263.1246 0.2050 0.0889 -0.4430 3.8838 7.0000 4.3998 0.0575 
12.2576 10.0000 256.4778 0.2051 0.0890 -0.4441 3.8965 7.0000 4.4882 0.0620 
12.1268 10.0000 251.1112 0.2087 0.0892 -0.4470 3.9096 7.0000 4.4413 0.0620 
12.0322 10.0000 249.0770 0.2082 0.0901 -0.4320 3.9216 9.0000 4.6616 0.0579 
12.1806 10.0000 250.1170 0.2004 0.0898 -0.4310 3.9113 7.0000 4.3999 0.0691 
12.4856 10.0000 263.1500 0.2042 0.0891 -0.4506 3.8825 7.0000 4.4421 0.0738 
12.4124 9.0000 260.7008 0.2063 0.0895 -0.4513 3.8908 7.0000 5.0149 0.0738 
12.0078 9.0000 246.9476 0.2022 0.0897 -0.4238 3.9249 7.0000 5.1050 0.0738 
12.4714 10.0000 262.2690 0.2013 0.0896 -0.4455 3.8840 7.0000 3.1689 0.0666 
12.3352 10.0000 259.1394 0.1987 0.0884 -0.4370 3.8909 7.0000 4.3121 0.0626 
12.5016 8.0000 264.4938 0.2000 0.0885 -0.4432 3.8748 7.0000 4.3086 0.0689 
12.2886 10.0000 255.1158 0.2011 0.0898 -0.4334 3.9033 7.0000 4.2654 0.0610 
12.4420 10.0000 261.8916 0.2042 0.0905 -0.4454 3.8895 7.0000 6.1995 0.0722 
12.0718 9.0000 249.4070 0.2102 0.0902 -0.4426 3.9199 8.0000 6.1170 0.0667 
12.5218 10.0000 266.3208 0.2013 0.0890 -0.4390 3.8767 7.0000 4.3531 0.0687 
12.4262 10.0000 259.3732 0.2007 0.0901 -0.4438 3.8909 7.0000 4.6550 0.0788 
12.4080 10.0000 262.1604 0.2078 0.0897 -0.4544 3.8813 7.0000 4.7469 0.0788 
12.3118 10.0000 255.4724 0.2053 0.0909 -0.4489 3.9007 7.0000 12.4002 0.0619 
12.1982 10.0000 253.8910 0.2073 0.0918 -0.4356 3.9115 7.0000 13.5486 0.0722 
12.2014 10.0000 256.0332 0.2091 0.0895 -0.4421 3.9038 7.0000 8.4003 0.0648 
12.3604 10.0000 257.5988 0.2024 0.0887 -0.4469 3.8918 7.0000 4.3973 0.0619 
12.3592 9.0000 257.5168 0.2057 0.0898 -0.4468 3.8954 7.0000 4.2244 0.0648 
12.4644 10.0000 264.8830 0.2065 0.0897 -0.4491 3.8777 7.0000 4.3996 0.0632 
12.4316 7.0000 260.9376 0.2043 0.0900 -0.4504 3.8862 7.0000 4.4844 0.0632 
12.2524 10.0000 255.7582 0.2082 0.0897 -0.4461 3.8994 7.0000 4.6049 0.0799 
12.3570 10.0000 258.3632 0.1997 0.0893 -0.4356 3.8937 7.0000 4.4860 0.0620 
12.2740 10.0000 255.6342 0.2038 0.0889 -0.4445 3.8967 7.0000 6.2265 0.0668 
12.4276 10.0000 259.8448 0.2006 0.0895 -0.4409 3.8901 7.0000 4.9919 0.0689 
12.1986 8.0000 255.8890 0.2088 0.0901 -0.4470 3.9011 7.0000 6.2446 0.0625 
12.2606 9.0000 252.9184 0.2019 0.0906 -0.4406 3.9088 7.0000 4.6590 0.0611 
12.5474 10.0000 266.5216 0.2044 0.0897 -0.4473 3.8782 7.0000 5.9353 0.0777 
12.3042 10.0000 257.6678 0.2066 0.0901 -0.4481 3.8934 7.0000 5.5470 0.0777 
12.4670 10.0000 262.8188 0.2029 0.0890 -0.4442 3.8840 7.0000 4.4407 0.0637 
12.3766 10.0000 260.8454 0.2083 0.0905 -0.4507 3.8901 7.0000 9.7017 0.0648 
12.2668 7.0000 252.5872 0.2028 0.0919 -0.4358 3.9117 8.0000 9.4097 0.0637 
12.3462 9.0000 258.7384 0.2052 0.0887 -0.4464 3.8909 7.0000 4.3990 0.0748 
12.4544 10.0000 262.3726 0.2043 0.0897 -0.4447 3.8870 7.0000 4.4398 0.0826 
12.1400 10.0000 252.2844 0.2121 0.0897 -0.4533 3.9054 7.0000 4.5314 0.0748 
12.5164 10.0000 260.4436 0.1986 0.0890 -0.4477 3.8848 7.0000 4.4631 0.0674 
12.3576 9.0000 257.2196 0.2029 0.0886 -0.4442 3.8942 7.0000 4.2679 0.0739 
12.3402 10.0000 258.6738 0.2057 0.0893 -0.4494 3.8928 7.0000 4.5323 0.0726 
12.0900 7.0000 250.1592 0.2071 0.0904 -0.4380 3.9146 7.0000 7.2023 0.0683 
12.2402 10.0000 253.3942 0.2026 0.0902 -0.4368 3.9064 7.0000 6.8998 0.0757 
12.3464 8.0000 258.0742 0.2049 0.0896 -0.4466 3.8970 7.0000 4.4865 0.0690 
12.3282 10.0000 260.6142 0.2121 0.0903 -0.4557 3.8901 7.0000 4.7511 0.0535 
12.4202 10.0000 262.6042 0.2083 0.0892 -0.4514 3.8847 7.0000 4.3448 0.0665 
12.1440 3.0000 251.9912 0.2046 0.0889 -0.4359 3.9057 7.0000 5.3036 0.0776 
12.1370 9.0000 249.9976 0.2005 0.0900 -0.4315 3.9124 7.0000 5.2166 0.0600 
12.3534 9.0000 259.8062 0.2088 0.0896 -0.4541 3.8894 7.0000 4.5314 0.0745 
12.2688 10.0000 253.7696 0.2049 0.0904 -0.4466 3.9077 7.0000 4.2633 0.0683 
12.2838 8.0000 256.1356 0.2060 0.0908 -0.4365 3.9038 7.0000 4.6038 0.0618 
12.2330 8.0000 252.9094 0.2040 0.0897 -0.4427 3.9060 8.0000 4.5741 0.0817 
12.2460 8.0000 253.8028 0.2042 0.0895 -0.4440 3.9019 7.0000 4.5304 0.0656 
12.2956 6.0000 259.2150 0.2083 0.0886 -0.4518 3.8906 7.0000 4.5245 0.0604 
12.5280 5.0000 264.5926 0.2015 0.0894 -0.4467 3.8779 7.0000 4.2520 0.0785 
12.0860 10.0000 249.7170 0.2026 0.0892 -0.4327 3.9139 7.0000 3.1646 0.0609 
12.2588 10.0000 253.4452 0.2059 0.0902 -0.4482 3.9031 7.0000 4.5685 0.0738 
12.4398 10.0000 260.7478 0.2009 0.0896 -0.4415 3.8893 7.0000 4.1810 0.0681 
12.0306 10.0000 246.0808 0.2063 0.0899 -0.4381 3.9237 7.0000 3.2125 0.0703 
12.3706 8.0000 259.1370 0.2026 0.0893 -0.4398 3.8900 7.0000 4.6163 0.0642 
12.3434 10.0000 257.4962 0.2043 0.0897 -0.4445 3.8919 7.0000 4.3524 0.0696 
12.2852 4.0000 257.5574 0.2096 0.0905 -0.4473 3.8971 7.0000 4.7419 0.0578 
12.4606 8.0000 263.9026 0.2039 0.0886 -0.4477 3.8823 7.0000 4.3538 0.0663 
12.4844 10.0000 264.5982 0.2055 0.0893 -0.4479 3.8814 7.0000 4.3534 0.0673 
12.3374 10.0000 257.6362 0.2027 0.0891 -0.4458 3.8942 7.0000 4.3948 0.0689 
12.1888 9.0000 255.6506 0.2067 0.0895 -0.4398 3.8972 7.0000 4.7021 0.0726 
12.4630 10.0000 261.7636 0.2043 0.0900 -0.4498 3.8861 7.0000 4.4865 0.0743 
12.3216 9.0000 258.7444 0.2099 0.0887 -0.4509 3.8904 7.0000 3.3368 0.0678 
12.1572 9.0000 253.2584 0.2100 0.0888 -0.4496 3.9052 7.0000 4.5313 0.0803 
12.4804 10.0000 265.7642 0.2043 0.0892 -0.4434 3.8770 7.0000 4.4445 0.0708 
12.3132 10.0000 258.5858 0.2034 0.0894 -0.4358 3.8950 7.0000 4.3532 0.0623 
12.5918 10.0000 266.6730 0.2031 0.0891 -0.4531 3.8733 7.0000 4.3998 0.0706 
12.1972 9.0000 251.9632 0.2057 0.0898 -0.4426 3.9078 7.0000 4.4834 0.0676 
12.4016 10.0000 261.6350 0.2027 0.0892 -0.4438 3.8844 7.0000 4.4438 0.0648 
12.3412 8.0000 255.8508 0.2025 0.0899 -0.4430 3.8993 7.0000 4.4399 0.0739 
12.4350 10.0000 263.3266 0.2051 0.0881 -0.4490 3.8767 7.0000 3.2096 0.0767 
12.2828 9.0000 257.4814 0.2078 0.0893 -0.4493 3.8945 7.0000 4.6598 0.0687 
12.2852 6.0000 256.3244 0.2042 0.0894 -0.4430 3.8984 7.0000 4.6152 0.0623 
12.2926 10.0000 257.5100 0.2061 0.0906 -0.4398 3.8975 7.0000 4.6601 0.0602 
12.4394 10.0000 261.7040 0.2057 0.0893 -0.4525 3.8845 7.0000 4.5234 0.0637 
12.4704 10.0000 261.7978 0.2037 0.0895 -0.4526 3.8823 7.0000 3.3411 0.0620 
12.2626 10.0000 257.1112 0.2112 0.0903 -0.4525 3.8992 7.0000 4.5747 0.0659 
12.2436 8.0000 255.5788 0.2031 0.0889 -0.4446 3.8965 7.0000 4.4008 0.0679 
12.3348 10.0000 257.9440 0.2017 0.0891 -0.4355 3.8931 7.0000 4.3412 0.0704 
12.3752 10.0000 261.3170 0.2082 0.0890 -0.4554 3.8865 7.0000 4.6559 0.0737 
12.4770 9.0000 263.0008 0.1999 0.0892 -0.4413 3.8808 7.0000 3.2538 0.0765 
12.4078 4.0000 261.1910 0.2065 0.0894 -0.4544 3.8842 7.0000 4.5724 0.0676 
12.2912 10.0000 254.9928 0.2017 0.0896 -0.4395 3.9018 7.0000 4.4774 0.0724 
12.3596 10.0000 257.4176 0.2018 0.0896 -0.4462 3.8945 7.0000 4.4441 0.0724 
12.5462 10.0000 266.2526 0.2036 0.0898 -0.4494 3.8765 7.0000 4.4828 0.0660 
12.3370 10.0000 260.4200 0.2028 0.0884 -0.4331 3.8917 7.0000 4.3082 0.0724 
12.2082 10.0000 252.8542 0.2044 0.0895 -0.4404 3.9048 7.0000 4.3560 0.0652 
12.1690 10.0000 252.0496 0.2058 0.0897 -0.4388 3.9111 7.0000 4.3115 0.0687 
12.3026 10.0000 258.5954 0.2096 0.0899 -0.4508 3.8939 7.0000 4.5305 0.0594 
12.1650 4.0000 250.2580 0.2022 0.0897 -0.4387 3.9102 7.0000 3.5172 0.0800 
12.2266 8.0000 255.7568 0.2042 0.0895 -0.4317 3.9003 8.0000 4.5658 0.0633 
12.4046 10.0000 259.7082 0.2067 0.0899 -0.4501 3.8909 7.0000 4.6628 0.0604 
12.2192 10.0000 253.0058 0.2007 0.0898 -0.4326 3.9066 7.0000 4.5704 0.0706 
12.4010 9.0000 259.9916 0.2053 0.0896 -0.4490 3.8882 7.0000 11.6102 0.0637 
12.1280 8.0000 251.1948 0.2041 0.0907 -0.4309 3.9147 8.0000 12.9284 0.0727 
12.3488 8.0000 256.1170 0.2038 0.0905 -0.4452 3.8999 7.0000 9.3225 0.0637 
12.3606 8.0000 257.6972 0.2050 0.0895 -0.4518 3.8926 7.0000 4.4874 0.0658 
12.2890 10.0000 258.0246 0.2079 0.0905 -0.4435 3.8991 7.0000 4.5320 0.0748 
12.4780 10.0000 264.2722 0.2012 0.0882 -0.4500 3.8733 7.0000 4.3543 0.0734 
12.2568 9.0000 255.0626 0.2094 0.0907 -0.4521 3.9026 7.0000 3.7386 0.0644 
12.5196 10.0000 266.8374 0.2067 0.0891 -0.4499 3.8767 7.0000 4.4839 0.0745 
12.4276 10.0000 259.9400 0.2045 0.0899 -0.4536 3.8905 7.0000 4.2242 0.0665 
12.2810 8.0000 257.6172 0.2089 0.0893 -0.4504 3.8929 7.0000 4.6154 0.0775 
12.1018 10.0000 249.4406 0.2053 0.0897 -0.4407 3.9136 8.0000 4.5770 0.0775 
12.3642 10.0000 261.7108 0.2064 0.0892 -0.4491 3.8845 7.0000 4.5309 0.0601 
12.2676 9.0000 254.8208 0.2013 0.0898 -0.4373 3.9027 7.0000 4.3946 0.0675 
12.3632 10.0000 260.1276 0.2058 0.0899 -0.4433 3.8920 8.0000 7.0815 0.0673 
12.2390 10.0000 253.1708 0.2061 0.0899 -0.4464 3.9070 7.0000 6.6412 0.0673 
12.5256 10.0000 263.1808 0.1995 0.0897 -0.4389 3.8806 7.0000 3.2548 0.0689 
12.3846 10.0000 261.0862 0.2076 0.0892 -0.4539 3.8869 7.0000 4.7111 0.0673 
12.2190 7.0000 256.9628 0.2049 0.0903 -0.4291 3.9049 7.0000 3.2523 0.0673 
12.4356 10.0000 263.8476 0.2019 0.0891 -0.4438 3.8809 7.0000 4.5283 0.0673 
12.5882 6.0000 266.8696 0.1980 0.0883 -0.4383 3.8691 7.0000 4.4031 0.0673 
12.3660 10.0000 259.9458 0.2079 0.0895 -0.4517 3.8882 7.0000 4.6925 0.0673 
12.1632 5.0000 253.4490 0.2052 0.0905 -0.4355 3.9069 7.0000 5.8935 0.0673 
12.1450 8.0000 250.0058 0.2074 0.0913 -0.4402 3.9187 7.0000 5.7601 0.0673 
12.3352 10.0000 257.3392 0.2032 0.0897 -0.4429 3.8959 7.0000 4.4803 0.0673 
12.3890 10.0000 259.8288 0.2057 0.0894 -0.4449 3.8886 7.0000 4.4450 0.0673 
