12.4645 10.0000 262.6789 0.3691 0.1999 -0.4924 0.0000 0.0000 10.6714 0.0803 
12.3019 10.0000 256.9995 0.3783 0.2014 -0.5049 0.0000 0.0000 11.0128 0.0773 
12.3765 10.0000 259.7013 0.3695 0.1988 -0.4943 0.0000 0.0000 8.9663 0.0544 
12.5032 10.0000 266.7496 0.3650 0.1949 -0.4921 0.0000 0.0000 9.9654 0.0759 
12.1723 8.0000 251.1528 0.3692 0.1999 -0.4892 0.0000 0.0000 11.2274 0.0803 
12.3160 10.0000 257.7115 0.3603 0.1926 -0.4867 0.0000 0.0000 10.8352 0.0803 
12.5203 8.0000 264.8067 0.3649 0.1960 -0.4995 0.0000 0.0000 11.1822 0.0803 
12.5480 10.0000 266.2003 0.3679 0.1954 -0.5077 0.0000 0.0000 10.5503 0.0803 
12.4349 10.0000 262.2640 0.3645 0.1979 -0.4814 0.0000 0.0000 11.1850 0.0803 
12.3747 10.0000 257.9925 0.3701 0.2008 -0.4973 0.0000 0.0000 10.6652 0.0665 
12.2917 10.0000 257.7109 0.3629 0.1923 -0.4938 0.0000 0.0000 8.7533 0.0729 
12.3928 4.0000 260.6368 0.3743 0.2028 -0.4934 0.0000 0.0000 1.7157 0.0699 
12.0869 10.0000 248.3413 0.3757 0.2041 -0.4834 0.0000 0.0000 1.2735 0.0703 
12.4445 8.0000 259.7696 0.3654 0.1972 -0.5051 0.0000 0.0000 1.1876 0.0693 
12.2509 10.0000 254.4877 0.3736 0.1973 -0.5131 0.0000 0.0000 1.6281 0.0625 
12.3205 10.0000 256.0320 0.3734 0.2074 -0.4768 0.0000 0.0000 1.7561 0.0736 
12.2931 10.0000 254.8920 0.3675 0.2031 -0.4787 0.0000 0.0000 5.2338 0.0662 
12.6059 10.0000 268.1253 0.3642 0.1919 -0.5215 0.0000 0.0000 4.8352 0.0671 
12.2821 10.0000 253.6373 0.3703 0.1997 -0.5101 0.0000 0.0000 5.4499 0.0671 
12.3403 10.0000 258.2389 0.3691 0.1975 -0.4934 0.0000 0.0000 5.2766 0.0671 
12.4664 10.0000 261.0264 0.3608 0.1958 -0.5006 0.0000 0.0000 4.5240 0.0662 
12.3669 10.0000 255.4904 0.3618 0.1982 -0.4895 0.0000 0.0000 4.2141 0.0662 
12.4043 10.0000 260.6837 0.3746 0.2045 -0.4888 0.0000 0.0000 1.6276 0.0622 
12.3061 10.0000 256.1976 0.3640 0.1964 -0.4886 0.0000 0.0000 1.7078 0.0745 
12.4315 10.0000 262.9800 0.3771 0.2023 -0.5014 0.0000 0.0000 1.6730 0.0744 
12.3704 10.0000 257.1208 0.3626 0.1978 -0.4877 0.0000 0.0000 1.6247 0.0613 
12.3509 10.0000 256.6341 0.3731 0.1994 -0.5147 0.0000 0.0000 1.6175 0.0630 
12.4536 10.0000 260.3595 0.3633 0.2008 -0.4833 0.0000 0.0000 3.4741 0.0664 
12.2797 10.0000 255.5645 0.3675 0.1974 -0.4954 0.0000 0.0000 3.9992 0.0718 
12.2280 10.0000 252.6981 0.3636 0.1988 -0.4822 0.0000 0.0000 4.1754 0.0718 
12.4187 10.0000 260.0216 0.3592 0.1931 -0.4892 0.0000 0.0000 4.2218 0.0709 
12.3907 10.0000 257.8192 0.3634 0.1972 -0.4962 0.0000 0.0000 4.0909 0.0711 
12.4448 9.0000 259.9899 0.3639 0.1976 -0.4926 0.0000 0.0000 3.9571 0.0710 
12.1413 10.0000 249.7549 0.3700 0.2013 -0.4864 0.0000 0.0000 1.7167 0.0617 
12.2768 10.0000 255.5560 0.3707 0.2019 -0.4909 0.0000 0.0000 1.1877 0.0771 
12.3624 10.0000 261.2608 0.3710 0.2004 -0.4844 0.0000 0.0000 1.5690 0.0691 
12.3712 10.0000 260.5523 0.3696 0.1972 -0.4950 0.0000 0.0000 1.5854 0.0626 
12.2659 10.0000 254.1949 0.3730 0.2023 -0.4953 0.0000 0.0000 1.6647 0.0842 
12.3779 10.0000 259.3768 0.3732 0.2010 -0.4982 0.0000 0.0000 1.6611 0.0712 
12.4152 10.0000 260.0107 0.3616 0.1969 -0.4826 0.0000 0.0000 2.1542 0.0740 
12.1304 10.0000 249.7429 0.3730 0.2015 -0.4936 0.0000 0.0000 2.0262 0.0738 
12.3000 10.0000 256.9157 0.3817 0.2012 -0.5187 0.0000 0.0000 2.1458 0.0738 
12.3723 10.0000 261.3056 0.3751 0.1982 -0.5115 0.0000 0.0000 1.6725 0.0860 
12.5064 10.0000 262.8392 0.3633 0.1965 -0.4973 0.0000 0.0000 1.6299 0.0744 
12.0552 10.0000 246.9323 0.3730 0.1982 -0.5005 0.0000 0.0000 1.7541 0.0635 
12.3147 9.0000 255.8224 0.3637 0.1971 -0.4911 0.0000 0.0000 1.7147 0.0738 
12.5269 10.0000 265.8915 0.3685 0.1985 -0.4946 0.0000 0.0000 1.2733 0.0744 
12.1637 10.0000 251.2288 0.3726 0.2063 -0.4715 0.0000 0.0000 1.7606 0.0784 
12.2861 10.0000 257.4125 0.3757 0.1989 -0.5045 0.0000 0.0000 1.6211 0.0678 
12.2317 10.0000 256.1448 0.3660 0.1966 -0.4788 0.0000 0.0000 1.6722 0.0676 
12.4339 10.0000 259.8981 0.3734 0.2008 -0.5071 0.0000 0.0000 1.7570 0.0569 
12.2739 10.0000 255.7731 0.3699 0.2016 -0.4805 0.0000 0.0000 5.6242 0.0840 
12.2747 9.0000 257.3933 0.3786 0.2011 -0.5070 0.0000 0.0000 3.8244 0.0551 
12.5571 7.0000 263.4864 0.3669 0.1995 -0.4993 0.0000 0.0000 5.2282 0.0840 
12.1629 10.0000 253.0360 0.3693 0.1991 -0.4799 0.0000 0.0000 2.5488 0.0840 
12.6107 10.0000 267.8539 0.3691 0.1987 -0.5047 0.0000 0.0000 3.9981 0.0603 
12.2171 9.0000 252.5789 0.3690 0.1997 -0.4913 0.0000 0.0000 4.0010 0.0840 
12.2843 10.0000 258.2976 0.3734 0.1965 -0.5073 0.0000 0.0000 1.7570 0.0728 
12.4003 10.0000 260.8104 0.3839 0.2046 -0.5200 0.0000 0.0000 1.2325 0.0755 
12.3040 7.0000 256.0320 0.3714 0.1998 -0.5019 0.0000 0.0000 1.7143 0.0755 
12.5675 6.0000 263.2131 0.3563 0.1964 -0.4843 0.0000 0.0000 1.6214 0.0787 
12.1941 10.0000 251.4605 0.3716 0.2026 -0.4886 0.0000 0.0000 1.6693 0.0735 
12.3024 6.0000 256.3429 0.3762 0.1992 -0.5097 0.0000 0.0000 1.7109 0.0610 
12.4627 9.0000 262.8037 0.3781 0.2046 -0.5057 0.0000 0.0000 1.8911 0.0591 
12.3149 10.0000 256.6109 0.3835 0.2035 -0.5133 0.0000 0.0000 2.0213 0.0623 
12.3512 10.0000 259.2739 0.3765 0.2029 -0.4996 0.0000 0.0000 6.1559 0.0708 
12.4293 5.0000 258.8981 0.3634 0.1949 -0.5039 0.0000 0.0000 7.3421 0.0708 
12.2584 10.0000 253.2867 0.3660 0.2011 -0.4837 0.0000 0.0000 6.6357 0.0633 
12.4107 10.0000 258.2632 0.3666 0.1998 -0.5002 0.0000 0.0000 6.5050 0.0736 
12.2077 9.0000 254.1552 0.3703 0.1984 -0.4884 0.0000 0.0000 1.7137 0.0736 
12.1245 3.0000 249.9747 0.3747 0.2015 -0.4893 0.0000 0.0000 1.7985 0.0581 
12.3243 10.0000 256.2123 0.3756 0.2032 -0.5001 0.0000 0.0000 1.8039 0.0614 
12.3973 8.0000 259.2595 0.3674 0.1957 -0.5043 0.0000 0.0000 1.6710 0.0675 
12.6483 10.0000 268.4136 0.3684 0.1964 -0.5113 0.0000 0.0000 1.2306 0.0675 
12.3517 10.0000 255.4064 0.3689 0.2006 -0.5061 0.0000 0.0000 1.7575 0.0630 
12.4824 7.0000 263.3643 0.3755 0.1969 -0.5228 0.0000 0.0000 1.7589 0.0786 
12.7661 10.0000 273.7368 0.3679 0.1972 -0.5138 0.0000 0.0000 4.0943 0.0736 
12.0605 10.0000 247.9357 0.3738 0.1996 -0.4884 0.0000 0.0000 4.0480 0.0595 
12.4560 7.0000 261.7232 0.3701 0.2013 -0.4974 0.0000 0.0000 2.3767 0.0736 
12.2339 10.0000 251.3280 0.3783 0.2068 -0.5000 0.0000 0.0000 2.6855 0.0777 
12.3189 10.0000 254.4435 0.3612 0.1985 -0.4892 0.0000 0.0000 1.9785 0.0777 
12.4075 10.0000 258.8651 0.3681 0.2000 -0.5025 0.0000 0.0000 1.2319 0.0734 
12.4555 10.0000 261.2837 0.3772 0.2049 -0.5059 0.0000 0.0000 1.8068 0.0622 
12.0419 10.0000 243.6699 0.3707 0.2032 -0.4857 0.0000 0.0000 2.5329 0.0555 
12.3571 6.0000 259.9251 0.3661 0.1966 -0.4929 0.0000 0.0000 1.3635 0.0684 
12.1877 6.0000 252.5003 0.3738 0.2037 -0.4828 0.0000 0.0000 1.8018 0.0689 
12.3957 9.0000 255.6003 0.3723 0.2050 -0.4994 0.0000 0.0000 1.7157 0.0691 
12.2824 10.0000 255.9608 0.3743 0.2032 -0.4924 0.0000 0.0000 1.7585 0.0691 
12.2107 10.0000 256.5443 0.3842 0.2044 -0.5015 0.0000 0.0000 1.6239 0.0750 
12.2197 10.0000 253.0107 0.3752 0.2024 -0.4960 0.0000 0.0000 1.8863 0.0691 
12.2467 10.0000 254.2093 0.3804 0.2055 -0.5044 0.0000 0.0000 3.0328 0.0691 
12.4539 10.0000 260.0240 0.3576 0.1949 -0.4883 0.0000 0.0000 3.1226 0.0691 
12.3627 9.0000 256.0896 0.3712 0.2010 -0.5061 0.0000 0.0000 2.9011 0.0691 
12.1653 7.0000 250.7952 0.3634 0.1936 -0.4978 0.0000 0.0000 1.1882 0.0750 
12.2011 10.0000 250.9515 0.3663 0.2020 -0.4821 0.0000 0.0000 1.7553 0.0605 
12.2397 9.0000 254.2224 0.3747 0.2016 -0.5002 0.0000 0.0000 1.8464 0.0691 
12.2813 10.0000 253.3131 0.3730 0.2025 -0.5080 0.0000 0.0000 1.7145 0.0691 
12.3533 9.0000 256.8512 0.3782 0.2045 -0.5070 0.0000 0.0000 1.3164 0.0691 
12.3579 10.0000 257.4571 0.3713 0.1998 -0.5059 0.0000 0.0000 2.5037 0.0691 
12.2349 10.0000 250.6653 0.3731 0.1986 -0.5188 0.0000 0.0000 2.4636 0.0691 
