12.4033 10.0000 260.1124 0.0000 0.1207 -0.4814 0.0000 0.0000 127.1941 0.0598 
12.4399 10.0000 259.5682 0.0000 0.1223 -0.4775 0.0000 0.0000 119.8900 0.0679 
12.3905 9.0000 260.1194 0.0000 0.1213 -0.4778 0.0000 0.0000 120.4057 0.0679 
12.4029 10.0000 258.6024 0.0000 0.1229 -0.4790 0.0000 0.0000 125.0457 0.0598 
12.4956 10.0000 261.5564 0.0000 0.1207 -0.4810 0.0000 0.0000 121.8631 0.0690 
12.1701 10.0000 252.0646 0.0000 0.1224 -0.4703 0.0000 0.0000 129.7363 0.0598 
12.4054 8.0000 258.2610 0.0000 0.1217 -0.4770 0.0000 0.0000 127.8164 0.0679 
12.4050 10.0000 258.7199 0.0000 0.1222 -0.4694 0.0000 0.0000 125.4896 0.0679 
12.4470 10.0000 262.5907 0.0000 0.1212 -0.4855 0.0000 0.0000 124.5251 0.0690 
12.3208 10.0000 257.2878 0.0000 0.1224 -0.4756 0.0000 0.0000 121.0932 0.0598 
12.3870 4.0000 258.7138 0.0000 0.1226 -0.4823 0.0000 0.0000 129.4346 0.0598 
12.3131 10.0000 256.0474 0.0000 0.1235 -0.4802 0.0000 0.0000 30.0715 0.0742 
12.2339 10.0000 253.9401 0.0000 0.1233 -0.4780 0.0000 0.0000 28.6724 0.0607 
12.4078 10.0000 259.4183 0.0000 0.1226 -0.4786 0.0000 0.0000 46.7734 0.0675 
12.4753 10.0000 261.4790 0.0000 0.1231 -0.4782 0.0000 0.0000 40.0957 0.0742 
12.3345 10.0000 255.5846 0.0000 0.1207 -0.4809 0.0000 0.0000 57.4882 0.0742 
12.3703 10.0000 255.2245 0.0000 0.1218 -0.4729 0.0000 0.0000 50.5621 0.0727 
12.3772 7.0000 258.5756 0.0000 0.1237 -0.4780 0.0000 0.0000 37.8605 0.0623 
12.5878 6.0000 266.9282 0.0000 0.1236 -0.4867 0.0000 0.0000 51.5596 0.0734 
12.4993 10.0000 263.3108 0.0000 0.1205 -0.4840 0.0000 0.0000 58.2145 0.0734 
12.4923 8.0000 264.0639 0.0000 0.1196 -0.4824 0.0000 0.0000 59.9194 0.0675 
12.3624 10.0000 257.3426 0.0000 0.1206 -0.4730 0.0000 0.0000 57.5892 0.0675 
12.2312 8.0000 254.5175 0.0000 0.1221 -0.4790 0.0000 0.0000 28.2117 0.0657 
12.2614 10.0000 255.4349 0.0000 0.1224 -0.4762 0.0000 0.0000 55.5144 0.0741 
12.2696 10.0000 254.9360 0.0000 0.1239 -0.4771 0.0000 0.0000 67.2899 0.0741 
12.3458 8.0000 258.7626 0.0000 0.1224 -0.4803 0.0000 0.0000 61.5834 0.0741 
12.4318 10.0000 261.6050 0.0000 0.1234 -0.4840 0.0000 0.0000 32.9084 0.0680 
12.3021 8.0000 255.7539 0.0000 0.1227 -0.4749 0.0000 0.0000 49.5896 0.0632 
12.3948 7.0000 260.1534 0.0000 0.1231 -0.4785 0.0000 0.0000 51.7839 0.0671 
12.4070 8.0000 260.1242 0.0000 0.1234 -0.4850 0.0000 0.0000 31.8589 0.0632 
12.2191 10.0000 253.3872 0.0000 0.1225 -0.4842 0.0000 0.0000 30.0297 0.0754 
12.4746 10.0000 262.5340 0.0000 0.1230 -0.4865 0.0000 0.0000 37.5248 0.0754 
12.3634 8.0000 258.7297 0.0000 0.1229 -0.4753 0.0000 0.0000 36.2040 0.0641 
12.2342 10.0000 255.7925 0.0000 0.1227 -0.4755 0.0000 0.0000 30.8114 0.0671 
12.4602 10.0000 260.9201 0.0000 0.1220 -0.4823 0.0000 0.0000 62.5379 0.0662 
12.2655 10.0000 253.7271 0.0000 0.1225 -0.4773 0.0000 0.0000 65.1282 0.0714 
12.3320 10.0000 257.8602 0.0000 0.1218 -0.4755 0.0000 0.0000 52.2126 0.0714 
12.3320 10.0000 255.5084 0.0000 0.1225 -0.4782 0.0000 0.0000 28.3045 0.0729 
12.3906 7.0000 258.7719 0.0000 0.1216 -0.4795 0.0000 0.0000 27.6392 0.0643 
12.3162 10.0000 257.8241 0.0000 0.1229 -0.4719 0.0000 0.0000 52.9009 0.0691 
12.3226 10.0000 257.9429 0.0000 0.1232 -0.4768 0.0000 0.0000 43.7666 0.0691 
12.4554 10.0000 263.3570 0.0000 0.1220 -0.4846 0.0000 0.0000 38.7752 0.0648 
12.5756 10.0000 267.1810 0.0000 0.1228 -0.4843 0.0000 0.0000 39.5176 0.0728 
12.4051 10.0000 258.8050 0.0000 0.1232 -0.4669 0.0000 0.0000 28.8356 0.0651 
12.3653 10.0000 258.9437 0.0000 0.1218 -0.4784 0.0000 0.0000 31.2527 0.0649 
12.4506 7.0000 262.2446 0.0000 0.1229 -0.4757 0.0000 0.0000 32.0211 0.0610 
12.3808 7.0000 258.5728 0.0000 0.1234 -0.4832 0.0000 0.0000 32.6712 0.0649 
12.3459 10.0000 258.5792 0.0000 0.1224 -0.4803 0.0000 0.0000 31.1100 0.0632 
12.3863 9.0000 257.2889 0.0000 0.1223 -0.4708 0.0000 0.0000 28.8169 0.0653 
12.3730 9.0000 258.2194 0.0000 0.1222 -0.4723 0.0000 0.0000 21.5823 0.0653 
12.2380 10.0000 252.4893 0.0000 0.1223 -0.4742 0.0000 0.0000 28.8921 0.0654 
12.3102 10.0000 257.6759 0.0000 0.1211 -0.4787 0.0000 0.0000 39.0070 0.0659 
12.3495 10.0000 260.1358 0.0000 0.1237 -0.4805 0.0000 0.0000 39.5245 0.0642 
12.2716 6.0000 254.5922 0.0000 0.1217 -0.4707 0.0000 0.0000 29.7214 0.0631 
12.3842 4.0000 258.4905 0.0000 0.1214 -0.4756 0.0000 0.0000 29.7467 0.0631 
12.4569 10.0000 261.6885 0.0000 0.1204 -0.4841 0.0000 0.0000 16.3642 0.0648 
12.4486 9.0000 261.8662 0.0000 0.1210 -0.4764 0.0000 0.0000 28.9663 0.0629 
12.4306 10.0000 262.0054 0.0000 0.1215 -0.4801 0.0000 0.0000 15.7093 0.0657 
12.4316 10.0000 262.0239 0.0000 0.1226 -0.4763 0.0000 0.0000 30.3396 0.0630 
12.4302 10.0000 259.7274 0.0000 0.1230 -0.4842 0.0000 0.0000 40.1086 0.0703 
12.4499 10.0000 261.7002 0.0000 0.1221 -0.4832 0.0000 0.0000 40.6234 0.0654 
12.3675 7.0000 259.6218 0.0000 0.1228 -0.4741 0.0000 0.0000 31.2714 0.0680 
12.4435 6.0000 260.4046 0.0000 0.1225 -0.4787 0.0000 0.0000 28.5061 0.0680 
12.4049 10.0000 261.1417 0.0000 0.1212 -0.4809 0.0000 0.0000 29.1140 0.0663 
12.4733 10.0000 261.5320 0.0000 0.1216 -0.4773 0.0000 0.0000 52.4920 0.0663 
12.3434 9.0000 256.1745 0.0000 0.1229 -0.4722 0.0000 0.0000 55.0024 0.0578 
12.3994 10.0000 259.2085 0.0000 0.1227 -0.4699 0.0000 0.0000 19.6802 0.0652 
12.3634 10.0000 258.9666 0.0000 0.1224 -0.4835 0.0000 0.0000 28.2651 0.0683 
12.4346 10.0000 259.6656 0.0000 0.1223 -0.4778 0.0000 0.0000 31.3819 0.0695 
12.4431 10.0000 262.1959 0.0000 0.1204 -0.4799 0.0000 0.0000 21.7448 0.0655 
12.2843 10.0000 255.8931 0.0000 0.1231 -0.4832 0.0000 0.0000 32.4804 0.0649 
12.4029 10.0000 260.1218 0.0000 0.1226 -0.4815 0.0000 0.0000 31.9093 0.0704 
12.4398 10.0000 262.4232 0.0000 0.1206 -0.4823 0.0000 0.0000 34.7336 0.0617 
12.3943 10.0000 257.7900 0.0000 0.1238 -0.4747 0.0000 0.0000 36.8423 0.0636 
12.3987 9.0000 260.7634 0.0000 0.1227 -0.4839 0.0000 0.0000 37.8593 0.0631 
12.3434 10.0000 258.4255 0.0000 0.1217 -0.4851 0.0000 0.0000 36.1132 0.0608 
12.2572 10.0000 253.4410 0.0000 0.1226 -0.4725 0.0000 0.0000 26.8148 0.0660 
12.3914 10.0000 258.8346 0.0000 0.1227 -0.4752 0.0000 0.0000 31.0750 0.0637 
12.3318 9.0000 257.5288 0.0000 0.1225 -0.4770 0.0000 0.0000 16.4299 0.0632 
12.2774 10.0000 255.9139 0.0000 0.1221 -0.4764 0.0000 0.0000 30.5884 0.0723 
12.4330 10.0000 260.4830 0.0000 0.1221 -0.4819 0.0000 0.0000 30.5467 0.0641 
12.2762 10.0000 255.8529 0.0000 0.1227 -0.4810 0.0000 0.0000 31.2060 0.0662 
12.3572 10.0000 255.5872 0.0000 0.1216 -0.4845 0.0000 0.0000 30.5502 0.0717 
12.4546 10.0000 262.1798 0.0000 0.1224 -0.4826 0.0000 0.0000 30.3857 0.0713 
12.4201 10.0000 260.4570 0.0000 0.1237 -0.4780 0.0000 0.0000 30.6014 0.0688 
12.6000 8.0000 266.1043 0.0000 0.1213 -0.4891 0.0000 0.0000 28.5764 0.0700 
12.3570 10.0000 260.5510 0.0000 0.1219 -0.4780 0.0000 0.0000 30.9835 0.0694 
12.5002 10.0000 262.4181 0.0000 0.1223 -0.4791 0.0000 0.0000 31.4898 0.0647 
12.3526 9.0000 258.5910 0.0000 0.1219 -0.4821 0.0000 0.0000 20.5094 0.0697 
12.4482 10.0000 259.8269 0.0000 0.1219 -0.4784 0.0000 0.0000 28.6647 0.0757 
12.3604 10.0000 258.7115 0.0000 0.1220 -0.4766 0.0000 0.0000 29.7730 0.0697 
12.3462 6.0000 258.3655 0.0000 0.1214 -0.4784 0.0000 0.0000 31.7525 0.0757 
12.3734 10.0000 258.8766 0.0000 0.1243 -0.4796 0.0000 0.0000 33.1888 0.0757 
12.3608 10.0000 260.0046 0.0000 0.1214 -0.4832 0.0000 0.0000 32.7473 0.0757 
12.2714 9.0000 254.7318 0.0000 0.1225 -0.4807 0.0000 0.0000 32.4938 0.0757 
12.3650 10.0000 258.6245 0.0000 0.1237 -0.4726 0.0000 0.0000 30.5543 0.0757 
12.3823 10.0000 258.2086 0.0000 0.1231 -0.4763 0.0000 0.0000 33.5529 0.0757 
12.3013 10.0000 255.1410 0.0000 0.1214 -0.4770 0.0000 0.0000 30.8659 0.0757 
12.3445 9.0000 257.4704 0.0000 0.1224 -0.4865 0.0000 0.0000 32.7210 0.0757 
12.2289 10.0000 256.0558 0.0000 0.1229 -0.4870 0.0000 0.0000 16.3516 0.0757 
