12.3195 10.0000 256.0368 0.2185 0.0961 -0.4534 0.0000 0.0000 14.8001 0.0609 
12.2192 10.0000 254.3123 0.2178 0.0953 -0.4547 0.0000 0.0000 13.7170 0.0726 
12.2707 10.0000 253.8349 0.2151 0.0956 -0.4518 0.0000 0.0000 13.7665 0.0653 
12.1208 10.0000 253.0184 0.2227 0.0976 -0.4509 0.0000 0.0000 14.9325 0.0752 
12.3896 10.0000 260.5195 0.2139 0.0952 -0.4463 0.0000 0.0000 14.3340 0.0726 
12.0389 10.0000 249.4477 0.2225 0.0968 -0.4433 0.0000 0.0000 14.1973 0.0694 
12.1701 10.0000 250.2499 0.2099 0.0946 -0.4380 0.0000 0.0000 14.9691 0.0609 
12.2715 10.0000 256.0592 0.2202 0.0960 -0.4559 0.0000 0.0000 14.5086 0.0609 
12.2907 10.0000 258.9043 0.2212 0.0963 -0.4531 0.0000 0.0000 15.0573 0.0609 
12.2717 5.0000 255.7973 0.2168 0.0963 -0.4494 0.0000 0.0000 14.8483 0.0805 
12.4149 9.0000 262.7659 0.2182 0.0953 -0.4581 0.0000 0.0000 14.6727 0.0694 
12.3800 10.0000 262.3739 0.2147 0.0947 -0.4486 0.0000 0.0000 2.1055 0.0687 
12.0899 10.0000 249.3120 0.2184 0.0961 -0.4494 0.0000 0.0000 2.1965 0.0659 
12.3355 10.0000 258.1176 0.2095 0.0962 -0.4369 0.0000 0.0000 2.1118 0.0695 
12.2691 10.0000 253.0973 0.2088 0.0948 -0.4411 0.0000 0.0000 2.8584 0.0483 
12.2200 10.0000 252.5837 0.2179 0.0974 -0.4487 0.0000 0.0000 2.2410 0.0687 
12.3395 10.0000 257.3685 0.2124 0.0951 -0.4488 0.0000 0.0000 2.4622 0.0694 
12.4619 10.0000 264.2933 0.2119 0.0946 -0.4474 0.0000 0.0000 2.3738 0.0607 
12.5131 9.0000 263.1344 0.2064 0.0951 -0.4464 0.0000 0.0000 2.9861 0.0875 
12.5637 7.0000 266.6744 0.2141 0.0950 -0.4560 0.0000 0.0000 4.5273 0.0635 
12.2613 6.0000 253.4056 0.2107 0.0950 -0.4402 0.0000 0.0000 4.6151 0.0635 
12.3968 10.0000 255.4435 0.2049 0.0935 -0.4477 0.0000 0.0000 4.1370 0.0635 
12.1573 10.0000 252.9477 0.2130 0.0943 -0.4420 0.0000 0.0000 1.6290 0.0703 
12.5016 10.0000 263.8693 0.2121 0.0949 -0.4530 0.0000 0.0000 2.2411 0.0739 
12.2797 10.0000 251.9616 0.2099 0.0964 -0.4475 0.0000 0.0000 2.2420 0.0739 
12.3027 10.0000 258.8973 0.2158 0.0954 -0.4463 0.0000 0.0000 2.1534 0.0648 
12.2587 10.0000 256.0208 0.2173 0.0943 -0.4508 0.0000 0.0000 2.1086 0.0648 
12.3907 10.0000 260.8381 0.2158 0.0939 -0.4530 0.0000 0.0000 2.1114 0.0542 
12.1008 6.0000 252.4536 0.2239 0.0973 -0.4547 0.0000 0.0000 2.1975 0.0738 
12.3552 10.0000 257.1733 0.2091 0.0945 -0.4464 0.0000 0.0000 2.1081 0.0713 
12.2635 10.0000 254.8493 0.2215 0.0977 -0.4594 0.0000 0.0000 4.9665 0.0738 
12.2256 10.0000 255.6741 0.2238 0.0968 -0.4569 0.0000 0.0000 5.0525 0.0740 
12.2645 10.0000 256.7259 0.2192 0.0971 -0.4530 0.0000 0.0000 4.8372 0.0740 
12.1557 10.0000 249.0325 0.2125 0.0962 -0.4415 0.0000 0.0000 2.1917 0.0684 
12.3869 8.0000 259.5856 0.2119 0.0956 -0.4445 0.0000 0.0000 2.1990 0.0832 
12.4384 10.0000 262.6405 0.2160 0.0961 -0.4558 0.0000 0.0000 2.1497 0.0612 
12.1288 10.0000 253.5440 0.2193 0.0959 -0.4439 0.0000 0.0000 2.3776 0.0688 
12.4067 10.0000 258.8165 0.2072 0.0939 -0.4484 0.0000 0.0000 2.2868 0.0625 
12.3736 10.0000 260.6621 0.2184 0.0962 -0.4539 0.0000 0.0000 2.2399 0.0610 
12.3072 9.0000 255.0227 0.2132 0.0963 -0.4423 0.0000 0.0000 1.6709 0.0703 
12.2029 10.0000 254.3645 0.2168 0.0967 -0.4427 0.0000 0.0000 2.1968 0.0800 
12.4096 10.0000 263.7259 0.2165 0.0959 -0.4505 0.0000 0.0000 4.0695 0.0653 
12.1989 10.0000 254.1704 0.2163 0.0975 -0.4391 0.0000 0.0000 3.5058 0.0653 
12.3872 6.0000 258.5760 0.2154 0.0956 -0.4593 0.0000 0.0000 2.8595 0.0653 
12.3699 10.0000 259.6403 0.2209 0.0963 -0.4616 0.0000 0.0000 2.6420 0.0653 
12.3283 7.0000 259.5747 0.2177 0.0962 -0.4503 0.0000 0.0000 2.1533 0.0617 
12.3016 10.0000 256.5304 0.2139 0.0956 -0.4463 0.0000 0.0000 1.6700 0.0587 
12.4341 8.0000 260.2864 0.2152 0.0963 -0.4516 0.0000 0.0000 2.1503 0.0570 
12.4144 5.0000 259.9989 0.2069 0.0945 -0.4415 0.0000 0.0000 2.1131 0.0779 
12.3499 10.0000 259.1501 0.2160 0.0951 -0.4569 0.0000 0.0000 1.7130 0.0570 
12.4760 10.0000 263.5405 0.2170 0.0961 -0.4614 0.0000 0.0000 2.1997 0.0688 
12.1693 10.0000 253.4624 0.2188 0.0966 -0.4470 0.0000 0.0000 2.2419 0.0679 
12.3565 10.0000 258.0701 0.2097 0.0946 -0.4450 0.0000 0.0000 2.1552 0.0776 
12.6077 10.0000 266.0163 0.2056 0.0934 -0.4496 0.0000 0.0000 3.6048 0.0623 
12.5413 10.0000 264.8784 0.2132 0.0956 -0.4504 0.0000 0.0000 5.3180 0.0699 
12.3251 10.0000 260.2696 0.2164 0.0946 -0.4454 0.0000 0.0000 5.4991 0.0706 
12.4632 10.0000 262.6653 0.2144 0.0947 -0.4539 0.0000 0.0000 4.5322 0.0706 
12.3131 10.0000 254.6861 0.2109 0.0953 -0.4485 0.0000 0.0000 2.2372 0.0605 
12.4949 10.0000 262.5888 0.2105 0.0941 -0.4532 0.0000 0.0000 1.6694 0.0531 
12.3792 10.0000 258.0493 0.2098 0.0939 -0.4485 0.0000 0.0000 2.1966 0.0823 
12.1365 10.0000 252.4029 0.2167 0.0949 -0.4503 0.0000 0.0000 2.2343 0.0823 
12.2784 10.0000 255.1744 0.2138 0.0957 -0.4500 0.0000 0.0000 1.6706 0.0683 
12.4613 10.0000 261.8011 0.2127 0.0950 -0.4498 0.0000 0.0000 2.1613 0.0593 
12.3600 4.0000 260.3683 0.2149 0.0960 -0.4483 0.0000 0.0000 2.2438 0.0575 
12.3304 10.0000 258.7352 0.2196 0.0960 -0.4598 0.0000 0.0000 2.1980 0.0689 
12.3989 10.0000 258.9688 0.2144 0.0970 -0.4530 0.0000 0.0000 3.5167 0.0735 
12.2389 7.0000 255.7104 0.2176 0.0960 -0.4500 0.0000 0.0000 3.4765 0.0735 
12.4955 10.0000 261.1965 0.2084 0.0957 -0.4477 0.0000 0.0000 2.1988 0.0571 
12.2485 9.0000 254.4608 0.2159 0.0955 -0.4580 0.0000 0.0000 2.2414 0.0735 
12.4253 10.0000 258.3229 0.2066 0.0944 -0.4378 0.0000 0.0000 1.6671 0.0684 
12.1499 10.0000 253.5819 0.2251 0.0965 -0.4610 0.0000 0.0000 2.1954 0.0574 
12.3883 10.0000 258.8131 0.2098 0.0951 -0.4437 0.0000 0.0000 2.4192 0.0659 
12.0947 10.0000 251.6091 0.2223 0.0953 -0.4533 0.0000 0.0000 2.9892 0.0667 
12.4867 9.0000 263.4717 0.2156 0.0960 -0.4589 0.0000 0.0000 1.7138 0.0747 
12.3963 10.0000 258.2960 0.2071 0.0948 -0.4435 0.0000 0.0000 1.6698 0.0632 
12.2325 4.0000 250.6637 0.2099 0.0950 -0.4448 0.0000 0.0000 2.2011 0.0718 
12.4264 4.0000 264.0536 0.2225 0.0958 -0.4635 0.0000 0.0000 2.2868 0.0843 
12.4192 10.0000 260.3059 0.2114 0.0949 -0.4448 0.0000 0.0000 3.1677 0.0731 
12.3019 5.0000 256.8832 0.2213 0.0966 -0.4639 0.0000 0.0000 3.9151 0.0731 
12.1237 10.0000 251.7048 0.2192 0.0950 -0.4508 0.0000 0.0000 3.4575 0.0731 
12.3536 10.0000 258.7864 0.2159 0.0958 -0.4464 0.0000 0.0000 3.2860 0.0731 
12.3517 10.0000 256.5621 0.2106 0.0957 -0.4482 0.0000 0.0000 2.2435 0.0628 
12.2891 10.0000 255.7933 0.2177 0.0951 -0.4578 0.0000 0.0000 1.7589 0.0731 
12.3435 6.0000 256.8752 0.2134 0.0955 -0.4522 0.0000 0.0000 2.7178 0.0606 
12.1883 9.0000 252.4677 0.2162 0.0962 -0.4461 0.0000 0.0000 2.2864 0.0735 
12.3024 8.0000 256.8712 0.2134 0.0960 -0.4435 0.0000 0.0000 1.8424 0.0666 
12.1779 10.0000 255.7896 0.2245 0.0958 -0.4586 0.0000 0.0000 2.3301 0.0725 
12.3259 9.0000 255.3309 0.2149 0.0961 -0.4611 0.0000 0.0000 2.2814 0.0712 
12.2955 10.0000 255.7448 0.2146 0.0954 -0.4511 0.0000 0.0000 7.8248 0.0668 
12.2896 9.0000 257.0280 0.2193 0.0976 -0.4627 0.0000 0.0000 8.9703 0.0668 
12.4277 10.0000 260.8440 0.2142 0.0965 -0.4496 0.0000 0.0000 10.0259 0.0668 
12.4488 10.0000 262.8429 0.2173 0.0953 -0.4532 0.0000 0.0000 8.5698 0.0668 
12.2808 10.0000 256.3253 0.2120 0.0939 -0.4515 0.0000 0.0000 4.9238 0.0668 
12.5595 10.0000 270.0448 0.2158 0.0942 -0.4583 0.0000 0.0000 2.2014 0.0668 
12.2520 10.0000 253.1917 0.2097 0.0961 -0.4407 0.0000 0.0000 2.2450 0.0668 
12.2947 6.0000 258.5157 0.2093 0.0942 -0.4361 0.0000 0.0000 2.1937 0.0650 
12.3051 9.0000 257.4197 0.2154 0.0967 -0.4471 0.0000 0.0000 2.2457 0.0668 
12.1067 10.0000 249.3144 0.2167 0.0955 -0.4454 0.0000 0.0000 2.2431 0.0668 
12.3480 5.0000 257.5080 0.2178 0.0956 -0.4629 0.0000 0.0000 2.2462 0.0668 
12.5123 6.0000 261.4075 0.2141 0.0947 -0.4637 0.0000 0.0000 1.7168 0.0668 
