11.9272 10.0000 244.9624 0.3807 0.2079 -0.4674 0.0000 0.0000 1.6395 0.0916 
11.9744 10.0000 241.6792 0.3766 0.2043 -0.4987 0.0000 0.0000 1.5566 0.0916 
12.8880 10.0000 279.7880 0.3694 0.2047 -0.4982 0.0000 0.0000 1.4317 0.0919 
12.5232 10.0000 260.7080 0.3722 0.2075 -0.4944 0.0000 0.0000 1.6756 0.0916 
12.2928 10.0000 253.8824 0.3812 0.2065 -0.5079 0.0000 0.0000 1.6777 0.0916 
12.2376 10.0000 247.7992 0.3719 0.2052 -0.5053 0.0000 0.0000 1.5451 0.0916 
12.6840 6.0000 272.3392 0.3896 0.2150 -0.4885 0.0000 0.0000 1.6346 0.0916 
12.2936 10.0000 259.6976 0.4050 0.2234 -0.4892 0.0000 0.0000 1.6790 0.0916 
12.7872 11.0000 271.8904 0.3730 0.2019 -0.5236 0.0000 0.0000 1.6285 0.0681 
12.1568 10.0000 254.8032 0.3782 0.2035 -0.4872 0.0000 0.0000 1.6740 0.0916 
12.3880 10.0000 258.9288 0.3787 0.2104 -0.4852 0.0000 0.0000 1.4356 0.0916 
12.3008 10.0000 258.4032 0.3978 0.2277 -0.4577 0.0000 0.0000 0.2378 0.0657 
11.5480 10.0000 231.7544 0.3918 0.2116 -0.4677 0.0000 0.0000 0.9965 0.0700 
12.5736 10.0000 268.2328 0.3797 0.2060 -0.5017 0.0000 0.0000 1.1840 0.0816 
11.7976 7.0000 233.6296 0.3721 0.2035 -0.4677 0.0000 0.0000 1.2799 0.0816 
12.2248 8.0000 254.5456 0.3797 0.2072 -0.4857 0.0000 0.0000 1.2334 0.0816 
12.1576 10.0000 253.9640 0.3947 0.2109 -0.4974 0.0000 0.0000 1.3479 0.0816 
12.0320 9.0000 244.6816 0.3875 0.2165 -0.4650 0.0000 0.0000 1.2288 0.0649 
12.1080 10.0000 248.9528 0.3785 0.2099 -0.4713 0.0000 0.0000 1.1129 0.0649 
12.1456 10.0000 246.5976 0.3782 0.2125 -0.4795 0.0000 0.0000 0.9070 0.0675 
12.3640 10.0000 255.5864 0.3804 0.2056 -0.4977 0.0000 0.0000 0.8351 0.0675 
12.5704 10.0000 267.1024 0.3904 0.2044 -0.5338 0.0000 0.0000 0.3070 0.0675 
11.9384 10.0000 238.9744 0.3706 0.2110 -0.4589 0.0000 0.0000 0.2193 0.0675 
12.0816 10.0000 251.3944 0.3974 0.2131 -0.4990 0.0000 0.0000 0.3061 0.0901 
12.4016 8.0000 261.0200 0.3773 0.2025 -0.4955 0.0000 0.0000 0.4414 0.0973 
12.7160 10.0000 273.7104 0.3956 0.2166 -0.5041 0.0000 0.0000 0.5793 0.0570 
12.4160 10.0000 255.5624 0.3731 0.2098 -0.4861 0.0000 0.0000 0.5739 0.0798 
12.0808 7.0000 243.6456 0.3732 0.2130 -0.4617 0.0000 0.0000 0.8812 0.0797 
12.1624 10.0000 249.1280 0.3829 0.2154 -0.4804 0.0000 0.0000 1.0938 0.0901 
12.3760 10.0000 256.6584 0.3701 0.2010 -0.5006 0.0000 0.0000 1.0130 0.0586 
12.1160 4.0000 248.2248 0.3645 0.1965 -0.4926 0.0000 0.0000 1.0106 0.0586 
12.3160 10.0000 260.6392 0.3979 0.2199 -0.4784 0.0000 0.0000 0.9636 0.0901 
12.5072 10.0000 264.8608 0.3921 0.2143 -0.5104 0.0000 0.0000 0.9665 0.0586 
12.3904 10.0000 264.2360 0.3812 0.1988 -0.5095 0.0000 0.0000 0.8391 0.0797 
11.8656 7.0000 241.9656 0.3941 0.2190 -0.4635 0.0000 0.0000 0.6109 0.0775 
12.4912 10.0000 261.6888 0.3805 0.2131 -0.4959 0.0000 0.0000 0.7805 0.0700 
12.3104 10.0000 261.9736 0.4014 0.2176 -0.5038 0.0000 0.0000 0.6913 0.0700 
11.9216 10.0000 240.4896 0.3870 0.2110 -0.4895 0.0000 0.0000 0.5533 0.0700 
12.5016 10.0000 260.3112 0.3762 0.2092 -0.4885 0.0000 0.0000 0.4269 0.0700 
12.1272 10.0000 254.2856 0.4024 0.2162 -0.4986 0.0000 0.0000 0.4314 0.0696 
12.2080 10.0000 255.9320 0.3922 0.2098 -0.4979 0.0000 0.0000 0.2527 0.0700 
12.4608 10.0000 261.9008 0.3850 0.2124 -0.5023 0.0000 0.0000 1.1645 0.0683 
12.4832 10.0000 259.2424 0.3758 0.2096 -0.4995 0.0000 0.0000 0.9247 0.0683 
12.6624 10.0000 267.6576 0.3681 0.2027 -0.4928 0.0000 0.0000 0.8845 0.0646 
12.2384 10.0000 259.2512 0.3753 0.2081 -0.4552 0.0000 0.0000 0.5262 0.0646 
12.1392 10.0000 246.4272 0.3864 0.2022 -0.5411 0.0000 0.0000 0.2156 0.0583 
12.4832 10.0000 262.5808 0.3909 0.2117 -0.5090 0.0000 0.0000 0.2664 0.0728 
12.4792 10.0000 257.4624 0.3756 0.2036 -0.5192 0.0000 0.0000 0.7463 0.0624 
12.2160 10.0000 256.2760 0.3664 0.2064 -0.4470 0.0000 0.0000 0.9265 0.0624 
12.0352 10.0000 241.8936 0.3702 0.2019 -0.4911 0.0000 0.0000 0.9640 0.0647 
12.2856 10.0000 253.7888 0.3791 0.2048 -0.5028 0.0000 0.0000 0.8357 0.0624 
12.3624 10.0000 258.6632 0.3806 0.2085 -0.4946 0.0000 0.0000 0.6641 0.0483 
12.3192 6.0000 260.1960 0.3960 0.2138 -0.5128 0.0000 0.0000 0.3520 0.0779 
12.4280 10.0000 261.5944 0.3666 0.2007 -0.4832 0.0000 0.0000 0.3943 0.0444 
12.3520 10.0000 258.1688 0.3874 0.2169 -0.4734 0.0000 0.0000 0.4428 0.0444 
12.4784 10.0000 259.3168 0.3765 0.2133 -0.4791 0.0000 0.0000 0.3976 0.0674 
12.6872 10.0000 273.1576 0.3762 0.2026 -0.5042 0.0000 0.0000 0.2667 0.0797 
12.4464 10.0000 262.3112 0.3841 0.2057 -0.5183 0.0000 0.0000 0.1794 0.0674 
12.4208 10.0000 260.5640 0.3884 0.2177 -0.4791 0.0000 0.0000 0.3071 0.0820 
12.4392 6.0000 260.2984 0.3863 0.2123 -0.5104 0.0000 0.0000 0.3063 0.0806 
12.2504 6.0000 258.5760 0.3832 0.2091 -0.4759 0.0000 0.0000 0.4354 0.0735 
12.2672 10.0000 246.5848 0.3692 0.2121 -0.4938 0.0000 0.0000 0.4023 0.0735 
12.2136 10.0000 252.1512 0.3734 0.2099 -0.4604 0.0000 0.0000 0.3982 0.0735 
12.2464 11.0000 248.7592 0.3877 0.2209 -0.4862 0.0000 0.0000 0.3083 0.0735 
12.2376 10.0000 260.2320 0.3793 0.2007 -0.4820 0.0000 0.0000 0.3447 0.0735 
12.4184 9.0000 256.7080 0.3958 0.2221 -0.5103 0.0000 0.0000 0.3094 0.0640 
12.7832 10.0000 280.3568 0.3782 0.2032 -0.5027 0.0000 0.0000 0.3971 0.0743 
12.0424 10.0000 243.6560 0.3896 0.2151 -0.5000 0.0000 0.0000 0.3083 0.0593 
12.1224 10.0000 247.6240 0.4023 0.2242 -0.5060 0.0000 0.0000 0.3082 0.0743 
12.6896 10.0000 273.3384 0.3900 0.2159 -0.5016 0.0000 0.0000 0.3065 0.0824 
12.4248 10.0000 261.9640 0.3865 0.2076 -0.5020 0.0000 0.0000 0.2200 0.0743 
12.5912 10.0000 267.5016 0.4034 0.2197 -0.5140 0.0000 0.0000 0.3094 0.1009 
12.4704 10.0000 261.9672 0.3814 0.2110 -0.4918 0.0000 0.0000 0.5731 0.0829 
12.2688 10.0000 256.8800 0.3886 0.2126 -0.4897 0.0000 0.0000 0.8347 0.0829 
12.1752 7.0000 256.9456 0.4122 0.2209 -0.5119 0.0000 0.0000 0.8771 0.0829 
12.0128 10.0000 240.9720 0.3767 0.2030 -0.5093 0.0000 0.0000 0.7911 0.0829 
12.1016 10.0000 249.5944 0.3861 0.2079 -0.4927 0.0000 0.0000 0.7092 0.0829 
12.0840 10.0000 247.6832 0.3759 0.2077 -0.4709 0.0000 0.0000 0.3064 0.0829 
12.3488 10.0000 255.0328 0.3730 0.2073 -0.4838 0.0000 0.0000 0.3480 0.0426 
12.6528 10.0000 273.7504 0.3782 0.1966 -0.5200 0.0000 0.0000 0.5306 0.0925 
12.4216 10.0000 263.6264 0.3814 0.2159 -0.4637 0.0000 0.0000 0.3965 0.0829 
11.8216 10.0000 237.8936 0.3850 0.2198 -0.4333 0.0000 0.0000 0.3082 0.0645 
11.9720 10.0000 244.9832 0.3754 0.2023 -0.4802 0.0000 0.0000 0.3065 0.0703 
12.3280 10.0000 258.7528 0.3792 0.2073 -0.4744 0.0000 0.0000 1.6611 0.0819 
12.4984 5.0000 263.9152 0.3926 0.2082 -0.5274 0.0000 0.0000 1.3358 0.0819 
11.8056 10.0000 239.9064 0.3778 0.2220 -0.4083 0.0000 0.0000 1.4043 0.0760 
12.1408 6.0000 247.7608 0.3778 0.2094 -0.4756 0.0000 0.0000 1.0082 0.0632 
12.0912 10.0000 249.0504 0.3925 0.2062 -0.5153 0.0000 0.0000 1.1009 0.0760 
12.4240 10.0000 266.1088 0.3832 0.2034 -0.4972 0.0000 0.0000 1.0989 0.0760 
12.2664 10.0000 249.1040 0.3630 0.2000 -0.4982 0.0000 0.0000 0.7477 0.0760 
12.0736 9.0000 253.7488 0.4075 0.2139 -0.5058 0.0000 0.0000 0.3092 0.0760 
12.6696 9.0000 267.6120 0.3807 0.2116 -0.5105 0.0000 0.0000 0.3095 0.0739 
12.6352 11.0000 267.3192 0.3793 0.2096 -0.4977 0.0000 0.0000 0.3076 0.0739 
12.5080 3.0000 263.6032 0.3848 0.2169 -0.4883 0.0000 0.0000 0.3072 0.0739 
12.2984 3.0000 257.2896 0.3785 0.2092 -0.4748 0.0000 0.0000 0.2601 0.0739 
12.3800 8.0000 259.8880 0.3744 0.1968 -0.5128 0.0000 0.0000 0.3945 0.0739 
12.5344 10.0000 263.5000 0.3811 0.2098 -0.5055 0.0000 0.0000 0.3958 0.0739 
12.3856 8.0000 258.3048 0.3917 0.2206 -0.4889 0.0000 0.0000 0.3896 0.0739 
12.4400 10.0000 260.2208 0.3775 0.2088 -0.4900 0.0000 0.0000 0.3336 0.0739 
12.3432 10.0000 260.4120 0.3735 0.2057 -0.4775 0.0000 0.0000 0.3154 0.0739 
