12.3244 3.0000 261.2602 0.3586 0.1934 -0.4860 4.2911 8.0000 19.8665 0.0763 
12.3544 10.0000 253.2308 0.3477 0.1927 -0.4943 4.2999 9.0000 19.8223 0.0763 
12.5170 7.0000 267.1096 0.3536 0.1895 -0.4976 4.2516 9.0000 19.5657 0.0763 
12.2200 4.0000 250.6122 0.3506 0.1920 -0.4862 4.2996 9.0000 18.7774 0.0695 
12.2830 10.0000 257.9600 0.3628 0.1925 -0.5063 4.2842 8.0000 21.3165 0.0763 
12.4144 9.0000 259.7724 0.3528 0.1928 -0.4914 4.2892 9.0000 20.9191 0.0766 
12.3632 10.0000 255.3732 0.3575 0.1967 -0.5003 4.3045 8.0000 21.0534 0.0642 
12.3502 10.0000 258.6064 0.3614 0.1924 -0.5118 4.2811 8.0000 21.3111 0.0603 
12.3682 10.0000 258.8708 0.3543 0.1890 -0.5045 4.2567 8.0000 20.8761 0.0763 
12.4034 10.0000 260.4594 0.3568 0.1938 -0.4980 4.2863 9.0000 20.4910 0.0694 
12.3092 10.0000 256.6250 0.3549 0.1906 -0.4949 4.2816 9.0000 20.0060 0.0763 
12.1502 10.0000 252.4906 0.3627 0.1939 -0.4971 4.3244 9.0000 3.4134 0.0594 
12.4498 8.0000 259.7244 0.3579 0.1950 -0.5084 4.3006 8.0000 3.6677 0.0616 
12.3900 10.0000 259.1706 0.3511 0.1966 -0.4709 4.3000 8.0000 2.9840 0.0763 
12.3618 10.0000 261.8856 0.3620 0.1953 -0.4851 4.2941 8.0000 3.2648 0.0763 
12.4220 7.0000 259.9314 0.3557 0.1932 -0.5032 4.2940 8.0000 13.4001 0.0636 
12.2214 10.0000 253.3492 0.3594 0.1948 -0.4962 4.3141 10.0000 13.9878 0.0636 
12.3218 10.0000 255.5458 0.3478 0.1947 -0.4717 4.3129 9.0000 14.8183 0.0636 
12.4086 9.0000 258.9768 0.3560 0.1935 -0.4999 4.2946 8.0000 12.8774 0.0571 
12.4362 10.0000 261.1346 0.3550 0.1934 -0.4950 4.2736 8.0000 12.7510 0.0746 
12.4448 7.0000 260.9306 0.3507 0.1936 -0.4863 4.2803 8.0000 9.5878 0.0707 
12.4384 9.0000 261.6692 0.3523 0.1915 -0.4916 4.2708 8.0000 7.1160 0.0622 
12.3852 10.0000 255.6888 0.3503 0.1943 -0.4915 4.2988 8.0000 3.0424 0.0754 
12.2974 10.0000 259.2474 0.3612 0.1931 -0.4999 4.2959 9.0000 4.1583 0.0788 
12.5710 10.0000 265.7814 0.3572 0.1944 -0.5041 4.2679 8.0000 7.1487 0.0708 
12.5558 10.0000 268.0896 0.3595 0.1934 -0.5041 4.2657 8.0000 6.9341 0.0598 
12.3146 10.0000 254.6422 0.3512 0.1923 -0.4931 4.2955 8.0000 3.1639 0.0598 
12.3770 10.0000 259.5472 0.3651 0.1944 -0.5181 4.2915 8.0000 8.3747 0.0615 
12.3754 10.0000 260.0182 0.3579 0.1941 -0.4993 4.2772 8.0000 7.8486 0.0625 
12.2294 10.0000 252.3270 0.3547 0.1938 -0.4892 4.3171 9.0000 7.1792 0.0615 
12.4650 10.0000 261.9638 0.3581 0.1938 -0.5045 4.2703 8.0000 3.0798 0.0615 
12.4136 10.0000 261.3892 0.3635 0.1945 -0.5121 4.2961 8.0000 3.4435 0.0713 
12.2052 10.0000 254.6888 0.3598 0.1951 -0.4818 4.3016 9.0000 3.2827 0.0642 
12.0708 10.0000 249.9056 0.3615 0.1968 -0.4759 4.3333 9.0000 3.9601 0.0572 
12.2186 10.0000 252.4662 0.3606 0.1974 -0.4886 4.3207 8.0000 3.0964 0.0662 
12.3756 10.0000 256.9524 0.3529 0.1954 -0.4915 4.2954 8.0000 3.1065 0.0670 
12.2634 10.0000 255.1864 0.3633 0.1942 -0.5081 4.2835 8.0000 4.0748 0.0796 
12.3412 8.0000 258.0132 0.3537 0.1958 -0.4766 4.3042 9.0000 5.5977 0.0666 
12.4694 10.0000 263.0994 0.3566 0.1941 -0.4987 4.2899 9.0000 3.4880 0.0666 
12.4682 10.0000 263.0164 0.3621 0.1949 -0.5075 4.2828 8.0000 7.8453 0.0497 
12.1704 10.0000 249.7574 0.3525 0.1935 -0.4855 4.3059 8.0000 8.0847 0.0681 
12.3526 10.0000 257.7520 0.3533 0.1957 -0.4782 4.2962 9.0000 6.9246 0.0497 
12.2668 10.0000 254.2304 0.3546 0.1938 -0.4884 4.3052 9.0000 3.6805 0.0497 
12.4874 9.0000 262.9482 0.3555 0.1954 -0.4938 4.2927 8.0000 2.9704 0.0574 
12.3146 10.0000 255.8212 0.3521 0.1943 -0.4788 4.3044 8.0000 3.3553 0.0611 
12.3674 10.0000 258.4454 0.3526 0.1926 -0.4894 4.2894 8.0000 3.4976 0.0657 
12.2762 10.0000 255.2074 0.3524 0.1921 -0.4896 4.2916 8.0000 3.4366 0.0626 
12.2380 8.0000 256.2536 0.3623 0.1973 -0.4843 4.3143 8.0000 3.6192 0.0728 
12.4796 10.0000 262.9142 0.3551 0.1956 -0.4872 4.2880 8.0000 3.2864 0.0653 
12.4552 10.0000 261.3382 0.3531 0.1958 -0.4819 4.2901 8.0000 5.7140 0.0712 
12.5970 10.0000 267.7650 0.3513 0.1894 -0.5072 4.2516 9.0000 5.7327 0.0626 
12.6348 10.0000 269.6750 0.3603 0.1936 -0.5105 4.2516 8.0000 5.4649 0.0626 
12.1606 6.0000 253.4316 0.3575 0.1935 -0.4795 4.3210 9.0000 4.8890 0.0578 
12.5036 10.0000 264.3224 0.3577 0.1945 -0.4990 4.2851 8.0000 6.6399 0.0626 
12.5824 10.0000 267.5724 0.3595 0.1919 -0.5150 4.2558 8.0000 6.8960 0.0627 
12.5032 10.0000 264.6510 0.3583 0.1956 -0.4960 4.2835 8.0000 3.2517 0.0706 
12.3666 10.0000 258.6952 0.3525 0.1893 -0.4960 4.2700 8.0000 3.4221 0.0642 
12.3540 6.0000 256.6708 0.3499 0.1884 -0.5010 4.2715 8.0000 3.2286 0.0642 
12.2812 10.0000 255.2418 0.3588 0.1957 -0.4959 4.3130 8.0000 3.5802 0.0571 
12.2708 9.0000 254.4348 0.3597 0.1955 -0.4948 4.3151 8.0000 3.8593 0.0726 
12.4970 8.0000 263.6206 0.3525 0.1936 -0.4847 4.2663 8.0000 3.2885 0.0726 
12.4040 8.0000 259.4640 0.3600 0.1946 -0.5056 4.2771 9.0000 5.4322 0.0599 
12.3690 10.0000 256.4168 0.3443 0.1927 -0.4733 4.2895 8.0000 5.3861 0.0671 
12.2550 10.0000 251.6360 0.3631 0.1969 -0.5138 4.3200 8.0000 5.5140 0.0702 
12.1906 8.0000 253.4452 0.3695 0.1972 -0.5093 4.3329 10.0000 4.6970 0.0621 
12.1970 10.0000 253.7980 0.3628 0.1954 -0.4933 4.3118 8.0000 3.3784 0.0621 
12.4318 10.0000 259.6522 0.3469 0.1942 -0.4704 4.2771 8.0000 3.3710 0.0763 
12.4082 10.0000 259.6218 0.3607 0.1974 -0.4920 4.3063 8.0000 4.6346 0.0646 
12.4822 10.0000 263.2342 0.3551 0.1948 -0.4902 4.2851 8.0000 5.0445 0.0646 
12.3584 10.0000 258.3836 0.3640 0.1972 -0.5076 4.3180 8.0000 3.6868 0.0674 
12.6246 8.0000 270.8980 0.3609 0.1939 -0.5096 4.2603 8.0000 8.2039 0.0674 
12.3538 10.0000 254.6502 0.3516 0.1940 -0.4881 4.2951 7.0000 7.2053 0.0780 
12.3768 10.0000 259.3754 0.3556 0.1917 -0.4992 4.2810 8.0000 4.0777 0.0674 
12.3012 7.0000 255.2040 0.3443 0.1893 -0.4770 4.2817 9.0000 5.0888 0.0653 
12.3166 9.0000 258.4662 0.3639 0.1932 -0.5136 4.2946 8.0000 3.6885 0.0780 
12.3412 9.0000 255.8968 0.3585 0.1956 -0.5005 4.3034 8.0000 2.8870 0.0587 
12.4056 10.0000 260.6576 0.3590 0.1950 -0.4977 4.2845 8.0000 3.6911 0.0653 
12.3268 10.0000 257.3796 0.3499 0.1896 -0.4930 4.2782 8.0000 3.5869 0.0630 
12.3132 10.0000 255.7164 0.3593 0.1953 -0.4964 4.3081 8.0000 4.1573 0.0778 
12.4446 10.0000 260.5152 0.3616 0.1952 -0.5168 4.2825 8.0000 3.3267 0.0655 
12.2772 8.0000 258.7956 0.3594 0.1933 -0.4840 4.2892 9.0000 3.5836 0.0767 
12.5308 5.0000 265.0370 0.3616 0.1970 -0.5058 4.3012 8.0000 5.9028 0.0773 
12.3388 10.0000 259.6800 0.3575 0.1939 -0.4891 4.2873 8.0000 5.3312 0.0694 
12.2888 8.0000 255.9682 0.3599 0.1931 -0.4985 4.2917 8.0000 4.4694 0.0690 
12.3318 9.0000 257.9854 0.3584 0.1936 -0.4962 4.2942 9.0000 5.8291 0.0672 
12.1972 10.0000 252.1550 0.3525 0.1938 -0.4762 4.3094 8.0000 5.5256 0.0501 
12.3758 3.0000 258.8486 0.3615 0.1973 -0.4974 4.3019 8.0000 8.4536 0.0672 
12.2392 10.0000 253.9458 0.3563 0.1947 -0.4817 4.3074 9.0000 8.7621 0.0672 
12.3750 10.0000 259.2258 0.3608 0.1928 -0.5088 4.2977 8.0000 4.3308 0.0727 
12.2566 10.0000 254.4292 0.3578 0.1939 -0.4955 4.3087 8.0000 3.7028 0.0727 
12.1996 10.0000 255.5822 0.3609 0.1901 -0.5020 4.2841 8.0000 4.2195 0.0682 
12.1104 8.0000 251.1246 0.3591 0.1925 -0.4901 4.3160 10.0000 3.7409 0.0727 
12.3936 10.0000 261.0550 0.3583 0.1905 -0.5066 4.2710 8.0000 3.5811 0.0727 
12.3890 10.0000 260.0318 0.3556 0.1922 -0.4953 4.2848 8.0000 3.8085 0.0727 
12.5944 9.0000 264.0112 0.3459 0.1944 -0.4834 4.2798 8.0000 3.2845 0.0727 
12.2406 10.0000 256.7196 0.3580 0.1937 -0.4834 4.2903 8.0000 3.6766 0.0727 
12.2318 5.0000 250.3170 0.3473 0.1919 -0.4834 4.2858 9.0000 3.9987 0.0727 
12.4132 10.0000 257.7492 0.3475 0.1924 -0.4899 4.2769 8.0000 4.5658 0.0727 
12.2294 8.0000 255.6030 0.3617 0.1928 -0.4992 4.2965 9.0000 5.5247 0.0727 
12.3510 10.0000 259.8728 0.3598 0.1943 -0.4867 4.2758 8.0000 3.8261 0.0727 
