12.6420 10.0000 269.5280 0.2458 0.1259 -0.4473 3.0429 6.0000 1.1726 0.0916 
12.0860 9.0000 249.4340 0.2518 0.1204 -0.4677 3.0842 6.0000 1.0510 0.0888 
11.8640 5.0000 235.0400 0.2457 0.1210 -0.4531 3.0996 6.0000 0.9639 0.0927 
12.4940 10.0000 268.4960 0.2542 0.1190 -0.4718 3.0455 6.0000 0.3079 0.0954 
12.6160 11.0000 264.6300 0.2452 0.1198 -0.4675 3.0508 6.0000 0.6333 0.0814 
12.2680 8.0000 254.1000 0.2524 0.1205 -0.4712 3.0715 5.0000 0.7788 0.0869 
12.6040 10.0000 266.8960 0.2471 0.1191 -0.4744 3.0400 6.0000 0.7410 0.0795 
12.3680 11.0000 260.5180 0.2457 0.1257 -0.4247 3.0703 6.0000 0.5502 0.0906 
12.0840 10.0000 243.3120 0.2510 0.1215 -0.4569 3.0887 6.0000 0.6550 0.0583 
12.4780 9.0000 268.8940 0.2466 0.1209 -0.4823 3.0204 5.0000 0.6557 0.0626 
12.0240 10.0000 242.2300 0.2457 0.1221 -0.4394 3.0843 6.0000 0.6115 0.0821 
11.9840 10.0000 248.7780 0.2578 0.1206 -0.4653 3.0701 6.0000 0.6544 0.0752 
12.4100 11.0000 260.1640 0.2453 0.1182 -0.4743 3.0457 6.0000 0.4425 0.1190 
12.1820 11.0000 249.9600 0.2572 0.1228 -0.4713 3.0811 6.0000 0.5196 0.0841 
12.1540 10.0000 250.3200 0.2528 0.1253 -0.4611 3.0777 6.0000 0.6463 0.0733 
12.1600 7.0000 257.0220 0.2729 0.1200 -0.4917 3.0597 5.0000 0.8795 0.0474 
12.5180 8.0000 264.9480 0.2582 0.1265 -0.4827 3.0494 5.0000 0.8302 0.0870 
12.0540 10.0000 250.2800 0.2534 0.1228 -0.4556 3.0786 6.0000 0.7460 0.0813 
12.1500 7.0000 256.4900 0.2549 0.1231 -0.4609 3.0648 5.0000 0.4407 0.0652 
11.6980 10.0000 231.4720 0.2515 0.1209 -0.4463 3.1213 6.0000 0.3978 0.0545 
12.1880 2.0000 255.6160 0.2524 0.1210 -0.4659 3.0733 6.0000 0.8744 0.0878 
11.6800 8.0000 229.6280 0.2401 0.1194 -0.4242 3.1089 6.0000 0.8774 0.0975 
12.3440 10.0000 258.6360 0.2479 0.1214 -0.4666 3.0559 6.0000 0.9217 0.0996 
12.4760 9.0000 272.2700 0.2498 0.1192 -0.4646 3.0536 6.0000 0.9180 0.0979 
11.9440 10.0000 242.4220 0.2528 0.1220 -0.4427 3.0860 6.0000 0.4839 0.0746 
12.0420 10.0000 251.4100 0.2643 0.1241 -0.4759 3.0862 6.0000 0.1743 0.1067 
12.2500 7.0000 253.9140 0.2648 0.1261 -0.4715 3.0777 6.0000 0.7421 0.0770 
12.1200 10.0000 251.6860 0.2577 0.1241 -0.4754 3.0791 6.0000 0.8366 0.0403 
12.2160 10.0000 257.2620 0.2648 0.1220 -0.4897 3.0649 5.0000 0.8808 0.0974 
12.2000 11.0000 247.8220 0.2389 0.1181 -0.4522 3.0676 6.0000 0.8343 0.0938 
11.9540 10.0000 232.8080 0.2453 0.1207 -0.4647 3.0983 6.0000 0.8311 0.0895 
12.1100 6.0000 241.2380 0.2469 0.1242 -0.4772 3.0865 5.0000 0.7853 0.0637 
12.6000 8.0000 271.0080 0.2527 0.1204 -0.4693 3.0505 6.0000 0.1285 0.0903 
12.0460 9.0000 248.7300 0.2572 0.1229 -0.4728 3.0788 5.0000 0.7903 0.0431 
12.6540 10.0000 271.4900 0.2584 0.1222 -0.4919 3.0329 5.0000 0.2156 0.0552 
12.4700 10.0000 266.1380 0.2463 0.1221 -0.4533 3.0581 6.0000 0.4840 0.0737 
12.3280 10.0000 255.5580 0.2596 0.1241 -0.4823 3.0703 5.0000 0.4411 0.0694 
11.7580 9.0000 238.1400 0.2561 0.1241 -0.4376 3.1011 6.0000 0.3058 0.1047 
12.1240 10.0000 258.2400 0.2705 0.1187 -0.4890 3.0603 6.0000 0.6139 0.0787 
12.1060 10.0000 249.6480 0.2414 0.1225 -0.4454 3.0692 6.0000 0.1765 0.0511 
12.7480 11.0000 273.8060 0.2488 0.1223 -0.4808 3.0200 6.0000 0.6599 0.0712 
12.9920 11.0000 280.7200 0.2505 0.1222 -0.4872 3.0331 6.0000 0.7033 0.0798 
12.3440 11.0000 260.7960 0.2530 0.1236 -0.4432 3.0698 6.0000 0.1625 0.0525 
11.7880 6.0000 239.3640 0.2619 0.1232 -0.4593 3.1041 6.0000 0.3221 0.0870 
11.9060 10.0000 242.0500 0.2509 0.1244 -0.4571 3.0880 6.0000 0.6423 0.0976 
12.8580 9.0000 281.5460 0.2463 0.1184 -0.4772 3.0213 6.0000 0.1204 0.0811 
12.0100 10.0000 250.0300 0.2573 0.1204 -0.4589 3.0775 6.0000 1.1277 0.0916 
12.4460 7.0000 264.7980 0.2598 0.1250 -0.4730 3.0544 6.0000 0.9209 0.1058 
11.4120 10.0000 220.5800 0.2463 0.1204 -0.4437 3.1318 6.0000 0.1321 0.0888 
12.2480 10.0000 262.0820 0.2562 0.1228 -0.4500 3.0643 5.0000 0.7965 0.0927 
11.9740 7.0000 246.1840 0.2561 0.1228 -0.4569 3.0855 6.0000 0.4547 0.1025 
11.5140 10.0000 224.3280 0.2448 0.1220 -0.4277 3.1182 6.0000 0.5236 0.0752 
12.4440 10.0000 262.5080 0.2489 0.1164 -0.4747 3.0468 5.0000 0.7349 0.0869 
11.6120 10.0000 238.7480 0.2658 0.1295 -0.4245 3.1262 6.0000 0.7803 0.0795 
12.5280 11.0000 255.9740 0.2381 0.1228 -0.4502 3.0551 6.0000 0.8982 0.0704 
12.3380 10.0000 257.7520 0.2674 0.1267 -0.5011 3.0790 5.0000 0.5980 0.0875 
12.4480 8.0000 261.1240 0.2469 0.1214 -0.4527 3.0674 6.0000 0.4026 0.0626 
11.9700 10.0000 251.4220 0.2589 0.1196 -0.4565 3.0795 6.0000 0.5666 0.0434 
12.2360 10.0000 256.6040 0.2552 0.1204 -0.4707 3.0573 5.0000 0.1590 0.0774 
12.6360 11.0000 266.7720 0.2522 0.1257 -0.4789 3.0581 5.0000 0.6098 0.0764 
12.5920 10.0000 263.2420 0.2335 0.1212 -0.4419 3.0470 5.0000 0.3491 0.0723 
12.4880 8.0000 258.0160 0.2375 0.1205 -0.4615 3.0612 6.0000 0.4819 0.1029 
12.0260 6.0000 246.7940 0.2477 0.1250 -0.4331 3.0926 6.0000 0.5356 0.0988 
11.9300 6.0000 244.0280 0.2612 0.1234 -0.4729 3.0886 5.0000 0.1762 0.0733 
12.4140 10.0000 261.9320 0.2546 0.1223 -0.4685 3.0585 6.0000 0.7925 0.0926 
11.6560 10.0000 241.7080 0.2790 0.1247 -0.4631 3.1126 6.0000 0.8348 0.0698 
12.0040 10.0000 244.7520 0.2647 0.1288 -0.4713 3.1084 6.0000 0.9199 0.0923 
12.2240 10.0000 249.0200 0.2459 0.1212 -0.4612 3.0730 6.0000 0.3532 0.0732 
11.9260 10.0000 246.7960 0.2410 0.1195 -0.4094 3.0866 6.0000 0.2653 0.0545 
12.1880 10.0000 256.8560 0.2403 0.1206 -0.4255 3.0741 6.0000 0.8323 0.0878 
11.7040 10.0000 233.5940 0.2446 0.1210 -0.4275 3.1058 6.0000 0.8367 0.0975 
11.7220 9.0000 228.9140 0.2397 0.1229 -0.4348 3.1155 6.0000 0.8315 0.0801 
12.1700 10.0000 255.9900 0.2464 0.1187 -0.4518 3.0622 6.0000 0.1389 0.0729 
11.7280 10.0000 235.3220 0.2721 0.1253 -0.4785 3.0978 5.0000 0.6565 0.0979 
11.9060 8.0000 248.1860 0.2695 0.1193 -0.4822 3.0838 6.0000 0.1747 0.0713 
11.8140 7.0000 234.2860 0.2391 0.1218 -0.4433 3.0857 6.0000 0.5274 0.0616 
12.4180 8.0000 265.2600 0.2539 0.1227 -0.4639 3.0467 6.0000 0.6529 0.0751 
12.2120 10.0000 253.6360 0.2507 0.1218 -0.4614 3.0735 6.0000 0.1728 0.0770 
12.0380 6.0000 246.8540 0.2564 0.1242 -0.4586 3.0999 6.0000 0.7452 0.0811 
11.9380 10.0000 241.3800 0.2436 0.1215 -0.4393 3.0871 6.0000 0.1744 0.0838 
12.3200 10.0000 255.4640 0.2357 0.1160 -0.4533 3.0548 6.0000 0.5699 0.0974 
11.4640 10.0000 222.6180 0.2491 0.1207 -0.4538 3.1322 6.0000 0.4405 0.0988 
12.5480 10.0000 265.3300 0.2473 0.1231 -0.4782 3.0455 6.0000 0.6348 0.0791 
12.6000 10.0000 275.0260 0.2522 0.1190 -0.4693 3.0291 5.0000 0.4414 0.0895 
12.5620 11.0000 258.5400 0.2434 0.1242 -0.4652 3.0524 6.0000 0.8758 0.0903 
11.9360 8.0000 248.3600 0.2617 0.1193 -0.4860 3.0667 6.0000 0.6220 0.0431 
12.8460 11.0000 275.0040 0.2403 0.1192 -0.4610 3.0267 5.0000 0.3939 0.0807 
12.2160 10.0000 264.0280 0.2521 0.1211 -0.4298 3.0643 6.0000 0.5259 0.0665 
12.7580 10.0000 277.8640 0.2570 0.1195 -0.4879 3.0335 5.0000 0.7054 0.1047 
12.0740 9.0000 248.2780 0.2486 0.1218 -0.4606 3.0881 6.0000 0.7427 0.0610 
11.8760 9.0000 251.0360 0.2611 0.1197 -0.4748 3.0746 5.0000 0.7464 0.0712 
12.4920 8.0000 259.8340 0.2633 0.1263 -0.5082 3.0698 5.0000 0.6557 0.0786 
12.2580 3.0000 263.5960 0.2514 0.1207 -0.4534 3.0523 6.0000 1.1346 0.0916 
12.4900 10.0000 273.2600 0.2445 0.1173 -0.4362 3.0229 6.0000 1.0998 0.0888 
12.5740 11.0000 258.0140 0.2337 0.1199 -0.4514 3.0536 6.0000 1.0029 0.0927 
12.8560 11.0000 270.6220 0.2416 0.1252 -0.4528 3.0390 5.0000 0.9982 0.0814 
11.6640 10.0000 232.0060 0.2569 0.1250 -0.4548 3.1204 5.0000 1.0029 0.0858 
11.4120 3.0000 231.3340 0.2566 0.1209 -0.4357 3.1250 6.0000 0.7927 0.0795 
11.7340 10.0000 243.8120 0.2628 0.1223 -0.4386 3.0967 6.0000 0.5674 0.0906 
12.0020 7.0000 245.6600 0.2499 0.1208 -0.4513 3.0838 6.0000 0.5767 0.0583 
11.8140 10.0000 235.0200 0.2505 0.1240 -0.4479 3.1048 6.0000 0.5739 0.0626 
12.2140 10.0000 253.1940 0.2580 0.1246 -0.4707 3.0866 6.0000 0.7411 0.0821 
12.2260 11.0000 250.0580 0.2510 0.1216 -0.4796 3.0685 6.0000 0.6213 0.0752 
12.1980 10.0000 244.1900 0.2390 0.1187 -0.4768 3.0783 6.0000 0.4374 0.1106 
12.0320 6.0000 254.6020 0.2712 0.1226 -0.4751 3.0614 5.0000 0.6476 0.0857 
12.1020 5.0000 250.0760 0.2609 0.1241 -0.4793 3.0847 6.0000 0.6569 0.0733 
12.4860 10.0000 271.8600 0.2537 0.1236 -0.4585 3.0434 6.0000 0.9265 0.0474 
12.2560 9.0000 259.6180 0.2562 0.1169 -0.4776 3.0541 6.0000 0.7845 0.0870 
11.7220 10.0000 245.0440 0.2580 0.1229 -0.4316 3.0996 6.0000 0.7057 0.0813 
11.8040 10.0000 238.5700 0.2410 0.1233 -0.4165 3.1033 6.0000 0.3990 0.0714 
12.0420 10.0000 251.4400 0.2464 0.1193 -0.4457 3.0669 6.0000 0.5239 0.0545 
12.7160 10.0000 275.9340 0.2591 0.1217 -0.4920 3.0287 5.0000 0.9227 0.0878 
11.8700 10.0000 238.5700 0.2362 0.1216 -0.4167 3.1000 6.0000 0.7941 0.0975 
11.9360 10.0000 247.8040 0.2533 0.1242 -0.4383 3.0894 6.0000 1.0092 0.0996 
11.8700 9.0000 240.9360 0.2448 0.1172 -0.4574 3.0889 6.0000 0.9212 0.1178 
12.2780 9.0000 254.2580 0.2509 0.1231 -0.4587 3.0695 6.0000 0.7046 0.0616 
12.3880 11.0000 263.2740 0.2597 0.1213 -0.4676 3.0568 6.0000 0.2610 0.1085 
12.2160 10.0000 255.2120 0.2575 0.1224 -0.4696 3.0574 5.0000 0.3913 0.0770 
11.8560 10.0000 243.8020 0.2684 0.1251 -0.4498 3.1036 6.0000 0.7928 0.0403 
12.8780 8.0000 273.7760 0.2492 0.1212 -0.4868 3.0276 6.0000 0.8808 0.0974 
12.0800 10.0000 248.5340 0.2471 0.1195 -0.4632 3.0672 6.0000 0.8303 0.0938 
11.5180 10.0000 227.9560 0.2610 0.1238 -0.4661 3.1261 6.0000 0.7939 0.0895 
12.1140 10.0000 248.3340 0.2417 0.1189 -0.4405 3.0795 6.0000 0.9163 0.0903 
12.3160 5.0000 254.1500 0.2510 0.1258 -0.4695 3.0715 5.0000 0.6156 0.0431 
12.3680 11.0000 257.7520 0.2583 0.1197 -0.5066 3.0506 6.0000 0.3526 0.0854 
12.1180 10.0000 245.3260 0.2414 0.1218 -0.4477 3.0855 6.0000 0.5708 0.0665 
12.1460 10.0000 254.0320 0.2647 0.1233 -0.4850 3.0731 6.0000 0.6989 0.1047 
12.2280 10.0000 257.2220 0.2499 0.1207 -0.4484 3.0643 6.0000 0.8311 0.0610 
12.3700 11.0000 255.4580 0.2412 0.1263 -0.4318 3.0834 6.0000 0.8329 0.0712 
11.6600 8.0000 231.1540 0.2542 0.1216 -0.4599 3.1062 6.0000 0.8800 0.0902 
12.2920 7.0000 252.8300 0.2406 0.1173 -0.4620 3.0563 6.0000 0.3610 0.0980 
12.7560 8.0000 272.0700 0.2467 0.1205 -0.4825 3.0325 5.0000 0.1662 0.0870 
11.9140 8.0000 251.7000 0.2684 0.1238 -0.4479 3.0816 6.0000 0.5983 0.0811 
12.4580 10.0000 258.8700 0.2304 0.1174 -0.4358 3.0433 6.0000 0.4721 0.0739 
11.9680 10.0000 246.3760 0.2676 0.1211 -0.4857 3.0888 5.0000 0.1121 0.1099 
12.4380 9.0000 268.3960 0.2578 0.1210 -0.4712 3.0387 6.0000 0.1470 0.0729 
12.5020 10.0000 270.0280 0.2592 0.1224 -0.4639 3.0399 5.0000 0.0770 0.0822 
12.5000 10.0000 265.7900 0.2400 0.1196 -0.4558 3.0539 5.0000 0.0236 0.0497 
12.6500 8.0000 267.4280 0.2426 0.1221 -0.4607 3.0388 6.0000 0.9946 0.0916 
12.0840 10.0000 244.6080 0.2506 0.1227 -0.4658 3.0971 6.0000 0.5704 0.0920 
11.8360 10.0000 243.5320 0.2589 0.1207 -0.4676 3.0888 6.0000 0.2162 0.0888 
11.6980 8.0000 234.8820 0.2493 0.1226 -0.4468 3.1048 6.0000 0.7454 0.0927 
11.8680 4.0000 236.2680 0.2502 0.1216 -0.4652 3.0997 6.0000 1.0451 0.0814 
11.9200 10.0000 239.4000 0.2475 0.1199 -0.4612 3.0842 6.0000 0.8751 0.0376 
11.4840 10.0000 236.5440 0.2777 0.1237 -0.4612 3.1165 6.0000 0.6612 0.0753 
12.0380 10.0000 243.0840 0.2446 0.1193 -0.4485 3.0901 6.0000 0.1741 0.0743 
11.6720 10.0000 228.9880 0.2375 0.1229 -0.4187 3.1187 6.0000 0.4709 0.0728 
11.5820 10.0000 231.4540 0.2599 0.1221 -0.4442 3.1179 6.0000 0.5661 0.0619 
11.2360 5.0000 219.3760 0.2452 0.1201 -0.4115 3.1297 6.0000 0.6053 0.0797 
11.8480 9.0000 245.8500 0.2497 0.1156 -0.4466 3.0734 6.0000 0.5689 0.0774 
11.8420 8.0000 243.4440 0.2409 0.1173 -0.4244 3.0784 6.0000 0.6949 0.0685 
11.7020 10.0000 240.2300 0.2624 0.1200 -0.4509 3.0891 6.0000 0.7050 0.1029 
11.9120 10.0000 239.0120 0.2606 0.1288 -0.4547 3.1148 6.0000 0.7451 0.1044 
12.0500 10.0000 243.0120 0.2498 0.1192 -0.4851 3.0726 5.0000 0.2027 0.0430 
11.5280 9.0000 233.6080 0.2516 0.1181 -0.4440 3.1098 6.0000 0.4419 0.0926 
11.6840 9.0000 238.1900 0.2592 0.1203 -0.4512 3.0905 6.0000 0.7923 0.0698 
12.1160 10.0000 253.9640 0.2527 0.1230 -0.4532 3.0659 6.0000 0.9653 0.0765 
11.6680 10.0000 238.3820 0.2677 0.1235 -0.4568 3.1198 6.0000 0.8311 0.0545 
12.3160 10.0000 256.5300 0.2493 0.1250 -0.4523 3.0674 5.0000 0.8291 0.0624 
11.7560 10.0000 232.2900 0.2596 0.1252 -0.4648 3.1159 6.0000 0.7030 0.0674 
12.3400 10.0000 261.2280 0.2585 0.1201 -0.4857 3.0462 6.0000 0.2198 0.0917 
12.1140 10.0000 253.9980 0.2506 0.1198 -0.4737 3.0602 6.0000 0.5748 0.0996 
12.2540 10.0000 257.1680 0.2574 0.1212 -0.4888 3.0509 6.0000 0.9226 0.1178 
12.1180 10.0000 255.2380 0.2675 0.1237 -0.4768 3.0702 6.0000 0.8356 0.0616 
11.8480 7.0000 242.4960 0.2577 0.1217 -0.4468 3.0976 6.0000 0.8733 0.0944 
12.2020 7.0000 257.8480 0.2499 0.1189 -0.4625 3.0558 6.0000 0.3541 0.0917 
12.1040 10.0000 243.4740 0.2335 0.1231 -0.4218 3.0925 6.0000 0.2617 0.0403 
12.4160 10.0000 262.2740 0.2574 0.1233 -0.4550 3.0628 6.0000 0.8332 0.0974 
12.2960 11.0000 247.3480 0.2308 0.1215 -0.4450 3.0739 6.0000 0.6857 0.1018 
11.3420 10.0000 226.5680 0.2721 0.1253 -0.4523 3.1352 6.0000 0.8731 0.0895 
12.1780 5.0000 257.4460 0.2637 0.1207 -0.4828 3.0725 5.0000 0.8767 0.0713 
12.1100 11.0000 252.0500 0.2597 0.1225 -0.4713 3.0750 6.0000 0.1759 0.0538 
12.0840 8.0000 247.8900 0.2435 0.1213 -0.4485 3.0668 6.0000 0.4394 0.0744 
11.9080 8.0000 243.2360 0.2724 0.1247 -0.4996 3.0865 5.0000 0.7951 0.0742 
12.3520 10.0000 260.1720 0.2504 0.1205 -0.4643 3.0553 6.0000 0.7888 0.1047 
11.4660 10.0000 238.1300 0.2743 0.1251 -0.4601 3.1144 6.0000 0.7361 0.0787 
12.4460 10.0000 265.3820 0.2455 0.1168 -0.4639 3.0393 5.0000 0.3027 0.0753 
12.8940 6.0000 275.0220 0.2498 0.1182 -0.5052 3.0289 6.0000 0.3533 0.0836 
11.6300 10.0000 228.0120 0.2414 0.1219 -0.4231 3.1249 6.0000 0.7468 0.0902 
11.9240 10.0000 243.9780 0.2615 0.1223 -0.4874 3.0945 6.0000 0.5572 0.0980 
11.9660 10.0000 252.9860 0.2709 0.1235 -0.4680 3.0799 6.0000 0.1979 0.0870 
12.0360 6.0000 248.2320 0.2641 0.1259 -0.4839 3.0838 5.0000 0.6005 0.0390 
12.1240 10.0000 248.3120 0.2523 0.1190 -0.4824 3.0739 6.0000 0.1580 0.1026 
12.2620 10.0000 253.1460 0.2525 0.1262 -0.4699 3.0618 5.0000 0.1903 0.0592 
12.6780 8.0000 272.6480 0.2482 0.1209 -0.4690 3.0427 6.0000 1.1308 0.0916 
12.0380 10.0000 248.1720 0.2580 0.1249 -0.4635 3.0895 6.0000 1.0861 0.0888 
12.4380 10.0000 262.1000 0.2574 0.1200 -0.5117 3.0336 5.0000 0.9700 0.0927 
11.9620 10.0000 251.1960 0.2663 0.1252 -0.4503 3.0899 6.0000 1.0723 0.0814 
12.2760 10.0000 251.9900 0.2463 0.1230 -0.4647 3.0660 6.0000 0.9526 0.0858 
11.8640 10.0000 238.5160 0.2476 0.1220 -0.4500 3.1070 6.0000 0.7076 0.0795 
11.7840 10.0000 242.1860 0.2580 0.1207 -0.4466 3.0983 6.0000 0.6114 0.0906 
11.9000 9.0000 248.8940 0.2443 0.1214 -0.4052 3.0944 6.0000 0.6653 0.0810 
11.9220 10.0000 243.8000 0.2618 0.1261 -0.4626 3.1020 6.0000 0.6102 0.0626 
11.8360 11.0000 234.7000 0.2447 0.1259 -0.4304 3.1012 6.0000 0.7396 0.0821 
12.2220 4.0000 250.4000 0.2458 0.1214 -0.4584 3.0687 6.0000 0.5315 0.0589 
12.2040 10.0000 263.7460 0.2686 0.1202 -0.4800 3.0547 6.0000 0.2158 0.0685 
11.7700 10.0000 245.1100 0.2510 0.1221 -0.4272 3.0927 6.0000 0.7002 0.1029 
11.4180 5.0000 228.1840 0.2633 0.1234 -0.4515 3.1198 6.0000 0.7015 0.1044 
12.6200 10.0000 263.2040 0.2627 0.1248 -0.5278 3.0571 5.0000 0.8021 0.0916 
12.3120 10.0000 263.4640 0.2512 0.1198 -0.4488 3.0593 6.0000 0.1757 0.0499 
11.4560 10.0000 222.8880 0.2480 0.1222 -0.4449 3.1336 6.0000 0.6631 0.0698 
12.0820 10.0000 250.2400 0.2540 0.1193 -0.4832 3.0644 6.0000 0.8362 0.0765 
11.9960 10.0000 239.9820 0.2476 0.1219 -0.4620 3.0901 6.0000 0.8386 0.0545 
11.7520 11.0000 232.2320 0.2646 0.1287 -0.4805 3.1155 6.0000 0.9641 0.0624 
12.1520 10.0000 250.6440 0.2442 0.1232 -0.4460 3.0794 6.0000 1.0089 0.0975 
11.7760 4.0000 240.0200 0.2608 0.1220 -0.4708 3.1057 6.0000 0.9192 0.0996 
12.6460 11.0000 269.4000 0.2506 0.1226 -0.4906 3.0389 5.0000 0.5698 0.0791 
12.1980 10.0000 260.8900 0.2631 0.1224 -0.4613 3.0636 6.0000 0.1783 0.0862 
11.6000 10.0000 228.3140 0.2440 0.1166 -0.4473 3.1093 6.0000 0.6677 0.1067 
12.7160 10.0000 269.0640 0.2421 0.1217 -0.4653 3.0420 6.0000 0.8319 0.0921 
11.3520 8.0000 237.4740 0.2795 0.1229 -0.4492 3.1028 6.0000 0.9721 0.0791 
12.1360 10.0000 250.1320 0.2438 0.1186 -0.4472 3.0723 6.0000 0.7913 0.0974 
11.6620 6.0000 232.8220 0.2511 0.1246 -0.4319 3.1120 6.0000 0.8316 0.1072 
11.7740 9.0000 240.5200 0.2568 0.1234 -0.4422 3.1060 6.0000 0.6590 0.0740 
11.8200 10.0000 240.1720 0.2625 0.1235 -0.4539 3.1018 6.0000 0.1753 0.1109 
12.1160 10.0000 248.7440 0.2576 0.1255 -0.4493 3.0849 6.0000 0.5665 0.0903 
12.1900 10.0000 258.9740 0.2598 0.1245 -0.4590 3.0744 6.0000 0.9301 0.0744 
12.2740 8.0000 262.8560 0.2500 0.1190 -0.4343 3.0567 5.0000 0.8391 0.0742 
12.4720 6.0000 270.4880 0.2494 0.1182 -0.4595 3.0368 6.0000 0.7461 0.1047 
12.4080 7.0000 263.1580 0.2582 0.1238 -0.4719 3.0458 6.0000 0.4304 0.0388 
12.3900 10.0000 261.7540 0.2488 0.1189 -0.4824 3.0495 5.0000 0.1670 0.0511 
12.1160 9.0000 253.1380 0.2505 0.1213 -0.4477 3.0683 6.0000 0.7897 0.0712 
11.8040 10.0000 229.9460 0.2538 0.1250 -0.4762 3.1167 6.0000 0.8769 0.0902 
11.4360 8.0000 230.3240 0.2450 0.1181 -0.4218 3.1079 6.0000 0.7192 0.0870 
13.0520 7.0000 284.8980 0.2486 0.1203 -0.4870 3.0094 5.0000 0.8384 0.0811 
12.1180 10.0000 248.1040 0.2467 0.1208 -0.4444 3.0806 6.0000 0.4840 0.0643 
11.8460 9.0000 237.4140 0.2433 0.1177 -0.4479 3.0904 6.0000 0.1277 0.0925 
12.8480 11.0000 282.5160 0.2511 0.1226 -0.4665 3.0274 6.0000 0.1667 0.0750 
12.1500 10.0000 260.8260 0.2650 0.1171 -0.4801 3.0470 6.0000 0.1192 0.0951 
12.2340 10.0000 255.8620 0.2558 0.1220 -0.4696 3.0600 6.0000 0.0375 0.0497 
12.0960 10.0000 254.8280 0.2593 0.1249 -0.4451 3.0751 5.0000 1.1705 0.0916 
12.4980 10.0000 272.9900 0.2639 0.1204 -0.4746 3.0269 5.0000 1.0849 0.0888 
12.2640 7.0000 255.9320 0.2565 0.1233 -0.4759 3.0649 6.0000 1.0507 0.0927 
12.1380 10.0000 250.5380 0.2528 0.1209 -0.4615 3.0690 6.0000 0.9913 0.0814 
11.7840 8.0000 238.8020 0.2600 0.1210 -0.4838 3.0977 6.0000 0.8779 0.0958 
11.6000 10.0000 239.1020 0.2528 0.1191 -0.4184 3.0934 6.0000 0.3116 0.0892 
11.6860 10.0000 234.1880 0.2573 0.1181 -0.4924 3.0995 6.0000 0.5181 0.0795 
11.6900 10.0000 237.9020 0.2469 0.1230 -0.4186 3.1071 6.0000 0.5212 0.0906 
11.7680 10.0000 233.5500 0.2571 0.1265 -0.4523 3.1136 6.0000 0.5265 0.0702 
11.8840 8.0000 233.3560 0.2488 0.1217 -0.4739 3.1010 6.0000 0.1745 0.0649 
12.5940 10.0000 266.8840 0.2440 0.1215 -0.4665 3.0469 6.0000 0.5611 0.0797 
11.8200 10.0000 241.7020 0.2558 0.1186 -0.4768 3.0900 6.0000 0.6044 0.0774 
11.5320 9.0000 229.5340 0.2515 0.1194 -0.4455 3.1176 6.0000 0.6995 0.0685 
12.3460 10.0000 261.4960 0.2553 0.1235 -0.4513 3.0547 6.0000 0.6597 0.1029 
11.6900 7.0000 236.5140 0.2640 0.1195 -0.4742 3.1030 6.0000 0.4408 0.0913 
12.1000 10.0000 245.8780 0.2524 0.1201 -0.4793 3.0700 6.0000 0.2205 0.0733 
12.1560 9.0000 257.3100 0.2543 0.1181 -0.4550 3.0619 6.0000 0.7476 0.0975 
12.1000 10.0000 248.1280 0.2419 0.1197 -0.4597 3.0650 6.0000 0.3109 0.0625 
12.3260 10.0000 263.2480 0.2669 0.1231 -0.4973 3.0638 5.0000 0.5277 0.0698 
11.7240 7.0000 233.3340 0.2477 0.1225 -0.4498 3.1181 6.0000 0.8343 0.0813 
11.9340 10.0000 246.5660 0.2605 0.1232 -0.4660 3.0989 6.0000 0.3072 0.0714 
11.8020 8.0000 244.0500 0.2564 0.1189 -0.4539 3.0829 6.0000 0.4860 0.0874 
12.1800 10.0000 249.4340 0.2418 0.1202 -0.4680 3.0759 6.0000 0.1312 0.0545 
12.5300 10.0000 261.0560 0.2449 0.1233 -0.4640 3.0628 5.0000 0.6593 0.0624 
12.2760 10.0000 263.7220 0.2433 0.1224 -0.4230 3.0474 6.0000 0.7909 0.0674 
11.7180 7.0000 233.5340 0.2562 0.1232 -0.4541 3.1084 5.0000 0.1763 0.0975 
12.0900 5.0000 254.5480 0.2682 0.1255 -0.4720 3.0752 5.0000 0.7455 0.0996 
12.0280 6.0000 252.7900 0.2583 0.1203 -0.4680 3.0691 6.0000 0.9276 0.1178 
12.3260 8.0000 259.8840 0.2619 0.1228 -0.4689 3.0730 5.0000 0.8366 0.1067 
12.2880 10.0000 244.9120 0.2209 0.1193 -0.4234 3.0713 6.0000 0.8666 0.0921 
12.4700 10.0000 259.9340 0.2403 0.1210 -0.4462 3.0628 6.0000 0.9273 0.0791 
12.2840 9.0000 254.0260 0.2468 0.1212 -0.4706 3.0676 6.0000 0.6612 0.1072 
12.3760 9.0000 254.1140 0.2512 0.1215 -0.4960 3.0632 5.0000 0.2182 0.0800 
12.0300 10.0000 246.9000 0.2580 0.1257 -0.4678 3.0897 5.0000 0.9405 0.0642 
12.0460 10.0000 248.4420 0.2630 0.1237 -0.4776 3.0824 6.0000 0.2634 0.1109 
11.7260 9.0000 241.7660 0.2587 0.1195 -0.4506 3.0932 5.0000 0.6567 0.0903 
11.6600 9.0000 235.6920 0.2510 0.1205 -0.4453 3.0937 6.0000 0.9674 0.0744 
11.6560 10.0000 239.4840 0.2753 0.1251 -0.4591 3.1064 5.0000 0.8364 0.0742 
12.0780 8.0000 250.2820 0.2789 0.1251 -0.5038 3.0766 6.0000 0.8322 0.1047 
12.5540 8.0000 269.5580 0.2571 0.1178 -0.4924 3.0335 5.0000 0.5288 0.0610 
12.3020 10.0000 270.8160 0.2824 0.1258 -0.4993 3.0713 6.0000 0.7492 0.0712 
12.1940 10.0000 249.8840 0.2571 0.1232 -0.4711 3.0885 6.0000 0.6102 0.0786 
12.5480 10.0000 276.3660 0.2597 0.1203 -0.4737 3.0383 6.0000 0.1743 0.0797 
12.0360 10.0000 249.6700 0.2561 0.1237 -0.4622 3.0838 6.0000 0.5596 0.0870 
11.6320 10.0000 239.0860 0.2881 0.1272 -0.4868 3.1177 5.0000 0.7989 0.0811 
11.9700 10.0000 252.1600 0.2538 0.1204 -0.4473 3.0697 6.0000 1.1675 0.0916 
11.8260 10.0000 237.4440 0.2526 0.1262 -0.4400 3.1076 6.0000 1.0536 0.0888 
12.2900 11.0000 244.7920 0.2345 0.1235 -0.4372 3.0769 6.0000 0.9226 0.0927 
12.2460 9.0000 256.7480 0.2530 0.1199 -0.4782 3.0486 5.0000 0.3145 0.0813 
12.5360 6.0000 273.2200 0.2531 0.1188 -0.4759 3.0394 5.0000 0.6004 0.0814 
11.4560 6.0000 233.9280 0.2690 0.1219 -0.4442 3.1002 6.0000 0.8249 0.0858 
11.9920 10.0000 247.4900 0.2569 0.1206 -0.4838 3.0814 6.0000 0.7450 0.0795 
12.3700 10.0000 260.4320 0.2543 0.1202 -0.4664 3.0600 5.0000 0.5566 0.0906 
12.0480 10.0000 247.2720 0.2621 0.1232 -0.4708 3.0806 6.0000 0.5814 0.0583 
12.1620 10.0000 251.1960 0.2525 0.1223 -0.4537 3.0804 6.0000 0.6102 0.0626 
12.5840 7.0000 266.5340 0.2538 0.1215 -0.4812 3.0326 5.0000 0.6928 0.0821 
12.4560 8.0000 262.3360 0.2466 0.1220 -0.4590 3.0543 6.0000 0.6560 0.0973 
12.1000 10.0000 256.1580 0.2666 0.1231 -0.4659 3.0750 6.0000 0.4390 0.0742 
12.3540 10.0000 262.7560 0.2514 0.1210 -0.4673 3.0632 5.0000 0.6972 0.1050 
12.6600 11.0000 265.7960 0.2428 0.1205 -0.4829 3.0318 5.0000 0.7007 0.0733 
12.6320 10.0000 272.5360 0.2634 0.1228 -0.4882 3.0440 6.0000 0.6599 0.0975 
12.1000 10.0000 261.4640 0.2818 0.1258 -0.4854 3.0739 6.0000 0.4382 0.1230 
12.4100 11.0000 256.8000 0.2446 0.1171 -0.4778 3.0540 5.0000 0.3488 0.0698 
12.8020 9.0000 275.5700 0.2543 0.1201 -0.4941 3.0377 6.0000 0.7088 0.0765 
11.9100 9.0000 244.6300 0.2478 0.1210 -0.4493 3.0882 6.0000 0.8680 0.0545 
12.2320 10.0000 253.0640 0.2515 0.1214 -0.4681 3.0708 6.0000 0.9233 0.0624 
11.6980 6.0000 236.5420 0.2590 0.1239 -0.4533 3.1068 5.0000 0.9661 0.0975 
11.9480 10.0000 236.9160 0.2378 0.1225 -0.4564 3.1004 6.0000 0.8795 0.0996 
12.2000 10.0000 252.9380 0.2511 0.1228 -0.4514 3.0703 6.0000 0.8262 0.1021 
11.9020 9.0000 244.4020 0.2748 0.1250 -0.4914 3.1099 6.0000 0.2187 0.0713 
12.7140 10.0000 271.6220 0.2613 0.1267 -0.4925 3.0491 5.0000 0.5719 0.1067 
12.4360 9.0000 268.2640 0.2559 0.1192 -0.4691 3.0502 5.0000 0.7926 0.0770 
11.5260 10.0000 226.2340 0.2392 0.1236 -0.4046 3.1236 6.0000 0.8388 0.0791 
12.0140 10.0000 245.1240 0.2549 0.1230 -0.4649 3.0887 5.0000 0.8388 0.0974 
12.4300 10.0000 264.3020 0.2554 0.1238 -0.4748 3.0523 6.0000 0.7095 0.1072 
13.0640 11.0000 290.7860 0.2517 0.1224 -0.4688 3.0140 6.0000 0.8325 0.0895 
12.3640 10.0000 259.8600 0.2639 0.1254 -0.4872 3.0704 6.0000 0.5244 0.0889 
12.2420 5.0000 249.2900 0.2414 0.1207 -0.4747 3.0668 6.0000 0.1754 0.0903 
12.0280 9.0000 247.3120 0.2649 0.1248 -0.4844 3.0810 6.0000 0.7492 0.0744 
12.3220 10.0000 252.3420 0.2492 0.1228 -0.4781 3.0705 5.0000 0.8793 0.0742 
11.3520 6.0000 221.4180 0.2604 0.1280 -0.4289 3.1416 6.0000 0.8335 0.1047 
11.9520 7.0000 240.3300 0.2532 0.1263 -0.4566 3.0989 6.0000 0.8328 0.0869 
12.9060 11.0000 276.7380 0.2509 0.1248 -0.4778 3.0310 5.0000 0.3978 0.1207 
11.4600 9.0000 228.8900 0.2551 0.1180 -0.4498 3.1118 5.0000 0.1762 0.0733 
12.0740 10.0000 248.3220 0.2543 0.1214 -0.4645 3.0740 6.0000 0.6618 0.0902 
11.8800 8.0000 242.7180 0.2502 0.1219 -0.4482 3.0859 6.0000 0.7185 0.0870 
11.4340 8.0000 225.4860 0.2521 0.1189 -0.4622 3.1064 6.0000 0.8002 0.0811 
11.7120 6.0000 241.7240 0.2480 0.1242 -0.3986 3.1045 6.0000 0.5465 0.0592 
11.9640 10.0000 251.3640 0.2682 0.1242 -0.4575 3.0810 5.0000 0.1482 0.1099 
11.5460 10.0000 233.6720 0.2758 0.1244 -0.4720 3.1361 6.0000 0.1508 0.0729 
12.7300 10.0000 272.6440 0.2314 0.1169 -0.4713 3.0211 6.0000 1.1234 0.0916 
11.5360 10.0000 235.2300 0.2643 0.1248 -0.4630 3.1424 6.0000 1.0532 0.0888 
11.9600 7.0000 246.0940 0.2464 0.1248 -0.4397 3.0837 6.0000 0.7899 0.0927 
12.1400 10.0000 248.0700 0.2587 0.1218 -0.4811 3.0768 5.0000 0.4041 0.0813 
12.6460 9.0000 270.2800 0.2534 0.1215 -0.4762 3.0321 5.0000 0.6870 0.0752 
11.9800 10.0000 244.1460 0.2641 0.1230 -0.4781 3.0924 6.0000 0.7028 0.0869 
12.2240 11.0000 253.0080 0.2418 0.1250 -0.4250 3.0785 6.0000 0.7808 0.0795 
11.8900 10.0000 236.2320 0.2404 0.1185 -0.4523 3.0935 6.0000 0.9028 0.0728 
12.3900 11.0000 254.2080 0.2585 0.1227 -0.4885 3.0606 5.0000 0.6130 0.0619 
11.7700 10.0000 234.2420 0.2558 0.1263 -0.4572 3.1136 6.0000 0.6475 0.0797 
12.9260 11.0000 281.0320 0.2519 0.1228 -0.4875 3.0244 6.0000 0.5696 0.0774 
11.5600 4.0000 232.4460 0.2633 0.1239 -0.4569 3.1237 6.0000 0.6523 0.0685 
12.6260 10.0000 281.5080 0.2531 0.1168 -0.4658 3.0204 6.0000 0.6591 0.1029 
12.6460 10.0000 270.9600 0.2547 0.1211 -0.4927 3.0443 6.0000 0.6615 0.1044 
12.8720 9.0000 273.2980 0.2478 0.1254 -0.4707 3.0370 6.0000 0.2084 0.0430 
11.9400 10.0000 238.4920 0.2416 0.1211 -0.4266 3.1025 6.0000 0.4809 0.0926 
12.2460 1.0000 256.5160 0.2609 0.1234 -0.4786 3.0756 6.0000 0.8313 0.0698 
12.2120 10.0000 254.8620 0.2543 0.1227 -0.4542 3.0688 5.0000 0.9208 0.0765 
11.4180 10.0000 221.3960 0.2615 0.1244 -0.4799 3.1284 6.0000 0.9137 0.0545 
11.3480 9.0000 229.4540 0.2753 0.1216 -0.4794 3.1227 6.0000 0.9660 0.0624 
12.4540 10.0000 272.5320 0.2614 0.1220 -0.4722 3.0364 5.0000 0.9264 0.0975 
12.4420 7.0000 268.3800 0.2662 0.1205 -0.4889 3.0464 6.0000 0.9673 0.0996 
11.9680 8.0000 245.6880 0.2582 0.1188 -0.4731 3.0771 6.0000 0.6563 0.0791 
12.5920 7.0000 269.4360 0.2588 0.1240 -0.4887 3.0483 6.0000 0.2197 0.0862 
12.9040 11.0000 282.3880 0.2539 0.1263 -0.4616 3.0445 6.0000 0.6587 0.1067 
11.5500 10.0000 230.4480 0.2496 0.1214 -0.4364 3.1089 6.0000 0.7869 0.0921 
12.0580 10.0000 251.4860 0.2513 0.1199 -0.4611 3.0694 6.0000 0.8347 0.0791 
11.6460 7.0000 234.8640 0.2449 0.1247 -0.4178 3.1148 6.0000 0.7048 0.1072 
12.2880 10.0000 259.2920 0.2547 0.1233 -0.4540 3.0735 6.0000 0.2226 0.0800 
12.3640 10.0000 254.3880 0.2459 0.1227 -0.4629 3.0632 6.0000 0.9354 0.0535 
12.2420 7.0000 254.2280 0.2539 0.1230 -0.4620 3.0744 5.0000 0.3492 0.1109 
12.0820 10.0000 260.6220 0.2720 0.1208 -0.4793 3.0551 5.0000 0.7454 0.0903 
12.1120 1.0000 251.8640 0.2526 0.1223 -0.4513 3.0818 6.0000 1.0086 0.0744 
11.7160 9.0000 237.2040 0.2597 0.1218 -0.4612 3.1058 6.0000 0.8391 0.0742 
11.8680 9.0000 244.2620 0.2646 0.1243 -0.4582 3.0943 5.0000 0.7878 0.1047 
12.6340 11.0000 271.3240 0.2531 0.1243 -0.4773 3.0394 5.0000 0.4379 0.0388 
12.8080 10.0000 273.1300 0.2539 0.1201 -0.5006 3.0272 6.0000 0.2040 0.0511 
11.5820 8.0000 236.4060 0.2606 0.1243 -0.4296 3.1197 6.0000 0.6613 0.0712 
11.9560 10.0000 240.6860 0.2493 0.1213 -0.4612 3.0900 6.0000 0.8336 0.0902 
12.4040 10.0000 261.1440 0.2616 0.1231 -0.4999 3.0495 6.0000 0.7257 0.0870 
11.9420 10.0000 238.3060 0.2609 0.1273 -0.4771 3.1106 6.0000 0.8776 0.0811 
12.0360 10.0000 244.3780 0.2694 0.1284 -0.4952 3.1071 6.0000 0.5160 0.0643 
11.9840 10.0000 243.0000 0.2497 0.1196 -0.4710 3.0798 6.0000 0.1574 0.0925 
11.4940 10.0000 231.5820 0.2706 0.1221 -0.4644 3.1159 6.0000 0.1386 0.1039 
12.5440 9.0000 269.2360 0.2496 0.1222 -0.4688 3.0447 6.0000 0.1192 0.0951 
12.6880 9.0000 272.2320 0.2450 0.1239 -0.4529 3.0299 6.0000 1.0825 0.0916 
12.4280 10.0000 265.4120 0.2578 0.1187 -0.4843 3.0394 5.0000 1.0484 0.0888 
12.2140 10.0000 258.0300 0.2660 0.1244 -0.4853 3.0643 6.0000 1.0980 0.0927 
12.4480 8.0000 257.4660 0.2429 0.1221 -0.4558 3.0616 6.0000 0.9697 0.0814 
12.2520 10.0000 266.5260 0.2782 0.1244 -0.4948 3.0570 5.0000 0.8294 0.0958 
12.3000 8.0000 262.7760 0.2618 0.1229 -0.4883 3.0430 6.0000 0.5715 0.0957 
11.9080 9.0000 243.7580 0.2523 0.1232 -0.4580 3.0870 6.0000 0.1627 0.1088 
11.7740 10.0000 236.9400 0.2595 0.1250 -0.4541 3.1064 6.0000 0.6922 0.0704 
12.4120 10.0000 264.7140 0.2549 0.1207 -0.4693 3.0567 6.0000 0.5211 0.0783 
11.8860 10.0000 238.8980 0.2630 0.1254 -0.4799 3.1154 6.0000 0.6884 0.0740 
11.0820 9.0000 212.7640 0.2658 0.1267 -0.4544 3.1743 6.0000 0.6647 0.0613 
12.4640 9.0000 266.4500 0.2512 0.1222 -0.4611 3.0466 6.0000 0.6571 0.0792 
12.1220 10.0000 255.6500 0.2592 0.1220 -0.4558 3.0769 5.0000 0.4411 0.0779 
11.8220 10.0000 238.9460 0.2504 0.1236 -0.4371 3.1059 6.0000 0.3078 0.0813 
11.8740 10.0000 240.0400 0.2716 0.1276 -0.4733 3.1172 5.0000 0.6146 0.0733 
12.4120 7.0000 257.0400 0.2343 0.1205 -0.4387 3.0512 6.0000 0.7475 0.0975 
12.2520 9.0000 247.3060 0.2389 0.1228 -0.4524 3.0789 6.0000 0.5694 0.0784 
11.9340 6.0000 237.3820 0.2485 0.1253 -0.4491 3.1110 6.0000 0.1763 0.0698 
12.0200 7.0000 250.7160 0.2478 0.1207 -0.4347 3.0809 5.0000 0.6582 0.0765 
12.6260 10.0000 268.8940 0.2541 0.1208 -0.4831 3.0435 6.0000 0.7861 0.0545 
12.4540 10.0000 264.2260 0.2519 0.1255 -0.4594 3.0674 6.0000 0.7804 0.0624 
12.5980 11.0000 258.9080 0.2551 0.1241 -0.5206 3.0522 6.0000 0.3933 0.0858 
12.4820 2.0000 261.7880 0.2490 0.1197 -0.4817 3.0516 6.0000 0.1788 0.0975 
11.8760 10.0000 236.8680 0.2494 0.1239 -0.4493 3.1127 6.0000 0.8772 0.0996 
12.2160 9.0000 254.4300 0.2553 0.1232 -0.4778 3.0605 5.0000 0.9238 0.1178 
12.0300 10.0000 249.8960 0.2624 0.1224 -0.4625 3.0776 6.0000 0.9210 0.1067 
11.6040 9.0000 231.3560 0.2500 0.1219 -0.4266 3.1142 6.0000 0.9558 0.0921 
12.3480 5.0000 257.6900 0.2495 0.1211 -0.4670 3.0593 6.0000 0.8792 0.0774 
12.1400 10.0000 244.7900 0.2329 0.1175 -0.4558 3.0716 6.0000 0.2655 0.0603 
11.6620 9.0000 239.5360 0.2674 0.1228 -0.4530 3.1088 6.0000 0.3883 0.0805 
12.3340 9.0000 264.1700 0.2599 0.1254 -0.4656 3.0746 6.0000 0.6560 0.0938 
12.7940 11.0000 272.4660 0.2356 0.1195 -0.4709 3.0206 5.0000 0.7090 0.0895 
12.1060 7.0000 248.7800 0.2530 0.1221 -0.4576 3.0900 6.0000 0.9651 0.0903 
12.0060 8.0000 249.8380 0.2533 0.1187 -0.4681 3.0783 6.0000 0.9601 0.0744 
12.2360 9.0000 250.3360 0.2572 0.1241 -0.4859 3.0665 6.0000 0.8789 0.0737 
12.3280 9.0000 256.7860 0.2398 0.1217 -0.4416 3.0689 6.0000 0.4826 0.0694 
12.2300 10.0000 256.3280 0.2576 0.1233 -0.4683 3.0712 6.0000 0.2206 0.0467 
12.1200 9.0000 244.8040 0.2357 0.1213 -0.4405 3.0761 6.0000 0.5301 0.0610 
11.9860 10.0000 247.3920 0.2454 0.1203 -0.4340 3.0782 6.0000 0.7976 0.0712 
12.6360 11.0000 269.9040 0.2567 0.1201 -0.4849 3.0442 6.0000 0.9643 0.0902 
12.5620 10.0000 273.6920 0.2525 0.1215 -0.4519 3.0347 5.0000 0.5607 0.0612 
12.6040 11.0000 273.3500 0.2552 0.1181 -0.4873 3.0254 6.0000 0.2005 0.1107 
11.7240 8.0000 238.9580 0.2542 0.1194 -0.4493 3.0932 6.0000 0.4373 0.0811 
11.6360 10.0000 234.4300 0.2486 0.1192 -0.4354 3.1039 6.0000 0.4014 0.0528 
12.0480 10.0000 239.7840 0.2474 0.1173 -0.4863 3.0734 5.0000 0.1299 0.0776 
13.3240 10.0000 300.2620 0.2529 0.1254 -0.4903 3.0004 5.0000 1.1254 0.0916 
12.3460 10.0000 252.9560 0.2325 0.1200 -0.4436 3.0615 6.0000 1.0100 0.0888 
12.3660 10.0000 265.8020 0.2658 0.1191 -0.4966 3.0382 5.0000 0.8285 0.0927 
12.0280 10.0000 250.4880 0.2395 0.1218 -0.4136 3.0955 6.0000 0.3982 0.0813 
12.7720 11.0000 277.7420 0.2557 0.1224 -0.4894 3.0346 5.0000 0.4731 0.0814 
12.5820 7.0000 263.7400 0.2586 0.1267 -0.4877 3.0564 6.0000 0.6192 0.0958 
12.4620 10.0000 270.9000 0.2474 0.1162 -0.4669 3.0359 6.0000 0.3109 0.0915 
11.7420 10.0000 242.7020 0.2531 0.1240 -0.4270 3.0992 6.0000 0.3900 0.1088 
12.4300 9.0000 257.5520 0.2702 0.1252 -0.5321 3.0646 5.0000 0.7283 0.0728 
12.8700 10.0000 280.3640 0.2443 0.1210 -0.4531 3.0288 6.0000 0.6408 0.0619 
12.2560 10.0000 256.1140 0.2605 0.1198 -0.4910 3.0613 6.0000 0.7043 0.0797 
12.0880 10.0000 251.0640 0.2404 0.1217 -0.4237 3.0774 6.0000 0.6262 0.0774 
11.7480 11.0000 235.2460 0.2666 0.1254 -0.4762 3.1161 6.0000 0.7477 0.0685 
12.2840 10.0000 258.2080 0.2619 0.1245 -0.4698 3.0597 6.0000 0.7028 0.1029 
11.8960 10.0000 241.6700 0.2629 0.1240 -0.4824 3.1010 6.0000 0.6580 0.0887 
12.1100 10.0000 248.7100 0.2436 0.1205 -0.4432 3.0820 6.0000 0.2213 0.0880 
11.6000 10.0000 226.1940 0.2415 0.1193 -0.4388 3.1207 6.0000 0.6591 0.0926 
12.7920 10.0000 275.8760 0.2487 0.1224 -0.4720 3.0328 5.0000 0.8380 0.0698 
11.6020 10.0000 235.7820 0.2601 0.1230 -0.4581 3.1138 6.0000 0.8849 0.0841 
12.7360 11.0000 269.0760 0.2529 0.1212 -0.4974 3.0336 6.0000 0.4786 0.0748 
11.8060 9.0000 244.1800 0.2525 0.1174 -0.4401 3.0780 6.0000 0.1735 0.0545 
11.8480 10.0000 238.1680 0.2416 0.1180 -0.4435 3.0894 6.0000 0.7046 0.0878 
11.7440 10.0000 231.9080 0.2394 0.1212 -0.4434 3.1074 6.0000 0.7962 0.0975 
12.4540 10.0000 268.5940 0.2544 0.1230 -0.4486 3.0441 5.0000 0.9596 0.0996 
11.9780 10.0000 243.5360 0.2647 0.1234 -0.4909 3.0879 5.0000 1.0114 0.1178 
12.1700 10.0000 251.1080 0.2507 0.1213 -0.4660 3.0673 5.0000 0.8365 0.0616 
12.2900 8.0000 252.7700 0.2202 0.1174 -0.4133 3.0619 6.0000 0.7431 0.0944 
11.7920 6.0000 238.5540 0.2496 0.1177 -0.4636 3.0888 6.0000 0.2176 0.0768 
12.3340 10.0000 259.8920 0.2492 0.1230 -0.4499 3.0707 6.0000 0.4777 0.0403 
11.6920 9.0000 240.5020 0.2721 0.1245 -0.4776 3.1101 6.0000 0.8818 0.0974 
12.2400 10.0000 257.5760 0.2670 0.1221 -0.4877 3.0637 6.0000 0.8078 0.0938 
12.3360 10.0000 254.5760 0.2492 0.1215 -0.4635 3.0578 5.0000 0.7468 0.0895 
11.9580 10.0000 246.2340 0.2407 0.1209 -0.4253 3.0783 6.0000 1.0059 0.0903 
11.9280 10.0000 243.8200 0.2480 0.1225 -0.4346 3.1004 6.0000 0.9271 0.0744 
11.9720 9.0000 247.2400 0.2576 0.1261 -0.4519 3.0904 6.0000 0.7899 0.0737 
12.1960 10.0000 255.4200 0.2567 0.1208 -0.4719 3.0527 5.0000 0.2184 0.0984 
12.0980 8.0000 241.3680 0.2429 0.1227 -0.4547 3.0929 6.0000 0.4793 0.0899 
12.5560 8.0000 262.6080 0.2470 0.1204 -0.4858 3.0426 6.0000 0.6582 0.0610 
12.1780 10.0000 251.4940 0.2576 0.1207 -0.4816 3.0754 6.0000 0.8785 0.0712 
11.5980 10.0000 229.4780 0.2451 0.1224 -0.4339 3.1217 6.0000 0.7961 0.0798 
11.5500 6.0000 230.2420 0.2561 0.1225 -0.4503 3.1183 6.0000 0.1586 0.0628 
12.2680 10.0000 261.1340 0.2626 0.1209 -0.4767 3.0541 5.0000 0.5190 0.0870 
11.9180 9.0000 249.0080 0.2679 0.1205 -0.4843 3.0808 6.0000 0.8445 0.0811 
11.6840 10.0000 233.5840 0.2585 0.1230 -0.4543 3.1155 6.0000 0.5169 0.0592 
11.9240 10.0000 241.4700 0.2452 0.1184 -0.4776 3.0882 5.0000 0.1518 0.1099 
12.5760 11.0000 270.5960 0.2577 0.1218 -0.4798 3.0379 5.0000 1.1705 0.0916 
11.8240 10.0000 239.1860 0.2546 0.1227 -0.4728 3.0995 6.0000 1.0935 0.0888 
11.8400 10.0000 242.3120 0.2582 0.1245 -0.4445 3.0949 5.0000 1.0565 0.0927 
12.2720 11.0000 261.3120 0.2713 0.1226 -0.4824 3.0623 5.0000 0.9018 0.0814 
12.2220 10.0000 262.9160 0.2618 0.1214 -0.4747 3.0600 6.0000 0.9156 0.0958 
12.0860 9.0000 257.6420 0.2688 0.1258 -0.4633 3.0775 6.0000 0.8357 0.0753 
12.2700 4.0000 262.8960 0.2557 0.1203 -0.4647 3.0492 6.0000 0.5467 0.0906 
12.1500 9.0000 243.6120 0.2442 0.1219 -0.4723 3.0743 5.0000 0.6107 0.0810 
12.0800 7.0000 252.8960 0.2695 0.1227 -0.4989 3.0763 6.0000 0.5300 0.0626 
12.2100 10.0000 253.2620 0.2559 0.1230 -0.4731 3.0841 6.0000 0.6956 0.0821 
13.1500 11.0000 289.2000 0.2420 0.1196 -0.4821 3.0019 5.0000 0.6146 0.0752 
12.7420 11.0000 265.3040 0.2539 0.1205 -0.5210 3.0429 5.0000 0.4007 0.0814 
11.7960 11.0000 230.1320 0.2412 0.1218 -0.4449 3.1125 6.0000 0.5680 0.1050 
12.0140 8.0000 250.7080 0.2593 0.1211 -0.4639 3.0764 6.0000 0.6600 0.0733 
12.2800 10.0000 261.4180 0.2655 0.1214 -0.4920 3.0588 6.0000 0.8764 0.0975 
12.3180 10.0000 252.6980 0.2443 0.1184 -0.4831 3.0616 6.0000 0.7459 0.0870 
12.3440 9.0000 253.5200 0.2470 0.1193 -0.4746 3.0555 6.0000 0.2198 0.1163 
11.8200 10.0000 241.4040 0.2640 0.1199 -0.4750 3.0918 6.0000 0.3085 0.0714 
12.7280 10.0000 265.2580 0.2444 0.1235 -0.4960 3.0365 5.0000 0.7897 0.0545 
12.1600 10.0000 254.8220 0.2534 0.1231 -0.4610 3.0775 6.0000 0.8802 0.0624 
12.1740 9.0000 254.9780 0.2613 0.1212 -0.4959 3.0669 5.0000 0.9622 0.0975 
12.1820 10.0000 253.3400 0.2643 0.1246 -0.4956 3.0755 6.0000 0.6188 0.0801 
12.2700 9.0000 268.2080 0.2613 0.1195 -0.4691 3.0538 6.0000 0.1764 0.0729 
12.0680 9.0000 249.7160 0.2435 0.1219 -0.4219 3.0839 6.0000 0.6169 0.1178 
11.9680 10.0000 241.3600 0.2553 0.1235 -0.4575 3.1028 6.0000 0.7946 0.1067 
12.1540 8.0000 253.5140 0.2329 0.1188 -0.4219 3.0654 6.0000 0.8734 0.0921 
11.6560 7.0000 231.9840 0.2570 0.1252 -0.4366 3.1236 6.0000 0.6814 0.0811 
12.5140 11.0000 264.7160 0.2472 0.1205 -0.4609 3.0496 6.0000 0.2177 0.0835 
12.0320 10.0000 247.0100 0.2425 0.1190 -0.4487 3.0781 6.0000 0.6152 0.0805 
11.5780 6.0000 232.2220 0.2679 0.1268 -0.4599 3.1388 6.0000 0.6683 0.0938 
11.6940 10.0000 228.9920 0.2500 0.1222 -0.4523 3.1128 6.0000 0.7494 0.0895 
12.4820 7.0000 272.0860 0.2649 0.1234 -0.4896 3.0459 5.0000 0.9614 0.0903 
12.1860 10.0000 247.3920 0.2491 0.1251 -0.4544 3.0843 6.0000 0.9666 0.0744 
11.8760 8.0000 231.9360 0.2378 0.1228 -0.4357 3.1043 6.0000 0.6583 0.0853 
11.5080 10.0000 226.7020 0.2438 0.1211 -0.4270 3.1215 6.0000 0.1751 0.0826 
12.4080 10.0000 256.7060 0.2356 0.1194 -0.4538 3.0565 6.0000 0.5697 0.0899 
12.4060 4.0000 262.1060 0.2574 0.1216 -0.4746 3.0512 5.0000 0.7476 0.0610 
12.0220 8.0000 237.2360 0.2430 0.1227 -0.4735 3.0976 6.0000 0.8356 0.0712 
11.9940 8.0000 250.0760 0.2579 0.1276 -0.4419 3.1021 6.0000 0.9640 0.0902 
12.5440 10.0000 275.0220 0.2559 0.1187 -0.4671 3.0346 6.0000 0.6808 0.0870 
11.8740 10.0000 243.3540 0.2529 0.1245 -0.4429 3.0989 6.0000 0.7184 0.0390 
12.7900 10.0000 277.6640 0.2531 0.1212 -0.4963 3.0241 5.0000 0.1633 0.0573 
12.0600 10.0000 247.0880 0.2526 0.1218 -0.4517 3.0865 6.0000 0.1284 0.0925 
12.1960 7.0000 248.5500 0.2542 0.1233 -0.4796 3.0786 6.0000 0.1400 0.1099 
12.5600 11.0000 265.5880 0.2504 0.1242 -0.4619 3.0517 5.0000 0.1391 0.0951 
