12.1653 7.0000 251.7832 0.3350 0.1762 -0.4791 0.0000 0.0000 10.4907 0.0538 
12.4296 10.0000 258.8979 0.3306 0.1744 -0.4937 0.0000 0.0000 11.9669 0.0640 
12.3355 10.0000 254.1048 0.3303 0.1766 -0.4908 0.0000 0.0000 11.0910 0.0798 
12.4579 10.0000 262.8117 0.3330 0.1742 -0.4904 0.0000 0.0000 11.6217 0.0731 
12.4435 10.0000 259.5752 0.3289 0.1735 -0.4892 0.0000 0.0000 11.7127 0.0718 
12.5872 10.0000 268.0629 0.3338 0.1730 -0.5040 0.0000 0.0000 11.7485 0.0640 
12.4779 10.0000 260.7245 0.3311 0.1728 -0.5033 0.0000 0.0000 11.2748 0.0722 
12.3160 10.0000 253.1941 0.3303 0.1779 -0.4788 0.0000 0.0000 11.9665 0.0703 
12.2853 10.0000 254.3240 0.3377 0.1761 -0.4989 0.0000 0.0000 11.5345 0.0640 
12.2507 10.0000 252.9221 0.3363 0.1784 -0.4884 0.0000 0.0000 11.8455 0.0815 
12.5776 10.0000 262.0032 0.3297 0.1767 -0.4966 0.0000 0.0000 11.0047 0.0815 
12.3504 10.0000 258.6912 0.3409 0.1779 -0.4979 0.0000 0.0000 1.8012 0.0753 
12.3707 9.0000 256.9861 0.3400 0.1804 -0.4960 0.0000 0.0000 1.7195 0.0685 
12.5173 10.0000 264.7472 0.3352 0.1734 -0.5076 0.0000 0.0000 1.6280 0.0630 
12.2923 10.0000 258.0776 0.3426 0.1771 -0.4966 0.0000 0.0000 1.8032 0.0655 
12.3869 10.0000 259.7157 0.3439 0.1803 -0.5031 0.0000 0.0000 1.7578 0.0688 
12.4216 10.0000 262.2843 0.3387 0.1751 -0.5002 0.0000 0.0000 1.7608 0.0860 
12.4213 10.0000 261.2045 0.3431 0.1764 -0.5152 0.0000 0.0000 1.6714 0.0727 
12.3739 10.0000 260.7851 0.3354 0.1749 -0.4911 0.0000 0.0000 2.4618 0.0727 
12.1824 10.0000 253.8235 0.3411 0.1766 -0.4857 0.0000 0.0000 2.5533 0.0688 
12.0947 10.0000 252.1808 0.3385 0.1736 -0.4882 0.0000 0.0000 2.3764 0.0682 
12.3328 10.0000 258.4277 0.3473 0.1801 -0.5095 0.0000 0.0000 2.2858 0.0769 
12.3293 10.0000 259.4613 0.3431 0.1743 -0.5066 0.0000 0.0000 1.2753 0.0575 
12.1437 10.0000 252.1011 0.3389 0.1729 -0.5007 0.0000 0.0000 1.7151 0.0742 
12.1203 5.0000 249.5136 0.3455 0.1796 -0.5014 0.0000 0.0000 1.7595 0.0721 
12.0992 10.0000 245.8552 0.3327 0.1764 -0.4869 0.0000 0.0000 2.4171 0.0711 
12.4333 10.0000 259.9611 0.3324 0.1714 -0.5014 0.0000 0.0000 4.4379 0.0705 
12.3587 10.0000 254.9757 0.3422 0.1822 -0.5022 0.0000 0.0000 2.9478 0.0771 
12.1667 10.0000 251.3152 0.3384 0.1817 -0.4718 0.0000 0.0000 1.9669 0.0705 
12.2675 7.0000 254.4013 0.3430 0.1798 -0.5059 0.0000 0.0000 2.2889 0.0735 
12.3744 9.0000 260.8955 0.3381 0.1772 -0.4844 0.0000 0.0000 2.1129 0.0735 
12.2181 3.0000 254.8496 0.3466 0.1827 -0.4921 0.0000 0.0000 1.3178 0.0678 
12.2669 10.0000 253.1339 0.3305 0.1756 -0.4806 0.0000 0.0000 1.6284 0.0607 
12.2080 10.0000 252.3803 0.3374 0.1814 -0.4807 0.0000 0.0000 1.7570 0.0634 
12.4488 10.0000 261.7981 0.3383 0.1739 -0.5094 0.0000 0.0000 1.3200 0.0729 
12.4099 10.0000 257.6320 0.3387 0.1781 -0.5057 0.0000 0.0000 1.8715 0.0677 
12.2728 9.0000 256.7819 0.3501 0.1799 -0.5116 0.0000 0.0000 1.7989 0.0664 
12.3216 10.0000 254.8139 0.3317 0.1773 -0.4791 0.0000 0.0000 1.7625 0.0618 
12.5221 8.0000 265.7293 0.3442 0.1798 -0.5127 0.0000 0.0000 1.7596 0.0692 
12.1440 10.0000 248.9717 0.3382 0.1775 -0.4902 0.0000 0.0000 4.0705 0.0700 
12.1989 10.0000 252.9773 0.3419 0.1779 -0.4930 0.0000 0.0000 4.7798 0.0747 
12.3387 5.0000 255.1013 0.3359 0.1766 -0.4991 0.0000 0.0000 4.1666 0.0664 
12.5099 10.0000 262.2275 0.3348 0.1710 -0.5160 0.0000 0.0000 2.2885 0.0600 
12.1939 10.0000 250.1867 0.3373 0.1778 -0.4928 0.0000 0.0000 1.7047 0.0783 
12.3173 10.0000 257.6104 0.3383 0.1781 -0.4864 0.0000 0.0000 1.7597 0.0643 
12.3725 10.0000 260.6341 0.3391 0.1750 -0.4937 0.0000 0.0000 1.2837 0.0716 
12.1856 10.0000 248.2211 0.3243 0.1719 -0.4809 0.0000 0.0000 1.7157 0.0705 
12.5091 8.0000 264.6261 0.3394 0.1784 -0.4978 0.0000 0.0000 1.8016 0.0659 
12.2915 10.0000 253.7816 0.3351 0.1751 -0.4974 0.0000 0.0000 1.7157 0.0621 
12.1995 9.0000 251.4259 0.3361 0.1760 -0.4907 0.0000 0.0000 1.6697 0.0627 
12.3395 10.0000 258.8333 0.3401 0.1792 -0.4944 0.0000 0.0000 1.7603 0.0691 
12.4312 10.0000 262.7811 0.3427 0.1796 -0.4980 0.0000 0.0000 1.8454 0.0706 
12.4384 10.0000 261.9824 0.3389 0.1779 -0.4955 0.0000 0.0000 1.7190 0.0706 
12.2341 10.0000 253.6240 0.3469 0.1806 -0.5016 0.0000 0.0000 1.8022 0.0706 
12.4392 7.0000 260.1912 0.3389 0.1793 -0.4964 0.0000 0.0000 1.7570 0.0687 
12.5821 10.0000 266.8112 0.3361 0.1751 -0.5031 0.0000 0.0000 1.8017 0.0551 
12.4707 9.0000 262.4112 0.3338 0.1742 -0.4996 0.0000 0.0000 1.3606 0.0731 
12.4387 10.0000 260.5920 0.3414 0.1757 -0.5156 0.0000 0.0000 1.7177 0.0588 
12.4472 10.0000 261.9125 0.3434 0.1789 -0.5083 0.0000 0.0000 1.8057 0.0669 
12.4371 10.0000 258.2493 0.3307 0.1773 -0.4929 0.0000 0.0000 1.8030 0.0641 
12.4616 10.0000 261.0853 0.3297 0.1772 -0.4809 0.0000 0.0000 1.8362 0.0736 
12.3507 7.0000 257.1509 0.3341 0.1750 -0.4930 0.0000 0.0000 1.7482 0.0532 
12.2443 10.0000 255.1979 0.3457 0.1766 -0.5074 0.0000 0.0000 1.8023 0.0684 
12.2784 10.0000 254.8579 0.3328 0.1772 -0.4832 0.0000 0.0000 2.4615 0.0843 
12.5885 6.0000 264.4984 0.3340 0.1807 -0.4910 0.0000 0.0000 4.8811 0.0806 
12.3869 10.0000 256.3504 0.3341 0.1780 -0.4912 0.0000 0.0000 5.1026 0.0655 
12.3965 8.0000 259.7685 0.3403 0.1769 -0.5060 0.0000 0.0000 4.2673 0.0655 
12.3464 10.0000 256.5384 0.3338 0.1775 -0.4941 0.0000 0.0000 1.7155 0.0662 
12.3869 10.0000 259.2653 0.3435 0.1758 -0.5135 0.0000 0.0000 1.7609 0.0665 
12.3035 10.0000 258.2661 0.3478 0.1804 -0.5003 0.0000 0.0000 1.8518 0.0745 
12.6523 10.0000 270.7403 0.3355 0.1740 -0.5060 0.0000 0.0000 1.3194 0.0665 
12.2483 4.0000 254.9507 0.3414 0.1785 -0.4918 0.0000 0.0000 1.9333 0.0666 
12.5949 8.0000 264.4491 0.3294 0.1743 -0.4974 0.0000 0.0000 1.7180 0.0820 
12.4171 9.0000 257.9629 0.3421 0.1818 -0.5079 0.0000 0.0000 1.8457 0.0607 
12.1701 10.0000 250.3163 0.3298 0.1731 -0.4822 0.0000 0.0000 1.8035 0.0646 
12.3243 10.0000 252.3141 0.3352 0.1796 -0.5014 0.0000 0.0000 2.1538 0.0678 
12.4432 10.0000 264.4163 0.3396 0.1759 -0.4924 0.0000 0.0000 2.1958 0.0706 
12.3883 10.0000 257.3960 0.3374 0.1787 -0.4992 0.0000 0.0000 1.7597 0.0736 
12.4325 10.0000 258.5669 0.3328 0.1774 -0.4903 0.0000 0.0000 1.8065 0.0606 
12.6053 10.0000 268.9104 0.3283 0.1735 -0.4838 0.0000 0.0000 1.8471 0.0690 
12.2256 10.0000 254.7400 0.3437 0.1807 -0.4871 0.0000 0.0000 2.3364 0.0681 
12.4192 8.0000 261.6197 0.3372 0.1793 -0.4775 0.0000 0.0000 1.8044 0.0651 
12.2568 10.0000 255.8205 0.3366 0.1760 -0.4871 0.0000 0.0000 1.3182 0.0759 
12.3877 10.0000 262.4864 0.3481 0.1789 -0.5013 0.0000 0.0000 2.4989 0.0668 
12.4408 10.0000 261.5141 0.3343 0.1768 -0.4891 0.0000 0.0000 1.7586 0.0706 
12.2651 6.0000 255.6413 0.3412 0.1783 -0.4945 0.0000 0.0000 1.8007 0.0706 
12.4819 10.0000 260.8613 0.3355 0.1781 -0.4983 0.0000 0.0000 1.8876 0.0649 
12.3448 10.0000 257.3715 0.3465 0.1821 -0.5003 0.0000 0.0000 1.8479 0.0897 
12.4045 10.0000 258.5632 0.3450 0.1826 -0.4994 0.0000 0.0000 1.8901 0.0636 
12.5088 10.0000 263.6752 0.3351 0.1778 -0.4851 0.0000 0.0000 1.8042 0.0636 
12.3763 10.0000 255.0608 0.3338 0.1809 -0.4886 0.0000 0.0000 1.8050 0.0636 
12.4448 10.0000 260.7101 0.3332 0.1737 -0.4944 0.0000 0.0000 1.7999 0.0636 
12.3029 7.0000 256.6856 0.3443 0.1809 -0.4936 0.0000 0.0000 1.8458 0.0636 
12.3680 8.0000 262.0544 0.3493 0.1776 -0.5114 0.0000 0.0000 1.3232 0.0723 
12.3037 10.0000 256.9997 0.3410 0.1776 -0.4971 0.0000 0.0000 1.8464 0.0636 
12.5472 10.0000 266.4928 0.3342 0.1757 -0.4972 0.0000 0.0000 2.8137 0.0636 
12.1219 10.0000 248.7709 0.3399 0.1776 -0.4953 0.0000 0.0000 2.5063 0.0636 
12.2029 10.0000 250.4621 0.3284 0.1750 -0.4808 0.0000 0.0000 1.8908 0.0636 
12.2293 8.0000 256.4435 0.3429 0.1818 -0.4799 0.0000 0.0000 1.4510 0.0636 
12.3325 10.0000 255.7968 0.3365 0.1774 -0.4970 0.0000 0.0000 1.8015 0.0636 
