12.3840 10.0000 261.3264 0.3465 0.1766 -0.5128 0.0000 0.0000 1.5976 0.0894 
12.3736 10.0000 261.7712 0.3559 0.1893 -0.4869 0.0000 0.0000 1.6972 0.0894 
12.0328 5.0000 241.2184 0.3361 0.1772 -0.4945 0.0000 0.0000 1.8181 0.0688 
12.2024 7.0000 247.4848 0.3510 0.1880 -0.5113 0.0000 0.0000 1.8191 0.0688 
12.8592 9.0000 274.4296 0.3536 0.1865 -0.5322 0.0000 0.0000 1.7778 0.0894 
12.2512 10.0000 254.4520 0.3568 0.1922 -0.4928 0.0000 0.0000 1.8132 0.0894 
12.9344 11.0000 274.4832 0.3455 0.1913 -0.5074 0.0000 0.0000 1.7860 0.0608 
12.3328 10.0000 253.9712 0.3452 0.1881 -0.4908 0.0000 0.0000 1.7681 0.0692 
12.5256 11.0000 261.5032 0.3538 0.1866 -0.5103 0.0000 0.0000 1.8163 0.0894 
12.3368 10.0000 257.9728 0.3548 0.1978 -0.4537 0.0000 0.0000 1.8145 0.0894 
12.8328 11.0000 272.9184 0.3538 0.1928 -0.5126 0.0000 0.0000 1.7798 0.0688 
12.1952 4.0000 258.3848 0.3769 0.1997 -0.4966 0.0000 0.0000 0.7915 0.0715 
12.6048 10.0000 263.3200 0.3628 0.2011 -0.5003 0.0000 0.0000 0.4250 0.0711 
12.0120 10.0000 243.5384 0.3545 0.1927 -0.4806 0.0000 0.0000 0.7008 0.0711 
12.2072 10.0000 253.0592 0.3581 0.1980 -0.4618 0.0000 0.0000 1.3762 0.0547 
12.2048 6.0000 251.6104 0.3793 0.1985 -0.5371 0.0000 0.0000 1.2542 0.0547 
12.0896 10.0000 254.1104 0.3734 0.1987 -0.4932 0.0000 0.0000 1.4850 0.0547 
12.6376 10.0000 275.4296 0.3543 0.1845 -0.4971 0.0000 0.0000 1.3969 0.0547 
12.5000 7.0000 266.1104 0.3620 0.1946 -0.4968 0.0000 0.0000 1.3170 0.0547 
12.5120 9.0000 265.3504 0.3499 0.1878 -0.4895 0.0000 0.0000 1.2718 0.0547 
12.3960 10.0000 254.1376 0.3420 0.1913 -0.4743 0.0000 0.0000 1.0555 0.0788 
12.4104 6.0000 260.1360 0.3621 0.1973 -0.4875 0.0000 0.0000 1.0540 0.0547 
12.6720 10.0000 276.3392 0.3664 0.1927 -0.4951 0.0000 0.0000 0.3082 0.0636 
12.1840 3.0000 251.5792 0.3620 0.1925 -0.5124 0.0000 0.0000 0.2209 0.0696 
12.1832 7.0000 257.4088 0.3817 0.1950 -0.5194 0.0000 0.0000 0.3518 0.0669 
12.0264 10.0000 239.9784 0.3535 0.1889 -0.5135 0.0000 0.0000 0.3100 0.0897 
11.7984 10.0000 239.2744 0.3525 0.1924 -0.4637 0.0000 0.0000 0.9210 0.0740 
12.3856 8.0000 260.1480 0.3503 0.1862 -0.4912 0.0000 0.0000 0.9680 0.0740 
12.4304 5.0000 258.0040 0.3497 0.1848 -0.5045 0.0000 0.0000 1.1808 0.0664 
12.3912 9.0000 255.9824 0.3252 0.1776 -0.4635 0.0000 0.0000 0.9680 0.0675 
12.2152 10.0000 248.0880 0.3516 0.1905 -0.5004 0.0000 0.0000 1.0983 0.0580 
12.1952 10.0000 248.8056 0.3689 0.1976 -0.5052 0.0000 0.0000 1.0995 0.0740 
12.1400 10.0000 245.5752 0.3514 0.1941 -0.4886 0.0000 0.0000 0.9681 0.0576 
12.4632 10.0000 258.4976 0.3449 0.1863 -0.4971 0.0000 0.0000 0.2207 0.0740 
12.3368 10.0000 258.2280 0.3575 0.1946 -0.4801 0.0000 0.0000 0.3075 0.0667 
12.0680 10.0000 247.3816 0.3640 0.2007 -0.4804 0.0000 0.0000 0.3068 0.0645 
12.4496 10.0000 261.1488 0.3552 0.1862 -0.5135 0.0000 0.0000 0.3057 0.0672 
12.3784 4.0000 259.7344 0.3494 0.1881 -0.4843 0.0000 0.0000 0.6105 0.0754 
12.2816 10.0000 257.3184 0.3452 0.1863 -0.4729 0.0000 0.0000 0.4842 0.0605 
12.2056 10.0000 251.8024 0.3430 0.1906 -0.4584 0.0000 0.0000 0.7210 0.0760 
12.4208 9.0000 262.1136 0.3591 0.1895 -0.5086 0.0000 0.0000 0.5382 0.0754 
12.3416 9.0000 255.7784 0.3583 0.1955 -0.4962 0.0000 0.0000 1.4719 0.0579 
12.1088 10.0000 249.3424 0.3545 0.1936 -0.4679 0.0000 0.0000 1.1110 0.0721 
12.2632 9.0000 256.8256 0.3608 0.1901 -0.5025 0.0000 0.0000 1.0691 0.0721 
12.1384 10.0000 247.3672 0.3587 0.1949 -0.5003 0.0000 0.0000 0.9526 0.0721 
11.8880 10.0000 238.2912 0.3447 0.1889 -0.4612 0.0000 0.0000 0.3074 0.0605 
12.2888 7.0000 252.5088 0.3556 0.1987 -0.4807 0.0000 0.0000 0.2609 0.0605 
12.2760 10.0000 259.7672 0.3530 0.1872 -0.4759 0.0000 0.0000 0.2990 0.0669 
12.1784 7.0000 253.6824 0.3686 0.1900 -0.5202 0.0000 0.0000 0.3509 0.0615 
12.8896 11.0000 280.3688 0.3616 0.1911 -0.5189 0.0000 0.0000 0.3538 0.0615 
12.4184 10.0000 257.2032 0.3616 0.2057 -0.4797 0.0000 0.0000 0.3060 0.0696 
12.6408 10.0000 264.6688 0.3502 0.1928 -0.5027 0.0000 0.0000 0.3093 0.0559 
12.1144 10.0000 250.6800 0.3532 0.1944 -0.4615 0.0000 0.0000 0.3082 0.0559 
11.7256 10.0000 237.6112 0.3656 0.1922 -0.4787 0.0000 0.0000 0.4389 0.0610 
12.1120 9.0000 247.6624 0.3573 0.1923 -0.4992 0.0000 0.0000 0.4776 0.0610 
12.3776 10.0000 260.1536 0.3447 0.1884 -0.4689 0.0000 0.0000 0.4425 0.0610 
12.2000 10.0000 255.0520 0.3638 0.1912 -0.4970 0.0000 0.0000 0.3525 0.0602 
12.1104 9.0000 247.8960 0.3536 0.1895 -0.4929 0.0000 0.0000 0.3534 0.0815 
12.3728 10.0000 257.0992 0.3598 0.1934 -0.5059 0.0000 0.0000 0.2211 0.0815 
12.2856 10.0000 258.3768 0.3670 0.1877 -0.5250 0.0000 0.0000 0.3038 0.0940 
12.4264 10.0000 259.2032 0.3523 0.1929 -0.4804 0.0000 0.0000 0.5257 0.0719 
12.2168 10.0000 253.1264 0.3530 0.1847 -0.5100 0.0000 0.0000 0.5252 0.0550 
12.5264 10.0000 263.8840 0.3661 0.1965 -0.5125 0.0000 0.0000 0.4403 0.0672 
12.5360 9.0000 263.1152 0.3579 0.1959 -0.4890 0.0000 0.0000 0.4405 0.0795 
12.4592 10.0000 261.0456 0.3550 0.1920 -0.4976 0.0000 0.0000 0.2207 0.0940 
12.3880 10.0000 261.4368 0.3590 0.1858 -0.5147 0.0000 0.0000 0.4404 0.0684 
12.2296 10.0000 257.0656 0.3650 0.1960 -0.4810 0.0000 0.0000 0.4874 0.0684 
12.0640 10.0000 247.2736 0.3720 0.1900 -0.5315 0.0000 0.0000 0.4798 0.0684 
12.3952 10.0000 258.9024 0.3628 0.1964 -0.5148 0.0000 0.0000 0.3084 0.0596 
12.1072 10.0000 250.9480 0.3623 0.1926 -0.4938 0.0000 0.0000 0.3476 0.0596 
12.2672 10.0000 256.1648 0.3609 0.1896 -0.5089 0.0000 0.0000 0.3985 0.0917 
12.4640 11.0000 257.4840 0.3556 0.1919 -0.5079 0.0000 0.0000 0.3131 0.0746 
12.7416 10.0000 269.6080 0.3469 0.1943 -0.4863 0.0000 0.0000 0.3063 0.0917 
12.1232 8.0000 248.5424 0.3509 0.1970 -0.4596 0.0000 0.0000 0.3095 0.0687 
12.3512 10.0000 256.2672 0.3610 0.1924 -0.5099 0.0000 0.0000 0.3062 0.0746 
12.2304 10.0000 253.5560 0.3623 0.1923 -0.5195 0.0000 0.0000 0.3107 0.0535 
12.3272 4.0000 259.3032 0.3511 0.1758 -0.5275 0.0000 0.0000 0.3894 0.0758 
12.3736 10.0000 256.4280 0.3443 0.1805 -0.5115 0.0000 0.0000 0.3876 0.0860 
12.5240 10.0000 261.8720 0.3482 0.1892 -0.4883 0.0000 0.0000 0.3889 0.0860 
12.1600 7.0000 251.4680 0.3587 0.1872 -0.5027 0.0000 0.0000 0.3462 0.0860 
12.4936 10.0000 265.9088 0.3602 0.1935 -0.4876 0.0000 0.0000 0.3517 0.0860 
12.3376 10.0000 255.2256 0.3494 0.1890 -0.4956 0.0000 0.0000 0.3964 0.0758 
11.9112 9.0000 240.8264 0.3514 0.1929 -0.4566 0.0000 0.0000 0.4369 0.0876 
11.8888 10.0000 237.7752 0.3566 0.1921 -0.4872 0.0000 0.0000 1.0355 0.0800 
12.0824 10.0000 247.2688 0.3485 0.1898 -0.4761 0.0000 0.0000 0.7898 0.0828 
12.6064 10.0000 264.8816 0.3556 0.1941 -0.5072 0.0000 0.0000 0.3440 0.0577 
12.3152 10.0000 255.4976 0.3598 0.1883 -0.5155 0.0000 0.0000 0.3103 0.0840 
12.2040 7.0000 252.6312 0.3648 0.1909 -0.5204 0.0000 0.0000 0.3539 0.0697 
12.0992 10.0000 253.0936 0.3742 0.1987 -0.4959 0.0000 0.0000 0.2639 0.0800 
12.0640 10.0000 246.7288 0.3593 0.1900 -0.5015 0.0000 0.0000 0.7024 0.0697 
12.4144 10.0000 258.1136 0.3532 0.1961 -0.4818 0.0000 0.0000 0.7444 0.0697 
12.4032 10.0000 261.4656 0.3587 0.1890 -0.5025 0.0000 0.0000 0.7434 0.0623 
12.3520 9.0000 256.2456 0.3620 0.1980 -0.4875 0.0000 0.0000 0.7091 0.0623 
12.0208 10.0000 249.2928 0.3583 0.1879 -0.4884 0.0000 0.0000 0.3094 0.0623 
12.3264 10.0000 259.6752 0.3676 0.1967 -0.4959 0.0000 0.0000 0.3492 0.0623 
12.5720 10.0000 266.1792 0.3507 0.1877 -0.5036 0.0000 0.0000 0.3086 0.0623 
12.4128 10.0000 259.8336 0.3521 0.1851 -0.5048 0.0000 0.0000 0.2609 0.0623 
12.3440 10.0000 256.8960 0.3525 0.1888 -0.4830 0.0000 0.0000 0.3106 0.0623 
12.5096 10.0000 266.9096 0.3535 0.1846 -0.5084 0.0000 0.0000 0.3111 0.0623 
12.2792 9.0000 253.2720 0.3762 0.1996 -0.5260 0.0000 0.0000 0.2899 0.0623 
