12.4185 10.0000 258.0445 0.0000 0.1812 -0.5058 0.0000 0.0000 105.5928 0.0743 
12.3841 7.0000 257.3491 0.0000 0.1804 -0.5043 0.0000 0.0000 111.6216 0.0669 
12.2400 10.0000 252.3601 0.0000 0.1832 -0.4955 0.0000 0.0000 120.7718 0.0743 
12.3999 10.0000 257.8310 0.0000 0.1803 -0.5061 0.0000 0.0000 109.7749 0.0743 
12.4229 10.0000 258.5954 0.0000 0.1827 -0.4915 0.0000 0.0000 108.4931 0.0743 
12.3414 10.0000 253.9064 0.0000 0.1852 -0.4991 0.0000 0.0000 103.0489 0.0713 
12.2829 10.0000 256.0086 0.0000 0.1850 -0.5015 0.0000 0.0000 122.0698 0.0664 
12.2716 10.0000 255.3794 0.0000 0.1833 -0.5063 0.0000 0.0000 112.8047 0.0679 
12.2905 10.0000 254.9248 0.0000 0.1835 -0.4956 0.0000 0.0000 118.0089 0.0700 
12.3440 10.0000 256.4622 0.0000 0.1821 -0.4951 0.0000 0.0000 120.8072 0.0805 
12.3905 10.0000 259.1142 0.0000 0.1853 -0.5093 0.0000 0.0000 121.9410 0.0743 
12.2739 10.0000 255.2120 0.0000 0.1827 -0.4959 0.0000 0.0000 12.7069 0.0616 
12.3709 10.0000 260.0738 0.0000 0.1863 -0.4956 0.0000 0.0000 25.7357 0.0637 
12.3832 3.0000 259.5798 0.0000 0.1837 -0.5011 0.0000 0.0000 23.7879 0.0695 
12.3168 10.0000 255.1332 0.0000 0.1846 -0.5017 0.0000 0.0000 12.6115 0.0590 
12.2670 8.0000 255.1074 0.0000 0.1861 -0.5087 0.0000 0.0000 25.6651 0.0637 
12.4262 10.0000 261.3207 0.0000 0.1821 -0.5017 0.0000 0.0000 38.4365 0.0660 
12.3420 5.0000 258.7728 0.0000 0.1873 -0.5040 0.0000 0.0000 38.2569 0.0660 
12.5209 9.0000 263.5311 0.0000 0.1837 -0.5019 0.0000 0.0000 52.3120 0.0734 
12.3584 9.0000 256.2319 0.0000 0.1819 -0.4872 0.0000 0.0000 51.3425 0.0646 
12.4260 10.0000 258.8860 0.0000 0.1817 -0.4932 0.0000 0.0000 51.3011 0.0734 
12.5076 2.0000 263.6967 0.0000 0.1814 -0.4979 0.0000 0.0000 45.9344 0.0734 
12.3720 10.0000 259.1435 0.0000 0.1838 -0.4938 0.0000 0.0000 25.5896 0.0684 
12.4214 10.0000 261.5429 0.0000 0.1837 -0.5012 0.0000 0.0000 28.3963 0.0602 
12.3973 10.0000 258.4094 0.0000 0.1839 -0.4937 0.0000 0.0000 13.8498 0.0664 
12.2782 10.0000 255.2053 0.0000 0.1844 -0.4913 0.0000 0.0000 16.1373 0.0602 
12.3866 10.0000 259.0314 0.0000 0.1817 -0.4983 0.0000 0.0000 13.0965 0.0675 
12.4230 10.0000 259.3282 0.0000 0.1834 -0.5096 0.0000 0.0000 13.3656 0.0668 
12.2212 10.0000 253.6174 0.0000 0.1863 -0.4980 0.0000 0.0000 30.4584 0.0722 
12.3369 8.0000 257.8873 0.0000 0.1863 -0.4993 0.0000 0.0000 30.3849 0.0694 
12.2869 4.0000 256.5519 0.0000 0.1803 -0.4870 0.0000 0.0000 38.9533 0.0683 
12.3946 10.0000 257.2982 0.0000 0.1833 -0.4954 0.0000 0.0000 40.9718 0.0666 
12.3368 10.0000 257.5729 0.0000 0.1847 -0.4934 0.0000 0.0000 38.7785 0.0666 
12.5245 6.0000 264.9957 0.0000 0.1855 -0.4968 0.0000 0.0000 14.8160 0.0664 
12.4291 10.0000 259.8664 0.0000 0.1861 -0.4998 0.0000 0.0000 25.6313 0.0662 
12.3046 10.0000 255.4733 0.0000 0.1843 -0.4971 0.0000 0.0000 34.6665 0.0772 
12.3790 9.0000 258.2189 0.0000 0.1827 -0.4982 0.0000 0.0000 40.6241 0.0628 
12.3132 10.0000 256.9574 0.0000 0.1844 -0.4976 0.0000 0.0000 27.7463 0.0658 
12.4210 10.0000 260.5794 0.0000 0.1862 -0.5131 0.0000 0.0000 27.9964 0.0772 
12.4131 10.0000 261.9820 0.0000 0.1853 -0.4843 0.0000 0.0000 28.7968 0.0652 
12.3146 10.0000 255.0964 0.0000 0.1868 -0.4933 0.0000 0.0000 28.9181 0.0688 
12.4000 10.0000 260.0734 0.0000 0.1830 -0.4922 0.0000 0.0000 30.0601 0.0656 
12.2754 9.0000 256.1731 0.0000 0.1828 -0.4947 0.0000 0.0000 33.9358 0.0643 
12.3170 5.0000 255.9782 0.0000 0.1858 -0.5027 0.0000 0.0000 33.3631 0.0643 
12.3710 10.0000 259.5529 0.0000 0.1842 -0.4937 0.0000 0.0000 27.6501 0.0631 
12.3389 10.0000 256.3563 0.0000 0.1846 -0.4924 0.0000 0.0000 20.2645 0.0631 
12.1708 10.0000 251.9906 0.0000 0.1862 -0.4913 0.0000 0.0000 29.4468 0.0598 
12.3838 10.0000 258.7802 0.0000 0.1814 -0.4948 0.0000 0.0000 28.3440 0.0738 
12.3237 10.0000 255.6052 0.0000 0.1840 -0.4992 0.0000 0.0000 27.8230 0.0613 
12.3947 9.0000 261.4366 0.0000 0.1826 -0.5018 0.0000 0.0000 29.3707 0.0692 
12.3778 10.0000 259.7948 0.0000 0.1864 -0.4927 0.0000 0.0000 29.8818 0.0664 
12.4373 10.0000 260.3286 0.0000 0.1850 -0.5028 0.0000 0.0000 29.5831 0.0627 
12.3689 10.0000 257.7106 0.0000 0.1825 -0.4952 0.0000 0.0000 29.4575 0.0705 
12.3654 5.0000 257.2736 0.0000 0.1874 -0.4945 0.0000 0.0000 32.6658 0.0708 
12.3992 10.0000 261.1988 0.0000 0.1838 -0.4889 0.0000 0.0000 31.5206 0.0674 
12.2858 10.0000 256.3082 0.0000 0.1838 -0.4991 0.0000 0.0000 24.0835 0.0711 
12.3264 10.0000 255.7461 0.0000 0.1864 -0.5050 0.0000 0.0000 29.5830 0.0727 
12.4996 10.0000 261.3568 0.0000 0.1833 -0.4936 0.0000 0.0000 23.9483 0.0611 
12.2801 10.0000 256.8485 0.0000 0.1845 -0.5043 0.0000 0.0000 30.4056 0.0611 
12.2816 10.0000 254.8265 0.0000 0.1848 -0.4964 0.0000 0.0000 29.1477 0.0635 
12.4126 5.0000 259.6554 0.0000 0.1842 -0.4980 0.0000 0.0000 29.1683 0.0632 
12.5406 10.0000 264.6954 0.0000 0.1853 -0.5102 0.0000 0.0000 28.3991 0.0621 
12.4298 10.0000 260.9610 0.0000 0.1842 -0.5049 0.0000 0.0000 31.1118 0.0696 
12.3625 9.0000 257.6332 0.0000 0.1854 -0.4927 0.0000 0.0000 31.5968 0.0696 
12.3366 8.0000 257.1954 0.0000 0.1837 -0.5080 0.0000 0.0000 30.5779 0.0604 
12.2766 10.0000 255.1710 0.0000 0.1850 -0.5000 0.0000 0.0000 31.3778 0.0612 
12.3092 10.0000 258.0528 0.0000 0.1857 -0.5085 0.0000 0.0000 23.9201 0.0709 
12.4891 10.0000 263.1162 0.0000 0.1829 -0.4904 0.0000 0.0000 28.5696 0.0709 
12.4246 10.0000 260.9791 0.0000 0.1844 -0.4999 0.0000 0.0000 28.0050 0.0688 
12.4401 10.0000 261.5974 0.0000 0.1844 -0.4992 0.0000 0.0000 33.8064 0.0691 
12.3604 10.0000 256.4481 0.0000 0.1843 -0.5046 0.0000 0.0000 29.0111 0.0718 
12.4233 10.0000 259.0217 0.0000 0.1848 -0.5036 0.0000 0.0000 29.7558 0.0726 
12.3546 10.0000 257.1865 0.0000 0.1889 -0.5047 0.0000 0.0000 30.7505 0.0601 
12.4102 10.0000 261.6363 0.0000 0.1806 -0.4976 0.0000 0.0000 44.3193 0.0697 
12.4704 10.0000 261.5390 0.0000 0.1825 -0.4932 0.0000 0.0000 44.4447 0.0719 
12.4901 10.0000 262.8889 0.0000 0.1824 -0.4978 0.0000 0.0000 29.6170 0.0658 
12.3562 10.0000 260.7710 0.0000 0.1849 -0.5031 0.0000 0.0000 32.1540 0.0678 
12.3755 10.0000 259.4785 0.0000 0.1856 -0.4990 0.0000 0.0000 42.3223 0.0748 
12.3628 10.0000 259.0214 0.0000 0.1848 -0.5029 0.0000 0.0000 44.5213 0.0598 
12.3843 10.0000 259.9622 0.0000 0.1852 -0.5065 0.0000 0.0000 15.8235 0.0634 
12.3337 10.0000 257.8954 0.0000 0.1851 -0.5077 0.0000 0.0000 31.5631 0.0634 
12.2583 8.0000 254.6614 0.0000 0.1855 -0.4894 0.0000 0.0000 16.1397 0.0651 
12.3502 8.0000 257.7153 0.0000 0.1820 -0.4995 0.0000 0.0000 31.8760 0.0594 
12.4027 10.0000 260.2188 0.0000 0.1834 -0.4850 0.0000 0.0000 29.5584 0.0672 
12.3055 10.0000 255.4886 0.0000 0.1860 -0.4987 0.0000 0.0000 32.5315 0.0572 
12.3811 10.0000 258.4274 0.0000 0.1853 -0.5051 0.0000 0.0000 32.2558 0.0684 
12.3739 10.0000 258.8614 0.0000 0.1840 -0.4948 0.0000 0.0000 32.5896 0.0674 
12.3390 10.0000 259.0758 0.0000 0.1861 -0.5090 0.0000 0.0000 33.3264 0.0723 
12.3882 10.0000 259.2458 0.0000 0.1815 -0.5068 0.0000 0.0000 21.7695 0.0689 
12.4518 10.0000 261.9709 0.0000 0.1822 -0.5023 0.0000 0.0000 30.5194 0.0689 
12.3462 10.0000 258.0335 0.0000 0.1804 -0.5047 0.0000 0.0000 35.9199 0.0689 
12.5050 5.0000 262.8360 0.0000 0.1841 -0.5091 0.0000 0.0000 20.5828 0.0640 
12.4780 10.0000 262.0345 0.0000 0.1836 -0.4957 0.0000 0.0000 29.9404 0.0689 
12.2927 10.0000 254.2216 0.0000 0.1865 -0.5005 0.0000 0.0000 31.9722 0.0689 
12.5106 10.0000 262.1923 0.0000 0.1803 -0.5036 0.0000 0.0000 24.5384 0.0689 
12.3030 10.0000 256.0675 0.0000 0.1865 -0.4936 0.0000 0.0000 30.6341 0.0689 
12.2697 10.0000 254.6154 0.0000 0.1801 -0.4866 0.0000 0.0000 31.6843 0.0689 
12.3277 6.0000 257.7810 0.0000 0.1819 -0.4937 0.0000 0.0000 33.1424 0.0689 
12.4174 10.0000 260.2251 0.0000 0.1837 -0.4912 0.0000 0.0000 30.9843 0.0689 
12.3547 10.0000 259.6353 0.0000 0.1875 -0.5014 0.0000 0.0000 19.5100 0.0689 
