12.4605 10.0000 264.4760 0.1944 0.0829 -0.4383 0.0000 0.0000 14.8839 0.0738 
12.3037 9.0000 256.1715 0.1924 0.0831 -0.4374 0.0000 0.0000 14.8843 0.0657 
12.0741 6.0000 248.9115 0.1967 0.0847 -0.4249 0.0000 0.0000 15.4539 0.0748 
12.1683 9.0000 251.2541 0.1964 0.0830 -0.4364 0.0000 0.0000 14.0580 0.0609 
12.3893 10.0000 258.6563 0.1932 0.0831 -0.4389 0.0000 0.0000 13.5703 0.0738 
12.3184 10.0000 258.2072 0.1979 0.0847 -0.4291 0.0000 0.0000 15.3266 0.0609 
12.4408 10.0000 259.8541 0.1913 0.0824 -0.4415 0.0000 0.0000 14.9337 0.0602 
12.3464 10.0000 256.3563 0.1880 0.0829 -0.4228 0.0000 0.0000 14.6231 0.0602 
12.3245 10.0000 257.9925 0.1974 0.0839 -0.4401 0.0000 0.0000 15.4547 0.0738 
12.3621 10.0000 257.2125 0.1918 0.0825 -0.4370 0.0000 0.0000 15.3658 0.0738 
12.1693 8.0000 249.6477 0.1936 0.0838 -0.4328 0.0000 0.0000 15.0731 0.0724 
12.2565 10.0000 252.9907 0.1894 0.0832 -0.4246 0.0000 0.0000 1.7136 0.0866 
12.2261 6.0000 255.5808 0.1967 0.0839 -0.4275 0.0000 0.0000 2.2430 0.0798 
12.3648 10.0000 260.5064 0.1900 0.0828 -0.4272 0.0000 0.0000 2.2856 0.0655 
12.4123 3.0000 259.8499 0.1920 0.0829 -0.4337 0.0000 0.0000 3.1222 0.0609 
12.1283 10.0000 250.5728 0.1963 0.0847 -0.4269 0.0000 0.0000 3.2545 0.0652 
12.2845 10.0000 255.7251 0.1931 0.0835 -0.4314 0.0000 0.0000 7.3900 0.0643 
12.5027 7.0000 265.7243 0.1912 0.0832 -0.4308 0.0000 0.0000 7.6473 0.0643 
12.2291 10.0000 253.8872 0.1898 0.0828 -0.4260 0.0000 0.0000 9.8524 0.0784 
12.3299 10.0000 257.2144 0.1887 0.0822 -0.4256 0.0000 0.0000 8.3138 0.0784 
12.3139 10.0000 256.0557 0.1910 0.0830 -0.4343 0.0000 0.0000 8.1801 0.0784 
12.2152 10.0000 255.9587 0.1995 0.0837 -0.4319 0.0000 0.0000 6.1064 0.0784 
12.1960 10.0000 254.3677 0.1958 0.0836 -0.4331 0.0000 0.0000 1.7547 0.0712 
12.3032 10.0000 257.8163 0.1894 0.0833 -0.4148 0.0000 0.0000 2.1981 0.0646 
12.2765 10.0000 256.7051 0.1940 0.0838 -0.4279 0.0000 0.0000 2.2009 0.0571 
12.3984 10.0000 262.0275 0.1917 0.0824 -0.4336 0.0000 0.0000 1.7548 0.0723 
12.4515 10.0000 262.7424 0.1917 0.0820 -0.4392 0.0000 0.0000 2.2445 0.0663 
12.0653 10.0000 250.3096 0.1979 0.0827 -0.4314 0.0000 0.0000 2.2827 0.0622 
12.4688 10.0000 267.6261 0.1976 0.0829 -0.4417 0.0000 0.0000 2.1980 0.0527 
12.3525 10.0000 262.0091 0.1957 0.0815 -0.4398 0.0000 0.0000 2.5965 0.0674 
12.4859 7.0000 263.7635 0.1932 0.0829 -0.4358 0.0000 0.0000 3.6043 0.0735 
12.4093 8.0000 259.0880 0.1906 0.0836 -0.4312 0.0000 0.0000 4.1311 0.0737 
12.3069 10.0000 260.7088 0.1999 0.0839 -0.4387 0.0000 0.0000 4.3072 0.0737 
12.3573 10.0000 260.2080 0.1900 0.0815 -0.4293 0.0000 0.0000 3.6931 0.0735 
12.4467 10.0000 263.2672 0.1928 0.0818 -0.4327 0.0000 0.0000 1.7542 0.0680 
12.3475 9.0000 261.1155 0.1947 0.0830 -0.4319 0.0000 0.0000 2.1955 0.0666 
12.4141 8.0000 259.8477 0.1874 0.0822 -0.4322 0.0000 0.0000 2.2013 0.0621 
12.5053 10.0000 263.9621 0.1949 0.0828 -0.4459 0.0000 0.0000 2.2437 0.0777 
12.4123 10.0000 261.5413 0.1893 0.0814 -0.4304 0.0000 0.0000 2.1580 0.0639 
12.1707 10.0000 250.6939 0.1966 0.0829 -0.4363 0.0000 0.0000 2.2002 0.0700 
12.3037 9.0000 257.9912 0.1935 0.0827 -0.4332 0.0000 0.0000 2.2843 0.0712 
12.2160 9.0000 255.5336 0.1957 0.0831 -0.4306 0.0000 0.0000 3.9168 0.0739 
12.1485 10.0000 250.4888 0.1967 0.0850 -0.4294 0.0000 0.0000 3.4334 0.0695 
12.2637 10.0000 257.4891 0.2019 0.0843 -0.4405 0.0000 0.0000 3.6482 0.0695 
12.3419 8.0000 260.0485 0.1977 0.0831 -0.4349 0.0000 0.0000 3.6035 0.0537 
12.3032 10.0000 256.9573 0.1914 0.0828 -0.4341 0.0000 0.0000 1.8477 0.0845 
12.1981 9.0000 254.9200 0.2031 0.0848 -0.4418 0.0000 0.0000 2.3287 0.0690 
12.3851 10.0000 260.2483 0.1898 0.0823 -0.4281 0.0000 0.0000 1.7586 0.0706 
12.2595 10.0000 257.3064 0.1935 0.0836 -0.4247 0.0000 0.0000 2.3298 0.0747 
12.2283 6.0000 254.6171 0.1936 0.0836 -0.4321 0.0000 0.0000 2.2431 0.0788 
12.4829 9.0000 265.0272 0.1924 0.0828 -0.4336 0.0000 0.0000 2.2430 0.0683 
12.3555 10.0000 258.7336 0.1937 0.0819 -0.4415 0.0000 0.0000 2.2867 0.0627 
12.2880 8.0000 257.2699 0.1906 0.0820 -0.4322 0.0000 0.0000 2.1975 0.0804 
12.3029 9.0000 254.3747 0.1926 0.0832 -0.4370 0.0000 0.0000 2.2446 0.0708 
12.1619 10.0000 252.4264 0.1897 0.0825 -0.4175 0.0000 0.0000 2.3780 0.0622 
12.1541 9.0000 253.8589 0.1970 0.0832 -0.4315 0.0000 0.0000 3.5620 0.0622 
12.1277 8.0000 255.3376 0.2033 0.0842 -0.4388 0.0000 0.0000 3.3017 0.0616 
12.3827 10.0000 262.2968 0.1963 0.0831 -0.4409 0.0000 0.0000 1.7622 0.0658 
12.2909 10.0000 254.7795 0.1972 0.0837 -0.4442 0.0000 0.0000 2.2888 0.0679 
12.3640 10.0000 260.5680 0.1997 0.0828 -0.4464 0.0000 0.0000 2.2881 0.0729 
12.4787 10.0000 263.3237 0.1973 0.0838 -0.4465 0.0000 0.0000 1.8442 0.0595 
12.3440 10.0000 262.2259 0.1961 0.0820 -0.4390 0.0000 0.0000 2.2443 0.0649 
12.4757 9.0000 260.6749 0.1949 0.0835 -0.4470 0.0000 0.0000 2.2429 0.0793 
12.3347 9.0000 259.8037 0.2014 0.0840 -0.4463 0.0000 0.0000 2.3316 0.0728 
12.3472 9.0000 262.9789 0.1986 0.0816 -0.4425 0.0000 0.0000 2.3227 0.0598 
12.4147 10.0000 259.7512 0.1906 0.0830 -0.4338 0.0000 0.0000 2.2838 0.0634 
12.2635 10.0000 254.7955 0.1937 0.0849 -0.4290 0.0000 0.0000 3.1245 0.0788 
12.2717 10.0000 256.8280 0.1931 0.0834 -0.4314 0.0000 0.0000 3.0345 0.0634 
12.3872 7.0000 258.4728 0.1871 0.0817 -0.4252 0.0000 0.0000 2.2006 0.0661 
12.3453 4.0000 257.2637 0.1878 0.0815 -0.4308 0.0000 0.0000 1.7608 0.0788 
12.3720 10.0000 258.2392 0.1975 0.0834 -0.4471 0.0000 0.0000 2.3317 0.0705 
12.4120 9.0000 260.8184 0.1931 0.0820 -0.4350 0.0000 0.0000 2.3315 0.0621 
12.2843 9.0000 255.7877 0.1977 0.0839 -0.4387 0.0000 0.0000 2.3313 0.0502 
12.2883 5.0000 255.8104 0.1911 0.0834 -0.4244 0.0000 0.0000 2.3281 0.0629 
12.5243 9.0000 265.9960 0.1894 0.0814 -0.4397 0.0000 0.0000 2.2901 0.0733 
12.3675 10.0000 257.8949 0.1898 0.0833 -0.4258 0.0000 0.0000 2.2873 0.0656 
12.2221 10.0000 256.9715 0.1917 0.0833 -0.4154 0.0000 0.0000 2.9053 0.0622 
12.3421 10.0000 260.0123 0.1950 0.0827 -0.4347 0.0000 0.0000 2.9897 0.0765 
12.2155 10.0000 255.5176 0.1940 0.0837 -0.4226 0.0000 0.0000 3.7856 0.0710 
12.2387 10.0000 253.8136 0.1892 0.0837 -0.4139 0.0000 0.0000 4.5310 0.0545 
12.1144 10.0000 249.8549 0.1902 0.0822 -0.4243 0.0000 0.0000 2.2858 0.0600 
12.4419 10.0000 264.4499 0.1939 0.0825 -0.4345 0.0000 0.0000 1.7575 0.0710 
12.6651 10.0000 271.3944 0.1879 0.0810 -0.4330 0.0000 0.0000 2.2440 0.0608 
12.4392 10.0000 262.2896 0.1899 0.0816 -0.4393 0.0000 0.0000 2.8086 0.0756 
12.4280 9.0000 264.7509 0.2000 0.0829 -0.4458 0.0000 0.0000 2.3332 0.0696 
12.3837 10.0000 258.6920 0.1913 0.0829 -0.4369 0.0000 0.0000 3.3393 0.0736 
12.0539 9.0000 249.7395 0.1948 0.0837 -0.4219 0.0000 0.0000 2.6393 0.0608 
12.5264 10.0000 266.6181 0.1882 0.0819 -0.4249 0.0000 0.0000 2.3304 0.0643 
12.2971 10.0000 257.0717 0.1938 0.0832 -0.4322 0.0000 0.0000 2.3760 0.0646 
12.2797 10.0000 257.4875 0.1937 0.0819 -0.4316 0.0000 0.0000 2.2467 0.0646 
12.5315 10.0000 264.7157 0.1884 0.0815 -0.4376 0.0000 0.0000 2.3289 0.0730 
12.6253 10.0000 270.4355 0.1924 0.0819 -0.4417 0.0000 0.0000 2.3297 0.0730 
12.3672 7.0000 258.6763 0.1950 0.0830 -0.4383 0.0000 0.0000 2.3322 0.0730 
12.1291 10.0000 253.0235 0.1997 0.0834 -0.4353 0.0000 0.0000 3.2999 0.0730 
12.4368 5.0000 262.2293 0.1932 0.0832 -0.4302 0.0000 0.0000 2.8110 0.0730 
12.4067 10.0000 261.0891 0.1904 0.0826 -0.4320 0.0000 0.0000 2.3314 0.0730 
12.0056 10.0000 246.7819 0.1968 0.0824 -0.4325 0.0000 0.0000 2.2863 0.0730 
12.4789 10.0000 265.8163 0.1918 0.0821 -0.4353 0.0000 0.0000 1.9357 0.0730 
12.3456 8.0000 257.4688 0.1876 0.0817 -0.4308 0.0000 0.0000 2.3752 0.0730 
12.3651 10.0000 257.9027 0.1928 0.0835 -0.4370 0.0000 0.0000 2.2903 0.0730 
