11.9360 9.0000 244.5780 0.3493 0.1887 -0.4859 3.2852 6.0000 0.9060 0.0808 
12.1780 10.0000 257.1400 0.3479 0.1820 -0.4959 3.2151 6.0000 0.7919 0.1074 
12.1220 8.0000 253.3800 0.3427 0.1867 -0.4583 3.2527 6.0000 0.7534 0.0799 
11.6540 7.0000 233.0660 0.3571 0.1897 -0.4926 3.3030 8.0000 1.0399 0.0817 
12.6780 11.0000 267.5640 0.3431 0.1907 -0.5132 3.2252 6.0000 0.5634 0.0710 
12.0880 10.0000 250.6380 0.3628 0.1917 -0.5238 3.2489 6.0000 0.2623 0.0842 
12.1300 10.0000 257.0800 0.3654 0.1984 -0.4709 3.2765 7.0000 0.1329 0.1057 
11.8560 10.0000 244.7240 0.3743 0.1983 -0.4985 3.2952 6.0000 0.2534 0.0647 
11.7300 10.0000 242.1240 0.3619 0.1925 -0.4827 3.2936 6.0000 0.4825 0.0902 
11.5880 9.0000 229.9820 0.3482 0.1922 -0.4656 3.3178 6.0000 0.2149 0.0737 
11.3680 9.0000 223.4700 0.3500 0.1881 -0.4577 3.3012 6.0000 0.2662 0.1054 
12.1440 6.0000 256.9280 0.3529 0.1922 -0.4544 3.2574 7.0000 0.5705 0.0405 
12.0920 9.0000 243.2180 0.3388 0.1942 -0.4547 3.2922 6.0000 0.5906 0.0917 
11.7100 10.0000 234.5100 0.3447 0.1910 -0.4517 3.3110 6.0000 0.6602 0.0607 
12.4180 10.0000 260.4600 0.3399 0.1842 -0.4879 3.2193 6.0000 0.4396 0.0770 
13.1220 11.0000 289.3240 0.3298 0.1865 -0.4682 3.1511 6.0000 0.4372 0.0878 
12.3360 10.0000 249.4680 0.3342 0.1913 -0.4709 3.2462 6.0000 0.6598 0.0775 
11.5540 7.0000 229.8260 0.3588 0.1880 -0.4852 3.2906 6.0000 0.5275 0.0603 
12.3580 10.0000 263.2340 0.3447 0.1840 -0.4934 3.2041 6.0000 0.5289 0.0708 
12.1220 9.0000 253.8960 0.3400 0.1809 -0.4849 3.2222 6.0000 0.3538 0.0880 
13.0020 7.0000 273.9980 0.3281 0.1840 -0.5042 3.1753 6.0000 0.1324 0.0800 
11.9320 9.0000 236.6900 0.3509 0.1886 -0.5212 3.2744 7.0000 0.3532 0.0829 
11.9760 10.0000 242.5360 0.3521 0.1902 -0.4974 3.2491 6.0000 0.6172 0.1030 
11.7360 10.0000 230.7060 0.3374 0.1823 -0.5009 3.2722 6.0000 0.5263 0.0572 
12.1500 9.0000 257.3300 0.3613 0.1861 -0.5148 3.2402 6.0000 0.5272 0.0601 
12.5300 9.0000 267.8020 0.3644 0.1984 -0.4997 3.2604 6.0000 0.2636 0.0721 
11.5060 5.0000 229.6360 0.3463 0.1863 -0.4597 3.3157 7.0000 0.1703 0.0757 
12.3660 11.0000 254.9860 0.3419 0.1852 -0.5088 3.2207 6.0000 0.4274 0.0710 
12.1760 11.0000 242.4800 0.3432 0.1934 -0.4964 3.2739 6.0000 0.5767 0.0607 
11.4660 10.0000 224.4700 0.3521 0.1848 -0.4934 3.2913 6.0000 0.4349 0.0485 
11.6620 10.0000 229.2920 0.3403 0.1874 -0.4604 3.2566 6.0000 0.3508 0.0492 
11.9120 10.0000 241.2740 0.3726 0.1950 -0.5250 3.2909 6.0000 0.3899 0.0721 
12.6480 10.0000 265.4880 0.3356 0.1850 -0.4928 3.2107 7.0000 0.2249 0.0639 
11.9740 10.0000 241.8800 0.3422 0.1874 -0.4665 3.2564 6.0000 0.5711 0.0661 
12.1480 10.0000 256.3440 0.3560 0.1883 -0.4956 3.2457 6.0000 0.3504 0.0731 
11.7640 10.0000 229.7000 0.3446 0.1959 -0.4641 3.3009 6.0000 0.3480 0.0686 
11.9580 11.0000 242.5500 0.3488 0.1840 -0.4979 3.2524 6.0000 0.4364 0.0712 
11.9980 9.0000 252.2760 0.3326 0.1866 -0.4295 3.2483 6.0000 0.4409 0.0578 
12.0900 10.0000 244.0260 0.3457 0.1843 -0.5273 3.2474 6.0000 0.4008 0.1141 
12.6880 11.0000 277.5380 0.3388 0.1771 -0.4880 3.1517 6.0000 0.4322 0.0929 
12.6080 6.0000 271.2700 0.3441 0.1842 -0.4961 3.2036 6.0000 0.4337 0.0946 
12.4280 7.0000 261.6500 0.3367 0.1854 -0.4807 3.2157 6.0000 0.2516 0.0708 
12.4700 7.0000 257.6460 0.3483 0.1902 -0.5181 3.2224 6.0000 0.4268 0.0757 
11.0560 9.0000 217.8280 0.3569 0.1840 -0.4554 3.3444 8.0000 0.1145 0.0910 
11.7140 10.0000 239.1300 0.3583 0.1845 -0.4884 3.2812 6.0000 0.0425 0.0845 
12.8360 10.0000 279.3180 0.3532 0.1888 -0.5282 3.1886 6.0000 0.0248 0.0407 
12.0160 10.0000 241.6820 0.3335 0.1856 -0.4631 3.2341 6.0000 0.8188 0.0808 
11.9440 10.0000 244.2400 0.3391 0.1904 -0.4652 3.2872 7.0000 0.7043 0.1074 
11.4060 10.0000 220.2860 0.3380 0.1883 -0.4478 3.3123 7.0000 0.2185 0.0834 
12.4600 6.0000 261.2500 0.3507 0.1861 -0.5145 3.2159 6.0000 0.1326 0.0718 
12.2900 10.0000 262.9440 0.3546 0.1911 -0.4844 3.2364 6.0000 0.9100 0.0855 
12.5480 10.0000 266.6720 0.3561 0.1928 -0.5120 3.2492 6.0000 0.5624 0.0710 
12.2760 11.0000 247.7560 0.3458 0.1978 -0.4831 3.2898 7.0000 0.3939 0.0961 
12.5220 11.0000 257.3160 0.3372 0.1891 -0.4863 3.2225 6.0000 0.3205 0.1139 
12.7780 11.0000 268.3060 0.3250 0.1883 -0.4706 3.2074 6.0000 0.2134 0.0784 
12.3280 9.0000 261.7840 0.3502 0.1911 -0.4730 3.2324 6.0000 0.4445 0.0666 
12.2400 10.0000 255.2960 0.3396 0.1829 -0.4814 3.2384 6.0000 0.6049 0.0913 
11.9220 10.0000 256.1560 0.3650 0.1861 -0.4925 3.2755 7.0000 0.6993 0.0405 
11.9580 10.0000 240.5140 0.3516 0.1966 -0.4648 3.2938 6.0000 0.6905 0.0694 
12.2280 10.0000 257.3960 0.3540 0.1907 -0.4609 3.2249 6.0000 0.5245 0.0557 
12.4920 11.0000 259.3660 0.3454 0.1932 -0.4935 3.2359 6.0000 0.3976 0.0937 
12.4600 10.0000 265.6280 0.3621 0.1891 -0.5255 3.2147 6.0000 0.4856 0.0721 
12.4020 7.0000 260.3220 0.3607 0.1982 -0.5203 3.2560 6.0000 0.6608 0.0775 
12.0520 3.0000 246.2960 0.3362 0.1813 -0.4769 3.2341 6.0000 0.3544 0.0763 
12.4640 10.0000 269.7760 0.3477 0.1842 -0.4889 3.2106 6.0000 0.1353 0.0842 
12.5340 10.0000 265.4840 0.3488 0.1858 -0.5235 3.2089 6.0000 0.2633 0.1031 
12.6280 10.0000 266.5720 0.3518 0.1915 -0.5195 3.2408 6.0000 0.3968 0.1068 
12.1100 10.0000 248.9280 0.3460 0.1898 -0.4765 3.2560 6.0000 0.6134 0.0564 
11.7940 8.0000 230.6440 0.3578 0.1903 -0.5190 3.2936 6.0000 0.5284 0.1030 
11.5920 8.0000 235.9880 0.3490 0.1863 -0.4475 3.2810 6.0000 0.4383 0.0376 
12.2900 10.0000 253.1400 0.3374 0.1806 -0.5048 3.2318 6.0000 0.1319 0.0682 
12.6840 10.0000 263.2160 0.3139 0.1844 -0.4529 3.1964 6.0000 0.3085 0.0617 
12.5380 11.0000 260.5700 0.3394 0.1881 -0.5080 3.2029 6.0000 0.5263 0.0662 
12.0360 5.0000 246.6720 0.3427 0.1852 -0.4747 3.2349 6.0000 0.6123 0.0654 
12.0600 10.0000 252.4920 0.3502 0.1912 -0.4581 3.2630 6.0000 0.5270 0.1061 
12.3360 9.0000 259.3220 0.3438 0.1838 -0.5013 3.2181 6.0000 0.3489 0.1139 
12.3440 10.0000 254.2100 0.3293 0.1819 -0.4845 3.2259 6.0000 0.4336 0.1264 
12.2580 10.0000 252.1160 0.3573 0.1875 -0.5350 3.2538 6.0000 0.5265 0.1069 
11.6400 5.0000 231.3820 0.3450 0.1882 -0.4698 3.2858 6.0000 0.4796 0.0639 
12.3240 10.0000 261.3040 0.3405 0.1840 -0.4738 3.2140 6.0000 0.4842 0.0749 
11.8820 10.0000 237.6540 0.3573 0.2032 -0.4770 3.3417 7.0000 0.3922 0.0859 
11.9900 10.0000 242.8800 0.3296 0.1794 -0.4744 3.2488 7.0000 0.4850 0.0746 
11.6680 10.0000 228.5460 0.3330 0.1864 -0.4503 3.2683 6.0000 0.4386 0.0594 
12.5180 3.0000 257.6800 0.3520 0.1877 -0.5349 3.2185 6.0000 0.2225 0.0885 
11.6860 6.0000 234.9300 0.3505 0.1891 -0.4867 3.2777 7.0000 0.3939 0.0859 
11.9400 10.0000 238.4520 0.3404 0.1890 -0.4660 3.2747 6.0000 0.2614 0.0713 
11.9540 10.0000 248.8000 0.3376 0.1742 -0.4778 3.2279 6.0000 0.3199 0.0593 
11.9140 9.0000 235.4560 0.3445 0.1963 -0.4647 3.2936 6.0000 0.1857 0.0813 
12.1500 10.0000 254.6660 0.3493 0.1860 -0.4804 3.2410 6.0000 0.2458 0.0454 
12.1680 10.0000 249.4840 0.3433 0.1818 -0.4944 3.2221 6.0000 0.4639 0.0872 
12.1420 9.0000 252.0620 0.3657 0.1876 -0.5495 3.2401 6.0000 0.1928 0.0493 
11.9380 10.0000 245.1540 0.3478 0.1874 -0.4806 3.2577 6.0000 0.0339 0.0407 
11.8840 8.0000 240.2780 0.3535 0.1847 -0.5044 3.2689 7.0000 0.8643 0.0808 
11.8480 7.0000 235.1900 0.3470 0.1870 -0.4941 3.2680 6.0000 0.7482 0.1074 
12.4560 10.0000 267.4700 0.3708 0.1914 -0.5458 3.2284 6.0000 0.6613 0.0799 
12.5760 11.0000 258.1360 0.3411 0.1957 -0.4961 3.2362 6.0000 0.2122 0.0718 
12.0460 9.0000 245.6820 0.3378 0.1822 -0.4864 3.2428 6.0000 0.4314 0.0855 
11.9060 10.0000 239.1420 0.3543 0.1882 -0.5040 3.2722 6.0000 0.5258 0.0710 
12.7540 11.0000 267.2700 0.3187 0.1817 -0.4803 3.1811 6.0000 0.3931 0.0961 
12.1860 9.0000 245.0860 0.3438 0.1915 -0.4942 3.2611 6.0000 0.3060 0.1139 
12.1960 9.0000 252.9720 0.3478 0.1856 -0.4937 3.2310 6.0000 0.2438 0.0784 
11.6140 10.0000 235.6460 0.3655 0.1896 -0.4969 3.2966 6.0000 0.4406 0.0666 
12.6620 9.0000 267.8800 0.3338 0.1846 -0.4839 3.2009 6.0000 0.5981 0.0913 
11.4840 10.0000 224.1560 0.3451 0.1836 -0.4818 3.2966 6.0000 0.6169 0.0755 
11.9920 10.0000 244.5160 0.3349 0.1882 -0.4349 3.2600 6.0000 0.6909 0.0694 
12.2380 11.0000 252.0000 0.3541 0.1964 -0.5063 3.2875 6.0000 0.3115 0.1072 
12.5360 9.0000 261.0380 0.3345 0.1845 -0.5058 3.2207 6.0000 0.1307 0.0937 
12.5780 7.0000 272.6680 0.3649 0.1872 -0.5491 3.1877 6.0000 0.6536 0.0721 
11.8460 10.0000 243.0700 0.3467 0.1873 -0.4761 3.2683 6.0000 0.4839 0.0858 
11.7360 6.0000 241.8080 0.3719 0.1985 -0.4833 3.3102 6.0000 0.2661 0.0656 
12.6500 10.0000 263.2820 0.3329 0.1848 -0.5127 3.1980 6.0000 0.3530 0.0835 
11.6320 10.0000 224.7860 0.3484 0.1923 -0.4834 3.3205 6.0000 0.4295 0.0755 
12.4840 10.0000 261.6140 0.3428 0.1897 -0.4846 3.2293 6.0000 0.4417 0.0802 
12.2320 10.0000 250.7260 0.3459 0.1878 -0.5139 3.2509 6.0000 0.6187 0.1023 
12.0460 10.0000 256.8320 0.3397 0.1891 -0.4405 3.2537 6.0000 0.2654 0.0858 
11.6620 10.0000 235.5380 0.3421 0.1936 -0.4191 3.3104 6.0000 0.1622 0.0604 
11.8120 10.0000 235.0440 0.3551 0.1922 -0.5062 3.3053 6.0000 0.3988 0.0572 
11.8820 10.0000 237.3300 0.3341 0.1830 -0.4707 3.2578 6.0000 0.5271 0.0840 
12.0320 10.0000 244.6660 0.3408 0.1972 -0.4386 3.3035 6.0000 0.5734 0.0662 
12.3980 10.0000 259.9900 0.3529 0.1910 -0.5028 3.2526 6.0000 0.5705 0.0469 
12.8440 10.0000 276.6620 0.3539 0.1837 -0.5437 3.1762 6.0000 0.3954 0.0967 
12.3520 11.0000 251.8580 0.3448 0.1855 -0.5218 3.2340 6.0000 0.1331 0.1139 
12.6480 10.0000 267.7440 0.3330 0.1818 -0.5034 3.1784 6.0000 0.5749 0.1264 
12.2960 8.0000 251.1760 0.3505 0.1919 -0.5135 3.2416 6.0000 0.5257 0.1069 
12.3660 11.0000 257.6900 0.3490 0.1871 -0.5039 3.2045 6.0000 0.3505 0.0589 
11.9840 10.0000 247.2700 0.3595 0.1953 -0.4899 3.2905 7.0000 0.1340 0.0843 
12.0720 10.0000 252.8000 0.3510 0.1892 -0.4777 3.2582 6.0000 0.3881 0.0665 
11.8500 10.0000 245.5880 0.3724 0.1963 -0.4882 3.2934 6.0000 0.5762 0.0620 
12.3500 10.0000 265.7100 0.3663 0.1936 -0.5036 3.2583 6.0000 0.4789 0.0741 
11.4700 8.0000 227.5320 0.3511 0.1942 -0.4416 3.3286 7.0000 0.3984 0.0760 
12.2820 7.0000 252.0320 0.3217 0.1732 -0.4945 3.2162 6.0000 0.3086 0.0870 
13.0380 9.0000 287.5060 0.3522 0.1867 -0.5248 3.1748 6.0000 0.3040 0.0911 
11.8520 9.0000 239.8760 0.3408 0.1892 -0.4519 3.2880 6.0000 0.2818 0.0929 
12.0980 10.0000 257.4120 0.3624 0.1932 -0.4870 3.2984 7.0000 0.4389 0.1069 
12.0160 10.0000 237.9620 0.3528 0.1948 -0.5284 3.2872 7.0000 0.1805 0.0708 
12.4880 4.0000 261.3020 0.3327 0.1849 -0.4933 3.1916 7.0000 0.4327 0.0978 
12.0860 10.0000 245.8620 0.3453 0.1936 -0.4686 3.2691 7.0000 0.1363 0.1135 
12.5040 5.0000 265.1340 0.3434 0.1832 -0.4993 3.2002 6.0000 0.0334 0.0407 
11.7880 10.0000 237.8600 0.3493 0.1866 -0.4894 3.2690 6.0000 0.8618 0.0808 
12.5840 5.0000 269.5420 0.3645 0.1930 -0.5206 3.2223 6.0000 0.7462 0.1074 
11.6200 10.0000 236.5320 0.3642 0.1916 -0.4729 3.3049 6.0000 0.7058 0.0799 
11.8200 8.0000 238.7840 0.3623 0.1923 -0.4950 3.2861 6.0000 0.2305 0.0718 
12.2460 10.0000 248.1620 0.3359 0.1923 -0.4559 3.2842 7.0000 0.3946 0.0855 
12.1700 10.0000 246.2360 0.3347 0.1850 -0.4922 3.2240 6.0000 0.5297 0.0710 
12.2360 10.0000 249.9160 0.3373 0.1860 -0.4796 3.2477 6.0000 0.4389 0.0961 
11.7640 10.0000 239.2940 0.3751 0.1949 -0.5281 3.3056 6.0000 0.8803 0.0647 
11.4960 10.0000 237.2480 0.3683 0.1982 -0.4334 3.3291 7.0000 0.5675 0.0666 
11.8300 10.0000 236.5900 0.3360 0.1855 -0.4647 3.2744 6.0000 0.6085 0.0913 
11.4040 10.0000 223.6920 0.3506 0.1970 -0.4455 3.3587 6.0000 0.4372 0.1207 
12.2680 6.0000 255.8880 0.3597 0.1900 -0.5261 3.2243 6.0000 0.1347 0.0782 
11.6880 10.0000 232.5960 0.3413 0.1860 -0.4734 3.2822 6.0000 0.2157 0.0917 
12.1780 8.0000 250.6640 0.3631 0.1902 -0.5321 3.2329 6.0000 0.6582 0.0607 
12.4780 10.0000 260.9100 0.3284 0.1783 -0.4870 3.1805 6.0000 0.3406 0.1067 
11.8760 10.0000 235.8020 0.3510 0.1980 -0.4768 3.3269 7.0000 0.4381 0.0878 
12.9020 11.0000 273.9400 0.3511 0.1990 -0.5052 3.2154 6.0000 0.6569 0.0775 
12.1860 9.0000 254.1760 0.3580 0.1905 -0.5138 3.2428 6.0000 0.5310 0.0603 
12.2020 10.0000 257.2120 0.3561 0.1993 -0.4616 3.2713 6.0000 0.5710 0.0708 
11.5280 7.0000 237.5320 0.3630 0.1805 -0.4926 3.2558 7.0000 0.4837 0.0728 
12.2900 10.0000 256.2260 0.3625 0.1962 -0.5085 3.2616 6.0000 0.1316 0.0468 
12.2440 8.0000 258.7860 0.3360 0.1804 -0.4762 3.2227 6.0000 0.2640 0.0829 
11.5620 10.0000 235.0420 0.3652 0.1852 -0.4853 3.2889 6.0000 0.6553 0.1030 
12.2500 9.0000 250.8940 0.3301 0.1874 -0.4781 3.2473 6.0000 0.5211 0.0572 
11.9800 10.0000 235.9520 0.3452 0.1944 -0.4954 3.2977 6.0000 0.4787 0.0973 
11.9180 5.0000 240.0000 0.3436 0.1888 -0.4747 3.2676 7.0000 0.3465 0.0933 
12.5660 10.0000 261.5220 0.3168 0.1791 -0.4681 3.1938 6.0000 0.2618 0.0662 
12.8160 11.0000 270.2400 0.3423 0.1906 -0.5185 3.1946 6.0000 0.3498 0.0761 
12.1480 10.0000 251.2100 0.3496 0.1899 -0.5009 3.2502 6.0000 0.2201 0.0710 
13.0000 11.0000 284.5660 0.3452 0.1861 -0.5121 3.1705 6.0000 0.4393 0.0838 
11.3680 5.0000 227.0980 0.3579 0.1839 -0.4876 3.2887 6.0000 0.1280 0.0660 
12.1940 10.0000 252.0820 0.3391 0.1904 -0.4474 3.2482 6.0000 0.5738 0.0876 
11.7280 10.0000 247.7080 0.3672 0.1870 -0.4803 3.2554 6.0000 0.1379 0.0760 
12.4760 11.0000 253.2620 0.3381 0.1918 -0.4950 3.2110 6.0000 0.3921 0.0829 
12.0280 10.0000 244.0060 0.3476 0.1961 -0.4689 3.2947 7.0000 0.3523 0.0796 
11.8240 10.0000 242.1860 0.3607 0.1938 -0.4794 3.2755 7.0000 0.6119 0.0604 
11.9980 8.0000 248.1120 0.3494 0.1860 -0.4990 3.2482 6.0000 0.5696 0.0928 
12.2780 11.0000 251.8880 0.3528 0.1937 -0.4923 3.2454 6.0000 0.2211 0.1048 
12.2460 10.0000 258.0660 0.3546 0.1831 -0.5143 3.2485 8.0000 0.2147 0.0712 
11.9140 11.0000 239.0560 0.3551 0.1912 -0.5081 3.2830 6.0000 0.4851 0.0964 
12.0420 10.0000 244.7820 0.3664 0.1926 -0.5303 3.2722 6.0000 0.4399 0.1141 
12.3680 7.0000 260.5780 0.3516 0.1827 -0.5199 3.2234 6.0000 0.4256 0.0929 
12.1280 10.0000 256.0040 0.3331 0.1802 -0.4625 3.2306 6.0000 0.4371 0.0946 
12.2020 8.0000 248.9820 0.3484 0.1950 -0.4893 3.2714 6.0000 0.2521 0.0708 
12.5100 10.0000 257.6460 0.3378 0.1908 -0.5006 3.2213 6.0000 0.2897 0.0648 
12.4380 11.0000 254.6400 0.3390 0.1848 -0.5118 3.2174 6.0000 0.0944 0.0910 
12.1480 10.0000 252.3780 0.3656 0.1874 -0.5477 3.2413 6.0000 0.9071 0.0808 
12.2480 10.0000 258.4660 0.3460 0.1843 -0.4773 3.2389 6.0000 0.8250 0.0893 
12.0440 4.0000 243.8700 0.3418 0.1797 -0.5104 3.2283 6.0000 0.7605 0.0799 
11.6660 3.0000 240.7120 0.3434 0.1843 -0.4364 3.2527 6.0000 1.0350 0.0817 
12.6000 10.0000 272.1700 0.3428 0.1897 -0.4717 3.2177 6.0000 0.5605 0.0509 
12.7820 10.0000 281.0160 0.3387 0.1849 -0.4892 3.1718 6.0000 0.1306 0.0467 
12.3000 10.0000 263.5900 0.3608 0.1936 -0.4989 3.2440 7.0000 0.2202 0.0961 
12.5360 11.0000 269.8780 0.3612 0.1959 -0.4973 3.2427 6.0000 0.2588 0.0752 
11.7920 10.0000 243.2700 0.3566 0.1936 -0.4569 3.2956 6.0000 0.2648 0.0647 
11.8900 10.0000 246.3900 0.3562 0.1855 -0.4860 3.2593 7.0000 0.6119 0.0666 
12.2760 10.0000 255.1740 0.3390 0.1900 -0.4559 3.2364 7.0000 0.6481 0.0913 
12.0540 7.0000 252.2640 0.3649 0.1935 -0.5014 3.2807 7.0000 0.6992 0.0755 
11.6560 5.0000 238.3260 0.3603 0.1887 -0.4841 3.2933 7.0000 0.5171 0.0578 
12.6680 11.0000 269.9820 0.3601 0.1904 -0.5275 3.2270 6.0000 0.1657 0.0592 
12.4300 10.0000 256.6840 0.3191 0.1837 -0.4534 3.2167 6.0000 0.3072 0.0873 
12.3120 10.0000 261.2500 0.3401 0.1821 -0.4766 3.2042 6.0000 0.9703 0.0721 
12.0880 6.0000 245.4880 0.3528 0.1894 -0.5115 3.2673 6.0000 0.6165 0.0873 
11.7600 10.0000 234.5140 0.3350 0.1822 -0.4703 3.2631 6.0000 0.2684 0.0656 
11.8940 6.0000 239.0400 0.3461 0.1828 -0.4967 3.2509 6.0000 0.3091 0.0920 
12.2960 10.0000 252.3680 0.3423 0.1847 -0.5097 3.2319 6.0000 0.4681 0.1031 
11.6980 7.0000 237.1000 0.3370 0.1834 -0.4505 3.2804 7.0000 0.4804 0.0802 
12.2180 10.0000 252.6260 0.3465 0.1887 -0.4915 3.2497 6.0000 0.6103 0.1023 
12.3960 7.0000 255.7300 0.3357 0.1811 -0.5182 3.2137 6.0000 0.4347 0.0719 
12.1880 10.0000 261.3440 0.3531 0.1915 -0.4568 3.2337 6.0000 0.1326 0.0737 
12.4440 10.0000 265.9700 0.3392 0.1812 -0.4872 3.1919 6.0000 0.2642 0.0756 
12.4780 8.0000 269.0980 0.3603 0.1898 -0.5060 3.2001 7.0000 0.5267 0.0840 
12.2020 8.0000 250.7320 0.3475 0.1853 -0.5085 3.2413 6.0000 0.4824 0.0662 
11.7780 10.0000 244.9660 0.3534 0.1852 -0.4732 3.2798 6.0000 0.5624 0.0469 
11.8740 5.0000 241.3720 0.3455 0.1863 -0.4747 3.2664 6.0000 0.3093 0.0967 
11.9640 10.0000 248.8420 0.3640 0.2003 -0.4542 3.2721 6.0000 0.1721 0.0848 
12.7240 4.0000 271.0160 0.3493 0.1934 -0.4882 3.2103 6.0000 0.6683 0.1264 
11.7680 3.0000 237.8000 0.3544 0.1878 -0.4910 3.2737 7.0000 0.5666 0.1069 
12.2500 10.0000 260.3080 0.3449 0.1803 -0.5102 3.2322 6.0000 0.4780 0.1053 
11.5940 9.0000 232.4140 0.3434 0.1819 -0.4655 3.2745 6.0000 0.1313 0.1141 
11.4140 4.0000 223.2640 0.3573 0.1826 -0.5169 3.3172 6.0000 0.2550 0.0665 
11.9720 10.0000 242.3840 0.3475 0.1886 -0.4957 3.2686 6.0000 0.5277 0.1065 
12.6260 10.0000 273.4240 0.3594 0.1861 -0.5352 3.2103 6.0000 0.4354 0.0741 
12.9220 10.0000 281.1880 0.3497 0.1895 -0.5366 3.1672 6.0000 0.3522 0.0760 
12.3660 6.0000 254.2480 0.3447 0.1940 -0.4799 3.2418 6.0000 0.3551 0.0864 
11.8000 7.0000 229.7660 0.3525 0.1999 -0.4790 3.3071 6.0000 0.3948 0.0716 
11.8460 9.0000 232.3440 0.3427 0.1952 -0.4573 3.2943 6.0000 0.3550 0.0929 
11.5880 10.0000 221.2720 0.3645 0.2025 -0.5073 3.3525 6.0000 0.3515 0.0731 
12.4200 11.0000 265.1320 0.3713 0.1984 -0.5138 3.2852 6.0000 0.1137 0.1142 
11.8620 9.0000 241.6920 0.3568 0.1852 -0.4868 3.2524 6.0000 0.1429 0.0454 
12.1800 10.0000 250.4040 0.3444 0.1945 -0.4669 3.2601 6.0000 0.3635 0.0757 
12.2220 10.0000 255.5220 0.3459 0.1872 -0.4852 3.2317 7.0000 0.0911 0.0910 
12.0340 10.0000 251.4080 0.3477 0.1815 -0.5035 3.2397 6.0000 0.8679 0.0808 
12.4160 10.0000 262.4200 0.3454 0.1844 -0.4883 3.2236 6.0000 0.7856 0.1074 
12.1800 10.0000 253.5340 0.3478 0.1987 -0.4464 3.3039 6.0000 0.7927 0.0799 
12.1800 8.0000 254.3000 0.3453 0.1840 -0.4917 3.2322 6.0000 0.1273 0.0787 
12.0740 5.0000 243.5460 0.3566 0.1943 -0.4968 3.2707 6.0000 0.3127 0.0855 
12.0880 10.0000 246.0060 0.3384 0.1837 -0.4816 3.2473 6.0000 0.5312 0.0710 
12.1720 7.0000 253.3400 0.3566 0.1819 -0.5417 3.2265 6.0000 0.4404 0.0961 
11.8920 10.0000 248.5720 0.3664 0.1853 -0.4997 3.2523 6.0000 0.2252 0.1042 
12.3140 7.0000 269.2160 0.3614 0.1917 -0.4652 3.2334 7.0000 0.3028 0.0531 
11.9580 9.0000 249.8020 0.3612 0.1871 -0.5242 3.2541 6.0000 0.4385 0.0666 
12.1240 10.0000 257.1640 0.3355 0.1803 -0.4520 3.2241 6.0000 0.6093 0.0913 
12.0620 10.0000 245.4560 0.3311 0.1854 -0.4656 3.2402 6.0000 0.5277 0.0755 
12.4240 10.0000 263.6940 0.3431 0.1927 -0.4689 3.2416 6.0000 0.2159 0.0803 
12.3120 10.0000 265.9520 0.3696 0.2029 -0.4872 3.3136 7.0000 0.1289 0.0964 
12.0420 9.0000 247.0900 0.3511 0.1884 -0.4806 3.2739 6.0000 0.5690 0.0873 
11.8640 6.0000 246.1880 0.3582 0.1864 -0.4943 3.2852 7.0000 1.0453 0.0721 
12.5600 11.0000 271.8540 0.3785 0.1935 -0.5639 3.2327 6.0000 0.5228 0.0858 
12.3360 8.0000 259.2280 0.3567 0.1880 -0.5214 3.2224 6.0000 0.3047 0.0656 
11.8180 10.0000 242.6640 0.3548 0.1849 -0.5057 3.2758 6.0000 0.3872 0.0808 
11.5460 9.0000 238.6120 0.3561 0.1832 -0.4598 3.2753 6.0000 0.4301 0.0465 
12.1960 8.0000 250.3840 0.3330 0.1841 -0.4759 3.2149 6.0000 0.4845 0.0802 
12.3960 11.0000 248.6680 0.3510 0.2006 -0.5029 3.2753 6.0000 0.6154 0.1023 
12.1580 10.0000 246.3900 0.3325 0.1898 -0.4809 3.2367 6.0000 0.1355 0.0858 
11.3840 5.0000 228.0120 0.3633 0.1907 -0.4614 3.3224 7.0000 0.2454 0.0604 
11.7780 10.0000 236.2900 0.3563 0.1947 -0.4798 3.3009 6.0000 0.4831 0.0572 
12.4100 10.0000 259.9660 0.3487 0.1913 -0.5039 3.2413 6.0000 0.5696 0.0840 
11.5080 9.0000 228.0460 0.3684 0.1916 -0.4949 3.3381 6.0000 0.4914 0.0662 
11.3860 5.0000 226.1220 0.3447 0.1808 -0.4771 3.2683 6.0000 0.5231 0.0469 
12.2540 6.0000 255.9260 0.3494 0.1846 -0.5128 3.2305 6.0000 0.1723 0.0876 
11.8020 10.0000 241.5660 0.3497 0.1904 -0.4688 3.2888 6.0000 0.1324 0.0607 
12.6940 5.0000 272.7660 0.3418 0.1915 -0.4778 3.2342 6.0000 0.9149 0.1264 
11.9020 10.0000 244.6120 0.3533 0.1854 -0.4826 3.2700 6.0000 0.5712 0.1069 
12.6520 11.0000 273.8040 0.3614 0.1992 -0.4817 3.2269 6.0000 0.5242 0.0639 
12.2000 10.0000 253.7200 0.3575 0.1875 -0.5126 3.2355 6.0000 0.3913 0.1019 
12.3680 10.0000 264.4140 0.3619 0.1899 -0.5102 3.2252 7.0000 0.1323 0.0683 
12.4060 10.0000 268.1640 0.3783 0.1954 -0.5321 3.2761 6.0000 0.3947 0.1065 
12.0160 9.0000 245.0500 0.3328 0.1858 -0.4490 3.2558 6.0000 0.4801 0.0412 
12.0720 10.0000 245.8600 0.3298 0.1813 -0.4780 3.2720 7.0000 0.3078 0.0760 
11.7900 10.0000 233.8500 0.3477 0.1884 -0.4804 3.2663 6.0000 0.3970 0.0864 
12.0160 10.0000 244.0380 0.3239 0.1865 -0.4527 3.2610 6.0000 0.4394 0.0713 
12.2560 10.0000 256.2220 0.3275 0.1894 -0.4290 3.2600 6.0000 0.3540 0.0593 
12.4760 8.0000 269.4660 0.3640 0.1990 -0.4889 3.2643 6.0000 0.2262 0.0813 
12.0920 10.0000 251.8420 0.3582 0.1868 -0.5033 3.2600 6.0000 0.2156 0.0454 
12.1700 10.0000 250.5280 0.3439 0.1877 -0.4888 3.2470 6.0000 0.4662 0.0978 
12.0120 10.0000 246.5200 0.3409 0.1833 -0.4908 3.2332 6.0000 0.1060 0.1135 
12.1500 7.0000 255.2380 0.3470 0.1870 -0.4788 3.2530 6.0000 0.9102 0.0808 
11.4900 7.0000 236.3680 0.3608 0.1884 -0.4669 3.3082 7.0000 0.8343 0.0893 
12.0240 10.0000 245.4360 0.3392 0.1806 -0.4936 3.2472 6.0000 0.7808 0.0799 
12.2880 10.0000 254.4220 0.3412 0.1881 -0.4878 3.2398 6.0000 0.9065 0.0923 
11.9680 9.0000 248.4780 0.3603 0.1951 -0.4715 3.2899 6.0000 0.2116 0.0812 
11.6640 10.0000 232.7700 0.3533 0.1931 -0.4704 3.3101 6.0000 0.2209 0.0758 
12.0480 10.0000 244.6360 0.3468 0.1916 -0.4742 3.2773 6.0000 0.2596 0.0782 
13.2920 11.0000 292.3760 0.3464 0.1908 -0.5263 3.1617 6.0000 0.5952 0.0769 
12.4200 9.0000 255.6820 0.3227 0.1839 -0.4747 3.2070 6.0000 0.2982 0.0509 
12.0840 10.0000 248.7020 0.3455 0.1834 -0.5033 3.2395 6.0000 0.1357 0.0747 
11.9500 10.0000 239.1960 0.3389 0.1826 -0.4887 3.2371 6.0000 0.2214 0.0913 
12.1000 10.0000 242.7100 0.3557 0.1979 -0.4970 3.2859 6.0000 0.6595 0.0405 
12.1060 10.0000 251.5040 0.3360 0.1815 -0.4647 3.2319 6.0000 0.5159 0.0841 
12.0140 10.0000 239.7440 0.3344 0.1861 -0.4700 3.2591 8.0000 0.1272 0.0964 
11.4620 10.0000 230.7180 0.3399 0.1808 -0.4310 3.2574 6.0000 0.5293 0.0607 
11.8120 10.0000 235.2600 0.3380 0.1924 -0.4495 3.2854 6.0000 0.3432 0.1067 
11.7300 7.0000 234.6600 0.3541 0.1928 -0.4757 3.2987 6.0000 0.3078 0.0936 
11.6780 10.0000 229.9640 0.3604 0.2011 -0.4809 3.3517 6.0000 0.5712 0.0775 
11.8540 9.0000 242.7980 0.3478 0.1907 -0.4666 3.2756 6.0000 0.5284 0.0979 
12.3200 10.0000 269.2380 0.3482 0.1805 -0.4860 3.1965 6.0000 0.5694 0.0748 
12.1120 10.0000 251.3940 0.3421 0.1837 -0.4952 3.2455 6.0000 0.5690 0.0802 
12.1080 5.0000 255.2540 0.3653 0.1900 -0.4993 3.2394 6.0000 0.3078 0.0685 
12.3920 10.0000 261.1260 0.3606 0.1881 -0.5343 3.2299 6.0000 0.1330 0.0628 
12.5540 9.0000 269.1400 0.3567 0.1983 -0.4910 3.2327 6.0000 0.3992 0.1141 
12.2060 8.0000 255.1100 0.3606 0.1905 -0.5116 3.2574 6.0000 0.5724 0.0572 
11.8760 9.0000 242.2640 0.3593 0.1856 -0.5223 3.2417 6.0000 0.5753 0.0840 
11.8500 10.0000 248.9760 0.3486 0.1799 -0.4799 3.2266 6.0000 0.4400 0.0287 
12.2460 10.0000 251.4900 0.3507 0.1944 -0.4974 3.2827 6.0000 0.1290 0.0800 
12.5460 9.0000 259.8340 0.3430 0.1899 -0.5170 3.2356 6.0000 0.3070 0.0594 
12.4500 10.0000 267.3740 0.3502 0.1929 -0.4698 3.2205 6.0000 0.3547 0.0607 
11.6300 9.0000 234.0880 0.3759 0.1982 -0.5100 3.3179 6.0000 0.3926 0.0485 
12.0740 10.0000 244.5900 0.3473 0.1917 -0.4930 3.2715 6.0000 0.3536 0.0760 
12.2640 10.0000 250.4900 0.3370 0.1859 -0.4981 3.2501 6.0000 0.4757 0.0829 
12.1480 8.0000 253.6540 0.3471 0.1874 -0.4838 3.2473 6.0000 0.3511 0.0796 
12.2440 10.0000 265.0500 0.3633 0.1965 -0.4658 3.2665 6.0000 0.6102 0.0604 
12.1180 10.0000 245.9180 0.3489 0.1908 -0.5004 3.2485 6.0000 0.5718 0.0620 
12.3440 10.0000 252.6200 0.3323 0.1860 -0.4752 3.2434 7.0000 0.3933 0.0741 
12.0360 10.0000 246.9060 0.3423 0.1860 -0.4879 3.2418 6.0000 0.2192 0.0628 
11.9400 10.0000 242.4620 0.3546 0.1885 -0.4956 3.2793 7.0000 0.2188 0.0964 
11.8920 10.0000 244.1240 0.3356 0.1801 -0.4531 3.2743 8.0000 0.3934 0.1141 
12.5720 11.0000 263.0760 0.3410 0.1917 -0.4862 3.2266 6.0000 0.4223 0.0929 
12.3340 10.0000 257.9920 0.3470 0.1894 -0.4939 3.2246 6.0000 0.4370 0.0731 
12.1060 5.0000 259.7520 0.3663 0.1894 -0.4906 3.2450 6.0000 0.1089 0.1142 
11.4800 4.0000 224.9060 0.3410 0.1895 -0.4367 3.3139 6.0000 0.1425 0.0454 
12.6020 9.0000 260.4780 0.3364 0.1836 -0.5267 3.2180 6.0000 0.3595 0.0757 
11.8640 10.0000 231.3440 0.3393 0.1874 -0.4935 3.2952 7.0000 0.7753 0.0808 
12.2220 7.0000 255.0520 0.3658 0.1943 -0.5249 3.2440 6.0000 0.5267 0.1129 
11.9640 9.0000 245.9900 0.3447 0.1853 -0.4725 3.2541 7.0000 0.1297 0.0893 
12.3780 9.0000 263.3160 0.3431 0.1876 -0.4756 3.2127 6.0000 0.6985 0.0689 
12.4100 10.0000 256.0760 0.3559 0.1961 -0.5200 3.2481 6.0000 0.0909 0.0718 
12.4680 10.0000 267.3600 0.3484 0.1871 -0.4925 3.2181 6.0000 0.6358 0.0855 
12.1840 11.0000 254.0820 0.3485 0.1913 -0.4778 3.2551 6.0000 0.6111 0.0710 
12.1000 10.0000 253.0960 0.3558 0.1966 -0.4708 3.2911 7.0000 0.4821 0.0961 
12.4480 11.0000 267.0380 0.3409 0.1865 -0.4607 3.2033 6.0000 0.7055 0.0661 
12.3300 10.0000 251.6940 0.3416 0.1907 -0.4755 3.2598 7.0000 0.1258 0.0881 
12.2500 10.0000 257.4280 0.3384 0.1871 -0.4530 3.2294 7.0000 0.2178 0.0666 
11.8900 10.0000 241.9740 0.3610 0.1873 -0.5159 3.2837 6.0000 0.5216 0.0913 
11.9400 9.0000 245.2460 0.3291 0.1827 -0.4369 3.2738 6.0000 0.6986 0.0405 
12.0800 9.0000 250.3740 0.3608 0.1873 -0.5117 3.2575 6.0000 0.7306 0.0917 
11.5480 9.0000 235.8140 0.3493 0.1930 -0.4249 3.3206 7.0000 0.5742 0.0557 
12.4400 10.0000 260.8400 0.3481 0.1843 -0.5262 3.2064 6.0000 0.2191 0.0937 
11.9960 10.0000 247.0000 0.3562 0.1856 -0.5013 3.2588 6.0000 0.5308 0.1004 
12.5220 10.0000 265.8440 0.3602 0.1886 -0.5289 3.2382 6.0000 0.1314 0.0878 
11.7880 10.0000 235.5480 0.3583 0.1921 -0.5107 3.2920 6.0000 0.5284 0.0873 
11.4820 10.0000 226.2060 0.3650 0.1931 -0.4911 3.3466 7.0000 0.1768 0.0800 
12.0720 10.0000 245.3960 0.3481 0.1947 -0.4835 3.2900 6.0000 0.3511 0.0603 
12.7320 10.0000 284.0080 0.3595 0.1904 -0.4949 3.1985 6.0000 0.4811 0.0708 
12.0240 9.0000 248.7500 0.3399 0.1881 -0.4658 3.2607 9.0000 0.2607 0.0723 
12.6740 9.0000 276.0720 0.3609 0.1882 -0.5167 3.2185 6.0000 0.1760 0.0484 
11.7320 10.0000 234.1860 0.3428 0.1850 -0.4820 3.2974 6.0000 0.5257 0.0829 
11.8400 10.0000 240.2520 0.3543 0.1935 -0.4875 3.3153 7.0000 0.5679 0.1030 
11.8200 9.0000 242.4480 0.3654 0.1886 -0.5131 3.2719 6.0000 0.5725 0.0572 
12.3720 11.0000 253.9500 0.3480 0.1896 -0.5004 3.2485 7.0000 0.4401 0.0973 
12.5100 10.0000 266.5820 0.3517 0.1947 -0.4713 3.2441 6.0000 0.3500 0.0501 
12.2840 10.0000 254.2660 0.3361 0.1901 -0.4561 3.2540 7.0000 0.1727 0.0854 
12.5500 10.0000 266.2520 0.3334 0.1840 -0.4841 3.2114 6.0000 0.4370 0.0934 
11.9940 10.0000 244.8620 0.3476 0.1898 -0.4760 3.2680 6.0000 0.6146 0.1061 
12.3580 11.0000 250.6900 0.3181 0.1880 -0.4447 3.2170 6.0000 0.4152 0.0485 
12.5000 10.0000 264.8860 0.3479 0.1866 -0.5176 3.2191 6.0000 0.2182 0.0923 
12.1280 10.0000 246.7180 0.3410 0.1818 -0.5233 3.2393 6.0000 0.4293 0.1069 
11.7360 10.0000 231.1820 0.3519 0.1946 -0.4921 3.3294 7.0000 0.3495 0.0683 
12.5400 11.0000 260.1760 0.3387 0.1830 -0.5222 3.2122 6.0000 0.0897 0.0639 
11.6960 10.0000 230.7680 0.3484 0.1915 -0.4851 3.3215 6.0000 0.4816 0.0749 
12.1400 7.0000 246.5000 0.3381 0.1856 -0.5077 3.2389 6.0000 0.2583 0.0779 
12.3980 10.0000 263.4100 0.3477 0.1860 -0.4990 3.2270 6.0000 0.3509 0.0628 
11.9800 10.0000 243.1120 0.3390 0.1828 -0.4787 3.2263 6.0000 0.3411 0.0741 
12.2660 10.0000 257.4100 0.3463 0.1876 -0.4912 3.2424 6.0000 0.1768 0.0629 
12.0860 10.0000 237.5700 0.3334 0.1890 -0.4695 3.2722 7.0000 0.3954 0.0896 
12.3240 10.0000 252.6220 0.3553 0.1972 -0.4920 3.2445 6.0000 0.2646 0.0864 
12.0660 10.0000 241.7880 0.3435 0.1830 -0.4980 3.2606 6.0000 0.3101 0.1141 
11.8940 10.0000 231.4020 0.3250 0.1847 -0.4701 3.2588 7.0000 0.8600 0.0808 
12.8940 8.0000 283.6640 0.3631 0.1916 -0.5388 3.1976 6.0000 0.7887 0.1074 
11.4500 10.0000 222.5080 0.3381 0.1862 -0.4488 3.3093 6.0000 0.7086 0.0799 
11.5660 9.0000 231.1180 0.3395 0.1829 -0.4710 3.2708 6.0000 0.1911 0.0718 
10.9980 10.0000 205.6940 0.3503 0.1880 -0.4622 3.3402 6.0000 0.4759 0.0855 
11.7780 10.0000 232.9900 0.3368 0.1860 -0.4741 3.2740 6.0000 0.5636 0.0710 
12.1460 9.0000 251.8780 0.3618 0.1948 -0.5034 3.2843 7.0000 0.4415 0.0961 
11.7080 7.0000 237.7020 0.3586 0.1863 -0.4889 3.2835 7.0000 0.2780 0.1139 
12.5600 10.0000 264.6980 0.3478 0.1870 -0.5230 3.2207 7.0000 0.2491 0.0784 
12.5300 11.0000 271.5540 0.3409 0.1906 -0.4402 3.2102 6.0000 0.4390 0.0666 
11.6060 10.0000 230.0360 0.3395 0.1916 -0.4383 3.2978 6.0000 0.6513 0.0913 
12.4480 9.0000 255.1360 0.3323 0.1830 -0.4895 3.2068 6.0000 0.6987 0.0755 
12.4280 11.0000 250.4720 0.3391 0.1929 -0.4968 3.2433 6.0000 0.6523 0.0694 
12.1520 10.0000 250.4700 0.3585 0.1917 -0.5106 3.2421 6.0000 0.2123 0.0516 
11.6620 9.0000 244.6620 0.3653 0.1812 -0.4908 3.2556 7.0000 0.1739 0.0755 
12.3620 10.0000 265.6840 0.3570 0.1838 -0.5155 3.2125 6.0000 0.8552 0.0721 
12.0100 9.0000 242.2280 0.3423 0.1850 -0.4968 3.2549 6.0000 0.4402 0.0858 
11.9300 10.0000 236.0520 0.3461 0.1953 -0.4764 3.3008 7.0000 0.1759 0.0800 
12.1220 8.0000 244.1280 0.3481 0.1830 -0.5234 3.2449 6.0000 0.4391 0.0979 
11.7500 10.0000 240.0820 0.3549 0.1907 -0.4822 3.2938 6.0000 0.5187 0.0748 
11.7260 10.0000 233.6380 0.3478 0.1918 -0.4537 3.3121 6.0000 0.5280 0.0802 
12.4240 10.0000 252.6820 0.3330 0.1858 -0.5029 3.2247 6.0000 0.4830 0.0712 
11.8500 9.0000 247.7060 0.3698 0.1895 -0.4914 3.2583 6.0000 0.1342 0.0867 
12.2140 10.0000 259.5700 0.3561 0.1868 -0.5058 3.2484 7.0000 0.2635 0.1141 
12.6800 10.0000 266.5320 0.3640 0.2041 -0.5209 3.2430 6.0000 0.5215 0.0572 
12.5580 10.0000 273.6880 0.3573 0.1804 -0.5252 3.1739 6.0000 0.5723 0.0533 
12.5840 9.0000 264.7180 0.3339 0.1849 -0.4769 3.1817 6.0000 0.3041 0.0791 
12.2620 6.0000 256.0820 0.3334 0.1786 -0.4976 3.2241 6.0000 0.1307 0.1031 
11.8860 10.0000 233.6720 0.3436 0.1906 -0.4798 3.2783 7.0000 0.2638 0.0710 
12.6260 10.0000 274.2240 0.3241 0.1812 -0.4409 3.1748 6.0000 0.5273 0.0607 
12.6600 11.0000 273.8540 0.3535 0.1927 -0.4924 3.2340 6.0000 0.4390 0.0485 
12.5720 8.0000 256.4140 0.3391 0.1915 -0.5107 3.2238 6.0000 0.3532 0.0760 
11.8840 10.0000 244.0360 0.3562 0.1898 -0.4758 3.2684 6.0000 0.4309 0.0829 
11.8880 10.0000 236.3400 0.3617 0.1927 -0.5245 3.2972 6.0000 0.3496 0.0796 
11.9840 10.0000 254.4780 0.3825 0.1982 -0.4958 3.2975 7.0000 0.5756 0.0604 
12.2760 9.0000 258.0740 0.3545 0.1898 -0.4900 3.2417 6.0000 0.5261 0.0928 
12.4000 4.0000 253.3520 0.3337 0.1863 -0.4826 3.2177 6.0000 0.1349 0.0891 
11.8940 4.0000 235.9060 0.3509 0.1879 -0.5122 3.2805 6.0000 0.2217 0.0712 
11.8600 9.0000 240.0680 0.3344 0.1786 -0.4797 3.2450 6.0000 0.4428 0.0964 
11.9540 10.0000 247.3460 0.3597 0.1870 -0.4890 3.2486 6.0000 0.4369 0.1141 
11.6640 10.0000 229.7760 0.3579 0.1909 -0.5026 3.3113 6.0000 0.4245 0.0929 
11.8280 10.0000 237.0420 0.3358 0.1829 -0.4635 3.2581 6.0000 0.3174 0.0838 
11.9780 10.0000 246.2100 0.3630 0.1947 -0.4791 3.3195 6.0000 0.1092 0.0813 
11.3040 10.0000 221.6000 0.3648 0.1868 -0.5076 3.2854 6.0000 0.1801 0.0708 
12.4920 10.0000 276.1920 0.3486 0.1893 -0.4619 3.2424 7.0000 0.2147 0.0648 
12.1300 10.0000 250.2740 0.3418 0.1825 -0.4869 3.2353 6.0000 0.9086 0.0808 
11.3160 9.0000 224.9240 0.3571 0.1971 -0.4234 3.3611 7.0000 0.8344 0.0893 
12.6420 10.0000 276.1240 0.3462 0.1829 -0.5089 3.1889 6.0000 0.7495 0.0799 
12.3940 10.0000 266.7780 0.3445 0.1825 -0.4816 3.1833 6.0000 0.8676 0.0923 
11.7880 10.0000 239.3200 0.3563 0.1878 -0.4821 3.2700 7.0000 0.1708 0.0812 
12.3200 10.0000 257.3100 0.3534 0.1926 -0.4998 3.2390 6.0000 0.2234 0.0656 
12.2040 10.0000 245.8260 0.3504 0.1958 -0.5114 3.2526 6.0000 0.2226 0.1057 
12.5380 11.0000 260.9780 0.3600 0.1898 -0.5531 3.2203 6.0000 0.4655 0.0769 
11.7180 10.0000 234.4640 0.3440 0.1779 -0.4851 3.2547 6.0000 0.3902 0.0509 
12.3860 8.0000 257.0260 0.3358 0.1933 -0.4507 3.2472 6.0000 0.2146 0.0737 
12.4020 10.0000 258.2160 0.3429 0.1931 -0.4861 3.2405 6.0000 0.3043 0.1054 
12.1760 10.0000 249.2600 0.3531 0.1914 -0.4938 3.2650 6.0000 0.4855 0.0405 
11.4160 10.0000 216.9940 0.3337 0.1887 -0.4629 3.3145 6.0000 0.5608 0.0694 
12.1380 10.0000 248.6200 0.3553 0.1861 -0.5293 3.2384 6.0000 0.6031 0.0557 
11.8520 9.0000 243.6460 0.3670 0.1902 -0.5088 3.2851 6.0000 0.3958 0.0937 
12.2380 5.0000 252.3140 0.3405 0.1846 -0.4990 3.2309 6.0000 0.5720 0.0721 
12.1880 7.0000 255.5320 0.3420 0.1830 -0.4730 3.2117 6.0000 0.6603 0.0775 
12.1640 10.0000 256.9900 0.3500 0.1926 -0.4529 3.2707 6.0000 0.4828 0.0763 
12.6400 11.0000 268.6160 0.3558 0.1917 -0.5063 3.2131 6.0000 0.1802 0.0712 
12.2280 10.0000 260.1520 0.3349 0.1771 -0.4974 3.1888 6.0000 0.2128 0.0699 
12.3560 9.0000 258.1320 0.3474 0.1881 -0.5073 3.2498 6.0000 0.3503 0.1068 
11.6800 9.0000 235.8240 0.3607 0.1892 -0.5005 3.2797 6.0000 0.6141 0.0564 
11.4420 9.0000 228.0300 0.3563 0.1925 -0.4589 3.3163 6.0000 0.6136 0.1030 
11.9340 10.0000 234.9120 0.3267 0.1860 -0.4604 3.2719 6.0000 0.4421 0.0729 
12.2280 10.0000 261.6240 0.3599 0.1868 -0.5030 3.2416 6.0000 0.1316 0.0769 
12.3640 5.0000 258.9440 0.3405 0.1863 -0.4764 3.2200 6.0000 0.2200 0.0617 
12.2480 4.0000 257.0480 0.3599 0.1938 -0.5047 3.2619 7.0000 0.4832 0.0662 
11.6940 10.0000 230.6520 0.3570 0.1980 -0.4729 3.3278 6.0000 0.5654 0.0654 
11.6140 10.0000 229.5760 0.3504 0.1954 -0.4755 3.3147 7.0000 0.5273 0.1061 
12.0040 10.0000 241.8100 0.3319 0.1831 -0.4714 3.2343 6.0000 0.3088 0.1139 
12.5160 10.0000 269.7540 0.3484 0.1888 -0.4847 3.2311 7.0000 0.4372 0.1264 
12.2260 10.0000 247.0500 0.3318 0.1874 -0.4822 3.2638 6.0000 0.4845 0.1069 
12.3700 10.0000 261.5460 0.3421 0.1793 -0.4885 3.2130 6.0000 0.4834 0.0639 
11.9040 10.0000 233.9720 0.3381 0.1871 -0.4812 3.2716 6.0000 0.5706 0.0749 
12.2480 10.0000 251.1360 0.3386 0.1924 -0.4670 3.2450 6.0000 0.3517 0.0859 
11.8940 10.0000 245.6240 0.3577 0.1867 -0.5002 3.2681 7.0000 0.4407 0.0746 
11.6100 6.0000 231.1040 0.3455 0.1766 -0.4985 3.2593 6.0000 0.4407 0.0712 
11.9080 10.0000 242.4100 0.3433 0.1893 -0.4567 3.2629 6.0000 0.4849 0.0578 
12.0240 10.0000 257.2400 0.3615 0.1850 -0.4980 3.2234 6.0000 0.4831 0.1141 
12.3240 10.0000 262.2440 0.3684 0.1860 -0.5259 3.2364 6.0000 0.3907 0.0734 
11.5340 6.0000 230.4180 0.3525 0.1917 -0.4749 3.3189 7.0000 0.1212 0.0838 
12.2600 10.0000 253.5520 0.3277 0.1843 -0.4510 3.2246 6.0000 0.1443 0.1142 
12.1160 10.0000 254.8900 0.3601 0.1872 -0.5070 3.2470 6.0000 0.1452 0.0647 
12.2440 10.0000 246.0300 0.3372 0.1842 -0.5003 3.2421 7.0000 0.3230 0.0872 
11.7340 10.0000 240.8740 0.3392 0.1860 -0.4458 3.2769 6.0000 0.1410 0.1135 
12.5000 10.0000 266.2860 0.3539 0.1906 -0.5007 3.2204 7.0000 0.9058 0.0808 
12.1260 3.0000 253.5340 0.3652 0.1901 -0.5152 3.2425 6.0000 0.8308 0.0893 
12.5840 7.0000 266.7740 0.3586 0.1955 -0.5150 3.2121 6.0000 0.7149 0.0799 
12.5880 11.0000 266.1880 0.3512 0.1885 -0.5105 3.2246 7.0000 0.9162 0.0923 
12.0800 10.0000 246.1460 0.3369 0.1868 -0.4620 3.2587 6.0000 0.1746 0.0812 
12.8840 11.0000 269.1180 0.3229 0.1836 -0.5065 3.1865 6.0000 0.2197 0.0685 
11.7700 10.0000 230.5540 0.3276 0.1869 -0.4607 3.2920 6.0000 0.2161 0.0952 
13.0140 11.0000 284.1580 0.3381 0.1886 -0.4796 3.1711 6.0000 0.4819 0.0769 
12.4920 10.0000 256.6780 0.3381 0.1856 -0.5110 3.2072 6.0000 0.1255 0.0881 
11.8560 8.0000 231.4180 0.3503 0.1921 -0.5208 3.3022 6.0000 0.2188 0.0666 
11.7980 8.0000 236.3560 0.3553 0.1951 -0.4790 3.2991 6.0000 0.5598 0.0587 
11.6960 6.0000 240.6600 0.3479 0.1808 -0.4730 3.2576 7.0000 0.0900 0.0607 
12.4200 10.0000 262.4600 0.3420 0.1860 -0.4897 3.2021 7.0000 0.3965 0.0405 
11.8360 10.0000 232.0920 0.3269 0.1891 -0.4437 3.2779 6.0000 0.6916 0.0917 
11.9700 2.0000 248.9680 0.3643 0.1863 -0.5187 3.2477 6.0000 0.6215 0.0607 
11.9020 10.0000 246.6200 0.3393 0.1795 -0.4772 3.2459 6.0000 0.4276 0.1067 
11.8600 5.0000 241.1780 0.3441 0.1884 -0.4507 3.2633 6.0000 0.3492 0.0936 
12.4880 10.0000 274.9100 0.3796 0.1913 -0.5433 3.2178 6.0000 0.5708 0.0775 
12.7740 10.0000 280.0160 0.3495 0.1849 -0.4996 3.1804 6.0000 0.5266 0.0979 
11.9680 10.0000 241.0860 0.3589 0.1963 -0.4961 3.3024 7.0000 0.6462 0.0708 
12.1840 10.0000 255.6600 0.3520 0.1906 -0.4661 3.2238 6.0000 0.3920 0.0723 
12.2680 9.0000 258.5000 0.3674 0.1909 -0.5246 3.2612 6.0000 0.1744 0.0802 
12.5320 8.0000 270.2620 0.3575 0.1924 -0.4972 3.2033 6.0000 0.5263 0.0712 
12.3520 10.0000 256.2400 0.3476 0.1885 -0.4973 3.2187 6.0000 0.0915 0.0628 
12.6040 10.0000 270.3680 0.3553 0.1888 -0.5137 3.2117 6.0000 0.4403 0.1030 
12.6620 9.0000 273.1740 0.3470 0.1872 -0.5094 3.2015 6.0000 0.3475 0.0980 
12.3960 10.0000 257.2180 0.3295 0.1890 -0.4675 3.2572 7.0000 0.1369 0.0572 
11.8940 9.0000 237.7260 0.3551 0.1896 -0.5121 3.2828 6.0000 0.4448 0.0973 
12.5480 10.0000 266.2140 0.3600 0.2022 -0.4947 3.2527 6.0000 0.1713 0.0933 
12.6280 11.0000 264.5560 0.3453 0.1959 -0.4988 3.2256 6.0000 0.3450 0.0673 
12.5880 10.0000 277.4100 0.3337 0.1803 -0.4529 3.1718 6.0000 0.4812 0.0934 
11.6560 7.0000 230.5060 0.3413 0.1884 -0.4516 3.2823 7.0000 0.6154 0.1061 
12.9780 10.0000 291.2880 0.3417 0.1879 -0.4762 3.1820 7.0000 0.3878 0.0600 
12.2380 10.0000 241.7400 0.3310 0.1870 -0.4926 3.2482 6.0000 0.2625 0.1264 
12.4600 10.0000 267.5380 0.3529 0.1983 -0.4648 3.2448 6.0000 0.4422 0.0712 
11.9780 10.0000 246.7700 0.3533 0.1829 -0.5078 3.2560 6.0000 0.1324 0.0474 
12.4320 11.0000 262.3740 0.3570 0.1913 -0.5283 3.2637 7.0000 0.2116 0.0914 
12.9560 11.0000 278.7600 0.3482 0.1887 -0.5182 3.1735 6.0000 0.5666 0.0604 
12.3160 10.0000 257.5940 0.3375 0.1860 -0.4657 3.2402 7.0000 0.3497 0.0859 
11.9840 8.0000 241.8960 0.3381 0.1861 -0.4577 3.2763 7.0000 0.3523 0.0628 
12.0140 8.0000 245.3360 0.3515 0.1926 -0.4782 3.2926 7.0000 0.4374 0.0412 
11.4860 10.0000 222.9400 0.3424 0.1904 -0.4632 3.3345 7.0000 0.2628 0.0760 
12.1440 10.0000 248.4120 0.3307 0.1780 -0.5004 3.2230 6.0000 0.3566 0.0864 
11.7700 10.0000 236.0020 0.3402 0.1902 -0.4568 3.2934 6.0000 0.4377 0.0713 
13.0640 7.0000 287.8020 0.3465 0.1913 -0.5100 3.1768 6.0000 0.3597 0.1174 
