12.2850 10.0000 253.9894 0.0000 0.1748 -0.4917 0.0000 0.0000 116.0048 0.0698 
12.3081 8.0000 256.5260 0.0000 0.1737 -0.4985 0.0000 0.0000 115.9328 0.0698 
12.3334 10.0000 256.2503 0.0000 0.1740 -0.5041 0.0000 0.0000 96.2820 0.0657 
12.2830 8.0000 253.5647 0.0000 0.1753 -0.4968 0.0000 0.0000 118.0723 0.0657 
12.2726 10.0000 253.9466 0.0000 0.1769 -0.5004 0.0000 0.0000 123.9160 0.0741 
12.3067 2.0000 257.0663 0.0000 0.1743 -0.4983 0.0000 0.0000 113.3219 0.0712 
12.3832 10.0000 258.1882 0.0000 0.1743 -0.5008 0.0000 0.0000 116.6721 0.0657 
12.2588 10.0000 253.3616 0.0000 0.1740 -0.4935 0.0000 0.0000 123.5214 0.0741 
12.2971 10.0000 255.8563 0.0000 0.1749 -0.4919 0.0000 0.0000 114.5158 0.0657 
12.3169 9.0000 257.2102 0.0000 0.1749 -0.5000 0.0000 0.0000 123.0408 0.0657 
12.3426 10.0000 257.1530 0.0000 0.1735 -0.5007 0.0000 0.0000 122.8188 0.0657 
12.3685 10.0000 259.4446 0.0000 0.1775 -0.4979 0.0000 0.0000 32.9787 0.0733 
12.2122 10.0000 253.3163 0.0000 0.1760 -0.4964 0.0000 0.0000 21.5080 0.0641 
12.2105 10.0000 253.1070 0.0000 0.1767 -0.4903 0.0000 0.0000 27.8757 0.0744 
12.3072 10.0000 255.5807 0.0000 0.1772 -0.5031 0.0000 0.0000 26.3727 0.0729 
12.3989 10.0000 260.4031 0.0000 0.1745 -0.5001 0.0000 0.0000 65.0870 0.0643 
12.4774 10.0000 261.5630 0.0000 0.1770 -0.5038 0.0000 0.0000 92.1765 0.0643 
12.3822 7.0000 258.3919 0.0000 0.1763 -0.4937 0.0000 0.0000 67.1075 0.0656 
12.3674 10.0000 256.1491 0.0000 0.1744 -0.4810 0.0000 0.0000 66.7525 0.0636 
12.3628 10.0000 253.3094 0.0000 0.1737 -0.4985 0.0000 0.0000 68.0668 0.0636 
12.3534 10.0000 257.3822 0.0000 0.1741 -0.4990 0.0000 0.0000 66.5706 0.0639 
12.3072 10.0000 254.3225 0.0000 0.1728 -0.5003 0.0000 0.0000 66.9677 0.0636 
12.3039 10.0000 256.9425 0.0000 0.1765 -0.5025 0.0000 0.0000 14.8069 0.0667 
12.2485 10.0000 254.1602 0.0000 0.1791 -0.5003 0.0000 0.0000 27.3574 0.0613 
12.2094 10.0000 252.3791 0.0000 0.1792 -0.4867 0.0000 0.0000 27.3132 0.0709 
12.4949 10.0000 264.3458 0.0000 0.1779 -0.5025 0.0000 0.0000 28.0980 0.0643 
12.3308 10.0000 257.0585 0.0000 0.1740 -0.4926 0.0000 0.0000 19.8674 0.0652 
12.3837 10.0000 258.4924 0.0000 0.1750 -0.4871 0.0000 0.0000 36.3244 0.0726 
12.4678 10.0000 261.8582 0.0000 0.1774 -0.4959 0.0000 0.0000 41.0779 0.0643 
12.4062 10.0000 259.6571 0.0000 0.1757 -0.4964 0.0000 0.0000 33.7736 0.0550 
12.3891 10.0000 259.0371 0.0000 0.1752 -0.5022 0.0000 0.0000 33.3774 0.0550 
12.5772 5.0000 263.8802 0.0000 0.1762 -0.5132 0.0000 0.0000 39.0110 0.0550 
12.2585 10.0000 253.8502 0.0000 0.1743 -0.4975 0.0000 0.0000 36.5898 0.0652 
12.4176 10.0000 260.1492 0.0000 0.1755 -0.4964 0.0000 0.0000 28.0329 0.0654 
12.3586 10.0000 258.9795 0.0000 0.1763 -0.4989 0.0000 0.0000 28.9634 0.0668 
12.3942 8.0000 259.6064 0.0000 0.1778 -0.4978 0.0000 0.0000 27.7596 0.0697 
12.3618 10.0000 257.3374 0.0000 0.1769 -0.5045 0.0000 0.0000 28.2498 0.0648 
12.3110 10.0000 258.0453 0.0000 0.1774 -0.4968 0.0000 0.0000 46.0772 0.0648 
12.2518 10.0000 255.0194 0.0000 0.1761 -0.4968 0.0000 0.0000 45.6422 0.0648 
12.4609 10.0000 260.8621 0.0000 0.1769 -0.4922 0.0000 0.0000 28.4803 0.0661 
12.3925 10.0000 258.7038 0.0000 0.1762 -0.4997 0.0000 0.0000 35.6599 0.0533 
12.4108 10.0000 258.4450 0.0000 0.1766 -0.4984 0.0000 0.0000 38.3418 0.0533 
12.3468 10.0000 256.2420 0.0000 0.1756 -0.4982 0.0000 0.0000 31.4632 0.0533 
12.3058 7.0000 255.8042 0.0000 0.1775 -0.4870 0.0000 0.0000 27.3437 0.0648 
12.4868 10.0000 262.1265 0.0000 0.1753 -0.5005 0.0000 0.0000 29.2677 0.0711 
12.3550 10.0000 258.5671 0.0000 0.1777 -0.4970 0.0000 0.0000 29.6389 0.0691 
12.3890 10.0000 260.0074 0.0000 0.1746 -0.5005 0.0000 0.0000 28.2997 0.0701 
12.3510 10.0000 255.6630 0.0000 0.1787 -0.4937 0.0000 0.0000 27.3424 0.0668 
12.4390 10.0000 262.4387 0.0000 0.1772 -0.5062 0.0000 0.0000 46.5427 0.0684 
12.3112 10.0000 255.5159 0.0000 0.1771 -0.5005 0.0000 0.0000 64.0255 0.0665 
12.4802 5.0000 260.6722 0.0000 0.1750 -0.4995 0.0000 0.0000 61.1378 0.0713 
12.4346 10.0000 258.6134 0.0000 0.1715 -0.4968 0.0000 0.0000 53.6621 0.0713 
12.3318 10.0000 256.0243 0.0000 0.1774 -0.4999 0.0000 0.0000 43.6611 0.0729 
12.4818 10.0000 262.0406 0.0000 0.1767 -0.5014 0.0000 0.0000 43.5763 0.0729 
12.3970 9.0000 259.9133 0.0000 0.1775 -0.5044 0.0000 0.0000 40.6385 0.0636 
12.3008 9.0000 256.4145 0.0000 0.1762 -0.4931 0.0000 0.0000 29.2694 0.0696 
12.3378 10.0000 256.4862 0.0000 0.1783 -0.5029 0.0000 0.0000 31.4309 0.0671 
12.2668 10.0000 254.8636 0.0000 0.1751 -0.4872 0.0000 0.0000 14.5044 0.0655 
12.4203 10.0000 261.1350 0.0000 0.1760 -0.5084 0.0000 0.0000 28.5819 0.0609 
12.3359 10.0000 256.7819 0.0000 0.1777 -0.5090 0.0000 0.0000 24.0427 0.0609 
12.2677 7.0000 255.6142 0.0000 0.1771 -0.4944 0.0000 0.0000 32.0830 0.0686 
12.3833 10.0000 258.6929 0.0000 0.1778 -0.4864 0.0000 0.0000 18.8060 0.0619 
12.4573 10.0000 260.2390 0.0000 0.1774 -0.4935 0.0000 0.0000 51.9379 0.0653 
12.1817 10.0000 252.8590 0.0000 0.1787 -0.5028 0.0000 0.0000 53.2129 0.0663 
12.2949 8.0000 256.0650 0.0000 0.1789 -0.5112 0.0000 0.0000 37.4087 0.0794 
12.3326 8.0000 255.4731 0.0000 0.1789 -0.5088 0.0000 0.0000 35.7356 0.0696 
12.2794 10.0000 253.4420 0.0000 0.1771 -0.4934 0.0000 0.0000 31.5359 0.0591 
12.3412 9.0000 256.9182 0.0000 0.1767 -0.4917 0.0000 0.0000 26.6722 0.0591 
12.4942 8.0000 263.3390 0.0000 0.1767 -0.5094 0.0000 0.0000 30.2423 0.0654 
12.3750 10.0000 258.5287 0.0000 0.1754 -0.4985 0.0000 0.0000 44.7733 0.0708 
12.4790 9.0000 262.9014 0.0000 0.1762 -0.5065 0.0000 0.0000 44.4185 0.0622 
12.2927 10.0000 254.9243 0.0000 0.1751 -0.4947 0.0000 0.0000 30.7014 0.0685 
12.3008 10.0000 256.1442 0.0000 0.1783 -0.4968 0.0000 0.0000 33.6022 0.0622 
12.4383 10.0000 260.6897 0.0000 0.1753 -0.4910 0.0000 0.0000 29.9968 0.0685 
12.4158 10.0000 260.3897 0.0000 0.1773 -0.4927 0.0000 0.0000 30.5679 0.0622 
12.2688 10.0000 254.9057 0.0000 0.1800 -0.4903 0.0000 0.0000 32.0179 0.0725 
12.4210 7.0000 260.6975 0.0000 0.1754 -0.4958 0.0000 0.0000 28.5012 0.0725 
12.3498 10.0000 257.5996 0.0000 0.1772 -0.5013 0.0000 0.0000 42.6899 0.0719 
12.3267 10.0000 254.8847 0.0000 0.1768 -0.4902 0.0000 0.0000 43.1835 0.0688 
12.2594 10.0000 252.9686 0.0000 0.1780 -0.4867 0.0000 0.0000 32.7499 0.0659 
12.4261 10.0000 259.6469 0.0000 0.1746 -0.4951 0.0000 0.0000 29.9736 0.0724 
12.4859 10.0000 262.4738 0.0000 0.1781 -0.4970 0.0000 0.0000 39.2713 0.0724 
12.3046 10.0000 255.9179 0.0000 0.1757 -0.4809 0.0000 0.0000 55.8960 0.0616 
12.4393 5.0000 259.8859 0.0000 0.1731 -0.4964 0.0000 0.0000 44.7652 0.0682 
12.3280 10.0000 257.9174 0.0000 0.1804 -0.5053 0.0000 0.0000 26.9705 0.0616 
12.2692 10.0000 254.5940 0.0000 0.1764 -0.4908 0.0000 0.0000 33.7349 0.0679 
12.3594 10.0000 257.9658 0.0000 0.1755 -0.4963 0.0000 0.0000 46.0598 0.0665 
12.2865 10.0000 254.1405 0.0000 0.1766 -0.4961 0.0000 0.0000 44.7727 0.0665 
12.2942 10.0000 256.9794 0.0000 0.1759 -0.5015 0.0000 0.0000 16.6166 0.0672 
12.3299 10.0000 257.3611 0.0000 0.1790 -0.4833 0.0000 0.0000 32.4388 0.0664 
12.2383 10.0000 254.4255 0.0000 0.1773 -0.4930 0.0000 0.0000 18.3754 0.0664 
12.4134 10.0000 258.8613 0.0000 0.1742 -0.4972 0.0000 0.0000 31.1632 0.0664 
12.2264 8.0000 253.3174 0.0000 0.1759 -0.4913 0.0000 0.0000 44.9921 0.0664 
12.4818 10.0000 262.9943 0.0000 0.1777 -0.4876 0.0000 0.0000 50.1351 0.0664 
12.3422 8.0000 257.7357 0.0000 0.1749 -0.4976 0.0000 0.0000 58.7973 0.0664 
12.2902 10.0000 254.7060 0.0000 0.1749 -0.4891 0.0000 0.0000 47.5029 0.0664 
12.4262 10.0000 260.5346 0.0000 0.1747 -0.4978 0.0000 0.0000 32.2970 0.0664 
12.3636 10.0000 257.9825 0.0000 0.1751 -0.4896 0.0000 0.0000 46.0915 0.0664 
12.3335 10.0000 256.0828 0.0000 0.1764 -0.5032 0.0000 0.0000 42.6777 0.0664 
12.3781 10.0000 257.9494 0.0000 0.1783 -0.4973 0.0000 0.0000 32.1705 0.0664 
