12.0229 10.0000 243.0957 0.3826 0.2123 -0.4768 0.0000 0.0000 11.2474 0.0742 
12.4013 10.0000 260.1120 0.3933 0.2157 -0.5010 0.0000 0.0000 11.2025 0.0757 
12.4347 10.0000 262.6363 0.3754 0.2009 -0.5025 0.0000 0.0000 9.8597 0.0592 
12.2925 10.0000 256.3115 0.3807 0.2066 -0.4896 0.0000 0.0000 10.2379 0.0592 
12.3677 10.0000 257.8293 0.3883 0.2079 -0.5184 0.0000 0.0000 10.9860 0.0592 
12.3045 10.0000 255.0195 0.3794 0.2064 -0.4978 0.0000 0.0000 10.9417 0.0690 
12.3587 9.0000 260.5024 0.3923 0.2051 -0.5327 0.0000 0.0000 11.0313 0.0724 
12.1715 10.0000 253.7885 0.3923 0.2111 -0.4962 0.0000 0.0000 10.5045 0.0724 
12.2381 4.0000 255.2435 0.3822 0.2014 -0.5091 0.0000 0.0000 10.8602 0.0589 
12.5221 10.0000 263.9293 0.3757 0.2013 -0.5125 0.0000 0.0000 10.0675 0.0755 
12.4685 7.0000 261.7979 0.3725 0.2035 -0.4854 0.0000 0.0000 9.9846 0.0639 
12.4013 2.0000 263.7229 0.3873 0.2070 -0.5008 0.0000 0.0000 2.4608 0.0740 
12.3827 10.0000 260.6909 0.3953 0.2157 -0.5011 0.0000 0.0000 1.9375 0.0740 
12.2531 10.0000 257.2917 0.3810 0.2018 -0.4938 0.0000 0.0000 1.2325 0.0634 
12.3960 10.0000 259.0232 0.3845 0.2099 -0.5021 0.0000 0.0000 1.5820 0.0645 
12.3501 10.0000 253.1259 0.3755 0.2064 -0.5022 0.0000 0.0000 1.5833 0.0668 
12.4525 6.0000 262.6901 0.3742 0.2036 -0.4892 0.0000 0.0000 1.6238 0.0677 
12.5115 10.0000 266.2019 0.3916 0.2154 -0.4921 0.0000 0.0000 2.1950 0.0677 
12.2099 10.0000 252.0467 0.3708 0.2001 -0.4927 0.0000 0.0000 3.0790 0.0677 
12.4264 10.0000 258.8203 0.3701 0.1994 -0.5063 0.0000 0.0000 2.9450 0.0774 
12.5315 10.0000 262.9656 0.3805 0.2049 -0.5130 0.0000 0.0000 2.3337 0.0652 
12.3240 10.0000 255.9341 0.3757 0.2094 -0.4802 0.0000 0.0000 1.5833 0.0731 
12.5307 8.0000 264.7987 0.3873 0.2094 -0.5147 0.0000 0.0000 1.2751 0.0747 
12.4083 10.0000 258.5680 0.3749 0.2068 -0.4912 0.0000 0.0000 1.8937 0.0686 
12.2677 10.0000 255.5968 0.3798 0.2043 -0.4962 0.0000 0.0000 1.9775 0.0643 
12.0835 10.0000 246.8197 0.3883 0.2121 -0.4935 0.0000 0.0000 1.6267 0.0807 
12.3856 10.0000 260.5437 0.3819 0.2064 -0.5018 0.0000 0.0000 1.1881 0.0752 
12.2624 10.0000 254.0781 0.3820 0.2109 -0.4856 0.0000 0.0000 1.5865 0.0655 
12.4629 9.0000 261.1160 0.3702 0.2053 -0.4802 0.0000 0.0000 2.8149 0.0708 
12.4829 10.0000 264.1429 0.3806 0.2052 -0.5046 0.0000 0.0000 2.8590 0.0650 
12.3531 10.0000 259.4837 0.3919 0.2064 -0.5187 0.0000 0.0000 2.7238 0.0774 
12.3552 10.0000 261.9736 0.3747 0.1991 -0.4922 0.0000 0.0000 1.5816 0.0708 
12.1709 10.0000 253.4536 0.3907 0.2073 -0.5045 0.0000 0.0000 1.6692 0.0650 
12.5200 10.0000 267.1197 0.3828 0.2072 -0.4940 0.0000 0.0000 1.5818 0.0708 
12.4149 7.0000 260.1208 0.3774 0.2030 -0.5060 0.0000 0.0000 1.6688 0.0708 
12.2757 10.0000 256.6328 0.3981 0.2145 -0.5114 0.0000 0.0000 1.6697 0.0622 
12.3269 10.0000 259.8613 0.3917 0.2127 -0.4929 0.0000 0.0000 1.2297 0.0625 
12.4723 10.0000 259.2405 0.3732 0.2065 -0.4907 0.0000 0.0000 1.5860 0.0740 
12.3189 10.0000 257.7472 0.3907 0.2145 -0.4921 0.0000 0.0000 1.7156 0.0683 
12.3051 10.0000 256.8120 0.3856 0.2086 -0.5018 0.0000 0.0000 1.6704 0.0886 
12.4379 6.0000 260.4205 0.3829 0.2102 -0.4993 0.0000 0.0000 1.5900 0.0708 
12.1613 10.0000 250.7845 0.3800 0.2086 -0.4793 0.0000 0.0000 7.2173 0.0652 
12.5384 10.0000 263.1571 0.3752 0.2008 -0.5188 0.0000 0.0000 7.5055 0.0682 
12.5483 10.0000 266.7733 0.3784 0.2071 -0.4914 0.0000 0.0000 6.1477 0.0623 
12.4816 10.0000 264.7243 0.3864 0.2113 -0.4931 0.0000 0.0000 6.2824 0.0698 
12.2149 10.0000 248.0053 0.3735 0.2060 -0.4911 0.0000 0.0000 5.1420 0.0623 
12.2691 5.0000 253.0995 0.3781 0.2077 -0.4908 0.0000 0.0000 1.5838 0.0886 
12.2992 7.0000 256.6365 0.3868 0.2129 -0.4901 0.0000 0.0000 1.6715 0.0629 
12.2797 10.0000 256.5192 0.3860 0.2043 -0.5061 0.0000 0.0000 1.6697 0.0763 
12.2267 10.0000 254.8139 0.3940 0.2104 -0.5056 0.0000 0.0000 1.8018 0.0700 
12.2581 8.0000 255.2443 0.3807 0.2051 -0.4953 0.0000 0.0000 2.4224 0.0665 
12.1557 9.0000 248.6987 0.3787 0.2053 -0.4957 0.0000 0.0000 3.0326 0.0589 
12.4299 10.0000 262.7211 0.3866 0.2076 -0.5066 0.0000 0.0000 1.7149 0.0672 
12.5296 11.0000 259.5277 0.3752 0.2036 -0.5211 0.0000 0.0000 1.6692 0.0691 
12.1637 10.0000 251.1947 0.3806 0.2067 -0.4895 0.0000 0.0000 1.6705 0.0801 
12.4371 7.0000 262.3064 0.3804 0.2067 -0.4972 0.0000 0.0000 1.6250 0.0813 
12.2584 10.0000 256.1931 0.3821 0.2109 -0.4783 0.0000 0.0000 2.5952 0.0636 
12.3312 6.0000 258.0456 0.3821 0.2085 -0.4894 0.0000 0.0000 2.5042 0.0559 
12.4216 10.0000 259.5880 0.3710 0.2041 -0.4808 0.0000 0.0000 1.1904 0.0726 
12.4813 10.0000 263.0741 0.3878 0.2112 -0.5072 0.0000 0.0000 1.6281 0.0717 
12.3237 10.0000 257.1880 0.3815 0.2086 -0.4896 0.0000 0.0000 1.7020 0.0616 
12.3605 10.0000 259.6803 0.3960 0.2151 -0.5108 0.0000 0.0000 1.7158 0.0654 
12.4792 10.0000 262.9355 0.3786 0.2060 -0.4994 0.0000 0.0000 1.6265 0.0771 
12.2739 8.0000 255.0739 0.3907 0.2133 -0.5027 0.0000 0.0000 1.8004 0.0688 
12.2248 10.0000 253.4117 0.3912 0.2083 -0.5169 0.0000 0.0000 1.6305 0.0731 
12.2536 4.0000 254.2133 0.3861 0.2159 -0.4731 0.0000 0.0000 1.8026 0.0770 
12.5771 7.0000 261.7413 0.3771 0.2057 -0.5158 0.0000 0.0000 1.5846 0.0731 
12.2845 10.0000 254.3267 0.3785 0.2097 -0.4826 0.0000 0.0000 1.7140 0.0731 
12.2635 10.0000 254.9803 0.3830 0.2071 -0.5020 0.0000 0.0000 1.7131 0.0602 
12.4971 10.0000 265.6053 0.3811 0.2100 -0.4875 0.0000 0.0000 1.6706 0.0731 
12.3749 10.0000 257.7733 0.3930 0.2122 -0.5195 0.0000 0.0000 1.2720 0.0813 
12.2957 10.0000 258.8392 0.3769 0.2000 -0.5030 0.0000 0.0000 1.6684 0.0593 
12.3688 10.0000 260.6264 0.3889 0.2122 -0.4898 0.0000 0.0000 1.6651 0.0700 
12.2056 6.0000 253.5816 0.3857 0.2094 -0.4845 0.0000 0.0000 1.7614 0.0741 
12.2979 10.0000 257.5875 0.3756 0.1997 -0.4962 0.0000 0.0000 1.2310 0.0704 
12.3243 10.0000 257.2755 0.3858 0.2097 -0.4953 0.0000 0.0000 1.7145 0.0667 
12.3109 10.0000 256.8536 0.4015 0.2194 -0.5067 0.0000 0.0000 1.7146 0.0831 
12.5400 10.0000 262.6499 0.3693 0.2043 -0.4927 0.0000 0.0000 4.4396 0.0831 
12.4896 10.0000 260.4840 0.3771 0.2101 -0.4927 0.0000 0.0000 6.1144 0.0655 
12.4635 10.0000 261.8749 0.3734 0.2057 -0.4866 0.0000 0.0000 5.6745 0.0749 
12.4965 8.0000 262.9829 0.3820 0.2112 -0.4898 0.0000 0.0000 4.4829 0.0655 
12.3707 10.0000 258.1661 0.3733 0.2073 -0.4690 0.0000 0.0000 1.6691 0.0718 
12.4187 10.0000 257.4435 0.3774 0.2122 -0.4869 0.0000 0.0000 1.2308 0.0655 
12.2317 10.0000 253.2251 0.3792 0.2078 -0.4861 0.0000 0.0000 2.2305 0.0711 
12.4440 10.0000 263.8075 0.3839 0.2105 -0.4910 0.0000 0.0000 1.2769 0.0654 
12.3747 10.0000 260.9869 0.3863 0.2089 -0.4965 0.0000 0.0000 1.7546 0.0812 
12.3360 10.0000 256.8475 0.3752 0.2025 -0.4965 0.0000 0.0000 1.7574 0.0536 
12.4301 6.0000 265.1395 0.3987 0.2117 -0.5112 0.0000 0.0000 1.8482 0.0647 
12.3992 10.0000 259.8621 0.3786 0.2014 -0.5102 0.0000 0.0000 2.2459 0.0771 
12.4336 10.0000 263.0685 0.3864 0.2093 -0.5041 0.0000 0.0000 2.1595 0.0771 
12.0675 10.0000 245.3517 0.3865 0.2143 -0.4854 0.0000 0.0000 2.1880 0.0771 
12.2709 10.0000 254.9843 0.3896 0.2161 -0.4896 0.0000 0.0000 2.1031 0.0647 
12.3269 10.0000 258.2461 0.3833 0.2051 -0.4995 0.0000 0.0000 1.7576 0.0771 
12.2203 4.0000 253.6699 0.3833 0.2064 -0.4915 0.0000 0.0000 1.7994 0.0771 
12.3195 10.0000 254.8739 0.3977 0.2173 -0.5164 0.0000 0.0000 1.7137 0.0771 
12.4504 9.0000 262.9483 0.3912 0.2138 -0.4991 0.0000 0.0000 1.3201 0.0753 
12.5685 8.0000 264.7469 0.3787 0.2049 -0.5067 0.0000 0.0000 1.7110 0.0771 
12.1584 10.0000 252.9592 0.3739 0.2039 -0.4716 0.0000 0.0000 1.8450 0.0771 
12.3672 10.0000 259.0957 0.3892 0.2060 -0.5276 0.0000 0.0000 1.2311 0.0771 
12.3523 10.0000 258.4077 0.3951 0.2166 -0.4982 0.0000 0.0000 1.2607 0.0771 
