12.3120 10.0000 254.8040 0.4258 0.2421 -0.5304 3.4042 7.0000 0.7116 0.0953 
12.5620 11.0000 265.6300 0.4224 0.2435 -0.5046 3.3219 6.0000 0.7210 0.0770 
12.3100 11.0000 250.7080 0.3873 0.2280 -0.4533 3.3260 6.0000 0.5270 0.0918 
11.9640 10.0000 242.1620 0.4143 0.2391 -0.4729 3.4253 7.0000 0.8421 0.0768 
12.4540 10.0000 271.0280 0.4067 0.2261 -0.4863 3.3139 6.0000 0.4980 0.0777 
12.0860 10.0000 253.7980 0.4274 0.2410 -0.4679 3.3824 7.0000 0.2582 0.0626 
12.1480 10.0000 258.9780 0.4449 0.2566 -0.4605 3.4337 7.0000 0.1266 0.0772 
11.9540 9.0000 241.4660 0.4187 0.2467 -0.4503 3.4645 7.0000 0.5318 0.0805 
11.7940 10.0000 236.4180 0.4181 0.2396 -0.4823 3.4405 9.0000 0.4392 0.0721 
12.0620 10.0000 246.8840 0.3935 0.2313 -0.4428 3.3554 7.0000 0.3421 0.0524 
12.9800 11.0000 283.8460 0.4074 0.2370 -0.4871 3.3006 6.0000 0.4328 0.1087 
12.2520 10.0000 254.8540 0.4154 0.2502 -0.4539 3.3912 6.0000 0.3526 0.0711 
12.0660 10.0000 251.3860 0.4066 0.2297 -0.4784 3.3315 6.0000 0.3152 0.0773 
12.4140 8.0000 269.3820 0.4523 0.2435 -0.5445 3.3643 7.0000 0.2727 0.0818 
11.7900 10.0000 234.6240 0.3863 0.2266 -0.4327 3.3795 7.0000 1.1329 0.0895 
11.6140 7.0000 226.8780 0.3974 0.2398 -0.4325 3.4439 7.0000 0.4890 0.0692 
12.5500 10.0000 269.9580 0.4197 0.2350 -0.5241 3.3490 9.0000 0.1762 0.1021 
11.8740 10.0000 237.0740 0.4163 0.2388 -0.5022 3.4411 6.0000 0.2016 0.0551 
11.9360 9.0000 245.2660 0.4077 0.2385 -0.4580 3.3857 6.0000 0.3995 0.0673 
12.0400 9.0000 251.4440 0.4136 0.2270 -0.4978 3.3539 6.0000 0.4274 0.0750 
12.2500 9.0000 246.4960 0.4085 0.2378 -0.5120 3.3887 6.0000 0.3774 0.0723 
11.9000 10.0000 246.3400 0.3942 0.2380 -0.3947 3.3818 8.0000 0.6049 0.0776 
12.1820 10.0000 259.2380 0.4163 0.2445 -0.4386 3.3741 6.0000 0.3967 0.0718 
11.3120 9.0000 217.1020 0.3981 0.2382 -0.4120 3.4740 7.0000 0.6098 0.0803 
12.0200 10.0000 247.6300 0.4220 0.2520 -0.4443 3.3989 7.0000 0.6118 0.0787 
12.7260 11.0000 271.9700 0.4227 0.2441 -0.5083 3.3326 6.0000 0.3964 0.0438 
11.6200 10.0000 230.5080 0.4139 0.2401 -0.4648 3.4387 6.0000 0.3409 0.0589 
11.8640 10.0000 248.1060 0.4321 0.2394 -0.4905 3.3920 6.0000 0.3307 0.0805 
12.1580 8.0000 244.8700 0.3794 0.2236 -0.4590 3.3335 7.0000 1.0515 0.0648 
11.3360 10.0000 218.9460 0.4179 0.2400 -0.4450 3.4487 7.0000 0.7453 0.0885 
11.7180 8.0000 236.4640 0.4363 0.2425 -0.5052 3.4601 7.0000 0.3966 0.0634 
12.7000 10.0000 276.4680 0.4309 0.2376 -0.5280 3.3273 6.0000 0.2170 0.0906 
12.5560 7.0000 266.8920 0.4185 0.2416 -0.4975 3.3536 6.0000 0.1688 0.0998 
11.7180 10.0000 235.2960 0.4270 0.2422 -0.4792 3.4287 7.0000 0.1197 0.0862 
12.2980 8.0000 262.2580 0.4451 0.2467 -0.5314 3.3969 6.0000 0.1642 0.1209 
12.0840 10.0000 242.0500 0.3962 0.2381 -0.4492 3.4001 6.0000 0.3076 0.0836 
12.2340 10.0000 258.1040 0.4046 0.2270 -0.4912 3.3298 6.0000 0.1607 0.0604 
11.7440 10.0000 240.5920 0.4329 0.2433 -0.4692 3.4272 7.0000 0.3749 0.0733 
12.9060 11.0000 275.2900 0.4115 0.2397 -0.5076 3.3049 6.0000 0.2138 0.0712 
12.5440 8.0000 270.5320 0.3890 0.2345 -0.4283 3.3321 6.0000 0.2714 0.0811 
12.4120 10.0000 266.2200 0.3954 0.2485 -0.3812 3.3702 7.0000 0.4012 0.0845 
12.1940 10.0000 252.2740 0.4044 0.2423 -0.4276 3.3741 8.0000 0.0485 0.0739 
12.3840 10.0000 273.7000 0.4205 0.2376 -0.4709 3.3974 7.0000 0.0404 0.0936 
12.6240 7.0000 267.6320 0.4219 0.2414 -0.5188 3.3489 7.0000 0.0333 0.0840 
11.6900 10.0000 241.0440 0.4249 0.2356 -0.4760 3.3821 6.0000 0.0267 0.0942 
12.8180 9.0000 279.0320 0.4132 0.2359 -0.5137 3.3123 6.0000 0.0161 0.0422 
12.3180 10.0000 259.3480 0.3902 0.2236 -0.4581 3.2873 6.0000 0.7914 0.0861 
11.6940 3.0000 231.8700 0.3860 0.2316 -0.4264 3.4000 7.0000 0.5661 0.0770 
11.9440 10.0000 248.4180 0.3957 0.2299 -0.4385 3.3621 7.0000 0.5011 0.0918 
11.6220 10.0000 229.7600 0.3965 0.2216 -0.4767 3.3683 6.0000 0.3544 0.0744 
12.7560 9.0000 272.5960 0.3927 0.2293 -0.4862 3.2710 6.0000 0.3150 0.0596 
11.8880 10.0000 244.8500 0.4294 0.2400 -0.4825 3.3939 6.0000 0.4945 0.0811 
12.1640 10.0000 250.9720 0.4055 0.2337 -0.4832 3.3518 7.0000 0.4644 0.0945 
12.4680 10.0000 262.6700 0.3903 0.2338 -0.4441 3.3344 6.0000 0.2631 0.1099 
11.9080 10.0000 245.6220 0.4191 0.2402 -0.4615 3.3984 8.0000 0.2176 0.0819 
12.7020 10.0000 271.2980 0.4054 0.2460 -0.4572 3.3432 7.0000 0.4395 0.0795 
12.2260 10.0000 250.0940 0.3984 0.2305 -0.5059 3.3496 6.0000 0.3010 0.0753 
11.8640 10.0000 249.8540 0.4234 0.2508 -0.4268 3.4307 7.0000 0.4793 0.0557 
11.8800 10.0000 254.3660 0.4301 0.2379 -0.4643 3.3866 6.0000 0.4379 0.1040 
11.9120 10.0000 243.5860 0.4213 0.2295 -0.5100 3.3607 6.0000 0.4324 0.0920 
12.6960 10.0000 272.5040 0.4344 0.2493 -0.5157 3.3624 7.0000 0.2793 0.0818 
12.5520 10.0000 265.9780 0.4104 0.2321 -0.5184 3.3474 6.0000 0.7193 0.0895 
12.5320 11.0000 255.3860 0.4012 0.2386 -0.4909 3.3542 6.0000 0.3096 0.1023 
12.0420 9.0000 247.0220 0.4029 0.2269 -0.4783 3.3352 7.0000 0.1101 0.0704 
12.2820 10.0000 252.9700 0.3998 0.2358 -0.4708 3.3816 7.0000 0.2643 0.0926 
11.1740 6.0000 222.6220 0.4204 0.2271 -0.4562 3.4282 6.0000 0.2997 0.1165 
12.1640 9.0000 259.8120 0.4113 0.2280 -0.4726 3.3526 6.0000 0.3449 0.0655 
12.3740 11.0000 258.6920 0.4444 0.2571 -0.5152 3.4196 7.0000 0.3791 0.0705 
12.0020 3.0000 248.0440 0.4048 0.2354 -0.4476 3.3866 7.0000 0.2369 0.0632 
12.0240 5.0000 246.7120 0.4093 0.2404 -0.4613 3.4324 7.0000 0.4332 0.0776 
11.8560 10.0000 238.6000 0.4017 0.2374 -0.4558 3.4248 7.0000 0.4280 0.0718 
12.0220 10.0000 248.2860 0.4308 0.2426 -0.4981 3.4108 6.0000 0.4834 0.0555 
11.7380 10.0000 235.4860 0.4203 0.2412 -0.4827 3.4413 6.0000 0.3874 0.0640 
12.0360 10.0000 246.2060 0.4154 0.2450 -0.4586 3.3992 6.0000 0.2445 0.0758 
11.6840 10.0000 234.4860 0.4066 0.2462 -0.4043 3.4505 8.0000 0.2285 0.0955 
12.7620 10.0000 271.4520 0.4094 0.2327 -0.5281 3.3508 6.0000 0.0810 0.0841 
11.4840 10.0000 233.8600 0.4042 0.2270 -0.4347 3.4298 7.0000 0.3326 0.0755 
12.0960 10.0000 246.3800 0.3865 0.2357 -0.4152 3.3963 8.0000 0.3009 0.0805 
12.1600 9.0000 254.2080 0.4056 0.2250 -0.4912 3.3447 7.0000 0.7240 0.0648 
12.5140 10.0000 267.0360 0.3849 0.2170 -0.4816 3.2589 7.0000 0.5645 0.0923 
12.1380 10.0000 249.8640 0.4221 0.2535 -0.4367 3.4229 7.0000 0.2522 0.0634 
12.2020 10.0000 248.8520 0.3820 0.2323 -0.4279 3.3741 6.0000 0.1697 0.0555 
12.3280 6.0000 260.9660 0.4173 0.2324 -0.5048 3.3605 6.0000 0.1214 0.0706 
12.0540 10.0000 250.2040 0.4136 0.2411 -0.4649 3.4426 6.0000 0.1213 0.0493 
11.5600 9.0000 232.2000 0.4117 0.2299 -0.4775 3.4056 7.0000 0.4571 0.0660 
12.0120 10.0000 241.8820 0.4188 0.2352 -0.4938 3.3798 7.0000 0.2203 0.0710 
11.9400 10.0000 244.4120 0.4097 0.2342 -0.4748 3.3633 7.0000 0.1244 0.0559 
12.6560 9.0000 279.0320 0.4149 0.2347 -0.4753 3.3281 6.0000 0.1630 0.0999 
12.1480 9.0000 249.1060 0.4008 0.2411 -0.4262 3.3843 6.0000 0.2577 0.0571 
12.1840 10.0000 255.7100 0.4210 0.2370 -0.4838 3.3924 6.0000 0.4329 0.0811 
12.8880 11.0000 272.7480 0.4043 0.2460 -0.4847 3.3556 6.0000 0.3559 0.0539 
11.9380 10.0000 246.2340 0.4148 0.2408 -0.4518 3.3914 7.0000 0.0689 0.0778 
11.7940 9.0000 229.8180 0.3834 0.2265 -0.4666 3.3983 6.0000 0.5980 0.0953 
12.0440 10.0000 251.0520 0.4243 0.2381 -0.4737 3.3720 7.0000 0.1559 0.0928 
12.3520 10.0000 270.3820 0.4305 0.2310 -0.5002 3.3330 7.0000 0.1172 0.1093 
12.0780 11.0000 247.1300 0.3732 0.2313 -0.3692 3.3951 7.0000 0.3331 0.0686 
11.8860 10.0000 235.4640 0.4026 0.2334 -0.4973 3.4056 6.0000 0.6916 0.0768 
12.0120 10.0000 251.6440 0.4459 0.2392 -0.5235 3.3541 7.0000 0.5770 0.0777 
12.2520 10.0000 262.9440 0.4103 0.2359 -0.4402 3.3498 7.0000 0.5235 0.0945 
11.6380 10.0000 236.8820 0.4158 0.2323 -0.4632 3.4348 7.0000 0.3316 0.0798 
12.3840 10.0000 266.5060 0.4044 0.2487 -0.3877 3.3704 7.0000 0.3024 0.0740 
11.8160 10.0000 239.5860 0.3997 0.2437 -0.4186 3.4163 7.0000 0.5238 0.0795 
12.2960 8.0000 253.4960 0.4005 0.2285 -0.5117 3.3076 6.0000 0.3392 0.0658 
12.0900 10.0000 240.1500 0.4233 0.2522 -0.5039 3.4541 6.0000 0.5038 0.0696 
12.3400 10.0000 256.1320 0.4002 0.2271 -0.4934 3.3185 6.0000 0.3957 0.1040 
11.9700 9.0000 248.5040 0.4297 0.2412 -0.4774 3.3865 7.0000 0.5017 0.0614 
11.7680 9.0000 229.1280 0.4098 0.2444 -0.4694 3.4154 6.0000 0.4520 0.0818 
12.3960 7.0000 262.2640 0.4160 0.2349 -0.5022 3.3377 7.0000 0.6331 0.0895 
12.6920 11.0000 271.0760 0.4219 0.2401 -0.5290 3.3480 6.0000 0.4493 0.0692 
11.7640 10.0000 237.9780 0.4163 0.2408 -0.4730 3.4465 7.0000 0.1712 0.0655 
12.2960 9.0000 254.3560 0.4376 0.2494 -0.5175 3.4150 6.0000 0.1283 0.0926 
12.0440 6.0000 251.3060 0.4139 0.2436 -0.4330 3.4175 6.0000 0.3061 0.1165 
11.8960 10.0000 240.5180 0.4167 0.2406 -0.4590 3.3814 6.0000 0.3422 0.0655 
13.1560 8.0000 291.5820 0.4142 0.2437 -0.4929 3.2905 6.0000 0.3049 0.0711 
12.1480 10.0000 250.0000 0.4352 0.2491 -0.5145 3.4205 6.0000 0.2096 0.0632 
12.2700 10.0000 261.4260 0.4132 0.2302 -0.4917 3.3334 7.0000 0.4658 0.0776 
12.3580 10.0000 257.2060 0.3889 0.2362 -0.4233 3.3416 6.0000 0.4333 0.0718 
12.6100 10.0000 270.6700 0.4031 0.2364 -0.4757 3.3252 6.0000 0.5621 0.0555 
11.5380 10.0000 237.6660 0.4209 0.2401 -0.4295 3.4824 8.0000 0.4756 0.0542 
12.0540 5.0000 247.5360 0.4204 0.2426 -0.4855 3.3612 6.0000 0.2401 0.0661 
12.2860 11.0000 259.3160 0.3920 0.2269 -0.4422 3.3088 6.0000 0.1213 0.0656 
12.6360 10.0000 283.1420 0.4195 0.2328 -0.4856 3.3018 6.0000 0.3866 0.0885 
12.2140 7.0000 253.9340 0.4021 0.2366 -0.4452 3.3617 7.0000 0.3032 0.0805 
11.9440 10.0000 257.0260 0.4129 0.2269 -0.4515 3.3607 6.0000 0.6166 0.0648 
11.7660 8.0000 240.6600 0.4203 0.2348 -0.4708 3.3902 6.0000 0.6642 0.0844 
12.1780 10.0000 254.1300 0.4005 0.2368 -0.4406 3.3521 6.0000 0.3101 0.0742 
12.8820 10.0000 281.9560 0.4082 0.2379 -0.4925 3.3020 6.0000 0.1241 0.0554 
12.1380 8.0000 243.9640 0.3968 0.2267 -0.5034 3.3479 6.0000 0.1618 0.0493 
12.0160 7.0000 250.4220 0.4051 0.2279 -0.4580 3.3313 6.0000 0.4198 0.0660 
12.1860 10.0000 254.4760 0.4190 0.2334 -0.4894 3.3493 6.0000 0.1706 0.0710 
11.9940 10.0000 250.8420 0.4311 0.2380 -0.4955 3.4000 6.0000 0.1356 0.0932 
12.7660 10.0000 272.7420 0.4030 0.2321 -0.5166 3.3156 6.0000 0.1274 0.0462 
12.4100 2.0000 264.1840 0.4222 0.2446 -0.4804 3.3237 6.0000 0.1610 0.0766 
12.0260 9.0000 252.5320 0.4352 0.2388 -0.5044 3.3804 7.0000 0.1225 0.0467 
11.9340 10.0000 233.2760 0.4224 0.2536 -0.4937 3.4684 7.0000 0.1586 0.0907 
11.9300 10.0000 245.9440 0.4135 0.2384 -0.4610 3.4086 7.0000 0.3017 0.0622 
12.3900 10.0000 266.1880 0.4114 0.2322 -0.4804 3.3443 6.0000 0.0941 0.0545 
12.4800 4.0000 265.5840 0.3975 0.2331 -0.4650 3.3209 6.0000 0.0422 0.0723 
11.8420 10.0000 238.5560 0.3988 0.2352 -0.4437 3.4056 6.0000 0.7086 0.0861 
11.5380 5.0000 236.7020 0.4344 0.2281 -0.5061 3.4081 6.0000 0.7202 0.0770 
12.6740 8.0000 273.7060 0.3981 0.2183 -0.5053 3.2872 7.0000 0.5846 0.0686 
12.2800 10.0000 248.6160 0.3959 0.2357 -0.4787 3.3527 6.0000 0.5456 0.0872 
11.8280 10.0000 239.7560 0.4030 0.2368 -0.4300 3.3943 6.0000 0.0898 0.0662 
11.8980 10.0000 247.1140 0.4267 0.2427 -0.4657 3.4299 7.0000 0.4041 0.0811 
11.6700 10.0000 243.4760 0.4307 0.2464 -0.4247 3.4211 6.0000 0.5150 0.0385 
12.7080 10.0000 275.0180 0.4228 0.2413 -0.4960 3.3490 6.0000 0.1978 0.1099 
12.4360 11.0000 257.1180 0.3945 0.2320 -0.4695 3.3824 7.0000 0.1763 0.0819 
11.3140 10.0000 223.0780 0.3933 0.2256 -0.4295 3.4277 7.0000 0.3599 0.0795 
12.0260 11.0000 244.7160 0.3935 0.2275 -0.4613 3.3974 9.0000 0.3342 0.0658 
12.0300 3.0000 256.2240 0.4019 0.2269 -0.4355 3.3897 6.0000 0.4568 0.0556 
12.3380 10.0000 258.3820 0.4202 0.2500 -0.4506 3.4028 6.0000 0.4402 0.1040 
11.6460 9.0000 227.9920 0.3910 0.2220 -0.4645 3.3713 6.0000 0.3881 0.0920 
12.5260 11.0000 261.1900 0.3985 0.2309 -0.4982 3.3481 6.0000 0.2538 0.0818 
12.4760 10.0000 267.7380 0.4379 0.2525 -0.4993 3.3625 6.0000 0.8625 0.0820 
11.7920 10.0000 236.2940 0.4050 0.2315 -0.4794 3.3716 7.0000 0.5734 0.0704 
12.3120 10.0000 258.0740 0.4320 0.2408 -0.5268 3.3717 7.0000 0.3877 0.0926 
12.1220 10.0000 244.3320 0.3749 0.2153 -0.4798 3.3258 8.0000 0.3852 0.1165 
12.4160 10.0000 263.3640 0.4128 0.2327 -0.5006 3.3537 7.0000 0.2187 0.1077 
12.6520 11.0000 268.8120 0.4026 0.2421 -0.4634 3.3663 7.0000 0.3420 0.0613 
12.6060 10.0000 268.7360 0.4094 0.2447 -0.4458 3.3677 6.0000 0.1698 0.0632 
12.0620 10.0000 249.5100 0.4109 0.2306 -0.4874 3.3782 6.0000 0.3790 0.0776 
12.6560 8.0000 270.7160 0.4231 0.2359 -0.5470 3.3532 7.0000 0.4627 0.0718 
12.1820 10.0000 246.7600 0.4153 0.2452 -0.4805 3.3933 6.0000 0.6033 0.0803 
12.2080 10.0000 256.7500 0.4256 0.2364 -0.5070 3.3675 7.0000 0.5045 0.0542 
12.6880 11.0000 267.3040 0.4232 0.2440 -0.5275 3.3449 6.0000 0.2396 0.1331 
12.8300 11.0000 272.8960 0.3949 0.2340 -0.4717 3.3183 6.0000 0.0902 0.0823 
11.6620 5.0000 239.1620 0.4172 0.2303 -0.4731 3.4011 6.0000 0.2135 0.0589 
11.7380 10.0000 238.1660 0.4233 0.2515 -0.4275 3.5017 7.0000 0.5099 0.0805 
11.9040 10.0000 240.2780 0.4052 0.2351 -0.4737 3.3944 7.0000 0.7452 0.0648 
11.9180 10.0000 249.3480 0.4294 0.2341 -0.4883 3.3700 6.0000 0.6045 0.0839 
11.5440 10.0000 223.9240 0.4166 0.2415 -0.4959 3.4470 7.0000 0.1242 0.0904 
12.1460 10.0000 249.3800 0.4057 0.2197 -0.5337 3.3368 7.0000 0.1263 0.0533 
12.0020 10.0000 251.7040 0.4066 0.2263 -0.4869 3.3714 7.0000 0.1727 0.0824 
12.0020 10.0000 248.7740 0.4109 0.2332 -0.4695 3.3516 6.0000 0.2806 0.0982 
11.9200 9.0000 239.3360 0.4238 0.2440 -0.4764 3.4009 6.0000 0.3646 0.0721 
11.8740 6.0000 244.7200 0.4308 0.2376 -0.5071 3.4110 6.0000 0.1296 0.1039 
11.9420 10.0000 249.8060 0.3982 0.2303 -0.4263 3.3700 7.0000 0.3358 0.0805 
12.4380 7.0000 263.5360 0.4269 0.2411 -0.5200 3.3684 6.0000 0.3013 0.0677 
11.5360 8.0000 228.1060 0.4233 0.2447 -0.4678 3.4688 7.0000 0.3264 0.1107 
11.8300 10.0000 240.9200 0.4209 0.2404 -0.4765 3.4552 6.0000 0.2563 0.0918 
12.3720 10.0000 257.4620 0.3978 0.2303 -0.4845 3.3283 6.0000 0.1001 0.0467 
12.4980 11.0000 261.4860 0.4053 0.2392 -0.4651 3.3378 7.0000 0.1922 0.0907 
12.2660 10.0000 257.4840 0.3968 0.2262 -0.4535 3.3087 6.0000 0.2640 0.0622 
12.1640 10.0000 258.4420 0.4140 0.2304 -0.4791 3.3222 6.0000 0.0963 0.0514 
12.0400 1.0000 255.6480 0.4485 0.2459 -0.4924 3.4088 6.0000 0.7964 0.0861 
12.1660 5.0000 257.0580 0.4093 0.2351 -0.4594 3.3212 6.0000 0.5983 0.0770 
11.8740 10.0000 245.6360 0.4493 0.2468 -0.5172 3.4284 7.0000 0.5446 0.0918 
12.2400 7.0000 254.8440 0.4143 0.2426 -0.4624 3.3869 7.0000 0.3143 0.0744 
11.8360 10.0000 240.3380 0.4221 0.2382 -0.4775 3.4219 7.0000 0.3431 0.0963 
11.7500 10.0000 232.8280 0.4310 0.2456 -0.4981 3.4387 6.0000 0.4947 0.0811 
12.5340 10.0000 270.2740 0.3921 0.2259 -0.4582 3.3004 6.0000 0.4711 0.0385 
11.5780 3.0000 228.7740 0.4004 0.2392 -0.4208 3.4449 7.0000 0.7863 0.0805 
12.2980 10.0000 255.4040 0.3970 0.2356 -0.4439 3.3911 6.0000 0.3927 0.0920 
12.5140 10.0000 261.5320 0.3993 0.2312 -0.4871 3.3447 6.0000 0.1365 0.0688 
12.2280 2.0000 250.4640 0.4003 0.2284 -0.4932 3.3328 6.0000 0.0882 0.0524 
12.2340 10.0000 257.1120 0.4136 0.2336 -0.4963 3.3658 7.0000 0.4391 0.0845 
11.5620 10.0000 237.8140 0.4303 0.2344 -0.4839 3.4081 6.0000 0.4415 0.0616 
11.6100 10.0000 237.5940 0.4300 0.2309 -0.5026 3.4102 6.0000 0.2392 0.0773 
12.5540 10.0000 270.6620 0.4249 0.2371 -0.4947 3.3429 6.0000 0.2420 0.0818 
11.5980 10.0000 239.4420 0.4281 0.2362 -0.4688 3.4508 7.0000 1.2300 0.0630 
12.0520 10.0000 246.7400 0.4013 0.2286 -0.4680 3.3637 8.0000 0.4659 0.0704 
11.5500 6.0000 223.7520 0.4070 0.2436 -0.4517 3.4757 6.0000 0.3521 0.1265 
11.7640 9.0000 243.6600 0.4295 0.2423 -0.4538 3.3929 6.0000 0.3888 0.0673 
11.8040 7.0000 235.3180 0.4112 0.2344 -0.4761 3.3936 7.0000 0.4670 0.0966 
12.1080 10.0000 256.2320 0.4313 0.2372 -0.4924 3.3787 8.0000 0.3147 0.0796 
12.3120 10.0000 256.1440 0.4010 0.2371 -0.4605 3.3433 7.0000 0.3508 0.0675 
12.6520 11.0000 270.9140 0.4326 0.2511 -0.5009 3.3697 7.0000 0.1707 0.0988 
12.4000 10.0000 263.1120 0.4088 0.2386 -0.4805 3.3329 6.0000 0.1654 0.0718 
11.8980 9.0000 230.0000 0.3867 0.2276 -0.4812 3.3822 6.0000 0.4682 0.0803 
12.0260 10.0000 241.6680 0.4093 0.2311 -0.4925 3.3365 6.0000 0.5591 0.0787 
12.3200 11.0000 253.0560 0.4131 0.2459 -0.4689 3.3918 6.0000 0.3896 0.0438 
13.0100 11.0000 285.8740 0.4020 0.2355 -0.4715 3.2769 6.0000 0.4272 0.0589 
12.3260 10.0000 253.6760 0.4144 0.2412 -0.5038 3.3729 6.0000 0.4635 0.0805 
12.5420 9.0000 271.8440 0.4037 0.2241 -0.5010 3.3214 6.0000 0.8097 0.0648 
11.8280 10.0000 242.4700 0.4116 0.2396 -0.4411 3.3852 7.0000 0.4785 0.0572 
12.1740 10.0000 247.4180 0.4071 0.2338 -0.4912 3.3649 6.0000 0.1407 0.0904 
12.2920 0.0000 257.4200 0.4242 0.2407 -0.5047 3.3724 6.0000 0.1421 0.0533 
11.2520 10.0000 218.2420 0.4354 0.2472 -0.4613 3.4774 8.0000 0.2137 0.0613 
12.0760 10.0000 249.3920 0.4068 0.2292 -0.4947 3.3456 6.0000 0.2527 0.0886 
12.3980 10.0000 261.2640 0.4190 0.2368 -0.4983 3.3360 6.0000 0.3436 0.0501 
12.5380 8.0000 257.9980 0.3795 0.2342 -0.4533 3.3526 6.0000 0.4313 0.0805 
12.2680 10.0000 255.8420 0.3979 0.2313 -0.4577 3.3862 8.0000 0.2099 0.0604 
12.1400 10.0000 251.5380 0.3961 0.2260 -0.4740 3.3362 6.0000 0.3328 0.1107 
12.0280 10.0000 251.9860 0.4031 0.2294 -0.4724 3.3526 7.0000 0.2987 0.0571 
12.4420 11.0000 251.5620 0.4103 0.2446 -0.4922 3.3753 6.0000 0.3247 0.0674 
12.0980 3.0000 249.0500 0.4347 0.2424 -0.5111 3.4181 7.0000 0.1911 0.0764 
11.8340 10.0000 237.1480 0.3985 0.2301 -0.4809 3.4009 6.0000 0.0878 0.0778 
12.2120 10.0000 256.9280 0.4146 0.2274 -0.4975 3.3134 6.0000 0.0691 0.0970 
11.7320 6.0000 234.5460 0.4193 0.2380 -0.4705 3.4481 7.0000 0.0440 0.0990 
12.2140 10.0000 255.7220 0.4185 0.2395 -0.4819 3.3570 7.0000 0.0334 0.0942 
11.4260 2.0000 224.1440 0.4177 0.2240 -0.5177 3.4161 6.0000 0.7603 0.0953 
12.0020 7.0000 251.9080 0.4545 0.2414 -0.5469 3.4298 7.0000 0.6848 0.0770 
11.8540 10.0000 234.3780 0.3861 0.2227 -0.4660 3.3419 6.0000 0.4993 0.0918 
12.1960 10.0000 262.4940 0.4151 0.2407 -0.4312 3.3540 7.0000 0.2757 0.0744 
12.1100 10.0000 252.6120 0.4092 0.2497 -0.4097 3.4180 8.0000 0.2344 0.0596 
11.4620 10.0000 221.0760 0.3988 0.2379 -0.4278 3.4472 7.0000 0.5356 0.0777 
12.4360 9.0000 271.2100 0.4115 0.2378 -0.4411 3.3010 6.0000 0.2185 0.0980 
11.9460 10.0000 235.9100 0.3723 0.2240 -0.4319 3.3572 7.0000 0.0858 0.0765 
11.7720 10.0000 245.5780 0.3823 0.2240 -0.3977 3.3749 7.0000 0.5134 0.0716 
11.5860 9.0000 228.1520 0.4095 0.2437 -0.4366 3.4736 8.0000 0.1255 0.0805 
11.9760 9.0000 246.1640 0.4344 0.2457 -0.5045 3.4198 6.0000 0.3975 0.0721 
12.1920 10.0000 253.5160 0.4273 0.2371 -0.5084 3.3985 6.0000 0.3849 0.0524 
12.5260 11.0000 266.9540 0.4478 0.2506 -0.5395 3.3743 6.0000 0.5695 0.1087 
12.3080 10.0000 265.7440 0.4273 0.2476 -0.4896 3.4521 7.0000 0.0926 0.0982 
12.6780 9.0000 265.6040 0.4040 0.2393 -0.5024 3.3627 7.0000 0.2681 0.1040 
12.1940 10.0000 255.8420 0.3945 0.2227 -0.4666 3.3186 6.0000 0.2039 0.0773 
12.3260 3.0000 262.5280 0.4249 0.2420 -0.4713 3.3559 7.0000 0.2329 0.1101 
11.8820 10.0000 249.0460 0.4204 0.2309 -0.4681 3.3533 6.0000 0.2731 0.0818 
12.4320 11.0000 257.6240 0.4069 0.2486 -0.4430 3.3899 7.0000 0.6524 0.0895 
12.5960 10.0000 270.0600 0.4180 0.2278 -0.5351 3.2880 6.0000 0.4498 0.0692 
12.4160 10.0000 269.4300 0.4263 0.2370 -0.4908 3.3362 6.0000 0.1804 0.0655 
11.6820 10.0000 245.3400 0.4320 0.2270 -0.4939 3.3854 6.0000 0.1424 0.0824 
12.0100 10.0000 254.4300 0.4043 0.2333 -0.4154 3.3840 8.0000 0.4331 0.0673 
12.2100 10.0000 265.8540 0.4270 0.2359 -0.4664 3.3981 7.0000 0.3869 0.0966 
12.1780 10.0000 255.5340 0.4245 0.2479 -0.4568 3.4000 6.0000 0.4241 0.0796 
12.4860 11.0000 263.9180 0.4214 0.2356 -0.5294 3.3586 6.0000 0.4278 0.0885 
12.2520 10.0000 252.1100 0.3990 0.2397 -0.4638 3.3855 7.0000 0.1253 0.0842 
11.8320 7.0000 242.7940 0.4118 0.2269 -0.4887 3.3589 6.0000 0.2743 0.0718 
12.3300 10.0000 260.0520 0.4130 0.2376 -0.4677 3.3184 6.0000 0.6092 0.0555 
12.4120 3.0000 266.0760 0.4200 0.2369 -0.4850 3.2888 6.0000 0.4320 0.0640 
12.4620 10.0000 255.7460 0.4067 0.2461 -0.4781 3.3821 6.0000 0.2051 0.0758 
12.5120 10.0000 266.9180 0.3923 0.2261 -0.4691 3.3164 6.0000 0.2492 0.0438 
11.7840 3.0000 236.0420 0.4016 0.2162 -0.5257 3.3953 7.0000 0.2955 0.0589 
11.9520 10.0000 244.3160 0.4063 0.2474 -0.4200 3.4126 7.0000 0.4526 0.0805 
11.8600 10.0000 240.7080 0.4036 0.2258 -0.4658 3.3393 7.0000 0.9469 0.0648 
12.1160 7.0000 249.1380 0.4264 0.2426 -0.4998 3.4359 7.0000 0.6647 0.0885 
12.4400 10.0000 267.5460 0.4140 0.2350 -0.4957 3.3754 6.0000 0.4402 0.0648 
11.9160 10.0000 240.4880 0.4306 0.2393 -0.5187 3.3971 6.0000 0.3675 0.0751 
12.0580 10.0000 247.3560 0.4144 0.2305 -0.5122 3.3519 6.0000 0.4028 0.1081 
11.7660 10.0000 236.7240 0.4137 0.2428 -0.4450 3.4134 7.0000 0.1597 0.0785 
12.7680 11.0000 279.0480 0.4212 0.2450 -0.4839 3.3368 7.0000 0.1643 0.1209 
11.4200 10.0000 224.8580 0.3960 0.2216 -0.4555 3.3816 6.0000 0.3027 0.0836 
12.5400 10.0000 279.3640 0.4432 0.2430 -0.4966 3.3428 6.0000 0.1652 0.0932 
12.9740 11.0000 285.6800 0.3943 0.2291 -0.4669 3.2452 6.0000 0.1699 0.0462 
11.4140 10.0000 230.1680 0.4266 0.2368 -0.4540 3.4392 6.0000 0.2018 0.0798 
11.9360 9.0000 242.7800 0.4123 0.2308 -0.4932 3.3499 6.0000 0.7591 0.0861 
12.1700 10.0000 247.4700 0.4022 0.2251 -0.4995 3.3254 6.0000 0.6335 0.0770 
12.5100 10.0000 260.4700 0.4168 0.2519 -0.4669 3.3809 6.0000 0.4117 0.0918 
11.8440 10.0000 238.3360 0.4281 0.2432 -0.4949 3.4492 8.0000 0.2944 0.0458 
12.3440 10.0000 262.2800 0.4061 0.2393 -0.4458 3.3511 6.0000 0.1454 0.0768 
12.2360 10.0000 246.0120 0.4017 0.2365 -0.4934 3.3728 6.0000 0.3346 0.0877 
11.6500 10.0000 233.6700 0.4180 0.2478 -0.4360 3.5018 7.0000 0.1296 0.0681 
12.2720 6.0000 259.4440 0.4251 0.2426 -0.4538 3.3616 6.0000 0.1769 0.0385 
12.0320 8.0000 252.7260 0.3928 0.2321 -0.4061 3.4070 7.0000 0.7182 0.0805 
11.5560 10.0000 232.0760 0.4239 0.2350 -0.4844 3.4705 7.0000 0.3939 0.0920 
12.0740 10.0000 257.8840 0.4354 0.2334 -0.5182 3.3524 6.0000 0.1315 0.0688 
12.5160 11.0000 260.1800 0.4008 0.2316 -0.5091 3.3554 6.0000 0.1247 0.0772 
12.0240 10.0000 249.7840 0.4070 0.2358 -0.4377 3.4040 7.0000 0.2850 0.0556 
12.4060 10.0000 263.2840 0.3896 0.2249 -0.4492 3.2988 7.0000 0.4419 0.1040 
11.9960 10.0000 251.0740 0.4177 0.2442 -0.4323 3.4092 6.0000 0.4215 0.0920 
12.2400 10.0000 261.5580 0.4054 0.2335 -0.4589 3.3632 7.0000 0.2071 0.0818 
12.5300 11.0000 270.4600 0.4214 0.2482 -0.4437 3.3983 8.0000 1.1202 0.0820 
12.0880 10.0000 251.1700 0.4227 0.2339 -0.5030 3.3466 6.0000 0.4839 0.1004 
11.9900 10.0000 248.8300 0.4089 0.2323 -0.4822 3.4025 6.0000 0.2988 0.0926 
12.1600 7.0000 257.7100 0.4331 0.2428 -0.4945 3.3981 6.0000 0.3428 0.1165 
12.1700 10.0000 252.9360 0.4109 0.2319 -0.4844 3.3584 7.0000 0.2558 0.0655 
12.0980 7.0000 258.3880 0.4417 0.2415 -0.4958 3.3880 7.0000 0.2133 0.0687 
12.0480 10.0000 251.2200 0.4044 0.2375 -0.4391 3.4171 7.0000 0.2499 0.0796 
12.0360 10.0000 246.6340 0.3944 0.2218 -0.4869 3.3677 7.0000 0.5206 0.0545 
11.9920 10.0000 249.7940 0.4158 0.2291 -0.4952 3.3458 6.0000 0.1278 0.0847 
12.5580 6.0000 269.5380 0.3992 0.2257 -0.4779 3.3262 8.0000 0.1292 0.0720 
11.6500 10.0000 230.6880 0.4205 0.2425 -0.4571 3.4366 7.0000 0.3362 0.0803 
11.9960 9.0000 252.6280 0.4189 0.2416 -0.4538 3.4167 6.0000 0.5268 0.0787 
12.1840 9.0000 251.8580 0.3993 0.2359 -0.4337 3.3551 6.0000 0.3608 0.0438 
12.0860 10.0000 248.6520 0.3985 0.2230 -0.5046 3.3301 7.0000 0.3828 0.0589 
12.1820 10.0000 263.8880 0.4510 0.2392 -0.5354 3.3508 6.0000 0.4653 0.0805 
12.1860 10.0000 254.0380 0.4118 0.2312 -0.4998 3.3432 6.0000 1.0308 0.1063 
12.2300 7.0000 250.5260 0.4177 0.2451 -0.4826 3.3888 7.0000 0.0887 0.0888 
12.5200 10.0000 261.8260 0.3890 0.2288 -0.4655 3.3356 6.0000 0.3593 0.0885 
12.1340 10.0000 246.8640 0.4253 0.2494 -0.4792 3.4454 6.0000 0.4410 0.0855 
11.8040 6.0000 243.0660 0.4247 0.2357 -0.4816 3.3926 6.0000 0.2957 0.0751 
12.1220 9.0000 257.5620 0.4490 0.2513 -0.4896 3.4264 7.0000 0.4478 0.1081 
11.5760 9.0000 247.0800 0.4212 0.2187 -0.4817 3.3352 6.0000 0.1299 0.0785 
12.5120 10.0000 269.5400 0.3979 0.2468 -0.4021 3.3683 6.0000 0.1307 0.1209 
11.4920 10.0000 231.5380 0.4054 0.2226 -0.4515 3.3892 8.0000 0.2975 0.0836 
12.3220 10.0000 254.6300 0.3940 0.2231 -0.5045 3.3375 6.0000 0.2156 0.0604 
11.9060 10.0000 242.1060 0.4172 0.2405 -0.4868 3.4156 7.0000 0.3296 0.1107 
11.9720 10.0000 240.3300 0.4297 0.2539 -0.4957 3.4952 6.0000 0.3415 0.0571 
12.3500 10.0000 260.8160 0.4007 0.2261 -0.4871 3.3211 6.0000 0.2243 0.0939 
12.2420 7.0000 252.4640 0.4302 0.2547 -0.4876 3.4389 6.0000 0.1136 0.0485 
12.2480 10.0000 249.6640 0.3969 0.2245 -0.5160 3.3385 6.0000 0.6754 0.0953 
12.2840 11.0000 255.6860 0.3953 0.2332 -0.4458 3.3412 6.0000 0.6402 0.0770 
11.9440 9.0000 246.8380 0.4020 0.2315 -0.4499 3.3436 6.0000 0.4609 0.0918 
11.7560 10.0000 231.5420 0.4164 0.2479 -0.4508 3.4374 7.0000 0.3765 0.0744 
11.8380 10.0000 243.0400 0.4303 0.2405 -0.4933 3.4389 7.0000 0.2308 0.0596 
12.1660 10.0000 251.4800 0.4105 0.2326 -0.5037 3.3625 6.0000 0.4985 0.0811 
12.7060 10.0000 271.6800 0.4081 0.2375 -0.4946 3.3374 6.0000 0.4405 0.0385 
12.0920 6.0000 239.5960 0.4005 0.2333 -0.5022 3.3865 6.0000 0.7588 0.0805 
11.2800 10.0000 225.1440 0.4016 0.2230 -0.4462 3.4028 7.0000 0.5277 0.0455 
11.9220 10.0000 238.1080 0.4273 0.2481 -0.4869 3.3921 7.0000 0.3407 0.0524 
11.7020 10.0000 229.8580 0.4016 0.2389 -0.4539 3.4222 6.0000 0.4872 0.0845 
12.5040 10.0000 259.5800 0.4010 0.2312 -0.5043 3.3387 6.0000 0.3512 0.1070 
12.2860 11.0000 255.8640 0.4005 0.2393 -0.4540 3.3428 7.0000 0.2366 0.0773 
12.3900 8.0000 263.9820 0.4422 0.2492 -0.5168 3.4377 7.0000 0.2459 0.0772 
12.3400 10.0000 256.9360 0.4001 0.2413 -0.4469 3.3681 7.0000 0.1679 0.0818 
11.9780 10.0000 251.8180 0.4176 0.2346 -0.4624 3.3818 6.0000 0.5409 0.0895 
11.5780 10.0000 226.8660 0.4258 0.2428 -0.4980 3.4698 6.0000 0.5177 0.0751 
12.1860 9.0000 247.9520 0.4287 0.2505 -0.4901 3.4263 8.0000 0.1649 0.0811 
12.2660 10.0000 256.8780 0.4098 0.2338 -0.4875 3.3576 6.0000 0.2099 0.0952 
11.9640 10.0000 246.8960 0.4375 0.2438 -0.4981 3.3765 6.0000 0.3541 0.0673 
11.9640 10.0000 238.9220 0.4165 0.2426 -0.4774 3.4024 7.0000 0.3856 0.0966 
12.7500 11.0000 274.6240 0.3911 0.2345 -0.4406 3.2995 6.0000 0.3504 0.0796 
12.4340 10.0000 260.9880 0.3989 0.2354 -0.4772 3.3537 6.0000 0.4310 0.0675 
12.4260 10.0000 260.7180 0.4109 0.2243 -0.5380 3.3015 6.0000 0.2543 0.0787 
11.6500 10.0000 233.6320 0.4053 0.2363 -0.4467 3.4444 7.0000 0.1673 0.0979 
12.1200 10.0000 255.7760 0.4124 0.2284 -0.4765 3.3259 7.0000 0.4135 0.0867 
11.9800 10.0000 246.6560 0.4334 0.2395 -0.5077 3.4030 7.0000 0.5150 0.0787 
12.8640 11.0000 275.7180 0.3927 0.2290 -0.5127 3.3024 6.0000 0.3187 0.0999 
11.8280 10.0000 240.5380 0.4165 0.2409 -0.4483 3.3699 7.0000 0.1178 0.0841 
12.2360 10.0000 253.6040 0.4268 0.2411 -0.5273 3.4096 7.0000 0.2158 0.0589 
12.1160 5.0000 257.0580 0.4082 0.2315 -0.4475 3.3606 6.0000 0.4648 0.0805 
11.9520 10.0000 247.6380 0.4104 0.2335 -0.4496 3.3690 6.0000 0.7253 0.0648 
12.2600 10.0000 260.9640 0.4043 0.2349 -0.4547 3.3957 8.0000 0.4811 0.0572 
12.1060 10.0000 245.0640 0.4095 0.2536 -0.4392 3.4018 6.0000 0.1344 0.0904 
12.2200 9.0000 253.9640 0.3887 0.2304 -0.4451 3.3638 7.0000 0.1611 0.0671 
11.9420 10.0000 245.3560 0.4208 0.2363 -0.5045 3.3944 7.0000 0.1711 0.0751 
11.5480 10.0000 231.2560 0.4082 0.2332 -0.4305 3.3972 7.0000 0.3289 0.0982 
12.9000 10.0000 277.7580 0.4064 0.2370 -0.5063 3.3130 7.0000 0.3400 0.0768 
12.1420 9.0000 248.1660 0.4023 0.2327 -0.4967 3.3886 7.0000 0.0969 0.1091 
11.8940 7.0000 243.5020 0.4249 0.2380 -0.5026 3.3922 7.0000 0.3240 0.0585 
12.7700 11.0000 274.6560 0.3889 0.2322 -0.4606 3.2874 6.0000 0.3129 0.1075 
12.6420 9.0000 268.6880 0.3831 0.2282 -0.4665 3.3139 6.0000 0.3170 0.0718 
11.7960 10.0000 235.8820 0.4100 0.2382 -0.4661 3.4212 6.0000 0.2981 0.0712 
11.7740 10.0000 233.2540 0.3915 0.2291 -0.4624 3.3908 7.0000 0.2310 0.0811 
12.2700 8.0000 247.1760 0.3905 0.2368 -0.4766 3.3554 6.0000 0.2729 0.0539 
11.9280 6.0000 252.2200 0.4005 0.2240 -0.4477 3.3424 7.0000 0.7725 0.0953 
12.0880 10.0000 255.1220 0.4186 0.2354 -0.4677 3.3525 7.0000 0.6433 0.0914 
12.1940 10.0000 256.5740 0.4213 0.2398 -0.4870 3.3564 6.0000 0.0919 0.0879 
12.3660 10.0000 261.2740 0.4207 0.2396 -0.4963 3.3756 6.0000 0.1237 0.0932 
12.6300 10.0000 280.1420 0.4189 0.2392 -0.4637 3.3261 6.0000 0.5245 0.0768 
12.6320 5.0000 274.0800 0.4188 0.2334 -0.5045 3.3373 7.0000 0.4667 0.0950 
11.8820 7.0000 244.5740 0.4303 0.2428 -0.4858 3.4394 7.0000 0.1297 0.0489 
11.8360 10.0000 243.8320 0.4242 0.2396 -0.4734 3.3829 6.0000 0.1270 0.0765 
11.9380 10.0000 246.9660 0.4112 0.2356 -0.4521 3.3434 7.0000 0.6883 0.0805 
12.0900 10.0000 257.1300 0.4132 0.2281 -0.4771 3.3683 6.0000 0.4837 0.0721 
11.2580 5.0000 217.4360 0.4041 0.2256 -0.4620 3.4394 7.0000 0.3420 0.0524 
12.4320 4.0000 259.4160 0.4184 0.2466 -0.4750 3.3939 6.0000 0.3901 0.1087 
12.6020 7.0000 267.9480 0.4008 0.2249 -0.5079 3.2872 6.0000 0.3100 0.0711 
12.5320 10.0000 262.0040 0.4213 0.2416 -0.5288 3.3738 6.0000 0.2195 0.1015 
12.6320 6.0000 269.0180 0.4102 0.2379 -0.4924 3.3378 6.0000 0.1337 0.0590 
11.9940 10.0000 243.5540 0.3997 0.2343 -0.4512 3.3739 7.0000 0.3265 0.0818 
12.2420 10.0000 244.4400 0.3599 0.2172 -0.4491 3.3466 7.0000 0.5815 0.0820 
11.9860 10.0000 245.4120 0.3943 0.2349 -0.4347 3.4106 7.0000 0.4768 0.0684 
11.2600 9.0000 223.1240 0.4260 0.2336 -0.4586 3.4617 7.0000 0.1369 0.0811 
11.7540 8.0000 233.8100 0.3915 0.2233 -0.4777 3.3876 6.0000 0.2085 0.0952 
12.2820 10.0000 251.1180 0.3956 0.2314 -0.4732 3.3346 6.0000 0.3564 0.0673 
11.8380 10.0000 240.5780 0.4299 0.2435 -0.4783 3.4306 8.0000 0.4285 0.0966 
12.1820 10.0000 252.1380 0.4097 0.2334 -0.4778 3.3574 6.0000 0.3615 0.0796 
11.5640 9.0000 232.9760 0.4165 0.2414 -0.4298 3.4387 7.0000 0.5170 0.0854 
11.7900 10.0000 233.1040 0.4103 0.2428 -0.4641 3.4401 7.0000 0.1333 0.0787 
11.7260 10.0000 239.7380 0.4168 0.2331 -0.4615 3.3667 6.0000 0.1674 0.0718 
12.4720 8.0000 270.4260 0.4243 0.2370 -0.4872 3.3567 7.0000 0.4283 0.0803 
11.7780 10.0000 242.9680 0.4094 0.2296 -0.4517 3.3915 6.0000 0.5189 0.0542 
12.3160 10.0000 257.7220 0.4167 0.2350 -0.4942 3.3866 6.0000 0.2973 0.0999 
11.6460 10.0000 238.3360 0.4182 0.2435 -0.4284 3.4450 7.0000 0.1144 0.0841 
12.7600 5.0000 277.9380 0.4227 0.2357 -0.5129 3.3243 6.0000 0.3005 0.0755 
11.8300 10.0000 231.6320 0.3907 0.2252 -0.4976 3.3875 6.0000 0.2604 0.0805 
11.3220 10.0000 219.0380 0.3976 0.2250 -0.4434 3.4209 7.0000 0.7463 0.0648 
12.3380 10.0000 253.8440 0.4068 0.2386 -0.5042 3.3953 6.0000 0.6139 0.0923 
11.8900 10.0000 241.0000 0.3988 0.2291 -0.4540 3.3836 6.0000 0.4274 0.0648 
11.6360 3.0000 241.5780 0.4562 0.2442 -0.5168 3.4411 6.0000 0.4165 0.0751 
12.4080 10.0000 255.2880 0.3929 0.2352 -0.4561 3.3409 6.0000 0.4465 0.0982 
12.1020 10.0000 257.8220 0.4283 0.2418 -0.4740 3.3746 6.0000 0.5137 0.0660 
12.8460 10.0000 273.4400 0.4188 0.2384 -0.5460 3.3043 6.0000 0.1308 0.1091 
12.2740 10.0000 254.5180 0.4040 0.2447 -0.4338 3.3982 7.0000 0.2939 0.0732 
11.9000 10.0000 243.9200 0.4116 0.2346 -0.4675 3.3969 6.0000 0.3246 0.1087 
11.9500 10.0000 239.2440 0.4255 0.2433 -0.5056 3.4172 6.0000 0.3228 0.0716 
12.0780 10.0000 247.3180 0.3802 0.2227 -0.4470 3.3594 6.0000 0.1286 0.0571 
11.7140 11.0000 224.6380 0.4168 0.2443 -0.4960 3.4433 6.0000 0.2911 0.0778 
12.6980 10.0000 277.4260 0.4357 0.2482 -0.5092 3.3605 6.0000 0.1175 0.0764 
12.6600 10.0000 274.3720 0.4163 0.2373 -0.5309 3.3404 6.0000 0.7514 0.0861 
11.9780 10.0000 254.5900 0.4206 0.2243 -0.4903 3.3453 7.0000 0.4622 0.0770 
12.0560 10.0000 249.8580 0.4150 0.2395 -0.4633 3.3904 7.0000 0.4964 0.0686 
12.1420 9.0000 246.6800 0.4114 0.2450 -0.4628 3.4089 6.0000 0.6520 0.0768 
12.1420 10.0000 251.2280 0.4191 0.2355 -0.4960 3.3677 6.0000 0.5772 0.0777 
12.2860 11.0000 248.2420 0.4007 0.2434 -0.4611 3.3933 6.0000 0.4443 0.0945 
12.4520 10.0000 269.9460 0.3925 0.2153 -0.5015 3.2999 6.0000 0.1789 0.0798 
11.8680 10.0000 244.0600 0.4306 0.2521 -0.4651 3.4623 7.0000 0.2157 0.0805 
12.2620 10.0000 259.0740 0.4298 0.2374 -0.5179 3.4092 6.0000 0.4404 0.0455 
12.1240 9.0000 246.5500 0.4130 0.2396 -0.4873 3.3639 6.0000 0.3001 0.0524 
12.0600 10.0000 259.7900 0.3942 0.2313 -0.4035 3.3283 7.0000 0.4841 0.0845 
11.9560 9.0000 252.9380 0.4215 0.2525 -0.4083 3.4318 7.0000 0.3522 0.0711 
11.9040 10.0000 248.0480 0.3999 0.2295 -0.4377 3.3503 7.0000 0.1653 0.0886 
12.1600 8.0000 252.8880 0.4261 0.2414 -0.5046 3.4173 7.0000 0.1763 0.0614 
12.1280 10.0000 256.5520 0.4182 0.2268 -0.4973 3.3553 6.0000 0.3377 0.0818 
11.8060 7.0000 244.3260 0.4479 0.2545 -0.4859 3.4710 6.0000 0.7056 0.0895 
12.3280 9.0000 255.2200 0.4044 0.2316 -0.5042 3.3538 7.0000 0.6524 0.0704 
12.1780 6.0000 248.0220 0.4153 0.2316 -0.5327 3.3621 7.0000 0.3771 0.0824 
11.9920 10.0000 243.6340 0.4116 0.2260 -0.5085 3.3981 7.0000 0.4652 0.0673 
11.7380 7.0000 235.7560 0.4071 0.2240 -0.4881 3.4075 7.0000 0.3906 0.0966 
11.8520 10.0000 242.7200 0.4397 0.2446 -0.5054 3.4071 6.0000 0.3896 0.0796 
12.1140 10.0000 251.2840 0.4291 0.2441 -0.4905 3.4523 7.0000 0.5862 0.0545 
12.4320 10.0000 266.4200 0.4205 0.2413 -0.4979 3.3418 6.0000 0.2594 0.0695 
12.5700 9.0000 280.1200 0.4349 0.2425 -0.4972 3.3663 8.0000 0.1228 0.0918 
12.2480 10.0000 262.8480 0.4347 0.2402 -0.4902 3.4187 7.0000 0.1249 0.0800 
12.0700 11.0000 243.6640 0.4049 0.2302 -0.4979 3.3681 6.0000 0.3423 0.0758 
11.6660 10.0000 246.0140 0.4229 0.2352 -0.4423 3.4358 7.0000 0.2873 0.0438 
11.9600 10.0000 248.7080 0.4157 0.2328 -0.4853 3.3887 7.0000 0.2930 0.0589 
12.6720 10.0000 266.7280 0.3949 0.2305 -0.4851 3.3232 6.0000 0.4720 0.0805 
12.4040 11.0000 262.2580 0.4047 0.2321 -0.4843 3.3486 6.0000 0.7932 0.0648 
11.7420 10.0000 239.7740 0.4211 0.2348 -0.4772 3.3905 6.0000 0.7425 0.0844 
12.6820 10.0000 271.7540 0.4160 0.2397 -0.5061 3.3418 6.0000 0.3891 0.0855 
12.0460 10.0000 248.5140 0.4000 0.2324 -0.4591 3.3694 6.0000 0.2536 0.0751 
12.8580 10.0000 279.7720 0.3955 0.2341 -0.4531 3.3057 7.0000 0.4499 0.0493 
11.8800 10.0000 245.5960 0.4206 0.2308 -0.4875 3.3357 6.0000 0.4747 0.1209 
11.5480 10.0000 234.1400 0.4138 0.2427 -0.4192 3.4923 7.0000 0.3835 0.0468 
12.4680 10.0000 273.2040 0.4461 0.2455 -0.5251 3.3535 6.0000 0.3710 0.1075 
12.1040 10.0000 248.1340 0.4012 0.2327 -0.4641 3.3574 7.0000 0.3609 0.0718 
12.3340 10.0000 261.8000 0.4081 0.2248 -0.4990 3.3271 7.0000 0.2984 0.0953 
12.0680 3.0000 241.5120 0.3890 0.2401 -0.4267 3.4153 6.0000 0.2291 0.0907 
11.9040 9.0000 249.0940 0.4327 0.2504 -0.4475 3.4215 6.0000 0.3122 0.0622 
12.2400 10.0000 253.5100 0.3980 0.2329 -0.4569 3.3458 6.0000 0.0998 0.0514 
12.1220 10.0000 255.8920 0.4346 0.2363 -0.5075 3.3763 7.0000 0.0547 0.0723 
11.6760 10.0000 235.7200 0.4212 0.2430 -0.4613 3.4446 6.0000 0.0290 0.1158 
12.1780 10.0000 251.9020 0.4053 0.2432 -0.4348 3.3950 7.0000 0.0254 0.0422 
12.5620 11.0000 271.4880 0.4234 0.2373 -0.5109 3.3752 6.0000 0.7934 0.0861 
11.8720 7.0000 238.5720 0.3879 0.2268 -0.4536 3.3905 6.0000 0.5571 0.0770 
12.8460 11.0000 265.7540 0.3696 0.2287 -0.4650 3.2955 6.0000 0.4913 0.0686 
11.6360 10.0000 228.3720 0.4079 0.2427 -0.4353 3.4720 7.0000 0.7338 0.0768 
11.8180 9.0000 239.9880 0.4025 0.2262 -0.4750 3.3709 6.0000 0.6113 0.0777 
11.6940 10.0000 235.2520 0.4178 0.2338 -0.4817 3.3786 7.0000 0.4782 0.0945 
12.2800 11.0000 254.1040 0.4128 0.2341 -0.4851 3.3413 6.0000 0.2931 0.0798 
12.3600 10.0000 262.3060 0.4182 0.2474 -0.4489 3.3821 7.0000 0.2980 0.0819 
12.5280 4.0000 271.0120 0.4129 0.2365 -0.4772 3.3457 6.0000 0.3976 0.0809 
12.0640 10.0000 253.6380 0.4171 0.2373 -0.4776 3.3983 8.0000 0.2555 0.0658 
12.3520 10.0000 255.1560 0.3938 0.2306 -0.4851 3.3596 7.0000 0.4638 0.0696 
11.9100 7.0000 246.4420 0.3967 0.2240 -0.4461 3.3717 7.0000 0.4827 0.1040 
11.7400 10.0000 238.6680 0.4116 0.2354 -0.4428 3.4224 6.0000 0.3806 0.0920 
11.7400 5.0000 243.7940 0.4288 0.2391 -0.4578 3.4206 6.0000 0.3344 0.0818 
11.7480 10.0000 236.6480 0.4175 0.2299 -0.5126 3.3845 7.0000 0.7429 0.0895 
11.9780 10.0000 242.6660 0.3952 0.2284 -0.4643 3.3810 7.0000 0.6365 0.1004 
12.3360 9.0000 254.1040 0.3951 0.2317 -0.4782 3.3466 6.0000 0.1318 0.0630 
12.1500 10.0000 252.5000 0.4106 0.2346 -0.4600 3.3267 6.0000 0.1336 0.0940 
11.4640 10.0000 226.7680 0.3858 0.2231 -0.4280 3.3975 6.0000 0.2206 0.0673 
12.7180 10.0000 272.1100 0.3966 0.2329 -0.4830 3.3024 7.0000 0.2674 0.1077 
12.2440 10.0000 264.9700 0.4432 0.2375 -0.5258 3.3373 6.0000 0.2151 0.0912 
12.6840 10.0000 266.1520 0.3947 0.2229 -0.5171 3.2729 7.0000 0.1309 0.0796 
12.4280 11.0000 253.9200 0.4052 0.2462 -0.4633 3.3750 6.0000 0.4097 0.0675 
11.2960 8.0000 217.0940 0.4100 0.2425 -0.4390 3.5200 8.0000 0.2508 0.0771 
11.9540 10.0000 234.0700 0.4229 0.2525 -0.4923 3.4448 6.0000 0.1217 0.0718 
12.6000 5.0000 261.7620 0.4078 0.2271 -0.5388 3.3121 6.0000 0.4708 0.0555 
12.3260 10.0000 254.2120 0.4279 0.2513 -0.5080 3.4048 6.0000 0.1311 0.0862 
12.3660 10.0000 257.9100 0.4217 0.2389 -0.5117 3.3761 8.0000 0.1531 0.0787 
12.1960 8.0000 268.3260 0.4157 0.2246 -0.4712 3.2882 6.0000 0.2475 0.0429 
12.3000 10.0000 259.9780 0.3849 0.2216 -0.4583 3.3440 6.0000 0.1286 0.0700 
12.8300 10.0000 273.4960 0.4011 0.2331 -0.5048 3.3322 6.0000 0.0898 0.0835 
11.6120 9.0000 239.3900 0.4290 0.2329 -0.4777 3.3966 6.0000 0.2678 0.0805 
12.0480 11.0000 241.0060 0.4306 0.2491 -0.5027 3.4149 6.0000 0.7924 0.0648 
11.9380 10.0000 244.3520 0.3814 0.2244 -0.4342 3.3574 6.0000 0.6180 0.0844 
11.7560 10.0000 239.9680 0.4300 0.2396 -0.5079 3.4277 6.0000 0.3918 0.0855 
12.2560 10.0000 260.4780 0.4041 0.2268 -0.4685 3.3387 7.0000 0.2482 0.0751 
12.7500 11.0000 265.9540 0.4167 0.2505 -0.5044 3.3588 7.0000 0.4036 0.1063 
12.9800 11.0000 277.7300 0.3994 0.2374 -0.4961 3.3106 6.0000 0.2098 0.0721 
12.5280 5.0000 264.7420 0.4084 0.2412 -0.4686 3.3725 8.0000 0.1600 0.1039 
11.9100 9.0000 242.8280 0.4335 0.2484 -0.4818 3.4235 7.0000 0.3660 0.0585 
12.4160 10.0000 254.2560 0.4054 0.2319 -0.5342 3.3914 7.0000 0.3123 0.1075 
12.6820 11.0000 262.1680 0.3814 0.2321 -0.4613 3.3044 6.0000 0.3057 0.0718 
12.3120 10.0000 259.2160 0.4063 0.2241 -0.5053 3.3089 6.0000 0.3383 0.0571 
12.1560 10.0000 241.2580 0.3914 0.2270 -0.5073 3.3512 6.0000 0.2161 0.0674 
11.9240 10.0000 246.4460 0.4152 0.2394 -0.4528 3.4029 8.0000 0.2420 0.0764 
