12.6672 10.0000 270.9568 0.3812 0.2078 -0.4963 0.0000 0.0000 1.4697 0.0780 
12.6600 10.0000 271.3768 0.3773 0.2085 -0.4927 0.0000 0.0000 1.4389 0.0780 
11.9096 9.0000 241.1528 0.3867 0.2121 -0.4878 0.0000 0.0000 1.6538 0.0731 
12.3824 10.0000 259.0112 0.3843 0.2047 -0.5158 0.0000 0.0000 1.5593 0.0780 
12.4120 10.0000 260.1048 0.3866 0.2112 -0.4977 0.0000 0.0000 1.6042 0.0780 
12.3920 10.0000 255.9760 0.3852 0.2113 -0.5196 0.0000 0.0000 1.6073 0.0780 
12.3600 7.0000 258.2608 0.3772 0.2015 -0.5067 0.0000 0.0000 1.6016 0.0780 
12.0440 10.0000 245.5488 0.3699 0.2010 -0.4789 0.0000 0.0000 1.6497 0.0731 
12.3984 8.0000 259.3920 0.3743 0.2055 -0.4938 0.0000 0.0000 1.5633 0.0780 
12.4272 10.0000 259.5552 0.3683 0.1980 -0.5006 0.0000 0.0000 1.5608 0.0780 
12.4544 10.0000 258.4816 0.3861 0.2122 -0.5133 0.0000 0.0000 1.5179 0.0780 
12.0480 9.0000 247.2608 0.3965 0.2160 -0.4837 0.0000 0.0000 0.3834 0.0784 
12.1720 6.0000 255.3696 0.3952 0.2125 -0.4927 0.0000 0.0000 0.5557 0.0784 
12.1936 2.0000 248.8064 0.3844 0.2091 -0.5078 0.0000 0.0000 1.4720 0.0658 
12.4528 10.0000 265.0744 0.3932 0.2176 -0.4908 0.0000 0.0000 1.0930 0.0658 
12.2656 10.0000 253.2632 0.3830 0.2098 -0.4991 0.0000 0.0000 1.0476 0.0658 
12.4496 10.0000 262.6728 0.3867 0.2117 -0.4940 0.0000 0.0000 1.0884 0.0658 
12.1304 10.0000 251.4624 0.3987 0.2211 -0.4821 0.0000 0.0000 1.1297 0.0658 
12.3112 10.0000 258.8520 0.3798 0.2079 -0.4734 0.0000 0.0000 1.2564 0.0658 
12.4344 9.0000 264.1608 0.3804 0.2048 -0.4908 0.0000 0.0000 1.3489 0.0658 
12.2552 10.0000 252.2248 0.3852 0.2146 -0.4878 0.0000 0.0000 1.2168 0.0658 
11.5696 7.0000 229.3232 0.3882 0.2104 -0.4818 0.0000 0.0000 1.0895 0.0772 
12.5312 10.0000 259.2992 0.3862 0.2086 -0.5271 0.0000 0.0000 0.1797 0.0868 
12.5848 9.0000 269.6600 0.3828 0.2020 -0.5189 0.0000 0.0000 0.2651 0.0841 
12.3400 10.0000 256.1376 0.3913 0.2139 -0.5207 0.0000 0.0000 0.2660 0.0687 
12.0376 9.0000 250.1208 0.4111 0.2276 -0.4917 0.0000 0.0000 0.9159 0.0631 
12.3592 10.0000 255.7424 0.3904 0.2141 -0.5013 0.0000 0.0000 0.7446 0.0631 
12.2832 9.0000 255.3328 0.3761 0.2000 -0.5081 0.0000 0.0000 0.9642 0.0631 
12.1976 10.0000 251.4448 0.3772 0.2061 -0.4987 0.0000 0.0000 1.0463 0.0631 
12.1688 6.0000 249.8824 0.3973 0.2132 -0.5265 0.0000 0.0000 1.1909 0.0631 
12.1968 7.0000 258.0360 0.4092 0.2204 -0.5013 0.0000 0.0000 1.2304 0.0631 
12.4464 9.0000 257.6896 0.3858 0.2137 -0.5011 0.0000 0.0000 1.1882 0.0631 
12.2112 10.0000 249.8832 0.3916 0.2214 -0.4761 0.0000 0.0000 1.0521 0.0839 
12.5568 8.0000 272.4088 0.3941 0.2252 -0.4535 0.0000 0.0000 0.2204 0.0603 
12.2000 10.0000 254.1832 0.4050 0.2212 -0.5117 0.0000 0.0000 0.3052 0.0687 
12.6072 10.0000 266.3496 0.4003 0.2192 -0.5222 0.0000 0.0000 0.3075 0.0831 
12.3440 10.0000 256.3096 0.3988 0.2192 -0.5116 0.0000 0.0000 0.1793 0.0831 
11.8152 10.0000 238.0144 0.3842 0.2108 -0.4687 0.0000 0.0000 0.4694 0.0581 
12.2704 8.0000 258.0168 0.4115 0.2236 -0.4975 0.0000 0.0000 0.4832 0.0581 
12.4672 8.0000 262.1464 0.4097 0.2218 -0.5184 0.0000 0.0000 0.4933 0.0581 
12.3368 10.0000 260.0424 0.3812 0.2076 -0.4827 0.0000 0.0000 0.4857 0.0831 
12.7720 10.0000 270.9072 0.3793 0.2100 -0.5093 0.0000 0.0000 1.2274 0.0588 
12.2840 10.0000 253.4576 0.3849 0.2099 -0.4999 0.0000 0.0000 1.1488 0.0581 
12.7024 10.0000 271.4848 0.3925 0.2219 -0.4884 0.0000 0.0000 1.1133 0.0581 
12.6016 11.0000 261.4360 0.3644 0.2118 -0.4649 0.0000 0.0000 1.0554 0.0588 
12.3096 10.0000 258.1280 0.4001 0.2180 -0.5051 0.0000 0.0000 0.2661 0.0544 
12.1152 6.0000 246.5736 0.3801 0.2069 -0.5015 0.0000 0.0000 0.2197 0.0544 
12.2432 10.0000 257.4240 0.4131 0.2295 -0.4924 0.0000 0.0000 0.4370 0.0866 
12.2392 10.0000 253.3952 0.3908 0.2150 -0.4979 0.0000 0.0000 0.3957 0.0653 
12.2928 10.0000 253.1416 0.3873 0.2177 -0.4889 0.0000 0.0000 0.7090 0.0655 
12.4032 10.0000 258.8528 0.3736 0.2037 -0.4951 0.0000 0.0000 0.7922 0.0599 
12.2248 10.0000 254.0448 0.3959 0.2186 -0.4910 0.0000 0.0000 0.6146 0.0639 
12.8072 5.0000 270.0432 0.3609 0.2021 -0.4897 0.0000 0.0000 0.6552 0.0714 
12.1312 10.0000 256.2120 0.3914 0.2050 -0.5066 0.0000 0.0000 0.5268 0.0789 
12.5512 10.0000 268.3152 0.3893 0.2135 -0.4950 0.0000 0.0000 0.2978 0.0714 
12.5272 10.0000 265.5112 0.3820 0.2054 -0.5102 0.0000 0.0000 0.3036 0.0613 
11.7456 10.0000 231.1680 0.3934 0.2193 -0.4797 0.0000 0.0000 0.3944 0.0554 
12.3640 10.0000 257.7704 0.3826 0.2167 -0.4750 0.0000 0.0000 0.3526 0.0554 
12.1384 10.0000 255.6432 0.4031 0.2206 -0.4772 0.0000 0.0000 0.2176 0.0532 
12.4824 10.0000 262.5248 0.4020 0.2242 -0.4944 0.0000 0.0000 0.3064 0.0711 
12.5456 10.0000 269.3264 0.4000 0.2174 -0.5004 0.0000 0.0000 0.3091 0.0928 
12.5192 10.0000 265.3240 0.3883 0.2143 -0.4949 0.0000 0.0000 0.3057 0.0789 
12.3112 10.0000 254.8032 0.3817 0.2124 -0.4788 0.0000 0.0000 0.3096 0.0606 
11.9848 10.0000 245.0648 0.3800 0.2083 -0.4808 0.0000 0.0000 0.3078 0.0752 
12.4000 3.0000 261.8720 0.3956 0.2164 -0.5016 0.0000 0.0000 0.3941 0.0738 
12.5016 10.0000 260.5936 0.3923 0.2149 -0.5212 0.0000 0.0000 0.3946 0.0738 
12.6728 10.0000 271.0984 0.3918 0.2121 -0.5211 0.0000 0.0000 0.3068 0.0783 
12.5464 7.0000 264.1912 0.3705 0.2054 -0.4860 0.0000 0.0000 0.2196 0.0928 
12.1488 7.0000 247.8904 0.3766 0.2146 -0.4552 0.0000 0.0000 0.3538 0.0701 
12.6096 10.0000 271.2608 0.3697 0.2013 -0.4668 0.0000 0.0000 0.3509 0.0701 
11.9024 4.0000 244.7024 0.4046 0.2201 -0.4919 0.0000 0.0000 0.3074 0.0591 
12.0256 10.0000 250.7344 0.3959 0.2129 -0.4873 0.0000 0.0000 0.3091 0.0674 
12.6520 10.0000 272.8248 0.4066 0.2218 -0.5137 0.0000 0.0000 0.2202 0.0826 
12.3016 10.0000 253.3808 0.3787 0.2080 -0.4958 0.0000 0.0000 0.2649 0.0674 
11.9608 10.0000 246.7376 0.3764 0.2024 -0.4728 0.0000 0.0000 0.3081 0.0615 
12.3104 10.0000 257.1808 0.3823 0.2120 -0.4725 0.0000 0.0000 0.3081 0.0650 
12.4544 6.0000 261.8840 0.3874 0.2082 -0.5166 0.0000 0.0000 0.3114 0.0733 
12.3744 10.0000 262.6256 0.4042 0.2154 -0.5213 0.0000 0.0000 0.3515 0.0679 
12.2376 10.0000 257.9240 0.3836 0.2123 -0.4719 0.0000 0.0000 0.3057 0.0719 
12.3352 11.0000 252.7040 0.3945 0.2194 -0.5058 0.0000 0.0000 0.3070 0.0747 
12.0680 10.0000 249.1536 0.3837 0.2070 -0.4864 0.0000 0.0000 0.3046 0.0747 
12.6592 10.0000 265.8848 0.3721 0.2060 -0.5026 0.0000 0.0000 0.2197 0.0733 
12.5896 10.0000 269.8736 0.3794 0.2018 -0.5098 0.0000 0.0000 0.2667 0.0970 
12.3664 10.0000 259.8032 0.3944 0.2204 -0.4772 0.0000 0.0000 0.7584 0.0729 
12.1048 10.0000 245.9456 0.3820 0.2121 -0.4773 0.0000 0.0000 0.3947 0.0608 
12.5064 10.0000 266.4424 0.4020 0.2231 -0.4970 0.0000 0.0000 0.3083 0.0671 
12.2768 10.0000 255.5592 0.3876 0.2090 -0.5130 0.0000 0.0000 0.3063 0.0566 
12.1592 10.0000 247.5520 0.3770 0.2144 -0.4609 0.0000 0.0000 0.2640 0.0636 
12.3328 10.0000 258.0072 0.3949 0.2112 -0.5166 0.0000 0.0000 0.3949 0.0759 
11.9016 10.0000 237.8904 0.3861 0.2123 -0.4911 0.0000 0.0000 0.3506 0.0759 
12.2880 10.0000 255.6336 0.3740 0.2100 -0.4636 0.0000 0.0000 0.3084 0.0655 
12.0752 10.0000 245.8360 0.3840 0.2133 -0.4795 0.0000 0.0000 0.3966 0.0655 
11.8520 10.0000 241.4544 0.3808 0.2154 -0.4413 0.0000 0.0000 0.3961 0.0655 
12.5448 9.0000 259.6680 0.3831 0.2069 -0.5366 0.0000 0.0000 0.3068 0.0655 
12.6808 7.0000 273.3688 0.3872 0.2139 -0.4923 0.0000 0.0000 0.2257 0.0655 
12.4608 10.0000 264.5864 0.3945 0.2149 -0.5017 0.0000 0.0000 0.3071 0.0655 
12.2304 10.0000 252.8848 0.3831 0.2100 -0.4905 0.0000 0.0000 0.3015 0.0655 
12.3952 10.0000 255.7240 0.3822 0.2142 -0.4915 0.0000 0.0000 0.3076 0.0655 
12.1984 10.0000 252.4432 0.4028 0.2228 -0.5036 0.0000 0.0000 0.3081 0.0655 
12.3736 10.0000 256.5928 0.4020 0.2189 -0.5277 0.0000 0.0000 0.3077 0.0655 
