12.3192 10.0000 258.3008 0.3581 0.1927 -0.4892 4.2875 8.0000 22.2228 0.0608 
12.1832 6.0000 253.2950 0.3506 0.1872 -0.4908 4.2842 9.0000 21.7176 0.0678 
12.4360 10.0000 261.2372 0.3547 0.1915 -0.4986 4.2776 8.0000 20.3555 0.0664 
12.1264 10.0000 250.2978 0.3519 0.1882 -0.4913 4.2845 8.0000 21.3296 0.0678 
12.4010 10.0000 259.9486 0.3535 0.1922 -0.4895 4.2829 8.0000 22.0984 0.0628 
12.3546 9.0000 257.6730 0.3528 0.1939 -0.4830 4.2975 8.0000 21.6299 0.0658 
12.2270 10.0000 252.2132 0.3488 0.1903 -0.4829 4.2891 8.0000 22.0111 0.0781 
12.3246 10.0000 254.1528 0.3447 0.1892 -0.4884 4.2816 8.0000 21.9321 0.0603 
12.4388 10.0000 260.5874 0.3530 0.1906 -0.5003 4.2633 8.0000 20.6391 0.0812 
12.5062 10.0000 262.5080 0.3442 0.1896 -0.4885 4.2584 8.0000 21.6710 0.0781 
12.1968 8.0000 254.0788 0.3596 0.1923 -0.4991 4.3007 8.0000 22.0081 0.0725 
12.5932 9.0000 268.9540 0.3569 0.1944 -0.4952 4.2695 8.0000 3.0199 0.0621 
12.2790 10.0000 255.2478 0.3549 0.1928 -0.4945 4.2983 8.0000 2.3418 0.0717 
12.4126 10.0000 261.2630 0.3571 0.1913 -0.5063 4.2677 8.0000 3.3236 0.0677 
12.3212 10.0000 256.8410 0.3577 0.1939 -0.4977 4.2896 8.0000 3.2581 0.0794 
12.3672 10.0000 262.3458 0.3573 0.1875 -0.5038 4.2594 8.0000 2.9068 0.0675 
12.3352 10.0000 257.0602 0.3583 0.1939 -0.5009 4.2984 9.0000 3.3830 0.0710 
12.4714 6.0000 262.8044 0.3541 0.1912 -0.5004 4.2680 8.0000 3.8570 0.0595 
12.3234 10.0000 256.4598 0.3532 0.1898 -0.5012 4.2798 8.0000 3.6828 0.0730 
12.4478 8.0000 261.9588 0.3603 0.1959 -0.4933 4.2895 8.0000 3.3322 0.0710 
12.6244 10.0000 268.7342 0.3532 0.1895 -0.5134 4.2456 8.0000 3.0478 0.0772 
12.4262 10.0000 262.5058 0.3615 0.1941 -0.5029 4.2878 9.0000 3.2931 0.0610 
12.2510 10.0000 253.4594 0.3560 0.1935 -0.4993 4.2978 8.0000 3.4610 0.0665 
12.2270 5.0000 250.1464 0.3496 0.1924 -0.4884 4.3088 9.0000 2.3301 0.0673 
12.3958 10.0000 257.9256 0.3551 0.1942 -0.4939 4.2907 8.0000 3.4657 0.0667 
12.4962 10.0000 263.3456 0.3576 0.1934 -0.5012 4.2767 8.0000 3.2962 0.0735 
12.4834 10.0000 262.5702 0.3459 0.1908 -0.4839 4.2683 8.0000 3.1181 0.0634 
12.1418 10.0000 249.6202 0.3552 0.1940 -0.4846 4.3165 8.0000 3.2945 0.0637 
12.1634 3.0000 250.6018 0.3509 0.1897 -0.4891 4.2862 8.0000 3.0302 0.0634 
12.4002 10.0000 256.5528 0.3474 0.1922 -0.4942 4.2898 8.0000 3.7755 0.0634 
12.2494 10.0000 253.9586 0.3507 0.1911 -0.4815 4.2916 8.0000 2.4190 0.0634 
12.1682 8.0000 251.7856 0.3565 0.1926 -0.4873 4.3076 8.0000 3.2928 0.0561 
12.4044 10.0000 262.0874 0.3629 0.1948 -0.5027 4.2881 9.0000 3.2063 0.0613 
12.4426 10.0000 260.8880 0.3543 0.1923 -0.4980 4.2667 8.0000 2.8101 0.0701 
12.2584 10.0000 254.8838 0.3575 0.1913 -0.4970 4.3028 8.0000 3.3831 0.0675 
12.3804 10.0000 260.5938 0.3572 0.1928 -0.4975 4.2863 8.0000 3.3829 0.0773 
12.6028 8.0000 269.4580 0.3533 0.1914 -0.4985 4.2613 8.0000 3.1426 0.0740 
12.5398 10.0000 265.4832 0.3497 0.1890 -0.5010 4.2434 8.0000 3.3017 0.0740 
12.4570 10.0000 262.8074 0.3540 0.1912 -0.5013 4.2621 8.0000 5.9054 0.0612 
12.3902 10.0000 259.1584 0.3486 0.1917 -0.4739 4.2664 8.0000 11.2195 0.0736 
12.3542 10.0000 257.0482 0.3468 0.1899 -0.4797 4.2735 8.0000 11.2644 0.0747 
12.3068 10.0000 258.4506 0.3544 0.1910 -0.4865 4.2874 9.0000 9.9463 0.0747 
12.4580 10.0000 261.9008 0.3498 0.1889 -0.4958 4.2603 8.0000 5.4123 0.0606 
12.4352 10.0000 260.5740 0.3558 0.1943 -0.4948 4.2804 8.0000 3.5289 0.0761 
12.0652 10.0000 249.4110 0.3563 0.1925 -0.4794 4.3200 9.0000 2.5501 0.0619 
12.2690 9.0000 254.9144 0.3541 0.1942 -0.4892 4.3106 8.0000 2.5933 0.0782 
12.1382 10.0000 247.9274 0.3469 0.1896 -0.4847 4.3075 8.0000 3.0093 0.0751 
12.3262 10.0000 256.7052 0.3667 0.1972 -0.5128 4.3208 8.0000 3.5972 0.0612 
12.3030 5.0000 255.8516 0.3564 0.1930 -0.4892 4.2890 8.0000 5.1827 0.0751 
12.3818 8.0000 259.2406 0.3565 0.1936 -0.4949 4.2832 8.0000 5.0064 0.0605 
12.4664 10.0000 261.2106 0.3506 0.1909 -0.4968 4.2697 8.0000 3.2075 0.0595 
12.3008 10.0000 256.3682 0.3543 0.1935 -0.4841 4.2940 8.0000 2.4657 0.0658 
12.4342 6.0000 260.7274 0.3501 0.1896 -0.4984 4.2643 8.0000 8.4865 0.0612 
12.3240 7.0000 258.2870 0.3522 0.1938 -0.4765 4.2887 8.0000 8.9618 0.0585 
12.4316 10.0000 261.7986 0.3527 0.1947 -0.4777 4.2910 9.0000 3.2522 0.0688 
12.1828 7.0000 251.3398 0.3609 0.1941 -0.5001 4.3182 9.0000 3.6475 0.0577 
12.4014 10.0000 259.6492 0.3479 0.1905 -0.4836 4.2733 8.0000 3.4079 0.0570 
12.3254 10.0000 259.4224 0.3586 0.1903 -0.5008 4.2744 8.0000 3.5575 0.0662 
12.2232 10.0000 253.1890 0.3579 0.1940 -0.4990 4.3207 8.0000 7.6296 0.0594 
12.4710 9.0000 263.2740 0.3593 0.1922 -0.5090 4.2687 8.0000 6.3155 0.0654 
12.4682 10.0000 259.4558 0.3447 0.1891 -0.4923 4.2516 8.0000 3.4378 0.0747 
12.4238 10.0000 258.8728 0.3547 0.1943 -0.5005 4.2952 7.0000 5.0457 0.0675 
12.1350 9.0000 252.7724 0.3600 0.1933 -0.4879 4.3042 9.0000 4.0344 0.0774 
12.5126 9.0000 260.7920 0.3500 0.1921 -0.5040 4.2724 8.0000 3.4246 0.0777 
12.4886 10.0000 262.5818 0.3611 0.1969 -0.5025 4.3018 8.0000 3.4746 0.0734 
12.4076 9.0000 260.7248 0.3503 0.1890 -0.4901 4.2620 8.0000 3.2920 0.0675 
12.4764 10.0000 261.8188 0.3590 0.1948 -0.5088 4.2865 8.0000 3.5612 0.0764 
12.4954 9.0000 264.4714 0.3525 0.1925 -0.4908 4.2716 8.0000 3.4767 0.0685 
12.5700 10.0000 265.4634 0.3517 0.1905 -0.5025 4.2551 8.0000 3.6486 0.0665 
12.3914 10.0000 261.7196 0.3589 0.1956 -0.4852 4.2916 9.0000 3.6933 0.0780 
12.4472 10.0000 260.9754 0.3554 0.1905 -0.5094 4.2726 8.0000 3.4281 0.0780 
12.1404 10.0000 252.5176 0.3623 0.1940 -0.4962 4.3167 8.0000 3.7805 0.0646 
12.3636 10.0000 259.1478 0.3587 0.1920 -0.5045 4.2755 8.0000 3.5546 0.0646 
12.3302 10.0000 258.6308 0.3609 0.1955 -0.4918 4.2999 9.0000 4.2200 0.0763 
12.0270 10.0000 248.2420 0.3586 0.1940 -0.4744 4.3297 8.0000 5.2772 0.0692 
12.1450 10.0000 254.0920 0.3570 0.1913 -0.4783 4.2903 10.0000 3.5598 0.0644 
12.4064 6.0000 259.1224 0.3570 0.1929 -0.5076 4.2744 8.0000 3.8231 0.0561 
12.2172 10.0000 251.5444 0.3540 0.1917 -0.4948 4.2920 8.0000 3.7781 0.0730 
12.4506 10.0000 262.0164 0.3574 0.1946 -0.4982 4.2937 8.0000 3.6464 0.0849 
12.3204 7.0000 257.0080 0.3577 0.1949 -0.4942 4.3029 10.0000 3.7378 0.0621 
12.2838 10.0000 255.0234 0.3468 0.1863 -0.4942 4.2806 8.0000 5.1892 0.0849 
12.2920 10.0000 259.4858 0.3584 0.1881 -0.5022 4.2703 8.0000 5.0078 0.0636 
12.3308 10.0000 257.8518 0.3548 0.1933 -0.4870 4.2975 8.0000 3.5982 0.0729 
12.2566 10.0000 254.2422 0.3603 0.1940 -0.5023 4.3092 8.0000 4.4274 0.0696 
12.4950 10.0000 263.9766 0.3520 0.1908 -0.4939 4.2685 8.0000 5.5360 0.0631 
12.3298 10.0000 260.1800 0.3589 0.1935 -0.4901 4.3108 9.0000 5.0525 0.0697 
12.4960 9.0000 262.3740 0.3489 0.1888 -0.4972 4.2576 9.0000 3.4327 0.0692 
12.4560 10.0000 263.4376 0.3585 0.1945 -0.4986 4.2829 8.0000 3.8712 0.0627 
12.4172 10.0000 259.5446 0.3533 0.1920 -0.4973 4.2873 8.0000 2.4621 0.0677 
12.2980 10.0000 258.9090 0.3704 0.1974 -0.5113 4.3145 8.0000 4.0247 0.0745 
12.3776 10.0000 259.3294 0.3578 0.1925 -0.5033 4.2875 8.0000 5.1365 0.0745 
12.3472 10.0000 259.5562 0.3603 0.1937 -0.4996 4.2946 8.0000 4.7128 0.0745 
12.1044 9.0000 248.6640 0.3510 0.1908 -0.4829 4.3183 9.0000 3.7818 0.0745 
12.4072 10.0000 260.8230 0.3556 0.1929 -0.4956 4.2815 8.0000 3.6511 0.0745 
12.4096 10.0000 261.2482 0.3616 0.1936 -0.5110 4.2835 8.0000 2.5079 0.0745 
12.3766 10.0000 258.4600 0.3597 0.1934 -0.5082 4.2696 8.0000 3.6056 0.0745 
12.4990 6.0000 261.1414 0.3553 0.1942 -0.5063 4.2860 8.0000 3.5602 0.0745 
12.5804 10.0000 266.4550 0.3537 0.1930 -0.5027 4.2670 10.0000 3.7805 0.0745 
12.4260 8.0000 265.2116 0.3577 0.1928 -0.4840 4.2851 9.0000 3.6959 0.0745 
12.3858 10.0000 260.4924 0.3640 0.1956 -0.5084 4.3006 8.0000 3.9542 0.0745 
