12.2792 10.0000 256.1856 0.3744 0.2032 -0.4805 0.0000 0.0000 1.6813 0.0778 
12.3056 8.0000 258.4104 0.3882 0.2106 -0.5024 0.0000 0.0000 1.7224 0.0807 
12.0160 10.0000 252.0608 0.3757 0.2032 -0.4490 0.0000 0.0000 1.6818 0.0778 
12.1448 10.0000 253.7464 0.3978 0.2241 -0.4640 0.0000 0.0000 1.7249 0.0778 
11.9920 6.0000 243.4488 0.3902 0.2093 -0.5003 0.0000 0.0000 1.6934 0.0778 
12.6752 11.0000 270.1568 0.3871 0.2100 -0.5098 0.0000 0.0000 1.5999 0.0754 
12.3480 10.0000 260.6208 0.3800 0.2124 -0.4735 0.0000 0.0000 1.7237 0.0754 
12.2096 10.0000 254.9400 0.4018 0.2218 -0.4897 0.0000 0.0000 1.5612 0.0778 
12.3136 5.0000 261.1448 0.4106 0.2181 -0.5149 0.0000 0.0000 1.5084 0.0778 
12.4552 10.0000 260.6064 0.3889 0.2112 -0.5151 0.0000 0.0000 1.6801 0.0754 
12.0472 9.0000 247.3264 0.3941 0.2099 -0.5043 0.0000 0.0000 1.6892 0.0778 
12.3096 10.0000 254.4664 0.3906 0.2127 -0.5082 0.0000 0.0000 0.2473 0.0601 
12.5184 11.0000 262.6800 0.3755 0.2052 -0.5062 0.0000 0.0000 0.7468 0.0726 
12.5120 8.0000 262.0280 0.3894 0.2129 -0.5119 0.0000 0.0000 1.1260 0.0856 
11.9448 7.0000 244.0968 0.4042 0.2166 -0.5092 0.0000 0.0000 1.1761 0.0856 
11.7912 10.0000 237.1888 0.3704 0.1991 -0.4803 0.0000 0.0000 1.3917 0.0856 
12.1488 10.0000 252.5128 0.3782 0.2024 -0.4833 0.0000 0.0000 1.3120 0.0628 
11.8256 10.0000 243.9400 0.3961 0.2180 -0.4647 0.0000 0.0000 1.1791 0.0726 
12.2248 10.0000 252.7688 0.3727 0.2163 -0.4482 0.0000 0.0000 1.2251 0.0856 
12.0416 10.0000 246.5640 0.3975 0.2117 -0.5075 0.0000 0.0000 0.9464 0.0689 
12.0632 10.0000 243.8432 0.3814 0.2049 -0.4996 0.0000 0.0000 0.8351 0.0689 
12.3504 9.0000 257.0136 0.3735 0.2065 -0.4708 0.0000 0.0000 0.6162 0.0689 
12.2544 10.0000 254.2640 0.3835 0.2095 -0.4939 0.0000 0.0000 0.2185 0.0685 
12.5856 10.0000 265.9448 0.3960 0.2227 -0.4895 0.0000 0.0000 0.3065 0.0702 
12.4680 11.0000 257.7256 0.3836 0.2209 -0.4826 0.0000 0.0000 0.3087 0.0604 
12.2736 10.0000 256.1104 0.3957 0.2191 -0.4980 0.0000 0.0000 0.4404 0.0820 
12.1832 10.0000 251.9488 0.3907 0.2158 -0.4753 0.0000 0.0000 0.8755 0.0697 
12.4472 10.0000 263.0088 0.3891 0.2178 -0.4754 0.0000 0.0000 0.9703 0.0697 
11.7112 6.0000 238.3400 0.3991 0.2180 -0.4641 0.0000 0.0000 1.1858 0.0703 
12.4688 10.0000 260.5312 0.3772 0.2028 -0.5267 0.0000 0.0000 0.9231 0.0703 
12.2536 4.0000 250.5728 0.3894 0.2125 -0.5089 0.0000 0.0000 0.8806 0.0703 
12.4104 9.0000 261.8952 0.3806 0.2064 -0.4979 0.0000 0.0000 0.8814 0.0703 
11.8432 10.0000 242.2752 0.3993 0.2077 -0.5028 0.0000 0.0000 0.7981 0.0604 
12.4576 10.0000 265.4056 0.4111 0.2104 -0.5661 0.0000 0.0000 0.2194 0.0604 
12.5792 10.0000 260.8976 0.3681 0.2083 -0.4793 0.0000 0.0000 0.2664 0.0611 
12.2160 8.0000 252.4288 0.3913 0.2147 -0.4909 0.0000 0.0000 0.5686 0.0841 
12.1896 10.0000 254.8768 0.3860 0.2144 -0.4704 0.0000 0.0000 0.3475 0.0744 
12.3936 10.0000 260.3208 0.3931 0.2127 -0.5067 0.0000 0.0000 0.5736 0.0785 
12.2064 10.0000 252.5144 0.3836 0.2076 -0.4906 0.0000 0.0000 0.4783 0.0785 
12.7016 10.0000 270.0056 0.3907 0.2079 -0.5347 0.0000 0.0000 0.3099 0.0454 
12.0480 10.0000 246.0112 0.3713 0.2055 -0.4603 0.0000 0.0000 0.3045 0.0785 
11.7720 10.0000 234.9160 0.3929 0.2165 -0.4785 0.0000 0.0000 1.1905 0.0699 
12.5752 10.0000 267.6696 0.3765 0.2079 -0.4828 0.0000 0.0000 1.0624 0.0590 
12.3504 10.0000 257.3016 0.3895 0.2142 -0.4972 0.0000 0.0000 1.0003 0.0590 
11.9112 9.0000 241.9952 0.3751 0.2117 -0.4428 0.0000 0.0000 0.8338 0.0699 
12.1184 6.0000 247.2352 0.3825 0.2065 -0.5070 0.0000 0.0000 0.1785 0.0590 
12.1920 5.0000 248.4320 0.3908 0.2234 -0.4754 0.0000 0.0000 0.3086 0.0664 
12.7232 10.0000 273.0712 0.3925 0.2152 -0.5049 0.0000 0.0000 0.3098 0.0670 
12.4496 10.0000 260.2968 0.3795 0.2119 -0.4866 0.0000 0.0000 0.3960 0.0909 
11.8384 8.0000 240.7672 0.3925 0.2147 -0.4784 0.0000 0.0000 0.6133 0.0771 
12.4424 9.0000 262.4336 0.3880 0.2185 -0.4698 0.0000 0.0000 0.5709 0.0673 
12.4488 10.0000 256.2152 0.3798 0.2152 -0.4878 0.0000 0.0000 0.3932 0.0673 
12.3600 10.0000 258.7184 0.3970 0.2171 -0.5092 0.0000 0.0000 0.3982 0.0678 
12.2760 9.0000 251.8656 0.3678 0.2006 -0.4850 0.0000 0.0000 0.4380 0.0678 
12.4192 10.0000 261.3200 0.3936 0.2146 -0.5110 0.0000 0.0000 0.3498 0.0825 
12.5224 10.0000 267.0488 0.3841 0.2143 -0.4682 0.0000 0.0000 0.3521 0.0683 
12.0680 10.0000 244.5856 0.3944 0.2164 -0.4935 0.0000 0.0000 0.3490 0.0683 
12.1968 4.0000 252.9352 0.3928 0.2177 -0.4868 0.0000 0.0000 0.3081 0.0925 
12.4264 10.0000 259.6576 0.3890 0.2169 -0.5000 0.0000 0.0000 0.2198 0.0704 
11.7880 10.0000 238.2256 0.3961 0.2163 -0.4870 0.0000 0.0000 0.3041 0.0984 
11.9880 10.0000 249.3152 0.3941 0.2158 -0.4583 0.0000 0.0000 0.3112 0.0550 
12.3856 10.0000 256.6240 0.3847 0.2139 -0.5021 0.0000 0.0000 0.3047 0.0550 
12.2840 10.0000 259.5096 0.3919 0.2136 -0.4913 0.0000 0.0000 0.3089 0.0703 
12.7600 10.0000 280.2992 0.3907 0.2067 -0.5063 0.0000 0.0000 0.6556 0.0809 
12.3376 10.0000 265.5144 0.4051 0.2107 -0.5056 0.0000 0.0000 0.6139 0.0809 
12.6712 11.0000 270.5384 0.3979 0.2209 -0.5091 0.0000 0.0000 0.6150 0.0687 
11.8704 9.0000 241.0688 0.3898 0.2085 -0.4954 0.0000 0.0000 0.3521 0.0707 
12.4224 10.0000 258.9912 0.3899 0.2168 -0.4944 0.0000 0.0000 0.3513 0.0710 
12.1768 9.0000 253.0200 0.4042 0.2148 -0.5247 0.0000 0.0000 0.3087 0.0762 
11.8632 10.0000 234.3576 0.4087 0.2347 -0.4835 0.0000 0.0000 0.2610 0.0763 
12.3736 10.0000 255.0504 0.3793 0.2112 -0.4930 0.0000 0.0000 0.3068 0.0746 
11.9944 10.0000 245.5472 0.3971 0.2217 -0.4727 0.0000 0.0000 0.5697 0.0760 
12.2320 8.0000 258.5352 0.3979 0.2141 -0.5070 0.0000 0.0000 0.5295 0.0760 
12.2688 10.0000 260.4472 0.3988 0.2159 -0.4948 0.0000 0.0000 0.3073 0.0760 
12.0216 10.0000 245.6960 0.3651 0.1995 -0.4639 0.0000 0.0000 0.3070 0.0760 
12.2648 10.0000 261.3240 0.4004 0.2081 -0.5258 0.0000 0.0000 0.3084 0.0651 
12.4224 11.0000 258.1240 0.4027 0.2174 -0.5281 0.0000 0.0000 0.3085 0.0736 
12.1400 10.0000 252.0272 0.3790 0.2117 -0.4608 0.0000 0.0000 0.2180 0.0746 
12.4856 10.0000 262.2464 0.3998 0.2155 -0.5270 0.0000 0.0000 0.3066 0.0736 
12.2120 10.0000 248.5992 0.3918 0.2162 -0.5060 0.0000 0.0000 0.3087 0.0661 
12.4072 10.0000 264.5992 0.3909 0.2126 -0.4893 0.0000 0.0000 0.3060 0.0700 
12.0592 8.0000 248.7112 0.3856 0.2210 -0.4381 0.0000 0.0000 0.3936 0.0856 
12.2192 10.0000 251.2384 0.3990 0.2276 -0.4876 0.0000 0.0000 0.4854 0.0919 
11.9328 10.0000 244.2000 0.3824 0.2220 -0.4252 0.0000 0.0000 1.2695 0.0564 
12.4672 10.0000 261.9760 0.3785 0.2155 -0.4730 0.0000 0.0000 1.1096 0.0564 
12.5408 10.0000 266.2016 0.3925 0.2127 -0.5045 0.0000 0.0000 1.0092 0.0576 
12.0280 10.0000 247.3344 0.3799 0.2074 -0.4725 0.0000 0.0000 0.7044 0.0856 
12.6664 10.0000 276.2664 0.3967 0.2129 -0.5057 0.0000 0.0000 0.3085 0.0620 
12.3240 10.0000 259.1400 0.4051 0.2256 -0.4890 0.0000 0.0000 0.4387 0.0734 
12.7936 10.0000 277.8160 0.3948 0.2131 -0.5186 0.0000 0.0000 0.3959 0.0734 
12.3200 10.0000 257.1872 0.3740 0.1982 -0.5123 0.0000 0.0000 0.3074 0.0790 
11.9088 10.0000 243.9000 0.3914 0.2094 -0.4904 0.0000 0.0000 0.3082 0.0790 
12.1256 10.0000 252.2360 0.4077 0.2247 -0.4883 0.0000 0.0000 0.4020 0.0790 
12.7080 10.0000 272.4632 0.3852 0.2069 -0.5137 0.0000 0.0000 0.3102 0.0790 
12.1864 3.0000 253.8008 0.3671 0.1982 -0.4814 0.0000 0.0000 0.3072 0.0790 
12.1512 10.0000 249.8736 0.3984 0.2133 -0.5211 0.0000 0.0000 0.3515 0.0790 
12.0896 7.0000 244.7712 0.3625 0.2075 -0.4522 0.0000 0.0000 0.3110 0.0790 
12.4720 10.0000 262.1104 0.3731 0.2094 -0.4728 0.0000 0.0000 0.3069 0.0790 
12.8640 11.0000 278.6336 0.3940 0.2186 -0.4997 0.0000 0.0000 0.3089 0.0790 
12.2576 7.0000 250.3336 0.3939 0.2172 -0.5091 0.0000 0.0000 0.2902 0.0790 
