12.6636 10.0000 266.4284 0.3672 0.1996 -0.5130 0.0000 0.0000 4.6852 0.0717 
12.4932 8.0000 260.3620 0.3660 0.2004 -0.5000 0.0000 0.0000 5.1253 0.0658 
12.3940 10.0000 257.5576 0.3651 0.1964 -0.4976 0.0000 0.0000 5.0839 0.0644 
12.2576 10.0000 251.3988 0.3649 0.2025 -0.4792 0.0000 0.0000 5.0893 0.0722 
12.4564 10.0000 257.8128 0.3663 0.2023 -0.5009 0.0000 0.0000 5.1321 0.0692 
12.3668 10.0000 254.9916 0.3700 0.1976 -0.5232 0.0000 0.0000 5.1795 0.0776 
12.5104 5.0000 264.9448 0.3728 0.2028 -0.4974 0.0000 0.0000 5.2119 0.0776 
12.0956 10.0000 243.1076 0.3616 0.2029 -0.4674 0.0000 0.0000 4.9026 0.0658 
12.2248 10.0000 252.6820 0.3768 0.2026 -0.4970 0.0000 0.0000 5.1725 0.0699 
12.1144 10.0000 249.9904 0.3750 0.2083 -0.4619 0.0000 0.0000 5.2978 0.0658 
12.2800 10.0000 254.9704 0.3760 0.2056 -0.4897 0.0000 0.0000 5.2570 0.0660 
12.4496 10.0000 262.7212 0.3912 0.2133 -0.5105 0.0000 0.0000 0.8343 0.0501 
12.3184 6.0000 257.7172 0.3726 0.2003 -0.4924 0.0000 0.0000 0.6172 0.0663 
12.3884 9.0000 261.8384 0.3851 0.2049 -0.5088 0.0000 0.0000 0.8377 0.0711 
12.5256 10.0000 267.0896 0.3780 0.2003 -0.5161 0.0000 0.0000 0.8355 0.0738 
12.2268 10.0000 251.9628 0.3756 0.2032 -0.5059 0.0000 0.0000 0.8768 0.0675 
12.3068 10.0000 260.7632 0.3829 0.2111 -0.4701 0.0000 0.0000 0.8392 0.0675 
12.6080 11.0000 266.5644 0.3817 0.2082 -0.5129 0.0000 0.0000 0.8799 0.0738 
12.4636 10.0000 263.5012 0.3881 0.2067 -0.5218 0.0000 0.0000 1.4466 0.0738 
12.3740 6.0000 259.7244 0.3653 0.1972 -0.4912 0.0000 0.0000 1.7139 0.0664 
12.4108 10.0000 265.0784 0.3903 0.2115 -0.4950 0.0000 0.0000 1.7178 0.0674 
12.2492 8.0000 250.3184 0.3745 0.2111 -0.4792 0.0000 0.0000 1.4482 0.0850 
12.6768 10.0000 268.9136 0.3639 0.1987 -0.4956 0.0000 0.0000 0.6126 0.0738 
12.1460 10.0000 251.4592 0.3752 0.2017 -0.4897 0.0000 0.0000 0.8383 0.0634 
11.9296 10.0000 241.4836 0.3567 0.1923 -0.4684 0.0000 0.0000 0.8780 0.0680 
12.4476 10.0000 262.0072 0.3769 0.2024 -0.5101 0.0000 0.0000 1.2709 0.0684 
12.1748 10.0000 252.5508 0.3878 0.2121 -0.4937 0.0000 0.0000 0.9650 0.0733 
12.3960 2.0000 260.0236 0.3863 0.2116 -0.5020 0.0000 0.0000 1.6728 0.0680 
12.1088 10.0000 247.4552 0.3766 0.2075 -0.4826 0.0000 0.0000 1.6715 0.0899 
12.4828 10.0000 262.1272 0.3735 0.2006 -0.5070 0.0000 0.0000 0.9660 0.0700 
12.4264 10.0000 262.9852 0.3886 0.2064 -0.5186 0.0000 0.0000 0.9256 0.0700 
12.3032 9.0000 255.1552 0.3780 0.2011 -0.5111 0.0000 0.0000 0.8351 0.0671 
12.1344 10.0000 253.6316 0.3836 0.2060 -0.4829 0.0000 0.0000 0.8776 0.0584 
12.4484 10.0000 261.3884 0.3803 0.2091 -0.4980 0.0000 0.0000 0.8698 0.0777 
12.4712 10.0000 262.6848 0.3888 0.2118 -0.5083 0.0000 0.0000 0.6193 0.0680 
12.4740 9.0000 262.5060 0.3787 0.2063 -0.4993 0.0000 0.0000 0.8683 0.0675 
12.3736 10.0000 258.3304 0.3814 0.2013 -0.5204 0.0000 0.0000 0.7326 0.0855 
12.3400 10.0000 261.0284 0.3984 0.2095 -0.5224 0.0000 0.0000 0.9090 0.0750 
12.4304 10.0000 259.7840 0.3877 0.2085 -0.5203 0.0000 0.0000 0.8774 0.0795 
12.2896 10.0000 256.7540 0.3876 0.2067 -0.5152 0.0000 0.0000 1.3173 0.0795 
12.2432 6.0000 255.5868 0.3869 0.2046 -0.5138 0.0000 0.0000 1.1898 0.0795 
12.3592 5.0000 257.7344 0.3804 0.2092 -0.4997 0.0000 0.0000 1.4169 0.0601 
12.3528 10.0000 253.8300 0.3773 0.2070 -0.4982 0.0000 0.0000 1.0983 0.0623 
12.3152 10.0000 256.6132 0.3712 0.2020 -0.4905 0.0000 0.0000 0.7929 0.0773 
12.2064 10.0000 252.9500 0.3767 0.2036 -0.4895 0.0000 0.0000 0.8818 0.0609 
12.1700 10.0000 249.1224 0.3733 0.2062 -0.4785 0.0000 0.0000 0.8772 0.0710 
12.0856 10.0000 249.7856 0.3778 0.2045 -0.4857 0.0000 0.0000 0.6611 0.0750 
12.2180 10.0000 251.8180 0.3865 0.2161 -0.4795 0.0000 0.0000 0.6568 0.0697 
12.2936 7.0000 254.5184 0.3822 0.2036 -0.5158 0.0000 0.0000 1.0135 0.0619 
12.0548 10.0000 248.2300 0.3708 0.2062 -0.4579 0.0000 0.0000 0.8323 0.0677 
12.2876 7.0000 255.3724 0.3858 0.2039 -0.5191 0.0000 0.0000 2.1076 0.0817 
12.2072 10.0000 252.2216 0.3656 0.2012 -0.4756 0.0000 0.0000 2.1093 0.0742 
12.4216 8.0000 256.9080 0.3690 0.2050 -0.4923 0.0000 0.0000 1.1881 0.0551 
12.1040 10.0000 248.0388 0.3665 0.2003 -0.4785 0.0000 0.0000 0.8694 0.0646 
12.3044 3.0000 259.9960 0.3831 0.2013 -0.5105 0.0000 0.0000 0.9199 0.0812 
12.2728 10.0000 252.7508 0.3697 0.2042 -0.4795 0.0000 0.0000 0.8370 0.0694 
12.4212 10.0000 260.0212 0.3739 0.2001 -0.5032 0.0000 0.0000 0.9208 0.0657 
12.5240 10.0000 264.5416 0.3788 0.2032 -0.5068 0.0000 0.0000 0.8765 0.0666 
12.2644 10.0000 255.5096 0.3831 0.2096 -0.4903 0.0000 0.0000 0.6193 0.0553 
12.5580 10.0000 266.7948 0.3860 0.2124 -0.5008 0.0000 0.0000 0.8798 0.0631 
12.1960 9.0000 252.3764 0.3663 0.1969 -0.4940 0.0000 0.0000 0.7756 0.0590 
12.2956 10.0000 253.2416 0.3713 0.2021 -0.4984 0.0000 0.0000 0.8364 0.0768 
12.4476 10.0000 261.3848 0.3682 0.2026 -0.4862 0.0000 0.0000 0.6163 0.0658 
12.1880 10.0000 250.2880 0.3750 0.2075 -0.4813 0.0000 0.0000 0.9236 0.0638 
12.3980 3.0000 256.0104 0.3735 0.2057 -0.4959 0.0000 0.0000 0.8774 0.0686 
12.0780 10.0000 251.4596 0.3758 0.1985 -0.4872 0.0000 0.0000 0.9230 0.0692 
12.2996 10.0000 256.7164 0.3843 0.2087 -0.5008 0.0000 0.0000 0.8797 0.0530 
12.1508 10.0000 251.3928 0.3741 0.2033 -0.4761 0.0000 0.0000 0.8797 0.0635 
12.2740 10.0000 256.1176 0.3816 0.2054 -0.4994 0.0000 0.0000 0.8768 0.0763 
12.5268 10.0000 264.4512 0.3773 0.2043 -0.5068 0.0000 0.0000 0.6594 0.0586 
12.2268 10.0000 251.9476 0.3740 0.1983 -0.5116 0.0000 0.0000 0.8790 0.0647 
12.3424 10.0000 260.9540 0.3813 0.1998 -0.5137 0.0000 0.0000 0.8386 0.0635 
12.3372 10.0000 255.3184 0.3721 0.2029 -0.4953 0.0000 0.0000 0.8788 0.0547 
12.1660 9.0000 249.3428 0.3716 0.2031 -0.4878 0.0000 0.0000 0.6602 0.0833 
12.2636 9.0000 254.7576 0.3729 0.1993 -0.5046 0.0000 0.0000 0.8778 0.0763 
12.2528 8.0000 256.7808 0.3761 0.2003 -0.4952 0.0000 0.0000 0.8819 0.0615 
12.4732 9.0000 259.9200 0.3742 0.2091 -0.4820 0.0000 0.0000 0.8789 0.0738 
12.5536 8.0000 264.1564 0.3740 0.2019 -0.5115 0.0000 0.0000 0.8841 0.0828 
12.0036 6.0000 244.7412 0.3868 0.2157 -0.4713 0.0000 0.0000 1.7150 0.0724 
12.2828 10.0000 249.1100 0.3537 0.2021 -0.4603 0.0000 0.0000 1.2306 0.0543 
12.3068 9.0000 254.5712 0.3827 0.2127 -0.4978 0.0000 0.0000 0.9691 0.0748 
12.5388 8.0000 268.0748 0.3848 0.2012 -0.5333 0.0000 0.0000 0.9210 0.0722 
12.6128 10.0000 265.4900 0.3746 0.2071 -0.5040 0.0000 0.0000 0.8374 0.0722 
12.0800 10.0000 249.1116 0.3890 0.2076 -0.5094 0.0000 0.0000 1.0613 0.0632 
12.1592 10.0000 250.1176 0.3840 0.2068 -0.5045 0.0000 0.0000 0.9216 0.0702 
12.3496 10.0000 258.3020 0.3663 0.1964 -0.4935 0.0000 0.0000 0.8600 0.0554 
12.4620 10.0000 261.5472 0.3856 0.2111 -0.5120 0.0000 0.0000 0.6595 0.0585 
12.3132 4.0000 256.3220 0.3841 0.2059 -0.5094 0.0000 0.0000 0.9221 0.0704 
12.4548 10.0000 259.5436 0.3764 0.2102 -0.4917 0.0000 0.0000 0.8791 0.0727 
12.3144 10.0000 259.4480 0.3855 0.2054 -0.5105 0.0000 0.0000 0.6575 0.0753 
11.9344 10.0000 241.4880 0.3639 0.2022 -0.4553 0.0000 0.0000 0.9227 0.0727 
12.5032 10.0000 263.6392 0.3866 0.2094 -0.5086 0.0000 0.0000 0.8817 0.0727 
12.3196 7.0000 255.4252 0.3741 0.2056 -0.4894 0.0000 0.0000 0.9236 0.0727 
12.3860 10.0000 256.6956 0.3625 0.1975 -0.4935 0.0000 0.0000 1.2304 0.0727 
12.1672 10.0000 252.0080 0.3805 0.2063 -0.4895 0.0000 0.0000 1.2312 0.0727 
12.5444 10.0000 267.5648 0.3855 0.2155 -0.4835 0.0000 0.0000 0.6609 0.0727 
12.4632 10.0000 261.0984 0.3668 0.1995 -0.5010 0.0000 0.0000 0.8794 0.0727 
12.2184 10.0000 254.7828 0.3744 0.1990 -0.5000 0.0000 0.0000 0.8379 0.0727 
12.3040 10.0000 254.7340 0.3731 0.2092 -0.4753 0.0000 0.0000 0.9260 0.0727 
12.0656 5.0000 251.2220 0.3867 0.2096 -0.4836 0.0000 0.0000 0.9256 0.0727 
