12.2320 10.0000 249.1552 0.3577 0.1988 -0.4796 0.0000 0.0000 10.6485 0.0682 
12.3763 10.0000 258.1744 0.3614 0.1895 -0.5114 0.0000 0.0000 10.8242 0.0735 
12.3336 10.0000 257.6101 0.3560 0.1930 -0.4761 0.0000 0.0000 11.3020 0.0683 
12.2184 10.0000 251.2000 0.3661 0.1948 -0.5076 0.0000 0.0000 11.3907 0.0683 
12.1504 10.0000 248.7917 0.3541 0.1895 -0.4874 0.0000 0.0000 10.0807 0.0683 
12.3003 10.0000 254.2397 0.3588 0.1928 -0.5007 0.0000 0.0000 10.7851 0.0871 
12.2509 9.0000 250.4475 0.3578 0.1962 -0.4868 0.0000 0.0000 11.3509 0.0731 
11.9568 10.0000 245.9237 0.3599 0.1967 -0.4465 0.0000 0.0000 11.6098 0.0737 
12.3355 6.0000 255.6112 0.3643 0.1928 -0.5077 0.0000 0.0000 11.2125 0.0570 
12.3125 10.0000 257.4509 0.3643 0.1923 -0.5030 0.0000 0.0000 11.5652 0.0682 
12.6085 10.0000 264.6371 0.3497 0.1867 -0.5029 0.0000 0.0000 8.7551 0.0735 
12.4336 10.0000 260.4528 0.3617 0.1938 -0.5025 0.0000 0.0000 1.1857 0.0660 
12.2728 10.0000 255.4213 0.3638 0.1936 -0.4982 0.0000 0.0000 1.7946 0.0746 
12.4528 10.0000 265.3621 0.3712 0.1970 -0.5064 0.0000 0.0000 1.7124 0.0626 
12.4933 10.0000 264.4779 0.3659 0.1934 -0.5149 0.0000 0.0000 1.6720 0.0911 
12.3328 10.0000 256.9923 0.3548 0.1907 -0.4901 0.0000 0.0000 3.3418 0.0693 
12.4499 10.0000 262.2381 0.3641 0.1962 -0.4968 0.0000 0.0000 3.3415 0.0678 
12.3549 10.0000 257.1445 0.3685 0.1980 -0.5072 0.0000 0.0000 1.7106 0.0587 
12.5128 10.0000 262.9877 0.3607 0.1963 -0.4984 0.0000 0.0000 3.7311 0.0647 
12.2723 10.0000 253.7923 0.3595 0.1950 -0.4869 0.0000 0.0000 3.3816 0.0544 
12.1456 5.0000 250.4360 0.3686 0.1955 -0.5027 0.0000 0.0000 4.0787 0.0647 
12.3723 10.0000 258.9808 0.3661 0.1978 -0.4990 0.0000 0.0000 3.6808 0.0739 
12.0309 8.0000 244.4664 0.3678 0.1944 -0.5099 0.0000 0.0000 1.3198 0.0816 
12.2099 10.0000 256.5784 0.3802 0.1982 -0.5101 0.0000 0.0000 1.7609 0.0708 
12.4573 10.0000 263.9221 0.3649 0.1900 -0.5151 0.0000 0.0000 1.2280 0.0649 
12.3288 9.0000 260.0405 0.3669 0.1929 -0.5025 0.0000 0.0000 1.2294 0.0767 
12.4875 10.0000 263.0240 0.3667 0.2022 -0.4842 0.0000 0.0000 1.6276 0.0628 
12.4920 10.0000 263.4405 0.3630 0.1973 -0.4943 0.0000 0.0000 1.6267 0.0681 
12.3712 10.0000 258.6411 0.3651 0.1952 -0.4977 0.0000 0.0000 1.6304 0.0639 
12.2773 9.0000 255.2781 0.3683 0.1927 -0.5217 0.0000 0.0000 2.2308 0.0639 
12.1736 10.0000 253.3773 0.3641 0.1957 -0.4815 0.0000 0.0000 2.2327 0.0692 
12.4707 10.0000 261.1432 0.3581 0.1945 -0.4953 0.0000 0.0000 1.1864 0.0723 
12.2123 9.0000 252.7573 0.3616 0.1945 -0.4866 0.0000 0.0000 1.6726 0.0660 
12.4603 10.0000 263.1360 0.3597 0.1945 -0.4873 0.0000 0.0000 1.6681 0.0811 
12.2648 10.0000 255.1597 0.3698 0.1945 -0.5135 0.0000 0.0000 1.2299 0.0747 
12.1224 10.0000 250.1851 0.3637 0.1922 -0.4968 0.0000 0.0000 1.7544 0.0737 
12.2059 4.0000 251.3965 0.3598 0.1981 -0.4744 0.0000 0.0000 1.6733 0.0617 
12.4941 9.0000 261.3832 0.3548 0.1930 -0.4918 0.0000 0.0000 1.7100 0.0751 
12.5171 10.0000 268.2187 0.3674 0.1961 -0.4909 0.0000 0.0000 1.3166 0.0699 
12.3819 10.0000 257.2037 0.3653 0.1970 -0.5043 0.0000 0.0000 1.6272 0.0631 
12.5104 10.0000 261.9883 0.3635 0.1979 -0.5009 0.0000 0.0000 1.2308 0.0738 
12.4147 10.0000 263.2195 0.3636 0.1928 -0.4908 0.0000 0.0000 3.3557 0.0693 
12.0352 7.0000 249.6208 0.3753 0.2004 -0.4860 0.0000 0.0000 3.0695 0.0757 
12.0115 10.0000 244.9541 0.3541 0.1914 -0.4722 0.0000 0.0000 1.7577 0.0698 
12.2739 5.0000 255.4133 0.3618 0.1967 -0.4822 0.0000 0.0000 1.7599 0.0741 
12.4693 10.0000 262.5648 0.3674 0.1955 -0.5052 0.0000 0.0000 1.7125 0.0600 
12.1795 8.0000 250.2309 0.3562 0.1936 -0.4840 0.0000 0.0000 1.6713 0.0768 
12.0781 10.0000 247.8173 0.3629 0.1943 -0.4842 0.0000 0.0000 1.7476 0.0709 
12.2992 9.0000 255.1403 0.3651 0.1949 -0.5024 0.0000 0.0000 1.7572 0.0721 
12.4000 10.0000 261.6848 0.3605 0.1874 -0.5063 0.0000 0.0000 1.2749 0.0805 
12.4051 10.0000 259.2515 0.3619 0.1957 -0.4996 0.0000 0.0000 1.6707 0.0746 
12.2997 10.0000 256.5083 0.3690 0.1993 -0.4916 0.0000 0.0000 1.7149 0.0813 
12.3347 10.0000 257.3733 0.3633 0.1940 -0.5009 0.0000 0.0000 1.7120 0.0577 
12.2899 10.0000 257.0141 0.3657 0.1917 -0.5124 0.0000 0.0000 1.7150 0.0684 
12.3629 5.0000 259.0043 0.3696 0.1961 -0.5039 0.0000 0.0000 1.7085 0.0798 
12.5544 6.0000 266.4933 0.3613 0.1927 -0.5061 0.0000 0.0000 1.5961 0.0566 
11.9523 4.0000 242.7584 0.3742 0.2011 -0.4967 0.0000 0.0000 1.7621 0.0635 
12.2715 10.0000 255.2992 0.3622 0.1895 -0.5030 0.0000 0.0000 1.6597 0.0616 
12.4203 3.0000 262.1595 0.3628 0.1916 -0.4978 0.0000 0.0000 1.8025 0.0832 
12.2141 10.0000 252.3989 0.3613 0.1947 -0.4837 0.0000 0.0000 1.8135 0.0573 
12.0008 3.0000 245.4632 0.3689 0.1964 -0.4923 0.0000 0.0000 1.8004 0.0786 
12.3283 10.0000 257.2400 0.3745 0.1989 -0.5151 0.0000 0.0000 1.7918 0.0804 
12.3808 4.0000 258.7144 0.3595 0.1900 -0.5088 0.0000 0.0000 1.6681 0.0607 
12.5416 10.0000 264.1437 0.3604 0.1943 -0.4988 0.0000 0.0000 1.6686 0.0730 
12.3843 10.0000 259.4664 0.3641 0.1963 -0.5020 0.0000 0.0000 1.2746 0.0749 
12.3387 10.0000 258.9008 0.3675 0.1954 -0.4979 0.0000 0.0000 1.8331 0.0765 
12.4451 4.0000 258.8741 0.3560 0.1897 -0.5044 0.0000 0.0000 1.6693 0.0762 
12.3549 7.0000 255.7144 0.3570 0.1944 -0.4921 0.0000 0.0000 1.7141 0.0685 
12.3461 10.0000 259.9056 0.3668 0.1956 -0.4933 0.0000 0.0000 1.8486 0.0665 
12.4669 10.0000 259.0275 0.3583 0.1944 -0.5006 0.0000 0.0000 1.2300 0.0733 
12.3013 10.0000 255.8416 0.3609 0.1932 -0.4966 0.0000 0.0000 1.7163 0.0708 
12.3333 10.0000 260.1213 0.3798 0.2020 -0.5037 0.0000 0.0000 1.2779 0.0646 
12.0424 10.0000 247.5424 0.3644 0.1956 -0.4838 0.0000 0.0000 1.8049 0.0678 
12.3155 3.0000 254.1315 0.3753 0.2055 -0.4976 0.0000 0.0000 1.8019 0.0596 
12.1877 10.0000 251.5891 0.3651 0.1993 -0.4860 0.0000 0.0000 1.8453 0.0528 
12.3568 7.0000 255.9459 0.3637 0.1976 -0.4933 0.0000 0.0000 1.7917 0.0735 
12.3784 10.0000 257.0691 0.3633 0.1958 -0.5001 0.0000 0.0000 1.7182 0.0751 
12.5147 5.0000 266.3680 0.3673 0.1974 -0.4987 0.0000 0.0000 1.3186 0.0739 
12.2787 10.0000 255.2139 0.3665 0.1967 -0.4994 0.0000 0.0000 1.7177 0.0572 
12.2797 5.0000 254.9696 0.3573 0.1960 -0.4767 0.0000 0.0000 1.7144 0.0599 
12.2536 10.0000 253.6941 0.3639 0.1932 -0.4975 0.0000 0.0000 1.8060 0.0661 
12.3120 9.0000 256.3885 0.3711 0.1983 -0.5075 0.0000 0.0000 1.6998 0.0670 
12.2560 10.0000 255.5723 0.3643 0.1924 -0.5051 0.0000 0.0000 1.7586 0.0638 
12.3421 7.0000 260.0357 0.3586 0.1907 -0.4930 0.0000 0.0000 2.1999 0.0638 
12.3717 5.0000 259.6803 0.3654 0.1990 -0.4894 0.0000 0.0000 1.8442 0.0705 
12.6072 10.0000 267.5984 0.3578 0.1949 -0.4949 0.0000 0.0000 1.7115 0.0706 
12.2472 10.0000 255.4299 0.3712 0.1954 -0.5124 0.0000 0.0000 1.8435 0.0623 
12.5205 10.0000 265.1701 0.3597 0.1967 -0.4820 0.0000 0.0000 1.7188 0.0657 
12.4160 10.0000 263.1781 0.3648 0.1944 -0.4898 0.0000 0.0000 1.3210 0.0679 
12.3653 4.0000 256.4701 0.3521 0.1922 -0.4868 0.0000 0.0000 1.7178 0.0713 
12.4523 7.0000 259.6008 0.3652 0.1955 -0.5167 0.0000 0.0000 1.7591 0.0713 
12.2405 10.0000 253.6917 0.3656 0.1936 -0.5030 0.0000 0.0000 1.7578 0.0713 
12.4072 6.0000 259.4603 0.3569 0.1902 -0.4960 0.0000 0.0000 1.7614 0.0713 
12.3360 10.0000 261.6496 0.3662 0.1927 -0.4987 0.0000 0.0000 4.5290 0.0713 
12.2557 9.0000 254.2771 0.3610 0.1946 -0.4880 0.0000 0.0000 4.4030 0.0713 
12.3904 7.0000 261.7592 0.3758 0.1985 -0.5107 0.0000 0.0000 1.3171 0.0713 
12.3867 10.0000 260.5752 0.3649 0.1963 -0.4894 0.0000 0.0000 1.8032 0.0713 
12.4776 10.0000 259.9592 0.3636 0.1963 -0.5112 0.0000 0.0000 1.8050 0.0713 
12.2637 7.0000 254.7773 0.3615 0.1938 -0.4929 0.0000 0.0000 1.7566 0.0713 
12.1360 10.0000 249.4608 0.3599 0.1945 -0.4806 0.0000 0.0000 1.8056 0.0713 
