1 0.001175
2 0.011751
3 0.017626
4 0.032902
5 0.050529
6 0.072855
7 0.097532
8 0.144536
9 0.195065
10 0.240893
11 0.287897
12 0.324324
13 0.363102
14 0.423032
15 0.460635
16 0.499412
17 0.531140
18 0.568743
19 0.593420
20 0.623972
21 0.656874
22 0.676851
23 0.695652
24 0.720329
25 0.746181
26 0.772033
27 0.794360
28 0.803760
29 0.822562
30 0.833137
31 0.847239
32 0.851939
33 0.856639
34 0.863690
35 0.875441
36 0.882491
37 0.893067
38 0.904818
39 0.916569
40 0.925969
41 0.929495
42 0.935370
43 0.942421
44 0.948296
45 0.951821
46 0.954172
47 0.961222
48 0.963572
49 0.965922
50 0.968273
51 0.970623
52 0.976498
53 0.980024
54 -1.000000
55 -1.000000
56 0.982374
57 0.984724
58 0.987074
59 -1.000000
60 0.989424
61 0.990599
62 0.992949
63 0.995300
64 -1.000000
65 0.996475
66 -1.000000
67 0.998825
68 -1.000000
69 -1.000000
70 1.000000
71 -1.000000
72 -1.000000
