1 -1.000000
2 0.040724
3 0.058824
4 0.099548
5 0.158371
6 0.248869
7 0.303167
8 0.343891
9 0.393665
10 0.434389
11 0.515837
12 0.565611
13 0.610860
14 0.638009
15 0.705882
16 0.737557
17 0.760181
18 0.764706
19 0.791855
20 0.814480
21 0.832579
22 0.837104
23 0.859729
24 0.873303
25 0.895928
26 0.909502
27 0.927602
28 0.941176
29 0.959276
30 -1.000000
31 0.963801
32 0.968326
33 0.972851
34 0.977376
35 -1.000000
36 0.981900
37 -1.000000
38 0.986425
39 -1.000000
40 -1.000000
41 -1.000000
42 0.990950
43 -1.000000
44 -1.000000
45 -1.000000
46 0.995475
47 -1.000000
48 1.000000
49 -1.000000
50 -1.000000
51 -1.000000
52 -1.000000
53 -1.000000
54 -1.000000
55 -1.000000
56 -1.000000
57 -1.000000
58 -1.000000
59 -1.000000
60 -1.000000
61 -1.000000
62 -1.000000
63 -1.000000
64 -1.000000
65 -1.000000
66 -1.000000
67 -1.000000
68 -1.000000
69 -1.000000
70 -1.000000
71 -1.000000
72 -1.000000
