39.7755 16.5000 3669.9562 0.0752 0.0389 -0.1987 2.9528 5.0000 15.2999 0.0006 
39.7829 16.5000 3673.8558 0.0772 0.0389 -0.2065 2.9539 6.0000 15.3772 0.0006 
39.7787 16.5000 3672.2355 0.0780 0.0392 -0.2092 2.9557 5.0000 15.9292 0.0006 
39.7810 16.5000 3672.1779 0.0764 0.0394 -0.2035 2.9564 6.0000 15.7235 0.0006 
39.7806 16.5000 3672.9676 0.0784 0.0394 -0.2104 2.9536 6.0000 15.6324 0.0006 
39.7810 16.5000 3672.2440 0.0758 0.0389 -0.2013 2.9534 5.0000 15.6727 0.0006 
39.7842 16.5000 3674.3118 0.0770 0.0395 -0.2065 2.9533 5.0000 15.7766 0.0005 
39.7859 16.5000 3675.7499 0.0720 0.0389 -0.1955 2.9514 5.0000 16.3736 0.0006 
39.7836 16.5000 3674.4180 0.0781 0.0393 -0.2126 2.9544 6.0000 15.6212 0.0006 
39.7810 16.5000 3673.7771 0.0767 0.0393 -0.2051 2.9545 5.0000 15.7812 0.0006 
39.7826 16.5000 3672.9809 0.0765 0.0391 -0.2061 2.9536 5.0000 16.1518 0.0006 
39.7806 16.5000 3672.7548 0.0767 0.0392 -0.2067 2.9539 5.0000 15.9739 0.0006 
39.7829 16.5000 3674.1777 0.0783 0.0390 -0.2091 2.9543 5.0000 16.2385 0.0005 
39.7842 16.5000 3674.2678 0.0793 0.0393 -0.2129 2.9532 6.0000 16.1211 0.0006 
39.7815 16.5000 3672.7231 0.0772 0.0392 -0.2058 2.9561 6.0000 16.2895 0.0008 
39.7753 16.5000 3670.1671 0.0758 0.0389 -0.2022 2.9548 6.0000 16.1994 0.0006 
39.7831 16.5000 3674.2593 0.0765 0.0394 -0.2036 2.9554 6.0000 16.2351 0.0006 
39.7824 16.5000 3673.5396 0.0770 0.0393 -0.2047 2.9539 6.0000 16.3101 0.0006 
39.7833 16.5000 3674.0741 0.0795 0.0395 -0.2109 2.9554 5.0000 16.0494 0.0007 
39.7765 16.5000 3671.9326 0.0787 0.0396 -0.2086 2.9549 5.0000 16.0168 0.0006 
39.7813 16.5000 3672.4216 0.0778 0.0393 -0.2124 2.9529 6.0000 15.9968 0.0007 
39.7785 16.5000 3671.7613 0.0785 0.0396 -0.2080 2.9556 5.0000 16.0114 0.0007 
39.7792 16.5000 3673.2170 0.0781 0.0393 -0.2098 2.9548 6.0000 16.4313 0.0006 
39.7810 16.5000 3672.6486 0.0790 0.0395 -0.2139 2.9553 6.0000 16.0279 0.0006 
39.7817 16.5000 3673.1297 0.0772 0.0392 -0.2056 2.9556 6.0000 16.1859 0.0006 
39.7813 16.5000 3672.0885 0.0775 0.0389 -0.2081 2.9541 6.0000 16.2759 0.0006 
39.7808 16.5000 3672.6647 0.0774 0.0395 -0.2113 2.9536 5.0000 16.5086 0.0006 
39.7813 16.5000 3673.3635 0.0761 0.0393 -0.2072 2.9536 5.0000 16.3048 0.0006 
39.7826 16.5000 3673.7061 0.0769 0.0390 -0.2064 2.9545 5.0000 16.3069 0.0005 
39.7840 16.5000 3673.9743 0.0762 0.0392 -0.2087 2.9550 6.0000 16.5263 0.0005 
39.7781 16.5000 3672.1098 0.0774 0.0393 -0.2018 2.9566 6.0000 16.1558 0.0007 
39.7785 16.5000 3672.7016 0.0754 0.0393 -0.2044 2.9544 6.0000 16.4341 0.0007 
39.7787 16.5000 3672.3795 0.0782 0.0394 -0.2064 2.9539 6.0000 16.3722 0.0006 
39.7815 16.5000 3672.8621 0.0779 0.0390 -0.2114 2.9542 5.0000 16.5124 0.0006 
39.7813 16.5000 3672.9318 0.0789 0.0390 -0.2126 2.9553 5.0000 16.0911 0.0006 
39.7824 16.5000 3673.3390 0.0757 0.0395 -0.2045 2.9548 6.0000 16.0608 0.0006 
39.7822 16.5000 3673.6634 0.0784 0.0397 -0.2086 2.9549 6.0000 15.6922 0.0006 
39.7836 16.5000 3673.3035 0.0793 0.0398 -0.2114 2.9547 6.0000 16.3302 0.0007 
39.7799 16.5000 3672.3893 0.0772 0.0394 -0.2090 2.9569 6.0000 16.2367 0.0006 
39.7833 16.5000 3673.3745 0.0775 0.0394 -0.2089 2.9548 6.0000 16.1693 0.0005 
39.7865 16.5000 3675.4759 0.0779 0.0391 -0.2091 2.9542 6.0000 16.5813 0.0006 
39.7826 16.5000 3673.9090 0.0776 0.0390 -0.2077 2.9548 6.0000 16.4944 0.0006 
39.7810 16.5000 3672.9893 0.0776 0.0391 -0.2085 2.9552 5.0000 16.8141 0.0006 
39.7838 16.5000 3673.9624 0.0778 0.0395 -0.2063 2.9534 5.0000 16.7069 0.0006 
39.7822 16.5000 3673.8792 0.0777 0.0394 -0.2051 2.9553 6.0000 16.5246 0.0005 
39.7852 16.5000 3675.0533 0.0756 0.0394 -0.2052 2.9537 6.0000 16.7047 0.0006 
39.7822 16.5000 3673.9773 0.0785 0.0391 -0.2106 2.9543 5.0000 16.4564 0.0006 
39.7831 16.5000 3673.5165 0.0776 0.0396 -0.2078 2.9550 6.0000 16.8798 0.0006 
39.7822 16.5000 3673.2477 0.0780 0.0395 -0.2110 2.9558 6.0000 16.5876 0.0005 
39.7852 16.5000 3675.1799 0.0780 0.0393 -0.2078 2.9562 6.0000 16.9302 0.0005 
39.7840 16.5000 3674.2077 0.0754 0.0392 -0.2024 2.9551 5.0000 16.6290 0.0008 
39.7723 16.5000 3668.8965 0.0760 0.0392 -0.2012 2.9552 5.0000 17.0701 0.0004 
39.7893 16.5000 3677.1324 0.0785 0.0389 -0.2096 2.9546 6.0000 16.7862 0.0006 
39.7822 16.5000 3673.5834 0.0769 0.0388 -0.2058 2.9552 5.0000 16.4988 0.0006 
39.7838 16.5000 3674.0995 0.0775 0.0393 -0.2064 2.9544 6.0000 16.7670 0.0007 
39.7776 16.5000 3671.8310 0.0772 0.0399 -0.2051 2.9540 5.0000 16.1305 0.0006 
39.7833 16.5000 3674.1110 0.0785 0.0393 -0.2111 2.9535 6.0000 16.7195 0.0006 
39.7817 16.5000 3673.9468 0.0750 0.0394 -0.1998 2.9539 6.0000 16.2923 0.0005 
39.7852 16.5000 3674.7663 0.0790 0.0394 -0.2093 2.9546 6.0000 16.7230 0.0006 
39.7826 16.5000 3673.1666 0.0757 0.0396 -0.1999 2.9534 5.0000 16.3505 0.0007 
39.7792 16.5000 3671.4880 0.0779 0.0392 -0.2077 2.9540 5.0000 16.3472 0.0005 
39.7842 16.5000 3674.0919 0.0764 0.0389 -0.2077 2.9548 6.0000 16.2323 0.0005 
39.7840 16.5000 3675.1239 0.0743 0.0389 -0.1972 2.9524 5.0000 16.5879 0.0007 
39.7792 16.5000 3672.4891 0.0766 0.0390 -0.2055 2.9537 6.0000 15.7681 0.0007 
39.7804 16.5000 3672.1307 0.0768 0.0393 -0.2068 2.9539 6.0000 16.3109 0.0007 
39.7774 16.5000 3670.9105 0.0746 0.0391 -0.2058 2.9525 5.0000 16.4831 0.0006 
39.7820 16.5000 3673.6611 0.0759 0.0393 -0.2060 2.9538 5.0000 15.8471 0.0006 
39.7826 16.5000 3674.0193 0.0764 0.0389 -0.2065 2.9536 6.0000 16.1920 0.0006 
39.7817 16.5000 3673.5563 0.0756 0.0391 -0.2046 2.9532 5.0000 16.0130 0.0006 
39.7810 16.5000 3672.8745 0.0765 0.0392 -0.2050 2.9547 5.0000 16.3436 0.0005 
39.7868 16.5000 3676.4531 0.0793 0.0392 -0.2111 2.9530 5.0000 16.2393 0.0006 
39.7815 16.5000 3673.0969 0.0773 0.0395 -0.2033 2.9554 6.0000 16.2260 0.0006 
39.7801 16.5000 3672.1295 0.0788 0.0393 -0.2098 2.9534 6.0000 16.4005 0.0006 
39.7833 16.5000 3673.5781 0.0760 0.0390 -0.1997 2.9539 6.0000 16.3464 0.0006 
39.7804 16.5000 3673.0584 0.0779 0.0395 -0.2065 2.9541 5.0000 15.7410 0.0005 
39.7849 16.5000 3675.0439 0.0759 0.0389 -0.2064 2.9560 5.0000 16.4075 0.0007 
39.7783 16.5000 3671.9512 0.0771 0.0391 -0.2098 2.9534 5.0000 16.3344 0.0006 
39.7815 16.5000 3673.4373 0.0765 0.0394 -0.2067 2.9548 5.0000 16.5320 0.0007 
39.7776 16.5000 3671.1872 0.0777 0.0389 -0.2122 2.9538 5.0000 16.3485 0.0007 
39.7776 16.5000 3671.2349 0.0770 0.0394 -0.2050 2.9557 6.0000 16.7001 0.0008 
39.7751 16.5000 3670.5757 0.0793 0.0394 -0.2150 2.9558 6.0000 16.6054 0.0005 
39.7847 16.5000 3673.7957 0.0784 0.0393 -0.2070 2.9550 6.0000 16.6357 0.0007 
39.7794 16.5000 3672.5409 0.0762 0.0388 -0.2074 2.9525 6.0000 16.2119 0.0007 
39.7787 16.5000 3671.9220 0.0769 0.0393 -0.2085 2.9546 5.0000 16.5254 0.0006 
39.7813 16.5000 3673.0487 0.0758 0.0388 -0.2039 2.9536 6.0000 16.7295 0.0008 
39.7748 16.5000 3669.8948 0.0786 0.0393 -0.2078 2.9550 6.0000 16.1834 0.0007 
39.7797 16.5000 3672.0798 0.0774 0.0388 -0.2103 2.9546 6.0000 16.4419 0.0006 
39.7833 16.5000 3674.0142 0.0760 0.0390 -0.2043 2.9544 5.0000 16.1184 0.0006 
39.7815 16.5000 3672.9994 0.0773 0.0394 -0.2081 2.9537 6.0000 16.7171 0.0006 
39.7822 16.5000 3674.0271 0.0754 0.0395 -0.2030 2.9542 5.0000 16.0920 0.0006 
39.7801 16.5000 3673.1170 0.0767 0.0391 -0.2061 2.9524 5.0000 16.1019 0.0008 
39.7758 16.5000 3670.6635 0.0765 0.0389 -0.2031 2.9535 5.0000 16.3961 0.0005 
39.7840 16.5000 3674.2449 0.0771 0.0392 -0.2080 2.9544 6.0000 16.7113 0.0007 
39.7787 16.5000 3672.4476 0.0773 0.0393 -0.2081 2.9543 6.0000 16.3028 0.0006 
39.7833 16.5000 3673.7322 0.0757 0.0391 -0.2029 2.9541 6.0000 15.9369 0.0008 
39.7753 16.5000 3670.0491 0.0766 0.0396 -0.2092 2.9533 6.0000 16.3097 0.0006 
39.7817 16.5000 3672.9249 0.0777 0.0391 -0.2062 2.9539 5.0000 16.0995 0.0007 
39.7794 16.5000 3672.3292 0.0762 0.0395 -0.2038 2.9554 6.0000 16.4182 0.0006 
39.7838 16.5000 3673.7611 0.0771 0.0390 -0.2071 2.9536 5.0000 16.9535 0.0006 
39.7817 16.5000 3673.3525 0.0765 0.0395 -0.2082 2.9545 5.0000 16.2002 0.0006 
