39.3009 16.5000 3534.4298 0.5237 0.2195 -0.6569 2.9354 5.0000 2.5454 0.0111 
39.3448 16.5000 3518.1498 0.5190 0.2230 -0.6522 2.9345 5.0000 2.5964 0.0121 
39.3675 16.5000 3533.0855 0.5177 0.2222 -0.6497 2.9486 5.0000 2.5402 0.0111 
39.3281 16.5000 3525.5057 0.5167 0.2236 -0.6426 2.9274 5.0000 2.5347 0.0124 
39.2893 16.5000 3493.7296 0.5163 0.2198 -0.6595 2.9206 5.0000 2.5984 0.0124 
39.3170 16.5000 3536.4454 0.5093 0.2124 -0.6412 2.9249 5.0000 2.5153 0.0124 
39.3150 16.5000 3512.9533 0.5242 0.2265 -0.6526 2.9488 5.0000 2.5239 0.0140 
39.3301 16.5000 3521.2378 0.5134 0.2204 -0.6411 2.9476 5.0000 2.5304 0.0121 
39.2570 16.5000 3504.1110 0.5224 0.2216 -0.6509 2.9286 5.0000 2.4894 0.0140 
39.3306 16.5000 3519.8169 0.5154 0.2211 -0.6482 2.9346 5.0000 2.5944 0.0149 
39.4194 16.5000 3532.4414 0.5153 0.2229 -0.6358 2.9302 5.0000 2.6360 0.0133 
39.2222 16.5000 3473.5596 0.5261 0.2234 -0.6624 2.9437 5.0000 2.6227 0.0133 
39.2832 16.5000 3515.8673 0.5195 0.2238 -0.6463 2.9476 5.0000 2.6239 0.0105 
39.2530 16.5000 3494.9064 0.5211 0.2256 -0.6541 2.9388 5.0000 2.6147 0.0137 
39.3932 16.5000 3566.8353 0.5256 0.2233 -0.6469 2.9327 5.0000 2.6319 0.0137 
39.2666 16.5000 3508.3808 0.5205 0.2225 -0.6505 2.9263 5.0000 2.5811 0.0152 
39.3236 16.5000 3528.9584 0.5245 0.2202 -0.6650 2.9395 5.0000 2.5327 0.0152 
39.2116 16.5000 3482.0974 0.5165 0.2226 -0.6547 2.9361 5.0000 2.5213 0.0152 
39.2641 16.5000 3510.9105 0.5191 0.2180 -0.6586 2.9242 5.0000 2.5837 0.0123 
39.2994 16.5000 3514.7849 0.5102 0.2189 -0.6439 2.9311 5.0000 2.5969 0.0123 
39.3216 16.5000 3539.0739 0.5163 0.2185 -0.6344 2.9352 5.0000 2.5891 0.0123 
39.2923 16.5000 3522.1241 0.5146 0.2168 -0.6424 2.9327 5.0000 2.5780 0.0121 
39.2303 16.5000 3506.1559 0.5139 0.2187 -0.6529 2.9283 5.0000 2.6156 0.0144 
39.3311 16.5000 3519.6353 0.5225 0.2221 -0.6540 2.9358 5.0000 2.6063 0.0144 
39.2393 16.5000 3505.5395 0.5177 0.2217 -0.6582 2.9367 5.0000 2.6879 0.0148 
39.3201 16.5000 3513.0835 0.5128 0.2210 -0.6475 2.9341 5.0000 2.6747 0.0148 
39.2237 16.5000 3489.5324 0.5175 0.2184 -0.6515 2.9407 5.0000 2.6747 0.0142 
39.2479 16.5000 3494.3485 0.5252 0.2267 -0.6580 2.9400 5.0000 2.6393 0.0131 
39.3876 16.5000 3559.7211 0.5210 0.2198 -0.6591 2.9320 5.0000 2.5922 0.0131 
39.2928 16.5000 3520.5443 0.5237 0.2234 -0.6433 2.9357 5.0000 2.5686 0.0131 
39.2943 16.5000 3515.1541 0.5165 0.2218 -0.6549 2.9410 5.0000 2.6005 0.0150 
39.2161 16.5000 3474.7324 0.5187 0.2244 -0.6527 2.9401 5.0000 2.6233 0.0095 
39.2903 16.5000 3522.2265 0.5209 0.2224 -0.6547 2.9335 5.0000 2.6459 0.0095 
39.4305 16.5000 3564.3153 0.5178 0.2179 -0.6479 2.9338 5.0000 2.5771 0.0122 
39.3301 16.5000 3520.6724 0.5187 0.2238 -0.6439 2.9431 5.0000 2.6046 0.0142 
39.3246 16.5000 3509.7433 0.5153 0.2240 -0.6511 2.9369 5.0000 2.6849 0.0123 
39.2479 16.5000 3498.0166 0.5192 0.2197 -0.6569 2.9289 5.0000 2.7241 0.0123 
39.3221 16.5000 3540.5150 0.5182 0.2158 -0.6530 2.9290 5.0000 2.7262 0.0111 
39.3216 16.5000 3539.4578 0.5191 0.2202 -0.6513 2.9363 5.0000 2.8088 0.0121 
39.3705 16.5000 3548.9125 0.5181 0.2202 -0.6473 2.9277 5.0000 2.6485 0.0132 
39.3281 16.5000 3529.2348 0.5237 0.2251 -0.6429 2.9358 5.0000 2.6195 0.0132 
39.2863 16.5000 3511.2545 0.5239 0.2233 -0.6612 2.9382 5.0000 2.7292 0.0141 
39.2701 16.5000 3495.1909 0.5243 0.2241 -0.6635 2.9466 5.0000 2.6002 0.0128 
39.2520 16.5000 3498.1977 0.5190 0.2225 -0.6506 2.9422 5.0000 2.6105 0.0137 
39.3019 16.5000 3516.3738 0.5211 0.2190 -0.6564 2.9275 5.0000 2.5501 0.0137 
39.2676 16.5000 3519.5546 0.5180 0.2211 -0.6520 2.9373 5.0000 2.6174 0.0089 
39.2691 16.5000 3500.9362 0.5221 0.2227 -0.6457 2.9404 5.0000 2.5612 0.0089 
39.4527 16.5000 3564.0035 0.5180 0.2215 -0.6446 2.9350 5.0000 2.6652 0.0143 
39.3125 16.5000 3520.8081 0.5128 0.2232 -0.6466 2.9299 5.0000 2.7230 0.0134 
39.2439 16.5000 3507.8144 0.5176 0.2226 -0.6526 2.9290 5.0000 2.7309 0.0134 
39.2812 16.5000 3498.4847 0.5161 0.2226 -0.6499 2.9441 5.0000 2.6473 0.0115 
39.1632 16.5000 3470.5115 0.5187 0.2261 -0.6431 2.9429 5.0000 2.6601 0.0151 
39.3533 16.5000 3515.7069 0.5289 0.2266 -0.6577 2.9477 5.0000 2.6918 0.0151 
39.2131 16.5000 3467.7972 0.5183 0.2248 -0.6472 2.9472 5.0000 2.7114 0.0126 
39.2696 16.5000 3513.6298 0.5209 0.2214 -0.6472 2.9341 5.0000 2.5898 0.0135 
39.3110 16.5000 3520.1851 0.5282 0.2281 -0.6436 2.9396 5.0000 2.5895 0.0135 
39.2741 16.5000 3495.8729 0.5195 0.2223 -0.6498 2.9390 5.0000 2.5251 0.0127 
39.2817 16.5000 3505.3427 0.5152 0.2222 -0.6411 2.9256 5.0000 2.6056 0.0126 
39.3064 16.5000 3532.4040 0.5147 0.2148 -0.6419 2.9198 5.0000 2.6015 0.0126 
39.3100 16.5000 3498.9836 0.5232 0.2229 -0.6610 2.9405 5.0000 2.7245 0.0138 
39.3836 16.5000 3559.8144 0.5173 0.2186 -0.6550 2.9291 5.0000 2.7308 0.0146 
39.2641 16.5000 3513.8204 0.5236 0.2217 -0.6560 2.9438 5.0000 2.7331 0.0146 
39.2343 16.5000 3488.3440 0.5225 0.2235 -0.6644 2.9521 5.0000 2.6130 0.0137 
39.2893 16.5000 3497.0926 0.5136 0.2184 -0.6553 2.9389 5.0000 2.6720 0.0132 
39.2681 16.5000 3510.2966 0.5236 0.2221 -0.6570 2.9440 5.0000 2.6139 0.0132 
39.2888 16.5000 3527.0689 0.5179 0.2151 -0.6525 2.9196 5.0000 2.6759 0.0124 
39.2676 16.5000 3511.3463 0.5170 0.2208 -0.6497 2.9345 5.0000 2.6240 0.0136 
39.3190 16.5000 3520.2108 0.5196 0.2224 -0.6455 2.9288 5.0000 2.6320 0.0136 
39.2731 16.5000 3503.6868 0.5174 0.2210 -0.6501 2.9257 5.0000 2.5871 0.0123 
39.3639 16.5000 3532.9700 0.5172 0.2205 -0.6559 2.9270 5.0000 2.6969 0.0131 
39.3226 16.5000 3538.6144 0.5136 0.2155 -0.6401 2.9266 5.0000 2.7607 0.0143 
39.2928 16.5000 3502.7904 0.5195 0.2238 -0.6514 2.9243 5.0000 2.8419 0.0119 
39.2434 16.5000 3503.0709 0.5144 0.2197 -0.6444 2.9298 5.0000 2.6758 0.0133 
39.3387 16.5000 3549.3135 0.5253 0.2184 -0.6503 2.9347 5.0000 2.6560 0.0135 
39.2832 16.5000 3522.1402 0.5173 0.2202 -0.6445 2.9267 5.0000 2.5720 0.0123 
39.2736 16.5000 3500.7702 0.5131 0.2164 -0.6476 2.9403 5.0000 2.7123 0.0120 
39.3211 16.5000 3524.3869 0.5187 0.2227 -0.6396 2.9430 5.0000 2.6911 0.0099 
39.3322 16.5000 3540.7733 0.5155 0.2180 -0.6430 2.9213 5.0000 2.7662 0.0140 
39.4139 16.5000 3575.2641 0.5195 0.2153 -0.6421 2.9241 5.0000 2.5492 0.0131 
39.2565 16.5000 3496.9675 0.5192 0.2223 -0.6574 2.9372 5.0000 2.5551 0.0141 
39.2918 16.5000 3512.4318 0.5131 0.2174 -0.6464 2.9241 5.0000 2.5566 0.0111 
39.2540 16.5000 3482.0484 0.5169 0.2237 -0.6488 2.9432 5.0000 2.7424 0.0151 
39.3695 16.5000 3554.3102 0.5156 0.2164 -0.6420 2.9230 5.0000 2.8053 0.0126 
39.2136 16.5000 3468.6144 0.5208 0.2279 -0.6491 2.9408 5.0000 2.7902 0.0135 
39.3090 16.5000 3506.9604 0.5235 0.2232 -0.6584 2.9372 5.0000 2.5604 0.0131 
39.2752 16.5000 3497.9849 0.5157 0.2244 -0.6467 2.9477 5.0000 2.5471 0.0138 
39.2913 16.5000 3518.2340 0.5121 0.2180 -0.6409 2.9380 5.0000 2.5312 0.0123 
39.2646 16.5000 3488.7546 0.5175 0.2250 -0.6555 2.9332 5.0000 2.6953 0.0121 
39.3221 16.5000 3522.8812 0.5233 0.2187 -0.6615 2.9254 5.0000 2.7329 0.0121 
39.3317 16.5000 3539.9440 0.5146 0.2206 -0.6459 2.9263 5.0000 2.7962 0.0150 
39.3301 16.5000 3525.0003 0.5210 0.2236 -0.6485 2.9335 5.0000 2.5521 0.0106 
39.2172 16.5000 3479.3195 0.5175 0.2225 -0.6578 2.9428 5.0000 2.5176 0.0135 
39.3881 16.5000 3547.5259 0.5224 0.2255 -0.6476 2.9390 5.0000 2.5321 0.0122 
39.2736 16.5000 3487.7110 0.5251 0.2274 -0.6524 2.9446 5.0000 2.8857 0.0137 
39.3271 16.5000 3534.8227 0.5142 0.2192 -0.6426 2.9264 5.0000 2.8007 0.0137 
39.2696 16.5000 3510.5276 0.5219 0.2259 -0.6426 2.9484 5.0000 2.8416 0.0140 
39.3276 16.5000 3512.5528 0.5147 0.2207 -0.6502 2.9447 5.0000 2.5755 0.0123 
39.2575 16.5000 3488.4247 0.5196 0.2248 -0.6556 2.9411 5.0000 2.5913 0.0135 
39.3211 16.5000 3512.5347 0.5147 0.2226 -0.6497 2.9371 5.0000 2.5513 0.0135 
39.2772 16.5000 3495.6096 0.5133 0.2203 -0.6471 2.9323 5.0000 2.4669 0.0135 
