39.6968 16.5000 3649.3712 0.3522 0.1090 -0.5850 3.1017 6.0000 27.7789 0.0025 
39.6869 16.5000 3646.5083 0.3502 0.1093 -0.5846 3.1003 6.0000 28.1292 0.0025 
39.7049 16.5000 3653.7967 0.3546 0.1113 -0.5831 3.1028 6.0000 27.7872 0.0025 
39.6729 16.5000 3642.9423 0.3546 0.1094 -0.5887 3.1023 6.0000 28.7225 0.0035 
39.7016 16.5000 3651.6035 0.3514 0.1093 -0.5842 3.1023 6.0000 28.0197 0.0028 
39.6931 16.5000 3648.7524 0.3529 0.1093 -0.5919 3.1060 6.0000 28.3441 0.0035 
39.6677 16.5000 3639.0150 0.3520 0.1101 -0.5857 3.1039 6.0000 30.6752 0.0031 
39.6877 16.5000 3645.8704 0.3560 0.1101 -0.5931 3.1081 6.0000 31.1164 0.0028 
39.6838 16.5000 3645.6401 0.3526 0.1103 -0.5857 3.1045 6.0000 31.5506 0.0036 
39.6962 16.5000 3649.5022 0.3544 0.1102 -0.5897 3.1050 6.0000 28.5575 0.0030 
39.6617 16.5000 3638.4918 0.3541 0.1094 -0.5864 3.1046 6.0000 28.8435 0.0030 
39.6867 16.5000 3648.3440 0.3530 0.1102 -0.5874 3.1086 6.0000 29.4741 0.0027 
39.6875 16.5000 3648.5836 0.3508 0.1084 -0.5832 3.1032 6.0000 32.1907 0.0031 
39.6975 16.5000 3651.2606 0.3517 0.1086 -0.5889 3.1004 6.0000 31.9474 0.0028 
39.6844 16.5000 3647.6077 0.3546 0.1103 -0.5889 3.1045 6.0000 32.2198 0.0027 
39.6952 16.5000 3651.9810 0.3544 0.1108 -0.5873 3.1040 6.0000 28.7667 0.0036 
39.6987 16.5000 3650.3965 0.3523 0.1091 -0.5898 3.1082 6.0000 29.1524 0.0026 
39.6638 16.5000 3638.5535 0.3534 0.1096 -0.5915 3.1044 6.0000 29.0436 0.0030 
39.7024 16.5000 3652.9334 0.3508 0.1087 -0.5887 3.1044 6.0000 28.7615 0.0026 
39.6855 16.5000 3646.7943 0.3495 0.1078 -0.5873 3.1026 6.0000 28.9122 0.0028 
39.7038 16.5000 3654.3013 0.3529 0.1093 -0.5890 3.1025 6.0000 29.2522 0.0031 
39.6958 16.5000 3651.6516 0.3562 0.1112 -0.5907 3.1025 6.0000 30.9941 0.0026 
39.6838 16.5000 3646.0890 0.3510 0.1073 -0.5917 3.1027 6.0000 31.4823 0.0030 
39.7018 16.5000 3651.7235 0.3518 0.1092 -0.5911 3.1067 6.0000 31.7383 0.0026 
39.6871 16.5000 3645.4081 0.3528 0.1094 -0.5867 3.1088 6.0000 29.4765 0.0034 
39.7034 16.5000 3652.7225 0.3527 0.1098 -0.5869 3.1060 6.0000 29.6455 0.0029 
39.6723 16.5000 3640.9233 0.3506 0.1093 -0.5871 3.1045 6.0000 29.3526 0.0032 
39.6890 16.5000 3647.6869 0.3554 0.1093 -0.5899 3.1001 6.0000 32.7275 0.0028 
39.6795 16.5000 3644.9999 0.3537 0.1092 -0.5903 3.1048 6.0000 32.5152 0.0028 
39.6960 16.5000 3649.6995 0.3552 0.1108 -0.5886 3.1068 6.0000 32.5577 0.0040 
39.6931 16.5000 3651.1978 0.3531 0.1095 -0.5877 3.1022 6.0000 30.9448 0.0027 
39.6485 16.5000 3633.2251 0.3539 0.1106 -0.5892 3.1069 6.0000 30.9592 0.0028 
39.6970 16.5000 3649.7953 0.3502 0.1099 -0.5843 3.1095 6.0000 30.6530 0.0029 
39.6937 16.5000 3650.0254 0.3526 0.1087 -0.5852 3.1023 6.0000 32.7799 0.0032 
39.6894 16.5000 3649.2915 0.3576 0.1110 -0.5928 3.1055 6.0000 32.1906 0.0031 
39.6776 16.5000 3644.0429 0.3515 0.1087 -0.5875 3.1018 6.0000 32.0910 0.0025 
39.6812 16.5000 3643.2343 0.3534 0.1108 -0.5884 3.1040 6.0000 30.6721 0.0031 
39.7076 16.5000 3654.7079 0.3530 0.1100 -0.5873 3.1019 6.0000 30.4840 0.0035 
39.6836 16.5000 3645.2213 0.3553 0.1126 -0.5880 3.1047 6.0000 30.5158 0.0029 
39.6684 16.5000 3638.9029 0.3503 0.1105 -0.5857 3.1048 6.0000 32.6799 0.0029 
39.6913 16.5000 3648.9883 0.3537 0.1096 -0.5917 3.1056 6.0000 32.4334 0.0035 
39.6908 16.5000 3647.5016 0.3544 0.1099 -0.5867 3.1045 6.0000 32.3273 0.0027 
39.6684 16.5000 3639.2073 0.3531 0.1100 -0.5876 3.1053 6.0000 29.9406 0.0030 
39.6974 16.5000 3649.8741 0.3532 0.1104 -0.5880 3.1003 6.0000 29.1775 0.0024 
39.6882 16.5000 3647.4583 0.3551 0.1130 -0.5832 3.1119 6.0000 29.0342 0.0030 
39.7092 16.5000 3654.2586 0.3522 0.1092 -0.5905 3.0984 6.0000 32.9426 0.0028 
39.6869 16.5000 3647.2917 0.3513 0.1092 -0.5857 3.1018 6.0000 32.5974 0.0028 
39.6946 16.5000 3648.4045 0.3525 0.1086 -0.5877 3.1012 6.0000 32.2617 0.0034 
39.6834 16.5000 3647.5520 0.3490 0.1084 -0.5871 3.1040 6.0000 29.9394 0.0027 
39.6696 16.5000 3640.2829 0.3529 0.1110 -0.5867 3.1036 6.0000 29.1085 0.0040 
39.6456 16.5000 3633.3421 0.3548 0.1111 -0.5867 3.1025 6.0000 29.3185 0.0027 
39.6987 16.5000 3649.7521 0.3522 0.1079 -0.5879 3.1008 6.0000 32.3703 0.0027 
39.6884 16.5000 3649.1475 0.3539 0.1104 -0.5860 3.1031 6.0000 33.1196 0.0034 
39.6991 16.5000 3652.3236 0.3537 0.1093 -0.5862 3.1046 6.0000 32.8270 0.0034 
39.6704 16.5000 3638.6569 0.3521 0.1092 -0.5854 3.1026 6.0000 32.4543 0.0030 
39.7001 16.5000 3650.8313 0.3504 0.1092 -0.5836 3.1046 6.0000 32.7082 0.0031 
39.6882 16.5000 3648.9923 0.3531 0.1095 -0.5856 3.1067 6.0000 33.1120 0.0027 
39.6822 16.5000 3645.9177 0.3566 0.1112 -0.5887 3.1020 6.0000 30.9230 0.0019 
39.6974 16.5000 3651.0453 0.3516 0.1091 -0.5849 3.1034 6.0000 31.0749 0.0034 
39.7298 16.5000 3663.4347 0.3542 0.1104 -0.5868 3.1081 6.0000 31.3947 0.0028 
39.6712 16.5000 3642.8009 0.3546 0.1107 -0.5893 3.1033 6.0000 29.0698 0.0026 
39.6937 16.5000 3651.5497 0.3532 0.1101 -0.5880 3.1024 6.0000 29.6241 0.0032 
39.7020 16.5000 3651.6989 0.3545 0.1128 -0.5838 3.1087 6.0000 29.8608 0.0031 
39.6774 16.5000 3643.1417 0.3497 0.1092 -0.5833 3.1003 6.0000 31.9871 0.0026 
39.6834 16.5000 3645.7817 0.3522 0.1105 -0.5868 3.1059 6.0000 32.4088 0.0026 
39.7020 16.5000 3652.2377 0.3513 0.1085 -0.5879 3.1062 6.0000 32.6123 0.0033 
39.7012 16.5000 3652.5042 0.3520 0.1087 -0.5861 3.1021 6.0000 29.4768 0.0025 
39.6766 16.5000 3644.8977 0.3520 0.1096 -0.5854 3.1108 6.0000 28.9140 0.0028 
39.7074 16.5000 3655.7334 0.3534 0.1104 -0.5868 3.1057 6.0000 28.9600 0.0026 
39.6948 16.5000 3648.9828 0.3549 0.1102 -0.5866 3.1011 6.0000 29.1264 0.0026 
39.7034 16.5000 3651.8192 0.3544 0.1105 -0.5896 3.1087 6.0000 29.2804 0.0031 
39.7028 16.5000 3652.7060 0.3542 0.1090 -0.5910 3.1052 6.0000 29.3748 0.0029 
39.6811 16.5000 3643.3697 0.3499 0.1097 -0.5843 3.1065 6.0000 31.8939 0.0025 
39.6902 16.5000 3647.5819 0.3525 0.1103 -0.5839 3.1083 6.0000 32.4375 0.0027 
39.7053 16.5000 3653.6116 0.3514 0.1094 -0.5885 3.1047 6.0000 31.8230 0.0024 
39.6979 16.5000 3648.4648 0.3529 0.1105 -0.5882 3.1018 6.0000 29.2628 0.0026 
39.7100 16.5000 3654.2594 0.3540 0.1112 -0.5857 3.1027 6.0000 30.1492 0.0034 
39.7022 16.5000 3653.3082 0.3534 0.1110 -0.5848 3.1049 6.0000 29.9168 0.0028 
39.6725 16.5000 3640.8918 0.3506 0.1091 -0.5874 3.1051 6.0000 32.7275 0.0031 
39.6964 16.5000 3650.5904 0.3546 0.1100 -0.5884 3.1078 6.0000 32.4757 0.0027 
39.6824 16.5000 3646.3938 0.3510 0.1094 -0.5844 3.1019 6.0000 32.1626 0.0027 
39.6985 16.5000 3651.8696 0.3569 0.1112 -0.5913 3.1032 6.0000 29.2540 0.0038 
39.6979 16.5000 3650.9737 0.3533 0.1103 -0.5869 3.1042 6.0000 29.6502 0.0026 
39.6566 16.5000 3637.4048 0.3568 0.1107 -0.5909 3.1053 6.0000 29.4885 0.0026 
39.7032 16.5000 3653.7763 0.3508 0.1101 -0.5837 3.1059 6.0000 29.2487 0.0028 
39.6913 16.5000 3648.7997 0.3535 0.1103 -0.5855 3.1025 6.0000 30.0275 0.0030 
39.6944 16.5000 3649.5057 0.3527 0.1093 -0.5891 3.1051 6.0000 29.2480 0.0032 
39.6805 16.5000 3645.6712 0.3526 0.1091 -0.5862 3.1061 6.0000 29.3357 0.0027 
39.6863 16.5000 3645.8560 0.3525 0.1090 -0.5884 3.1047 6.0000 29.0962 0.0028 
39.6993 16.5000 3651.1887 0.3536 0.1098 -0.5892 3.1018 6.0000 29.1910 0.0032 
39.6933 16.5000 3649.4205 0.3533 0.1102 -0.5853 3.1065 6.0000 32.0442 0.0030 
39.6795 16.5000 3644.3707 0.3546 0.1108 -0.5894 3.1047 6.0000 31.8444 0.0028 
39.6880 16.5000 3647.0773 0.3527 0.1094 -0.5909 3.1085 6.0000 31.8559 0.0029 
39.6960 16.5000 3649.5175 0.3515 0.1107 -0.5865 3.1070 6.0000 29.0021 0.0033 
39.6896 16.5000 3647.0443 0.3514 0.1081 -0.5910 3.1041 6.0000 29.0193 0.0029 
39.6750 16.5000 3643.9759 0.3530 0.1083 -0.5899 3.1012 6.0000 28.9331 0.0029 
39.6894 16.5000 3646.7877 0.3516 0.1093 -0.5865 3.1074 6.0000 29.4815 0.0030 
39.6917 16.5000 3647.2057 0.3532 0.1092 -0.5907 3.1011 6.0000 28.7424 0.0030 
39.6851 16.5000 3648.1364 0.3536 0.1096 -0.5877 3.1008 6.0000 28.9588 0.0030 
39.6871 16.5000 3645.3586 0.3523 0.1092 -0.5877 3.1037 6.0000 19.2783 0.0030 
