37.3947 16.5000 2973.2182 0.4269 0.2603 -0.5310 2.4099 4.0000 0.1303 0.0633 
37.6393 16.5000 3020.8096 0.4234 0.2652 -0.5050 2.4144 4.0000 0.1289 0.0633 
37.4351 16.5000 3007.1198 0.4198 0.2643 -0.4828 2.4108 4.0000 0.1285 0.0633 
37.4351 16.5000 2996.1564 0.4239 0.2619 -0.5086 2.4027 4.0000 0.0996 0.0694 
37.5208 16.5000 3012.4010 0.4223 0.2709 -0.4675 2.4194 4.0000 0.0996 0.0694 
37.2232 16.5000 2942.7617 0.4205 0.2579 -0.5115 2.4089 4.0000 0.1000 0.0694 
37.4527 16.5000 3010.3153 0.4306 0.2621 -0.5153 2.4065 4.0000 0.0990 0.0613 
37.6545 16.5000 3052.7364 0.4236 0.2576 -0.5175 2.4046 4.0000 0.1000 0.0613 
37.5082 16.5000 3005.2535 0.4292 0.2634 -0.5179 2.4010 4.0000 0.0996 0.0613 
37.6620 16.5000 3065.3392 0.4240 0.2624 -0.4965 2.3991 4.0000 0.0993 0.0628 
37.7251 16.5000 3064.6305 0.4248 0.2600 -0.5172 2.3999 4.0000 0.0997 0.0628 
37.4552 16.5000 3014.8878 0.4347 0.2537 -0.5654 2.3924 4.0000 0.0998 0.0628 
37.5334 16.5000 3019.6267 0.4246 0.2587 -0.5192 2.3969 4.0000 0.1229 0.0601 
37.4704 16.5000 3013.4250 0.4343 0.2567 -0.5504 2.3983 4.0000 0.1196 0.0601 
37.5485 16.5000 3027.3619 0.4266 0.2551 -0.5504 2.4031 4.0000 0.1225 0.0601 
37.5284 16.5000 3017.7352 0.4280 0.2665 -0.5107 2.4078 4.0000 0.1001 0.0612 
37.4905 16.5000 2994.4262 0.4260 0.2536 -0.5487 2.3995 4.0000 0.1135 0.0626 
37.5107 16.5000 3007.6267 0.4270 0.2545 -0.5303 2.3884 4.0000 0.1141 0.0626 
37.4603 16.5000 3006.9786 0.4258 0.2577 -0.5214 2.3947 4.0000 0.0977 0.0595 
37.5712 16.5000 3025.9092 0.4277 0.2693 -0.4914 2.4044 4.0000 0.1215 0.0632 
37.3342 16.5000 2976.6103 0.4159 0.2587 -0.4921 2.4019 4.0000 0.1073 0.0684 
37.2560 16.5000 2961.4830 0.4275 0.2525 -0.5365 2.3859 5.0000 0.0968 0.0551 
37.4401 16.5000 3009.5511 0.4248 0.2618 -0.4954 2.3965 4.0000 0.1032 0.0561 
37.7276 16.5000 3064.2825 0.4222 0.2612 -0.4951 2.4023 4.0000 0.1035 0.0577 
37.6923 16.5000 3050.4187 0.4344 0.2640 -0.5288 2.4075 4.0000 0.1018 0.0614 
37.6343 16.5000 3061.5032 0.4287 0.2600 -0.5232 2.3949 4.0000 0.1015 0.0578 
37.5032 16.5000 3003.2232 0.4269 0.2608 -0.5257 2.4031 4.0000 0.1076 0.0634 
37.6318 16.5000 3047.4401 0.4301 0.2595 -0.5203 2.4056 4.0000 0.1112 0.0659 
37.4325 16.5000 3016.1967 0.4227 0.2566 -0.5281 2.3995 4.0000 0.1031 0.0573 
37.3443 16.5000 2978.5725 0.4223 0.2654 -0.4827 2.4014 4.0000 0.1002 0.0661 
37.6494 16.5000 3042.0605 0.4188 0.2615 -0.4935 2.3947 4.0000 0.0954 0.0608 
37.3367 16.5000 2972.6734 0.4238 0.2603 -0.5261 2.4104 5.0000 0.0967 0.0581 
37.5259 16.5000 3020.5927 0.4339 0.2591 -0.5516 2.4064 4.0000 0.0955 0.0605 
37.6192 16.5000 3046.8979 0.4314 0.2667 -0.5121 2.3941 4.0000 0.0947 0.0564 
37.5334 16.5000 3019.3291 0.4348 0.2625 -0.5175 2.3922 4.0000 0.0962 0.0523 
37.6797 16.5000 3074.5397 0.4267 0.2601 -0.5061 2.3987 4.0000 0.0965 0.0640 
37.8285 16.5000 3073.8890 0.4238 0.2587 -0.5073 2.3864 4.0000 0.0969 0.0585 
37.4124 16.5000 3005.3291 0.4216 0.2597 -0.4974 2.4036 4.0000 0.0955 0.0679 
37.6066 16.5000 3045.7100 0.4358 0.2620 -0.5312 2.3956 4.0000 0.0961 0.0589 
37.2762 16.5000 2951.2005 0.4214 0.2657 -0.4920 2.4084 4.0000 0.0952 0.0625 
37.5914 16.5000 3043.2459 0.4292 0.2544 -0.5313 2.3896 4.0000 0.0974 0.0556 
37.4628 16.5000 2994.1614 0.4216 0.2563 -0.5179 2.3970 5.0000 0.1013 0.0554 
37.7100 16.5000 3075.8159 0.4265 0.2545 -0.5244 2.3806 4.0000 0.1003 0.0616 
37.7150 16.5000 3073.6620 0.4295 0.2635 -0.5095 2.4047 4.0000 0.1033 0.0641 
37.4956 16.5000 2993.8714 0.4180 0.2609 -0.4981 2.4100 4.0000 0.1002 0.0574 
37.4073 16.5000 2979.7201 0.4302 0.2623 -0.5208 2.4044 4.0000 0.1000 0.0594 
37.6444 16.5000 3073.5662 0.4285 0.2548 -0.5197 2.3901 4.0000 0.1024 0.0604 
37.5738 16.5000 3030.7364 0.4243 0.2631 -0.4961 2.3997 4.0000 0.1045 0.0643 
37.5385 16.5000 3014.8222 0.4306 0.2654 -0.5089 2.4046 4.0000 0.1004 0.0588 
37.4023 16.5000 2998.1160 0.4311 0.2605 -0.5282 2.4064 4.0000 0.1012 0.0610 
37.5965 16.5000 3020.4035 0.4222 0.2595 -0.5021 2.3985 4.0000 0.0995 0.0646 
37.5158 16.5000 3005.6520 0.4226 0.2596 -0.5199 2.4108 4.0000 0.1020 0.0624 
37.3897 16.5000 2992.3834 0.4223 0.2613 -0.4964 2.4032 4.0000 0.1104 0.0573 
37.4678 16.5000 3018.9533 0.4243 0.2547 -0.5288 2.3904 4.0000 0.1018 0.0573 
37.6494 16.5000 3037.7881 0.4173 0.2643 -0.4764 2.3938 4.0000 0.0971 0.0557 
37.4754 16.5000 3014.8323 0.4245 0.2660 -0.4866 2.4008 4.0000 0.0962 0.0650 
37.7049 16.5000 3058.9861 0.4264 0.2594 -0.5188 2.3987 4.0000 0.0954 0.0650 
37.3770 16.5000 2971.9445 0.4309 0.2630 -0.5323 2.4046 4.0000 0.0947 0.0576 
37.4729 16.5000 3009.5410 0.4317 0.2613 -0.5300 2.4031 5.0000 0.0945 0.0591 
37.6393 16.5000 3056.2043 0.4192 0.2594 -0.4942 2.3960 4.0000 0.0955 0.0591 
37.5839 16.5000 3050.9760 0.4268 0.2523 -0.5317 2.3839 4.0000 0.0952 0.0650 
37.5385 16.5000 3003.6267 0.4263 0.2567 -0.5331 2.4048 4.0000 0.0953 0.0604 
37.3770 16.5000 2965.1450 0.4206 0.2593 -0.5284 2.4048 4.0000 0.0952 0.0604 
37.5385 16.5000 3016.4061 0.4283 0.2645 -0.5178 2.3933 4.0000 0.0955 0.0620 
37.2459 16.5000 2945.3544 0.4240 0.2589 -0.5166 2.3973 4.0000 0.0957 0.0692 
37.4805 16.5000 2982.0025 0.4276 0.2598 -0.5187 2.4089 4.0000 0.0973 0.0692 
37.2282 16.5000 2919.0265 0.4164 0.2590 -0.5244 2.4144 4.0000 0.0985 0.0596 
37.6747 16.5000 3061.5057 0.4253 0.2570 -0.5212 2.3976 4.0000 0.0988 0.0618 
37.5662 16.5000 3045.2081 0.4251 0.2643 -0.4959 2.4066 4.0000 0.0998 0.0632 
37.4880 16.5000 3035.4729 0.4252 0.2563 -0.5274 2.4055 4.0000 0.1000 0.0669 
37.4401 16.5000 2993.9117 0.4277 0.2535 -0.5441 2.3957 4.0000 0.1011 0.0546 
37.3115 16.5000 2971.8260 0.4305 0.2528 -0.5472 2.4015 4.0000 0.1031 0.0621 
37.7453 16.5000 3084.6255 0.4270 0.2631 -0.5006 2.3987 4.0000 0.1037 0.0670 
37.4779 16.5000 2992.8928 0.4277 0.2578 -0.5179 2.4006 4.0000 0.1001 0.0564 
37.3064 16.5000 2958.0050 0.4191 0.2592 -0.5170 2.4143 4.0000 0.1021 0.0581 
37.6822 16.5000 3061.5662 0.4381 0.2592 -0.5397 2.3866 4.0000 0.1098 0.0635 
37.6192 16.5000 3046.5322 0.4313 0.2649 -0.5200 2.4066 4.0000 0.1067 0.0581 
37.4300 16.5000 2982.0177 0.4224 0.2555 -0.5287 2.4082 4.0000 0.1089 0.0622 
37.6217 16.5000 3048.3178 0.4298 0.2579 -0.5308 2.3906 4.0000 0.1006 0.0643 
37.4754 16.5000 3028.1412 0.4248 0.2528 -0.5302 2.3920 4.0000 0.0966 0.0644 
37.3997 16.5000 2984.7566 0.4271 0.2584 -0.5179 2.3903 4.0000 0.0949 0.0686 
37.3972 16.5000 3003.5359 0.4208 0.2582 -0.4944 2.3929 4.0000 0.0947 0.0559 
37.2509 16.5000 2953.1753 0.4156 0.2544 -0.5071 2.4068 4.0000 0.0951 0.0572 
37.6999 16.5000 3068.0429 0.4288 0.2591 -0.5404 2.3885 4.0000 0.1073 0.0581 
37.6520 16.5000 3060.9281 0.4336 0.2621 -0.5274 2.3960 4.0000 0.0961 0.0634 
37.6217 16.5000 3043.2963 0.4321 0.2565 -0.5298 2.3909 4.0000 0.0965 0.0571 
37.4325 16.5000 2994.3430 0.4228 0.2633 -0.4863 2.4020 4.0000 0.0953 0.0638 
37.6570 16.5000 3051.2005 0.4243 0.2604 -0.5159 2.3918 4.0000 0.0956 0.0664 
37.4174 16.5000 3017.2636 0.4223 0.2602 -0.4902 2.4014 4.0000 0.0959 0.0608 
37.3266 16.5000 2971.1929 0.4289 0.2524 -0.5565 2.3995 4.0000 0.0943 0.0661 
37.5233 16.5000 3027.5057 0.4305 0.2570 -0.5452 2.3882 4.0000 0.0968 0.0625 
37.3392 16.5000 2977.3443 0.4244 0.2545 -0.5176 2.4003 4.0000 0.0978 0.0610 
37.4653 16.5000 3010.1261 0.4297 0.2612 -0.5186 2.4033 4.0000 0.1023 0.0624 
37.5183 16.5000 3038.1765 0.4278 0.2711 -0.4777 2.4105 4.0000 0.1008 0.0597 
37.4678 16.5000 3023.8512 0.4257 0.2528 -0.5401 2.3900 4.0000 0.1030 0.0635 
37.5637 16.5000 3030.0353 0.4289 0.2614 -0.5145 2.3973 4.0000 0.0998 0.0608 
37.4275 16.5000 2992.1967 0.4280 0.2521 -0.5386 2.3994 4.0000 0.0996 0.0644 
37.5259 16.5000 3029.0694 0.4253 0.2591 -0.5167 2.3939 4.0000 0.1014 0.0595 
37.3972 16.5000 2983.4098 0.4196 0.2620 -0.5026 2.4077 4.0000 0.1006 0.0595 
37.5712 16.5000 3032.9685 0.4213 0.2627 -0.4751 2.4006 4.0000 0.0996 0.0595 
