39.6575 4.0000 3638.0318 0.3402 0.1092 -0.5829 3.0343 5.0000 11.9671 0.0037 
39.6451 4.0000 3632.8325 0.3426 0.1094 -0.5796 3.0371 5.0000 12.1697 0.0035 
39.6668 4.0000 3642.9163 0.3385 0.1086 -0.5809 3.0273 6.0000 12.0247 0.0035 
39.6663 4.0000 3641.1554 0.3439 0.1093 -0.5837 3.0335 6.0000 12.5799 0.0048 
39.6169 4.0000 3623.0230 0.3377 0.1065 -0.5821 3.0319 5.0000 12.4371 0.0038 
39.6552 4.0000 3635.8837 0.3426 0.1097 -0.5826 3.0340 6.0000 12.6920 0.0037 
39.6603 4.0000 3638.8565 0.3397 0.1087 -0.5812 3.0307 6.0000 12.5979 0.0034 
39.6699 4.0000 3641.7256 0.3413 0.1095 -0.5821 3.0327 5.0000 12.7537 0.0040 
39.6472 4.0000 3630.4449 0.3382 0.1083 -0.5809 3.0327 6.0000 13.1783 0.0041 
39.6416 4.0000 3629.0194 0.3401 0.1104 -0.5775 3.0345 5.0000 13.0169 0.0044 
39.6308 4.0000 3625.0497 0.3416 0.1090 -0.5842 3.0321 6.0000 12.9671 0.0040 
39.6456 4.0000 3634.0086 0.3433 0.1108 -0.5809 3.0301 5.0000 12.7841 0.0044 
39.6323 4.0000 3628.1410 0.3420 0.1091 -0.5831 3.0323 6.0000 12.9338 0.0034 
39.6711 4.0000 3641.5014 0.3400 0.1097 -0.5768 3.0307 6.0000 12.8170 0.0040 
39.6472 4.0000 3632.1516 0.3415 0.1078 -0.5883 3.0285 6.0000 13.0177 0.0046 
39.6245 4.0000 3625.4449 0.3407 0.1101 -0.5851 3.0284 5.0000 13.0750 0.0045 
39.6280 4.0000 3628.1385 0.3409 0.1088 -0.5850 3.0246 5.0000 12.6600 0.0045 
39.6293 4.0000 3629.8963 0.3400 0.1073 -0.5857 3.0265 5.0000 12.6334 0.0045 
39.6262 4.0000 3625.9945 0.3432 0.1085 -0.5890 3.0315 5.0000 12.8537 0.0040 
39.6462 4.0000 3633.0938 0.3416 0.1109 -0.5781 3.0328 5.0000 12.6740 0.0040 
39.6456 4.0000 3632.7496 0.3424 0.1112 -0.5799 3.0324 5.0000 12.8804 0.0046 
39.6252 4.0000 3624.9657 0.3405 0.1089 -0.5860 3.0316 6.0000 13.0348 0.0041 
39.6416 4.0000 3629.9962 0.3395 0.1093 -0.5813 3.0337 6.0000 12.7420 0.0045 
39.6267 4.0000 3627.5115 0.3383 0.1088 -0.5817 3.0321 6.0000 12.9943 0.0033 
39.6767 4.0000 3640.4129 0.3389 0.1086 -0.5800 3.0319 6.0000 13.2634 0.0038 
39.6560 4.0000 3633.7864 0.3429 0.1096 -0.5877 3.0307 6.0000 12.6875 0.0042 
39.6406 4.0000 3632.3624 0.3418 0.1087 -0.5836 3.0290 6.0000 12.7911 0.0040 
39.6474 4.0000 3633.3117 0.3385 0.1090 -0.5784 3.0321 6.0000 13.1777 0.0046 
39.6247 4.0000 3625.0240 0.3405 0.1085 -0.5814 3.0288 6.0000 12.9334 0.0043 
39.6356 4.0000 3627.9861 0.3394 0.1079 -0.5828 3.0306 5.0000 12.6186 0.0042 
39.6409 4.0000 3630.2366 0.3411 0.1103 -0.5838 3.0338 6.0000 13.2924 0.0046 
39.6716 4.0000 3644.0013 0.3398 0.1089 -0.5803 3.0280 5.0000 12.6416 0.0034 
39.6255 4.0000 3627.1054 0.3422 0.1104 -0.5769 3.0336 6.0000 13.0333 0.0042 
39.6398 4.0000 3630.1226 0.3420 0.1103 -0.5859 3.0352 5.0000 12.9069 0.0042 
39.6045 4.0000 3617.0091 0.3429 0.1110 -0.5816 3.0271 6.0000 13.1529 0.0037 
39.6573 4.0000 3639.3337 0.3367 0.1081 -0.5805 3.0319 6.0000 13.2874 0.0041 
39.6436 4.0000 3630.9591 0.3421 0.1113 -0.5840 3.0349 5.0000 13.3629 0.0036 
39.6631 4.0000 3639.7634 0.3418 0.1086 -0.5842 3.0313 6.0000 13.2954 0.0036 
39.6348 4.0000 3626.1079 0.3459 0.1120 -0.5853 3.0328 5.0000 13.1841 0.0034 
39.6719 4.0000 3643.3269 0.3400 0.1079 -0.5772 3.0301 6.0000 13.2137 0.0034 
39.6487 4.0000 3634.2651 0.3424 0.1093 -0.5844 3.0343 5.0000 13.1584 0.0046 
39.6255 4.0000 3625.5228 0.3403 0.1118 -0.5760 3.0305 6.0000 13.0247 0.0046 
39.6628 4.0000 3639.9607 0.3422 0.1087 -0.5842 3.0268 5.0000 13.2803 0.0044 
39.6310 4.0000 3629.8898 0.3445 0.1099 -0.5863 3.0312 6.0000 13.2024 0.0044 
39.6646 4.0000 3636.8731 0.3389 0.1093 -0.5805 3.0346 6.0000 13.3022 0.0042 
39.6404 4.0000 3632.9783 0.3389 0.1080 -0.5811 3.0295 6.0000 13.0861 0.0042 
39.6436 4.0000 3632.5478 0.3418 0.1087 -0.5818 3.0275 6.0000 13.3623 0.0046 
39.6232 4.0000 3625.3465 0.3417 0.1095 -0.5854 3.0295 6.0000 13.0667 0.0046 
39.6381 4.0000 3631.2386 0.3396 0.1089 -0.5790 3.0305 6.0000 12.9229 0.0044 
39.6328 4.0000 3629.9947 0.3400 0.1095 -0.5817 3.0319 6.0000 12.8988 0.0044 
39.6444 4.0000 3632.2968 0.3409 0.1097 -0.5807 3.0317 5.0000 12.9521 0.0040 
39.6487 4.0000 3633.8938 0.3407 0.1099 -0.5818 3.0302 6.0000 13.4406 0.0042 
39.6411 4.0000 3631.1087 0.3416 0.1095 -0.5809 3.0321 6.0000 13.2502 0.0035 
39.6681 4.0000 3640.3624 0.3406 0.1070 -0.5887 3.0308 5.0000 12.9287 0.0044 
39.6330 4.0000 3627.6860 0.3394 0.1093 -0.5815 3.0296 5.0000 12.9301 0.0050 
39.6068 4.0000 3618.0111 0.3394 0.1080 -0.5854 3.0295 6.0000 13.0591 0.0035 
39.6666 4.0000 3642.8293 0.3414 0.1102 -0.5776 3.0322 5.0000 12.8903 0.0041 
39.6416 4.0000 3630.6232 0.3429 0.1088 -0.5875 3.0257 6.0000 12.8807 0.0045 
39.6275 4.0000 3625.0146 0.3402 0.1079 -0.5828 3.0271 6.0000 13.0877 0.0039 
39.6515 4.0000 3634.1992 0.3411 0.1089 -0.5827 3.0325 6.0000 12.9726 0.0041 
39.6414 4.0000 3633.3140 0.3408 0.1108 -0.5811 3.0389 6.0000 12.7332 0.0035 
39.6671 4.0000 3641.2772 0.3408 0.1092 -0.5807 3.0293 6.0000 13.1136 0.0033 
39.6747 4.0000 3645.7228 0.3402 0.1084 -0.5794 3.0303 5.0000 13.3417 0.0047 
39.6182 4.0000 3623.9697 0.3415 0.1084 -0.5872 3.0294 6.0000 13.2257 0.0042 
39.6378 4.0000 3628.9894 0.3377 0.1084 -0.5815 3.0292 6.0000 13.0433 0.0047 
39.6192 4.0000 3622.4648 0.3409 0.1094 -0.5848 3.0325 6.0000 12.8791 0.0048 
39.6166 4.0000 3624.6348 0.3437 0.1090 -0.5833 3.0248 6.0000 12.7821 0.0046 
39.6240 4.0000 3625.6242 0.3438 0.1095 -0.5873 3.0302 5.0000 13.1112 0.0045 
39.6265 4.0000 3626.9763 0.3423 0.1087 -0.5847 3.0313 6.0000 12.4538 0.0047 
39.6182 4.0000 3620.1226 0.3422 0.1104 -0.5870 3.0349 6.0000 12.8687 0.0045 
39.6277 4.0000 3626.5145 0.3403 0.1089 -0.5809 3.0312 6.0000 12.8060 0.0046 
39.6235 4.0000 3622.1806 0.3427 0.1091 -0.5883 3.0289 5.0000 13.3431 0.0040 
39.6459 4.0000 3633.0381 0.3403 0.1085 -0.5793 3.0293 6.0000 13.0766 0.0048 
39.6154 4.0000 3624.3054 0.3409 0.1095 -0.5819 3.0356 6.0000 13.1149 0.0044 
39.6330 4.0000 3629.5468 0.3420 0.1099 -0.5857 3.0267 6.0000 13.0955 0.0043 
39.6363 4.0000 3628.6883 0.3402 0.1102 -0.5813 3.0372 5.0000 13.1894 0.0035 
39.6663 4.0000 3640.7122 0.3406 0.1086 -0.5790 3.0253 6.0000 13.1782 0.0042 
39.6388 4.0000 3629.1854 0.3404 0.1094 -0.5806 3.0308 6.0000 13.0146 0.0046 
39.6217 4.0000 3623.4250 0.3400 0.1084 -0.5828 3.0308 5.0000 13.2242 0.0037 
39.6595 4.0000 3637.4373 0.3373 0.1083 -0.5797 3.0332 6.0000 13.3435 0.0039 
39.6530 4.0000 3634.9758 0.3397 0.1082 -0.5812 3.0312 6.0000 13.1176 0.0044 
39.6313 4.0000 3626.4197 0.3420 0.1092 -0.5846 3.0339 5.0000 13.5061 0.0043 
39.6343 4.0000 3626.3506 0.3404 0.1091 -0.5804 3.0283 5.0000 13.4568 0.0037 
39.6603 4.0000 3636.8134 0.3432 0.1099 -0.5833 3.0335 5.0000 13.4836 0.0045 
39.6282 4.0000 3629.2404 0.3387 0.1089 -0.5809 3.0321 6.0000 13.0825 0.0036 
39.6620 4.0000 3639.5135 0.3439 0.1087 -0.5868 3.0320 5.0000 13.4737 0.0045 
39.6285 4.0000 3627.3591 0.3380 0.1070 -0.5840 3.0310 6.0000 13.0361 0.0038 
39.6567 4.0000 3635.5874 0.3411 0.1099 -0.5843 3.0356 5.0000 13.4715 0.0040 
39.6456 4.0000 3631.4726 0.3401 0.1078 -0.5811 3.0265 5.0000 13.1182 0.0039 
39.6512 4.0000 3635.1233 0.3404 0.1090 -0.5845 3.0361 6.0000 13.3499 0.0052 
39.6013 4.0000 3616.5632 0.3397 0.1099 -0.5789 3.0351 6.0000 12.8354 0.0038 
39.6562 4.0000 3641.6217 0.3403 0.1088 -0.5831 3.0281 6.0000 13.2796 0.0051 
39.6038 4.0000 3618.0754 0.3367 0.1085 -0.5808 3.0327 6.0000 12.8350 0.0046 
39.6237 4.0000 3629.4724 0.3440 0.1098 -0.5868 3.0340 6.0000 13.0832 0.0042 
39.6409 4.0000 3633.2376 0.3379 0.1074 -0.5793 3.0287 6.0000 12.9512 0.0044 
39.6323 4.0000 3628.1420 0.3385 0.1076 -0.5849 3.0299 6.0000 13.0587 0.0043 
39.6353 4.0000 3626.9844 0.3418 0.1090 -0.5869 3.0278 5.0000 13.1761 0.0040 
39.6487 4.0000 3634.4351 0.3407 0.1109 -0.5830 3.0339 6.0000 13.3203 0.0039 
39.6497 4.0000 3634.5359 0.3405 0.1087 -0.5828 3.0297 6.0000 13.1666 0.0036 
39.6613 4.0000 3639.4880 0.3419 0.1084 -0.5830 3.0320 6.0000 12.4046 0.0036 
