39.7583 16.5000 3670.8222 0.1883 0.0524 -0.4322 3.0279 6.0000 27.8942 0.0018 
39.7338 16.5000 3662.1007 0.1896 0.0532 -0.4338 3.0263 6.0000 27.7614 0.0018 
39.7517 16.5000 3668.2264 0.1888 0.0531 -0.4323 3.0278 6.0000 28.0106 0.0018 
39.7497 16.5000 3667.6457 0.1873 0.0523 -0.4325 3.0246 6.0000 28.7824 0.0014 
39.7439 16.5000 3664.5917 0.1857 0.0522 -0.4303 3.0240 6.0000 28.7014 0.0014 
39.7493 16.5000 3667.4166 0.1894 0.0528 -0.4361 3.0274 6.0000 28.7841 0.0014 
39.7451 16.5000 3665.7144 0.1870 0.0516 -0.4330 3.0228 6.0000 29.8468 0.0021 
39.7381 16.5000 3664.2076 0.1878 0.0527 -0.4320 3.0272 6.0000 30.3249 0.0013 
39.7235 16.5000 3657.8471 0.1894 0.0529 -0.4340 3.0289 6.0000 30.2622 0.0013 
39.7524 16.5000 3668.9058 0.1847 0.0514 -0.4272 3.0238 6.0000 28.4954 0.0018 
39.7329 16.5000 3661.1109 0.1869 0.0517 -0.4320 3.0265 6.0000 29.7674 0.0018 
39.7346 16.5000 3661.8819 0.1884 0.0521 -0.4333 3.0238 6.0000 29.4494 0.0018 
39.7362 16.5000 3661.9305 0.1858 0.0525 -0.4285 3.0253 6.0000 28.6851 0.0019 
39.7441 16.5000 3665.1687 0.1849 0.0517 -0.4291 3.0245 6.0000 29.2087 0.0017 
39.7307 16.5000 3660.4286 0.1874 0.0526 -0.4294 3.0274 6.0000 29.9314 0.0019 
39.7400 16.5000 3664.3220 0.1855 0.0518 -0.4287 3.0265 6.0000 29.1276 0.0016 
39.7290 16.5000 3659.4455 0.1867 0.0524 -0.4299 3.0279 6.0000 29.3237 0.0014 
39.7437 16.5000 3664.8918 0.1866 0.0517 -0.4291 3.0254 6.0000 29.7507 0.0017 
39.7486 16.5000 3667.2176 0.1876 0.0524 -0.4323 3.0254 6.0000 31.7984 0.0016 
39.7371 16.5000 3663.0985 0.1867 0.0520 -0.4299 3.0235 6.0000 32.0820 0.0016 
39.7420 16.5000 3665.1838 0.1854 0.0522 -0.4296 3.0243 6.0000 32.4549 0.0016 
39.7408 16.5000 3664.6158 0.1871 0.0519 -0.4327 3.0242 6.0000 32.2621 0.0017 
39.7431 16.5000 3666.0027 0.1859 0.0521 -0.4299 3.0247 6.0000 32.5499 0.0015 
39.7381 16.5000 3663.5340 0.1851 0.0522 -0.4277 3.0277 6.0000 32.4809 0.0015 
39.7459 16.5000 3666.0506 0.1873 0.0525 -0.4317 3.0269 6.0000 32.0485 0.0013 
39.7455 16.5000 3666.8342 0.1861 0.0520 -0.4290 3.0241 6.0000 32.2831 0.0015 
39.7557 16.5000 3670.1531 0.1860 0.0517 -0.4300 3.0269 6.0000 32.3594 0.0014 
39.7464 16.5000 3667.3251 0.1860 0.0523 -0.4322 3.0248 6.0000 28.9968 0.0017 
39.7493 16.5000 3667.4316 0.1875 0.0521 -0.4320 3.0237 6.0000 29.1930 0.0014 
39.7400 16.5000 3663.6853 0.1866 0.0520 -0.4299 3.0255 6.0000 29.6092 0.0017 
39.7486 16.5000 3668.0272 0.1856 0.0517 -0.4280 3.0259 6.0000 28.8181 0.0016 
39.7373 16.5000 3663.9307 0.1857 0.0522 -0.4288 3.0261 6.0000 29.1331 0.0013 
39.7441 16.5000 3664.8226 0.1871 0.0520 -0.4310 3.0272 6.0000 29.5518 0.0015 
39.7534 16.5000 3668.9167 0.1862 0.0516 -0.4303 3.0250 6.0000 28.6593 0.0012 
39.7457 16.5000 3666.6119 0.1848 0.0521 -0.4231 3.0257 6.0000 29.0688 0.0014 
39.7585 16.5000 3671.6252 0.1854 0.0516 -0.4293 3.0251 6.0000 29.6937 0.0017 
39.7488 16.5000 3667.5711 0.1867 0.0517 -0.4290 3.0266 6.0000 31.8287 0.0015 
39.7402 16.5000 3664.2782 0.1863 0.0518 -0.4304 3.0241 6.0000 31.9290 0.0011 
39.7470 16.5000 3667.4228 0.1857 0.0517 -0.4281 3.0255 6.0000 31.6517 0.0016 
39.7614 16.5000 3671.3481 0.1847 0.0514 -0.4272 3.0243 6.0000 28.9177 0.0017 
39.7408 16.5000 3664.2219 0.1844 0.0515 -0.4270 3.0231 6.0000 29.5889 0.0015 
39.7369 16.5000 3663.7032 0.1832 0.0514 -0.4257 3.0244 6.0000 29.5533 0.0014 
39.7470 16.5000 3665.8983 0.1858 0.0520 -0.4283 3.0265 5.0000 31.9125 0.0015 
39.7503 16.5000 3667.2880 0.1867 0.0518 -0.4322 3.0244 6.0000 32.2161 0.0017 
39.7453 16.5000 3666.6612 0.1862 0.0523 -0.4315 3.0273 6.0000 32.5988 0.0016 
39.7377 16.5000 3663.4512 0.1877 0.0521 -0.4343 3.0248 6.0000 32.4089 0.0014 
39.7426 16.5000 3664.8936 0.1855 0.0516 -0.4297 3.0279 6.0000 32.2417 0.0016 
39.7513 16.5000 3668.1154 0.1849 0.0515 -0.4299 3.0258 6.0000 32.0963 0.0015 
39.7422 16.5000 3664.6833 0.1857 0.0515 -0.4302 3.0243 6.0000 33.1706 0.0014 
39.7476 16.5000 3667.0084 0.1843 0.0518 -0.4277 3.0248 6.0000 33.4074 0.0015 
39.7503 16.5000 3667.9752 0.1862 0.0517 -0.4295 3.0256 6.0000 35.1482 0.0017 
39.7447 16.5000 3665.8473 0.1852 0.0519 -0.4279 3.0266 6.0000 38.5954 0.0016 
39.7383 16.5000 3663.4869 0.1863 0.0518 -0.4281 3.0253 6.0000 38.1066 0.0016 
39.7435 16.5000 3665.2358 0.1862 0.0516 -0.4314 3.0256 6.0000 36.8607 0.0016 
39.7435 16.5000 3664.7436 0.1860 0.0519 -0.4293 3.0275 6.0000 37.0370 0.0018 
39.7427 16.5000 3665.1553 0.1855 0.0518 -0.4287 3.0246 6.0000 38.1019 0.0018 
39.7362 16.5000 3662.6656 0.1864 0.0519 -0.4312 3.0252 6.0000 37.5522 0.0016 
39.7356 16.5000 3661.9498 0.1854 0.0520 -0.4306 3.0247 6.0000 35.7770 0.0014 
39.7424 16.5000 3664.8633 0.1861 0.0517 -0.4300 3.0261 6.0000 35.1237 0.0015 
39.7521 16.5000 3668.3599 0.1838 0.0523 -0.4275 3.0237 6.0000 34.3648 0.0017 
39.7443 16.5000 3665.1898 0.1865 0.0516 -0.4323 3.0233 6.0000 35.1330 0.0016 
39.7402 16.5000 3663.8388 0.1860 0.0512 -0.4315 3.0236 6.0000 35.2675 0.0018 
39.7431 16.5000 3665.0245 0.1844 0.0512 -0.4281 3.0256 6.0000 34.9411 0.0013 
39.7356 16.5000 3662.2206 0.1853 0.0518 -0.4289 3.0251 6.0000 36.3038 0.0014 
39.7556 16.5000 3669.0921 0.1869 0.0521 -0.4321 3.0258 6.0000 36.1661 0.0013 
39.7515 16.5000 3668.4355 0.1857 0.0521 -0.4276 3.0231 6.0000 36.2514 0.0016 
39.7523 16.5000 3668.1193 0.1849 0.0521 -0.4267 3.0244 6.0000 36.2288 0.0014 
39.7441 16.5000 3665.2849 0.1849 0.0520 -0.4291 3.0259 6.0000 36.6657 0.0017 
39.7499 16.5000 3667.5559 0.1857 0.0519 -0.4308 3.0248 6.0000 36.3467 0.0018 
39.7385 16.5000 3663.6151 0.1871 0.0523 -0.4329 3.0251 6.0000 36.9655 0.0018 
39.7348 16.5000 3662.7060 0.1850 0.0520 -0.4284 3.0257 6.0000 39.1239 0.0013 
39.7360 16.5000 3659.6553 0.1848 0.0518 -0.4276 3.0256 6.0000 39.2615 0.0017 
39.7546 16.5000 3670.1434 0.1862 0.0518 -0.4294 3.0284 6.0000 40.2364 0.0014 
39.7367 16.5000 3663.5109 0.1852 0.0513 -0.4294 3.0271 6.0000 38.8281 0.0017 
39.7501 16.5000 3668.0982 0.1864 0.0520 -0.4302 3.0276 6.0000 37.7515 0.0015 
39.7365 16.5000 3663.0368 0.1873 0.0519 -0.4340 3.0238 6.0000 33.2101 0.0017 
39.7472 16.5000 3667.2445 0.1854 0.0518 -0.4299 3.0252 6.0000 34.1004 0.0015 
39.7371 16.5000 3662.6654 0.1842 0.0516 -0.4242 3.0259 6.0000 33.7798 0.0013 
39.7480 16.5000 3666.8509 0.1862 0.0519 -0.4271 3.0240 6.0000 36.9071 0.0017 
39.7534 16.5000 3669.2294 0.1858 0.0522 -0.4287 3.0261 6.0000 36.9940 0.0014 
39.7371 16.5000 3663.0348 0.1850 0.0515 -0.4314 3.0257 6.0000 36.9347 0.0014 
39.7499 16.5000 3667.4603 0.1836 0.0520 -0.4269 3.0261 6.0000 41.3888 0.0015 
39.7478 16.5000 3666.6965 0.1861 0.0514 -0.4298 3.0271 6.0000 42.4818 0.0018 
39.7466 16.5000 3666.7201 0.1863 0.0522 -0.4299 3.0252 6.0000 42.1101 0.0018 
39.7344 16.5000 3661.1691 0.1849 0.0525 -0.4282 3.0281 6.0000 41.7881 0.0016 
39.7523 16.5000 3668.3255 0.1859 0.0523 -0.4309 3.0261 6.0000 42.2996 0.0014 
39.7433 16.5000 3664.6204 0.1840 0.0523 -0.4261 3.0250 6.0000 41.8563 0.0014 
39.7484 16.5000 3666.7201 0.1865 0.0518 -0.4287 3.0273 6.0000 37.2778 0.0019 
39.7416 16.5000 3664.7264 0.1865 0.0522 -0.4321 3.0241 6.0000 37.4116 0.0015 
39.7321 16.5000 3660.2567 0.1838 0.0519 -0.4262 3.0231 6.0000 38.1614 0.0016 
39.7451 16.5000 3665.8533 0.1873 0.0516 -0.4339 3.0258 6.0000 38.9836 0.0016 
39.7414 16.5000 3663.9777 0.1844 0.0520 -0.4281 3.0245 6.0000 36.6831 0.0016 
39.7420 16.5000 3663.8679 0.1877 0.0523 -0.4321 3.0253 6.0000 36.8689 0.0016 
39.7424 16.5000 3664.9310 0.1852 0.0516 -0.4269 3.0256 6.0000 31.7565 0.0018 
39.7424 16.5000 3664.5597 0.1862 0.0515 -0.4295 3.0248 6.0000 33.6515 0.0018 
39.7352 16.5000 3662.2553 0.1866 0.0519 -0.4307 3.0259 6.0000 34.6383 0.0014 
39.7329 16.5000 3660.9687 0.1870 0.0522 -0.4295 3.0266 6.0000 41.9643 0.0011 
39.7503 16.5000 3667.0090 0.1853 0.0516 -0.4278 3.0266 6.0000 41.0530 0.0015 
39.7604 16.5000 3672.3898 0.1872 0.0520 -0.4311 3.0241 6.0000 40.2131 0.0015 
39.7480 16.5000 3667.1128 0.1858 0.0517 -0.4296 3.0236 6.0000 24.9329 0.0015 
