37.5259 16.5000 3017.6595 0.5081 0.2804 -0.6109 2.4002 4.0000 0.1269 0.0706 
37.1803 16.5000 2926.8222 0.4928 0.2819 -0.5797 2.4050 4.0000 0.1268 0.0706 
37.1652 16.5000 2934.0605 0.4824 0.2781 -0.5882 2.4324 4.0000 0.1282 0.0706 
37.4426 16.5000 2994.2194 0.5074 0.2835 -0.6241 2.4039 4.0000 0.0975 0.0827 
37.3922 16.5000 3001.6166 0.4877 0.2799 -0.5859 2.4200 4.0000 0.0973 0.0827 
36.7642 16.5000 2844.7087 0.4779 0.2795 -0.5840 2.4290 4.0000 0.0968 0.0827 
37.7125 16.5000 3092.7768 0.5094 0.2784 -0.6259 2.3815 4.0000 0.0966 0.0719 
37.1248 16.5000 2917.8966 0.4936 0.2798 -0.6056 2.4248 4.0000 0.0962 0.0719 
37.1375 16.5000 2933.1929 0.5029 0.2788 -0.6137 2.4246 4.0000 0.0972 0.0719 
36.8045 16.5000 2867.1274 0.4935 0.2735 -0.6090 2.4199 4.0000 0.0956 0.0695 
37.3342 16.5000 2955.0593 0.5074 0.2869 -0.6121 2.4217 4.0000 0.0966 0.0695 
37.2182 16.5000 2967.7049 0.4966 0.2744 -0.6137 2.3966 4.0000 0.0962 0.0695 
37.1173 16.5000 2920.3859 0.4910 0.2765 -0.5866 2.4171 4.0000 0.0959 0.0647 
37.3443 16.5000 2967.7856 0.4922 0.2745 -0.6138 2.4210 4.0000 0.0985 0.0647 
37.3871 16.5000 3008.5977 0.4996 0.2689 -0.6445 2.4158 4.0000 0.1023 0.0751 
37.0265 16.5000 2895.6545 0.4899 0.2780 -0.6048 2.4261 4.0000 0.1166 0.0681 
37.0315 16.5000 2909.9243 0.4909 0.2668 -0.6256 2.4025 4.0000 0.1142 0.0681 
37.2686 16.5000 2946.3531 0.5029 0.2891 -0.5991 2.4179 4.0000 0.1402 0.0559 
36.9332 16.5000 2880.5044 0.4878 0.2782 -0.5901 2.4275 4.0000 0.1113 0.0679 
37.6999 16.5000 3069.9496 0.4928 0.2746 -0.5974 2.4132 4.0000 0.1392 0.0737 
37.2736 16.5000 2956.4414 0.4889 0.2787 -0.5887 2.4172 4.0000 0.1435 0.0651 
37.0719 16.5000 2904.2926 0.4912 0.2853 -0.5932 2.4274 4.0000 0.1049 0.0742 
37.3745 16.5000 3027.7705 0.5129 0.2773 -0.6362 2.3985 4.0000 0.0976 0.0628 
37.0567 16.5000 2946.4918 0.5008 0.2780 -0.5947 2.4115 4.0000 0.1065 0.0714 
37.4552 16.5000 2979.3997 0.5009 0.2796 -0.6343 2.4261 4.0000 0.1064 0.0703 
37.1526 16.5000 2919.8058 0.4872 0.2775 -0.5987 2.4142 4.0000 0.1073 0.0765 
37.1904 16.5000 2960.6885 0.5030 0.2816 -0.5862 2.4161 4.0000 0.1078 0.0806 
36.9786 16.5000 2887.6242 0.4808 0.2770 -0.5750 2.4250 4.0000 0.1117 0.0652 
36.8373 16.5000 2826.2799 0.4857 0.2841 -0.5935 2.4397 4.0000 0.1015 0.0743 
37.3695 16.5000 2994.6154 0.5073 0.2757 -0.6276 2.3976 5.0000 0.1090 0.0669 
37.0517 16.5000 2896.4489 0.4959 0.2817 -0.6031 2.4298 4.0000 0.1003 0.0547 
37.3115 16.5000 2974.7945 0.5021 0.2760 -0.6056 2.4061 4.0000 0.0950 0.0735 
37.7427 16.5000 3082.4262 0.5140 0.2874 -0.6091 2.4118 4.0000 0.0943 0.0720 
37.0794 16.5000 2905.3468 0.4930 0.2817 -0.5788 2.4191 4.0000 0.0927 0.0581 
37.1324 16.5000 2897.0946 0.4823 0.2884 -0.5684 2.4353 4.0000 0.0937 0.0750 
37.6217 16.5000 3066.0757 0.5033 0.2712 -0.6109 2.3916 4.0000 0.0948 0.0716 
37.0290 16.5000 2906.9912 0.5225 0.2932 -0.6219 2.4406 4.0000 0.0941 0.0633 
37.1450 16.5000 2966.1160 0.5007 0.2811 -0.5812 2.4077 4.0000 0.0929 0.0633 
37.4376 16.5000 3021.2963 0.5092 0.2758 -0.6320 2.4023 4.0000 0.0939 0.0720 
37.2282 16.5000 2946.0353 0.4861 0.2755 -0.6042 2.4031 4.0000 0.0926 0.0664 
37.1324 16.5000 2932.5347 0.4986 0.2804 -0.6144 2.4157 4.0000 0.0936 0.0691 
37.3266 16.5000 2942.2371 0.4901 0.2796 -0.5929 2.4363 4.0000 0.0981 0.0672 
37.2333 16.5000 2969.0088 0.4911 0.2795 -0.5796 2.4060 4.0000 0.0989 0.0688 
37.2989 16.5000 2962.5851 0.4998 0.2846 -0.5916 2.4237 4.0000 0.0990 0.0747 
37.2434 16.5000 2955.0340 0.4992 0.2797 -0.5903 2.4061 4.0000 0.0994 0.0841 
37.0391 16.5000 2906.0252 0.4853 0.2762 -0.6000 2.4130 4.0000 0.0997 0.0756 
36.7188 16.5000 2797.8285 0.4952 0.2854 -0.6157 2.4274 4.0000 0.0978 0.0756 
37.0063 16.5000 2895.4401 0.4948 0.2861 -0.5874 2.4397 4.0000 0.0987 0.0690 
37.2963 16.5000 2947.4199 0.5068 0.2837 -0.6275 2.4122 4.0000 0.1004 0.0779 
37.2358 16.5000 2959.9016 0.4893 0.2761 -0.5878 2.4116 4.0000 0.1074 0.0761 
36.9281 16.5000 2881.7604 0.4902 0.2790 -0.5756 2.4240 4.0000 0.1034 0.0726 
36.9912 16.5000 2861.6318 0.4694 0.2832 -0.5506 2.4384 4.0000 0.1041 0.0739 
37.1122 16.5000 2922.0984 0.5018 0.2810 -0.6111 2.4241 4.0000 0.1131 0.0698 
37.0668 16.5000 2937.8537 0.4988 0.2768 -0.6005 2.3959 4.0000 0.0960 0.0709 
37.2081 16.5000 2963.2585 0.4984 0.2812 -0.6074 2.4259 4.0000 0.0943 0.0740 
37.1702 16.5000 2991.8537 0.5002 0.2760 -0.6211 2.4306 4.0000 0.0931 0.0595 
37.0643 16.5000 2903.0416 0.4951 0.2817 -0.6018 2.4200 4.0000 0.0937 0.0762 
37.5712 16.5000 3044.3934 0.4911 0.2804 -0.5996 2.4219 4.0000 0.0941 0.0684 
36.9861 16.5000 2866.3102 0.4940 0.2850 -0.5802 2.4273 4.0000 0.0936 0.0688 
37.2585 16.5000 2946.2396 0.5015 0.2853 -0.6063 2.4300 4.0000 0.0936 0.0638 
37.2434 16.5000 2962.7566 0.5034 0.2837 -0.5952 2.4273 4.0000 0.0957 0.0818 
37.4199 16.5000 2985.2863 0.5046 0.2845 -0.6087 2.4274 4.0000 0.0940 0.0679 
36.7970 16.5000 2828.6910 0.4931 0.2797 -0.6092 2.4309 4.0000 0.0931 0.0649 
37.2762 16.5000 2964.7844 0.5039 0.2807 -0.6366 2.4143 4.0000 0.0934 0.0698 
37.3796 16.5000 2987.6620 0.4968 0.2838 -0.5835 2.4274 4.0000 0.0942 0.0649 
37.2081 16.5000 2974.3733 0.5029 0.2782 -0.6045 2.4063 4.0000 0.1009 0.0646 
37.3796 16.5000 2993.2232 0.5013 0.2836 -0.5848 2.3984 4.0000 0.0966 0.0767 
37.3897 16.5000 2995.3972 0.4986 0.2796 -0.6171 2.4261 4.0000 0.0993 0.0719 
36.9685 16.5000 2861.3770 0.5005 0.2850 -0.6104 2.4376 4.0000 0.0986 0.0653 
37.1349 16.5000 2895.2081 0.4910 0.2895 -0.5720 2.4417 4.0000 0.0993 0.0691 
37.3670 16.5000 2993.1778 0.5027 0.2857 -0.5877 2.4179 5.0000 0.0987 0.0679 
37.2333 16.5000 2950.6482 0.4990 0.2830 -0.5904 2.4028 4.0000 0.0969 0.0670 
37.2736 16.5000 2967.1173 0.4960 0.2836 -0.5920 2.4165 5.0000 0.0969 0.0829 
37.3064 16.5000 2984.7314 0.5066 0.2837 -0.5970 2.4078 4.0000 0.0991 0.0792 
36.7591 16.5000 2852.3632 0.4925 0.2804 -0.5936 2.4129 4.0000 0.0990 0.0701 
36.8852 16.5000 2868.0353 0.4826 0.2738 -0.5967 2.4109 4.0000 0.1011 0.0638 
37.1980 16.5000 2951.5309 0.4957 0.2853 -0.5967 2.4011 4.0000 0.1006 0.0727 
37.4199 16.5000 3018.6885 0.4816 0.2793 -0.5663 2.4106 4.0000 0.1037 0.0669 
37.1097 16.5000 2918.9836 0.4988 0.2732 -0.6181 2.4189 4.0000 0.1022 0.0807 
37.3115 16.5000 2989.1702 0.5015 0.2726 -0.6342 2.4072 4.0000 0.0949 0.0721 
36.8348 16.5000 2883.0315 0.4873 0.2752 -0.5891 2.4149 4.0000 0.0933 0.0800 
37.1299 16.5000 2926.0328 0.4918 0.2757 -0.6097 2.4136 4.0000 0.0933 0.0757 
36.8575 16.5000 2847.6494 0.4828 0.2823 -0.5765 2.4300 4.0000 0.0920 0.0661 
37.0038 16.5000 2892.9609 0.4989 0.2806 -0.6164 2.4305 4.0000 0.0997 0.0648 
37.3367 16.5000 2997.2610 0.5048 0.2795 -0.6201 2.4266 4.0000 0.0948 0.0752 
37.3846 16.5000 3020.4237 0.5041 0.2782 -0.6099 2.4110 4.0000 0.0944 0.0763 
37.0214 16.5000 2919.4124 0.4900 0.2760 -0.5985 2.4158 4.0000 0.0938 0.0640 
36.9836 16.5000 2867.6923 0.4921 0.2867 -0.6024 2.4369 4.0000 0.0948 0.0606 
37.4098 16.5000 2996.0126 0.4965 0.2772 -0.5956 2.3939 4.0000 0.0942 0.0677 
37.5309 16.5000 3039.3720 0.5052 0.2830 -0.5947 2.4079 4.0000 0.0940 0.0633 
37.2812 16.5000 2954.1185 0.4916 0.2804 -0.5949 2.4247 4.0000 0.0965 0.0745 
37.4351 16.5000 2988.9584 0.4908 0.2769 -0.6064 2.4086 4.0000 0.0964 0.0684 
37.0467 16.5000 2899.0694 0.4928 0.2883 -0.5717 2.4375 4.0000 0.0961 0.0672 
37.2585 16.5000 2952.9861 0.4894 0.2766 -0.5993 2.4275 4.0000 0.0999 0.0732 
37.2989 16.5000 2992.4212 0.5041 0.2830 -0.5863 2.4088 4.0000 0.1004 0.0711 
37.0895 16.5000 2901.2106 0.5084 0.2836 -0.6055 2.4232 5.0000 0.0994 0.0787 
37.1627 16.5000 2942.8323 0.4820 0.2819 -0.5588 2.4444 4.0000 0.0999 0.0836 
36.9004 16.5000 2876.0076 0.4996 0.2731 -0.6190 2.4106 4.0000 0.0999 0.0701 
36.7364 16.5000 2811.3064 0.4815 0.2799 -0.5930 2.4345 4.0000 0.1010 0.0701 
37.1980 16.5000 2932.4061 0.4914 0.2814 -0.5848 2.4269 4.0000 0.0966 0.0701 
