39.6332 4.0000 3626.6871 0.4855 0.1750 -0.6372 3.1612 6.0000 23.4792 0.0048 
39.6704 4.0000 3642.6557 0.4845 0.1766 -0.6332 3.1635 6.0000 23.3400 0.0048 
39.6169 4.0000 3627.6816 0.4812 0.1716 -0.6308 3.1449 6.0000 23.6711 0.0040 
39.6480 4.0000 3630.7518 0.4873 0.1744 -0.6368 3.1549 6.0000 24.0779 0.0039 
39.6280 4.0000 3628.7156 0.4895 0.1774 -0.6391 3.1595 6.0000 23.7408 0.0045 
39.6288 4.0000 3627.0372 0.4853 0.1739 -0.6339 3.1608 6.0000 24.5514 0.0039 
39.6517 4.0000 3635.9550 0.4855 0.1730 -0.6349 3.1594 6.0000 24.3251 0.0041 
39.6496 4.0000 3636.9105 0.4858 0.1753 -0.6321 3.1629 6.0000 24.4078 0.0034 
39.6417 4.0000 3636.8918 0.4899 0.1771 -0.6352 3.1534 6.0000 24.6531 0.0042 
39.6690 4.0000 3642.0469 0.4874 0.1774 -0.6316 3.1603 6.0000 24.4658 0.0051 
39.6408 4.0000 3632.1562 0.4832 0.1761 -0.6281 3.1593 6.0000 24.3451 0.0051 
39.6030 4.0000 3616.8417 0.4837 0.1752 -0.6342 3.1576 6.0000 25.0657 0.0036 
39.6671 4.0000 3640.5937 0.4891 0.1760 -0.6372 3.1588 6.0000 24.4489 0.0029 
39.6641 4.0000 3639.1421 0.4821 0.1736 -0.6267 3.1540 6.0000 24.7100 0.0038 
39.6902 4.0000 3648.9897 0.4862 0.1740 -0.6362 3.1553 6.0000 25.0590 0.0037 
39.6559 4.0000 3638.3172 0.4836 0.1738 -0.6350 3.1516 6.0000 24.4275 0.0040 
39.6587 4.0000 3639.7152 0.4863 0.1744 -0.6338 3.1533 6.0000 25.0529 0.0043 
39.6461 4.0000 3629.9983 0.4875 0.1774 -0.6390 3.1620 6.0000 25.3384 0.0034 
39.6372 4.0000 3630.5471 0.4848 0.1771 -0.6301 3.1641 6.0000 24.7334 0.0035 
39.6719 4.0000 3647.0647 0.4879 0.1755 -0.6369 3.1565 6.0000 25.4861 0.0039 
39.6667 4.0000 3645.1555 0.4859 0.1762 -0.6327 3.1607 6.0000 25.2362 0.0041 
39.6517 4.0000 3637.9237 0.4838 0.1757 -0.6275 3.1638 6.0000 25.0801 0.0044 
39.6421 4.0000 3629.8899 0.4850 0.1749 -0.6293 3.1527 6.0000 24.8537 0.0034 
39.6295 4.0000 3628.7625 0.4860 0.1738 -0.6357 3.1621 6.0000 24.9918 0.0046 
39.6709 4.0000 3643.6488 0.4900 0.1771 -0.6349 3.1574 6.0000 25.3622 0.0038 
39.6227 4.0000 3629.5879 0.4903 0.1775 -0.6373 3.1570 6.0000 25.0240 0.0044 
39.6553 4.0000 3636.3888 0.4881 0.1787 -0.6327 3.1645 6.0000 25.0516 0.0037 
39.6316 4.0000 3628.8268 0.4806 0.1751 -0.6277 3.1570 6.0000 25.3528 0.0035 
39.6583 4.0000 3637.2888 0.4842 0.1765 -0.6308 3.1607 6.0000 24.9106 0.0043 
39.6677 4.0000 3641.8592 0.4861 0.1740 -0.6338 3.1562 6.0000 24.9354 0.0042 
39.6362 4.0000 3629.9781 0.4819 0.1740 -0.6318 3.1566 6.0000 25.3468 0.0044 
39.6383 4.0000 3629.5609 0.4832 0.1736 -0.6320 3.1563 6.0000 24.9870 0.0037 
39.6299 4.0000 3627.8232 0.4905 0.1777 -0.6405 3.1599 6.0000 24.9866 0.0043 
39.6580 4.0000 3635.3270 0.4880 0.1756 -0.6375 3.1619 6.0000 25.7513 0.0044 
39.6341 4.0000 3629.7827 0.4893 0.1737 -0.6414 3.1618 6.0000 25.7756 0.0041 
39.6301 4.0000 3627.6742 0.4891 0.1775 -0.6366 3.1565 6.0000 25.6527 0.0040 
39.6431 4.0000 3633.5395 0.4859 0.1740 -0.6363 3.1541 6.0000 25.0708 0.0044 
39.6473 4.0000 3637.8146 0.4829 0.1740 -0.6335 3.1630 6.0000 25.2869 0.0037 
39.6316 4.0000 3632.1087 0.4884 0.1742 -0.6378 3.1507 6.0000 24.8483 0.0042 
39.6599 4.0000 3638.8857 0.4842 0.1714 -0.6384 3.1525 6.0000 25.4109 0.0040 
39.6402 4.0000 3632.0210 0.4874 0.1757 -0.6392 3.1679 6.0000 25.1154 0.0038 
39.6482 4.0000 3635.6112 0.4862 0.1752 -0.6354 3.1556 6.0000 24.7506 0.0041 
39.6564 4.0000 3637.5633 0.4861 0.1756 -0.6339 3.1639 6.0000 25.3989 0.0039 
39.6450 4.0000 3633.2123 0.4833 0.1777 -0.6277 3.1648 6.0000 24.8514 0.0039 
39.6507 4.0000 3636.1133 0.4821 0.1717 -0.6328 3.1549 6.0000 24.8564 0.0043 
39.6623 4.0000 3642.5460 0.4864 0.1756 -0.6324 3.1580 6.0000 25.1215 0.0036 
39.6368 4.0000 3630.5141 0.4871 0.1766 -0.6329 3.1693 6.0000 25.2405 0.0039 
39.6639 4.0000 3642.2222 0.4894 0.1762 -0.6361 3.1620 6.0000 24.9913 0.0037 
39.6503 4.0000 3637.7646 0.4853 0.1765 -0.6261 3.1574 6.0000 25.3180 0.0043 
39.6610 4.0000 3640.6095 0.4908 0.1741 -0.6390 3.1553 6.0000 25.1913 0.0043 
39.6368 4.0000 3631.0345 0.4876 0.1759 -0.6324 3.1659 6.0000 24.9826 0.0041 
39.6425 4.0000 3628.7829 0.4845 0.1767 -0.6307 3.1690 6.0000 25.3787 0.0045 
39.6440 4.0000 3635.3913 0.4888 0.1755 -0.6383 3.1497 6.0000 25.0787 0.0045 
39.6284 4.0000 3625.3968 0.4864 0.1777 -0.6305 3.1582 6.0000 24.8039 0.0042 
39.6503 4.0000 3634.4720 0.4842 0.1734 -0.6380 3.1566 6.0000 25.0220 0.0039 
39.6393 4.0000 3629.7631 0.4841 0.1721 -0.6338 3.1516 6.0000 25.5824 0.0045 
39.6513 4.0000 3635.4563 0.4830 0.1719 -0.6355 3.1624 6.0000 24.9330 0.0041 
39.6425 4.0000 3629.1652 0.4831 0.1744 -0.6302 3.1584 6.0000 25.1051 0.0037 
39.6274 4.0000 3627.7953 0.4893 0.1754 -0.6345 3.1603 6.0000 24.9199 0.0037 
39.6606 4.0000 3639.6984 0.4812 0.1718 -0.6362 3.1584 6.0000 25.3966 0.0051 
39.6608 4.0000 3640.2987 0.4789 0.1719 -0.6276 3.1513 6.0000 24.9968 0.0038 
39.6034 4.0000 3615.0960 0.4837 0.1752 -0.6304 3.1665 6.0000 24.9903 0.0045 
39.6566 4.0000 3638.3571 0.4842 0.1725 -0.6383 3.1506 6.0000 25.4228 0.0038 
39.6272 4.0000 3626.0404 0.4887 0.1764 -0.6362 3.1611 6.0000 24.8431 0.0034 
39.6564 4.0000 3638.9615 0.4889 0.1788 -0.6340 3.1576 6.0000 24.8092 0.0040 
39.6713 4.0000 3643.8426 0.4882 0.1759 -0.6365 3.1604 6.0000 25.5244 0.0041 
39.6486 4.0000 3634.5351 0.4864 0.1734 -0.6375 3.1512 6.0000 25.0761 0.0040 
39.6423 4.0000 3632.8798 0.4866 0.1762 -0.6344 3.1539 6.0000 25.0616 0.0040 
39.6488 4.0000 3635.4639 0.4831 0.1732 -0.6276 3.1504 6.0000 25.4159 0.0030 
39.6377 4.0000 3632.7184 0.4889 0.1762 -0.6342 3.1544 6.0000 25.0833 0.0037 
39.6868 4.0000 3647.2030 0.4854 0.1734 -0.6333 3.1644 6.0000 25.1449 0.0044 
39.6591 4.0000 3637.5288 0.4818 0.1738 -0.6307 3.1543 6.0000 25.4969 0.0036 
39.6320 4.0000 3629.5076 0.4908 0.1749 -0.6385 3.1581 6.0000 25.3228 0.0050 
39.6637 4.0000 3641.4046 0.4844 0.1706 -0.6362 3.1537 6.0000 25.0606 0.0050 
39.6097 4.0000 3621.7795 0.4917 0.1777 -0.6437 3.1665 6.0000 25.0598 0.0046 
39.6543 4.0000 3636.8375 0.4833 0.1753 -0.6298 3.1646 6.0000 25.1422 0.0047 
39.6251 4.0000 3624.9882 0.4835 0.1726 -0.6385 3.1577 6.0000 25.5948 0.0047 
39.6215 4.0000 3622.6850 0.4884 0.1753 -0.6376 3.1584 6.0000 24.9185 0.0047 
39.6181 4.0000 3623.9952 0.4845 0.1769 -0.6315 3.1640 6.0000 25.3510 0.0043 
39.6211 4.0000 3623.2274 0.4853 0.1757 -0.6348 3.1590 6.0000 25.2516 0.0044 
39.6370 4.0000 3631.2797 0.4867 0.1744 -0.6354 3.1594 6.0000 25.1000 0.0034 
39.6301 4.0000 3626.0860 0.4856 0.1753 -0.6337 3.1589 6.0000 25.6260 0.0044 
39.6696 4.0000 3644.1366 0.4868 0.1764 -0.6344 3.1580 6.0000 24.9563 0.0038 
39.6553 4.0000 3637.2938 0.4873 0.1757 -0.6345 3.1636 6.0000 25.2841 0.0033 
39.6330 4.0000 3633.8905 0.4840 0.1720 -0.6373 3.1489 6.0000 25.0115 0.0044 
39.6747 4.0000 3643.9313 0.4839 0.1748 -0.6305 3.1674 6.0000 25.2880 0.0046 
39.6305 4.0000 3629.2119 0.4864 0.1770 -0.6323 3.1598 6.0000 25.4519 0.0045 
39.6234 4.0000 3624.5530 0.4854 0.1776 -0.6305 3.1586 6.0000 24.9857 0.0043 
39.6269 4.0000 3627.1854 0.4930 0.1807 -0.6371 3.1593 6.0000 24.9313 0.0041 
39.6364 4.0000 3632.6322 0.4863 0.1759 -0.6308 3.1548 6.0000 25.8204 0.0047 
39.6421 4.0000 3630.9725 0.4849 0.1745 -0.6382 3.1589 6.0000 25.3110 0.0038 
39.6190 4.0000 3621.8474 0.4802 0.1717 -0.6323 3.1599 6.0000 25.0773 0.0037 
39.6534 4.0000 3638.0996 0.4843 0.1744 -0.6315 3.1608 6.0000 26.0130 0.0039 
39.6610 4.0000 3639.7881 0.4832 0.1762 -0.6280 3.1557 6.0000 27.5564 0.0043 
39.6503 4.0000 3636.0656 0.4888 0.1768 -0.6347 3.1624 6.0000 27.4575 0.0038 
39.6370 4.0000 3629.5156 0.4860 0.1760 -0.6340 3.1631 6.0000 27.5234 0.0045 
39.6568 4.0000 3637.3047 0.4837 0.1758 -0.6332 3.1656 6.0000 25.4901 0.0039 
39.6278 4.0000 3626.7457 0.4856 0.1758 -0.6296 3.1625 6.0000 25.0637 0.0042 
39.6396 4.0000 3631.4342 0.4827 0.1728 -0.6335 3.1504 6.0000 24.9097 0.0039 
39.6522 4.0000 3635.1965 0.4884 0.1758 -0.6396 3.1553 6.0000 16.7233 0.0039 
