39.6175 16.5000 3605.5359 0.2002 0.1085 -0.3340 2.6318 5.0000 1.0983 0.0048 
39.5788 16.5000 3594.8701 0.1990 0.1087 -0.3292 2.6329 5.0000 1.1334 0.0049 
39.6032 16.5000 3602.4187 0.1994 0.1099 -0.3343 2.6308 5.0000 1.0466 0.0048 
39.6124 16.5000 3604.6137 0.2005 0.1090 -0.3388 2.6323 5.0000 0.9022 0.0053 
39.6007 16.5000 3600.3371 0.2013 0.1091 -0.3357 2.6305 5.0000 0.9007 0.0053 
39.5973 16.5000 3601.3090 0.1984 0.1083 -0.3325 2.6339 5.0000 0.8923 0.0054 
39.5914 16.5000 3598.9071 0.2039 0.1085 -0.3464 2.6373 5.0000 0.9014 0.0047 
39.5998 16.5000 3600.3749 0.1972 0.1088 -0.3265 2.6341 5.0000 0.9056 0.0047 
39.6192 16.5000 3606.8844 0.2029 0.1080 -0.3452 2.6352 5.0000 0.9063 0.0044 
39.6318 16.5000 3609.6545 0.2028 0.1096 -0.3374 2.6334 5.0000 0.8821 0.0054 
39.6200 16.5000 3609.1274 0.2032 0.1100 -0.3402 2.6391 5.0000 0.8980 0.0045 
39.5939 16.5000 3599.9681 0.2020 0.1088 -0.3413 2.6348 5.0000 0.8955 0.0045 
39.6267 16.5000 3610.5145 0.2030 0.1077 -0.3406 2.6330 5.0000 0.8849 0.0042 
39.6032 16.5000 3602.7230 0.2038 0.1094 -0.3429 2.6352 5.0000 0.9021 0.0058 
39.6385 16.5000 3618.4506 0.1991 0.1092 -0.3357 2.6348 5.0000 0.8985 0.0058 
39.5780 16.5000 3594.4708 0.2012 0.1087 -0.3322 2.6340 5.0000 0.8825 0.0044 
39.6150 16.5000 3603.6024 0.2053 0.1090 -0.3454 2.6363 5.0000 0.8987 0.0055 
39.6309 16.5000 3611.6738 0.2034 0.1098 -0.3344 2.6366 5.0000 0.8976 0.0055 
39.5889 16.5000 3597.0904 0.2044 0.1086 -0.3477 2.6330 5.0000 0.8795 0.0051 
39.6133 16.5000 3601.9285 0.2040 0.1097 -0.3398 2.6317 5.0000 0.9011 0.0048 
39.6040 16.5000 3602.3211 0.2037 0.1094 -0.3451 2.6330 5.0000 0.9039 0.0048 
39.6158 16.5000 3604.3010 0.2037 0.1080 -0.3424 2.6335 5.0000 0.8780 0.0055 
39.6208 16.5000 3606.3741 0.2011 0.1071 -0.3409 2.6296 5.0000 0.9016 0.0045 
39.5897 16.5000 3597.2493 0.2060 0.1090 -0.3473 2.6297 5.0000 0.8990 0.0045 
39.6267 16.5000 3609.4199 0.2040 0.1078 -0.3446 2.6329 5.0000 0.8823 0.0049 
39.6301 16.5000 3613.3014 0.2004 0.1081 -0.3367 2.6327 5.0000 0.9067 0.0048 
39.6116 16.5000 3607.0921 0.2043 0.1090 -0.3449 2.6346 5.0000 0.9103 0.0048 
39.6166 16.5000 3606.4145 0.2026 0.1086 -0.3416 2.6301 5.0000 0.8868 0.0048 
39.6108 16.5000 3603.9151 0.1973 0.1094 -0.3310 2.6344 5.0000 0.9046 0.0059 
39.6175 16.5000 3609.0416 0.2065 0.1099 -0.3494 2.6336 5.0000 0.9040 0.0059 
39.5721 16.5000 3594.9718 0.1990 0.1076 -0.3384 2.6328 5.0000 0.8898 0.0048 
39.6007 16.5000 3599.8226 0.2005 0.1079 -0.3382 2.6295 5.0000 0.8996 0.0051 
39.6141 16.5000 3604.9172 0.2027 0.1089 -0.3473 2.6308 5.0000 0.9012 0.0051 
39.6040 16.5000 3603.4897 0.1965 0.1071 -0.3297 2.6273 5.0000 0.8865 0.0057 
39.6015 16.5000 3600.1093 0.2029 0.1097 -0.3392 2.6342 5.0000 0.9020 0.0046 
39.5813 16.5000 3596.2127 0.1998 0.1101 -0.3339 2.6330 5.0000 0.9023 0.0046 
39.6217 16.5000 3609.1274 0.2048 0.1093 -0.3454 2.6276 5.0000 0.8850 0.0043 
39.5805 16.5000 3593.0340 0.1989 0.1088 -0.3360 2.6338 5.0000 0.9036 0.0046 
39.6335 16.5000 3614.8129 0.1992 0.1090 -0.3323 2.6353 5.0000 0.9036 0.0046 
39.6225 16.5000 3609.4468 0.2026 0.1089 -0.3383 2.6327 5.0000 0.8873 0.0046 
39.6158 16.5000 3605.9731 0.2045 0.1095 -0.3419 2.6348 5.0000 0.9000 0.0048 
39.6217 16.5000 3606.4229 0.2010 0.1093 -0.3375 2.6307 5.0000 0.9034 0.0048 
39.6141 16.5000 3603.7604 0.2027 0.1074 -0.3485 2.6320 5.0000 0.8855 0.0053 
39.6074 16.5000 3602.8096 0.2022 0.1083 -0.3406 2.6361 5.0000 0.9002 0.0051 
39.5973 16.5000 3597.8613 0.1996 0.1097 -0.3347 2.6334 5.0000 0.9000 0.0051 
39.6040 16.5000 3603.9731 0.2048 0.1088 -0.3386 2.6308 5.0000 0.8814 0.0053 
39.5973 16.5000 3600.1665 0.1999 0.1082 -0.3356 2.6366 5.0000 0.9063 0.0043 
39.5948 16.5000 3599.3560 0.2067 0.1079 -0.3516 2.6338 5.0000 0.9016 0.0043 
39.6343 16.5000 3611.0567 0.2018 0.1082 -0.3351 2.6324 5.0000 0.8834 0.0051 
39.6318 16.5000 3614.1824 0.2050 0.1094 -0.3388 2.6347 5.0000 0.9058 0.0051 
39.6049 16.5000 3601.5771 0.2042 0.1083 -0.3471 2.6354 5.0000 0.9112 0.0051 
39.6040 16.5000 3600.9206 0.2009 0.1077 -0.3423 2.6309 5.0000 0.8957 0.0060 
39.6192 16.5000 3605.6015 0.2035 0.1098 -0.3373 2.6370 5.0000 0.9088 0.0049 
39.5679 16.5000 3592.7331 0.2014 0.1091 -0.3320 2.6306 5.0000 0.9017 0.0049 
39.6099 16.5000 3603.4040 0.2031 0.1088 -0.3388 2.6325 5.0000 0.8816 0.0055 
39.6217 16.5000 3606.0580 0.2009 0.1084 -0.3392 2.6339 5.0000 0.8985 0.0051 
39.5881 16.5000 3600.7818 0.2045 0.1104 -0.3451 2.6345 5.0000 0.9041 0.0051 
39.6024 16.5000 3602.5086 0.2005 0.1077 -0.3424 2.6329 5.0000 0.8883 0.0054 
39.6133 16.5000 3604.9533 0.1986 0.1097 -0.3280 2.6331 5.0000 0.9018 0.0049 
39.5931 16.5000 3594.9660 0.2047 0.1102 -0.3426 2.6347 5.0000 0.9036 0.0049 
39.6133 16.5000 3607.2383 0.2022 0.1071 -0.3423 2.6287 5.0000 0.8877 0.0051 
39.6049 16.5000 3601.6646 0.2030 0.1077 -0.3419 2.6317 5.0000 0.8983 0.0048 
39.6024 16.5000 3603.9092 0.2043 0.1090 -0.3425 2.6332 5.0000 0.9080 0.0048 
39.6141 16.5000 3606.5902 0.1990 0.1076 -0.3357 2.6317 5.0000 0.8877 0.0051 
39.5982 16.5000 3605.2005 0.2022 0.1093 -0.3350 2.6337 5.0000 0.8984 0.0042 
39.6040 16.5000 3602.3497 0.2025 0.1079 -0.3426 2.6342 5.0000 0.9035 0.0042 
39.6410 16.5000 3611.3997 0.2035 0.1083 -0.3442 2.6314 5.0000 0.8889 0.0051 
39.6225 16.5000 3607.8579 0.2019 0.1073 -0.3419 2.6320 5.0000 0.8888 0.0051 
39.6032 16.5000 3597.6200 0.2026 0.1084 -0.3456 2.6304 5.0000 0.8940 0.0051 
39.6049 16.5000 3603.3611 0.2017 0.1086 -0.3379 2.6326 5.0000 0.8816 0.0047 
39.5965 16.5000 3602.1807 0.2021 0.1095 -0.3365 2.6329 5.0000 0.8873 0.0048 
39.6208 16.5000 3606.3413 0.1976 0.1074 -0.3343 2.6306 5.0000 0.8863 0.0048 
39.6175 16.5000 3609.0786 0.2036 0.1066 -0.3487 2.6311 5.0000 0.8839 0.0050 
39.6284 16.5000 3611.7823 0.2064 0.1095 -0.3479 2.6352 5.0000 0.8916 0.0045 
39.6074 16.5000 3603.0727 0.2025 0.1102 -0.3399 2.6344 5.0000 0.8895 0.0045 
39.6276 16.5000 3609.5485 0.2024 0.1086 -0.3421 2.6302 5.0000 0.8898 0.0045 
39.5923 16.5000 3602.6751 0.2009 0.1085 -0.3395 2.6311 5.0000 0.8949 0.0054 
39.6259 16.5000 3607.6091 0.1983 0.1093 -0.3263 2.6331 5.0000 0.9020 0.0054 
39.5906 16.5000 3597.4872 0.2066 0.1099 -0.3456 2.6354 5.0000 0.8907 0.0054 
39.5822 16.5000 3595.4897 0.1996 0.1098 -0.3316 2.6335 5.0000 0.8822 0.0043 
39.5931 16.5000 3597.5982 0.2016 0.1072 -0.3427 2.6288 5.0000 0.8911 0.0045 
39.6335 16.5000 3611.7663 0.2052 0.1089 -0.3469 2.6309 5.0000 0.8827 0.0048 
39.6276 16.5000 3607.0307 0.2021 0.1081 -0.3428 2.6314 5.0000 0.8905 0.0052 
39.6166 16.5000 3607.2409 0.2008 0.1080 -0.3371 2.6320 5.0000 0.8997 0.0056 
39.5982 16.5000 3599.3737 0.2067 0.1096 -0.3416 2.6335 5.0000 0.8857 0.0057 
39.5822 16.5000 3593.6990 0.1981 0.1086 -0.3329 2.6361 5.0000 0.8878 0.0048 
39.5797 16.5000 3592.8516 0.2004 0.1099 -0.3320 2.6320 5.0000 0.8897 0.0046 
39.6150 16.5000 3607.4569 0.2046 0.1103 -0.3370 2.6298 5.0000 0.8866 0.0046 
39.6242 16.5000 3608.3724 0.2016 0.1095 -0.3343 2.6333 5.0000 0.8901 0.0052 
39.6234 16.5000 3612.9979 0.2025 0.1080 -0.3458 2.6282 5.0000 0.8890 0.0049 
39.5990 16.5000 3602.2766 0.2008 0.1098 -0.3336 2.6321 5.0000 0.8850 0.0044 
39.6116 16.5000 3603.7848 0.2017 0.1084 -0.3369 2.6355 5.0000 0.8869 0.0052 
39.6318 16.5000 3609.9428 0.2021 0.1088 -0.3367 2.6345 5.0000 0.8950 0.0046 
39.6015 16.5000 3598.5254 0.1989 0.1088 -0.3265 2.6318 5.0000 0.8883 0.0043 
39.6225 16.5000 3607.0769 0.2024 0.1099 -0.3333 2.6327 5.0000 0.8881 0.0062 
39.6368 16.5000 3610.9760 0.2059 0.1101 -0.3397 2.6307 5.0000 0.8903 0.0049 
39.5620 16.5000 3588.4943 0.2012 0.1098 -0.3338 2.6338 5.0000 0.8887 0.0043 
39.6108 16.5000 3605.8537 0.2065 0.1092 -0.3484 2.6305 5.0000 0.8890 0.0048 
39.6343 16.5000 3610.2648 0.2041 0.1098 -0.3432 2.6340 5.0000 0.8918 0.0048 
39.6158 16.5000 3606.2850 0.1989 0.1083 -0.3306 2.6302 5.0000 0.8828 0.0048 
