39.5767 16.5000 3598.2410 0.2239 0.0757 -0.4671 2.8857 5.0000 6.6080 0.0049 
39.6105 16.5000 3615.7849 0.2226 0.0746 -0.4628 2.8829 5.0000 6.6359 0.0049 
39.5972 16.5000 3613.7391 0.2231 0.0755 -0.4621 2.8830 5.0000 6.6107 0.0049 
39.5921 16.5000 3602.8164 0.2276 0.0773 -0.4721 2.8874 5.0000 6.0456 0.0048 
39.5994 16.5000 3615.8980 0.2236 0.0751 -0.4658 2.8850 5.0000 5.9273 0.0048 
39.6138 16.5000 3618.2490 0.2273 0.0773 -0.4662 2.8860 5.0000 5.8563 0.0048 
39.5824 16.5000 3609.0340 0.2247 0.0763 -0.4646 2.8886 5.0000 6.1373 0.0063 
39.5972 16.5000 3614.5754 0.2246 0.0766 -0.4688 2.8850 5.0000 6.1278 0.0063 
39.5572 16.5000 3602.7260 0.2257 0.0767 -0.4660 2.8862 5.0000 6.0811 0.0063 
39.5705 16.5000 3604.2180 0.2257 0.0769 -0.4685 2.8878 5.0000 6.0478 0.0045 
39.6148 16.5000 3616.7213 0.2257 0.0759 -0.4678 2.8852 5.0000 6.0555 0.0045 
39.6271 16.5000 3619.7287 0.2288 0.0784 -0.4689 2.8838 5.0000 6.1131 0.0045 
39.5882 16.5000 3608.4197 0.2244 0.0763 -0.4687 2.8859 5.0000 6.1374 0.0048 
39.5788 16.5000 3601.4967 0.2252 0.0754 -0.4689 2.8852 5.0000 6.1731 0.0048 
39.6166 16.5000 3619.0967 0.2268 0.0766 -0.4657 2.8824 5.0000 6.1247 0.0048 
39.5932 16.5000 3614.6936 0.2246 0.0764 -0.4666 2.8875 5.0000 6.3829 0.0050 
39.5907 16.5000 3610.7199 0.2238 0.0763 -0.4661 2.8830 5.0000 6.4389 0.0044 
39.6076 16.5000 3616.2079 0.2260 0.0766 -0.4676 2.8856 5.0000 6.3930 0.0044 
39.6311 16.5000 3625.9737 0.2253 0.0764 -0.4648 2.8856 5.0000 6.2890 0.0051 
39.5914 16.5000 3610.0569 0.2250 0.0760 -0.4672 2.8871 5.0000 6.4324 0.0050 
39.6019 16.5000 3610.5422 0.2267 0.0760 -0.4667 2.8847 5.0000 6.2200 0.0051 
39.6148 16.5000 3614.6662 0.2253 0.0760 -0.4658 2.8889 5.0000 6.2188 0.0051 
39.6062 16.5000 3613.0913 0.2236 0.0767 -0.4658 2.8883 5.0000 6.2652 0.0055 
39.6019 16.5000 3616.9937 0.2269 0.0760 -0.4700 2.8889 5.0000 6.3175 0.0051 
39.5900 16.5000 3607.7968 0.2242 0.0769 -0.4638 2.8858 5.0000 6.4893 0.0056 
39.6055 16.5000 3618.7681 0.2262 0.0769 -0.4662 2.8919 5.0000 6.5135 0.0052 
39.5839 16.5000 3602.6172 0.2236 0.0759 -0.4667 2.8877 5.0000 6.4982 0.0053 
39.6001 16.5000 3609.3925 0.2271 0.0761 -0.4683 2.8876 5.0000 6.3040 0.0052 
39.5957 16.5000 3609.4941 0.2256 0.0752 -0.4661 2.8861 6.0000 6.1835 0.0052 
39.5990 16.5000 3610.8543 0.2262 0.0761 -0.4666 2.8836 5.0000 6.1549 0.0052 
39.6282 16.5000 3626.4255 0.2243 0.0756 -0.4655 2.8835 5.0000 6.3210 0.0051 
39.6012 16.5000 3615.8714 0.2233 0.0759 -0.4645 2.8863 5.0000 6.2611 0.0051 
39.6048 16.5000 3609.7896 0.2246 0.0752 -0.4672 2.8860 5.0000 6.2109 0.0051 
39.5864 16.5000 3609.8721 0.2243 0.0761 -0.4647 2.8817 5.0000 6.3221 0.0055 
39.5839 16.5000 3611.3897 0.2248 0.0755 -0.4685 2.8852 5.0000 6.3351 0.0055 
39.5885 16.5000 3609.0175 0.2299 0.0781 -0.4696 2.8888 5.0000 6.3034 0.0055 
39.6177 16.5000 3621.9380 0.2252 0.0765 -0.4645 2.8823 5.0000 6.5776 0.0042 
39.6094 16.5000 3614.0058 0.2237 0.0761 -0.4667 2.8875 5.0000 6.5178 0.0042 
39.6401 16.5000 3629.2754 0.2278 0.0778 -0.4691 2.8865 5.0000 6.3668 0.0042 
39.5929 16.5000 3610.6579 0.2241 0.0764 -0.4654 2.8853 5.0000 6.4646 0.0057 
39.6015 16.5000 3613.6271 0.2249 0.0768 -0.4641 2.8873 5.0000 6.4363 0.0057 
39.5821 16.5000 3602.0371 0.2264 0.0758 -0.4731 2.8887 5.0000 6.4558 0.0057 
39.6350 16.5000 3622.5988 0.2242 0.0765 -0.4663 2.8822 5.0000 6.4629 0.0055 
39.6217 16.5000 3622.4417 0.2267 0.0768 -0.4654 2.8830 5.0000 6.5518 0.0055 
39.5875 16.5000 3607.4188 0.2253 0.0758 -0.4653 2.8874 5.0000 6.4887 0.0055 
39.6066 16.5000 3618.5520 0.2248 0.0758 -0.4655 2.8844 5.0000 6.2737 0.0048 
39.6004 16.5000 3613.2902 0.2276 0.0762 -0.4715 2.8838 5.0000 6.2846 0.0048 
39.6145 16.5000 3616.9497 0.2253 0.0772 -0.4669 2.8866 5.0000 6.4607 0.0053 
39.6311 16.5000 3625.6894 0.2228 0.0758 -0.4603 2.8837 5.0000 6.3436 0.0053 
39.5975 16.5000 3611.0946 0.2268 0.0762 -0.4672 2.8868 5.0000 6.2471 0.0053 
39.5965 16.5000 3609.6080 0.2241 0.0765 -0.4656 2.8873 5.0000 6.3062 0.0053 
39.5824 16.5000 3603.5828 0.2234 0.0763 -0.4665 2.8866 5.0000 6.2494 0.0051 
39.5954 16.5000 3613.1890 0.2241 0.0756 -0.4625 2.8837 5.0000 6.3492 0.0051 
39.6040 16.5000 3615.0521 0.2258 0.0761 -0.4670 2.8838 5.0000 6.3308 0.0042 
39.5788 16.5000 3606.3171 0.2256 0.0758 -0.4659 2.8864 5.0000 6.4608 0.0047 
39.6386 16.5000 3628.5559 0.2262 0.0774 -0.4655 2.8871 5.0000 6.3069 0.0047 
39.6184 16.5000 3620.9912 0.2232 0.0756 -0.4625 2.8856 5.0000 6.4364 0.0041 
39.6055 16.5000 3614.3019 0.2251 0.0753 -0.4685 2.8821 5.0000 6.4410 0.0057 
39.6433 16.5000 3625.1335 0.2248 0.0764 -0.4642 2.8834 5.0000 6.3891 0.0057 
39.5803 16.5000 3605.2632 0.2252 0.0758 -0.4662 2.8868 6.0000 6.5936 0.0045 
39.5932 16.5000 3606.5311 0.2260 0.0762 -0.4694 2.8872 5.0000 6.6645 0.0047 
39.6260 16.5000 3620.2183 0.2260 0.0759 -0.4655 2.8856 5.0000 6.5807 0.0047 
39.6213 16.5000 3623.6819 0.2246 0.0751 -0.4635 2.8831 5.0000 6.6105 0.0057 
39.5594 16.5000 3587.6152 0.2240 0.0755 -0.4664 2.8882 5.0000 6.3822 0.0043 
39.5788 16.5000 3604.4064 0.2238 0.0765 -0.4658 2.8882 5.0000 6.3508 0.0043 
39.6365 16.5000 3625.2275 0.2240 0.0766 -0.4624 2.8837 5.0000 6.3796 0.0048 
39.5799 16.5000 3601.5518 0.2252 0.0747 -0.4692 2.8824 5.0000 6.6079 0.0051 
39.6152 16.5000 3614.8543 0.2252 0.0759 -0.4647 2.8872 5.0000 6.5746 0.0051 
39.6044 16.5000 3615.1555 0.2257 0.0752 -0.4638 2.8821 5.0000 6.5717 0.0049 
39.6098 16.5000 3613.5788 0.2256 0.0760 -0.4682 2.8861 5.0000 6.1846 0.0051 
39.5885 16.5000 3600.1409 0.2255 0.0766 -0.4713 2.8861 5.0000 6.4712 0.0054 
39.6048 16.5000 3612.4857 0.2262 0.0748 -0.4706 2.8860 5.0000 6.2167 0.0051 
39.5929 16.5000 3610.5966 0.2240 0.0761 -0.4607 2.8847 5.0000 6.4110 0.0046 
39.6048 16.5000 3618.0818 0.2258 0.0769 -0.4678 2.8837 5.0000 6.4337 0.0058 
39.6224 16.5000 3623.2315 0.2241 0.0760 -0.4636 2.8855 5.0000 6.4118 0.0041 
39.5770 16.5000 3598.0991 0.2265 0.0762 -0.4716 2.8868 5.0000 6.0801 0.0047 
39.6440 16.5000 3632.8615 0.2243 0.0765 -0.4647 2.8859 5.0000 6.1926 0.0042 
39.6184 16.5000 3621.3180 0.2246 0.0756 -0.4686 2.8835 5.0000 6.3242 0.0050 
39.6379 16.5000 3625.2138 0.2235 0.0754 -0.4642 2.8870 5.0000 6.2829 0.0055 
39.6080 16.5000 3618.1513 0.2249 0.0760 -0.4676 2.8833 5.0000 6.4871 0.0045 
39.5882 16.5000 3606.1149 0.2251 0.0769 -0.4673 2.8886 5.0000 6.5223 0.0054 
39.6257 16.5000 3618.8139 0.2253 0.0765 -0.4696 2.8843 5.0000 6.0287 0.0056 
39.5918 16.5000 3604.9447 0.2235 0.0758 -0.4647 2.8901 5.0000 6.1648 0.0047 
39.5839 16.5000 3601.7745 0.2247 0.0760 -0.4654 2.8848 5.0000 6.1841 0.0058 
39.6199 16.5000 3618.6420 0.2220 0.0759 -0.4619 2.8850 5.0000 6.5404 0.0055 
39.5745 16.5000 3607.3889 0.2235 0.0752 -0.4626 2.8826 5.0000 6.4708 0.0059 
39.5864 16.5000 3610.1582 0.2245 0.0764 -0.4640 2.8882 5.0000 6.3712 0.0060 
39.5720 16.5000 3596.4543 0.2248 0.0762 -0.4684 2.8864 5.0000 6.0925 0.0061 
39.5702 16.5000 3593.0989 0.2235 0.0755 -0.4668 2.8858 5.0000 6.1033 0.0051 
39.5655 16.5000 3597.3562 0.2240 0.0770 -0.4649 2.8866 5.0000 6.1233 0.0052 
39.6040 16.5000 3616.7991 0.2258 0.0759 -0.4677 2.8835 5.0000 6.5311 0.0052 
39.5983 16.5000 3611.6379 0.2241 0.0756 -0.4651 2.8860 5.0000 6.5077 0.0058 
39.5983 16.5000 3616.4659 0.2249 0.0749 -0.4679 2.8815 5.0000 6.5066 0.0055 
39.5745 16.5000 3597.7208 0.2247 0.0769 -0.4662 2.8832 5.0000 6.0758 0.0049 
39.5889 16.5000 3604.0086 0.2220 0.0751 -0.4652 2.8822 5.0000 6.1184 0.0060 
39.6130 16.5000 3613.6260 0.2252 0.0768 -0.4674 2.8911 5.0000 6.1127 0.0061 
39.5702 16.5000 3602.8143 0.2218 0.0761 -0.4616 2.8857 5.0000 6.4557 0.0044 
39.5633 16.5000 3590.8287 0.2247 0.0770 -0.4642 2.8881 5.0000 6.3893 0.0050 
39.6321 16.5000 3627.8426 0.2233 0.0755 -0.4615 2.8828 5.0000 6.4406 0.0050 
39.6087 16.5000 3618.4370 0.2249 0.0760 -0.4621 2.8851 5.0000 5.0794 0.0050 
