39.6413 16.5000 3633.8840 0.2786 0.0858 -0.5345 2.9692 5.0000 14.7640 0.0042 
39.6665 16.5000 3641.4247 0.2791 0.0868 -0.5362 2.9729 6.0000 14.1659 0.0041 
39.6063 16.5000 3614.8841 0.2798 0.0868 -0.5383 2.9739 5.0000 13.7822 0.0050 
39.6424 16.5000 3630.7561 0.2786 0.0869 -0.5343 2.9755 5.0000 13.8907 0.0041 
39.6382 16.5000 3628.0454 0.2823 0.0873 -0.5352 2.9789 5.0000 14.3792 0.0045 
39.6441 16.5000 3629.0876 0.2817 0.0874 -0.5397 2.9782 5.0000 14.2011 0.0045 
39.6265 16.5000 3625.8571 0.2802 0.0867 -0.5392 2.9754 5.0000 13.2684 0.0046 
39.6256 16.5000 3619.3925 0.2798 0.0882 -0.5358 2.9764 5.0000 14.0454 0.0036 
39.6220 16.5000 3619.9064 0.2808 0.0888 -0.5400 2.9791 5.0000 13.9795 0.0044 
39.6612 16.5000 3638.6440 0.2807 0.0876 -0.5376 2.9752 5.0000 14.9877 0.0036 
39.6307 16.5000 3626.1056 0.2822 0.0869 -0.5395 2.9745 5.0000 14.4246 0.0046 
39.6648 16.5000 3641.3658 0.2817 0.0877 -0.5354 2.9773 6.0000 14.2775 0.0048 
39.6242 16.5000 3625.3653 0.2812 0.0875 -0.5359 2.9766 5.0000 13.0783 0.0033 
39.6164 16.5000 3623.6982 0.2787 0.0865 -0.5359 2.9745 6.0000 13.9384 0.0050 
39.6741 16.5000 3641.4777 0.2814 0.0866 -0.5362 2.9741 5.0000 14.2212 0.0042 
39.6074 16.5000 3617.5642 0.2804 0.0874 -0.5346 2.9763 5.0000 12.9400 0.0047 
39.6391 16.5000 3630.1995 0.2818 0.0862 -0.5407 2.9724 5.0000 13.5206 0.0041 
39.6186 16.5000 3623.3353 0.2810 0.0877 -0.5370 2.9760 5.0000 13.6834 0.0040 
39.6452 16.5000 3632.5109 0.2831 0.0874 -0.5382 2.9754 6.0000 13.6507 0.0037 
39.6469 16.5000 3632.6364 0.2818 0.0874 -0.5376 2.9749 5.0000 14.0272 0.0047 
39.6587 16.5000 3637.5696 0.2778 0.0859 -0.5364 2.9744 5.0000 13.8583 0.0041 
39.6206 16.5000 3622.2741 0.2840 0.0884 -0.5428 2.9761 5.0000 13.7519 0.0038 
39.6447 16.5000 3634.9511 0.2814 0.0879 -0.5376 2.9752 6.0000 13.3250 0.0054 
39.6570 16.5000 3637.9731 0.2817 0.0871 -0.5313 2.9726 5.0000 13.2861 0.0029 
39.5928 16.5000 3612.0151 0.2829 0.0881 -0.5385 2.9784 5.0000 13.1075 0.0036 
39.6909 16.5000 3649.8434 0.2807 0.0872 -0.5350 2.9788 6.0000 13.0304 0.0043 
39.6637 16.5000 3640.9746 0.2800 0.0879 -0.5360 2.9792 6.0000 12.9628 0.0043 
39.6346 16.5000 3626.1424 0.2801 0.0887 -0.5333 2.9795 6.0000 12.5434 0.0040 
39.6368 16.5000 3630.0182 0.2805 0.0895 -0.5350 2.9752 5.0000 12.1265 0.0043 
39.6483 16.5000 3634.3021 0.2797 0.0876 -0.5351 2.9771 5.0000 12.2211 0.0051 
39.6354 16.5000 3627.3017 0.2814 0.0881 -0.5371 2.9769 5.0000 12.3473 0.0046 
39.6046 16.5000 3616.6451 0.2845 0.0885 -0.5427 2.9781 5.0000 12.0557 0.0048 
39.6234 16.5000 3623.3714 0.2807 0.0864 -0.5379 2.9736 5.0000 12.0674 0.0042 
39.6172 16.5000 3622.7684 0.2805 0.0877 -0.5358 2.9776 5.0000 11.1415 0.0046 
39.6391 16.5000 3630.6714 0.2798 0.0875 -0.5360 2.9734 5.0000 11.2025 0.0045 
39.6245 16.5000 3625.7879 0.2806 0.0877 -0.5337 2.9761 5.0000 11.4232 0.0037 
39.6267 16.5000 3626.0135 0.2794 0.0869 -0.5366 2.9702 5.0000 10.9540 0.0040 
39.6590 16.5000 3636.2247 0.2803 0.0884 -0.5381 2.9793 5.0000 11.1961 0.0046 
39.6475 16.5000 3631.9361 0.2813 0.0881 -0.5354 2.9775 5.0000 11.4144 0.0046 
39.6242 16.5000 3623.4527 0.2819 0.0892 -0.5359 2.9797 5.0000 10.9967 0.0048 
39.6242 16.5000 3625.1674 0.2819 0.0886 -0.5373 2.9793 6.0000 11.0617 0.0033 
39.6144 16.5000 3621.1279 0.2816 0.0877 -0.5401 2.9768 6.0000 11.2425 0.0042 
39.6730 16.5000 3641.6755 0.2836 0.0877 -0.5357 2.9775 5.0000 10.9192 0.0038 
39.6382 16.5000 3631.0982 0.2777 0.0875 -0.5319 2.9794 5.0000 11.2376 0.0050 
39.6570 16.5000 3635.9229 0.2812 0.0882 -0.5348 2.9733 5.0000 11.3948 0.0040 
39.6082 16.5000 3619.6393 0.2841 0.0879 -0.5389 2.9737 5.0000 11.0970 0.0035 
39.6461 16.5000 3630.6131 0.2829 0.0886 -0.5361 2.9771 5.0000 11.5278 0.0042 
39.6682 16.5000 3639.4970 0.2805 0.0877 -0.5331 2.9698 6.0000 11.4757 0.0043 
39.6393 16.5000 3630.6361 0.2816 0.0892 -0.5353 2.9778 5.0000 11.8974 0.0032 
39.6360 16.5000 3630.7647 0.2816 0.0873 -0.5344 2.9790 5.0000 12.3577 0.0041 
39.6775 16.5000 3645.1899 0.2789 0.0874 -0.5321 2.9746 5.0000 12.3248 0.0044 
39.6430 16.5000 3630.4621 0.2812 0.0876 -0.5360 2.9770 5.0000 11.4850 0.0033 
39.6323 16.5000 3627.5032 0.2824 0.0886 -0.5373 2.9732 6.0000 11.2553 0.0041 
39.6744 16.5000 3642.7656 0.2813 0.0880 -0.5380 2.9777 6.0000 11.5741 0.0040 
39.6435 16.5000 3632.1617 0.2805 0.0869 -0.5387 2.9740 6.0000 11.3403 0.0047 
39.6466 16.5000 3632.0560 0.2799 0.0877 -0.5344 2.9717 5.0000 11.2181 0.0040 
39.6194 16.5000 3622.8718 0.2792 0.0865 -0.5361 2.9775 5.0000 11.2565 0.0044 
39.6472 16.5000 3632.7838 0.2798 0.0880 -0.5365 2.9799 6.0000 11.1746 0.0038 
39.6323 16.5000 3624.4512 0.2832 0.0887 -0.5368 2.9807 5.0000 11.1439 0.0047 
39.6550 16.5000 3636.0785 0.2809 0.0881 -0.5368 2.9709 6.0000 11.3028 0.0033 
39.6192 16.5000 3623.2002 0.2800 0.0878 -0.5373 2.9729 6.0000 11.5245 0.0049 
39.6755 16.5000 3644.9643 0.2835 0.0876 -0.5381 2.9744 6.0000 11.3126 0.0047 
39.6133 16.5000 3621.1005 0.2818 0.0878 -0.5390 2.9752 5.0000 11.5180 0.0039 
39.6208 16.5000 3620.8603 0.2793 0.0883 -0.5361 2.9798 6.0000 11.2553 0.0045 
39.6528 16.5000 3634.2360 0.2813 0.0873 -0.5363 2.9748 6.0000 11.3473 0.0038 
39.6265 16.5000 3624.8981 0.2814 0.0878 -0.5379 2.9795 5.0000 11.7207 0.0038 
39.6553 16.5000 3636.3141 0.2823 0.0883 -0.5370 2.9757 5.0000 12.1652 0.0042 
39.6570 16.5000 3636.3111 0.2826 0.0889 -0.5371 2.9777 5.0000 12.3728 0.0038 
39.6379 16.5000 3630.4288 0.2809 0.0867 -0.5391 2.9730 6.0000 12.5527 0.0039 
39.6556 16.5000 3636.6294 0.2811 0.0868 -0.5397 2.9739 5.0000 12.2362 0.0044 
39.6528 16.5000 3635.1523 0.2817 0.0868 -0.5368 2.9776 5.0000 11.9321 0.0044 
39.6301 16.5000 3624.5190 0.2822 0.0881 -0.5364 2.9812 5.0000 12.0006 0.0052 
39.6298 16.5000 3627.8983 0.2828 0.0900 -0.5352 2.9783 5.0000 11.3799 0.0041 
39.6015 16.5000 3619.8781 0.2795 0.0874 -0.5325 2.9745 5.0000 11.1003 0.0045 
39.6447 16.5000 3630.0745 0.2799 0.0869 -0.5353 2.9738 5.0000 11.3415 0.0046 
39.6267 16.5000 3623.8815 0.2806 0.0870 -0.5372 2.9700 5.0000 12.0076 0.0040 
39.6245 16.5000 3624.5624 0.2810 0.0879 -0.5369 2.9735 6.0000 12.3090 0.0033 
39.6469 16.5000 3629.8246 0.2811 0.0873 -0.5371 2.9775 5.0000 13.9201 0.0038 
39.6766 16.5000 3642.3450 0.2828 0.0871 -0.5368 2.9719 5.0000 14.9645 0.0046 
39.6564 16.5000 3637.2148 0.2786 0.0868 -0.5325 2.9741 6.0000 15.0168 0.0055 
39.6225 16.5000 3625.2666 0.2832 0.0863 -0.5401 2.9725 5.0000 14.0482 0.0042 
39.5900 16.5000 3607.7806 0.2825 0.0886 -0.5405 2.9770 5.0000 13.4089 0.0044 
39.6396 16.5000 3630.6448 0.2801 0.0873 -0.5358 2.9743 5.0000 13.8913 0.0040 
39.6309 16.5000 3629.9120 0.2776 0.0849 -0.5350 2.9777 6.0000 13.4228 0.0033 
39.6455 16.5000 3631.4345 0.2830 0.0883 -0.5385 2.9762 5.0000 12.7115 0.0043 
39.6735 16.5000 3640.5694 0.2801 0.0878 -0.5372 2.9755 6.0000 12.9024 0.0041 
39.6365 16.5000 3632.4848 0.2812 0.0875 -0.5385 2.9720 5.0000 13.1187 0.0045 
39.6438 16.5000 3631.7660 0.2795 0.0879 -0.5333 2.9782 5.0000 13.3842 0.0042 
39.6281 16.5000 3625.6676 0.2832 0.0869 -0.5385 2.9710 6.0000 13.1575 0.0045 
39.6399 16.5000 3627.2182 0.2806 0.0868 -0.5385 2.9734 5.0000 12.9508 0.0039 
39.6281 16.5000 3627.2476 0.2820 0.0890 -0.5397 2.9753 5.0000 13.2136 0.0049 
39.6497 16.5000 3634.5257 0.2785 0.0860 -0.5369 2.9729 5.0000 13.4269 0.0047 
39.6122 16.5000 3619.2742 0.2831 0.0882 -0.5404 2.9760 6.0000 13.9815 0.0043 
39.6203 16.5000 3620.4994 0.2818 0.0880 -0.5391 2.9754 5.0000 14.2840 0.0040 
39.6371 16.5000 3632.1558 0.2800 0.0882 -0.5339 2.9766 6.0000 14.4788 0.0041 
39.6455 16.5000 3630.0182 0.2818 0.0893 -0.5338 2.9776 5.0000 13.8238 0.0040 
39.6433 16.5000 3630.2256 0.2803 0.0874 -0.5347 2.9766 5.0000 13.0461 0.0043 
39.6478 16.5000 3633.8223 0.2794 0.0866 -0.5370 2.9767 6.0000 13.5431 0.0039 
39.6363 16.5000 3628.3777 0.2833 0.0879 -0.5383 2.9754 5.0000 12.8000 0.0039 
39.6528 16.5000 3634.6283 0.2799 0.0869 -0.5345 2.9707 5.0000 10.0549 0.0039 
