39.6712 16.5000 3639.3860 0.4250 0.1443 -0.6185 3.1432 6.0000 30.4449 0.0034 
39.6735 16.5000 3642.6608 0.4285 0.1440 -0.6207 3.1410 6.0000 30.6426 0.0034 
39.6609 16.5000 3639.5586 0.4260 0.1426 -0.6188 3.1446 6.0000 30.6291 0.0034 
39.6659 16.5000 3641.5268 0.4257 0.1442 -0.6140 3.1450 6.0000 29.4317 0.0039 
39.6611 16.5000 3638.9200 0.4297 0.1477 -0.6174 3.1531 6.0000 30.0915 0.0037 
39.6506 16.5000 3635.9276 0.4290 0.1453 -0.6207 3.1448 6.0000 30.1276 0.0037 
39.6578 16.5000 3638.1391 0.4297 0.1437 -0.6185 3.1434 6.0000 29.8537 0.0035 
39.6576 16.5000 3637.5315 0.4316 0.1449 -0.6222 3.1502 6.0000 30.5722 0.0038 
39.6653 16.5000 3640.4204 0.4311 0.1450 -0.6240 3.1459 6.0000 29.9545 0.0038 
39.6562 16.5000 3636.4577 0.4313 0.1473 -0.6183 3.1471 6.0000 31.2421 0.0037 
39.6570 16.5000 3639.8881 0.4312 0.1454 -0.6209 3.1409 6.0000 30.7823 0.0036 
39.6601 16.5000 3638.5624 0.4294 0.1443 -0.6234 3.1454 6.0000 31.3819 0.0037 
39.6617 16.5000 3638.0431 0.4292 0.1450 -0.6205 3.1494 6.0000 30.7886 0.0038 
39.6605 16.5000 3636.7182 0.4342 0.1466 -0.6217 3.1466 6.0000 30.6673 0.0032 
39.6541 16.5000 3636.9266 0.4288 0.1442 -0.6210 3.1450 6.0000 31.1750 0.0032 
39.6785 16.5000 3643.4845 0.4278 0.1446 -0.6201 3.1463 6.0000 30.9243 0.0035 
39.6785 16.5000 3646.7042 0.4280 0.1455 -0.6172 3.1396 6.0000 30.9128 0.0037 
39.6657 16.5000 3635.7045 0.4299 0.1463 -0.6194 3.1508 6.0000 30.7026 0.0033 
39.6582 16.5000 3638.0202 0.4276 0.1424 -0.6250 3.1455 6.0000 31.5554 0.0038 
39.6729 16.5000 3641.3544 0.4272 0.1434 -0.6228 3.1479 6.0000 31.4952 0.0034 
39.6568 16.5000 3636.9976 0.4303 0.1449 -0.6256 3.1480 6.0000 31.3936 0.0032 
39.6696 16.5000 3641.5806 0.4322 0.1480 -0.6171 3.1514 6.0000 30.0868 0.0031 
39.6799 16.5000 3645.3889 0.4291 0.1430 -0.6227 3.1467 6.0000 30.3796 0.0030 
39.6826 16.5000 3645.8834 0.4306 0.1455 -0.6218 3.1507 6.0000 30.4391 0.0031 
39.6886 16.5000 3647.2298 0.4314 0.1463 -0.6203 3.1447 6.0000 33.9314 0.0038 
39.6824 16.5000 3646.4315 0.4281 0.1450 -0.6160 3.1433 6.0000 33.8207 0.0040 
39.6545 16.5000 3638.1339 0.4280 0.1446 -0.6230 3.1442 6.0000 34.0275 0.0035 
39.6481 16.5000 3631.5976 0.4269 0.1452 -0.6173 3.1470 6.0000 30.3407 0.0032 
39.6684 16.5000 3643.0232 0.4293 0.1442 -0.6193 3.1471 6.0000 30.2872 0.0031 
39.6778 16.5000 3645.3476 0.4290 0.1459 -0.6192 3.1532 6.0000 30.1534 0.0030 
39.6812 16.5000 3647.6347 0.4289 0.1457 -0.6136 3.1427 6.0000 30.4924 0.0029 
39.6882 16.5000 3648.4243 0.4259 0.1435 -0.6172 3.1453 6.0000 30.9285 0.0039 
39.6911 16.5000 3649.1190 0.4324 0.1460 -0.6154 3.1442 6.0000 30.5263 0.0030 
39.6496 16.5000 3632.5715 0.4269 0.1443 -0.6160 3.1428 6.0000 30.1652 0.0036 
39.6871 16.5000 3647.4058 0.4306 0.1453 -0.6192 3.1464 6.0000 30.6185 0.0031 
39.6628 16.5000 3637.1336 0.4283 0.1471 -0.6185 3.1490 6.0000 30.4442 0.0025 
39.6820 16.5000 3648.7039 0.4320 0.1461 -0.6181 3.1427 6.0000 30.1230 0.0032 
39.7076 16.5000 3655.2566 0.4283 0.1432 -0.6228 3.1445 6.0000 31.1303 0.0031 
39.6795 16.5000 3643.2973 0.4287 0.1443 -0.6198 3.1454 6.0000 30.5436 0.0037 
39.6845 16.5000 3646.5995 0.4314 0.1442 -0.6252 3.1460 6.0000 33.3958 0.0032 
39.6603 16.5000 3639.2154 0.4280 0.1432 -0.6219 3.1444 6.0000 34.0000 0.0037 
39.6805 16.5000 3643.7998 0.4294 0.1451 -0.6185 3.1409 6.0000 33.3667 0.0029 
39.6894 16.5000 3648.1758 0.4295 0.1445 -0.6183 3.1400 6.0000 30.8034 0.0034 
39.6593 16.5000 3638.5102 0.4304 0.1462 -0.6200 3.1461 6.0000 30.7980 0.0029 
39.6723 16.5000 3641.0065 0.4275 0.1439 -0.6202 3.1412 6.0000 30.2687 0.0029 
39.6892 16.5000 3648.8721 0.4300 0.1450 -0.6206 3.1417 6.0000 30.3256 0.0034 
39.6809 16.5000 3645.1656 0.4277 0.1441 -0.6184 3.1431 6.0000 29.9629 0.0029 
39.6690 16.5000 3643.5714 0.4316 0.1457 -0.6220 3.1454 6.0000 30.9134 0.0036 
39.6900 16.5000 3649.4283 0.4319 0.1457 -0.6183 3.1521 6.0000 30.3354 0.0038 
39.6630 16.5000 3636.0980 0.4250 0.1448 -0.6154 3.1502 6.0000 30.2098 0.0037 
39.6543 16.5000 3635.2391 0.4302 0.1455 -0.6178 3.1468 6.0000 31.2083 0.0040 
39.6587 16.5000 3635.8801 0.4266 0.1422 -0.6213 3.1520 6.0000 30.5140 0.0030 
39.6481 16.5000 3633.3825 0.4289 0.1463 -0.6162 3.1427 6.0000 30.1586 0.0037 
39.6878 16.5000 3646.9660 0.4335 0.1461 -0.6220 3.1507 6.0000 31.0239 0.0036 
39.6595 16.5000 3637.3348 0.4309 0.1463 -0.6223 3.1480 6.0000 30.7616 0.0038 
39.6613 16.5000 3636.9826 0.4309 0.1462 -0.6222 3.1449 6.0000 30.3199 0.0029 
39.6553 16.5000 3632.4970 0.4291 0.1451 -0.6245 3.1488 6.0000 30.7300 0.0034 
39.6917 16.5000 3649.1958 0.4319 0.1456 -0.6198 3.1416 6.0000 30.7404 0.0033 
39.6727 16.5000 3641.0292 0.4307 0.1483 -0.6214 3.1501 6.0000 30.8707 0.0030 
39.6737 16.5000 3643.6832 0.4293 0.1447 -0.6212 3.1432 6.0000 31.3984 0.0031 
39.6861 16.5000 3647.5022 0.4312 0.1450 -0.6262 3.1415 6.0000 30.8825 0.0036 
39.6844 16.5000 3645.5229 0.4276 0.1438 -0.6192 3.1411 6.0000 30.2447 0.0035 
39.6617 16.5000 3641.4915 0.4313 0.1475 -0.6160 3.1529 6.0000 30.8023 0.0035 
39.6675 16.5000 3640.9906 0.4292 0.1442 -0.6211 3.1472 6.0000 30.5352 0.0040 
39.6655 16.5000 3639.7980 0.4299 0.1449 -0.6241 3.1454 6.0000 30.0960 0.0040 
39.6459 16.5000 3634.2569 0.4282 0.1461 -0.6151 3.1483 6.0000 31.4290 0.0027 
39.6849 16.5000 3647.7121 0.4284 0.1472 -0.6174 3.1432 6.0000 33.6556 0.0035 
39.6993 16.5000 3653.1499 0.4279 0.1451 -0.6164 3.1501 6.0000 33.8289 0.0037 
39.6663 16.5000 3642.1135 0.4293 0.1456 -0.6138 3.1435 6.0000 33.2096 0.0031 
39.6574 16.5000 3636.0089 0.4289 0.1456 -0.6193 3.1470 6.0000 30.3710 0.0034 
39.6842 16.5000 3644.4978 0.4292 0.1450 -0.6210 3.1435 6.0000 30.6639 0.0033 
39.6723 16.5000 3644.1065 0.4313 0.1487 -0.6167 3.1411 6.0000 30.5708 0.0039 
39.6743 16.5000 3642.3997 0.4305 0.1464 -0.6218 3.1439 6.0000 30.4717 0.0035 
39.6504 16.5000 3636.3236 0.4287 0.1459 -0.6153 3.1458 6.0000 30.6797 0.0032 
39.6673 16.5000 3639.6454 0.4322 0.1451 -0.6219 3.1472 6.0000 30.6727 0.0031 
39.6770 16.5000 3642.9466 0.4284 0.1467 -0.6193 3.1494 6.0000 30.3577 0.0035 
39.6826 16.5000 3647.8706 0.4325 0.1458 -0.6206 3.1473 6.0000 30.6439 0.0033 
39.6679 16.5000 3641.4054 0.4250 0.1407 -0.6195 3.1401 6.0000 30.8975 0.0034 
39.6731 16.5000 3642.4891 0.4266 0.1427 -0.6201 3.1456 6.0000 30.5319 0.0032 
39.6694 16.5000 3642.7933 0.4310 0.1474 -0.6189 3.1455 6.0000 31.0181 0.0035 
39.6801 16.5000 3645.2030 0.4298 0.1453 -0.6193 3.1466 6.0000 30.8245 0.0024 
39.6684 16.5000 3639.8289 0.4294 0.1455 -0.6171 3.1508 6.0000 30.7561 0.0031 
39.7111 16.5000 3656.1651 0.4267 0.1439 -0.6146 3.1467 6.0000 30.9349 0.0038 
39.6811 16.5000 3646.4245 0.4301 0.1454 -0.6182 3.1455 6.0000 30.6950 0.0036 
39.6570 16.5000 3638.9807 0.4307 0.1463 -0.6215 3.1460 6.0000 30.8373 0.0046 
39.6618 16.5000 3638.5178 0.4291 0.1456 -0.6195 3.1433 6.0000 30.2647 0.0034 
39.6254 16.5000 3624.3989 0.4320 0.1452 -0.6291 3.1454 6.0000 30.6611 0.0030 
39.6696 16.5000 3641.6729 0.4283 0.1440 -0.6173 3.1506 6.0000 30.5255 0.0030 
39.6871 16.5000 3648.3804 0.4310 0.1464 -0.6255 3.1526 6.0000 30.8739 0.0036 
39.6857 16.5000 3646.3533 0.4290 0.1434 -0.6202 3.1461 6.0000 30.9637 0.0038 
39.6648 16.5000 3637.9948 0.4299 0.1454 -0.6188 3.1493 6.0000 30.5029 0.0031 
39.6570 16.5000 3637.0067 0.4308 0.1465 -0.6232 3.1501 6.0000 31.0918 0.0034 
39.6832 16.5000 3645.0176 0.4325 0.1467 -0.6203 3.1502 6.0000 30.5619 0.0031 
39.6712 16.5000 3641.2088 0.4308 0.1471 -0.6176 3.1458 6.0000 30.3088 0.0029 
39.6840 16.5000 3644.4260 0.4288 0.1466 -0.6210 3.1543 6.0000 30.8125 0.0033 
39.6911 16.5000 3649.5641 0.4308 0.1459 -0.6229 3.1460 6.0000 30.8711 0.0034 
39.6758 16.5000 3644.8940 0.4286 0.1449 -0.6159 3.1461 6.0000 30.3559 0.0036 
39.6692 16.5000 3641.6062 0.4280 0.1458 -0.6187 3.1476 6.0000 30.8816 0.0032 
39.6613 16.5000 3639.7298 0.4313 0.1449 -0.6246 3.1446 6.0000 29.8491 0.0032 
39.6793 16.5000 3644.0043 0.4324 0.1460 -0.6230 3.1470 6.0000 21.0961 0.0032 
