39.6735 16.5000 3643.2773 0.4752 0.1704 -0.6314 3.1721 6.0000 30.3996 0.0033 
39.6549 16.5000 3636.3612 0.4678 0.1622 -0.6325 3.1732 6.0000 30.6276 0.0033 
39.6783 16.5000 3645.0635 0.4753 0.1687 -0.6340 3.1768 6.0000 30.3897 0.0033 
39.6791 16.5000 3645.5280 0.4760 0.1686 -0.6288 3.1751 6.0000 31.0669 0.0034 
39.6704 16.5000 3643.1223 0.4706 0.1662 -0.6284 3.1723 6.0000 31.3395 0.0040 
39.6696 16.5000 3641.2032 0.4771 0.1691 -0.6364 3.1713 6.0000 31.2790 0.0040 
39.6469 16.5000 3636.2768 0.4716 0.1678 -0.6320 3.1707 6.0000 28.4106 0.0031 
39.6428 16.5000 3630.3457 0.4710 0.1630 -0.6332 3.1729 6.0000 28.6480 0.0030 
39.6811 16.5000 3647.9040 0.4753 0.1673 -0.6315 3.1713 6.0000 28.4243 0.0030 
39.6875 16.5000 3647.3090 0.4760 0.1678 -0.6328 3.1666 6.0000 28.6801 0.0031 
39.6267 16.5000 3624.8484 0.4716 0.1650 -0.6299 3.1697 6.0000 28.8167 0.0039 
39.6830 16.5000 3646.5364 0.4733 0.1652 -0.6351 3.1620 6.0000 29.1428 0.0034 
39.6512 16.5000 3636.9122 0.4716 0.1658 -0.6299 3.1679 6.0000 28.8188 0.0036 
39.6710 16.5000 3642.4778 0.4724 0.1666 -0.6317 3.1757 6.0000 29.0611 0.0038 
39.6615 16.5000 3637.9494 0.4728 0.1654 -0.6311 3.1668 6.0000 28.7538 0.0038 
39.6568 16.5000 3635.6842 0.4755 0.1681 -0.6304 3.1688 6.0000 29.3887 0.0040 
39.6459 16.5000 3632.7700 0.4707 0.1657 -0.6303 3.1689 6.0000 29.5615 0.0039 
39.6485 16.5000 3633.5241 0.4705 0.1678 -0.6274 3.1755 6.0000 29.7431 0.0033 
39.6500 16.5000 3635.1530 0.4709 0.1646 -0.6296 3.1685 6.0000 28.9614 0.0043 
39.6729 16.5000 3643.5550 0.4754 0.1705 -0.6237 3.1710 6.0000 28.8303 0.0034 
39.6362 16.5000 3628.8641 0.4728 0.1661 -0.6348 3.1761 6.0000 29.0518 0.0042 
39.6723 16.5000 3641.4968 0.4734 0.1659 -0.6248 3.1626 6.0000 29.1036 0.0027 
39.6401 16.5000 3630.8135 0.4775 0.1686 -0.6305 3.1756 6.0000 29.2590 0.0036 
39.6987 16.5000 3651.6960 0.4709 0.1661 -0.6215 3.1632 6.0000 29.3893 0.0030 
39.6646 16.5000 3640.9822 0.4730 0.1670 -0.6304 3.1680 6.0000 29.3462 0.0032 
39.6855 16.5000 3646.9652 0.4671 0.1653 -0.6242 3.1758 6.0000 28.8878 0.0034 
39.6770 16.5000 3643.8429 0.4704 0.1667 -0.6265 3.1670 6.0000 29.6629 0.0037 
39.6719 16.5000 3641.6506 0.4717 0.1659 -0.6268 3.1662 6.0000 29.8617 0.0037 
39.6587 16.5000 3638.9522 0.4702 0.1637 -0.6319 3.1715 6.0000 29.3229 0.0037 
39.6574 16.5000 3636.3323 0.4735 0.1688 -0.6314 3.1743 6.0000 29.7356 0.0040 
39.6638 16.5000 3639.1662 0.4729 0.1677 -0.6284 3.1698 6.0000 29.2934 0.0047 
39.6454 16.5000 3633.0053 0.4691 0.1667 -0.6250 3.1697 6.0000 29.2187 0.0047 
39.6182 16.5000 3622.7805 0.4706 0.1673 -0.6302 3.1686 6.0000 29.5904 0.0034 
39.6702 16.5000 3641.2038 0.4721 0.1637 -0.6343 3.1621 6.0000 29.3193 0.0038 
39.6700 16.5000 3641.4962 0.4709 0.1663 -0.6287 3.1699 6.0000 29.3363 0.0038 
39.6558 16.5000 3633.8595 0.4684 0.1661 -0.6273 3.1780 6.0000 29.3909 0.0036 
39.6589 16.5000 3636.5308 0.4748 0.1661 -0.6353 3.1809 6.0000 29.3521 0.0033 
39.6646 16.5000 3639.9990 0.4724 0.1658 -0.6322 3.1672 6.0000 29.3975 0.0033 
39.6731 16.5000 3641.1530 0.4712 0.1665 -0.6261 3.1769 6.0000 29.4577 0.0041 
39.6692 16.5000 3640.2035 0.4709 0.1671 -0.6292 3.1743 6.0000 29.3605 0.0039 
39.6444 16.5000 3633.1031 0.4751 0.1663 -0.6372 3.1780 6.0000 29.6783 0.0033 
39.6521 16.5000 3636.9836 0.4696 0.1658 -0.6275 3.1787 6.0000 29.4104 0.0034 
39.6750 16.5000 3646.0204 0.4722 0.1673 -0.6314 3.1618 6.0000 29.2314 0.0042 
39.6694 16.5000 3640.3550 0.4706 0.1664 -0.6312 3.1673 6.0000 29.3496 0.0039 
39.6392 16.5000 3631.5090 0.4726 0.1667 -0.6317 3.1699 6.0000 29.6239 0.0040 
39.6527 16.5000 3636.6819 0.4711 0.1688 -0.6229 3.1746 6.0000 29.5392 0.0034 
39.6487 16.5000 3633.9864 0.4718 0.1663 -0.6252 3.1676 6.0000 29.2901 0.0036 
39.6706 16.5000 3640.5630 0.4721 0.1680 -0.6287 3.1697 6.0000 29.6191 0.0036 
39.6646 16.5000 3640.1242 0.4747 0.1686 -0.6345 3.1788 6.0000 29.4721 0.0031 
39.6617 16.5000 3639.5837 0.4752 0.1666 -0.6335 3.1765 6.0000 29.5497 0.0037 
39.6842 16.5000 3641.9734 0.4727 0.1645 -0.6344 3.1736 6.0000 29.5074 0.0043 
39.6580 16.5000 3638.6559 0.4750 0.1678 -0.6293 3.1802 6.0000 29.3546 0.0036 
39.6362 16.5000 3630.7310 0.4734 0.1670 -0.6318 3.1721 6.0000 29.5667 0.0031 
39.6640 16.5000 3640.2429 0.4752 0.1677 -0.6322 3.1753 6.0000 29.6522 0.0041 
39.6824 16.5000 3648.8234 0.4733 0.1684 -0.6303 3.1718 6.0000 29.6037 0.0037 
39.6421 16.5000 3630.3414 0.4780 0.1683 -0.6358 3.1745 6.0000 29.4240 0.0040 
39.6574 16.5000 3638.4897 0.4733 0.1664 -0.6317 3.1728 6.0000 29.8150 0.0043 
39.6473 16.5000 3631.7980 0.4725 0.1658 -0.6279 3.1752 6.0000 29.4347 0.0035 
39.6343 16.5000 3628.8932 0.4767 0.1689 -0.6322 3.1746 6.0000 28.9736 0.0035 
39.6684 16.5000 3640.4152 0.4745 0.1662 -0.6294 3.1713 6.0000 29.1779 0.0037 
39.6832 16.5000 3647.3641 0.4776 0.1694 -0.6366 3.1748 6.0000 29.4705 0.0037 
39.6597 16.5000 3639.7317 0.4732 0.1675 -0.6316 3.1686 6.0000 29.2426 0.0037 
39.6597 16.5000 3636.5426 0.4697 0.1654 -0.6303 3.1691 6.0000 29.6862 0.0037 
39.6271 16.5000 3625.7947 0.4697 0.1655 -0.6297 3.1787 6.0000 29.0801 0.0034 
39.6572 16.5000 3638.7981 0.4721 0.1666 -0.6324 3.1704 6.0000 29.4703 0.0038 
39.6708 16.5000 3640.9605 0.4673 0.1626 -0.6318 3.1729 6.0000 29.6650 0.0031 
39.6566 16.5000 3636.8030 0.4716 0.1652 -0.6316 3.1651 6.0000 29.1865 0.0037 
39.6809 16.5000 3646.3065 0.4691 0.1674 -0.6231 3.1795 6.0000 29.1184 0.0038 
39.6599 16.5000 3637.5321 0.4693 0.1679 -0.6276 3.1748 6.0000 29.3297 0.0039 
39.6568 16.5000 3639.8279 0.4767 0.1663 -0.6371 3.1673 6.0000 29.5744 0.0032 
39.6514 16.5000 3635.2362 0.4766 0.1667 -0.6345 3.1757 6.0000 29.3703 0.0037 
39.6770 16.5000 3643.6977 0.4683 0.1645 -0.6216 3.1751 6.0000 29.1231 0.0031 
39.6574 16.5000 3634.9751 0.4727 0.1677 -0.6335 3.1730 6.0000 29.6136 0.0042 
39.6824 16.5000 3646.9161 0.4739 0.1662 -0.6324 3.1695 6.0000 29.4325 0.0042 
39.6411 16.5000 3631.6508 0.4725 0.1674 -0.6317 3.1696 6.0000 29.3032 0.0043 
39.6803 16.5000 3644.8420 0.4718 0.1655 -0.6331 3.1725 6.0000 29.1598 0.0037 
39.6364 16.5000 3631.2139 0.4730 0.1668 -0.6336 3.1716 6.0000 29.4965 0.0035 
39.6574 16.5000 3639.2104 0.4718 0.1657 -0.6309 3.1732 6.0000 29.7576 0.0036 
39.6671 16.5000 3641.5821 0.4708 0.1651 -0.6349 3.1744 6.0000 29.3070 0.0040 
39.6630 16.5000 3640.2801 0.4735 0.1666 -0.6299 3.1765 6.0000 29.2354 0.0033 
39.6457 16.5000 3631.4692 0.4740 0.1658 -0.6329 3.1689 6.0000 29.9816 0.0033 
39.6729 16.5000 3644.2656 0.4667 0.1641 -0.6247 3.1614 6.0000 29.2025 0.0037 
39.6764 16.5000 3646.7770 0.4725 0.1660 -0.6317 3.1705 6.0000 29.1497 0.0036 
39.6599 16.5000 3636.4419 0.4758 0.1684 -0.6290 3.1685 6.0000 30.0206 0.0039 
39.6624 16.5000 3636.9351 0.4721 0.1650 -0.6383 3.1715 6.0000 29.3037 0.0035 
39.6492 16.5000 3634.1537 0.4739 0.1688 -0.6304 3.1764 6.0000 29.1399 0.0035 
39.6679 16.5000 3639.8725 0.4717 0.1662 -0.6284 3.1755 6.0000 29.8168 0.0043 
39.6628 16.5000 3640.7370 0.4726 0.1662 -0.6309 3.1726 6.0000 29.4620 0.0039 
39.6349 16.5000 3629.4108 0.4748 0.1682 -0.6330 3.1747 6.0000 29.3236 0.0039 
39.6512 16.5000 3632.4600 0.4710 0.1668 -0.6322 3.1775 6.0000 29.7591 0.0040 
39.6521 16.5000 3635.0379 0.4722 0.1650 -0.6363 3.1697 6.0000 29.6925 0.0032 
39.6487 16.5000 3633.5002 0.4731 0.1655 -0.6374 3.1774 6.0000 29.7106 0.0032 
39.6780 16.5000 3643.1483 0.4734 0.1667 -0.6328 3.1662 6.0000 29.7983 0.0035 
39.6638 16.5000 3639.0595 0.4730 0.1663 -0.6366 3.1745 6.0000 29.3846 0.0040 
39.6688 16.5000 3641.9414 0.4763 0.1670 -0.6339 3.1732 6.0000 29.5268 0.0040 
39.6487 16.5000 3635.1772 0.4752 0.1697 -0.6281 3.1775 6.0000 29.9034 0.0037 
39.6514 16.5000 3634.0836 0.4745 0.1677 -0.6336 3.1714 6.0000 29.0777 0.0046 
39.6591 16.5000 3638.1377 0.4722 0.1689 -0.6313 3.1734 6.0000 29.6232 0.0036 
39.6244 16.5000 3625.0113 0.4748 0.1695 -0.6362 3.1801 6.0000 28.5631 0.0036 
39.6617 16.5000 3636.6825 0.4720 0.1683 -0.6309 3.1695 6.0000 19.4973 0.0036 
