39.7230 4.0000 3659.6507 0.3634 0.1103 -0.5855 3.1955 6.0000 62.2767 0.0019 
39.7290 4.0000 3660.8247 0.3652 0.1108 -0.5889 3.1903 6.0000 61.7691 0.0021 
39.7215 4.0000 3659.9273 0.3624 0.1102 -0.5900 3.1908 6.0000 62.2234 0.0021 
39.7299 4.0000 3662.1970 0.3653 0.1110 -0.5890 3.1931 6.0000 62.0302 0.0019 
39.7427 4.0000 3666.6990 0.3670 0.1112 -0.5863 3.1903 6.0000 62.6276 0.0016 
39.7303 4.0000 3661.8480 0.3624 0.1091 -0.5910 3.1868 6.0000 62.2039 0.0016 
39.7413 4.0000 3665.7335 0.3651 0.1107 -0.5912 3.1964 6.0000 63.3775 0.0022 
39.7278 4.0000 3661.2459 0.3654 0.1094 -0.5950 3.1895 6.0000 62.0174 0.0023 
39.7139 4.0000 3654.0220 0.3642 0.1100 -0.5908 3.1942 6.0000 62.0664 0.0023 
39.7192 4.0000 3658.1129 0.3642 0.1105 -0.5899 3.1946 6.0000 62.5917 0.0017 
39.7293 4.0000 3661.8536 0.3647 0.1121 -0.5882 3.1924 6.0000 62.5040 0.0017 
39.7380 4.0000 3664.6874 0.3629 0.1106 -0.5890 3.1931 6.0000 63.3484 0.0019 
39.7297 4.0000 3660.2588 0.3663 0.1119 -0.5912 3.1961 6.0000 62.8628 0.0018 
39.7320 4.0000 3662.4820 0.3611 0.1093 -0.5869 3.1987 6.0000 62.9495 0.0018 
39.7352 4.0000 3663.7290 0.3639 0.1097 -0.5885 3.1947 6.0000 63.1499 0.0021 
39.7257 4.0000 3660.4687 0.3645 0.1119 -0.5882 3.1960 6.0000 63.3960 0.0018 
39.7206 4.0000 3658.8632 0.3626 0.1107 -0.5867 3.1963 6.0000 63.2906 0.0018 
39.7357 4.0000 3662.9727 0.3645 0.1110 -0.5925 3.1897 6.0000 63.1377 0.0017 
39.7178 4.0000 3657.1166 0.3620 0.1100 -0.5909 3.1944 6.0000 63.2668 0.0018 
39.7381 4.0000 3664.0436 0.3641 0.1109 -0.5909 3.1972 6.0000 63.7571 0.0020 
39.7360 4.0000 3664.1403 0.3658 0.1133 -0.5869 3.1940 6.0000 63.4532 0.0017 
39.7271 4.0000 3660.5741 0.3633 0.1099 -0.5911 3.1938 6.0000 62.8759 0.0017 
39.7374 4.0000 3665.3478 0.3648 0.1106 -0.5900 3.1972 6.0000 63.4204 0.0020 
39.7392 4.0000 3665.1850 0.3648 0.1109 -0.5909 3.1938 6.0000 63.2679 0.0016 
39.7278 4.0000 3659.7196 0.3648 0.1111 -0.5916 3.1958 6.0000 63.1642 0.0016 
39.7429 4.0000 3666.3992 0.3646 0.1120 -0.5854 3.1938 6.0000 63.6019 0.0020 
39.7413 4.0000 3665.0101 0.3658 0.1112 -0.5888 3.1963 6.0000 63.2102 0.0020 
39.7266 4.0000 3661.6793 0.3638 0.1102 -0.5908 3.1918 6.0000 64.3372 0.0020 
39.7451 4.0000 3667.3689 0.3616 0.1102 -0.5868 3.1920 6.0000 63.5134 0.0014 
39.7264 4.0000 3659.8840 0.3625 0.1096 -0.5867 3.1936 6.0000 63.7626 0.0019 
39.7485 4.0000 3669.0880 0.3633 0.1101 -0.5922 3.1940 6.0000 64.2430 0.0016 
39.7303 4.0000 3661.5020 0.3629 0.1097 -0.5928 3.1940 6.0000 63.8223 0.0016 
39.7433 4.0000 3666.1557 0.3637 0.1113 -0.5911 3.1926 6.0000 62.9592 0.0016 
39.7345 4.0000 3663.3237 0.3635 0.1115 -0.5872 3.1983 6.0000 63.4897 0.0014 
39.7181 4.0000 3656.1293 0.3642 0.1117 -0.5920 3.1928 6.0000 62.3742 0.0019 
39.7313 4.0000 3660.5599 0.3616 0.1102 -0.5876 3.1927 6.0000 63.3278 0.0014 
39.7493 4.0000 3668.6504 0.3651 0.1113 -0.5887 3.1902 6.0000 63.1556 0.0019 
39.7254 4.0000 3659.4337 0.3655 0.1105 -0.5898 3.1897 6.0000 64.5623 0.0019 
39.7311 4.0000 3660.8254 0.3615 0.1106 -0.5888 3.1932 6.0000 64.1222 0.0019 
39.7308 4.0000 3661.9210 0.3642 0.1112 -0.5917 3.1956 6.0000 70.7687 0.0020 
39.7255 4.0000 3658.5980 0.3626 0.1092 -0.5907 3.1931 6.0000 71.4433 0.0020 
39.7255 4.0000 3659.9035 0.3639 0.1118 -0.5859 3.1947 6.0000 71.9155 0.0020 
39.7268 4.0000 3660.4150 0.3631 0.1106 -0.5883 3.1915 6.0000 62.3736 0.0019 
39.7285 4.0000 3661.3989 0.3626 0.1122 -0.5844 3.1987 7.0000 63.3749 0.0020 
39.7290 4.0000 3661.3979 0.3617 0.1104 -0.5903 3.1968 6.0000 63.8426 0.0020 
39.7278 4.0000 3662.1124 0.3644 0.1104 -0.5909 3.1894 6.0000 63.1978 0.0017 
39.7283 4.0000 3660.7548 0.3646 0.1110 -0.5896 3.1950 6.0000 63.9137 0.0018 
39.7369 4.0000 3664.0013 0.3647 0.1100 -0.5929 3.1939 6.0000 64.0713 0.0019 
39.7327 4.0000 3664.3108 0.3640 0.1103 -0.5910 3.1932 6.0000 63.6019 0.0021 
39.7308 4.0000 3660.7363 0.3655 0.1107 -0.5902 3.1945 6.0000 64.4305 0.0018 
39.7236 4.0000 3659.1695 0.3659 0.1124 -0.5890 3.1956 6.0000 64.5855 0.0016 
39.7345 4.0000 3663.5621 0.3621 0.1101 -0.5900 3.1946 6.0000 63.9826 0.0021 
39.7412 4.0000 3664.9732 0.3645 0.1108 -0.5903 3.1874 6.0000 64.2647 0.0018 
39.7219 4.0000 3658.1803 0.3621 0.1100 -0.5877 3.1914 6.0000 64.4730 0.0018 
39.7362 4.0000 3662.7220 0.3645 0.1120 -0.5883 3.1954 6.0000 71.0947 0.0019 
39.7336 4.0000 3663.0300 0.3626 0.1104 -0.5880 3.1924 6.0000 70.5201 0.0017 
39.7314 4.0000 3661.0205 0.3654 0.1110 -0.5908 3.1928 6.0000 71.0088 0.0023 
39.7364 4.0000 3662.8847 0.3638 0.1101 -0.5923 3.1942 6.0000 63.8121 0.0021 
39.7133 4.0000 3655.1565 0.3637 0.1099 -0.5911 3.1951 6.0000 64.1692 0.0019 
39.7238 4.0000 3660.0639 0.3636 0.1113 -0.5867 3.1940 6.0000 64.0532 0.0020 
39.7322 4.0000 3663.0792 0.3640 0.1109 -0.5867 3.1898 6.0000 63.7626 0.0020 
39.7272 4.0000 3660.3834 0.3653 0.1107 -0.5912 3.1924 6.0000 64.3246 0.0019 
39.7258 4.0000 3659.8253 0.3650 0.1099 -0.5931 3.1943 6.0000 63.2297 0.0022 
39.7318 4.0000 3662.4178 0.3640 0.1101 -0.5895 3.1933 6.0000 63.1141 0.0016 
39.7177 4.0000 3656.3412 0.3650 0.1121 -0.5889 3.1990 6.0000 63.2939 0.0018 
39.7411 4.0000 3665.5359 0.3644 0.1102 -0.5896 3.1944 6.0000 63.6610 0.0017 
39.7329 4.0000 3663.0608 0.3643 0.1110 -0.5896 3.1922 6.0000 63.2914 0.0023 
39.7366 4.0000 3664.4601 0.3643 0.1115 -0.5873 3.1930 6.0000 64.4047 0.0019 
39.7142 4.0000 3655.3614 0.3644 0.1106 -0.5902 3.1939 6.0000 63.8783 0.0017 
39.7292 4.0000 3661.5696 0.3636 0.1116 -0.5868 3.1977 6.0000 62.7726 0.0019 
39.7370 4.0000 3664.8397 0.3657 0.1128 -0.5872 3.1919 6.0000 63.8918 0.0021 
39.7313 4.0000 3661.3586 0.3649 0.1114 -0.5882 3.1984 6.0000 63.2714 0.0021 
39.7243 4.0000 3659.9922 0.3629 0.1102 -0.5870 3.1940 6.0000 63.2658 0.0020 
39.7251 4.0000 3659.0370 0.3647 0.1117 -0.5905 3.1957 6.0000 64.2665 0.0015 
39.7248 4.0000 3660.3689 0.3624 0.1096 -0.5907 3.1906 6.0000 64.5205 0.0015 
39.7449 4.0000 3667.6409 0.3625 0.1104 -0.5873 3.1917 6.0000 63.9428 0.0018 
39.7334 4.0000 3663.5521 0.3658 0.1126 -0.5846 3.1940 6.0000 64.1954 0.0019 
39.7352 4.0000 3662.9526 0.3624 0.1101 -0.5915 3.1905 6.0000 64.6252 0.0020 
39.7290 4.0000 3659.2233 0.3646 0.1106 -0.5916 3.1953 6.0000 63.5109 0.0017 
39.7276 4.0000 3659.8593 0.3643 0.1113 -0.5872 3.1919 6.0000 63.6419 0.0017 
39.7398 4.0000 3664.8240 0.3642 0.1102 -0.5893 3.1939 6.0000 63.9041 0.0019 
39.7369 4.0000 3664.7390 0.3646 0.1107 -0.5884 3.1931 6.0000 63.5344 0.0019 
39.7313 4.0000 3662.3391 0.3655 0.1110 -0.5909 3.1936 6.0000 63.3065 0.0018 
39.7290 4.0000 3661.7460 0.3640 0.1110 -0.5896 3.1931 6.0000 63.4646 0.0017 
39.7325 4.0000 3662.3601 0.3663 0.1114 -0.5901 3.1934 6.0000 63.3292 0.0018 
39.7398 4.0000 3666.3976 0.3647 0.1109 -0.5892 3.1941 6.0000 63.8651 0.0021 
39.7325 4.0000 3663.7353 0.3672 0.1118 -0.5933 3.1928 6.0000 64.0029 0.0019 
39.7238 4.0000 3659.0440 0.3653 0.1118 -0.5910 3.1954 6.0000 63.4711 0.0017 
39.7321 4.0000 3661.5596 0.3629 0.1117 -0.5878 3.1945 6.0000 63.2517 0.0016 
39.7370 4.0000 3664.1169 0.3639 0.1108 -0.5895 3.1924 6.0000 64.2061 0.0016 
39.7412 4.0000 3665.0298 0.3631 0.1091 -0.5892 3.1898 6.0000 63.5044 0.0016 
39.7419 4.0000 3666.3374 0.3641 0.1106 -0.5919 3.1956 6.0000 64.2828 0.0018 
39.7425 4.0000 3665.4946 0.3642 0.1105 -0.5885 3.1952 6.0000 63.5442 0.0019 
39.7332 4.0000 3663.2379 0.3646 0.1113 -0.5891 3.1932 6.0000 63.1942 0.0016 
39.7321 4.0000 3662.5114 0.3631 0.1099 -0.5898 3.1937 6.0000 64.5834 0.0021 
39.7419 4.0000 3666.0799 0.3624 0.1111 -0.5866 3.1894 6.0000 63.7122 0.0021 
39.7241 4.0000 3659.4870 0.3634 0.1093 -0.5899 3.1880 6.0000 63.2757 0.0023 
39.7236 4.0000 3659.6145 0.3650 0.1123 -0.5861 3.1969 6.0000 63.6533 0.0019 
39.7142 4.0000 3656.3839 0.3616 0.1097 -0.5902 3.2004 6.0000 63.6238 0.0019 
39.7318 4.0000 3661.5900 0.3642 0.1119 -0.5883 3.1925 6.0000 43.8060 0.0019 
