31.0574 1.0000 3008.7214 0.2514 0.0712 -0.2960 3.4613 8.0000 27.4119 0.0008 
31.0566 1.0000 3008.6632 0.2539 0.0714 -0.2990 3.4597 8.0000 28.2223 0.0008 
31.0532 1.0000 3007.0085 0.2538 0.0718 -0.2964 3.4600 8.0000 28.6981 0.0011 
31.0649 1.0000 3012.0274 0.2522 0.0711 -0.2973 3.4599 8.0000 28.5578 0.0008 
31.0636 1.0000 3011.1835 0.2537 0.0712 -0.3002 3.4611 8.0000 21.1224 0.0010 
31.0569 1.0000 3008.6851 0.2533 0.0706 -0.3006 3.4608 8.0000 26.1673 0.0008 
31.0535 1.0000 3007.0434 0.2526 0.0713 -0.2971 3.4601 8.0000 26.8446 0.0008 
31.0560 1.0000 3008.1028 0.2535 0.0720 -0.2971 3.4627 8.0000 14.2239 0.0007 
31.0609 1.0000 3010.1283 0.2533 0.0714 -0.2976 3.4611 8.0000 10.8003 0.0009 
31.0554 1.0000 3008.1456 0.2546 0.0725 -0.2983 3.4613 8.0000 15.5158 0.0009 
31.0612 1.0000 3010.7675 0.2518 0.0706 -0.2994 3.4618 9.0000 15.9180 0.0008 
31.0601 1.0000 3009.8451 0.2520 0.0709 -0.2982 3.4616 9.0000 17.0588 0.0008 
31.0605 1.0000 3010.0752 0.2533 0.0718 -0.2971 3.4614 7.0000 17.1854 0.0008 
31.0587 1.0000 3009.2611 0.2528 0.0713 -0.2980 3.4610 8.0000 12.9443 0.0008 
31.0651 1.0000 3011.9600 0.2545 0.0715 -0.2994 3.4640 8.0000 9.1314 0.0010 
31.0579 1.0000 3009.1359 0.2532 0.0719 -0.2968 3.4604 7.0000 9.4888 0.0010 
31.0616 1.0000 3010.2614 0.2524 0.0712 -0.2975 3.4577 8.0000 14.4582 0.0011 
31.0577 1.0000 3009.3346 0.2528 0.0711 -0.2994 3.4609 9.0000 16.5642 0.0007 
31.0627 1.0000 3011.2380 0.2543 0.0715 -0.2994 3.4642 10.0000 13.2545 0.0007 
31.0620 1.0000 3010.9360 0.2543 0.0720 -0.2995 3.4620 8.0000 14.7313 0.0008 
31.0560 1.0000 3007.9267 0.2528 0.0710 -0.2990 3.4605 9.0000 14.5920 0.0008 
31.0560 1.0000 3008.6257 0.2529 0.0722 -0.2971 3.4612 8.0000 14.5732 0.0008 
31.0522 1.0000 3006.5651 0.2535 0.0704 -0.3016 3.4609 8.0000 13.9198 0.0011 
31.0615 1.0000 3010.6770 0.2508 0.0706 -0.2959 3.4596 8.0000 11.5850 0.0007 
31.0641 1.0000 3012.1008 0.2522 0.0704 -0.2991 3.4599 8.0000 14.3737 0.0008 
31.0637 1.0000 3011.6071 0.2528 0.0712 -0.2979 3.4643 8.0000 13.7668 0.0009 
31.0613 1.0000 3010.5413 0.2528 0.0713 -0.2980 3.4610 8.0000 9.6404 0.0008 
31.0614 1.0000 3010.7709 0.2548 0.0713 -0.3005 3.4590 8.0000 13.7340 0.0009 
31.0645 1.0000 3011.8400 0.2533 0.0719 -0.2980 3.4616 8.0000 10.2470 0.0008 
31.0517 1.0000 3006.2754 0.2529 0.0715 -0.2979 3.4620 9.0000 13.4226 0.0006 
31.0627 1.0000 3011.3997 0.2524 0.0714 -0.2965 3.4609 8.0000 13.3602 0.0007 
31.0595 1.0000 3009.1038 0.2515 0.0708 -0.2979 3.4614 8.0000 10.5032 0.0007 
31.0627 1.0000 3011.3172 0.2525 0.0712 -0.2977 3.4581 8.0000 12.9194 0.0007 
31.0574 1.0000 3008.9551 0.2514 0.0713 -0.2954 3.4633 8.0000 9.2280 0.0008 
31.0614 1.0000 3010.6173 0.2536 0.0713 -0.2994 3.4627 8.0000 13.0143 0.0010 
31.0670 1.0000 3013.3584 0.2529 0.0717 -0.2974 3.4612 8.0000 9.5541 0.0007 
31.0655 1.0000 3012.2162 0.2540 0.0704 -0.3031 3.4595 8.0000 13.3920 0.0009 
31.0642 1.0000 3011.7984 0.2550 0.0725 -0.2983 3.4624 8.0000 13.0354 0.0009 
31.0570 1.0000 3008.9039 0.2543 0.0712 -0.2999 3.4624 8.0000 17.1226 0.0008 
31.0620 1.0000 3010.6831 0.2510 0.0705 -0.2976 3.4589 8.0000 15.4079 0.0009 
31.0568 1.0000 3008.2262 0.2525 0.0714 -0.2966 3.4612 8.0000 13.3117 0.0008 
31.0634 1.0000 3011.7261 0.2535 0.0711 -0.2991 3.4596 8.0000 12.8534 0.0007 
31.0592 1.0000 3009.9660 0.2530 0.0713 -0.2979 3.4605 8.0000 13.3127 0.0009 
31.0579 1.0000 3008.7589 0.2515 0.0710 -0.2977 3.4611 8.0000 13.3756 0.0009 
31.0597 1.0000 3009.5578 0.2541 0.0703 -0.3000 3.4605 8.0000 9.4101 0.0010 
31.0629 1.0000 3011.2937 0.2534 0.0719 -0.2978 3.4638 9.0000 14.3743 0.0008 
31.0612 1.0000 3010.3622 0.2532 0.0719 -0.2970 3.4634 8.0000 13.9053 0.0010 
31.0636 1.0000 3011.3820 0.2534 0.0714 -0.2974 3.4611 8.0000 13.9942 0.0008 
31.0569 1.0000 3008.8083 0.2526 0.0709 -0.2982 3.4585 8.0000 13.9248 0.0009 
31.0600 1.0000 3009.6083 0.2534 0.0715 -0.2979 3.4627 8.0000 11.4103 0.0008 
31.0596 1.0000 3009.7690 0.2529 0.0717 -0.2971 3.4613 8.0000 13.5985 0.0010 
31.0619 1.0000 3011.1078 0.2531 0.0713 -0.2976 3.4624 8.0000 10.5029 0.0007 
31.0565 1.0000 3008.6516 0.2530 0.0717 -0.2983 3.4604 8.0000 13.7881 0.0009 
31.0577 1.0000 3009.0138 0.2537 0.0715 -0.2992 3.4599 8.0000 14.0715 0.0008 
31.0606 1.0000 3010.0754 0.2524 0.0706 -0.2982 3.4609 9.0000 13.6701 0.0010 
31.0625 1.0000 3011.0717 0.2543 0.0724 -0.2971 3.4639 7.0000 13.0282 0.0008 
31.0651 1.0000 3011.8964 0.2531 0.0710 -0.2982 3.4604 8.0000 13.5439 0.0007 
31.0553 1.0000 3007.7976 0.2540 0.0718 -0.2991 3.4626 8.0000 12.8316 0.0009 
31.0602 1.0000 3010.0074 0.2539 0.0713 -0.2999 3.4619 8.0000 13.2749 0.0008 
31.0598 1.0000 3009.7731 0.2537 0.0711 -0.2983 3.4602 8.0000 13.0608 0.0009 
31.0605 1.0000 3010.1949 0.2527 0.0714 -0.2988 3.4621 8.0000 10.3122 0.0008 
31.0553 1.0000 3007.7166 0.2534 0.0718 -0.2975 3.4606 8.0000 13.0836 0.0009 
31.0642 1.0000 3011.7601 0.2542 0.0718 -0.2982 3.4625 8.0000 12.9276 0.0009 
31.0578 1.0000 3009.2797 0.2534 0.0706 -0.3000 3.4589 8.0000 13.3741 0.0009 
31.0571 1.0000 3009.0148 0.2532 0.0716 -0.2973 3.4631 8.0000 9.2888 0.0010 
31.0605 1.0000 3009.6004 0.2507 0.0702 -0.2988 3.4578 8.0000 9.8879 0.0009 
31.0615 1.0000 3010.9103 0.2529 0.0719 -0.2973 3.4631 7.0000 13.2057 0.0011 
31.0601 1.0000 3009.7750 0.2545 0.0721 -0.2979 3.4610 9.0000 9.1692 0.0009 
31.0583 1.0000 3008.9399 0.2555 0.0716 -0.3014 3.4611 8.0000 12.9851 0.0009 
31.0582 1.0000 3009.1297 0.2543 0.0719 -0.2980 3.4619 8.0000 12.9299 0.0010 
31.0568 1.0000 3008.8536 0.2531 0.0719 -0.2963 3.4623 8.0000 9.0971 0.0011 
31.0600 1.0000 3009.9474 0.2526 0.0720 -0.2960 3.4639 8.0000 14.2817 0.0010 
31.0642 1.0000 3012.0214 0.2523 0.0714 -0.2966 3.4624 8.0000 13.0920 0.0007 
31.0524 1.0000 3006.4768 0.2516 0.0709 -0.2980 3.4619 8.0000 17.4303 0.0009 
31.0597 1.0000 3010.0319 0.2537 0.0708 -0.2999 3.4639 9.0000 12.7366 0.0011 
31.0543 1.0000 3007.0407 0.2521 0.0711 -0.2980 3.4610 8.0000 13.7275 0.0010 
31.0520 1.0000 3006.4750 0.2556 0.0718 -0.3003 3.4621 8.0000 14.1128 0.0010 
31.0569 1.0000 3008.8132 0.2534 0.0716 -0.2978 3.4604 8.0000 13.9414 0.0009 
31.0658 1.0000 3012.1943 0.2529 0.0714 -0.2980 3.4610 8.0000 13.7645 0.0008 
31.0577 1.0000 3008.8758 0.2516 0.0710 -0.2975 3.4630 8.0000 10.1467 0.0007 
31.0538 1.0000 3006.8859 0.2537 0.0715 -0.2985 3.4618 8.0000 14.2808 0.0008 
31.0569 1.0000 3008.7756 0.2526 0.0711 -0.2979 3.4621 8.0000 9.6106 0.0009 
31.0592 1.0000 3009.4018 0.2527 0.0709 -0.2988 3.4615 8.0000 19.6105 0.0012 
31.0599 1.0000 3010.1592 0.2507 0.0708 -0.2965 3.4594 8.0000 19.7439 0.0010 
31.0634 1.0000 3011.7888 0.2524 0.0703 -0.2990 3.4627 8.0000 13.1430 0.0010 
31.0622 1.0000 3011.0518 0.2537 0.0725 -0.2963 3.4661 8.0000 12.9630 0.0011 
31.0573 1.0000 3008.7399 0.2531 0.0706 -0.2988 3.4601 8.0000 9.8623 0.0011 
31.0629 1.0000 3011.5178 0.2538 0.0716 -0.2985 3.4630 8.0000 13.3099 0.0008 
31.0569 1.0000 3008.5009 0.2537 0.0721 -0.2977 3.4636 7.0000 11.4446 0.0009 
31.0502 1.0000 3005.8208 0.2521 0.0714 -0.2971 3.4586 8.0000 14.4416 0.0009 
31.0552 1.0000 3008.3034 0.2546 0.0712 -0.2999 3.4608 8.0000 14.1956 0.0008 
31.0535 1.0000 3007.3216 0.2518 0.0707 -0.2981 3.4601 8.0000 14.3736 0.0008 
31.0600 1.0000 3009.9477 0.2530 0.0703 -0.2990 3.4607 9.0000 18.3063 0.0008 
31.0618 1.0000 3010.6478 0.2504 0.0707 -0.2958 3.4616 8.0000 15.6733 0.0007 
31.0579 1.0000 3009.2284 0.2526 0.0718 -0.2972 3.4608 8.0000 13.9576 0.0007 
31.0580 1.0000 3009.1605 0.2537 0.0725 -0.2958 3.4625 8.0000 13.8530 0.0008 
31.0631 1.0000 3011.3076 0.2535 0.0716 -0.2991 3.4600 8.0000 9.5508 0.0008 
31.0635 1.0000 3011.1353 0.2532 0.0713 -0.2976 3.4599 8.0000 13.8112 0.0008 
31.0611 1.0000 3010.2507 0.2532 0.0721 -0.2975 3.4634 8.0000 15.8416 0.0008 
31.0630 1.0000 3011.3405 0.2549 0.0722 -0.2983 3.4620 8.0000 14.8767 0.0008 
