39.5911 16.5000 3614.3046 0.4896 0.1861 -0.6366 3.0846 6.0000 11.3654 0.0069 
39.5825 16.5000 3614.5330 0.4940 0.1852 -0.6394 3.0816 6.0000 11.3017 0.0069 
39.5317 16.5000 3600.7306 0.4924 0.1863 -0.6369 3.0933 6.0000 11.2547 0.0069 
39.5827 16.5000 3612.8356 0.4950 0.1871 -0.6344 3.0852 6.0000 11.4527 0.0064 
39.5760 16.5000 3613.1352 0.4975 0.1860 -0.6451 3.0782 6.0000 11.6937 0.0057 
39.5542 16.5000 3605.6234 0.4931 0.1874 -0.6363 3.0975 6.0000 11.4751 0.0053 
39.5976 16.5000 3623.0147 0.4979 0.1869 -0.6442 3.0800 6.0000 11.9041 0.0061 
39.5797 16.5000 3610.9525 0.4925 0.1832 -0.6405 3.0861 6.0000 11.8123 0.0061 
39.5659 16.5000 3607.6873 0.4921 0.1835 -0.6362 3.0895 6.0000 11.7067 0.0061 
39.5564 16.5000 3606.9819 0.4959 0.1884 -0.6376 3.0942 6.0000 12.0120 0.0069 
39.5570 16.5000 3600.9674 0.5005 0.1892 -0.6414 3.0920 5.0000 12.1691 0.0069 
39.5315 16.5000 3597.6150 0.4943 0.1841 -0.6404 3.0866 6.0000 12.0518 0.0069 
39.5317 16.5000 3593.7509 0.4973 0.1878 -0.6467 3.0884 6.0000 11.9392 0.0056 
39.5651 16.5000 3607.4519 0.4928 0.1864 -0.6371 3.0927 6.0000 12.1706 0.0061 
39.5847 16.5000 3612.9870 0.4967 0.1837 -0.6429 3.0819 6.0000 12.0167 0.0061 
39.5634 16.5000 3605.5121 0.4942 0.1867 -0.6464 3.0932 6.0000 11.8910 0.0058 
39.5735 16.5000 3610.5969 0.4940 0.1830 -0.6376 3.0852 6.0000 12.0088 0.0066 
39.5766 16.5000 3612.7942 0.4910 0.1812 -0.6407 3.0898 6.0000 12.2635 0.0065 
39.5432 16.5000 3595.3095 0.4968 0.1890 -0.6426 3.0956 6.0000 11.7986 0.0057 
39.5477 16.5000 3606.8796 0.4945 0.1852 -0.6349 3.0838 6.0000 12.1725 0.0068 
39.5816 16.5000 3612.6476 0.4884 0.1799 -0.6417 3.0801 6.0000 12.2056 0.0060 
39.5382 16.5000 3590.8421 0.4935 0.1857 -0.6419 3.0971 6.0000 11.7982 0.0056 
39.5665 16.5000 3608.7821 0.4908 0.1851 -0.6343 3.0925 6.0000 12.1527 0.0056 
39.5830 16.5000 3618.1225 0.4938 0.1872 -0.6421 3.0894 6.0000 12.2020 0.0060 
39.5858 16.5000 3612.2376 0.4966 0.1859 -0.6404 3.0873 6.0000 11.8754 0.0060 
39.5701 16.5000 3610.3172 0.4927 0.1850 -0.6409 3.0849 6.0000 12.5385 0.0059 
39.5693 16.5000 3607.5914 0.4932 0.1848 -0.6420 3.0796 6.0000 12.5599 0.0055 
39.5715 16.5000 3610.3394 0.4927 0.1842 -0.6407 3.0882 5.0000 12.1429 0.0071 
39.5892 16.5000 3613.5822 0.4919 0.1848 -0.6352 3.0881 6.0000 12.3564 0.0065 
39.5236 16.5000 3592.4425 0.4964 0.1899 -0.6428 3.0874 5.0000 12.3789 0.0056 
39.5500 16.5000 3598.3116 0.4856 0.1837 -0.6343 3.0813 6.0000 12.0361 0.0058 
39.5841 16.5000 3614.8981 0.4860 0.1840 -0.6309 3.0917 6.0000 12.5981 0.0055 
39.5746 16.5000 3614.1272 0.4974 0.1874 -0.6436 3.0830 6.0000 12.3733 0.0062 
39.5895 16.5000 3615.5048 0.4926 0.1850 -0.6338 3.0869 6.0000 12.3528 0.0063 
39.5600 16.5000 3616.3982 0.4951 0.1847 -0.6376 3.0774 6.0000 12.5822 0.0065 
39.5550 16.5000 3609.8899 0.4972 0.1869 -0.6421 3.0885 6.0000 12.3282 0.0065 
39.5505 16.5000 3601.1843 0.4952 0.1844 -0.6470 3.0882 6.0000 12.2685 0.0042 
39.5287 16.5000 3596.5459 0.4950 0.1874 -0.6352 3.1014 6.0000 12.4569 0.0060 
39.6385 16.5000 3638.1180 0.4957 0.1842 -0.6461 3.0858 5.0000 12.1257 0.0058 
39.5780 16.5000 3613.8100 0.4946 0.1857 -0.6470 3.0931 6.0000 12.5379 0.0058 
39.5701 16.5000 3607.7781 0.4952 0.1878 -0.6359 3.0886 6.0000 12.3612 0.0054 
39.5752 16.5000 3608.7995 0.4966 0.1840 -0.6438 3.1002 6.0000 12.5099 0.0072 
39.5937 16.5000 3614.5518 0.4931 0.1873 -0.6351 3.0921 6.0000 12.5708 0.0060 
39.5222 16.5000 3595.8649 0.4948 0.1883 -0.6416 3.0911 6.0000 12.4194 0.0064 
39.5696 16.5000 3599.7136 0.4938 0.1839 -0.6457 3.0884 6.0000 12.2780 0.0055 
39.5530 16.5000 3595.5799 0.4932 0.1844 -0.6434 3.0940 6.0000 12.7334 0.0057 
39.5881 16.5000 3620.1230 0.4899 0.1829 -0.6454 3.0861 6.0000 12.7017 0.0058 
39.5808 16.5000 3607.4020 0.4969 0.1871 -0.6500 3.0921 6.0000 12.8389 0.0050 
39.5777 16.5000 3617.0660 0.4975 0.1843 -0.6463 3.0854 6.0000 12.1652 0.0061 
39.6068 16.5000 3619.3594 0.4901 0.1840 -0.6405 3.0829 6.0000 12.2371 0.0066 
39.5651 16.5000 3611.0374 0.4948 0.1854 -0.6378 3.0810 5.0000 12.5341 0.0061 
39.5432 16.5000 3601.5897 0.4911 0.1847 -0.6378 3.0838 6.0000 12.3472 0.0058 
39.5637 16.5000 3609.4754 0.4919 0.1851 -0.6402 3.0808 6.0000 12.3743 0.0060 
39.5769 16.5000 3605.1529 0.4917 0.1857 -0.6401 3.0905 6.0000 12.4006 0.0062 
39.5668 16.5000 3607.3190 0.4934 0.1859 -0.6398 3.0885 6.0000 12.3965 0.0072 
39.5595 16.5000 3601.4073 0.4936 0.1862 -0.6430 3.0904 6.0000 12.1768 0.0063 
39.5228 16.5000 3588.3211 0.4917 0.1874 -0.6405 3.0939 6.0000 12.4780 0.0055 
39.5556 16.5000 3605.7694 0.4935 0.1863 -0.6424 3.0888 6.0000 12.4082 0.0062 
39.5867 16.5000 3611.1019 0.4938 0.1866 -0.6427 3.0857 6.0000 12.2756 0.0057 
39.5606 16.5000 3605.8041 0.4958 0.1839 -0.6448 3.0845 6.0000 12.7691 0.0059 
39.5799 16.5000 3617.5769 0.4905 0.1826 -0.6378 3.0814 5.0000 12.3409 0.0065 
39.5741 16.5000 3610.7521 0.4912 0.1862 -0.6333 3.0780 6.0000 12.5860 0.0063 
39.5474 16.5000 3604.8012 0.4945 0.1848 -0.6420 3.0810 6.0000 12.3170 0.0063 
39.5550 16.5000 3602.5159 0.4937 0.1856 -0.6408 3.0838 6.0000 12.5221 0.0048 
39.5556 16.5000 3603.9664 0.4973 0.1918 -0.6410 3.0953 6.0000 12.4381 0.0064 
39.6155 16.5000 3622.9337 0.4865 0.1811 -0.6306 3.0876 5.0000 12.4258 0.0079 
39.5533 16.5000 3598.7849 0.4934 0.1875 -0.6386 3.0864 6.0000 12.4455 0.0060 
39.4922 16.5000 3575.8022 0.4910 0.1849 -0.6390 3.0874 6.0000 12.4217 0.0055 
39.5698 16.5000 3607.4182 0.4961 0.1887 -0.6406 3.0921 6.0000 12.2601 0.0055 
39.5889 16.5000 3618.2847 0.4886 0.1837 -0.6350 3.0754 6.0000 12.4788 0.0067 
39.5872 16.5000 3611.3190 0.4916 0.1828 -0.6478 3.0805 6.0000 12.3537 0.0062 
39.5407 16.5000 3596.5565 0.4867 0.1810 -0.6393 3.0785 6.0000 12.1007 0.0070 
39.5592 16.5000 3608.0950 0.4895 0.1839 -0.6383 3.0869 6.0000 12.2601 0.0062 
39.5303 16.5000 3594.3693 0.4929 0.1854 -0.6445 3.0830 6.0000 12.4338 0.0060 
39.5600 16.5000 3603.6032 0.4932 0.1864 -0.6410 3.0895 6.0000 12.4711 0.0058 
39.5670 16.5000 3603.9664 0.4936 0.1863 -0.6433 3.0855 6.0000 12.3326 0.0055 
39.5766 16.5000 3613.1590 0.4899 0.1853 -0.6418 3.0922 6.0000 12.4186 0.0067 
39.5883 16.5000 3617.4258 0.4917 0.1841 -0.6395 3.0816 6.0000 12.4030 0.0074 
39.5415 16.5000 3600.2413 0.4946 0.1852 -0.6452 3.0869 6.0000 12.3574 0.0048 
39.5144 16.5000 3590.2522 0.4955 0.1863 -0.6472 3.0872 6.0000 12.3503 0.0061 
39.6169 16.5000 3624.3878 0.4951 0.1884 -0.6386 3.0804 6.0000 12.3881 0.0062 
39.5651 16.5000 3609.4437 0.4883 0.1830 -0.6355 3.0851 5.0000 12.2817 0.0075 
39.5586 16.5000 3602.9099 0.4905 0.1835 -0.6407 3.0832 6.0000 12.4599 0.0054 
39.5090 16.5000 3583.3221 0.4968 0.1862 -0.6507 3.0890 6.0000 12.3531 0.0057 
39.5909 16.5000 3615.8635 0.4918 0.1853 -0.6418 3.0891 6.0000 12.2724 0.0068 
39.5808 16.5000 3615.6259 0.4993 0.1901 -0.6416 3.0889 6.0000 12.5093 0.0058 
39.5385 16.5000 3600.4803 0.4963 0.1898 -0.6374 3.0870 6.0000 12.3534 0.0068 
39.5771 16.5000 3614.4601 0.4929 0.1825 -0.6435 3.0728 6.0000 12.2307 0.0049 
39.5382 16.5000 3602.3901 0.4927 0.1849 -0.6391 3.0818 6.0000 12.3365 0.0057 
39.6102 16.5000 3622.4276 0.4948 0.1871 -0.6399 3.0864 6.0000 12.6213 0.0058 
39.5813 16.5000 3614.6367 0.4888 0.1842 -0.6305 3.0820 6.0000 12.9633 0.0056 
39.5749 16.5000 3610.2374 0.4982 0.1870 -0.6451 3.0870 5.0000 12.9818 0.0062 
39.5827 16.5000 3617.1798 0.4881 0.1811 -0.6387 3.0854 6.0000 13.1789 0.0056 
39.5623 16.5000 3599.1375 0.4946 0.1882 -0.6348 3.0995 6.0000 12.7973 0.0067 
39.5853 16.5000 3614.0588 0.4929 0.1869 -0.6372 3.0936 5.0000 13.4059 0.0058 
39.5421 16.5000 3597.0301 0.4891 0.1826 -0.6390 3.0922 6.0000 13.2052 0.0057 
39.5771 16.5000 3614.2396 0.4982 0.1862 -0.6458 3.0807 5.0000 12.2838 0.0064 
39.5783 16.5000 3613.9714 0.4976 0.1891 -0.6388 3.0841 6.0000 12.3412 0.0052 
39.5516 16.5000 3608.4548 0.4945 0.1852 -0.6400 3.0776 6.0000 12.4253 0.0052 
39.5987 16.5000 3621.9151 0.4915 0.1843 -0.6404 3.0911 6.0000 9.7245 0.0052 
