38.5927 4.0000 3297.4426 0.4784 0.2360 -0.6247 2.6254 5.0000 0.4228 0.0314 
38.5776 4.0000 3267.0391 0.4650 0.2351 -0.6310 2.6242 5.0000 0.4165 0.0314 
38.9231 4.0000 3440.6305 0.4872 0.2388 -0.6252 2.6243 5.0000 0.4161 0.0314 
38.2825 4.0000 3189.2383 0.4751 0.2390 -0.6442 2.6403 5.0000 0.4149 0.0305 
38.4325 4.0000 3267.2598 0.4744 0.2332 -0.6382 2.6287 5.0000 0.4217 0.0305 
38.6280 4.0000 3277.4086 0.4657 0.2352 -0.6253 2.6331 5.0000 0.4576 0.0336 
38.4830 4.0000 3240.6545 0.4713 0.2337 -0.6366 2.6333 5.0000 0.4748 0.0331 
38.5120 4.0000 3241.0391 0.4732 0.2409 -0.6233 2.6410 5.0000 0.5505 0.0310 
38.5322 4.0000 3304.3884 0.4775 0.2360 -0.6252 2.6274 5.0000 0.4850 0.0324 
38.5549 4.0000 3289.4262 0.4738 0.2348 -0.6303 2.6311 5.0000 0.3784 0.0404 
38.6078 4.0000 3281.7327 0.4780 0.2371 -0.6442 2.6328 5.0000 0.3751 0.0396 
38.2585 4.0000 3169.2320 0.4789 0.2368 -0.6566 2.6479 5.0000 0.3747 0.0339 
38.2888 4.0000 3178.0353 0.4757 0.2374 -0.6427 2.6397 5.0000 0.3750 0.0315 
38.4994 4.0000 3258.1110 0.4761 0.2388 -0.6372 2.6349 5.0000 0.3803 0.0298 
38.5914 4.0000 3286.9142 0.4770 0.2338 -0.6288 2.6247 5.0000 0.3785 0.0367 
38.6557 4.0000 3301.8462 0.4691 0.2312 -0.6316 2.6161 5.0000 0.3728 0.0293 
38.3985 4.0000 3232.2106 0.4775 0.2356 -0.6376 2.6205 5.0000 0.3736 0.0361 
38.6734 4.0000 3323.7579 0.4790 0.2302 -0.6390 2.6046 5.0000 0.3819 0.0377 
38.4187 4.0000 3212.0277 0.4741 0.2354 -0.6388 2.6335 5.0000 0.3724 0.0336 
38.3594 4.0000 3209.6847 0.4660 0.2332 -0.6305 2.6428 5.0000 0.3732 0.0321 
38.5107 4.0000 3253.1148 0.4820 0.2447 -0.6374 2.6427 5.0000 0.3754 0.0359 
38.5687 4.0000 3272.8436 0.4809 0.2377 -0.6382 2.6303 5.0000 0.3709 0.0331 
38.4262 4.0000 3242.7705 0.4747 0.2400 -0.6172 2.6384 5.0000 0.3730 0.0342 
38.5296 4.0000 3311.2875 0.4763 0.2303 -0.6354 2.6172 5.0000 0.3731 0.0377 
38.4905 4.0000 3287.5145 0.4633 0.2330 -0.6214 2.6167 5.0000 0.3730 0.0301 
38.3607 4.0000 3214.1639 0.4625 0.2336 -0.6224 2.6278 5.0000 0.3789 0.0269 
38.6419 4.0000 3332.4779 0.4708 0.2316 -0.6166 2.6088 5.0000 0.3874 0.0312 
38.7629 4.0000 3335.5549 0.4783 0.2328 -0.6409 2.6215 5.0000 0.3929 0.0352 
38.6028 4.0000 3322.5485 0.4762 0.2331 -0.6233 2.6125 5.0000 0.3828 0.0290 
38.4540 4.0000 3239.8878 0.4726 0.2342 -0.6310 2.6392 5.0000 0.3873 0.0358 
38.6847 4.0000 3346.7743 0.4775 0.2281 -0.6349 2.6147 5.0000 0.3868 0.0342 
38.4313 4.0000 3235.8348 0.4788 0.2362 -0.6386 2.6348 5.0000 0.3987 0.0356 
38.4905 4.0000 3240.6318 0.4831 0.2365 -0.6604 2.6278 5.0000 0.4068 0.0363 
38.4388 4.0000 3238.6116 0.4723 0.2311 -0.6407 2.6220 5.0000 0.4036 0.0299 
38.4111 4.0000 3212.5675 0.4657 0.2399 -0.6168 2.6320 5.0000 0.3987 0.0356 
38.6507 4.0000 3307.5536 0.4719 0.2336 -0.6254 2.6256 5.0000 0.3937 0.0287 
38.4376 4.0000 3201.4817 0.4822 0.2383 -0.6478 2.6399 5.0000 0.3891 0.0323 
38.6948 4.0000 3341.7818 0.4755 0.2332 -0.6264 2.6199 5.0000 0.3831 0.0334 
38.5612 4.0000 3264.5246 0.4741 0.2330 -0.6382 2.6222 5.0000 0.3770 0.0356 
38.5183 4.0000 3245.2812 0.4716 0.2368 -0.6253 2.6412 5.0000 0.3739 0.0343 
38.4363 4.0000 3244.5158 0.4684 0.2286 -0.6324 2.6248 5.0000 0.3772 0.0363 
38.4842 4.0000 3240.5750 0.4676 0.2334 -0.6194 2.6426 5.0000 0.3779 0.0326 
38.4124 4.0000 3227.1652 0.4830 0.2400 -0.6271 2.6417 5.0000 0.3807 0.0322 
38.5485 4.0000 3278.7062 0.4681 0.2328 -0.6277 2.6287 5.0000 0.3751 0.0352 
38.5637 4.0000 3317.0883 0.4607 0.2314 -0.6059 2.6243 5.0000 0.3742 0.0358 
38.4540 4.0000 3249.3153 0.4726 0.2411 -0.6105 2.6336 5.0000 0.3760 0.0354 
38.4288 4.0000 3214.0845 0.4731 0.2374 -0.6327 2.6396 5.0000 0.3782 0.0356 
38.4451 4.0000 3245.3001 0.4647 0.2381 -0.6107 2.6365 5.0000 0.3766 0.0317 
38.4388 4.0000 3249.3695 0.4715 0.2334 -0.6275 2.6113 5.0000 0.3804 0.0379 
38.5813 4.0000 3276.7276 0.4739 0.2368 -0.6313 2.6386 5.0000 0.3767 0.0330 
38.3518 4.0000 3200.2018 0.4636 0.2327 -0.6282 2.6264 5.0000 0.3804 0.0305 
38.5334 4.0000 3308.3972 0.4685 0.2311 -0.6139 2.6259 5.0000 0.3915 0.0375 
38.6280 4.0000 3343.8209 0.4723 0.2271 -0.6272 2.6112 5.0000 0.3834 0.0363 
38.3657 4.0000 3201.0025 0.4659 0.2369 -0.6199 2.6432 5.0000 0.3817 0.0278 
38.4124 4.0000 3197.8815 0.4795 0.2356 -0.6566 2.6378 5.0000 0.3926 0.0341 
38.7276 4.0000 3331.7478 0.4759 0.2342 -0.6395 2.6316 5.0000 0.3982 0.0373 
38.4918 4.0000 3229.0391 0.4773 0.2350 -0.6433 2.6347 5.0000 0.3913 0.0312 
38.3733 4.0000 3203.9243 0.4597 0.2307 -0.6256 2.6318 5.0000 0.3999 0.0355 
38.6028 4.0000 3315.0933 0.4732 0.2354 -0.6277 2.6331 5.0000 0.3955 0.0344 
38.4426 4.0000 3206.4111 0.4676 0.2386 -0.6267 2.6440 5.0000 0.3994 0.0322 
38.4805 4.0000 3266.3203 0.4725 0.2322 -0.6357 2.6220 5.0000 0.3959 0.0382 
38.5624 4.0000 3298.2068 0.4813 0.2345 -0.6376 2.6115 5.0000 0.3817 0.0313 
38.3430 4.0000 3198.0832 0.4654 0.2333 -0.6272 2.6387 5.0000 0.3821 0.0369 
38.5990 4.0000 3312.4414 0.4669 0.2286 -0.6099 2.6066 5.0000 0.3729 0.0345 
38.3909 4.0000 3210.2888 0.4666 0.2334 -0.6199 2.6314 5.0000 0.3737 0.0375 
38.4779 4.0000 3240.6898 0.4736 0.2390 -0.6302 2.6337 5.0000 0.3765 0.0350 
38.3682 4.0000 3205.8184 0.4712 0.2395 -0.6275 2.6526 5.0000 0.3727 0.0298 
38.4615 4.0000 3240.0328 0.4727 0.2340 -0.6330 2.6244 5.0000 0.3732 0.0337 
38.6545 4.0000 3284.9294 0.4766 0.2378 -0.6337 2.6347 5.0000 0.3765 0.0291 
38.5095 4.0000 3272.8890 0.4664 0.2311 -0.6320 2.6200 5.0000 0.3744 0.0329 
38.6810 4.0000 3302.8071 0.4747 0.2351 -0.6310 2.6363 5.0000 0.3778 0.0327 
38.5397 4.0000 3303.0996 0.4786 0.2397 -0.6201 2.6313 5.0000 0.3788 0.0322 
38.5460 4.0000 3279.8701 0.4706 0.2297 -0.6368 2.6204 5.0000 0.3708 0.0303 
38.5637 4.0000 3302.7919 0.4808 0.2388 -0.6336 2.6320 5.0000 0.3758 0.0278 
38.6356 4.0000 3328.1816 0.4675 0.2301 -0.6251 2.6225 5.0000 0.3765 0.0322 
38.7301 4.0000 3335.8310 0.4805 0.2340 -0.6465 2.6421 5.0000 0.3874 0.0334 
38.5637 4.0000 3283.6721 0.4783 0.2319 -0.6365 2.6146 5.0000 0.3899 0.0344 
38.5208 4.0000 3265.7163 0.4675 0.2289 -0.6413 2.6307 5.0000 0.3903 0.0295 
38.4817 4.0000 3250.6419 0.4774 0.2314 -0.6412 2.6445 5.0000 0.3846 0.0321 
38.6646 4.0000 3294.8424 0.4720 0.2360 -0.6178 2.6256 5.0000 0.3846 0.0249 
38.5687 4.0000 3270.4817 0.4847 0.2326 -0.6398 2.6252 5.0000 0.3945 0.0345 
38.8373 4.0000 3414.0429 0.4749 0.2340 -0.6061 2.6023 5.0000 0.3982 0.0324 
38.4767 4.0000 3243.1576 0.4773 0.2383 -0.6353 2.6378 5.0000 0.3968 0.0341 
38.5549 4.0000 3252.7465 0.4799 0.2401 -0.6435 2.6354 5.0000 0.4051 0.0316 
38.4918 4.0000 3262.7667 0.4740 0.2349 -0.6272 2.6259 5.0000 0.3910 0.0361 
38.5851 4.0000 3277.8588 0.4769 0.2347 -0.6378 2.6179 5.0000 0.3837 0.0341 
38.4199 4.0000 3209.9786 0.4732 0.2354 -0.6436 2.6396 5.0000 0.3845 0.0360 
38.4931 4.0000 3279.6583 0.4762 0.2367 -0.6201 2.6239 5.0000 0.3762 0.0341 
38.4212 4.0000 3217.4187 0.4693 0.2378 -0.6208 2.6460 5.0000 0.3743 0.0352 
38.4931 4.0000 3266.9546 0.4668 0.2318 -0.6238 2.6301 5.0000 0.3753 0.0333 
38.4540 4.0000 3235.3682 0.4663 0.2320 -0.6331 2.6410 5.0000 0.3807 0.0344 
38.5233 4.0000 3277.5397 0.4804 0.2339 -0.6366 2.6200 5.0000 0.3761 0.0339 
38.4817 4.0000 3274.9395 0.4625 0.2316 -0.6267 2.6384 5.0000 0.3758 0.0347 
38.5019 4.0000 3228.9155 0.4715 0.2364 -0.6364 2.6353 5.0000 0.3841 0.0348 
38.4691 4.0000 3243.5347 0.4729 0.2306 -0.6447 2.6205 5.0000 0.3779 0.0363 
38.4666 4.0000 3239.7730 0.4647 0.2352 -0.6263 2.6382 5.0000 0.3781 0.0381 
38.4098 4.0000 3237.1009 0.4758 0.2378 -0.6303 2.6285 5.0000 0.3729 0.0348 
38.3455 4.0000 3212.3960 0.4711 0.2359 -0.6275 2.6376 5.0000 0.3792 0.0349 
38.4678 4.0000 3245.4275 0.4719 0.2361 -0.6376 2.6289 5.0000 0.3721 0.0349 
38.4628 4.0000 3274.5410 0.4825 0.2371 -0.6313 2.6270 5.0000 0.3708 0.0349 
