39.6352 16.5000 3630.9536 0.3666 0.1176 -0.5958 3.0689 6.0000 16.0654 0.0042 
39.6432 16.5000 3634.2382 0.3658 0.1178 -0.5947 3.0647 6.0000 15.5091 0.0043 
39.6405 16.5000 3632.8832 0.3646 0.1164 -0.5984 3.0642 6.0000 15.6337 0.0037 
39.6579 16.5000 3638.4824 0.3685 0.1189 -0.5989 3.0697 6.0000 15.8473 0.0041 
39.6421 16.5000 3630.0461 0.3629 0.1185 -0.5911 3.0698 6.0000 16.4947 0.0032 
39.6790 16.5000 3646.8405 0.3690 0.1181 -0.5964 3.0665 6.0000 16.7158 0.0040 
39.6483 16.5000 3633.3823 0.3627 0.1174 -0.5888 3.0652 6.0000 16.4913 0.0042 
39.6389 16.5000 3630.6622 0.3635 0.1168 -0.5974 3.0701 6.0000 16.5266 0.0038 
39.6570 16.5000 3636.8999 0.3666 0.1197 -0.5923 3.0679 6.0000 16.7968 0.0039 
39.6531 16.5000 3636.9068 0.3673 0.1189 -0.5972 3.0683 6.0000 16.1283 0.0048 
39.6162 16.5000 3621.1297 0.3652 0.1174 -0.5977 3.0700 6.0000 16.4225 0.0035 
39.6682 16.5000 3640.2508 0.3652 0.1192 -0.5989 3.0724 6.0000 16.4187 0.0040 
39.6474 16.5000 3630.3595 0.3646 0.1175 -0.5983 3.0684 6.0000 16.5114 0.0037 
39.6593 16.5000 3638.7894 0.3652 0.1176 -0.5947 3.0701 6.0000 17.1235 0.0039 
39.6531 16.5000 3633.7446 0.3682 0.1194 -0.5956 3.0659 6.0000 16.8433 0.0041 
39.6414 16.5000 3632.3400 0.3676 0.1195 -0.5948 3.0669 6.0000 17.0662 0.0046 
39.6219 16.5000 3622.0741 0.3638 0.1171 -0.5934 3.0723 6.0000 17.0684 0.0044 
39.6327 16.5000 3626.9733 0.3674 0.1191 -0.5965 3.0700 6.0000 17.7699 0.0039 
39.6492 16.5000 3632.3863 0.3676 0.1201 -0.5993 3.0698 6.0000 17.3938 0.0031 
39.6818 16.5000 3647.5371 0.3630 0.1187 -0.5901 3.0647 6.0000 17.4689 0.0035 
39.6675 16.5000 3641.5515 0.3646 0.1178 -0.5940 3.0644 6.0000 17.1145 0.0036 
39.6611 16.5000 3638.3999 0.3685 0.1186 -0.5985 3.0661 6.0000 17.4451 0.0040 
39.6465 16.5000 3635.8104 0.3671 0.1176 -0.5967 3.0696 6.0000 17.1553 0.0038 
39.6547 16.5000 3637.0054 0.3675 0.1199 -0.5953 3.0703 6.0000 17.8486 0.0036 
39.6632 16.5000 3642.1197 0.3657 0.1181 -0.5937 3.0633 6.0000 17.5247 0.0037 
39.6604 16.5000 3638.5406 0.3663 0.1179 -0.5988 3.0731 6.0000 17.9067 0.0037 
39.6588 16.5000 3635.9191 0.3666 0.1211 -0.5952 3.0733 6.0000 17.4486 0.0033 
39.6758 16.5000 3641.4967 0.3646 0.1173 -0.5947 3.0641 6.0000 17.3909 0.0039 
39.6492 16.5000 3631.1961 0.3663 0.1195 -0.5955 3.0694 6.0000 17.4781 0.0040 
39.6481 16.5000 3633.8530 0.3636 0.1175 -0.5943 3.0658 6.0000 17.5570 0.0034 
39.6710 16.5000 3641.5793 0.3646 0.1173 -0.5955 3.0641 6.0000 17.4167 0.0042 
39.6380 16.5000 3628.9467 0.3662 0.1173 -0.5983 3.0695 6.0000 17.3760 0.0040 
39.6453 16.5000 3633.2544 0.3657 0.1179 -0.5979 3.0701 6.0000 17.3377 0.0035 
39.6650 16.5000 3639.5589 0.3662 0.1184 -0.5957 3.0689 6.0000 17.2779 0.0041 
39.6435 16.5000 3630.5464 0.3631 0.1164 -0.5933 3.0630 6.0000 17.2979 0.0045 
39.6274 16.5000 3628.1944 0.3627 0.1173 -0.5928 3.0656 6.0000 17.2626 0.0052 
39.5992 16.5000 3616.7433 0.3659 0.1199 -0.5980 3.0654 6.0000 17.6964 0.0038 
39.6570 16.5000 3636.7126 0.3677 0.1191 -0.5963 3.0682 6.0000 17.1722 0.0033 
39.6760 16.5000 3644.3568 0.3676 0.1176 -0.5993 3.0669 6.0000 17.1828 0.0038 
39.6545 16.5000 3637.6552 0.3669 0.1174 -0.6008 3.0647 6.0000 17.7249 0.0037 
39.6595 16.5000 3637.5041 0.3650 0.1177 -0.5964 3.0656 6.0000 16.9545 0.0037 
39.6609 16.5000 3636.0903 0.3652 0.1193 -0.5902 3.0701 6.0000 17.8092 0.0038 
39.6556 16.5000 3636.5264 0.3659 0.1178 -0.5995 3.0706 6.0000 17.1253 0.0046 
39.6217 16.5000 3626.1914 0.3661 0.1184 -0.5990 3.0671 6.0000 17.3659 0.0041 
39.6444 16.5000 3632.3315 0.3631 0.1154 -0.5953 3.0640 6.0000 17.0120 0.0034 
39.6703 16.5000 3642.9854 0.3643 0.1181 -0.5927 3.0680 6.0000 17.6435 0.0036 
39.6641 16.5000 3639.9106 0.3636 0.1171 -0.5929 3.0657 6.0000 17.3768 0.0037 
39.6593 16.5000 3638.3863 0.3675 0.1185 -0.5935 3.0629 6.0000 17.4605 0.0040 
39.6467 16.5000 3631.6277 0.3658 0.1158 -0.6005 3.0652 6.0000 17.5249 0.0035 
39.6678 16.5000 3641.6964 0.3686 0.1184 -0.5956 3.0689 6.0000 17.1238 0.0038 
39.6570 16.5000 3637.3117 0.3649 0.1190 -0.5977 3.0749 6.0000 17.1535 0.0043 
39.6336 16.5000 3628.2937 0.3635 0.1172 -0.5932 3.0628 6.0000 17.5225 0.0039 
39.6526 16.5000 3635.7132 0.3662 0.1158 -0.5981 3.0718 5.0000 17.1965 0.0042 
39.6403 16.5000 3630.6610 0.3674 0.1192 -0.5940 3.0683 6.0000 17.1296 0.0036 
39.6643 16.5000 3639.2789 0.3663 0.1192 -0.5981 3.0767 6.0000 17.0118 0.0040 
39.6458 16.5000 3635.5302 0.3625 0.1184 -0.5922 3.0727 6.0000 17.6518 0.0039 
39.6513 16.5000 3633.3170 0.3655 0.1205 -0.5983 3.0742 6.0000 17.3735 0.0040 
39.6474 16.5000 3635.2989 0.3663 0.1191 -0.5943 3.0655 6.0000 17.7506 0.0035 
39.6650 16.5000 3639.2934 0.3641 0.1186 -0.5894 3.0712 6.0000 17.4274 0.0038 
39.6565 16.5000 3638.9224 0.3653 0.1179 -0.5956 3.0712 6.0000 17.5782 0.0042 
39.6382 16.5000 3629.8659 0.3656 0.1183 -0.5968 3.0686 6.0000 17.2104 0.0038 
39.6542 16.5000 3637.1320 0.3653 0.1187 -0.5976 3.0697 6.0000 17.5967 0.0039 
39.6526 16.5000 3634.7834 0.3646 0.1168 -0.5957 3.0639 6.0000 17.3833 0.0042 
39.6398 16.5000 3631.6804 0.3649 0.1192 -0.5934 3.0695 6.0000 16.6525 0.0031 
39.6829 16.5000 3647.3394 0.3657 0.1174 -0.5951 3.0679 6.0000 16.9844 0.0031 
39.6818 16.5000 3646.2034 0.3652 0.1179 -0.5945 3.0658 6.0000 17.1560 0.0037 
39.6588 16.5000 3638.1240 0.3675 0.1182 -0.6011 3.0684 6.0000 16.8000 0.0036 
39.6632 16.5000 3638.3923 0.3647 0.1193 -0.5932 3.0741 6.0000 17.5722 0.0037 
39.6602 16.5000 3636.5060 0.3656 0.1201 -0.5936 3.0707 6.0000 16.8055 0.0041 
39.6446 16.5000 3632.5709 0.3650 0.1174 -0.5927 3.0612 6.0000 17.4067 0.0040 
39.6465 16.5000 3635.4124 0.3668 0.1182 -0.5973 3.0709 6.0000 17.3577 0.0042 
39.6407 16.5000 3630.4799 0.3639 0.1184 -0.5931 3.0683 6.0000 17.6285 0.0037 
39.6577 16.5000 3637.3656 0.3677 0.1178 -0.6023 3.0691 6.0000 17.3360 0.0038 
39.6570 16.5000 3638.3006 0.3655 0.1147 -0.5986 3.0605 6.0000 17.5422 0.0037 
39.6586 16.5000 3638.7419 0.3684 0.1192 -0.5986 3.0673 6.0000 17.2049 0.0039 
39.6501 16.5000 3634.0906 0.3651 0.1182 -0.5938 3.0684 6.0000 17.3258 0.0039 
39.6517 16.5000 3634.5221 0.3674 0.1180 -0.5952 3.0682 6.0000 17.0158 0.0044 
39.6334 16.5000 3627.7228 0.3658 0.1187 -0.5952 3.0712 6.0000 17.2896 0.0037 
39.6607 16.5000 3638.7908 0.3661 0.1187 -0.5916 3.0666 6.0000 16.9507 0.0044 
39.6334 16.5000 3628.4386 0.3654 0.1198 -0.5966 3.0709 6.0000 17.1515 0.0046 
39.6242 16.5000 3623.7198 0.3676 0.1209 -0.5950 3.0712 6.0000 17.1009 0.0038 
39.6565 16.5000 3635.3216 0.3671 0.1191 -0.5978 3.0675 6.0000 17.1397 0.0031 
39.6827 16.5000 3647.3867 0.3658 0.1202 -0.5927 3.0694 6.0000 16.8771 0.0035 
39.6650 16.5000 3639.7405 0.3687 0.1193 -0.5951 3.0626 6.0000 17.1540 0.0035 
39.6657 16.5000 3639.0240 0.3666 0.1185 -0.5946 3.0648 6.0000 16.8385 0.0039 
39.6503 16.5000 3635.0535 0.3654 0.1173 -0.5955 3.0645 6.0000 17.0827 0.0035 
39.6669 16.5000 3639.7932 0.3639 0.1181 -0.5915 3.0704 6.0000 17.1772 0.0036 
39.6630 16.5000 3642.1389 0.3640 0.1189 -0.5889 3.0615 6.0000 17.0652 0.0041 
39.6439 16.5000 3631.2393 0.3668 0.1204 -0.5952 3.0677 5.0000 17.1490 0.0037 
39.6579 16.5000 3639.0104 0.3629 0.1164 -0.5934 3.0655 6.0000 17.2121 0.0042 
39.6380 16.5000 3631.5667 0.3661 0.1187 -0.5934 3.0655 6.0000 17.2121 0.0036 
39.6636 16.5000 3638.2446 0.3658 0.1171 -0.5979 3.0663 6.0000 17.1548 0.0040 
39.6481 16.5000 3632.3937 0.3665 0.1196 -0.5971 3.0711 6.0000 17.3343 0.0043 
39.6357 16.5000 3630.1016 0.3680 0.1183 -0.5967 3.0707 6.0000 17.3974 0.0049 
39.6102 16.5000 3616.6661 0.3607 0.1166 -0.5916 3.0646 6.0000 17.1970 0.0040 
39.6469 16.5000 3633.6389 0.3650 0.1197 -0.5898 3.0712 6.0000 17.2827 0.0036 
39.6630 16.5000 3640.8437 0.3654 0.1186 -0.5929 3.0672 6.0000 17.2134 0.0038 
39.6559 16.5000 3634.6913 0.3659 0.1187 -0.5966 3.0703 6.0000 17.0158 0.0041 
39.6435 16.5000 3632.9497 0.3644 0.1186 -0.5936 3.0691 6.0000 17.1292 0.0038 
39.6536 16.5000 3636.5796 0.3680 0.1175 -0.5996 3.0655 6.0000 15.2092 0.0038 
