39.0530 4.0000 3432.5921 0.5212 0.2360 -0.6510 2.8721 5.0000 1.6324 0.0193 
39.1501 4.0000 3445.7301 0.5138 0.2299 -0.6533 2.8739 5.0000 1.6694 0.0177 
39.1173 4.0000 3447.1362 0.5224 0.2357 -0.6471 2.8762 5.0000 1.6241 0.0193 
39.1141 4.0000 3446.8083 0.5134 0.2304 -0.6486 2.8673 5.0000 1.5612 0.0161 
39.0738 4.0000 3433.8531 0.5218 0.2377 -0.6443 2.8581 5.0000 1.5941 0.0210 
39.1734 4.0000 3462.4584 0.5338 0.2360 -0.6659 2.8750 5.0000 1.5407 0.0161 
38.9880 4.0000 3418.4477 0.5203 0.2346 -0.6459 2.8748 5.0000 1.6295 0.0201 
39.0889 4.0000 3445.0530 0.5194 0.2294 -0.6482 2.8733 5.0000 1.6253 0.0201 
39.0233 4.0000 3384.0618 0.5212 0.2405 -0.6587 2.8777 5.0000 1.6260 0.0160 
39.1797 4.0000 3471.3165 0.5085 0.2276 -0.6428 2.8606 5.0000 1.5452 0.0150 
39.1179 4.0000 3450.8796 0.5153 0.2345 -0.6417 2.8689 5.0000 1.5451 0.0150 
39.2163 4.0000 3509.0523 0.5161 0.2341 -0.6333 2.8619 5.0000 1.5527 0.0146 
39.2327 4.0000 3511.0397 0.5222 0.2322 -0.6440 2.8499 5.0000 1.5522 0.0173 
39.0776 4.0000 3455.4634 0.5240 0.2355 -0.6415 2.8628 5.0000 1.5366 0.0173 
39.1299 4.0000 3441.3638 0.5201 0.2368 -0.6447 2.8762 5.0000 1.5441 0.0173 
39.2390 4.0000 3501.1160 0.5127 0.2299 -0.6462 2.8601 5.0000 1.6368 0.0157 
39.1765 4.0000 3499.7194 0.5232 0.2338 -0.6434 2.8722 5.0000 1.5955 0.0157 
39.1917 4.0000 3471.9596 0.5255 0.2366 -0.6524 2.8747 5.0000 1.5972 0.0157 
39.0845 4.0000 3399.2018 0.5176 0.2337 -0.6594 2.8810 5.0000 1.6513 0.0175 
39.1772 4.0000 3465.1015 0.5231 0.2366 -0.6522 2.8722 5.0000 1.6782 0.0158 
39.1211 4.0000 3476.4363 0.5176 0.2315 -0.6386 2.8720 5.0000 1.6874 0.0158 
39.1879 4.0000 3472.3348 0.5150 0.2299 -0.6430 2.8608 5.0000 1.5248 0.0167 
39.1494 4.0000 3475.9414 0.5201 0.2336 -0.6460 2.8728 5.0000 1.5372 0.0175 
39.1532 4.0000 3466.0656 0.5186 0.2386 -0.6381 2.8670 5.0000 1.5433 0.0175 
39.1230 4.0000 3452.7736 0.5250 0.2314 -0.6631 2.8774 5.0000 1.5656 0.0188 
39.1431 4.0000 3447.4306 0.5115 0.2254 -0.6478 2.8582 5.0000 1.6120 0.0128 
39.0694 4.0000 3433.9439 0.5169 0.2352 -0.6470 2.8859 5.0000 1.6157 0.0128 
39.3039 4.0000 3539.7831 0.5216 0.2273 -0.6456 2.8527 5.0000 1.6444 0.0171 
39.2282 4.0000 3477.2301 0.5169 0.2355 -0.6353 2.8725 5.0000 1.6172 0.0177 
39.1381 4.0000 3455.7238 0.5217 0.2352 -0.6532 2.8712 5.0000 1.6318 0.0153 
39.1122 4.0000 3438.3096 0.5278 0.2325 -0.6563 2.8812 5.0000 1.5425 0.0169 
39.2062 4.0000 3498.7453 0.5203 0.2319 -0.6515 2.8576 5.0000 1.5534 0.0208 
39.1431 4.0000 3462.3405 0.5174 0.2336 -0.6501 2.8624 5.0000 1.5542 0.0191 
38.9956 4.0000 3369.7610 0.5175 0.2341 -0.6602 2.8875 5.0000 1.5477 0.0182 
39.0612 4.0000 3437.5542 0.5299 0.2387 -0.6517 2.8703 5.0000 1.5594 0.0210 
39.0933 4.0000 3444.9098 0.5308 0.2394 -0.6591 2.8671 5.0000 1.5971 0.0151 
38.9887 4.0000 3391.1665 0.5162 0.2393 -0.6456 2.8836 5.0000 1.7018 0.0157 
39.2119 4.0000 3497.3172 0.5113 0.2245 -0.6472 2.8538 5.0000 1.7027 0.0147 
39.1910 4.0000 3482.6154 0.5174 0.2327 -0.6509 2.8643 5.0000 1.7183 0.0196 
39.2289 4.0000 3492.2711 0.5195 0.2293 -0.6477 2.8582 5.0000 1.5260 0.0182 
39.0422 4.0000 3400.3329 0.5244 0.2368 -0.6641 2.8671 5.0000 1.5365 0.0156 
39.0952 4.0000 3451.5719 0.5230 0.2309 -0.6497 2.8573 5.0000 1.5398 0.0160 
39.1936 4.0000 3485.1021 0.5155 0.2336 -0.6411 2.8565 5.0000 1.5474 0.0194 
39.1784 4.0000 3479.1097 0.5212 0.2357 -0.6507 2.8655 5.0000 1.5682 0.0185 
39.0498 4.0000 3404.0586 0.5122 0.2326 -0.6509 2.8751 5.0000 1.6037 0.0177 
39.0813 4.0000 3437.5107 0.5208 0.2383 -0.6456 2.8688 5.0000 1.6639 0.0164 
39.1135 4.0000 3459.3909 0.5250 0.2333 -0.6512 2.8659 5.0000 1.6747 0.0182 
39.1620 4.0000 3459.6980 0.5192 0.2348 -0.6453 2.8888 5.0000 1.6422 0.0198 
39.0958 4.0000 3456.4256 0.5147 0.2263 -0.6574 2.8649 5.0000 1.5459 0.0185 
39.0340 4.0000 3411.6141 0.5225 0.2328 -0.6559 2.8650 5.0000 1.5540 0.0162 
39.0820 4.0000 3446.3172 0.5227 0.2381 -0.6467 2.8841 5.0000 1.5611 0.0187 
39.1715 4.0000 3475.7730 0.5240 0.2334 -0.6584 2.8594 5.0000 1.5448 0.0172 
39.0769 4.0000 3423.3398 0.5156 0.2384 -0.6402 2.8725 5.0000 1.5490 0.0227 
39.1318 4.0000 3450.8663 0.5194 0.2339 -0.6551 2.8763 5.0000 1.5527 0.0156 
38.9218 4.0000 3366.6677 0.5142 0.2335 -0.6582 2.8749 5.0000 1.5702 0.0201 
39.1942 4.0000 3497.0763 0.5167 0.2290 -0.6421 2.8539 5.0000 1.6245 0.0185 
39.0221 4.0000 3406.7453 0.5222 0.2353 -0.6477 2.8752 5.0000 1.6137 0.0169 
39.0826 4.0000 3440.3405 0.5150 0.2315 -0.6459 2.8683 5.0000 1.7478 0.0169 
39.1450 4.0000 3438.0517 0.5099 0.2310 -0.6386 2.8709 5.0000 1.7054 0.0177 
39.1431 4.0000 3471.3266 0.5177 0.2304 -0.6488 2.8705 5.0000 1.7125 0.0224 
39.1129 4.0000 3434.5952 0.5137 0.2286 -0.6472 2.8562 5.0000 1.5512 0.0179 
38.9344 4.0000 3351.5088 0.5253 0.2383 -0.6658 2.8878 5.0000 1.5510 0.0171 
39.1059 4.0000 3442.6217 0.5256 0.2377 -0.6572 2.8768 5.0000 1.5478 0.0227 
39.1356 4.0000 3474.8613 0.5168 0.2295 -0.6549 2.8588 5.0000 1.6068 0.0203 
38.9212 4.0000 3370.0971 0.5296 0.2394 -0.6607 2.8829 5.0000 1.5845 0.0170 
39.0126 4.0000 3417.7371 0.5172 0.2353 -0.6521 2.8841 5.0000 1.5802 0.0177 
39.1393 4.0000 3460.0599 0.5201 0.2321 -0.6508 2.8662 5.0000 1.6141 0.0169 
39.1116 4.0000 3467.0088 0.5269 0.2356 -0.6565 2.8658 5.0000 1.6215 0.0163 
39.1444 4.0000 3459.1211 0.5194 0.2351 -0.6448 2.8687 5.0000 1.6170 0.0179 
39.1677 4.0000 3489.7402 0.5176 0.2320 -0.6450 2.8652 5.0000 1.5475 0.0182 
39.1047 4.0000 3436.4155 0.5082 0.2273 -0.6453 2.8654 5.0000 1.5339 0.0161 
39.0952 4.0000 3437.1091 0.5256 0.2338 -0.6565 2.8729 5.0000 1.5431 0.0169 
39.1753 4.0000 3474.9092 0.5172 0.2322 -0.6474 2.8624 5.0000 1.5439 0.0190 
39.1431 4.0000 3456.5372 0.5215 0.2349 -0.6465 2.8726 5.0000 1.5530 0.0150 
39.0631 4.0000 3420.2667 0.5148 0.2363 -0.6434 2.8826 5.0000 1.5821 0.0156 
39.2163 4.0000 3482.9950 0.5135 0.2273 -0.6425 2.8603 5.0000 1.7497 0.0158 
39.1929 4.0000 3471.0050 0.5152 0.2319 -0.6526 2.8600 5.0000 1.7111 0.0179 
39.1885 4.0000 3483.9042 0.5282 0.2357 -0.6528 2.8735 5.0000 1.7480 0.0219 
39.1066 4.0000 3463.7610 0.5236 0.2341 -0.6532 2.8631 5.0000 1.5321 0.0176 
38.9533 4.0000 3369.0063 0.5273 0.2409 -0.6549 2.9012 5.0000 1.5229 0.0182 
39.1179 4.0000 3448.8714 0.5173 0.2345 -0.6407 2.8688 5.0000 1.5392 0.0196 
39.0939 4.0000 3427.0656 0.5210 0.2352 -0.6613 2.8742 5.0000 1.5322 0.0196 
39.0410 4.0000 3401.5277 0.5221 0.2374 -0.6559 2.8794 5.0000 1.5217 0.0156 
39.0410 4.0000 3402.5221 0.5162 0.2371 -0.6505 2.8789 5.0000 1.5427 0.0190 
39.1948 4.0000 3478.0763 0.5163 0.2309 -0.6448 2.8603 5.0000 1.5968 0.0190 
39.0643 4.0000 3433.7415 0.5229 0.2353 -0.6574 2.8645 5.0000 1.5706 0.0187 
39.0624 4.0000 3417.6557 0.5223 0.2360 -0.6515 2.8746 5.0000 1.6657 0.0188 
39.0757 4.0000 3422.2358 0.5148 0.2369 -0.6371 2.8928 5.0000 1.6372 0.0178 
39.0712 4.0000 3434.6570 0.5277 0.2359 -0.6641 2.8639 5.0000 1.6079 0.0165 
39.1097 4.0000 3441.1047 0.5116 0.2329 -0.6365 2.8612 5.0000 1.5477 0.0165 
39.1589 4.0000 3448.0410 0.5155 0.2344 -0.6452 2.8747 5.0000 1.5572 0.0173 
39.1583 4.0000 3465.9596 0.5130 0.2317 -0.6469 2.8569 5.0000 1.5462 0.0148 
39.1280 4.0000 3450.2453 0.5174 0.2323 -0.6536 2.8627 5.0000 1.5515 0.0130 
39.2238 4.0000 3499.3714 0.5231 0.2326 -0.6530 2.8680 5.0000 1.5845 0.0193 
39.2957 4.0000 3539.0467 0.5199 0.2282 -0.6513 2.8597 5.0000 1.5865 0.0173 
39.0504 4.0000 3405.7371 0.5259 0.2360 -0.6620 2.8863 5.0000 1.5799 0.0186 
39.1274 4.0000 3456.2320 0.5234 0.2337 -0.6488 2.8623 5.0000 1.7332 0.0137 
39.0794 4.0000 3426.3537 0.5248 0.2411 -0.6337 2.8831 5.0000 1.7259 0.0177 
39.2680 4.0000 3504.5864 0.5157 0.2305 -0.6532 2.8596 5.0000 1.6995 0.0177 
39.1129 4.0000 3429.3235 0.5192 0.2315 -0.6633 2.8758 5.0000 1.4962 0.0177 
