39.6636 16.5000 3640.0532 0.4530 0.1574 -0.6246 3.1648 6.0000 27.8560 0.0036 
39.6533 16.5000 3635.5344 0.4543 0.1573 -0.6261 3.1591 6.0000 27.7395 0.0036 
39.6632 16.5000 3637.1990 0.4563 0.1581 -0.6327 3.1548 6.0000 27.5753 0.0036 
39.6636 16.5000 3639.3468 0.4495 0.1556 -0.6192 3.1579 6.0000 30.8931 0.0038 
39.6413 16.5000 3630.9656 0.4575 0.1587 -0.6307 3.1696 6.0000 31.2284 0.0038 
39.6564 16.5000 3637.6364 0.4536 0.1583 -0.6248 3.1612 6.0000 31.3674 0.0041 
39.6547 16.5000 3635.5253 0.4573 0.1594 -0.6288 3.1654 6.0000 28.3877 0.0035 
39.6452 16.5000 3634.8439 0.4539 0.1584 -0.6252 3.1689 6.0000 28.3087 0.0041 
39.6661 16.5000 3637.7299 0.4520 0.1578 -0.6258 3.1552 6.0000 28.6828 0.0038 
39.6421 16.5000 3631.7150 0.4537 0.1561 -0.6332 3.1636 6.0000 28.8238 0.0038 
39.6549 16.5000 3637.2605 0.4554 0.1572 -0.6238 3.1572 6.0000 28.6380 0.0041 
39.6537 16.5000 3635.8683 0.4543 0.1572 -0.6313 3.1639 6.0000 28.8700 0.0036 
39.6440 16.5000 3632.3382 0.4545 0.1584 -0.6254 3.1636 6.0000 28.9790 0.0035 
39.6638 16.5000 3641.7501 0.4589 0.1600 -0.6285 3.1645 6.0000 28.7621 0.0035 
39.6684 16.5000 3641.5070 0.4572 0.1583 -0.6271 3.1581 6.0000 28.9595 0.0038 
39.6754 16.5000 3645.5259 0.4570 0.1581 -0.6279 3.1606 6.0000 29.3879 0.0030 
39.6549 16.5000 3636.9989 0.4583 0.1602 -0.6248 3.1573 6.0000 28.9706 0.0035 
39.6688 16.5000 3640.8769 0.4544 0.1569 -0.6326 3.1594 6.0000 29.8433 0.0033 
39.6863 16.5000 3647.3450 0.4525 0.1582 -0.6223 3.1611 6.0000 28.7784 0.0037 
39.6735 16.5000 3644.7326 0.4559 0.1572 -0.6292 3.1599 6.0000 29.7832 0.0025 
39.6591 16.5000 3637.3198 0.4542 0.1548 -0.6323 3.1618 6.0000 29.7029 0.0039 
39.7063 16.5000 3655.3835 0.4525 0.1577 -0.6234 3.1611 6.0000 28.9826 0.0035 
39.6518 16.5000 3633.7955 0.4545 0.1601 -0.6252 3.1666 6.0000 29.5555 0.0035 
39.6659 16.5000 3639.0183 0.4579 0.1598 -0.6308 3.1608 6.0000 29.6453 0.0033 
39.6683 16.5000 3641.8832 0.4549 0.1574 -0.6281 3.1601 6.0000 29.5807 0.0038 
39.6760 16.5000 3642.4904 0.4573 0.1576 -0.6333 3.1529 6.0000 29.5078 0.0034 
39.6556 16.5000 3635.8359 0.4572 0.1581 -0.6317 3.1582 6.0000 29.9127 0.0027 
39.6698 16.5000 3643.7792 0.4529 0.1592 -0.6208 3.1661 6.0000 29.0277 0.0030 
39.6968 16.5000 3652.1529 0.4554 0.1586 -0.6256 3.1680 6.0000 29.1350 0.0034 
39.6877 16.5000 3648.3286 0.4575 0.1610 -0.6216 3.1706 6.0000 29.5660 0.0034 
39.6714 16.5000 3644.2078 0.4558 0.1592 -0.6306 3.1631 6.0000 29.0427 0.0046 
39.6696 16.5000 3638.7463 0.4565 0.1573 -0.6299 3.1642 6.0000 28.9831 0.0036 
39.6223 16.5000 3621.5685 0.4543 0.1569 -0.6307 3.1707 6.0000 29.1830 0.0038 
39.6615 16.5000 3637.2469 0.4534 0.1574 -0.6310 3.1606 6.0000 29.1006 0.0038 
39.6562 16.5000 3636.2489 0.4523 0.1564 -0.6236 3.1590 6.0000 29.1773 0.0036 
39.6570 16.5000 3637.8609 0.4530 0.1558 -0.6219 3.1535 6.0000 29.1792 0.0028 
39.6632 16.5000 3640.2359 0.4543 0.1586 -0.6225 3.1596 6.0000 28.8272 0.0036 
39.6942 16.5000 3650.3261 0.4578 0.1599 -0.6294 3.1564 6.0000 28.9156 0.0032 
39.6630 16.5000 3638.3091 0.4521 0.1587 -0.6255 3.1560 6.0000 29.1325 0.0035 
39.6778 16.5000 3645.1603 0.4536 0.1588 -0.6237 3.1625 6.0000 29.0817 0.0032 
39.6675 16.5000 3642.4596 0.4498 0.1554 -0.6164 3.1624 6.0000 28.6997 0.0040 
39.6780 16.5000 3644.0419 0.4541 0.1560 -0.6213 3.1607 6.0000 29.4410 0.0031 
39.6475 16.5000 3630.9813 0.4575 0.1583 -0.6295 3.1630 6.0000 29.2924 0.0039 
39.6832 16.5000 3647.8233 0.4557 0.1590 -0.6248 3.1600 6.0000 28.6889 0.0031 
39.6518 16.5000 3636.9817 0.4569 0.1582 -0.6313 3.1603 6.0000 29.3470 0.0030 
39.6812 16.5000 3646.1762 0.4564 0.1573 -0.6293 3.1654 6.0000 29.3370 0.0034 
39.6867 16.5000 3645.7883 0.4523 0.1549 -0.6281 3.1586 6.0000 28.9851 0.0035 
39.6698 16.5000 3641.8937 0.4604 0.1609 -0.6318 3.1686 6.0000 29.7149 0.0039 
39.6667 16.5000 3641.0643 0.4533 0.1583 -0.6239 3.1622 6.0000 29.2864 0.0034 
39.6498 16.5000 3632.7297 0.4521 0.1576 -0.6246 3.1566 6.0000 29.0013 0.0041 
39.6719 16.5000 3645.6620 0.4546 0.1578 -0.6248 3.1570 6.0000 29.5142 0.0030 
39.6448 16.5000 3632.2790 0.4540 0.1558 -0.6307 3.1598 6.0000 29.0981 0.0033 
39.6884 16.5000 3648.7328 0.4562 0.1586 -0.6273 3.1604 6.0000 29.2636 0.0035 
39.6741 16.5000 3645.2127 0.4517 0.1572 -0.6264 3.1627 6.0000 29.2930 0.0036 
39.6665 16.5000 3638.6682 0.4541 0.1570 -0.6283 3.1645 6.0000 28.9621 0.0039 
39.6644 16.5000 3639.6956 0.4570 0.1603 -0.6225 3.1670 6.0000 28.9309 0.0050 
39.6492 16.5000 3632.5547 0.4584 0.1616 -0.6229 3.1619 6.0000 29.0505 0.0037 
39.6081 16.5000 3619.2554 0.4566 0.1590 -0.6310 3.1625 6.0000 29.3284 0.0035 
39.6580 16.5000 3636.5865 0.4551 0.1577 -0.6246 3.1662 6.0000 29.3855 0.0040 
39.6669 16.5000 3642.2415 0.4574 0.1574 -0.6304 3.1595 6.0000 29.3671 0.0032 
39.6454 16.5000 3633.6898 0.4566 0.1593 -0.6260 3.1663 6.0000 29.6690 0.0032 
39.6772 16.5000 3644.3628 0.4536 0.1580 -0.6247 3.1648 6.0000 29.1764 0.0032 
39.6774 16.5000 3643.8425 0.4561 0.1576 -0.6241 3.1573 6.0000 29.4353 0.0034 
39.6568 16.5000 3636.6515 0.4529 0.1541 -0.6289 3.1557 6.0000 29.3382 0.0037 
39.6723 16.5000 3643.0474 0.4563 0.1564 -0.6343 3.1630 6.0000 29.2289 0.0037 
39.6587 16.5000 3638.2198 0.4503 0.1558 -0.6241 3.1591 6.0000 29.2147 0.0034 
39.6234 16.5000 3625.6196 0.4547 0.1580 -0.6267 3.1699 6.0000 29.1425 0.0034 
39.6698 16.5000 3643.0143 0.4536 0.1570 -0.6259 3.1608 6.0000 29.0674 0.0034 
39.6696 16.5000 3642.3706 0.4593 0.1607 -0.6270 3.1642 6.0000 29.3681 0.0039 
39.6888 16.5000 3646.8951 0.4563 0.1558 -0.6329 3.1579 6.0000 29.7446 0.0037 
39.6518 16.5000 3634.6352 0.4580 0.1595 -0.6315 3.1696 6.0000 29.4771 0.0035 
39.6651 16.5000 3641.3315 0.4512 0.1566 -0.6244 3.1640 6.0000 29.4267 0.0038 
39.6605 16.5000 3638.0334 0.4510 0.1548 -0.6267 3.1481 6.0000 29.3763 0.0034 
39.6533 16.5000 3636.5203 0.4526 0.1578 -0.6303 3.1591 6.0000 29.7300 0.0035 
39.6719 16.5000 3641.0812 0.4541 0.1556 -0.6273 3.1556 6.0000 29.2183 0.0032 
39.6673 16.5000 3639.9354 0.4528 0.1560 -0.6279 3.1583 6.0000 29.4073 0.0030 
39.6787 16.5000 3644.8482 0.4503 0.1565 -0.6200 3.1671 6.0000 29.5842 0.0031 
39.6853 16.5000 3645.5317 0.4566 0.1561 -0.6286 3.1644 6.0000 29.2966 0.0030 
39.6818 16.5000 3645.4318 0.4542 0.1571 -0.6263 3.1572 6.0000 28.9363 0.0037 
39.6861 16.5000 3649.9174 0.4551 0.1584 -0.6254 3.1615 6.0000 29.5153 0.0037 
39.6605 16.5000 3637.5198 0.4584 0.1592 -0.6336 3.1651 6.0000 29.5956 0.0033 
39.6584 16.5000 3638.8769 0.4575 0.1587 -0.6322 3.1622 6.0000 29.2667 0.0036 
39.6733 16.5000 3643.0230 0.4568 0.1577 -0.6288 3.1681 6.0000 29.5616 0.0029 
39.6628 16.5000 3637.5903 0.4531 0.1577 -0.6248 3.1586 6.0000 29.1292 0.0037 
39.6925 16.5000 3650.1599 0.4534 0.1550 -0.6288 3.1578 6.0000 29.3164 0.0035 
39.6597 16.5000 3635.1737 0.4569 0.1599 -0.6262 3.1670 6.0000 29.4701 0.0033 
39.6686 16.5000 3641.0375 0.4560 0.1564 -0.6303 3.1594 6.0000 28.7179 0.0039 
39.6739 16.5000 3642.0667 0.4551 0.1605 -0.6210 3.1618 6.0000 29.5258 0.0036 
39.6512 16.5000 3633.1817 0.4560 0.1566 -0.6288 3.1582 6.0000 29.7560 0.0033 
39.6611 16.5000 3638.4439 0.4526 0.1572 -0.6234 3.1613 6.0000 28.8114 0.0037 
39.6766 16.5000 3642.4588 0.4534 0.1577 -0.6308 3.1609 6.0000 28.9152 0.0029 
39.6609 16.5000 3636.9561 0.4575 0.1602 -0.6241 3.1603 6.0000 29.8063 0.0035 
39.6908 16.5000 3647.5154 0.4541 0.1578 -0.6249 3.1628 6.0000 28.7748 0.0036 
39.6683 16.5000 3641.4304 0.4513 0.1561 -0.6209 3.1634 6.0000 29.0491 0.0031 
39.6634 16.5000 3641.8560 0.4545 0.1570 -0.6322 3.1610 6.0000 29.8011 0.0033 
39.6847 16.5000 3647.5612 0.4538 0.1582 -0.6187 3.1572 6.0000 29.1287 0.0033 
39.6766 16.5000 3644.6938 0.4589 0.1599 -0.6276 3.1655 6.0000 29.0823 0.0030 
39.6756 16.5000 3644.3975 0.4528 0.1568 -0.6195 3.1571 6.0000 29.7900 0.0038 
39.6863 16.5000 3647.2775 0.4542 0.1559 -0.6287 3.1618 6.0000 28.9382 0.0038 
39.6539 16.5000 3635.3650 0.4570 0.1573 -0.6288 3.1593 6.0000 19.7165 0.0038 
