39.5900 16.5000 3611.6856 0.3621 0.1213 -0.5970 3.0140 5.0000 10.5392 0.0055 
39.6068 16.5000 3620.0062 0.3612 0.1205 -0.5934 3.0182 6.0000 10.5738 0.0055 
39.5928 16.5000 3620.1889 0.3623 0.1203 -0.5964 3.0092 5.0000 10.4894 0.0055 
39.5760 16.5000 3608.9915 0.3679 0.1224 -0.5998 3.0078 6.0000 10.5908 0.0055 
39.5763 16.5000 3608.4111 0.3641 0.1229 -0.5984 3.0192 5.0000 10.7592 0.0055 
39.5867 16.5000 3613.4177 0.3643 0.1203 -0.5973 3.0120 5.0000 10.6070 0.0055 
39.5872 16.5000 3611.0537 0.3658 0.1214 -0.6044 3.0103 5.0000 10.9823 0.0048 
39.6354 16.5000 3633.3417 0.3631 0.1207 -0.5956 3.0129 6.0000 10.8989 0.0048 
39.6166 16.5000 3624.3797 0.3636 0.1211 -0.5924 3.0138 6.0000 10.9819 0.0051 
39.5886 16.5000 3610.4489 0.3645 0.1218 -0.5979 3.0187 6.0000 11.1523 0.0052 
39.6057 16.5000 3619.8321 0.3654 0.1223 -0.5954 3.0128 5.0000 10.9236 0.0047 
39.6206 16.5000 3624.5773 0.3653 0.1202 -0.6025 3.0161 5.0000 11.0999 0.0049 
39.6015 16.5000 3616.2732 0.3696 0.1241 -0.6061 3.0188 6.0000 10.8154 0.0052 
39.6108 16.5000 3622.0659 0.3650 0.1217 -0.5991 3.0158 6.0000 11.1443 0.0054 
39.5990 16.5000 3618.9102 0.3658 0.1232 -0.5963 3.0164 5.0000 10.8455 0.0054 
39.5906 16.5000 3613.2689 0.3624 0.1217 -0.5921 3.0134 6.0000 10.9656 0.0051 
39.6094 16.5000 3618.6849 0.3636 0.1218 -0.5958 3.0205 5.0000 11.1467 0.0043 
39.6049 16.5000 3619.9190 0.3667 0.1213 -0.6005 3.0140 6.0000 11.2189 0.0051 
39.6371 16.5000 3630.2144 0.3649 0.1228 -0.5957 3.0171 5.0000 10.9234 0.0046 
39.6035 16.5000 3622.5773 0.3639 0.1199 -0.5969 3.0141 6.0000 11.1295 0.0053 
39.6220 16.5000 3622.1779 0.3646 0.1220 -0.5961 3.0130 6.0000 11.1364 0.0056 
39.5962 16.5000 3618.1118 0.3674 0.1222 -0.6009 3.0158 5.0000 10.9145 0.0050 
39.5825 16.5000 3610.1763 0.3636 0.1201 -0.6001 3.0133 5.0000 11.2493 0.0052 
39.6066 16.5000 3613.4160 0.3649 0.1216 -0.6045 3.0167 6.0000 11.0116 0.0052 
39.6015 16.5000 3618.2079 0.3646 0.1236 -0.5942 3.0142 6.0000 11.0013 0.0049 
39.6276 16.5000 3626.6053 0.3642 0.1226 -0.5995 3.0139 6.0000 11.2944 0.0047 
39.6127 16.5000 3623.2305 0.3637 0.1209 -0.6017 3.0093 6.0000 11.3662 0.0047 
39.6208 16.5000 3624.3763 0.3648 0.1232 -0.5942 3.0214 5.0000 11.3260 0.0046 
39.5897 16.5000 3616.4862 0.3673 0.1207 -0.6016 3.0168 5.0000 11.1043 0.0052 
39.6231 16.5000 3625.8310 0.3597 0.1192 -0.5973 3.0168 6.0000 11.3127 0.0056 
39.5984 16.5000 3619.4844 0.3636 0.1211 -0.6004 3.0174 5.0000 10.9752 0.0047 
39.5836 16.5000 3612.5025 0.3645 0.1236 -0.5934 3.0147 5.0000 10.9529 0.0049 
39.6192 16.5000 3624.2732 0.3639 0.1226 -0.5949 3.0147 6.0000 11.1881 0.0066 
39.6130 16.5000 3625.1767 0.3649 0.1226 -0.5972 3.0168 6.0000 11.2557 0.0046 
39.5457 16.5000 3597.2633 0.3643 0.1201 -0.5989 3.0094 5.0000 11.1112 0.0057 
39.6225 16.5000 3625.4827 0.3633 0.1198 -0.6005 3.0155 6.0000 11.1478 0.0052 
39.5802 16.5000 3612.9954 0.3665 0.1224 -0.5995 3.0158 5.0000 11.2756 0.0045 
39.5982 16.5000 3615.3860 0.3649 0.1220 -0.5957 3.0139 5.0000 11.2169 0.0056 
39.6276 16.5000 3627.7456 0.3671 0.1219 -0.5960 3.0148 6.0000 11.1923 0.0059 
39.5841 16.5000 3612.2189 0.3645 0.1224 -0.5996 3.0165 6.0000 11.0805 0.0046 
39.5715 16.5000 3607.6811 0.3649 0.1228 -0.6000 3.0143 6.0000 11.1441 0.0050 
39.6253 16.5000 3626.4935 0.3679 0.1229 -0.5974 3.0103 5.0000 11.2923 0.0044 
39.6063 16.5000 3619.9908 0.3669 0.1218 -0.6020 3.0141 6.0000 11.1512 0.0050 
39.6315 16.5000 3626.4685 0.3608 0.1201 -0.5923 3.0102 6.0000 11.2558 0.0051 
39.6066 16.5000 3620.5280 0.3678 0.1219 -0.5961 3.0201 5.0000 11.3024 0.0050 
39.6057 16.5000 3617.8400 0.3638 0.1198 -0.5983 3.0149 6.0000 11.1790 0.0049 
39.6074 16.5000 3621.4931 0.3647 0.1213 -0.5992 3.0183 5.0000 11.3813 0.0055 
39.6110 16.5000 3623.3804 0.3657 0.1198 -0.6035 3.0109 6.0000 11.3105 0.0048 
39.5897 16.5000 3613.8358 0.3616 0.1209 -0.5963 3.0123 5.0000 11.5470 0.0055 
39.6155 16.5000 3623.3720 0.3650 0.1199 -0.5995 3.0168 6.0000 11.4853 0.0058 
39.5886 16.5000 3610.9528 0.3620 0.1194 -0.5963 3.0156 6.0000 11.6961 0.0053 
39.5746 16.5000 3608.1704 0.3645 0.1218 -0.5988 3.0161 5.0000 11.4290 0.0057 
39.5945 16.5000 3615.7733 0.3642 0.1204 -0.5970 3.0151 5.0000 11.3637 0.0046 
39.5811 16.5000 3612.5016 0.3631 0.1199 -0.5995 3.0123 6.0000 11.3223 0.0048 
39.6237 16.5000 3625.5606 0.3681 0.1241 -0.5975 3.0217 5.0000 11.1165 0.0053 
39.6138 16.5000 3623.5076 0.3630 0.1227 -0.5969 3.0195 5.0000 11.2848 0.0041 
39.5965 16.5000 3616.2757 0.3647 0.1212 -0.5969 3.0186 5.0000 11.1826 0.0052 
39.6427 16.5000 3634.5375 0.3636 0.1213 -0.5947 3.0182 6.0000 11.3735 0.0055 
39.6012 16.5000 3618.9688 0.3682 0.1220 -0.6004 3.0139 5.0000 11.5104 0.0055 
39.5875 16.5000 3613.2605 0.3657 0.1216 -0.6014 3.0194 6.0000 11.2907 0.0055 
39.5883 16.5000 3615.0887 0.3636 0.1217 -0.5979 3.0169 6.0000 11.3160 0.0056 
39.5897 16.5000 3616.9051 0.3671 0.1230 -0.5994 3.0195 6.0000 11.5600 0.0044 
39.5858 16.5000 3614.3262 0.3671 0.1217 -0.5999 3.0090 6.0000 11.4734 0.0057 
39.6309 16.5000 3630.2474 0.3628 0.1217 -0.5957 3.0125 6.0000 11.3269 0.0042 
39.5783 16.5000 3609.0411 0.3693 0.1243 -0.5991 3.0151 6.0000 11.4121 0.0055 
39.6377 16.5000 3632.3024 0.3645 0.1214 -0.5946 3.0114 6.0000 11.5256 0.0056 
39.5897 16.5000 3614.6487 0.3656 0.1221 -0.5950 3.0126 5.0000 11.3125 0.0050 
39.5853 16.5000 3614.8303 0.3653 0.1218 -0.6030 3.0158 6.0000 11.3071 0.0053 
39.6063 16.5000 3621.2476 0.3668 0.1228 -0.5983 3.0157 6.0000 11.3730 0.0063 
39.5945 16.5000 3615.8394 0.3678 0.1218 -0.6038 3.0168 6.0000 11.1908 0.0050 
39.5570 16.5000 3603.7184 0.3639 0.1226 -0.5958 3.0213 5.0000 11.3413 0.0059 
39.6060 16.5000 3621.5662 0.3681 0.1208 -0.5997 3.0112 5.0000 11.6722 0.0045 
39.5735 16.5000 3609.9644 0.3675 0.1213 -0.6016 3.0110 5.0000 11.2342 0.0048 
39.6256 16.5000 3624.7558 0.3637 0.1219 -0.5928 3.0159 5.0000 11.4477 0.0050 
39.6138 16.5000 3623.3451 0.3670 0.1217 -0.5939 3.0138 6.0000 11.4262 0.0053 
39.6080 16.5000 3619.1181 0.3627 0.1219 -0.5966 3.0185 6.0000 11.1644 0.0045 
39.5979 16.5000 3619.2069 0.3654 0.1240 -0.5939 3.0163 5.0000 11.2068 0.0052 
39.6262 16.5000 3627.9793 0.3661 0.1197 -0.5986 3.0099 5.0000 11.3309 0.0052 
39.5998 16.5000 3617.3286 0.3658 0.1199 -0.6021 3.0131 5.0000 10.9794 0.0049 
39.6001 16.5000 3614.9334 0.3673 0.1233 -0.5988 3.0127 5.0000 11.2984 0.0050 
39.6136 16.5000 3625.6789 0.3623 0.1194 -0.5976 3.0132 5.0000 11.2065 0.0053 
39.6091 16.5000 3620.1477 0.3647 0.1195 -0.6016 3.0103 6.0000 10.8816 0.0043 
39.5970 16.5000 3615.7402 0.3683 0.1242 -0.6012 3.0192 5.0000 11.2898 0.0054 
39.6335 16.5000 3629.4118 0.3633 0.1206 -0.5952 3.0130 5.0000 11.1720 0.0054 
39.5903 16.5000 3611.5443 0.3644 0.1194 -0.5995 3.0081 5.0000 11.0342 0.0056 
39.5931 16.5000 3616.4548 0.3681 0.1222 -0.5998 3.0076 5.0000 11.2532 0.0056 
39.5822 16.5000 3608.5364 0.3667 0.1234 -0.6043 3.0154 6.0000 11.3357 0.0048 
39.5841 16.5000 3610.5560 0.3642 0.1207 -0.5977 3.0170 6.0000 11.0598 0.0056 
39.6150 16.5000 3620.0412 0.3648 0.1235 -0.5932 3.0155 6.0000 11.4393 0.0050 
39.5853 16.5000 3614.8244 0.3674 0.1238 -0.5978 3.0110 5.0000 11.2607 0.0056 
39.6060 16.5000 3622.0872 0.3666 0.1224 -0.5961 3.0139 6.0000 11.1998 0.0049 
39.5839 16.5000 3611.1030 0.3652 0.1221 -0.6003 3.0157 6.0000 11.3329 0.0048 
39.6122 16.5000 3620.5565 0.3670 0.1221 -0.5996 3.0137 6.0000 11.1880 0.0046 
39.6155 16.5000 3622.0569 0.3640 0.1216 -0.6029 3.0157 5.0000 11.2556 0.0063 
39.6253 16.5000 3629.6357 0.3680 0.1224 -0.5984 3.0157 6.0000 11.3628 0.0054 
39.5556 16.5000 3601.0926 0.3639 0.1232 -0.5942 3.0206 6.0000 11.3127 0.0052 
39.5934 16.5000 3617.3535 0.3628 0.1210 -0.5942 3.0150 5.0000 11.1247 0.0050 
39.6007 16.5000 3618.5577 0.3653 0.1223 -0.5951 3.0131 6.0000 11.4158 0.0047 
39.6080 16.5000 3620.4677 0.3618 0.1203 -0.5986 3.0116 5.0000 11.1103 0.0047 
39.6206 16.5000 3627.0436 0.3662 0.1205 -0.6016 3.0128 5.0000 9.3461 0.0047 
