39.4433 16.5000 3569.5302 0.4470 0.1671 -0.6397 2.9884 5.0000 5.7515 0.0071 
39.5338 16.5000 3585.1472 0.4472 0.1667 -0.6447 2.9842 5.0000 5.7738 0.0071 
39.4905 16.5000 3572.1571 0.4476 0.1697 -0.6303 2.9946 5.0000 5.6241 0.0092 
39.5269 16.5000 3591.2906 0.4562 0.1732 -0.6420 2.9924 5.0000 5.5141 0.0071 
39.4646 16.5000 3578.9580 0.4515 0.1685 -0.6361 2.9958 5.0000 5.5922 0.0083 
39.5255 16.5000 3593.2819 0.4489 0.1697 -0.6299 2.9877 5.0000 5.6439 0.0083 
39.4776 16.5000 3577.9701 0.4526 0.1718 -0.6273 2.9971 5.0000 5.6452 0.0078 
39.5032 16.5000 3587.9676 0.4503 0.1685 -0.6348 2.9832 5.0000 5.6025 0.0083 
39.4959 16.5000 3585.0016 0.4524 0.1700 -0.6370 2.9918 5.0000 5.6074 0.0083 
39.4790 16.5000 3564.6882 0.4481 0.1681 -0.6434 2.9888 5.0000 5.5577 0.0080 
39.4621 16.5000 3566.2627 0.4482 0.1669 -0.6342 2.9882 5.0000 5.5863 0.0099 
39.4895 16.5000 3582.0764 0.4510 0.1679 -0.6412 2.9893 5.0000 5.6457 0.0087 
39.4145 16.5000 3545.5939 0.4506 0.1688 -0.6395 2.9870 5.0000 5.7197 0.0073 
39.4617 16.5000 3575.9474 0.4510 0.1688 -0.6423 2.9889 5.0000 5.6620 0.0082 
39.5158 16.5000 3590.2346 0.4487 0.1668 -0.6315 2.9837 5.0000 5.6750 0.0082 
39.4815 16.5000 3581.3958 0.4493 0.1657 -0.6389 2.9850 5.0000 5.7445 0.0102 
39.4819 16.5000 3574.4958 0.4530 0.1705 -0.6340 2.9906 5.0000 5.7167 0.0080 
39.4044 16.5000 3546.8737 0.4527 0.1727 -0.6426 2.9992 5.0000 5.8301 0.0075 
39.4913 16.5000 3574.5729 0.4489 0.1677 -0.6409 2.9880 6.0000 5.6732 0.0078 
39.5111 16.5000 3585.1479 0.4447 0.1672 -0.6262 2.9883 5.0000 5.7921 0.0092 
39.4967 16.5000 3586.2864 0.4530 0.1694 -0.6334 2.9880 5.0000 5.7667 0.0073 
39.4437 16.5000 3572.2583 0.4498 0.1676 -0.6333 2.9962 5.0000 5.7682 0.0081 
39.5154 16.5000 3599.3118 0.4501 0.1661 -0.6323 2.9859 6.0000 5.7198 0.0072 
39.4859 16.5000 3584.8359 0.4472 0.1661 -0.6331 2.9858 5.0000 5.6877 0.0076 
39.5197 16.5000 3593.7352 0.4522 0.1704 -0.6345 2.9967 5.0000 5.9336 0.0090 
39.5046 16.5000 3590.5073 0.4529 0.1689 -0.6392 2.9879 5.0000 5.8212 0.0090 
39.4516 16.5000 3567.9344 0.4542 0.1710 -0.6367 2.9903 5.0000 5.7647 0.0078 
39.5172 16.5000 3598.2090 0.4523 0.1685 -0.6352 2.9922 6.0000 5.8110 0.0066 
39.4995 16.5000 3585.8436 0.4499 0.1688 -0.6328 2.9876 5.0000 5.7351 0.0066 
39.5442 16.5000 3601.7395 0.4488 0.1683 -0.6369 2.9814 5.0000 5.6970 0.0090 
39.4509 16.5000 3567.5349 0.4518 0.1701 -0.6399 2.9933 5.0000 5.9575 0.0078 
39.4639 16.5000 3563.4524 0.4512 0.1689 -0.6436 2.9947 5.0000 5.9884 0.0078 
39.4992 16.5000 3580.1254 0.4537 0.1714 -0.6378 2.9905 5.0000 5.9768 0.0086 
39.4668 16.5000 3575.9128 0.4433 0.1637 -0.6279 2.9869 6.0000 6.0852 0.0084 
39.4275 16.5000 3556.6788 0.4480 0.1713 -0.6338 2.9899 5.0000 6.0939 0.0084 
39.4761 16.5000 3576.7008 0.4524 0.1706 -0.6360 2.9997 5.0000 6.0341 0.0084 
39.5201 16.5000 3594.6305 0.4455 0.1652 -0.6376 2.9869 5.0000 5.7736 0.0074 
39.4995 16.5000 3583.0146 0.4537 0.1710 -0.6310 2.9945 5.0000 5.8413 0.0072 
39.5118 16.5000 3588.5588 0.4489 0.1676 -0.6393 2.9950 5.0000 5.8279 0.0072 
39.5194 16.5000 3588.1902 0.4501 0.1700 -0.6341 2.9852 5.0000 5.9503 0.0079 
39.4617 16.5000 3567.6959 0.4518 0.1657 -0.6409 2.9849 5.0000 5.9877 0.0081 
39.4923 16.5000 3580.6575 0.4478 0.1677 -0.6399 2.9944 5.0000 5.9880 0.0081 
39.4862 16.5000 3580.9800 0.4514 0.1714 -0.6338 2.9938 5.0000 5.8610 0.0075 
39.4769 16.5000 3581.0506 0.4529 0.1718 -0.6331 2.9983 5.0000 6.0841 0.0072 
39.5100 16.5000 3590.8153 0.4516 0.1682 -0.6427 2.9894 5.0000 6.0065 0.0072 
39.5201 16.5000 3600.4306 0.4514 0.1691 -0.6366 2.9846 5.0000 5.7479 0.0076 
39.4686 16.5000 3568.0299 0.4510 0.1693 -0.6363 2.9887 5.0000 5.7646 0.0073 
39.5075 16.5000 3590.0721 0.4546 0.1711 -0.6320 2.9890 5.0000 5.8494 0.0087 
39.5154 16.5000 3585.9124 0.4501 0.1659 -0.6441 2.9844 5.0000 5.7178 0.0085 
39.4632 16.5000 3577.2650 0.4506 0.1714 -0.6389 2.9992 5.0000 5.8404 0.0068 
39.4696 16.5000 3573.1771 0.4553 0.1701 -0.6373 2.9924 5.0000 5.9589 0.0067 
39.5352 16.5000 3599.3147 0.4486 0.1699 -0.6324 2.9916 5.0000 5.8127 0.0086 
39.5403 16.5000 3606.5358 0.4569 0.1706 -0.6380 2.9919 5.0000 5.8581 0.0074 
39.4671 16.5000 3572.1902 0.4524 0.1680 -0.6392 3.0005 5.0000 5.7812 0.0083 
39.5125 16.5000 3582.4482 0.4465 0.1684 -0.6320 3.0002 5.0000 5.7537 0.0076 
39.4779 16.5000 3574.2814 0.4525 0.1701 -0.6432 2.9847 5.0000 5.7350 0.0081 
39.5046 16.5000 3586.4695 0.4501 0.1694 -0.6360 2.9898 5.0000 5.7005 0.0081 
39.4866 16.5000 3581.5745 0.4526 0.1710 -0.6305 2.9846 5.0000 5.8922 0.0076 
39.4851 16.5000 3580.4230 0.4511 0.1709 -0.6350 2.9929 5.0000 5.9859 0.0072 
39.5050 16.5000 3589.6228 0.4520 0.1709 -0.6350 2.9943 5.0000 5.8997 0.0072 
39.5230 16.5000 3594.3938 0.4511 0.1714 -0.6279 3.0063 5.0000 5.8026 0.0083 
39.4779 16.5000 3573.3879 0.4496 0.1709 -0.6339 2.9958 5.0000 5.8287 0.0073 
39.4772 16.5000 3576.3578 0.4506 0.1667 -0.6414 2.9896 5.0000 5.7366 0.0073 
39.5183 16.5000 3596.6089 0.4527 0.1671 -0.6390 2.9814 5.0000 5.7606 0.0073 
39.4657 16.5000 3552.3960 0.4573 0.1752 -0.6440 2.9897 5.0000 5.8848 0.0080 
39.5186 16.5000 3592.5343 0.4478 0.1687 -0.6314 2.9838 5.0000 5.8269 0.0080 
39.4891 16.5000 3574.7238 0.4475 0.1671 -0.6376 2.9991 5.0000 5.6787 0.0085 
39.4329 16.5000 3554.5430 0.4540 0.1737 -0.6393 2.9912 5.0000 5.7732 0.0103 
39.4711 16.5000 3566.7444 0.4496 0.1684 -0.6329 2.9918 6.0000 5.7342 0.0103 
39.3983 16.5000 3540.7264 0.4516 0.1719 -0.6439 3.0080 5.0000 5.6559 0.0080 
39.5021 16.5000 3583.4707 0.4506 0.1713 -0.6372 2.9956 5.0000 5.7632 0.0085 
39.4880 16.5000 3581.4015 0.4500 0.1692 -0.6348 2.9926 5.0000 5.9099 0.0076 
39.4718 16.5000 3578.3117 0.4525 0.1689 -0.6394 2.9885 5.0000 5.7472 0.0077 
39.5042 16.5000 3590.6774 0.4540 0.1697 -0.6389 2.9933 5.0000 5.7337 0.0075 
39.5028 16.5000 3583.9114 0.4531 0.1733 -0.6315 2.9999 5.0000 5.8554 0.0073 
39.5104 16.5000 3585.9611 0.4515 0.1698 -0.6356 2.9859 6.0000 5.8888 0.0091 
39.5190 16.5000 3594.5408 0.4554 0.1689 -0.6428 2.9937 5.0000 5.7805 0.0082 
39.4466 16.5000 3574.1798 0.4505 0.1704 -0.6323 3.0011 5.0000 5.9024 0.0079 
39.4833 16.5000 3572.3650 0.4565 0.1770 -0.6338 2.9992 5.0000 5.6991 0.0081 
39.4938 16.5000 3580.1686 0.4521 0.1678 -0.6394 2.9897 5.0000 5.7496 0.0079 
39.4873 16.5000 3581.9215 0.4526 0.1691 -0.6388 2.9887 5.0000 5.7825 0.0077 
39.4934 16.5000 3586.5268 0.4522 0.1710 -0.6337 2.9970 5.0000 5.6093 0.0078 
39.5021 16.5000 3576.3117 0.4494 0.1698 -0.6342 2.9920 5.0000 5.5757 0.0075 
39.4995 16.5000 3581.8044 0.4567 0.1718 -0.6387 3.0002 5.0000 5.5377 0.0089 
39.5104 16.5000 3585.2956 0.4565 0.1702 -0.6467 2.9910 5.0000 5.6714 0.0070 
39.4538 16.5000 3565.6206 0.4541 0.1733 -0.6391 2.9970 5.0000 5.6282 0.0094 
39.5291 16.5000 3598.2374 0.4500 0.1702 -0.6313 2.9964 5.0000 5.6955 0.0089 
39.4361 16.5000 3562.3362 0.4526 0.1696 -0.6422 2.9864 5.0000 5.9161 0.0097 
39.4552 16.5000 3559.9373 0.4486 0.1706 -0.6330 2.9907 5.0000 5.6703 0.0083 
39.4221 16.5000 3556.4716 0.4435 0.1671 -0.6316 2.9976 5.0000 5.8656 0.0071 
39.4787 16.5000 3564.7840 0.4544 0.1697 -0.6454 2.9936 5.0000 5.8188 0.0072 
39.5251 16.5000 3599.9279 0.4504 0.1705 -0.6311 2.9898 6.0000 5.7272 0.0085 
39.5219 16.5000 3599.4758 0.4522 0.1685 -0.6359 2.9957 5.0000 5.7163 0.0084 
39.4686 16.5000 3564.4010 0.4526 0.1717 -0.6372 2.9983 5.0000 6.0687 0.0075 
39.4740 16.5000 3582.0782 0.4513 0.1710 -0.6277 2.9875 5.0000 6.0911 0.0066 
39.5104 16.5000 3591.3691 0.4478 0.1691 -0.6351 2.9864 6.0000 6.0350 0.0080 
39.5464 16.5000 3603.7572 0.4447 0.1662 -0.6300 2.9863 5.0000 5.7352 0.0079 
39.4909 16.5000 3583.4149 0.4486 0.1676 -0.6402 2.9887 5.0000 5.7124 0.0077 
39.4941 16.5000 3576.8089 0.4539 0.1728 -0.6370 2.9959 5.0000 5.6233 0.0077 
39.5017 16.5000 3575.8703 0.4509 0.1697 -0.6340 2.9906 6.0000 4.8447 0.0077 
