39.4366 16.5000 3546.8116 0.2601 0.0989 -0.5010 2.8154 5.0000 2.9203 0.0093 
39.4547 16.5000 3555.5163 0.2572 0.0962 -0.4975 2.8093 5.0000 2.9121 0.0093 
39.4401 16.5000 3565.8956 0.2567 0.0969 -0.4967 2.8118 5.0000 2.9445 0.0093 
39.4699 16.5000 3567.2288 0.2575 0.0951 -0.4991 2.8083 5.0000 2.4747 0.0110 
39.4230 16.5000 3541.3781 0.2611 0.0977 -0.5042 2.8100 5.0000 2.4647 0.0110 
39.3735 16.5000 3534.8540 0.2590 0.0992 -0.4984 2.8155 5.0000 2.4894 0.0110 
39.4578 16.5000 3559.0739 0.2599 0.0976 -0.5018 2.8100 5.0000 2.6971 0.0090 
39.4431 16.5000 3563.0618 0.2613 0.0982 -0.5007 2.8129 5.0000 2.6354 0.0090 
39.4517 16.5000 3563.4275 0.2597 0.0983 -0.4977 2.8092 5.0000 2.7070 0.0109 
39.3776 16.5000 3535.2858 0.2581 0.0964 -0.4932 2.8119 5.0000 2.5039 0.0099 
39.4250 16.5000 3545.3962 0.2585 0.0969 -0.5007 2.8099 5.0000 2.5062 0.0099 
39.4174 16.5000 3546.6426 0.2563 0.0960 -0.4972 2.8103 5.0000 2.5367 0.0102 
39.4381 16.5000 3551.9037 0.2586 0.0977 -0.4982 2.8152 5.0000 2.7155 0.0113 
39.4058 16.5000 3545.2913 0.2605 0.0973 -0.5003 2.8099 5.0000 2.7483 0.0090 
39.3599 16.5000 3531.6348 0.2584 0.0987 -0.5013 2.8119 5.0000 2.7497 0.0097 
39.4517 16.5000 3555.6520 0.2571 0.0974 -0.4965 2.8101 5.0000 2.5137 0.0090 
39.4240 16.5000 3549.6878 0.2602 0.0982 -0.4999 2.8103 5.0000 2.5059 0.0111 
39.4497 16.5000 3559.8008 0.2592 0.0980 -0.5002 2.8119 5.0000 2.4994 0.0076 
39.3675 16.5000 3522.1100 0.2584 0.0975 -0.5024 2.8138 5.0000 2.6430 0.0083 
39.5047 16.5000 3582.3253 0.2627 0.0981 -0.5004 2.8103 5.0000 2.6336 0.0093 
39.4789 16.5000 3563.0799 0.2599 0.0965 -0.5023 2.8042 5.0000 2.6848 0.0094 
39.4396 16.5000 3546.5236 0.2596 0.0959 -0.5032 2.8087 5.0000 2.5151 0.0103 
39.4361 16.5000 3552.8267 0.2585 0.0979 -0.4984 2.8097 5.0000 2.5345 0.0084 
39.3992 16.5000 3523.5153 0.2593 0.0964 -0.5070 2.8195 5.0000 2.5386 0.0098 
39.4724 16.5000 3561.1127 0.2593 0.0978 -0.5013 2.8105 5.0000 2.7840 0.0103 
39.4179 16.5000 3547.7549 0.2589 0.0972 -0.4991 2.8121 5.0000 2.7314 0.0103 
39.3992 16.5000 3538.3102 0.2580 0.0976 -0.4961 2.8137 5.0000 2.7347 0.0092 
39.3871 16.5000 3530.2658 0.2601 0.0970 -0.5014 2.8118 5.0000 2.5350 0.0087 
39.4421 16.5000 3556.5483 0.2627 0.0978 -0.4999 2.8088 5.0000 2.5268 0.0087 
39.4633 16.5000 3570.0706 0.2599 0.0990 -0.4953 2.8158 5.0000 2.5141 0.0098 
39.4103 16.5000 3530.0590 0.2582 0.0981 -0.4982 2.8152 5.0000 2.6698 0.0101 
39.4179 16.5000 3549.4562 0.2586 0.0992 -0.4964 2.8192 5.0000 2.6503 0.0101 
39.4088 16.5000 3542.4610 0.2573 0.0972 -0.4977 2.8120 5.0000 2.6777 0.0096 
39.4719 16.5000 3571.1349 0.2584 0.0981 -0.4948 2.8119 5.0000 2.5414 0.0094 
39.4280 16.5000 3544.2411 0.2610 0.0990 -0.5047 2.8181 5.0000 2.5164 0.0094 
39.4351 16.5000 3548.8832 0.2599 0.1003 -0.4940 2.8166 5.0000 2.5159 0.0100 
39.4547 16.5000 3554.6013 0.2600 0.0970 -0.5014 2.8085 5.0000 2.7735 0.0072 
39.4124 16.5000 3534.7248 0.2579 0.0981 -0.5026 2.8146 5.0000 2.7874 0.0072 
39.5203 16.5000 3589.6772 0.2609 0.0964 -0.4986 2.8088 5.0000 2.8143 0.0096 
39.4673 16.5000 3565.7049 0.2561 0.0972 -0.4923 2.8102 5.0000 2.5593 0.0097 
39.4265 16.5000 3550.0731 0.2588 0.0982 -0.4952 2.8129 5.0000 2.5353 0.0097 
39.4250 16.5000 3545.3241 0.2591 0.0959 -0.5026 2.8085 5.0000 2.5324 0.0087 
39.3881 16.5000 3530.3516 0.2615 0.0988 -0.5023 2.8140 5.0000 2.7233 0.0102 
39.4618 16.5000 3559.8144 0.2605 0.0972 -0.5051 2.8115 5.0000 2.7367 0.0102 
39.4023 16.5000 3538.0040 0.2569 0.0976 -0.4960 2.8129 5.0000 2.6807 0.0103 
39.4537 16.5000 3557.0784 0.2612 0.0971 -0.5034 2.8104 5.0000 2.6190 0.0091 
39.4018 16.5000 3536.9206 0.2618 0.0979 -0.5038 2.8147 5.0000 2.5855 0.0091 
39.4482 16.5000 3547.6525 0.2589 0.0967 -0.5011 2.8091 5.0000 2.5629 0.0091 
39.4154 16.5000 3547.1021 0.2603 0.0993 -0.5009 2.8166 5.0000 2.8733 0.0100 
39.3952 16.5000 3530.7556 0.2578 0.0979 -0.5011 2.8162 5.0000 2.8272 0.0100 
39.4124 16.5000 3527.5405 0.2603 0.0969 -0.5046 2.8096 5.0000 2.8293 0.0100 
39.3801 16.5000 3529.6681 0.2584 0.0959 -0.5059 2.8101 5.0000 2.6167 0.0106 
39.4779 16.5000 3553.1324 0.2577 0.0961 -0.5002 2.8109 5.0000 2.5997 0.0106 
39.3871 16.5000 3526.4469 0.2604 0.0987 -0.5007 2.8112 5.0000 2.6053 0.0106 
39.4446 16.5000 3557.7322 0.2596 0.0989 -0.4952 2.8160 5.0000 2.6659 0.0084 
39.4396 16.5000 3550.3087 0.2599 0.0995 -0.5000 2.8122 5.0000 2.7067 0.0084 
39.4754 16.5000 3561.2101 0.2630 0.0979 -0.5033 2.8160 5.0000 2.6895 0.0089 
39.4547 16.5000 3557.6272 0.2619 0.0970 -0.4979 2.8128 5.0000 2.5474 0.0104 
39.4391 16.5000 3552.2058 0.2591 0.0974 -0.5001 2.8110 5.0000 2.5978 0.0091 
39.3977 16.5000 3537.8880 0.2619 0.0975 -0.5075 2.8108 5.0000 2.5993 0.0091 
39.4482 16.5000 3559.4401 0.2571 0.0960 -0.4982 2.8086 5.0000 2.7842 0.0092 
39.4386 16.5000 3551.1924 0.2616 0.0977 -0.5013 2.8122 5.0000 2.7944 0.0091 
39.4436 16.5000 3559.0023 0.2590 0.0980 -0.4990 2.8118 5.0000 2.7695 0.0091 
39.4467 16.5000 3546.3506 0.2613 0.0982 -0.5044 2.8135 5.0000 2.5846 0.0073 
39.4719 16.5000 3559.4426 0.2588 0.0982 -0.4963 2.8153 5.0000 2.6397 0.0095 
39.5158 16.5000 3575.6429 0.2610 0.0976 -0.5038 2.8061 5.0000 2.6281 0.0095 
39.4330 16.5000 3549.0522 0.2592 0.0993 -0.4957 2.8169 5.0000 2.6687 0.0098 
39.4129 16.5000 3543.0744 0.2593 0.0974 -0.5070 2.8120 5.0000 2.7002 0.0088 
39.4184 16.5000 3542.7092 0.2597 0.0973 -0.5014 2.8092 5.0000 2.6919 0.0088 
39.4567 16.5000 3545.6464 0.2576 0.0966 -0.5007 2.8105 5.0000 2.5319 0.0100 
39.4366 16.5000 3548.5372 0.2586 0.0976 -0.4996 2.8072 5.0000 2.5819 0.0106 
39.4129 16.5000 3541.3523 0.2657 0.0987 -0.5094 2.8145 5.0000 2.5973 0.0106 
39.3871 16.5000 3530.9967 0.2614 0.0954 -0.5072 2.8103 5.0000 2.7712 0.0090 
39.4103 16.5000 3535.5117 0.2586 0.0969 -0.5000 2.8125 5.0000 2.7700 0.0096 
39.4517 16.5000 3552.7768 0.2618 0.0990 -0.5019 2.8115 5.0000 2.7655 0.0096 
39.4290 16.5000 3544.4172 0.2594 0.0982 -0.5001 2.8104 5.0000 2.5455 0.0097 
39.4794 16.5000 3566.8958 0.2600 0.0979 -0.4996 2.8159 5.0000 2.6351 0.0083 
39.4230 16.5000 3548.9639 0.2590 0.0973 -0.4993 2.8142 5.0000 2.5877 0.0083 
39.4784 16.5000 3558.4459 0.2574 0.0967 -0.4965 2.8118 5.0000 2.6793 0.0100 
39.4119 16.5000 3540.4388 0.2598 0.0972 -0.5044 2.8139 5.0000 2.6635 0.0077 
39.4129 16.5000 3548.1337 0.2603 0.0987 -0.4993 2.8160 5.0000 2.6667 0.0077 
39.5016 16.5000 3576.1881 0.2598 0.0987 -0.4991 2.8121 5.0000 2.5747 0.0101 
39.4719 16.5000 3572.8005 0.2596 0.0984 -0.4980 2.8125 5.0000 2.6201 0.0090 
39.4073 16.5000 3536.2921 0.2615 0.0967 -0.5059 2.8108 5.0000 2.6108 0.0090 
39.4512 16.5000 3553.9758 0.2590 0.0965 -0.4967 2.8075 5.0000 2.8243 0.0103 
39.3876 16.5000 3531.2303 0.2578 0.0980 -0.4975 2.8125 5.0000 2.7868 0.0082 
39.3992 16.5000 3526.6633 0.2596 0.0981 -0.5026 2.8122 5.0000 2.8043 0.0082 
39.4840 16.5000 3565.4704 0.2600 0.0975 -0.5032 2.8075 5.0000 2.6025 0.0099 
39.3917 16.5000 3543.3629 0.2612 0.0991 -0.5022 2.8146 5.0000 2.5937 0.0095 
39.4139 16.5000 3533.5339 0.2619 0.0975 -0.5077 2.8144 5.0000 2.6176 0.0095 
39.4330 16.5000 3540.5342 0.2565 0.0970 -0.4975 2.8119 5.0000 2.6648 0.0097 
39.4512 16.5000 3548.3304 0.2599 0.0971 -0.5035 2.8134 5.0000 2.6849 0.0100 
39.4250 16.5000 3553.4850 0.2599 0.0978 -0.4981 2.8141 5.0000 2.7025 0.0087 
39.4124 16.5000 3541.1132 0.2574 0.0959 -0.5013 2.8110 5.0000 2.5381 0.0082 
39.4633 16.5000 3554.2209 0.2625 0.0975 -0.5046 2.8091 5.0000 2.6120 0.0083 
39.4810 16.5000 3571.6994 0.2596 0.0969 -0.4998 2.8079 5.0000 2.6015 0.0083 
39.4769 16.5000 3561.8346 0.2566 0.0974 -0.4965 2.8132 5.0000 2.7397 0.0093 
39.3700 16.5000 3529.8083 0.2587 0.0971 -0.5016 2.8103 5.0000 2.7359 0.0102 
39.4381 16.5000 3546.4676 0.2607 0.0979 -0.5048 2.8077 5.0000 2.7621 0.0102 
39.4058 16.5000 3540.1639 0.2608 0.0973 -0.5019 2.8095 5.0000 2.3913 0.0102 
