37.0240 16.5000 2898.6456 0.5047 0.2864 -0.6024 2.4303 4.0000 0.1228 0.0651 
37.4098 16.5000 2975.3417 0.5067 0.2911 -0.5957 2.4136 4.0000 0.1667 0.0723 
37.3745 16.5000 2985.5914 0.5080 0.2800 -0.6187 2.4038 4.0000 0.1263 0.0651 
37.2736 16.5000 2961.5284 0.5063 0.2820 -0.6229 2.4147 4.0000 0.1013 0.0712 
37.1223 16.5000 2936.4086 0.4983 0.2813 -0.5796 2.4127 4.0000 0.1078 0.0613 
37.1602 16.5000 2962.0933 0.5056 0.2888 -0.5733 2.4262 4.0000 0.1034 0.0720 
37.5057 16.5000 3001.6999 0.5089 0.2874 -0.5848 2.4246 5.0000 0.0998 0.0695 
37.1324 16.5000 2915.8890 0.4952 0.2838 -0.6032 2.4239 5.0000 0.0960 0.0695 
37.2182 16.5000 2945.9521 0.5063 0.2874 -0.6229 2.4462 4.0000 0.0961 0.0661 
37.7881 16.5000 3105.6847 0.5026 0.2780 -0.6143 2.3947 4.0000 0.0942 0.0735 
37.3367 16.5000 2942.5851 0.5180 0.2882 -0.6372 2.4217 4.0000 0.0941 0.0735 
37.0820 16.5000 2905.3644 0.4953 0.2822 -0.5895 2.4279 4.0000 0.0947 0.0787 
37.3165 16.5000 2947.1677 0.4910 0.2753 -0.6012 2.4114 4.0000 0.0935 0.0674 
36.9004 16.5000 2888.8121 0.5049 0.2835 -0.6115 2.4152 4.0000 0.0936 0.0674 
37.2913 16.5000 2967.1702 0.5055 0.2886 -0.5855 2.4221 4.0000 0.1044 0.0794 
37.0971 16.5000 2889.2762 0.4909 0.2827 -0.5880 2.4379 4.0000 0.0993 0.0784 
36.8777 16.5000 2869.6646 0.4972 0.2891 -0.5912 2.4387 4.0000 0.1004 0.0784 
36.9105 16.5000 2874.7087 0.5002 0.2855 -0.5996 2.4305 4.0000 0.0988 0.0675 
37.6620 16.5000 3078.8045 0.5139 0.2794 -0.6263 2.3996 4.0000 0.1066 0.0862 
37.2888 16.5000 2972.7566 0.5040 0.2831 -0.5822 2.4151 4.0000 0.1015 0.0862 
36.6456 16.5000 2783.5057 0.5078 0.2893 -0.5910 2.4531 4.0000 0.1305 0.0701 
37.1980 16.5000 2971.4048 0.5087 0.2831 -0.5976 2.4119 4.0000 0.1168 0.0835 
37.1980 16.5000 2953.1677 0.4979 0.2799 -0.5849 2.4105 5.0000 0.1264 0.0777 
36.7390 16.5000 2846.0202 0.4935 0.2803 -0.6054 2.4415 4.0000 0.1055 0.0747 
36.9357 16.5000 2909.7251 0.5079 0.2883 -0.5866 2.4310 4.0000 0.1114 0.0758 
37.0391 16.5000 2886.1211 0.5057 0.2872 -0.5988 2.4428 5.0000 0.1450 0.0602 
37.0013 16.5000 2883.7377 0.5019 0.2864 -0.5975 2.4360 4.0000 0.1417 0.0703 
37.5460 16.5000 3033.2787 0.5127 0.2846 -0.5981 2.3883 4.0000 0.1401 0.0821 
37.1929 16.5000 2959.7579 0.5117 0.2860 -0.6046 2.4105 5.0000 0.1477 0.0664 
36.7869 16.5000 2858.0353 0.5018 0.2796 -0.6234 2.4305 4.0000 0.1094 0.0651 
37.3266 16.5000 3001.3594 0.5001 0.2897 -0.5632 2.4188 4.0000 0.1100 0.0642 
37.3720 16.5000 2968.2598 0.5107 0.2881 -0.6036 2.4328 4.0000 0.1003 0.0623 
37.4048 16.5000 3000.2547 0.5109 0.2843 -0.6076 2.4181 4.0000 0.1051 0.0719 
37.4729 16.5000 2977.6898 0.5181 0.2876 -0.6321 2.4193 4.0000 0.1114 0.0766 
37.1375 16.5000 2908.0353 0.5002 0.2864 -0.6023 2.4300 4.0000 0.1098 0.0776 
36.9735 16.5000 2889.0340 0.4977 0.2883 -0.5901 2.4201 5.0000 0.1020 0.0711 
36.9382 16.5000 2883.1501 0.4944 0.2842 -0.5952 2.4139 4.0000 0.0953 0.0620 
37.1652 16.5000 2943.3770 0.5188 0.2859 -0.6192 2.4077 5.0000 0.0936 0.0690 
37.4830 16.5000 3042.9281 0.5103 0.2821 -0.5921 2.3942 4.0000 0.0942 0.0704 
37.2358 16.5000 2992.0050 0.5035 0.2793 -0.6014 2.3979 4.0000 0.0924 0.0739 
37.1879 16.5000 2961.3846 0.5114 0.2812 -0.6090 2.4231 4.0000 0.0928 0.0695 
37.0668 16.5000 2916.7491 0.5044 0.2817 -0.5977 2.4189 4.0000 0.0927 0.0661 
37.2207 16.5000 2939.0366 0.5049 0.2880 -0.5949 2.4276 4.0000 0.0929 0.0689 
37.3392 16.5000 2995.8487 0.5099 0.2791 -0.6151 2.4090 4.0000 0.0927 0.0808 
37.2383 16.5000 2973.3417 0.4982 0.2795 -0.5885 2.4173 5.0000 0.0936 0.0744 
36.8298 16.5000 2855.1072 0.5006 0.2819 -0.5862 2.4329 4.0000 0.0930 0.0705 
37.0492 16.5000 2907.2509 0.4971 0.2875 -0.5797 2.4262 4.0000 0.0930 0.0751 
37.1854 16.5000 2923.8462 0.5032 0.2867 -0.6099 2.4238 4.0000 0.0941 0.0801 
37.0240 16.5000 2913.5107 0.5043 0.2861 -0.5794 2.4157 4.0000 0.1031 0.0724 
36.8525 16.5000 2862.6936 0.5052 0.2859 -0.6048 2.4415 5.0000 0.1044 0.0679 
37.1198 16.5000 2948.1538 0.5079 0.2806 -0.6244 2.4163 4.0000 0.0979 0.0679 
37.2736 16.5000 2960.1513 0.5065 0.2871 -0.6133 2.4272 4.0000 0.1005 0.0801 
36.7440 16.5000 2832.6255 0.4973 0.2828 -0.6014 2.4332 4.0000 0.1025 0.0687 
36.8550 16.5000 2851.5284 0.4989 0.2934 -0.5792 2.4518 4.0000 0.1034 0.0687 
37.2484 16.5000 2927.7881 0.5183 0.2883 -0.6408 2.4415 4.0000 0.0991 0.0713 
37.1198 16.5000 2947.0744 0.5266 0.2901 -0.6457 2.4151 4.0000 0.0927 0.0730 
37.1551 16.5000 2902.5145 0.4987 0.2863 -0.5950 2.4352 4.0000 0.0939 0.0730 
37.0971 16.5000 2907.0921 0.5032 0.2814 -0.6051 2.4285 4.0000 0.0929 0.0720 
37.1122 16.5000 2929.9470 0.5074 0.2920 -0.5672 2.4334 4.0000 0.0931 0.0659 
37.1324 16.5000 2960.1084 0.5002 0.2846 -0.5920 2.4105 4.0000 0.0945 0.0640 
37.3443 16.5000 3002.8802 0.5142 0.2841 -0.6095 2.3980 4.0000 0.0914 0.0658 
37.4098 16.5000 3016.8323 0.5182 0.2893 -0.6118 2.4140 4.0000 0.0936 0.0822 
37.3493 16.5000 2974.7062 0.4976 0.2840 -0.5926 2.4157 4.0000 0.1100 0.0736 
36.7818 16.5000 2842.0858 0.5024 0.2850 -0.6114 2.4339 4.0000 0.0952 0.0681 
37.0769 16.5000 2943.6873 0.5125 0.2870 -0.5992 2.4261 4.0000 0.0985 0.0702 
37.2686 16.5000 2966.0580 0.4964 0.2852 -0.5832 2.4164 4.0000 0.1450 0.0684 
37.1955 16.5000 2941.4527 0.4970 0.2806 -0.6060 2.4216 4.0000 0.1020 0.0670 
37.3064 16.5000 2969.3897 0.5200 0.2838 -0.6336 2.4195 4.0000 0.0980 0.0759 
37.2560 16.5000 2975.5006 0.5100 0.2824 -0.6159 2.4175 5.0000 0.1085 0.0744 
36.9987 16.5000 2889.0668 0.5104 0.2873 -0.6149 2.4247 4.0000 0.1174 0.0882 
37.0492 16.5000 2940.8449 0.5078 0.2770 -0.6155 2.4057 4.0000 0.1025 0.0648 
36.5801 16.5000 2774.6230 0.5079 0.2888 -0.6171 2.4462 4.0000 0.0998 0.0703 
37.3821 16.5000 3029.8462 0.5222 0.2856 -0.6328 2.3950 5.0000 0.1370 0.0795 
37.1929 16.5000 2953.8714 0.5152 0.2810 -0.6297 2.4102 4.0000 0.1014 0.0755 
37.0113 16.5000 2909.8512 0.4906 0.2831 -0.5822 2.4174 5.0000 0.1030 0.0765 
36.8726 16.5000 2849.1955 0.5044 0.2875 -0.6196 2.4377 4.0000 0.1266 0.0618 
36.9760 16.5000 2889.0618 0.4872 0.2862 -0.5752 2.4318 4.0000 0.1198 0.0728 
37.4880 16.5000 3056.7289 0.5134 0.2822 -0.6116 2.4120 4.0000 0.1061 0.0715 
37.1047 16.5000 2904.4288 0.4956 0.2848 -0.5795 2.4170 4.0000 0.1234 0.0722 
37.1501 16.5000 2931.6293 0.5071 0.2898 -0.5926 2.4356 4.0000 0.1075 0.0722 
37.1248 16.5000 2951.5586 0.4966 0.2830 -0.5799 2.4129 4.0000 0.1057 0.0705 
37.3468 16.5000 3030.1412 0.5066 0.2843 -0.5887 2.4024 4.0000 0.1028 0.0796 
37.1828 16.5000 2925.2989 0.5081 0.2864 -0.6197 2.4186 4.0000 0.1054 0.0796 
36.8701 16.5000 2866.3834 0.4914 0.2910 -0.5755 2.4334 5.0000 0.1055 0.0760 
36.9206 16.5000 2870.5448 0.4863 0.2815 -0.5910 2.4344 4.0000 0.1002 0.0677 
36.9937 16.5000 2918.7667 0.5040 0.2809 -0.6211 2.4248 4.0000 0.1044 0.0689 
37.2812 16.5000 2957.7125 0.5047 0.2861 -0.6058 2.4144 4.0000 0.1013 0.0847 
37.2409 16.5000 2967.4199 0.5112 0.2875 -0.5934 2.4189 5.0000 0.1061 0.0672 
36.6961 16.5000 2829.1551 0.4913 0.2857 -0.5971 2.4376 4.0000 0.1154 0.0701 
37.2989 16.5000 2964.5851 0.5167 0.2883 -0.6314 2.4221 4.0000 0.1064 0.0658 
37.1980 16.5000 2951.0618 0.5045 0.2781 -0.6341 2.4122 4.0000 0.1019 0.0767 
37.3468 16.5000 2962.8146 0.4949 0.2875 -0.5734 2.4224 4.0000 0.1056 0.0676 
36.9685 16.5000 2909.2661 0.5046 0.2835 -0.6007 2.4128 5.0000 0.1006 0.0658 
37.2863 16.5000 2975.8335 0.5081 0.2785 -0.6142 2.4109 4.0000 0.1044 0.0759 
37.3468 16.5000 2977.7705 0.5006 0.2860 -0.5920 2.4126 5.0000 0.1073 0.0727 
36.9962 16.5000 2886.8651 0.5001 0.2872 -0.5887 2.4230 5.0000 0.1019 0.0727 
37.1097 16.5000 2931.1854 0.5092 0.2831 -0.6105 2.4138 4.0000 0.1067 0.0671 
36.9155 16.5000 2874.2018 0.4989 0.2818 -0.5974 2.4282 4.0000 0.1028 0.0750 
37.3014 16.5000 2970.8323 0.4904 0.2895 -0.5504 2.4144 4.0000 0.1033 0.0750 
37.0290 16.5000 2906.2699 0.4939 0.2819 -0.5938 2.4280 4.0000 0.1001 0.0750 
