39.6721 4.0000 3641.1906 0.4791 0.1693 -0.6330 3.1987 6.0000 39.4909 0.0029 
39.6765 4.0000 3643.8442 0.4743 0.1681 -0.6247 3.2006 6.0000 39.4381 0.0029 
39.6898 4.0000 3647.2855 0.4811 0.1701 -0.6329 3.1940 6.0000 39.9431 0.0036 
39.6732 4.0000 3642.3547 0.4802 0.1708 -0.6338 3.1999 6.0000 40.5956 0.0027 
39.6626 4.0000 3640.0088 0.4840 0.1702 -0.6367 3.1963 6.0000 40.4773 0.0027 
39.6970 4.0000 3653.3834 0.4817 0.1702 -0.6286 3.1964 6.0000 40.4493 0.0029 
39.6837 4.0000 3646.0564 0.4802 0.1718 -0.6287 3.1991 6.0000 41.3605 0.0035 
39.6889 4.0000 3648.9200 0.4854 0.1712 -0.6338 3.2015 6.0000 40.9762 0.0035 
39.6678 4.0000 3638.6901 0.4771 0.1684 -0.6319 3.1970 6.0000 40.8376 0.0035 
39.6669 4.0000 3640.1351 0.4792 0.1687 -0.6283 3.1904 6.0000 41.2312 0.0039 
39.6781 4.0000 3646.0452 0.4789 0.1703 -0.6310 3.2001 6.0000 41.1252 0.0039 
39.6503 4.0000 3634.2976 0.4827 0.1716 -0.6321 3.1950 6.0000 41.4090 0.0035 
39.6739 4.0000 3643.2074 0.4798 0.1680 -0.6351 3.1971 6.0000 41.7818 0.0031 
39.6664 4.0000 3641.0386 0.4777 0.1687 -0.6261 3.1905 6.0000 41.0503 0.0035 
39.6671 4.0000 3639.8811 0.4820 0.1700 -0.6349 3.2037 6.0000 41.5287 0.0031 
39.6820 4.0000 3646.6682 0.4823 0.1726 -0.6312 3.2038 6.0000 40.8625 0.0037 
39.6799 4.0000 3644.2019 0.4813 0.1715 -0.6291 3.1963 6.0000 41.3643 0.0032 
39.6575 4.0000 3639.1184 0.4843 0.1705 -0.6367 3.2012 6.0000 41.6982 0.0031 
39.6802 4.0000 3647.2870 0.4803 0.1711 -0.6323 3.1936 6.0000 40.9803 0.0030 
39.6826 4.0000 3645.5104 0.4776 0.1682 -0.6248 3.1989 6.0000 41.3175 0.0033 
39.6855 4.0000 3648.7651 0.4780 0.1707 -0.6252 3.1953 6.0000 41.7287 0.0036 
39.6765 4.0000 3643.1160 0.4796 0.1683 -0.6304 3.1936 6.0000 41.4909 0.0034 
39.6638 4.0000 3639.7573 0.4838 0.1744 -0.6268 3.2002 6.0000 41.5588 0.0030 
39.6691 4.0000 3641.1848 0.4823 0.1689 -0.6320 3.2036 6.0000 41.3469 0.0032 
39.6864 4.0000 3647.7826 0.4788 0.1671 -0.6313 3.1960 6.0000 41.4287 0.0030 
39.6775 4.0000 3645.6647 0.4808 0.1691 -0.6319 3.1880 6.0000 41.1954 0.0033 
39.6883 4.0000 3645.0764 0.4809 0.1702 -0.6309 3.1999 6.0000 41.9181 0.0035 
39.6750 4.0000 3646.6069 0.4801 0.1704 -0.6260 3.2014 6.0000 41.4328 0.0040 
39.6683 4.0000 3642.8660 0.4795 0.1690 -0.6347 3.1933 6.0000 41.5663 0.0035 
39.6453 4.0000 3631.8047 0.4836 0.1673 -0.6367 3.1925 6.0000 41.5311 0.0030 
39.6676 4.0000 3638.7622 0.4779 0.1693 -0.6294 3.2039 6.0000 41.7494 0.0035 
39.6871 4.0000 3647.1117 0.4805 0.1689 -0.6326 3.1906 6.0000 41.4849 0.0031 
39.6689 4.0000 3641.7112 0.4796 0.1700 -0.6282 3.1983 6.0000 42.1189 0.0030 
39.6810 4.0000 3645.3450 0.4792 0.1678 -0.6290 3.1991 6.0000 43.8023 0.0032 
39.6865 4.0000 3649.5471 0.4787 0.1677 -0.6343 3.1878 6.0000 43.9330 0.0040 
39.6784 4.0000 3643.6894 0.4784 0.1701 -0.6257 3.1986 6.0000 44.3906 0.0036 
39.6491 4.0000 3632.6141 0.4732 0.1685 -0.6263 3.1993 6.0000 41.8352 0.0034 
39.6640 4.0000 3641.0285 0.4753 0.1698 -0.6206 3.1964 6.0000 42.3366 0.0031 
39.6701 4.0000 3641.8280 0.4780 0.1668 -0.6322 3.1976 6.0000 42.0328 0.0032 
39.6835 4.0000 3646.2513 0.4821 0.1691 -0.6346 3.1908 6.0000 41.9346 0.0034 
39.6783 4.0000 3646.6718 0.4828 0.1695 -0.6320 3.1941 6.0000 41.8101 0.0027 
39.6718 4.0000 3642.7595 0.4764 0.1701 -0.6225 3.1997 6.0000 41.6289 0.0040 
39.6981 4.0000 3653.4453 0.4805 0.1687 -0.6317 3.2039 6.0000 41.9548 0.0036 
39.6478 4.0000 3633.6429 0.4817 0.1700 -0.6302 3.1944 6.0000 41.6692 0.0029 
39.6649 4.0000 3640.5491 0.4804 0.1706 -0.6302 3.1988 6.0000 41.9024 0.0030 
39.6912 4.0000 3647.9881 0.4782 0.1684 -0.6325 3.1964 6.0000 41.6501 0.0030 
39.6873 4.0000 3646.7505 0.4798 0.1702 -0.6255 3.1947 6.0000 41.8226 0.0031 
39.6874 4.0000 3648.0776 0.4824 0.1691 -0.6347 3.1978 6.0000 41.5335 0.0037 
39.6835 4.0000 3646.7644 0.4793 0.1692 -0.6274 3.1934 6.0000 41.7843 0.0040 
39.6601 4.0000 3638.2861 0.4787 0.1689 -0.6322 3.1979 6.0000 41.7004 0.0033 
39.6487 4.0000 3633.1944 0.4840 0.1707 -0.6319 3.1964 6.0000 41.5015 0.0032 
39.6730 4.0000 3643.1865 0.4828 0.1706 -0.6375 3.1967 6.0000 41.2399 0.0029 
39.6806 4.0000 3644.4772 0.4789 0.1704 -0.6284 3.1984 6.0000 41.6029 0.0031 
39.6907 4.0000 3648.0261 0.4810 0.1707 -0.6350 3.2013 6.0000 41.2119 0.0034 
39.6831 4.0000 3646.1852 0.4804 0.1720 -0.6313 3.2008 6.0000 41.6741 0.0034 
39.6696 4.0000 3640.0829 0.4805 0.1696 -0.6300 3.1925 6.0000 41.8297 0.0028 
39.6723 4.0000 3643.8460 0.4829 0.1696 -0.6365 3.2007 6.0000 41.4707 0.0031 
39.6952 4.0000 3650.8253 0.4769 0.1688 -0.6267 3.1929 6.0000 41.5964 0.0037 
39.6811 4.0000 3645.3048 0.4782 0.1668 -0.6302 3.1904 6.0000 41.6122 0.0031 
39.6579 4.0000 3636.1978 0.4781 0.1682 -0.6275 3.1950 6.0000 41.8203 0.0041 
39.6829 4.0000 3648.8217 0.4833 0.1719 -0.6308 3.1953 6.0000 42.0479 0.0034 
39.6446 4.0000 3631.6431 0.4841 0.1711 -0.6352 3.2056 6.0000 41.7831 0.0027 
39.6711 4.0000 3643.8139 0.4778 0.1696 -0.6305 3.1984 6.0000 41.8779 0.0027 
39.6988 4.0000 3652.4232 0.4765 0.1685 -0.6259 3.1964 6.0000 41.3768 0.0035 
39.6977 4.0000 3651.7636 0.4822 0.1718 -0.6355 3.1986 6.0000 41.6540 0.0036 
39.6674 4.0000 3640.3947 0.4832 0.1693 -0.6373 3.1990 6.0000 42.1139 0.0034 
39.6635 4.0000 3638.1733 0.4810 0.1709 -0.6299 3.1990 6.0000 41.3499 0.0039 
39.6696 4.0000 3639.8726 0.4796 0.1678 -0.6279 3.1970 6.0000 41.4825 0.0032 
39.6525 4.0000 3636.8699 0.4811 0.1706 -0.6346 3.2033 6.0000 41.3232 0.0035 
39.6808 4.0000 3646.3383 0.4808 0.1706 -0.6277 3.1978 6.0000 41.4551 0.0033 
39.6662 4.0000 3640.6718 0.4775 0.1679 -0.6298 3.1945 6.0000 42.1381 0.0032 
39.6761 4.0000 3643.7276 0.4798 0.1692 -0.6348 3.1916 6.0000 41.4124 0.0031 
39.6792 4.0000 3644.9660 0.4790 0.1712 -0.6288 3.1939 6.0000 41.5952 0.0031 
39.6831 4.0000 3644.5921 0.4764 0.1669 -0.6239 3.1899 6.0000 41.8873 0.0030 
39.6813 4.0000 3645.3097 0.4800 0.1704 -0.6245 3.1983 6.0000 41.6389 0.0033 
39.6876 4.0000 3647.1946 0.4782 0.1656 -0.6311 3.2012 6.0000 41.3837 0.0039 
39.6752 4.0000 3641.9914 0.4777 0.1671 -0.6349 3.2017 6.0000 41.8765 0.0029 
39.6518 4.0000 3634.6752 0.4847 0.1692 -0.6350 3.2004 6.0000 41.7861 0.0035 
39.6919 4.0000 3649.0128 0.4796 0.1681 -0.6359 3.1905 6.0000 42.7691 0.0030 
39.6664 4.0000 3639.8357 0.4831 0.1722 -0.6319 3.1965 6.0000 42.6880 0.0038 
39.6887 4.0000 3649.7065 0.4783 0.1702 -0.6258 3.2012 6.0000 42.6906 0.0031 
39.6561 4.0000 3638.6456 0.4767 0.1693 -0.6231 3.1977 6.0000 42.9232 0.0033 
39.6847 4.0000 3645.6932 0.4799 0.1689 -0.6306 3.1964 6.0000 42.2280 0.0032 
39.6757 4.0000 3642.9263 0.4787 0.1685 -0.6290 3.1996 6.0000 42.0923 0.0029 
39.6783 4.0000 3645.6804 0.4784 0.1696 -0.6286 3.1940 6.0000 41.7070 0.0036 
39.6892 4.0000 3648.5986 0.4776 0.1676 -0.6316 3.1929 6.0000 41.2772 0.0031 
39.6620 4.0000 3638.6748 0.4798 0.1687 -0.6337 3.2001 6.0000 41.4113 0.0033 
39.6822 4.0000 3646.2437 0.4813 0.1708 -0.6327 3.1967 6.0000 42.1033 0.0030 
39.6765 4.0000 3644.3625 0.4797 0.1700 -0.6336 3.1936 6.0000 42.1163 0.0030 
39.6874 4.0000 3648.6305 0.4808 0.1693 -0.6312 3.1948 6.0000 41.4062 0.0030 
39.6869 4.0000 3646.9270 0.4805 0.1720 -0.6331 3.1981 6.0000 41.7661 0.0030 
39.6775 4.0000 3644.7509 0.4836 0.1702 -0.6353 3.1997 6.0000 42.2801 0.0025 
39.6849 4.0000 3649.3230 0.4792 0.1696 -0.6230 3.1945 6.0000 42.6323 0.0034 
39.7060 4.0000 3654.7835 0.4812 0.1712 -0.6328 3.2022 6.0000 41.7455 0.0032 
39.6705 4.0000 3641.3345 0.4826 0.1702 -0.6348 3.2019 6.0000 41.7789 0.0027 
39.6777 4.0000 3644.8921 0.4814 0.1707 -0.6335 3.2019 6.0000 41.9123 0.0031 
39.6975 4.0000 3652.3902 0.4775 0.1684 -0.6264 3.1945 6.0000 41.6836 0.0036 
39.6824 4.0000 3644.7384 0.4807 0.1704 -0.6316 3.1928 6.0000 41.8516 0.0031 
39.6647 4.0000 3640.4576 0.4779 0.1683 -0.6286 3.2003 6.0000 41.6389 0.0031 
39.6822 4.0000 3646.5275 0.4791 0.1694 -0.6290 3.2026 6.0000 27.2764 0.0031 
