39.6906 16.5000 3646.8996 0.3232 0.0970 -0.5711 3.0896 6.0000 28.5604 0.0025 
39.7084 16.5000 3656.2526 0.3228 0.0961 -0.5698 3.0861 6.0000 28.5840 0.0025 
39.7005 16.5000 3650.0310 0.3203 0.0971 -0.5684 3.0892 6.0000 28.4555 0.0025 
39.7003 16.5000 3651.4479 0.3236 0.0990 -0.5669 3.0925 6.0000 31.1720 0.0030 
39.7127 16.5000 3655.5489 0.3235 0.0978 -0.5689 3.0900 6.0000 31.1101 0.0030 
39.6886 16.5000 3647.6774 0.3253 0.0975 -0.5704 3.0909 6.0000 30.9126 0.0030 
39.6826 16.5000 3645.1974 0.3234 0.0973 -0.5661 3.0886 6.0000 32.9498 0.0031 
39.6878 16.5000 3647.5792 0.3250 0.0970 -0.5722 3.0896 6.0000 33.3812 0.0023 
39.6818 16.5000 3644.8321 0.3241 0.0992 -0.5689 3.0968 6.0000 33.2947 0.0023 
39.7131 16.5000 3655.8172 0.3238 0.0973 -0.5688 3.0836 6.0000 37.0987 0.0029 
39.7034 16.5000 3652.4730 0.3216 0.0962 -0.5683 3.0849 6.0000 37.6205 0.0028 
39.6890 16.5000 3646.6352 0.3214 0.0956 -0.5713 3.0868 6.0000 37.3492 0.0028 
39.6946 16.5000 3648.8794 0.3230 0.0971 -0.5673 3.0895 6.0000 31.9830 0.0018 
39.6919 16.5000 3649.1613 0.3245 0.0987 -0.5679 3.0963 6.0000 31.9121 0.0027 
39.7336 16.5000 3665.1303 0.3260 0.0984 -0.5697 3.0913 6.0000 32.3581 0.0030 
39.6985 16.5000 3651.5171 0.3224 0.0970 -0.5686 3.0899 6.0000 32.6321 0.0032 
39.6857 16.5000 3644.6264 0.3234 0.0967 -0.5712 3.0885 6.0000 32.1314 0.0032 
39.6787 16.5000 3645.1949 0.3243 0.0982 -0.5691 3.0947 6.0000 32.8290 0.0026 
39.6968 16.5000 3649.2896 0.3264 0.0979 -0.5735 3.0947 6.0000 32.3545 0.0028 
39.7006 16.5000 3651.9835 0.3213 0.0970 -0.5674 3.0885 6.0000 32.3034 0.0028 
39.6964 16.5000 3649.7883 0.3233 0.0979 -0.5680 3.0922 6.0000 32.1148 0.0024 
39.6882 16.5000 3646.6297 0.3266 0.0982 -0.5730 3.0938 6.0000 33.4795 0.0024 
39.7121 16.5000 3654.2425 0.3234 0.0967 -0.5671 3.0899 6.0000 33.8115 0.0026 
39.7111 16.5000 3656.3424 0.3234 0.0965 -0.5708 3.0867 6.0000 34.5040 0.0025 
39.7032 16.5000 3652.0147 0.3233 0.0961 -0.5728 3.0866 6.0000 34.3007 0.0028 
39.7076 16.5000 3655.2670 0.3239 0.0984 -0.5688 3.0890 6.0000 33.6902 0.0028 
39.6948 16.5000 3649.8851 0.3243 0.0982 -0.5682 3.0908 6.0000 33.4107 0.0031 
39.7140 16.5000 3657.1373 0.3241 0.0978 -0.5680 3.0892 6.0000 29.7399 0.0024 
39.6811 16.5000 3646.5628 0.3233 0.0972 -0.5698 3.0917 6.0000 29.4555 0.0024 
39.7102 16.5000 3656.1459 0.3238 0.0975 -0.5714 3.0905 6.0000 29.0769 0.0028 
39.7140 16.5000 3658.7207 0.3247 0.0974 -0.5736 3.0872 6.0000 29.0919 0.0027 
39.6941 16.5000 3649.9556 0.3234 0.0963 -0.5714 3.0888 6.0000 29.2918 0.0025 
39.6981 16.5000 3649.4176 0.3239 0.0973 -0.5728 3.0902 6.0000 28.8465 0.0026 
39.7063 16.5000 3654.1195 0.3248 0.0972 -0.5729 3.0888 6.0000 29.9760 0.0030 
39.7020 16.5000 3651.2853 0.3241 0.0982 -0.5685 3.0897 6.0000 30.3548 0.0032 
39.6865 16.5000 3646.4111 0.3240 0.0979 -0.5699 3.0939 6.0000 29.9085 0.0032 
39.6805 16.5000 3644.4480 0.3212 0.0967 -0.5684 3.0879 6.0000 30.2946 0.0029 
39.6844 16.5000 3646.2105 0.3251 0.0977 -0.5704 3.0912 6.0000 30.8111 0.0025 
39.6906 16.5000 3647.9773 0.3237 0.0978 -0.5688 3.0849 6.0000 30.3459 0.0028 
39.6944 16.5000 3648.3281 0.3230 0.0994 -0.5662 3.0897 6.0000 29.2836 0.0027 
39.7071 16.5000 3654.2291 0.3256 0.0985 -0.5693 3.0931 6.0000 29.0105 0.0025 
39.7001 16.5000 3651.5051 0.3219 0.0970 -0.5688 3.0897 6.0000 29.2124 0.0028 
39.7069 16.5000 3655.6205 0.3230 0.0975 -0.5649 3.0866 6.0000 29.4385 0.0027 
39.6935 16.5000 3650.6228 0.3237 0.0972 -0.5739 3.0922 6.0000 29.1666 0.0031 
39.7005 16.5000 3651.9657 0.3217 0.0965 -0.5691 3.0960 6.0000 29.0641 0.0029 
39.6828 16.5000 3644.7558 0.3232 0.0983 -0.5702 3.0893 6.0000 29.5424 0.0028 
39.6925 16.5000 3649.1413 0.3217 0.0969 -0.5663 3.0892 6.0000 29.2543 0.0028 
39.6941 16.5000 3650.5907 0.3253 0.0990 -0.5696 3.0886 6.0000 29.2720 0.0028 
39.6906 16.5000 3648.7863 0.3234 0.0960 -0.5717 3.0886 6.0000 32.4963 0.0030 
39.6946 16.5000 3650.1449 0.3228 0.0985 -0.5695 3.0919 6.0000 32.1277 0.0029 
39.6888 16.5000 3649.8586 0.3259 0.0987 -0.5696 3.0878 6.0000 32.4313 0.0030 
39.6882 16.5000 3647.5002 0.3240 0.0975 -0.5702 3.0937 6.0000 29.3945 0.0031 
39.6877 16.5000 3647.2535 0.3240 0.0975 -0.5704 3.0890 6.0000 29.6509 0.0032 
39.6824 16.5000 3643.9492 0.3223 0.0958 -0.5709 3.0900 6.0000 29.8091 0.0027 
39.6801 16.5000 3643.7074 0.3263 0.0989 -0.5690 3.0881 6.0000 32.1341 0.0030 
39.7001 16.5000 3649.4469 0.3263 0.0988 -0.5739 3.0876 6.0000 32.4506 0.0028 
39.6871 16.5000 3645.6886 0.3244 0.0973 -0.5708 3.0910 6.0000 32.1439 0.0026 
39.6927 16.5000 3647.6558 0.3215 0.0980 -0.5642 3.0927 6.0000 29.0598 0.0029 
39.7018 16.5000 3652.4099 0.3234 0.0966 -0.5709 3.0938 6.0000 29.3921 0.0025 
39.6915 16.5000 3647.9154 0.3218 0.0974 -0.5685 3.0904 6.0000 29.2582 0.0025 
39.7067 16.5000 3655.0249 0.3236 0.0970 -0.5703 3.0868 6.0000 31.7775 0.0025 
39.6966 16.5000 3650.6862 0.3255 0.0978 -0.5705 3.0891 6.0000 31.6145 0.0024 
39.7069 16.5000 3654.1145 0.3265 0.0983 -0.5717 3.0901 6.0000 31.2861 0.0024 
39.7088 16.5000 3654.2582 0.3230 0.0961 -0.5704 3.0898 6.0000 31.2986 0.0031 
39.6853 16.5000 3647.1644 0.3265 0.0985 -0.5710 3.0897 6.0000 31.1965 0.0027 
39.6847 16.5000 3645.3123 0.3246 0.0977 -0.5702 3.0912 6.0000 31.3593 0.0027 
39.6997 16.5000 3651.5996 0.3248 0.0979 -0.5701 3.0862 6.0000 29.2697 0.0029 
39.6985 16.5000 3650.5426 0.3232 0.0985 -0.5686 3.0908 6.0000 29.3258 0.0023 
39.6919 16.5000 3648.0062 0.3245 0.0965 -0.5731 3.0870 6.0000 29.5763 0.0030 
39.7146 16.5000 3656.8003 0.3230 0.0965 -0.5723 3.0882 6.0000 29.6651 0.0027 
39.6865 16.5000 3647.7839 0.3244 0.0981 -0.5692 3.0880 6.0000 29.3098 0.0027 
39.6979 16.5000 3650.2763 0.3229 0.0976 -0.5679 3.0922 6.0000 29.7640 0.0026 
39.6972 16.5000 3650.4672 0.3238 0.0970 -0.5702 3.0876 6.0000 29.4928 0.0028 
39.7043 16.5000 3653.9647 0.3229 0.0994 -0.5640 3.0932 6.0000 29.4036 0.0030 
39.6941 16.5000 3650.2796 0.3256 0.0970 -0.5714 3.0852 6.0000 29.7115 0.0027 
39.6873 16.5000 3646.9444 0.3255 0.0977 -0.5698 3.0875 6.0000 29.7366 0.0021 
39.6974 16.5000 3650.7751 0.3226 0.0972 -0.5704 3.0894 6.0000 29.5138 0.0021 
39.7214 16.5000 3659.3902 0.3245 0.0972 -0.5752 3.0886 6.0000 29.8611 0.0027 
39.6958 16.5000 3649.8357 0.3252 0.0966 -0.5731 3.0893 6.0000 37.4724 0.0032 
39.7005 16.5000 3651.8041 0.3240 0.0979 -0.5683 3.0895 6.0000 37.0245 0.0032 
39.6801 16.5000 3643.9569 0.3260 0.0973 -0.5725 3.0918 6.0000 37.6762 0.0033 
39.6795 16.5000 3642.9842 0.3238 0.0979 -0.5698 3.0917 6.0000 36.0065 0.0029 
39.6760 16.5000 3641.5053 0.3243 0.0979 -0.5726 3.0896 6.0000 35.6844 0.0029 
39.6921 16.5000 3648.7479 0.3226 0.0970 -0.5699 3.0891 6.0000 35.8145 0.0027 
39.6995 16.5000 3650.5907 0.3248 0.0978 -0.5714 3.0908 6.0000 37.7647 0.0032 
39.6993 16.5000 3652.2008 0.3233 0.0990 -0.5663 3.0955 6.0000 37.0659 0.0025 
39.7063 16.5000 3653.0783 0.3249 0.0977 -0.5696 3.0884 6.0000 37.2048 0.0031 
39.6781 16.5000 3641.7763 0.3262 0.0979 -0.5725 3.0906 6.0000 34.7363 0.0031 
39.6838 16.5000 3644.6823 0.3249 0.0983 -0.5697 3.0928 6.0000 35.1569 0.0027 
39.6828 16.5000 3644.7192 0.3246 0.0981 -0.5698 3.0883 6.0000 34.8667 0.0028 
39.6977 16.5000 3651.3736 0.3230 0.0974 -0.5713 3.0904 6.0000 33.8412 0.0029 
39.6962 16.5000 3650.5956 0.3241 0.0961 -0.5727 3.0877 6.0000 34.0474 0.0031 
39.6890 16.5000 3646.6804 0.3232 0.0974 -0.5649 3.0882 6.0000 33.1637 0.0030 
39.6844 16.5000 3643.5096 0.3219 0.0975 -0.5691 3.0922 6.0000 32.0465 0.0032 
39.6867 16.5000 3645.9201 0.3240 0.0981 -0.5712 3.0925 6.0000 31.8762 0.0030 
39.6791 16.5000 3643.9434 0.3244 0.0982 -0.5703 3.0904 6.0000 32.6590 0.0029 
39.6855 16.5000 3648.0283 0.3249 0.0975 -0.5718 3.0930 6.0000 35.0091 0.0030 
39.6904 16.5000 3646.8203 0.3221 0.0970 -0.5695 3.0891 6.0000 35.0546 0.0027 
39.6863 16.5000 3645.0209 0.3248 0.0983 -0.5695 3.0898 6.0000 34.8843 0.0027 
39.6968 16.5000 3651.6329 0.3231 0.0971 -0.5710 3.0917 6.0000 22.1720 0.0027 
