39.3069 16.5000 3499.6126 0.4520 0.1891 -0.6384 2.9115 5.0000 2.5785 0.0127 
39.3412 16.5000 3534.4928 0.4582 0.1850 -0.6439 2.8884 5.0000 2.6291 0.0127 
39.2878 16.5000 3506.8984 0.4517 0.1827 -0.6452 2.8998 5.0000 2.5583 0.0127 
39.2706 16.5000 3508.1937 0.4450 0.1810 -0.6358 2.8915 5.0000 2.7228 0.0156 
39.3357 16.5000 3533.3871 0.4495 0.1830 -0.6368 2.8897 5.0000 2.6806 0.0156 
39.1939 16.5000 3471.4961 0.4483 0.1837 -0.6386 2.8962 5.0000 2.6698 0.0156 
39.2570 16.5000 3495.5188 0.4508 0.1819 -0.6457 2.9028 5.0000 2.5034 0.0126 
39.2409 16.5000 3481.7145 0.4540 0.1859 -0.6504 2.9024 5.0000 2.5113 0.0126 
39.3105 16.5000 3530.7309 0.4567 0.1870 -0.6466 2.9013 5.0000 2.4860 0.0126 
39.3352 16.5000 3523.4083 0.4515 0.1824 -0.6381 2.8895 5.0000 2.6317 0.0111 
39.3841 16.5000 3552.1690 0.4523 0.1803 -0.6352 2.8920 5.0000 2.6256 0.0111 
39.3680 16.5000 3529.6247 0.4580 0.1852 -0.6418 2.8923 5.0000 2.6632 0.0114 
39.3564 16.5000 3530.9907 0.4545 0.1857 -0.6356 2.9061 5.0000 2.5335 0.0108 
39.2590 16.5000 3491.9712 0.4541 0.1846 -0.6416 2.9016 5.0000 2.5473 0.0108 
39.3801 16.5000 3554.0348 0.4530 0.1827 -0.6317 2.8973 5.0000 2.5507 0.0112 
39.3639 16.5000 3539.8401 0.4546 0.1831 -0.6392 2.8930 5.0000 2.8397 0.0137 
39.3468 16.5000 3521.4068 0.4497 0.1852 -0.6388 2.8994 5.0000 2.8086 0.0137 
39.2686 16.5000 3509.1869 0.4532 0.1847 -0.6348 2.9017 5.0000 2.7635 0.0137 
39.2908 16.5000 3510.8691 0.4488 0.1808 -0.6416 2.8969 5.0000 2.5236 0.0136 
39.2509 16.5000 3501.6242 0.4535 0.1872 -0.6415 2.9005 5.0000 2.5192 0.0136 
39.2711 16.5000 3502.7491 0.4516 0.1855 -0.6460 2.8943 5.0000 2.5230 0.0136 
39.2409 16.5000 3504.7102 0.4505 0.1831 -0.6451 2.9039 5.0000 2.6456 0.0151 
39.2706 16.5000 3497.0870 0.4483 0.1823 -0.6406 2.9016 5.0000 2.6464 0.0151 
39.2141 16.5000 3474.0212 0.4499 0.1835 -0.6434 2.9038 5.0000 2.6748 0.0151 
39.2807 16.5000 3505.1314 0.4490 0.1831 -0.6373 2.9095 5.0000 2.5650 0.0134 
39.2797 16.5000 3493.5617 0.4583 0.1849 -0.6478 2.9010 5.0000 2.5552 0.0134 
39.2807 16.5000 3502.0192 0.4547 0.1830 -0.6532 2.9026 5.0000 2.5712 0.0134 
39.2847 16.5000 3521.1228 0.4528 0.1788 -0.6478 2.8877 5.0000 2.8747 0.0097 
39.2535 16.5000 3489.2222 0.4544 0.1843 -0.6526 2.8985 5.0000 2.8284 0.0097 
39.4245 16.5000 3571.3871 0.4536 0.1805 -0.6445 2.8883 5.0000 2.8602 0.0113 
39.3624 16.5000 3542.0429 0.4507 0.1837 -0.6371 2.8952 5.0000 2.5808 0.0125 
39.3195 16.5000 3522.5871 0.4525 0.1841 -0.6413 2.8903 5.0000 2.5255 0.0125 
39.3145 16.5000 3528.4363 0.4511 0.1827 -0.6374 2.8913 5.0000 2.5345 0.0125 
39.2726 16.5000 3492.6900 0.4504 0.1857 -0.6463 2.9017 5.0000 2.6870 0.0128 
39.3155 16.5000 3519.1803 0.4610 0.1864 -0.6483 2.9013 5.0000 2.7527 0.0110 
39.3024 16.5000 3511.4295 0.4517 0.1824 -0.6394 2.9018 5.0000 2.7022 0.0110 
39.3720 16.5000 3544.7284 0.4518 0.1814 -0.6378 2.8880 5.0000 2.5180 0.0129 
39.3735 16.5000 3540.1856 0.4570 0.1854 -0.6463 2.8993 5.0000 2.5528 0.0144 
39.2999 16.5000 3510.0646 0.4537 0.1853 -0.6424 2.9030 5.0000 2.5370 0.0144 
39.2414 16.5000 3499.2091 0.4612 0.1882 -0.6439 2.9028 5.0000 2.8060 0.0114 
39.4255 16.5000 3564.5443 0.4521 0.1806 -0.6424 2.8836 5.0000 2.7685 0.0093 
39.3584 16.5000 3551.3765 0.4496 0.1801 -0.6372 2.8959 5.0000 2.7795 0.0093 
39.4386 16.5000 3576.1059 0.4558 0.1811 -0.6405 2.8885 5.0000 2.5512 0.0108 
39.2984 16.5000 3511.0199 0.4536 0.1856 -0.6438 2.8994 5.0000 2.5938 0.0125 
39.3816 16.5000 3536.6810 0.4607 0.1867 -0.6501 2.9002 5.0000 2.5557 0.0125 
39.3145 16.5000 3501.2494 0.4540 0.1893 -0.6396 2.9057 5.0000 2.6578 0.0140 
39.2656 16.5000 3498.9947 0.4564 0.1876 -0.6475 2.8971 5.0000 2.6010 0.0140 
39.2580 16.5000 3503.4477 0.4499 0.1840 -0.6414 2.8951 5.0000 2.6345 0.0113 
39.3619 16.5000 3529.9692 0.4522 0.1853 -0.6367 2.9037 5.0000 2.5012 0.0140 
39.2625 16.5000 3516.7849 0.4482 0.1787 -0.6419 2.8897 5.0000 2.5059 0.0140 
39.2580 16.5000 3495.4608 0.4539 0.1835 -0.6475 2.9106 5.0000 2.5491 0.0125 
39.2439 16.5000 3497.7538 0.4559 0.1856 -0.6451 2.9009 5.0000 2.7676 0.0153 
39.3140 16.5000 3505.0073 0.4529 0.1857 -0.6354 2.9059 5.0000 2.7711 0.0153 
39.2045 16.5000 3497.4643 0.4508 0.1847 -0.6389 2.8961 5.0000 2.7561 0.0150 
39.3755 16.5000 3549.0023 0.4588 0.1850 -0.6460 2.8956 5.0000 2.5943 0.0114 
39.2192 16.5000 3470.6144 0.4535 0.1888 -0.6451 2.9124 5.0000 2.5890 0.0114 
39.3579 16.5000 3548.1614 0.4588 0.1868 -0.6332 2.8936 5.0000 2.5934 0.0091 
39.3660 16.5000 3522.2018 0.4536 0.1827 -0.6525 2.8952 5.0000 2.7143 0.0108 
39.4467 16.5000 3578.7939 0.4526 0.1806 -0.6432 2.8780 5.0000 2.6623 0.0108 
39.3821 16.5000 3553.5591 0.4560 0.1826 -0.6388 2.8926 5.0000 2.6898 0.0113 
39.3443 16.5000 3523.7206 0.4508 0.1840 -0.6391 2.8969 5.0000 2.5269 0.0129 
39.3629 16.5000 3537.8325 0.4586 0.1882 -0.6409 2.9085 5.0000 2.5345 0.0129 
39.3004 16.5000 3494.8146 0.4563 0.1865 -0.6486 2.9096 5.0000 2.6235 0.0115 
39.2984 16.5000 3506.5594 0.4535 0.1868 -0.6471 2.9044 5.0000 2.7207 0.0117 
39.3528 16.5000 3537.3105 0.4586 0.1834 -0.6482 2.8858 5.0000 2.7548 0.0096 
39.3463 16.5000 3533.2096 0.4562 0.1849 -0.6480 2.8934 5.0000 2.7196 0.0104 
39.4275 16.5000 3565.9723 0.4520 0.1837 -0.6377 2.8920 5.0000 2.5731 0.0096 
39.3962 16.5000 3542.0040 0.4552 0.1860 -0.6396 2.8961 5.0000 2.5644 0.0133 
39.4265 16.5000 3564.0076 0.4556 0.1808 -0.6386 2.8923 5.0000 2.5558 0.0111 
39.2827 16.5000 3515.3478 0.4551 0.1850 -0.6433 2.9037 5.0000 2.6868 0.0124 
39.3700 16.5000 3548.8555 0.4494 0.1803 -0.6367 2.8860 5.0000 2.6814 0.0136 
39.3190 16.5000 3534.0590 0.4525 0.1803 -0.6394 2.8945 5.0000 2.6936 0.0143 
39.2726 16.5000 3524.4166 0.4526 0.1826 -0.6363 2.8904 5.0000 2.6001 0.0116 
39.2439 16.5000 3489.9016 0.4557 0.1881 -0.6432 2.9007 5.0000 2.5695 0.0116 
39.3503 16.5000 3539.6933 0.4589 0.1877 -0.6449 2.9014 5.0000 2.5624 0.0160 
39.4053 16.5000 3553.2136 0.4527 0.1792 -0.6505 2.9043 5.0000 2.7743 0.0122 
39.1793 16.5000 3469.0008 0.4508 0.1820 -0.6404 2.9089 5.0000 2.7693 0.0122 
39.3266 16.5000 3520.9019 0.4552 0.1880 -0.6338 2.9020 5.0000 2.7376 0.0123 
39.2893 16.5000 3504.7279 0.4499 0.1850 -0.6414 2.9078 5.0000 2.5656 0.0127 
39.3221 16.5000 3510.6810 0.4560 0.1857 -0.6496 2.9018 5.0000 2.5894 0.0127 
39.3079 16.5000 3522.4958 0.4541 0.1863 -0.6421 2.9043 5.0000 2.5602 0.0131 
39.2984 16.5000 3515.4714 0.4537 0.1815 -0.6431 2.8926 5.0000 2.6914 0.0145 
39.2908 16.5000 3518.6678 0.4537 0.1792 -0.6440 2.8968 5.0000 2.6600 0.0145 
39.2363 16.5000 3486.4615 0.4544 0.1881 -0.6443 2.9001 5.0000 2.6806 0.0146 
39.3185 16.5000 3532.9599 0.4515 0.1826 -0.6389 2.9033 5.0000 2.5747 0.0121 
39.2333 16.5000 3494.3718 0.4489 0.1829 -0.6382 2.9017 5.0000 2.6229 0.0125 
39.3311 16.5000 3524.3375 0.4519 0.1844 -0.6355 2.8979 5.0000 2.5717 0.0125 
39.3160 16.5000 3519.5450 0.4524 0.1823 -0.6436 2.8831 5.0000 2.7035 0.0106 
39.3130 16.5000 3532.9422 0.4546 0.1827 -0.6408 2.9001 5.0000 2.7207 0.0136 
39.3887 16.5000 3549.7599 0.4564 0.1823 -0.6439 2.8870 5.0000 2.7109 0.0136 
39.2701 16.5000 3497.9117 0.4534 0.1864 -0.6406 2.9043 5.0000 2.5469 0.0148 
39.3291 16.5000 3524.6154 0.4538 0.1881 -0.6322 2.9054 5.0000 2.6048 0.0153 
39.2257 16.5000 3482.7526 0.4523 0.1868 -0.6348 2.8992 5.0000 2.6144 0.0153 
39.2055 16.5000 3490.7465 0.4564 0.1871 -0.6407 2.9021 5.0000 2.6194 0.0146 
39.3750 16.5000 3555.2545 0.4563 0.1837 -0.6383 2.8897 5.0000 2.6376 0.0133 
39.2318 16.5000 3489.6873 0.4559 0.1854 -0.6380 2.8964 5.0000 2.6420 0.0104 
39.2822 16.5000 3508.2119 0.4540 0.1880 -0.6363 2.9080 5.0000 2.4745 0.0120 
39.3957 16.5000 3559.8971 0.4568 0.1829 -0.6400 2.8913 5.0000 2.5371 0.0147 
39.3327 16.5000 3510.0247 0.4548 0.1841 -0.6401 2.9036 5.0000 2.4980 0.0147 
39.2282 16.5000 3487.1894 0.4529 0.1812 -0.6469 2.8971 5.0000 2.5156 0.0147 
