39.6811 4.0000 3645.6514 0.4355 0.1480 -0.6199 3.1763 6.0000 35.5717 0.0035 
39.6622 4.0000 3638.7640 0.4373 0.1496 -0.6164 3.1727 6.0000 35.2606 0.0036 
39.6981 4.0000 3652.4442 0.4364 0.1479 -0.6175 3.1700 6.0000 35.7365 0.0035 
39.6660 4.0000 3641.6824 0.4407 0.1492 -0.6235 3.1704 6.0000 35.6954 0.0029 
39.6665 4.0000 3639.5925 0.4389 0.1498 -0.6217 3.1681 6.0000 35.7223 0.0027 
39.6892 4.0000 3649.7919 0.4394 0.1483 -0.6223 3.1689 6.0000 36.9347 0.0033 
39.6992 4.0000 3654.1384 0.4388 0.1490 -0.6187 3.1690 6.0000 36.5938 0.0025 
39.6739 4.0000 3642.2317 0.4362 0.1474 -0.6203 3.1708 6.0000 36.3991 0.0025 
39.7049 4.0000 3654.7534 0.4370 0.1460 -0.6251 3.1674 6.0000 37.4443 0.0036 
39.7019 4.0000 3652.9905 0.4393 0.1505 -0.6172 3.1761 6.0000 37.0441 0.0036 
39.6619 4.0000 3638.7460 0.4375 0.1480 -0.6215 3.1711 6.0000 36.9502 0.0036 
39.6637 4.0000 3637.1607 0.4395 0.1496 -0.6198 3.1785 6.0000 36.9088 0.0030 
39.6774 4.0000 3642.7651 0.4363 0.1465 -0.6221 3.1714 6.0000 37.9896 0.0031 
39.6873 4.0000 3646.4538 0.4383 0.1490 -0.6221 3.1732 6.0000 36.7367 0.0036 
39.6622 4.0000 3639.2688 0.4375 0.1501 -0.6160 3.1736 6.0000 37.0821 0.0031 
39.6819 4.0000 3645.0982 0.4385 0.1487 -0.6192 3.1753 6.0000 37.1806 0.0034 
39.6817 4.0000 3644.3906 0.4396 0.1514 -0.6194 3.1720 6.0000 38.1463 0.0031 
39.6729 4.0000 3642.4122 0.4396 0.1488 -0.6219 3.1710 6.0000 38.0227 0.0027 
39.6819 4.0000 3645.5278 0.4395 0.1480 -0.6181 3.1646 6.0000 37.2845 0.0029 
39.6988 4.0000 3651.6754 0.4419 0.1493 -0.6228 3.1693 6.0000 38.0973 0.0031 
39.6909 4.0000 3648.7256 0.4386 0.1491 -0.6177 3.1744 6.0000 37.3986 0.0035 
39.6846 4.0000 3646.7107 0.4392 0.1491 -0.6214 3.1743 6.0000 37.3129 0.0033 
39.6669 4.0000 3640.2933 0.4377 0.1494 -0.6215 3.1650 6.0000 37.4621 0.0028 
39.6766 4.0000 3645.0620 0.4359 0.1460 -0.6222 3.1655 6.0000 37.2820 0.0025 
39.6950 4.0000 3650.4226 0.4366 0.1476 -0.6160 3.1785 6.0000 37.7475 0.0038 
39.7076 4.0000 3653.2936 0.4377 0.1489 -0.6211 3.1760 6.0000 37.6676 0.0034 
39.6534 4.0000 3633.7916 0.4414 0.1515 -0.6213 3.1772 6.0000 36.7736 0.0029 
39.6892 4.0000 3650.3897 0.4370 0.1475 -0.6214 3.1690 6.0000 37.2307 0.0031 
39.6727 4.0000 3641.0712 0.4423 0.1515 -0.6226 3.1766 6.0000 37.8034 0.0030 
39.6822 4.0000 3646.2518 0.4364 0.1474 -0.6179 3.1696 6.0000 37.1381 0.0022 
39.7164 4.0000 3657.4232 0.4379 0.1461 -0.6263 3.1689 6.0000 36.8209 0.0032 
39.6858 4.0000 3647.7505 0.4393 0.1484 -0.6177 3.1677 6.0000 37.7081 0.0033 
39.6779 4.0000 3644.9672 0.4406 0.1506 -0.6234 3.1771 6.0000 37.8701 0.0038 
39.6761 4.0000 3643.6024 0.4390 0.1487 -0.6211 3.1726 6.0000 37.0307 0.0032 
39.6545 4.0000 3634.5046 0.4394 0.1483 -0.6202 3.1695 6.0000 37.9359 0.0030 
39.6790 4.0000 3643.9308 0.4400 0.1496 -0.6200 3.1743 6.0000 37.3918 0.0030 
39.6871 4.0000 3646.9845 0.4388 0.1497 -0.6182 3.1729 6.0000 39.4606 0.0036 
39.6882 4.0000 3646.7029 0.4442 0.1512 -0.6218 3.1723 6.0000 39.2240 0.0037 
39.6617 4.0000 3639.4361 0.4361 0.1481 -0.6189 3.1713 6.0000 39.8748 0.0032 
39.6601 4.0000 3636.8712 0.4401 0.1487 -0.6224 3.1707 6.0000 37.4791 0.0028 
39.6777 4.0000 3643.2055 0.4418 0.1503 -0.6234 3.1744 6.0000 37.7753 0.0033 
39.6945 4.0000 3648.5594 0.4412 0.1512 -0.6213 3.1696 6.0000 38.4510 0.0029 
39.6734 4.0000 3644.1771 0.4391 0.1499 -0.6197 3.1705 6.0000 37.8099 0.0032 
39.6901 4.0000 3648.0674 0.4397 0.1507 -0.6204 3.1766 6.0000 37.2656 0.0033 
39.6795 4.0000 3641.9640 0.4395 0.1503 -0.6200 3.1721 6.0000 37.9128 0.0034 
39.6730 4.0000 3643.8600 0.4385 0.1495 -0.6195 3.1653 6.0000 40.8715 0.0037 
39.6729 4.0000 3639.2749 0.4362 0.1482 -0.6198 3.1696 6.0000 40.7748 0.0027 
39.6606 4.0000 3639.7492 0.4419 0.1499 -0.6210 3.1675 6.0000 40.8504 0.0031 
39.6990 4.0000 3650.8036 0.4397 0.1483 -0.6228 3.1678 6.0000 38.1703 0.0031 
39.6840 4.0000 3647.6880 0.4399 0.1499 -0.6182 3.1725 6.0000 36.7129 0.0031 
39.6833 4.0000 3646.0303 0.4417 0.1513 -0.6216 3.1800 6.0000 37.5448 0.0035 
39.6835 4.0000 3646.6959 0.4399 0.1473 -0.6252 3.1677 6.0000 37.0939 0.0029 
39.6669 4.0000 3638.7966 0.4387 0.1491 -0.6163 3.1741 6.0000 38.2087 0.0031 
39.6896 4.0000 3647.6446 0.4362 0.1458 -0.6228 3.1737 6.0000 37.6177 0.0033 
39.6831 4.0000 3643.9796 0.4394 0.1493 -0.6214 3.1735 6.0000 40.1045 0.0034 
39.6756 4.0000 3645.3801 0.4395 0.1473 -0.6231 3.1692 6.0000 40.5665 0.0032 
39.6707 4.0000 3641.9063 0.4386 0.1484 -0.6191 3.1670 6.0000 40.4772 0.0030 
39.6774 4.0000 3643.4120 0.4369 0.1466 -0.6226 3.1741 6.0000 37.4810 0.0030 
39.6882 4.0000 3647.9923 0.4442 0.1509 -0.6230 3.1723 6.0000 37.2062 0.0028 
39.6860 4.0000 3647.9724 0.4385 0.1460 -0.6228 3.1686 6.0000 37.2595 0.0034 
39.6941 4.0000 3651.7177 0.4381 0.1495 -0.6166 3.1747 6.0000 37.3779 0.0038 
39.6723 4.0000 3641.8409 0.4409 0.1500 -0.6219 3.1720 6.0000 37.4918 0.0035 
39.6534 4.0000 3634.9393 0.4427 0.1527 -0.6221 3.1779 6.0000 38.1770 0.0026 
39.6683 4.0000 3641.4415 0.4405 0.1503 -0.6220 3.1714 6.0000 37.0747 0.0032 
39.7031 4.0000 3653.5700 0.4396 0.1473 -0.6216 3.1751 6.0000 37.5245 0.0025 
39.6786 4.0000 3644.2906 0.4380 0.1501 -0.6113 3.1659 6.0000 37.8800 0.0029 
39.7056 4.0000 3653.3799 0.4414 0.1485 -0.6225 3.1767 6.0000 37.2092 0.0032 
39.6900 4.0000 3649.5190 0.4410 0.1487 -0.6217 3.1677 6.0000 37.0415 0.0025 
39.6801 4.0000 3644.5437 0.4436 0.1532 -0.6178 3.1720 6.0000 38.4336 0.0035 
39.7080 4.0000 3655.4995 0.4403 0.1498 -0.6216 3.1715 6.0000 37.2566 0.0037 
39.6678 4.0000 3642.1387 0.4415 0.1485 -0.6231 3.1666 6.0000 37.5824 0.0028 
39.6577 4.0000 3636.9714 0.4385 0.1499 -0.6196 3.1725 6.0000 38.1654 0.0034 
39.6946 4.0000 3650.0139 0.4381 0.1478 -0.6182 3.1720 6.0000 40.8916 0.0038 
39.6714 4.0000 3641.9218 0.4411 0.1501 -0.6226 3.1753 6.0000 40.4399 0.0031 
39.6561 4.0000 3637.8934 0.4348 0.1473 -0.6201 3.1765 6.0000 41.3985 0.0024 
39.6847 4.0000 3647.5318 0.4379 0.1474 -0.6190 3.1707 6.0000 41.6977 0.0035 
39.7114 4.0000 3656.7667 0.4403 0.1477 -0.6231 3.1750 6.0000 41.4493 0.0026 
39.6653 4.0000 3638.6999 0.4387 0.1474 -0.6181 3.1723 6.0000 40.4002 0.0032 
39.7015 4.0000 3652.7031 0.4390 0.1484 -0.6208 3.1657 6.0000 38.4050 0.0026 
39.6802 4.0000 3644.3025 0.4395 0.1494 -0.6202 3.1718 6.0000 38.2716 0.0033 
39.7024 4.0000 3651.5640 0.4393 0.1488 -0.6235 3.1703 6.0000 36.9656 0.0033 
39.6759 4.0000 3643.9006 0.4405 0.1505 -0.6241 3.1778 6.0000 40.5535 0.0032 
39.6766 4.0000 3643.9469 0.4395 0.1492 -0.6241 3.1696 6.0000 40.9130 0.0034 
39.6784 4.0000 3644.1872 0.4374 0.1494 -0.6152 3.1717 6.0000 41.0369 0.0035 
39.6700 4.0000 3640.3756 0.4372 0.1493 -0.6202 3.1729 6.0000 37.4061 0.0030 
39.6662 4.0000 3642.3590 0.4398 0.1473 -0.6247 3.1664 6.0000 37.8916 0.0032 
39.6864 4.0000 3648.4352 0.4406 0.1500 -0.6204 3.1715 6.0000 37.7158 0.0026 
39.6804 4.0000 3643.4592 0.4394 0.1496 -0.6216 3.1732 6.0000 38.3199 0.0033 
39.7011 4.0000 3653.0917 0.4423 0.1496 -0.6219 3.1732 6.0000 37.6209 0.0035 
39.6745 4.0000 3642.4677 0.4406 0.1503 -0.6202 3.1761 6.0000 37.7898 0.0031 
39.6664 4.0000 3638.5417 0.4378 0.1491 -0.6203 3.1768 6.0000 39.6669 0.0028 
39.6837 4.0000 3646.0521 0.4376 0.1481 -0.6208 3.1684 6.0000 40.1699 0.0028 
39.6957 4.0000 3651.5680 0.4406 0.1504 -0.6174 3.1707 6.0000 40.4851 0.0031 
39.6966 4.0000 3650.1535 0.4373 0.1486 -0.6139 3.1632 6.0000 40.9153 0.0030 
39.6815 4.0000 3646.4212 0.4386 0.1477 -0.6243 3.1668 6.0000 41.0446 0.0028 
39.6874 4.0000 3645.1980 0.4380 0.1476 -0.6222 3.1702 6.0000 41.8649 0.0028 
39.6941 4.0000 3649.5590 0.4404 0.1483 -0.6251 3.1705 6.0000 41.7839 0.0035 
39.6937 4.0000 3651.0594 0.4379 0.1478 -0.6201 3.1701 6.0000 40.6857 0.0030 
39.6682 4.0000 3640.1547 0.4373 0.1476 -0.6191 3.1727 6.0000 39.8013 0.0030 
39.6862 4.0000 3648.0357 0.4379 0.1508 -0.6130 3.1757 6.0000 25.6519 0.0030 
