39.6232 4.0000 3623.7158 0.3633 0.1207 -0.5966 3.0525 6.0000 12.0216 0.0051 
39.6048 4.0000 3619.1289 0.3629 0.1198 -0.5951 3.0441 6.0000 11.9263 0.0051 
39.6398 4.0000 3631.1990 0.3686 0.1215 -0.5956 3.0460 6.0000 12.4239 0.0043 
39.6361 4.0000 3630.7377 0.3626 0.1194 -0.5938 3.0455 6.0000 12.3408 0.0043 
39.6406 4.0000 3631.3375 0.3640 0.1199 -0.5955 3.0412 6.0000 12.7699 0.0049 
39.6131 4.0000 3620.2272 0.3658 0.1187 -0.5986 3.0438 5.0000 12.8848 0.0049 
39.6610 4.0000 3641.4921 0.3664 0.1188 -0.6012 3.0443 6.0000 12.8525 0.0046 
39.6224 4.0000 3623.1105 0.3630 0.1192 -0.5986 3.0473 5.0000 12.8509 0.0046 
39.6267 4.0000 3625.2469 0.3656 0.1209 -0.5978 3.0430 6.0000 12.5177 0.0052 
39.6015 4.0000 3616.9521 0.3635 0.1188 -0.5960 3.0430 6.0000 12.6172 0.0039 
39.6520 4.0000 3635.7803 0.3668 0.1208 -0.5971 3.0450 5.0000 12.9976 0.0048 
39.6141 4.0000 3618.6023 0.3660 0.1221 -0.5965 3.0518 6.0000 13.1420 0.0043 
39.6366 4.0000 3630.6134 0.3632 0.1171 -0.5958 3.0356 6.0000 12.9805 0.0047 
39.6207 4.0000 3623.7427 0.3646 0.1175 -0.5979 3.0383 6.0000 12.8913 0.0048 
39.6144 4.0000 3623.2328 0.3645 0.1192 -0.5999 3.0400 5.0000 12.8281 0.0048 
39.6146 4.0000 3622.5503 0.3681 0.1208 -0.5991 3.0447 5.0000 12.9739 0.0045 
39.6277 4.0000 3626.2658 0.3647 0.1175 -0.6015 3.0450 6.0000 12.8265 0.0046 
39.6240 4.0000 3627.0525 0.3641 0.1201 -0.5937 3.0472 5.0000 12.7910 0.0047 
39.6212 4.0000 3622.7834 0.3623 0.1185 -0.5935 3.0473 6.0000 13.0885 0.0045 
39.6280 4.0000 3625.4108 0.3648 0.1205 -0.5973 3.0464 6.0000 12.6961 0.0045 
39.6177 4.0000 3623.1233 0.3624 0.1200 -0.5947 3.0410 6.0000 12.9852 0.0041 
39.6421 4.0000 3631.8043 0.3655 0.1204 -0.5942 3.0405 6.0000 13.0890 0.0041 
39.6482 4.0000 3632.4706 0.3646 0.1195 -0.5961 3.0448 5.0000 12.9958 0.0047 
39.6207 4.0000 3621.4227 0.3655 0.1196 -0.6000 3.0437 6.0000 13.0185 0.0047 
39.6499 4.0000 3633.8177 0.3663 0.1195 -0.5966 3.0404 5.0000 12.9192 0.0049 
39.6129 4.0000 3618.0277 0.3652 0.1213 -0.5931 3.0498 6.0000 12.9321 0.0049 
39.6295 4.0000 3630.0590 0.3673 0.1221 -0.5909 3.0425 6.0000 13.0651 0.0048 
39.6151 4.0000 3621.9556 0.3675 0.1210 -0.5992 3.0432 5.0000 12.9171 0.0048 
39.6078 4.0000 3622.1869 0.3677 0.1196 -0.5950 3.0337 6.0000 13.0002 0.0043 
39.6343 4.0000 3630.2921 0.3652 0.1184 -0.5996 3.0409 5.0000 12.8509 0.0043 
39.6255 4.0000 3627.7939 0.3688 0.1211 -0.5952 3.0441 6.0000 12.9517 0.0045 
39.6285 4.0000 3627.2348 0.3655 0.1202 -0.5978 3.0434 5.0000 12.9463 0.0045 
39.6277 4.0000 3627.5309 0.3665 0.1212 -0.5970 3.0445 5.0000 12.7345 0.0056 
39.5846 4.0000 3611.1894 0.3625 0.1185 -0.5948 3.0424 5.0000 13.1234 0.0045 
39.6275 4.0000 3625.5342 0.3623 0.1197 -0.5917 3.0407 6.0000 13.3284 0.0038 
39.6547 4.0000 3636.6641 0.3653 0.1200 -0.5974 3.0419 6.0000 13.2679 0.0049 
39.6121 4.0000 3623.1854 0.3655 0.1202 -0.5957 3.0469 6.0000 13.0298 0.0046 
39.6247 4.0000 3623.5549 0.3659 0.1205 -0.5979 3.0426 5.0000 13.1676 0.0052 
39.6013 4.0000 3616.0515 0.3636 0.1195 -0.5966 3.0482 6.0000 13.3154 0.0045 
39.6288 4.0000 3629.2515 0.3661 0.1181 -0.5990 3.0414 6.0000 13.1259 0.0042 
39.6391 4.0000 3631.7034 0.3644 0.1201 -0.5929 3.0436 6.0000 12.9843 0.0043 
39.6346 4.0000 3628.4217 0.3637 0.1192 -0.5968 3.0423 6.0000 13.1610 0.0044 
39.6303 4.0000 3628.7256 0.3640 0.1194 -0.5981 3.0431 6.0000 13.2761 0.0050 
39.6063 4.0000 3619.7213 0.3656 0.1203 -0.5970 3.0433 5.0000 13.0611 0.0044 
39.6308 4.0000 3628.2013 0.3638 0.1197 -0.5924 3.0426 6.0000 12.7010 0.0039 
39.6509 4.0000 3635.9021 0.3650 0.1204 -0.5930 3.0423 6.0000 12.8657 0.0036 
39.6631 4.0000 3639.2066 0.3639 0.1199 -0.5903 3.0398 6.0000 12.9103 0.0043 
39.6343 4.0000 3632.0648 0.3669 0.1189 -0.5970 3.0374 6.0000 13.0751 0.0043 
39.6371 4.0000 3628.2141 0.3621 0.1193 -0.5917 3.0422 6.0000 13.2620 0.0041 
39.6451 4.0000 3633.1639 0.3625 0.1177 -0.5977 3.0371 6.0000 13.1246 0.0040 
39.6454 4.0000 3633.8343 0.3667 0.1207 -0.5970 3.0444 5.0000 13.0450 0.0033 
39.6739 4.0000 3643.7614 0.3647 0.1205 -0.5916 3.0449 6.0000 13.1342 0.0048 
39.6159 4.0000 3624.0628 0.3628 0.1178 -0.5942 3.0409 6.0000 13.0598 0.0042 
39.6388 4.0000 3634.3637 0.3655 0.1202 -0.5953 3.0437 6.0000 12.9949 0.0036 
39.6618 4.0000 3640.7538 0.3680 0.1194 -0.5988 3.0403 6.0000 12.8771 0.0033 
39.6734 4.0000 3644.8802 0.3676 0.1190 -0.5989 3.0338 6.0000 12.8312 0.0041 
39.6414 4.0000 3631.3697 0.3666 0.1207 -0.5964 3.0428 6.0000 12.4380 0.0035 
39.6653 4.0000 3640.0149 0.3678 0.1196 -0.5992 3.0389 6.0000 13.0800 0.0042 
39.6398 4.0000 3633.3685 0.3647 0.1181 -0.6005 3.0407 6.0000 13.2678 0.0050 
39.6066 4.0000 3619.5269 0.3644 0.1198 -0.5976 3.0429 6.0000 12.9301 0.0047 
39.6194 4.0000 3623.1922 0.3657 0.1195 -0.5968 3.0459 6.0000 13.2168 0.0050 
39.6058 4.0000 3617.6499 0.3665 0.1214 -0.5983 3.0430 6.0000 13.0077 0.0041 
39.6436 4.0000 3632.9919 0.3632 0.1185 -0.5950 3.0407 5.0000 12.9327 0.0044 
39.6313 4.0000 3628.4078 0.3655 0.1194 -0.5963 3.0458 6.0000 12.7108 0.0041 
39.6429 4.0000 3632.4444 0.3621 0.1186 -0.5944 3.0443 6.0000 13.0547 0.0037 
39.6610 4.0000 3637.9286 0.3663 0.1197 -0.5977 3.0372 6.0000 12.7041 0.0037 
39.6048 4.0000 3620.9702 0.3634 0.1185 -0.5991 3.0473 6.0000 12.9101 0.0040 
39.6214 4.0000 3622.8863 0.3636 0.1212 -0.5970 3.0459 6.0000 12.6650 0.0047 
39.6479 4.0000 3634.2805 0.3643 0.1192 -0.5979 3.0451 6.0000 12.8208 0.0053 
39.5962 4.0000 3618.7218 0.3667 0.1202 -0.5966 3.0466 6.0000 13.1432 0.0054 
39.5934 4.0000 3615.9301 0.3682 0.1223 -0.5998 3.0445 6.0000 12.8346 0.0032 
39.6797 4.0000 3645.9564 0.3666 0.1191 -0.5957 3.0409 6.0000 12.6627 0.0046 
39.6242 4.0000 3623.9397 0.3675 0.1193 -0.6007 3.0427 5.0000 12.9462 0.0050 
39.6068 4.0000 3617.8608 0.3637 0.1184 -0.5983 3.0428 6.0000 12.7622 0.0050 
39.6520 4.0000 3632.9092 0.3661 0.1201 -0.5975 3.0444 6.0000 12.5460 0.0046 
39.6240 4.0000 3628.5924 0.3645 0.1194 -0.5971 3.0444 6.0000 12.8074 0.0042 
39.6391 4.0000 3632.1866 0.3636 0.1202 -0.5916 3.0368 5.0000 13.3845 0.0043 
39.6381 4.0000 3631.6719 0.3653 0.1186 -0.5952 3.0447 5.0000 12.8211 0.0042 
39.6335 4.0000 3629.5884 0.3662 0.1201 -0.5998 3.0422 6.0000 12.9470 0.0047 
39.6209 4.0000 3624.3965 0.3672 0.1194 -0.6020 3.0462 6.0000 13.1124 0.0047 
39.6207 4.0000 3623.0068 0.3659 0.1190 -0.6060 3.0424 6.0000 12.8960 0.0046 
39.6250 4.0000 3624.8926 0.3635 0.1193 -0.5976 3.0376 6.0000 12.9251 0.0042 
39.6396 4.0000 3631.9155 0.3626 0.1200 -0.5892 3.0450 6.0000 12.6355 0.0045 
39.6285 4.0000 3626.5473 0.3653 0.1224 -0.5924 3.0487 6.0000 12.8785 0.0048 
39.6146 4.0000 3621.8101 0.3696 0.1214 -0.6009 3.0367 6.0000 12.9140 0.0044 
39.6333 4.0000 3631.4396 0.3669 0.1189 -0.6008 3.0402 5.0000 12.8860 0.0043 
39.6351 4.0000 3629.4252 0.3662 0.1215 -0.5960 3.0467 6.0000 13.1521 0.0048 
39.6161 4.0000 3626.9405 0.3668 0.1194 -0.6034 3.0452 5.0000 12.9405 0.0046 
39.6217 4.0000 3621.7281 0.3650 0.1192 -0.5994 3.0463 6.0000 12.9366 0.0041 
39.6426 4.0000 3632.7836 0.3690 0.1229 -0.5998 3.0443 6.0000 12.9993 0.0032 
39.6782 4.0000 3645.5834 0.3684 0.1208 -0.5985 3.0392 6.0000 12.9990 0.0050 
39.6093 4.0000 3619.6999 0.3650 0.1188 -0.5967 3.0400 5.0000 12.6388 0.0050 
39.6194 4.0000 3623.4111 0.3624 0.1177 -0.5955 3.0401 6.0000 12.7931 0.0040 
39.6482 4.0000 3632.7740 0.3621 0.1172 -0.5955 3.0392 6.0000 13.0524 0.0037 
39.6580 4.0000 3637.4979 0.3643 0.1192 -0.5992 3.0457 5.0000 13.1882 0.0036 
39.6631 4.0000 3639.1294 0.3634 0.1188 -0.5932 3.0399 5.0000 12.7790 0.0036 
39.6250 4.0000 3627.7342 0.3627 0.1188 -0.5933 3.0421 5.0000 13.2057 0.0055 
39.5871 4.0000 3611.8623 0.3657 0.1194 -0.6009 3.0448 6.0000 13.1891 0.0055 
39.6245 4.0000 3626.6762 0.3671 0.1202 -0.5944 3.0427 6.0000 13.2293 0.0043 
39.6368 4.0000 3631.9690 0.3641 0.1181 -0.5945 3.0383 6.0000 12.8685 0.0043 
