39.4924 4.0000 3573.9165 0.5115 0.1998 -0.6473 3.0678 6.0000 8.0808 0.0079 
39.5268 4.0000 3599.1343 0.5074 0.1964 -0.6389 3.0499 5.0000 8.0636 0.0079 
39.5154 4.0000 3596.3531 0.5114 0.1964 -0.6457 3.0558 5.0000 8.0787 0.0079 
39.5312 4.0000 3588.3503 0.5122 0.2026 -0.6397 3.0663 5.0000 8.2034 0.0077 
39.5035 4.0000 3585.3941 0.5086 0.1980 -0.6455 3.0632 6.0000 8.3235 0.0068 
39.5186 4.0000 3590.1661 0.5088 0.1970 -0.6391 3.0613 6.0000 8.1902 0.0077 
39.5091 4.0000 3585.9685 0.5072 0.1982 -0.6409 3.0658 5.0000 8.4421 0.0062 
39.5353 4.0000 3585.8963 0.5086 0.1995 -0.6388 3.0683 6.0000 8.4206 0.0062 
39.5621 4.0000 3603.0990 0.5100 0.1946 -0.6427 3.0674 6.0000 8.2653 0.0062 
39.5668 4.0000 3607.5028 0.5080 0.1965 -0.6412 3.0630 6.0000 8.5439 0.0072 
39.4887 4.0000 3582.6557 0.5067 0.1943 -0.6363 3.0667 5.0000 8.7323 0.0067 
39.5205 4.0000 3585.9773 0.5152 0.2026 -0.6431 3.0624 6.0000 8.6068 0.0084 
39.4760 4.0000 3569.8537 0.5131 0.2026 -0.6425 3.0725 6.0000 8.5632 0.0063 
39.5391 4.0000 3599.5120 0.5083 0.1970 -0.6432 3.0523 6.0000 8.5190 0.0063 
39.5558 4.0000 3603.2210 0.5088 0.1964 -0.6471 3.0608 6.0000 8.4959 0.0078 
39.4978 4.0000 3580.7645 0.5178 0.1987 -0.6609 3.0772 6.0000 8.2195 0.0077 
39.5668 4.0000 3610.3026 0.5107 0.1983 -0.6460 3.0622 5.0000 8.3329 0.0076 
39.5032 4.0000 3582.9880 0.5032 0.1964 -0.6368 3.0631 6.0000 8.3572 0.0079 
39.5069 4.0000 3589.9549 0.5028 0.1928 -0.6340 3.0665 6.0000 8.0523 0.0075 
39.4924 4.0000 3585.7604 0.5108 0.1964 -0.6468 3.0623 5.0000 8.2422 0.0075 
39.5101 4.0000 3585.0851 0.5100 0.1978 -0.6434 3.0684 5.0000 8.2046 0.0075 
39.5107 4.0000 3583.1138 0.5056 0.1924 -0.6477 3.0657 6.0000 8.0521 0.0075 
39.5287 4.0000 3598.9020 0.5143 0.1972 -0.6511 3.0619 6.0000 8.1686 0.0070 
39.5085 4.0000 3584.6170 0.5046 0.1968 -0.6378 3.0588 5.0000 8.0462 0.0070 
39.5287 4.0000 3593.3272 0.5090 0.1960 -0.6369 3.0687 6.0000 7.9866 0.0074 
39.5413 4.0000 3601.2431 0.5040 0.1926 -0.6383 3.0583 5.0000 8.0776 0.0064 
39.5129 4.0000 3590.2364 0.5090 0.1976 -0.6409 3.0687 5.0000 8.0814 0.0064 
39.5530 4.0000 3607.3165 0.5081 0.1976 -0.6404 3.0616 5.0000 8.0838 0.0079 
39.4918 4.0000 3569.6422 0.5176 0.2019 -0.6552 3.0761 6.0000 8.1266 0.0063 
39.4927 4.0000 3585.4688 0.5105 0.1951 -0.6407 3.0631 6.0000 8.2368 0.0052 
39.5567 4.0000 3609.8682 0.5089 0.1971 -0.6476 3.0568 6.0000 8.1122 0.0078 
39.6006 4.0000 3624.3717 0.5076 0.1989 -0.6377 3.0675 6.0000 8.2770 0.0082 
39.4968 4.0000 3579.0712 0.5027 0.1918 -0.6456 3.0635 5.0000 8.1886 0.0082 
39.4833 4.0000 3579.7834 0.5058 0.1981 -0.6404 3.0655 6.0000 8.1839 0.0074 
39.5117 4.0000 3588.1302 0.5094 0.1932 -0.6576 3.0584 6.0000 8.1367 0.0084 
39.5117 4.0000 3588.8613 0.5083 0.1956 -0.6502 3.0669 6.0000 8.1440 0.0084 
39.4732 4.0000 3574.5552 0.5147 0.2011 -0.6471 3.0605 6.0000 7.9607 0.0069 
39.5123 4.0000 3589.0545 0.5039 0.1982 -0.6337 3.0565 6.0000 8.2358 0.0073 
39.5315 4.0000 3594.0129 0.5112 0.1975 -0.6460 3.0628 5.0000 8.1760 0.0073 
39.5161 4.0000 3589.5044 0.5097 0.1965 -0.6476 3.0685 5.0000 8.0669 0.0063 
39.4905 4.0000 3576.4496 0.5107 0.2009 -0.6403 3.0762 6.0000 8.3368 0.0061 
39.5552 4.0000 3609.1731 0.5132 0.1985 -0.6494 3.0662 6.0000 8.2476 0.0061 
39.5640 4.0000 3609.5192 0.5045 0.1923 -0.6379 3.0612 6.0000 8.6707 0.0067 
39.4940 4.0000 3586.6311 0.5116 0.1972 -0.6508 3.0564 6.0000 8.8292 0.0061 
39.5422 4.0000 3601.2569 0.5073 0.1946 -0.6368 3.0534 6.0000 8.7137 0.0061 
39.5662 4.0000 3607.1570 0.5033 0.1966 -0.6366 3.0653 6.0000 8.1535 0.0074 
39.5561 4.0000 3599.3607 0.5083 0.1981 -0.6448 3.0647 6.0000 8.2638 0.0073 
39.5136 4.0000 3591.6088 0.5093 0.1938 -0.6501 3.0604 6.0000 8.1806 0.0073 
39.5161 4.0000 3595.2513 0.5054 0.1926 -0.6395 3.0559 5.0000 8.1558 0.0082 
39.5000 4.0000 3583.5397 0.5077 0.1943 -0.6398 3.0662 6.0000 8.3686 0.0072 
39.4817 4.0000 3581.7260 0.5114 0.1973 -0.6475 3.0622 5.0000 8.3111 0.0072 
39.5224 4.0000 3589.5817 0.5122 0.2001 -0.6427 3.0711 5.0000 8.5780 0.0070 
39.5177 4.0000 3592.9120 0.5082 0.1962 -0.6408 3.0508 6.0000 8.7252 0.0070 
39.5290 4.0000 3587.5567 0.5116 0.1988 -0.6537 3.0694 6.0000 8.8076 0.0068 
39.5309 4.0000 3601.5990 0.5062 0.1964 -0.6388 3.0612 5.0000 8.8701 0.0082 
39.5359 4.0000 3600.2822 0.5124 0.1968 -0.6448 3.0611 6.0000 8.6965 0.0073 
39.4817 4.0000 3579.0224 0.5072 0.1945 -0.6482 3.0615 6.0000 9.0056 0.0072 
39.5173 4.0000 3595.2784 0.5089 0.1961 -0.6410 3.0672 5.0000 8.7098 0.0062 
39.5205 4.0000 3595.2096 0.5113 0.2010 -0.6441 3.0670 5.0000 8.7100 0.0085 
39.5608 4.0000 3609.6970 0.5062 0.1935 -0.6386 3.0617 6.0000 8.9449 0.0076 
39.4691 4.0000 3570.7850 0.5077 0.1984 -0.6407 3.0733 6.0000 8.2996 0.0066 
39.5069 4.0000 3585.9924 0.5101 0.2014 -0.6416 3.0619 6.0000 8.2921 0.0073 
39.5441 4.0000 3603.4767 0.5051 0.1972 -0.6381 3.0558 5.0000 8.5054 0.0073 
39.5167 4.0000 3590.1835 0.5077 0.1988 -0.6383 3.0686 6.0000 8.7944 0.0053 
39.5189 4.0000 3594.3909 0.5089 0.1942 -0.6543 3.0599 5.0000 8.6392 0.0079 
39.5943 4.0000 3619.3685 0.5131 0.1957 -0.6429 3.0584 6.0000 8.7875 0.0071 
39.4943 4.0000 3584.6620 0.5120 0.2003 -0.6448 3.0691 6.0000 8.2476 0.0077 
39.5233 4.0000 3595.2093 0.5086 0.1986 -0.6360 3.0639 6.0000 8.3856 0.0069 
39.5016 4.0000 3580.4253 0.5153 0.2010 -0.6498 3.0620 5.0000 8.4025 0.0073 
39.5318 4.0000 3596.5136 0.5059 0.1972 -0.6419 3.0688 6.0000 8.4876 0.0057 
39.5161 4.0000 3593.4578 0.5103 0.1977 -0.6522 3.0673 5.0000 8.4366 0.0068 
39.5788 4.0000 3616.4773 0.5097 0.1951 -0.6443 3.0587 6.0000 8.6504 0.0074 
39.5385 4.0000 3601.2847 0.5074 0.1976 -0.6434 3.0706 6.0000 8.5217 0.0066 
39.5117 4.0000 3585.8162 0.5110 0.1994 -0.6505 3.0666 6.0000 8.3127 0.0078 
39.5457 4.0000 3593.1072 0.5105 0.1992 -0.6490 3.0582 6.0000 8.1756 0.0091 
39.4975 4.0000 3581.8449 0.5112 0.2004 -0.6449 3.0640 6.0000 8.1485 0.0064 
39.4480 4.0000 3560.8739 0.5074 0.1994 -0.6421 3.0729 5.0000 8.3324 0.0070 
39.5523 4.0000 3601.2415 0.5105 0.1989 -0.6397 3.0716 6.0000 8.4178 0.0060 
39.5274 4.0000 3598.4997 0.5093 0.1974 -0.6525 3.0512 5.0000 8.5631 0.0060 
39.5675 4.0000 3609.5123 0.5123 0.1981 -0.6456 3.0590 5.0000 8.5288 0.0078 
39.5694 4.0000 3602.6513 0.5098 0.1935 -0.6444 3.0635 6.0000 8.6878 0.0059 
39.4972 4.0000 3576.5303 0.5102 0.1974 -0.6484 3.0584 6.0000 8.3247 0.0072 
39.5741 4.0000 3620.3657 0.5095 0.1981 -0.6344 3.0541 6.0000 8.2098 0.0063 
39.5214 4.0000 3588.5426 0.5048 0.1973 -0.6325 3.0694 6.0000 8.2294 0.0069 
39.5571 4.0000 3603.6296 0.5069 0.1955 -0.6431 3.0669 5.0000 8.5770 0.0074 
39.5344 4.0000 3603.4269 0.5115 0.1985 -0.6455 3.0618 6.0000 8.6664 0.0065 
39.5142 4.0000 3589.5154 0.5046 0.1926 -0.6384 3.0582 6.0000 8.8286 0.0064 
39.5489 4.0000 3608.3941 0.5073 0.1971 -0.6462 3.0703 6.0000 8.3807 0.0087 
39.5517 4.0000 3599.2339 0.5088 0.1977 -0.6389 3.0674 6.0000 8.1680 0.0072 
39.4637 4.0000 3566.5511 0.5059 0.1998 -0.6334 3.0819 5.0000 8.4142 0.0062 
39.5227 4.0000 3594.2613 0.5103 0.1986 -0.6460 3.0669 6.0000 8.3236 0.0073 
39.5608 4.0000 3610.1286 0.5074 0.1927 -0.6439 3.0640 6.0000 8.1102 0.0077 
39.5183 4.0000 3597.4042 0.5133 0.1954 -0.6546 3.0633 6.0000 8.5726 0.0069 
39.5025 4.0000 3581.8190 0.5066 0.1949 -0.6404 3.0664 5.0000 8.3987 0.0065 
39.5347 4.0000 3599.9004 0.5090 0.1924 -0.6461 3.0571 5.0000 8.4137 0.0071 
39.5482 4.0000 3603.6192 0.5084 0.1986 -0.6471 3.0732 6.0000 8.5602 0.0088 
39.5268 4.0000 3596.4209 0.5058 0.1945 -0.6448 3.0611 5.0000 8.4491 0.0064 
39.4587 4.0000 3565.1810 0.5088 0.1982 -0.6425 3.0756 6.0000 8.3444 0.0063 
39.5542 4.0000 3606.2011 0.5042 0.1911 -0.6414 3.0548 6.0000 8.0289 0.0063 
39.5577 4.0000 3607.5561 0.5090 0.1920 -0.6486 3.0634 5.0000 6.6356 0.0063 
