39.0467 4.0000 3413.8310 0.4702 0.2060 -0.6491 2.8487 5.0000 1.6358 0.0185 
39.0839 4.0000 3424.1255 0.4744 0.2108 -0.6555 2.8556 5.0000 1.6135 0.0185 
39.1362 4.0000 3467.0801 0.4697 0.2000 -0.6538 2.8433 5.0000 1.6670 0.0156 
39.1961 4.0000 3490.5851 0.4802 0.2063 -0.6476 2.8377 5.0000 1.5791 0.0187 
39.2579 4.0000 3482.2913 0.4790 0.2100 -0.6420 2.8510 5.0000 1.5931 0.0172 
39.0738 4.0000 3426.7396 0.4728 0.2055 -0.6460 2.8498 5.0000 1.5711 0.0172 
39.1318 4.0000 3457.8253 0.4786 0.2088 -0.6500 2.8499 5.0000 1.5776 0.0168 
39.1917 4.0000 3455.8934 0.4727 0.2068 -0.6429 2.8543 5.0000 1.6027 0.0150 
39.1469 4.0000 3472.7282 0.4741 0.2035 -0.6340 2.8499 5.0000 1.5900 0.0150 
39.2163 4.0000 3502.3354 0.4826 0.2081 -0.6484 2.8458 5.0000 1.5228 0.0173 
39.0422 4.0000 3413.8102 0.4724 0.2041 -0.6501 2.8480 5.0000 1.5347 0.0167 
39.1274 4.0000 3446.9527 0.4722 0.2021 -0.6505 2.8419 5.0000 1.5342 0.0167 
39.1532 4.0000 3459.5776 0.4777 0.2100 -0.6461 2.8387 5.0000 1.5640 0.0170 
39.1324 4.0000 3422.2850 0.4694 0.2082 -0.6490 2.8548 5.0000 1.5638 0.0178 
39.1406 4.0000 3461.5391 0.4762 0.2068 -0.6440 2.8530 5.0000 1.5654 0.0178 
39.1084 4.0000 3444.3752 0.4682 0.2019 -0.6436 2.8388 5.0000 1.6972 0.0115 
39.0744 4.0000 3413.7175 0.4792 0.2112 -0.6499 2.8515 5.0000 1.7221 0.0162 
39.3525 4.0000 3533.6967 0.4828 0.2094 -0.6483 2.8502 5.0000 1.7289 0.0162 
39.1728 4.0000 3477.6103 0.4748 0.2043 -0.6439 2.8375 5.0000 1.5487 0.0167 
39.1091 4.0000 3423.4533 0.4738 0.2073 -0.6498 2.8470 5.0000 1.5658 0.0162 
39.1538 4.0000 3490.2636 0.4751 0.2064 -0.6376 2.8443 5.0000 1.5696 0.0162 
39.1702 4.0000 3469.4313 0.4654 0.2033 -0.6374 2.8339 5.0000 1.5344 0.0183 
39.1923 4.0000 3464.4855 0.4765 0.2034 -0.6528 2.8376 5.0000 1.5629 0.0177 
39.0908 4.0000 3431.3928 0.4732 0.2065 -0.6485 2.8338 5.0000 1.5816 0.0193 
39.1122 4.0000 3456.6866 0.4778 0.2090 -0.6410 2.8447 5.0000 1.6263 0.0162 
39.0517 4.0000 3437.4918 0.4625 0.2033 -0.6409 2.8469 5.0000 1.6198 0.0172 
39.1715 4.0000 3493.5435 0.4697 0.1993 -0.6436 2.8259 5.0000 1.6534 0.0158 
39.1311 4.0000 3457.9382 0.4699 0.2059 -0.6374 2.8465 5.0000 1.5344 0.0156 
39.1854 4.0000 3478.4943 0.4691 0.2052 -0.6381 2.8405 5.0000 1.5342 0.0175 
39.1955 4.0000 3466.3253 0.4736 0.2050 -0.6462 2.8412 5.0000 1.5366 0.0175 
39.1223 4.0000 3452.1620 0.4669 0.2047 -0.6322 2.8492 5.0000 1.5183 0.0159 
39.1230 4.0000 3468.7201 0.4763 0.2066 -0.6419 2.8436 5.0000 1.5302 0.0136 
39.1841 4.0000 3463.0656 0.4708 0.2051 -0.6505 2.8435 5.0000 1.5256 0.0196 
39.2718 4.0000 3505.0788 0.4653 0.2053 -0.6289 2.8414 5.0000 1.5733 0.0190 
39.0404 4.0000 3421.8764 0.4667 0.2043 -0.6465 2.8452 5.0000 1.6586 0.0180 
39.0637 4.0000 3426.7913 0.4747 0.2092 -0.6421 2.8487 5.0000 1.6793 0.0177 
39.1034 4.0000 3456.7390 0.4751 0.2086 -0.6430 2.8493 5.0000 1.6913 0.0182 
39.1154 4.0000 3468.3657 0.4775 0.2078 -0.6453 2.8328 5.0000 1.6578 0.0151 
39.0939 4.0000 3407.3625 0.4798 0.2148 -0.6457 2.8475 5.0000 1.6282 0.0172 
39.2119 4.0000 3496.2762 0.4800 0.2066 -0.6441 2.8376 5.0000 1.5360 0.0151 
39.1330 4.0000 3440.0252 0.4685 0.2047 -0.6455 2.8439 5.0000 1.5494 0.0213 
39.2131 4.0000 3492.1173 0.4662 0.2005 -0.6364 2.8439 5.0000 1.5501 0.0226 
38.9741 4.0000 3377.5776 0.4685 0.2063 -0.6492 2.8695 5.0000 1.5911 0.0139 
38.9243 4.0000 3348.4697 0.4712 0.2077 -0.6459 2.8592 5.0000 1.6281 0.0167 
39.2585 4.0000 3511.4741 0.4715 0.2030 -0.6391 2.8334 5.0000 1.6466 0.0184 
39.1520 4.0000 3455.1166 0.4741 0.2041 -0.6499 2.8465 5.0000 1.6372 0.0176 
39.0864 4.0000 3447.0826 0.4651 0.2006 -0.6374 2.8432 5.0000 1.6146 0.0187 
39.1173 4.0000 3435.3165 0.4695 0.2026 -0.6557 2.8409 5.0000 1.6179 0.0160 
39.0757 4.0000 3423.9634 0.4652 0.2061 -0.6342 2.8440 5.0000 1.5525 0.0173 
39.1778 4.0000 3462.6103 0.4711 0.2052 -0.6452 2.8479 5.0000 1.5820 0.0188 
39.1286 4.0000 3455.8102 0.4768 0.2063 -0.6483 2.8521 5.0000 1.5740 0.0186 
39.0706 4.0000 3403.2453 0.4699 0.2050 -0.6465 2.8474 5.0000 1.5650 0.0168 
39.0782 4.0000 3419.5006 0.4786 0.2097 -0.6623 2.8504 5.0000 1.5991 0.0134 
39.1463 4.0000 3478.0113 0.4734 0.2042 -0.6394 2.8375 5.0000 1.5733 0.0159 
39.2812 4.0000 3513.6148 0.4679 0.1997 -0.6421 2.8302 5.0000 1.7202 0.0154 
39.1822 4.0000 3471.9861 0.4774 0.2092 -0.6444 2.8519 5.0000 1.7173 0.0163 
39.2011 4.0000 3484.2989 0.4658 0.2042 -0.6406 2.8381 5.0000 1.7073 0.0181 
39.1671 4.0000 3468.9767 0.4708 0.2070 -0.6412 2.8437 5.0000 1.5428 0.0149 
39.0971 4.0000 3444.9199 0.4773 0.2088 -0.6511 2.8493 5.0000 1.5470 0.0179 
39.2232 4.0000 3473.9735 0.4744 0.2084 -0.6456 2.8396 5.0000 1.5510 0.0151 
39.1053 4.0000 3443.8720 0.4727 0.2075 -0.6476 2.8460 5.0000 1.5448 0.0169 
39.2137 4.0000 3481.1475 0.4723 0.1996 -0.6483 2.8451 5.0000 1.5505 0.0134 
39.1438 4.0000 3442.9092 0.4649 0.2022 -0.6347 2.8353 5.0000 1.5599 0.0173 
39.2787 4.0000 3503.3884 0.4733 0.2032 -0.6440 2.8351 5.0000 1.6481 0.0159 
39.1280 4.0000 3475.2957 0.4742 0.2037 -0.6489 2.8396 5.0000 1.6444 0.0158 
39.1828 4.0000 3474.8865 0.4734 0.2041 -0.6587 2.8255 5.0000 1.6645 0.0168 
39.1879 4.0000 3466.7705 0.4674 0.2048 -0.6444 2.8495 5.0000 1.5726 0.0143 
39.1488 4.0000 3465.8077 0.4713 0.2071 -0.6376 2.8354 5.0000 1.5559 0.0197 
39.2434 4.0000 3493.4388 0.4696 0.2009 -0.6481 2.8359 5.0000 1.5573 0.0141 
39.0378 4.0000 3407.6469 0.4732 0.2104 -0.6378 2.8568 5.0000 1.5524 0.0172 
39.2516 4.0000 3480.1280 0.4729 0.2079 -0.6477 2.8379 5.0000 1.5642 0.0175 
39.1324 4.0000 3453.5404 0.4715 0.2041 -0.6434 2.8380 5.0000 1.5596 0.0143 
39.1217 4.0000 3456.5441 0.4694 0.2053 -0.6461 2.8419 5.0000 1.6029 0.0169 
39.2459 4.0000 3507.7509 0.4754 0.2053 -0.6463 2.8400 5.0000 1.6404 0.0158 
39.1456 4.0000 3455.6211 0.4738 0.2056 -0.6432 2.8484 5.0000 1.6506 0.0166 
39.1866 4.0000 3463.2037 0.4668 0.2025 -0.6526 2.8338 5.0000 1.7173 0.0161 
39.1564 4.0000 3480.0460 0.4753 0.2028 -0.6517 2.8297 5.0000 1.7310 0.0185 
39.1753 4.0000 3454.4527 0.4845 0.2082 -0.6568 2.8509 5.0000 1.7149 0.0168 
39.0826 4.0000 3441.5832 0.4751 0.2029 -0.6560 2.8403 5.0000 1.5392 0.0199 
39.1482 4.0000 3438.3197 0.4707 0.2073 -0.6446 2.8485 5.0000 1.5449 0.0145 
39.0290 4.0000 3405.6702 0.4744 0.2041 -0.6556 2.8361 5.0000 1.5485 0.0175 
39.2383 4.0000 3511.8424 0.4811 0.2100 -0.6403 2.8388 5.0000 1.5787 0.0163 
39.1223 4.0000 3449.8985 0.4714 0.2037 -0.6484 2.8435 5.0000 1.6094 0.0171 
39.1658 4.0000 3464.7276 0.4736 0.2053 -0.6507 2.8423 5.0000 1.6509 0.0142 
39.1362 4.0000 3452.2547 0.4639 0.2002 -0.6482 2.8421 5.0000 1.6433 0.0160 
39.2472 4.0000 3498.9767 0.4661 0.2025 -0.6353 2.8359 5.0000 1.6285 0.0185 
39.1797 4.0000 3459.3228 0.4771 0.2089 -0.6392 2.8393 5.0000 1.6467 0.0140 
39.0832 4.0000 3423.1955 0.4711 0.2031 -0.6426 2.8539 5.0000 1.5427 0.0155 
39.2554 4.0000 3519.3474 0.4766 0.1993 -0.6467 2.8293 5.0000 1.5499 0.0188 
39.1992 4.0000 3474.9950 0.4760 0.2094 -0.6347 2.8469 5.0000 1.5503 0.0182 
39.0712 4.0000 3456.5050 0.4763 0.2045 -0.6453 2.8443 5.0000 1.5433 0.0171 
39.0952 4.0000 3444.7938 0.4743 0.2071 -0.6391 2.8507 5.0000 1.5718 0.0192 
39.1362 4.0000 3458.4502 0.4779 0.2033 -0.6485 2.8461 5.0000 1.5810 0.0186 
39.0555 4.0000 3412.8140 0.4678 0.2077 -0.6348 2.8540 5.0000 1.7334 0.0158 
39.0788 4.0000 3422.2623 0.4718 0.2073 -0.6543 2.8549 5.0000 1.7250 0.0169 
39.1885 4.0000 3474.1772 0.4676 0.2039 -0.6409 2.8416 5.0000 1.7210 0.0206 
39.1438 4.0000 3466.0820 0.4748 0.2043 -0.6502 2.8351 5.0000 1.5582 0.0176 
39.0019 4.0000 3395.2623 0.4734 0.2061 -0.6509 2.8465 5.0000 1.5520 0.0158 
39.1192 4.0000 3453.8001 0.4760 0.2091 -0.6425 2.8396 5.0000 1.5490 0.0158 
39.1885 4.0000 3474.3966 0.4761 0.2098 -0.6458 2.8427 5.0000 1.4966 0.0158 
