39.6545 16.5000 3637.4162 0.4811 0.1708 -0.6375 3.1811 6.0000 27.3556 0.0039 
39.6636 16.5000 3638.7733 0.4801 0.1707 -0.6338 3.1723 6.0000 27.8689 0.0031 
39.6508 16.5000 3636.8199 0.4771 0.1698 -0.6266 3.1759 6.0000 28.0327 0.0031 
39.6820 16.5000 3646.2978 0.4864 0.1738 -0.6345 3.1826 6.0000 28.3115 0.0031 
39.6780 16.5000 3643.9709 0.4778 0.1712 -0.6263 3.1737 6.0000 28.0643 0.0031 
39.6828 16.5000 3647.5722 0.4780 0.1686 -0.6299 3.1767 6.0000 28.7627 0.0039 
39.6811 16.5000 3645.4661 0.4772 0.1695 -0.6291 3.1740 6.0000 28.5023 0.0035 
39.6502 16.5000 3632.8872 0.4771 0.1681 -0.6311 3.1751 6.0000 28.6308 0.0034 
39.6686 16.5000 3640.5009 0.4836 0.1725 -0.6345 3.1811 6.0000 28.6793 0.0040 
39.6698 16.5000 3643.4787 0.4763 0.1670 -0.6334 3.1774 6.0000 28.6110 0.0031 
39.6457 16.5000 3633.6576 0.4825 0.1709 -0.6360 3.1741 6.0000 28.8250 0.0038 
39.6844 16.5000 3648.8818 0.4775 0.1693 -0.6312 3.1740 6.0000 29.4059 0.0038 
39.6570 16.5000 3634.9403 0.4775 0.1677 -0.6291 3.1750 6.0000 28.7514 0.0031 
39.6549 16.5000 3639.2314 0.4804 0.1722 -0.6312 3.1801 6.0000 28.9955 0.0041 
39.6830 16.5000 3646.3756 0.4801 0.1725 -0.6252 3.1777 6.0000 29.4311 0.0038 
39.6426 16.5000 3631.4168 0.4769 0.1677 -0.6340 3.1673 6.0000 29.1206 0.0033 
39.6539 16.5000 3638.0774 0.4789 0.1701 -0.6345 3.1742 6.0000 29.0077 0.0036 
39.6748 16.5000 3644.8928 0.4824 0.1727 -0.6336 3.1746 6.0000 29.5195 0.0031 
39.6620 16.5000 3638.5733 0.4792 0.1700 -0.6387 3.1742 6.0000 29.2211 0.0039 
39.6814 16.5000 3649.1008 0.4823 0.1720 -0.6291 3.1761 6.0000 29.2442 0.0035 
39.6527 16.5000 3637.2325 0.4814 0.1704 -0.6316 3.1722 6.0000 29.4566 0.0031 
39.6657 16.5000 3641.6574 0.4798 0.1732 -0.6276 3.1770 6.0000 29.4013 0.0030 
39.6830 16.5000 3646.5038 0.4811 0.1673 -0.6383 3.1733 6.0000 29.0988 0.0036 
39.6880 16.5000 3647.2504 0.4773 0.1677 -0.6286 3.1760 6.0000 29.7360 0.0035 
39.6615 16.5000 3640.1990 0.4735 0.1676 -0.6230 3.1716 6.0000 29.2309 0.0038 
39.6688 16.5000 3642.9848 0.4800 0.1696 -0.6331 3.1795 6.0000 29.1902 0.0035 
39.6570 16.5000 3637.5418 0.4765 0.1692 -0.6281 3.1666 6.0000 29.4257 0.0033 
39.6671 16.5000 3639.3918 0.4791 0.1712 -0.6318 3.1800 6.0000 29.3076 0.0033 
39.6752 16.5000 3644.7027 0.4753 0.1684 -0.6259 3.1774 6.0000 29.4192 0.0035 
39.6764 16.5000 3644.1641 0.4799 0.1693 -0.6319 3.1780 6.0000 29.6714 0.0039 
39.6667 16.5000 3642.0014 0.4790 0.1699 -0.6327 3.1737 6.0000 28.9598 0.0032 
39.6531 16.5000 3635.8330 0.4814 0.1698 -0.6370 3.1754 6.0000 29.5250 0.0034 
39.6791 16.5000 3647.0758 0.4826 0.1721 -0.6338 3.1765 6.0000 29.4414 0.0039 
39.6704 16.5000 3641.5740 0.4821 0.1714 -0.6292 3.1765 6.0000 29.2466 0.0040 
39.6529 16.5000 3634.7659 0.4752 0.1664 -0.6303 3.1751 6.0000 29.2967 0.0045 
39.6487 16.5000 3635.1574 0.4796 0.1720 -0.6327 3.1799 6.0000 29.3667 0.0038 
39.6285 16.5000 3628.6883 0.4788 0.1684 -0.6295 3.1682 6.0000 29.1422 0.0034 
39.6558 16.5000 3639.1667 0.4789 0.1715 -0.6267 3.1738 6.0000 29.3342 0.0038 
39.6712 16.5000 3640.3056 0.4757 0.1692 -0.6283 3.1712 6.0000 29.4862 0.0032 
39.6543 16.5000 3639.2502 0.4811 0.1727 -0.6331 3.1803 6.0000 29.2088 0.0032 
39.6785 16.5000 3646.5549 0.4802 0.1699 -0.6371 3.1704 6.0000 28.9265 0.0035 
39.6803 16.5000 3645.9847 0.4796 0.1705 -0.6367 3.1796 6.0000 29.4633 0.0040 
39.6657 16.5000 3636.1864 0.4783 0.1692 -0.6300 3.1743 6.0000 29.1387 0.0037 
39.6471 16.5000 3631.4486 0.4802 0.1717 -0.6336 3.1835 6.0000 29.1454 0.0034 
39.6607 16.5000 3639.6584 0.4781 0.1694 -0.6313 3.1731 6.0000 29.5223 0.0034 
39.6717 16.5000 3641.0686 0.4766 0.1676 -0.6363 3.1700 6.0000 29.0944 0.0037 
39.6715 16.5000 3642.1445 0.4768 0.1704 -0.6289 3.1730 6.0000 29.0986 0.0036 
39.6593 16.5000 3638.5322 0.4779 0.1698 -0.6327 3.1742 6.0000 29.7811 0.0036 
39.6613 16.5000 3638.3279 0.4813 0.1715 -0.6319 3.1699 6.0000 29.4371 0.0035 
39.6620 16.5000 3640.1507 0.4788 0.1720 -0.6285 3.1829 6.0000 29.1657 0.0036 
39.6681 16.5000 3640.1868 0.4793 0.1686 -0.6325 3.1749 6.0000 29.7872 0.0034 
39.6648 16.5000 3640.6361 0.4794 0.1687 -0.6386 3.1733 6.0000 29.4866 0.0038 
39.6706 16.5000 3642.3756 0.4803 0.1708 -0.6259 3.1788 6.0000 29.2331 0.0040 
39.6537 16.5000 3638.3824 0.4777 0.1703 -0.6275 3.1729 6.0000 29.5444 0.0033 
39.6477 16.5000 3632.5894 0.4791 0.1716 -0.6335 3.1775 6.0000 29.2421 0.0035 
39.6739 16.5000 3643.6170 0.4819 0.1746 -0.6329 3.1782 6.0000 29.4306 0.0037 
39.6659 16.5000 3643.4481 0.4777 0.1714 -0.6282 3.1740 6.0000 29.5991 0.0033 
39.6574 16.5000 3637.6888 0.4810 0.1718 -0.6324 3.1793 6.0000 29.3818 0.0036 
39.6739 16.5000 3643.4826 0.4797 0.1696 -0.6271 3.1740 6.0000 29.6916 0.0029 
39.6628 16.5000 3638.5826 0.4782 0.1701 -0.6332 3.1785 6.0000 29.5489 0.0030 
39.6908 16.5000 3650.8655 0.4841 0.1727 -0.6319 3.1735 6.0000 29.3992 0.0039 
39.6863 16.5000 3648.9339 0.4776 0.1715 -0.6247 3.1685 6.0000 29.9023 0.0034 
39.6521 16.5000 3635.9752 0.4779 0.1724 -0.6257 3.1833 6.0000 29.9386 0.0033 
39.6708 16.5000 3641.2040 0.4764 0.1687 -0.6341 3.1741 6.0000 29.4616 0.0037 
39.6752 16.5000 3643.5431 0.4781 0.1701 -0.6323 3.1784 6.0000 29.7155 0.0044 
39.6572 16.5000 3636.3343 0.4772 0.1686 -0.6360 3.1744 6.0000 29.6840 0.0041 
39.6320 16.5000 3627.8822 0.4780 0.1699 -0.6344 3.1821 6.0000 29.4000 0.0043 
39.6419 16.5000 3632.7046 0.4840 0.1714 -0.6361 3.1759 6.0000 29.2563 0.0033 
39.6357 16.5000 3628.7739 0.4787 0.1731 -0.6275 3.1814 6.0000 29.5648 0.0039 
39.6745 16.5000 3644.9027 0.4769 0.1684 -0.6299 3.1740 6.0000 29.3403 0.0039 
39.6502 16.5000 3634.9978 0.4771 0.1690 -0.6283 3.1789 6.0000 29.1084 0.0038 
39.6494 16.5000 3635.2845 0.4780 0.1699 -0.6257 3.1812 6.0000 29.1452 0.0036 
39.6560 16.5000 3637.6296 0.4789 0.1700 -0.6292 3.1753 6.0000 28.8766 0.0040 
39.6632 16.5000 3638.4600 0.4757 0.1680 -0.6298 3.1713 6.0000 29.2187 0.0040 
39.6471 16.5000 3631.8914 0.4764 0.1685 -0.6317 3.1794 6.0000 29.5797 0.0043 
39.6456 16.5000 3636.2937 0.4779 0.1717 -0.6294 3.1806 6.0000 29.0512 0.0038 
39.6347 16.5000 3627.8592 0.4794 0.1716 -0.6327 3.1820 6.0000 28.9814 0.0033 
39.6556 16.5000 3638.2573 0.4780 0.1703 -0.6304 3.1773 6.0000 29.5834 0.0034 
39.6737 16.5000 3643.3784 0.4779 0.1702 -0.6325 3.1785 6.0000 29.1063 0.0040 
39.6710 16.5000 3642.8092 0.4758 0.1674 -0.6293 3.1761 6.0000 28.9794 0.0028 
39.6483 16.5000 3634.9896 0.4789 0.1686 -0.6352 3.1686 6.0000 29.2936 0.0039 
39.6958 16.5000 3651.2304 0.4765 0.1688 -0.6287 3.1738 6.0000 29.3294 0.0032 
39.6531 16.5000 3635.5002 0.4810 0.1715 -0.6320 3.1740 6.0000 29.0953 0.0034 
39.6778 16.5000 3643.4777 0.4808 0.1701 -0.6389 3.1773 6.0000 29.7932 0.0033 
39.6704 16.5000 3642.9654 0.4801 0.1705 -0.6312 3.1759 6.0000 29.7680 0.0048 
39.6766 16.5000 3645.5385 0.4799 0.1696 -0.6317 3.1774 6.0000 29.6917 0.0039 
39.6161 16.5000 3624.1290 0.4806 0.1727 -0.6314 3.1781 6.0000 29.7597 0.0043 
39.6516 16.5000 3636.6699 0.4839 0.1709 -0.6391 3.1708 6.0000 29.6391 0.0029 
39.6347 16.5000 3629.5883 0.4815 0.1722 -0.6277 3.1800 6.0000 29.2231 0.0034 
39.6917 16.5000 3648.3857 0.4779 0.1691 -0.6320 3.1735 6.0000 29.7181 0.0041 
39.6714 16.5000 3644.6230 0.4811 0.1706 -0.6307 3.1774 6.0000 29.0762 0.0038 
39.6415 16.5000 3633.6756 0.4796 0.1719 -0.6300 3.1763 6.0000 29.3768 0.0036 
39.6547 16.5000 3636.4218 0.4831 0.1722 -0.6369 3.1758 6.0000 29.6676 0.0039 
39.6644 16.5000 3639.5183 0.4758 0.1676 -0.6319 3.1748 6.0000 29.1807 0.0038 
39.6498 16.5000 3635.4773 0.4837 0.1717 -0.6290 3.1821 6.0000 29.3654 0.0040 
39.6564 16.5000 3640.7605 0.4760 0.1696 -0.6257 3.1732 6.0000 29.7099 0.0042 
39.6473 16.5000 3635.1704 0.4831 0.1737 -0.6293 3.1830 6.0000 29.5142 0.0037 
39.6384 16.5000 3628.8333 0.4762 0.1661 -0.6327 3.1758 6.0000 29.2617 0.0034 
39.6576 16.5000 3637.3270 0.4777 0.1686 -0.6353 3.1738 6.0000 27.3241 0.0034 
39.6727 16.5000 3643.8180 0.4768 0.1693 -0.6255 3.1757 6.0000 20.3603 0.0034 
