39.6169 4.0000 3623.9617 0.5064 0.1883 -0.6352 3.1251 6.0000 11.8300 0.0048 
39.5748 4.0000 3613.0015 0.5097 0.1915 -0.6444 3.1277 6.0000 11.8224 0.0048 
39.6078 4.0000 3624.6774 0.5078 0.1893 -0.6387 3.1230 6.0000 12.4521 0.0049 
39.6136 4.0000 3623.2275 0.5152 0.1949 -0.6420 3.1317 6.0000 12.5343 0.0049 
39.5912 4.0000 3616.3894 0.5163 0.1969 -0.6442 3.1340 6.0000 12.4353 0.0065 
39.5496 4.0000 3603.1599 0.5146 0.1943 -0.6377 3.1274 5.0000 12.5401 0.0043 
39.6346 4.0000 3635.2971 0.5101 0.1914 -0.6423 3.1242 6.0000 12.9445 0.0060 
39.5685 4.0000 3610.4340 0.5096 0.1913 -0.6358 3.1297 6.0000 12.6890 0.0060 
39.6081 4.0000 3625.8767 0.5106 0.1914 -0.6480 3.1299 6.0000 12.7061 0.0054 
39.5929 4.0000 3614.6603 0.5097 0.1891 -0.6420 3.1159 6.0000 12.7775 0.0051 
39.6053 4.0000 3621.0522 0.5017 0.1868 -0.6304 3.1263 6.0000 12.5349 0.0048 
39.6141 4.0000 3622.0288 0.5066 0.1905 -0.6375 3.1107 6.0000 12.7945 0.0051 
39.6020 4.0000 3621.4401 0.5076 0.1906 -0.6393 3.1194 6.0000 12.6179 0.0049 
39.6111 4.0000 3623.8968 0.5050 0.1879 -0.6396 3.1284 6.0000 12.7620 0.0056 
39.5859 4.0000 3611.8207 0.5110 0.1918 -0.6380 3.1292 6.0000 12.5551 0.0052 
39.5990 4.0000 3617.7190 0.5054 0.1921 -0.6360 3.1260 6.0000 12.7793 0.0052 
39.6010 4.0000 3617.5417 0.5068 0.1879 -0.6417 3.1199 6.0000 12.7919 0.0051 
39.6038 4.0000 3621.8522 0.5152 0.1936 -0.6443 3.1272 6.0000 12.8245 0.0050 
39.6088 4.0000 3619.1039 0.5085 0.1928 -0.6363 3.1250 6.0000 12.6554 0.0053 
39.5957 4.0000 3618.3450 0.5066 0.1897 -0.6340 3.1228 6.0000 12.5590 0.0051 
39.6030 4.0000 3618.1079 0.5046 0.1875 -0.6372 3.1252 6.0000 12.5508 0.0044 
39.6310 4.0000 3629.4330 0.5071 0.1922 -0.6356 3.1220 6.0000 12.6875 0.0054 
39.5909 4.0000 3615.5826 0.5088 0.1937 -0.6417 3.1247 6.0000 12.8512 0.0061 
39.5657 4.0000 3608.8711 0.5084 0.1917 -0.6388 3.1308 6.0000 12.3889 0.0045 
39.6285 4.0000 3627.3672 0.5100 0.1941 -0.6355 3.1312 6.0000 12.8052 0.0050 
39.6058 4.0000 3619.3178 0.5086 0.1952 -0.6374 3.1266 6.0000 12.7606 0.0046 
39.6227 4.0000 3625.9823 0.5126 0.1931 -0.6399 3.1285 6.0000 12.8574 0.0061 
39.5649 4.0000 3608.8409 0.5134 0.1950 -0.6418 3.1305 6.0000 13.0613 0.0057 
39.5813 4.0000 3611.2724 0.5059 0.1906 -0.6357 3.1316 6.0000 12.4406 0.0062 
39.5602 4.0000 3600.7586 0.5082 0.1928 -0.6379 3.1247 6.0000 12.7925 0.0047 
39.6182 4.0000 3627.6825 0.5043 0.1884 -0.6339 3.1141 6.0000 12.7308 0.0065 
39.5478 4.0000 3596.7082 0.5044 0.1913 -0.6397 3.1304 6.0000 12.8722 0.0049 
39.6116 4.0000 3625.5854 0.5091 0.1904 -0.6495 3.1268 6.0000 12.8059 0.0050 
39.6058 4.0000 3621.8598 0.5095 0.1942 -0.6346 3.1197 6.0000 12.9116 0.0061 
39.5657 4.0000 3605.5251 0.5136 0.1919 -0.6530 3.1310 6.0000 13.0662 0.0045 
39.6257 4.0000 3628.7834 0.5076 0.1897 -0.6423 3.1333 6.0000 12.9206 0.0055 
39.5889 4.0000 3610.0575 0.5064 0.1913 -0.6366 3.1347 6.0000 12.5718 0.0063 
39.5571 4.0000 3598.3014 0.5063 0.1921 -0.6415 3.1296 6.0000 12.8160 0.0054 
39.5939 4.0000 3616.5667 0.5079 0.1917 -0.6373 3.1249 6.0000 13.0480 0.0050 
39.6071 4.0000 3621.2293 0.5048 0.1893 -0.6416 3.1208 6.0000 12.8489 0.0049 
39.6106 4.0000 3621.3755 0.5106 0.1912 -0.6494 3.1314 6.0000 12.8941 0.0057 
39.5801 4.0000 3612.8227 0.5100 0.1910 -0.6458 3.1274 6.0000 12.4292 0.0047 
39.6207 4.0000 3629.0724 0.5069 0.1897 -0.6438 3.1268 6.0000 12.5788 0.0046 
39.6227 4.0000 3624.5849 0.5056 0.1922 -0.6312 3.1166 6.0000 12.8947 0.0052 
39.5980 4.0000 3619.2638 0.5107 0.1928 -0.6429 3.1346 6.0000 12.7257 0.0047 
39.6204 4.0000 3627.0694 0.5060 0.1895 -0.6396 3.1225 6.0000 12.4703 0.0054 
39.5919 4.0000 3617.5516 0.5028 0.1866 -0.6341 3.1257 6.0000 12.5256 0.0057 
39.5806 4.0000 3613.5009 0.5087 0.1898 -0.6459 3.1233 6.0000 12.7278 0.0052 
39.5992 4.0000 3624.2847 0.5052 0.1913 -0.6332 3.1110 6.0000 12.5493 0.0052 
39.5982 4.0000 3620.2933 0.5079 0.1884 -0.6424 3.1178 6.0000 12.6436 0.0068 
39.5387 4.0000 3594.2328 0.5071 0.1888 -0.6448 3.1170 6.0000 12.9020 0.0054 
39.5904 4.0000 3617.8308 0.5069 0.1925 -0.6398 3.1306 6.0000 12.8093 0.0053 
39.5962 4.0000 3616.7730 0.5005 0.1888 -0.6326 3.1246 6.0000 12.9161 0.0049 
39.6116 4.0000 3621.4837 0.5132 0.1915 -0.6499 3.1320 6.0000 12.4805 0.0054 
39.5919 4.0000 3616.1367 0.5023 0.1865 -0.6362 3.1159 6.0000 12.6952 0.0054 
39.5922 4.0000 3615.8560 0.5122 0.1921 -0.6495 3.1241 6.0000 13.0672 0.0052 
39.5995 4.0000 3617.5306 0.5106 0.1893 -0.6473 3.1172 6.0000 12.8074 0.0064 
39.5526 4.0000 3601.1791 0.5059 0.1878 -0.6445 3.1167 6.0000 12.5201 0.0058 
39.5760 4.0000 3615.9912 0.5108 0.1908 -0.6441 3.1214 6.0000 13.0129 0.0048 
39.6159 4.0000 3624.7193 0.5120 0.1926 -0.6421 3.1270 6.0000 12.5229 0.0048 
39.6151 4.0000 3626.7256 0.5054 0.1910 -0.6364 3.1249 6.0000 12.9133 0.0051 
39.6023 4.0000 3621.1566 0.5076 0.1900 -0.6399 3.1194 6.0000 12.4615 0.0051 
39.6043 4.0000 3620.6656 0.5072 0.1911 -0.6386 3.1277 6.0000 12.7742 0.0059 
39.5723 4.0000 3605.4003 0.5058 0.1904 -0.6343 3.1336 6.0000 12.8089 0.0055 
39.5874 4.0000 3614.2043 0.5089 0.1912 -0.6438 3.1302 6.0000 12.6285 0.0054 
39.5932 4.0000 3616.1770 0.5118 0.1955 -0.6412 3.1225 6.0000 12.5755 0.0059 
39.5715 4.0000 3611.3728 0.5097 0.1901 -0.6395 3.1275 6.0000 12.8593 0.0051 
39.6030 4.0000 3624.6668 0.5107 0.1930 -0.6386 3.1238 6.0000 12.5561 0.0051 
39.5427 4.0000 3597.9859 0.5102 0.1918 -0.6424 3.1219 6.0000 13.1291 0.0057 
39.5622 4.0000 3602.7453 0.5149 0.1946 -0.6479 3.1272 6.0000 12.5067 0.0062 
39.5821 4.0000 3610.1907 0.5056 0.1938 -0.6318 3.1263 6.0000 12.9010 0.0046 
39.6219 4.0000 3623.1569 0.5110 0.1899 -0.6455 3.1345 6.0000 12.8199 0.0050 
39.6093 4.0000 3621.3090 0.5054 0.1874 -0.6411 3.1285 6.0000 12.9977 0.0049 
39.6119 4.0000 3621.9382 0.5089 0.1938 -0.6425 3.1241 6.0000 12.7275 0.0052 
39.6015 4.0000 3624.1301 0.5098 0.1917 -0.6397 3.1221 6.0000 12.8950 0.0047 
39.6192 4.0000 3630.6240 0.5069 0.1918 -0.6341 3.1350 6.0000 12.9887 0.0044 
39.6325 4.0000 3624.5127 0.5093 0.1918 -0.6425 3.1293 6.0000 12.7743 0.0055 
39.5871 4.0000 3614.0088 0.5096 0.1902 -0.6452 3.1240 6.0000 12.8970 0.0062 
39.5622 4.0000 3607.2315 0.5069 0.1924 -0.6401 3.1311 6.0000 12.8600 0.0049 
39.6126 4.0000 3624.4434 0.5061 0.1913 -0.6387 3.1291 6.0000 12.8783 0.0043 
39.6368 4.0000 3628.5195 0.5047 0.1910 -0.6357 3.1256 6.0000 12.8052 0.0054 
39.5924 4.0000 3618.9856 0.5063 0.1923 -0.6360 3.1333 6.0000 12.7190 0.0052 
39.6018 4.0000 3618.2989 0.5137 0.1902 -0.6468 3.1309 6.0000 13.5674 0.0052 
39.5995 4.0000 3617.3839 0.5018 0.1880 -0.6362 3.1295 6.0000 13.1247 0.0052 
39.6000 4.0000 3622.1657 0.5065 0.1912 -0.6355 3.1222 6.0000 13.0966 0.0060 
39.5950 4.0000 3618.2653 0.5097 0.1907 -0.6425 3.1219 6.0000 12.5592 0.0053 
39.5675 4.0000 3606.3528 0.5054 0.1884 -0.6414 3.1315 6.0000 12.7972 0.0051 
39.6035 4.0000 3622.9183 0.5115 0.1951 -0.6345 3.1245 6.0000 12.8305 0.0062 
39.5591 4.0000 3604.6386 0.5081 0.1898 -0.6398 3.1237 6.0000 12.9848 0.0050 
39.6088 4.0000 3622.1253 0.5114 0.1908 -0.6452 3.1253 6.0000 13.0679 0.0053 
39.5962 4.0000 3615.7541 0.5082 0.1925 -0.6395 3.1329 6.0000 12.9770 0.0061 
39.5660 4.0000 3607.8441 0.5098 0.1901 -0.6415 3.1302 6.0000 13.0715 0.0050 
39.6058 4.0000 3622.6931 0.5075 0.1923 -0.6448 3.1204 6.0000 13.0699 0.0050 
39.6093 4.0000 3620.1710 0.5104 0.1934 -0.6401 3.1166 6.0000 13.0709 0.0059 
39.5707 4.0000 3603.3707 0.5159 0.1945 -0.6418 3.1262 6.0000 13.0540 0.0044 
39.6298 4.0000 3623.7417 0.5126 0.1929 -0.6453 3.1302 6.0000 13.1084 0.0055 
39.5874 4.0000 3614.4096 0.5107 0.1945 -0.6354 3.1322 6.0000 13.1553 0.0047 
39.6209 4.0000 3629.7354 0.5050 0.1890 -0.6343 3.1113 6.0000 12.8824 0.0051 
39.6043 4.0000 3620.6852 0.5073 0.1901 -0.6382 3.1154 6.0000 12.9978 0.0057 
39.5791 4.0000 3609.8764 0.5006 0.1903 -0.6297 3.1172 6.0000 12.7030 0.0057 
