39.5385 16.5000 3590.3790 0.3178 0.1087 -0.5666 2.9305 5.0000 5.6594 0.0068 
39.5878 16.5000 3614.4619 0.3143 0.1048 -0.5631 2.9228 6.0000 5.8158 0.0063 
39.5983 16.5000 3619.2585 0.3140 0.1062 -0.5646 2.9232 5.0000 5.7054 0.0068 
39.5547 16.5000 3599.0369 0.3141 0.1063 -0.5670 2.9274 5.0000 5.4773 0.0064 
39.5284 16.5000 3593.6307 0.3192 0.1081 -0.5704 2.9250 5.0000 5.5838 0.0057 
39.5518 16.5000 3600.8485 0.3161 0.1082 -0.5682 2.9281 5.0000 5.5860 0.0073 
39.5817 16.5000 3614.3823 0.3131 0.1058 -0.5604 2.9218 5.0000 5.7798 0.0068 
39.5183 16.5000 3579.3644 0.3184 0.1072 -0.5703 2.9253 5.0000 5.8419 0.0061 
39.5367 16.5000 3591.1137 0.3171 0.1079 -0.5670 2.9237 5.0000 5.7598 0.0061 
39.5662 16.5000 3606.4064 0.3167 0.1084 -0.5666 2.9280 6.0000 5.9347 0.0061 
39.5222 16.5000 3589.3443 0.3165 0.1053 -0.5720 2.9262 5.0000 5.9170 0.0064 
39.5655 16.5000 3602.9285 0.3163 0.1074 -0.5676 2.9271 5.0000 6.0042 0.0055 
39.5543 16.5000 3597.0434 0.3163 0.1065 -0.5667 2.9238 5.0000 5.7646 0.0060 
39.5882 16.5000 3613.4862 0.3165 0.1066 -0.5647 2.9232 5.0000 5.6578 0.0060 
39.5669 16.5000 3607.8303 0.3153 0.1084 -0.5621 2.9240 5.0000 5.7782 0.0064 
39.5381 16.5000 3599.9211 0.3151 0.1050 -0.5690 2.9206 5.0000 5.7294 0.0082 
39.5525 16.5000 3597.9153 0.3147 0.1064 -0.5645 2.9237 5.0000 5.6891 0.0082 
39.4826 16.5000 3578.7152 0.3180 0.1071 -0.5711 2.9185 5.0000 5.7914 0.0075 
39.5186 16.5000 3587.0812 0.3171 0.1078 -0.5644 2.9264 5.0000 6.0128 0.0063 
39.5114 16.5000 3585.4286 0.3169 0.1091 -0.5633 2.9253 5.0000 5.7723 0.0073 
39.5161 16.5000 3589.3630 0.3158 0.1076 -0.5646 2.9300 5.0000 5.8644 0.0067 
39.5561 16.5000 3600.8200 0.3169 0.1066 -0.5720 2.9310 5.0000 5.9804 0.0057 
39.5428 16.5000 3595.2567 0.3167 0.1084 -0.5671 2.9268 5.0000 6.1532 0.0069 
39.5785 16.5000 3610.5664 0.3154 0.1054 -0.5657 2.9218 5.0000 6.2264 0.0064 
39.5320 16.5000 3591.8278 0.3188 0.1080 -0.5703 2.9274 5.0000 5.7130 0.0076 
39.5514 16.5000 3601.2899 0.3136 0.1067 -0.5622 2.9270 5.0000 5.8259 0.0071 
39.5060 16.5000 3588.9469 0.3164 0.1060 -0.5653 2.9270 5.0000 5.8841 0.0062 
39.5262 16.5000 3590.1247 0.3120 0.1053 -0.5643 2.9274 5.0000 5.7860 0.0072 
39.5601 16.5000 3606.2266 0.3158 0.1063 -0.5676 2.9227 5.0000 5.8066 0.0053 
39.5194 16.5000 3590.9418 0.3160 0.1055 -0.5656 2.9232 5.0000 5.8340 0.0069 
39.5954 16.5000 3616.0256 0.3163 0.1064 -0.5675 2.9226 5.0000 5.6352 0.0062 
39.5334 16.5000 3590.4626 0.3134 0.1069 -0.5642 2.9289 5.0000 5.6784 0.0074 
39.5590 16.5000 3603.3677 0.3161 0.1073 -0.5627 2.9301 5.0000 5.7218 0.0072 
39.5150 16.5000 3582.3938 0.3166 0.1073 -0.5676 2.9319 5.0000 5.7055 0.0068 
39.5230 16.5000 3593.6847 0.3147 0.1048 -0.5667 2.9242 5.0000 5.7031 0.0078 
39.5352 16.5000 3595.3306 0.3167 0.1066 -0.5677 2.9212 5.0000 5.7226 0.0063 
39.4959 16.5000 3574.2158 0.3165 0.1069 -0.5710 2.9243 5.0000 5.7264 0.0067 
39.5572 16.5000 3601.1490 0.3159 0.1065 -0.5689 2.9196 5.0000 5.6333 0.0066 
39.5410 16.5000 3598.9166 0.3189 0.1084 -0.5659 2.9236 5.0000 5.7906 0.0061 
39.5449 16.5000 3590.5758 0.3150 0.1079 -0.5633 2.9292 5.0000 5.9634 0.0067 
39.5662 16.5000 3606.0151 0.3140 0.1072 -0.5633 2.9228 5.0000 6.0142 0.0076 
39.5395 16.5000 3597.0463 0.3141 0.1059 -0.5625 2.9275 5.0000 5.9126 0.0059 
39.5075 16.5000 3575.3097 0.3145 0.1075 -0.5689 2.9288 5.0000 5.8328 0.0053 
39.5720 16.5000 3610.3412 0.3143 0.1052 -0.5622 2.9198 5.0000 6.0022 0.0075 
39.5954 16.5000 3616.8593 0.3149 0.1072 -0.5652 2.9297 5.0000 6.0716 0.0077 
39.5107 16.5000 3584.0389 0.3140 0.1073 -0.5649 2.9289 5.0000 5.7135 0.0064 
39.5035 16.5000 3585.2279 0.3166 0.1068 -0.5689 2.9285 5.0000 5.8997 0.0071 
39.5540 16.5000 3603.7554 0.3162 0.1071 -0.5677 2.9212 5.0000 5.8844 0.0070 
39.5269 16.5000 3588.6867 0.3187 0.1078 -0.5650 2.9266 5.0000 5.9888 0.0069 
39.5277 16.5000 3593.2585 0.3162 0.1054 -0.5666 2.9215 5.0000 5.8515 0.0068 
39.5341 16.5000 3598.9242 0.3179 0.1080 -0.5667 2.9225 5.0000 6.0905 0.0072 
39.5381 16.5000 3588.1016 0.3150 0.1069 -0.5707 2.9237 5.0000 5.8678 0.0073 
39.5222 16.5000 3581.9312 0.3165 0.1083 -0.5679 2.9322 5.0000 5.8734 0.0062 
39.5161 16.5000 3584.7361 0.3133 0.1039 -0.5686 2.9170 5.0000 6.0641 0.0075 
39.5590 16.5000 3605.7208 0.3138 0.1066 -0.5641 2.9290 5.0000 5.8182 0.0053 
39.5107 16.5000 3581.3381 0.3184 0.1068 -0.5708 2.9260 5.0000 5.8509 0.0060 
39.5957 16.5000 3619.0658 0.3159 0.1064 -0.5623 2.9252 5.0000 5.8425 0.0068 
39.5691 16.5000 3604.3516 0.3136 0.1071 -0.5646 2.9253 5.0000 5.7034 0.0052 
39.5381 16.5000 3592.3779 0.3169 0.1073 -0.5683 2.9267 5.0000 5.6721 0.0069 
39.5986 16.5000 3618.0047 0.3165 0.1063 -0.5636 2.9212 5.0000 5.7513 0.0061 
39.5313 16.5000 3590.8907 0.3135 0.1083 -0.5656 2.9280 5.0000 5.9170 0.0066 
39.5655 16.5000 3608.1704 0.3197 0.1077 -0.5684 2.9258 5.0000 6.0226 0.0074 
39.5464 16.5000 3600.9616 0.3159 0.1084 -0.5641 2.9236 5.0000 5.9925 0.0071 
39.5143 16.5000 3588.0386 0.3172 0.1083 -0.5626 2.9285 5.0000 5.9510 0.0075 
39.5251 16.5000 3593.1944 0.3171 0.1075 -0.5667 2.9264 5.0000 5.8886 0.0071 
39.5104 16.5000 3587.0218 0.3157 0.1064 -0.5654 2.9260 5.0000 6.0200 0.0064 
39.5259 16.5000 3592.9995 0.3162 0.1070 -0.5652 2.9238 5.0000 5.7915 0.0073 
39.5518 16.5000 3597.2769 0.3189 0.1089 -0.5686 2.9276 5.0000 5.6582 0.0065 
39.5176 16.5000 3587.7139 0.3142 0.1051 -0.5678 2.9260 5.0000 5.9125 0.0066 
39.5500 16.5000 3600.0004 0.3144 0.1074 -0.5641 2.9232 5.0000 6.0654 0.0065 
39.5457 16.5000 3598.0440 0.3153 0.1072 -0.5675 2.9251 5.0000 5.9946 0.0071 
39.5478 16.5000 3585.1656 0.3135 0.1066 -0.5674 2.9250 5.0000 5.9606 0.0072 
39.5251 16.5000 3591.0946 0.3144 0.1069 -0.5613 2.9248 5.0000 5.8304 0.0072 
39.5197 16.5000 3580.8290 0.3134 0.1062 -0.5679 2.9289 5.0000 5.7808 0.0073 
39.5222 16.5000 3592.2962 0.3154 0.1050 -0.5674 2.9235 5.0000 5.9478 0.0068 
39.5161 16.5000 3596.3174 0.3150 0.1070 -0.5599 2.9252 5.0000 5.7761 0.0074 
39.5374 16.5000 3595.1104 0.3142 0.1060 -0.5658 2.9280 5.0000 5.7510 0.0067 
39.5118 16.5000 3588.0746 0.3186 0.1087 -0.5650 2.9234 5.0000 5.7738 0.0072 
39.5417 16.5000 3601.3057 0.3143 0.1051 -0.5662 2.9224 5.0000 5.7461 0.0079 
39.5230 16.5000 3587.8447 0.3170 0.1064 -0.5720 2.9234 5.0000 5.6466 0.0058 
39.4938 16.5000 3578.4295 0.3153 0.1084 -0.5629 2.9272 5.0000 5.8276 0.0069 
39.5756 16.5000 3611.1457 0.3153 0.1074 -0.5604 2.9259 5.0000 5.8609 0.0064 
39.5345 16.5000 3589.2048 0.3143 0.1066 -0.5646 2.9245 5.0000 5.7472 0.0071 
39.5532 16.5000 3599.7309 0.3157 0.1078 -0.5652 2.9232 5.0000 5.7844 0.0056 
39.5262 16.5000 3589.8577 0.3150 0.1061 -0.5687 2.9247 5.0000 5.8934 0.0072 
39.5831 16.5000 3612.5365 0.3143 0.1066 -0.5618 2.9257 5.0000 5.8267 0.0064 
39.5230 16.5000 3586.0353 0.3166 0.1068 -0.5694 2.9276 5.0000 5.8963 0.0076 
39.5532 16.5000 3603.3835 0.3191 0.1081 -0.5663 2.9270 5.0000 5.6416 0.0065 
39.5068 16.5000 3583.1349 0.3153 0.1050 -0.5674 2.9217 5.0000 5.6342 0.0066 
39.5496 16.5000 3596.9566 0.3156 0.1063 -0.5666 2.9239 5.0000 5.6690 0.0072 
39.5457 16.5000 3593.9272 0.3155 0.1063 -0.5671 2.9244 5.0000 5.6678 0.0068 
39.5215 16.5000 3585.2747 0.3177 0.1085 -0.5700 2.9311 5.0000 5.7055 0.0065 
39.5356 16.5000 3592.9415 0.3163 0.1055 -0.5706 2.9211 5.0000 5.8343 0.0075 
39.5485 16.5000 3599.3313 0.3181 0.1077 -0.5679 2.9233 5.0000 5.7715 0.0054 
39.5104 16.5000 3579.6426 0.3135 0.1077 -0.5684 2.9288 5.0000 5.6902 0.0077 
39.5932 16.5000 3620.5866 0.3141 0.1052 -0.5637 2.9228 5.0000 5.8030 0.0066 
39.5003 16.5000 3581.8696 0.3141 0.1066 -0.5653 2.9287 5.0000 5.9968 0.0062 
39.5442 16.5000 3595.7377 0.3171 0.1061 -0.5670 2.9266 5.0000 5.9699 0.0068 
39.5622 16.5000 3606.2400 0.3165 0.1077 -0.5659 2.9228 5.0000 5.5959 0.0068 
39.5370 16.5000 3594.2818 0.3122 0.1054 -0.5613 2.9260 5.0000 4.8221 0.0068 
