39.6511 4.0000 3636.4416 0.4283 0.1442 -0.6243 3.1243 6.0000 28.1238 0.0037 
39.6658 4.0000 3639.4075 0.4272 0.1455 -0.6237 3.1229 6.0000 28.3188 0.0037 
39.6597 4.0000 3638.3781 0.4297 0.1465 -0.6213 3.1250 6.0000 28.2117 0.0037 
39.6692 4.0000 3640.3375 0.4273 0.1470 -0.6173 3.1236 6.0000 28.6972 0.0037 
39.6356 4.0000 3628.3497 0.4269 0.1486 -0.6126 3.1278 6.0000 28.9502 0.0038 
39.6595 4.0000 3638.2369 0.4263 0.1451 -0.6187 3.1259 6.0000 29.0954 0.0039 
39.6555 4.0000 3636.5599 0.4302 0.1453 -0.6240 3.1188 6.0000 29.5907 0.0042 
39.6494 4.0000 3632.6625 0.4272 0.1466 -0.6183 3.1290 6.0000 29.7464 0.0042 
39.6381 4.0000 3629.1538 0.4295 0.1445 -0.6234 3.1226 6.0000 29.6340 0.0042 
39.6412 4.0000 3629.2482 0.4260 0.1476 -0.6162 3.1279 6.0000 27.8839 0.0038 
39.6654 4.0000 3642.3453 0.4262 0.1424 -0.6222 3.1156 6.0000 28.6729 0.0033 
39.6559 4.0000 3636.8468 0.4287 0.1463 -0.6184 3.1255 6.0000 28.6967 0.0033 
39.6742 4.0000 3643.9931 0.4259 0.1456 -0.6189 3.1239 6.0000 28.3431 0.0033 
39.6631 4.0000 3640.6988 0.4262 0.1460 -0.6169 3.1250 6.0000 28.7718 0.0042 
39.6736 4.0000 3642.8157 0.4325 0.1490 -0.6191 3.1308 6.0000 28.6796 0.0042 
39.6402 4.0000 3632.4252 0.4271 0.1448 -0.6239 3.1258 6.0000 28.7226 0.0036 
39.6482 4.0000 3633.5370 0.4275 0.1447 -0.6192 3.1272 6.0000 29.0791 0.0039 
39.6627 4.0000 3639.4891 0.4298 0.1475 -0.6203 3.1226 6.0000 29.1368 0.0039 
39.6509 4.0000 3633.4840 0.4265 0.1450 -0.6194 3.1279 6.0000 28.6119 0.0043 
39.6614 4.0000 3641.1599 0.4290 0.1443 -0.6205 3.1244 6.0000 28.9137 0.0042 
39.6370 4.0000 3629.0969 0.4246 0.1430 -0.6218 3.1203 6.0000 29.0368 0.0040 
39.6381 4.0000 3630.8800 0.4278 0.1468 -0.6217 3.1255 6.0000 29.9923 0.0037 
39.6459 4.0000 3630.8243 0.4278 0.1469 -0.6178 3.1344 6.0000 29.9676 0.0033 
39.6578 4.0000 3636.1051 0.4267 0.1466 -0.6181 3.1285 6.0000 29.7400 0.0033 
39.6749 4.0000 3641.6267 0.4301 0.1476 -0.6186 3.1242 6.0000 28.8298 0.0035 
39.6639 4.0000 3641.2547 0.4235 0.1433 -0.6170 3.1271 6.0000 28.6465 0.0041 
39.6667 4.0000 3640.9901 0.4283 0.1457 -0.6178 3.1212 6.0000 28.8957 0.0033 
39.6442 4.0000 3634.3840 0.4267 0.1459 -0.6141 3.1205 6.0000 28.6607 0.0036 
39.6742 4.0000 3642.7715 0.4309 0.1474 -0.6230 3.1287 6.0000 28.5774 0.0035 
39.6625 4.0000 3639.3403 0.4266 0.1459 -0.6193 3.1244 6.0000 28.7908 0.0039 
39.6654 4.0000 3640.5397 0.4284 0.1472 -0.6212 3.1271 6.0000 28.9907 0.0040 
39.6492 4.0000 3632.9464 0.4270 0.1449 -0.6223 3.1242 6.0000 28.5468 0.0037 
39.6467 4.0000 3633.1862 0.4295 0.1471 -0.6193 3.1276 6.0000 28.8697 0.0042 
39.6595 4.0000 3639.9603 0.4301 0.1464 -0.6243 3.1204 6.0000 29.3623 0.0037 
39.6410 4.0000 3632.3062 0.4280 0.1432 -0.6256 3.1268 6.0000 28.7297 0.0030 
39.6583 4.0000 3639.2259 0.4299 0.1459 -0.6218 3.1252 6.0000 28.9620 0.0038 
39.6875 4.0000 3651.7640 0.4290 0.1461 -0.6146 3.1204 6.0000 29.0275 0.0036 
39.6562 4.0000 3638.8783 0.4270 0.1445 -0.6186 3.1223 6.0000 29.1591 0.0040 
39.6627 4.0000 3637.9006 0.4256 0.1445 -0.6187 3.1213 6.0000 28.7087 0.0037 
39.6475 4.0000 3632.8705 0.4259 0.1450 -0.6169 3.1241 6.0000 29.0686 0.0035 
39.6608 4.0000 3639.0286 0.4313 0.1469 -0.6219 3.1241 6.0000 29.2164 0.0041 
39.6675 4.0000 3643.2333 0.4295 0.1443 -0.6274 3.1218 6.0000 29.0611 0.0035 
39.6419 4.0000 3632.6583 0.4263 0.1451 -0.6197 3.1165 6.0000 29.6616 0.0039 
39.6686 4.0000 3641.0952 0.4299 0.1468 -0.6149 3.1260 6.0000 29.8416 0.0034 
39.6530 4.0000 3635.6820 0.4279 0.1464 -0.6211 3.1255 6.0000 29.8910 0.0032 
39.6717 4.0000 3641.5891 0.4292 0.1474 -0.6182 3.1252 6.0000 29.0765 0.0035 
39.6772 4.0000 3646.9229 0.4275 0.1447 -0.6182 3.1206 6.0000 28.9058 0.0031 
39.6679 4.0000 3639.2261 0.4261 0.1447 -0.6159 3.1291 6.0000 29.1520 0.0048 
39.6812 4.0000 3647.8247 0.4268 0.1456 -0.6191 3.1198 6.0000 29.4538 0.0036 
39.6166 4.0000 3622.7360 0.4304 0.1492 -0.6210 3.1296 6.0000 29.0696 0.0045 
39.6648 4.0000 3642.3232 0.4274 0.1449 -0.6207 3.1238 6.0000 29.0629 0.0046 
39.6276 4.0000 3625.9863 0.4309 0.1446 -0.6300 3.1217 6.0000 30.2837 0.0043 
39.6242 4.0000 3624.8838 0.4265 0.1451 -0.6211 3.1280 6.0000 30.5998 0.0042 
39.6337 4.0000 3630.3434 0.4280 0.1464 -0.6187 3.1241 6.0000 30.5571 0.0035 
39.6402 4.0000 3629.5744 0.4277 0.1457 -0.6191 3.1222 6.0000 29.1656 0.0045 
39.6662 4.0000 3640.9712 0.4309 0.1475 -0.6176 3.1262 6.0000 29.2011 0.0043 
39.6276 4.0000 3623.9584 0.4304 0.1485 -0.6194 3.1333 6.0000 29.2929 0.0047 
39.6349 4.0000 3628.4836 0.4329 0.1483 -0.6228 3.1287 6.0000 30.8197 0.0043 
39.6194 4.0000 3622.1969 0.4320 0.1484 -0.6226 3.1300 6.0000 30.6726 0.0041 
39.6351 4.0000 3629.5641 0.4292 0.1466 -0.6198 3.1310 6.0000 30.9247 0.0034 
39.6438 4.0000 3631.5864 0.4275 0.1446 -0.6196 3.1189 6.0000 30.6498 0.0037 
39.6719 4.0000 3645.0290 0.4290 0.1468 -0.6233 3.1270 6.0000 30.6499 0.0036 
39.6574 4.0000 3636.4260 0.4277 0.1462 -0.6235 3.1247 6.0000 30.6693 0.0038 
39.6648 4.0000 3640.8962 0.4334 0.1458 -0.6239 3.1194 6.0000 29.0256 0.0043 
39.6557 4.0000 3637.9725 0.4299 0.1472 -0.6221 3.1248 6.0000 28.7324 0.0042 
39.6370 4.0000 3630.2667 0.4249 0.1440 -0.6210 3.1206 6.0000 29.0635 0.0047 
39.6383 4.0000 3628.5019 0.4265 0.1455 -0.6209 3.1267 6.0000 29.1108 0.0035 
39.6194 4.0000 3624.9132 0.4268 0.1455 -0.6194 3.1186 6.0000 29.0592 0.0043 
39.6665 4.0000 3639.6580 0.4282 0.1447 -0.6230 3.1255 6.0000 28.8837 0.0039 
39.6343 4.0000 3631.6370 0.4314 0.1466 -0.6217 3.1190 6.0000 29.3528 0.0035 
39.6522 4.0000 3635.2121 0.4267 0.1466 -0.6182 3.1266 6.0000 29.0738 0.0040 
39.6669 4.0000 3640.6835 0.4247 0.1439 -0.6193 3.1186 6.0000 29.4976 0.0036 
39.6473 4.0000 3633.0149 0.4277 0.1471 -0.6208 3.1252 6.0000 30.7599 0.0031 
39.6629 4.0000 3638.6362 0.4267 0.1456 -0.6206 3.1228 6.0000 30.7753 0.0039 
39.6812 4.0000 3649.5099 0.4280 0.1462 -0.6179 3.1238 6.0000 30.5570 0.0039 
39.6528 4.0000 3633.4052 0.4331 0.1481 -0.6246 3.1351 6.0000 29.5136 0.0043 
39.6509 4.0000 3636.3966 0.4289 0.1469 -0.6188 3.1235 6.0000 29.0847 0.0043 
39.6345 4.0000 3629.1225 0.4296 0.1480 -0.6176 3.1299 6.0000 28.9944 0.0039 
39.6650 4.0000 3639.5729 0.4268 0.1438 -0.6258 3.1192 6.0000 28.8383 0.0039 
39.6494 4.0000 3638.7446 0.4255 0.1459 -0.6129 3.1229 6.0000 29.2194 0.0042 
39.6513 4.0000 3634.6042 0.4308 0.1476 -0.6186 3.1251 6.0000 29.2794 0.0039 
39.6412 4.0000 3634.0187 0.4319 0.1473 -0.6208 3.1218 6.0000 28.7731 0.0032 
39.6501 4.0000 3633.8829 0.4278 0.1457 -0.6207 3.1217 6.0000 29.2650 0.0041 
39.6772 4.0000 3643.1879 0.4266 0.1453 -0.6204 3.1237 6.0000 29.1874 0.0035 
39.6429 4.0000 3630.5128 0.4251 0.1465 -0.6175 3.1242 6.0000 29.5415 0.0038 
39.6669 4.0000 3641.9222 0.4289 0.1471 -0.6195 3.1328 6.0000 29.1190 0.0038 
39.6555 4.0000 3634.5561 0.4299 0.1466 -0.6208 3.1243 6.0000 29.3020 0.0035 
39.6568 4.0000 3636.5649 0.4267 0.1435 -0.6179 3.1240 6.0000 28.8163 0.0044 
39.6658 4.0000 3638.6459 0.4285 0.1463 -0.6194 3.1215 6.0000 29.0813 0.0041 
39.6303 4.0000 3627.0267 0.4283 0.1467 -0.6196 3.1306 6.0000 28.8562 0.0035 
39.6417 4.0000 3630.6992 0.4291 0.1463 -0.6220 3.1305 6.0000 29.0138 0.0044 
39.6665 4.0000 3638.0702 0.4280 0.1461 -0.6198 3.1265 6.0000 29.0623 0.0039 
39.6330 4.0000 3631.3756 0.4325 0.1471 -0.6272 3.1204 6.0000 28.8772 0.0040 
39.6526 4.0000 3632.1774 0.4287 0.1455 -0.6231 3.1245 6.0000 29.2444 0.0038 
39.6475 4.0000 3634.8058 0.4288 0.1459 -0.6203 3.1265 6.0000 29.2896 0.0040 
39.6557 4.0000 3636.8062 0.4277 0.1452 -0.6213 3.1203 6.0000 28.7741 0.0038 
39.6484 4.0000 3634.6251 0.4308 0.1457 -0.6275 3.1247 6.0000 29.2573 0.0038 
39.6555 4.0000 3638.4082 0.4289 0.1444 -0.6209 3.1262 6.0000 29.1145 0.0038 
39.6541 4.0000 3637.3256 0.4307 0.1474 -0.6144 3.1269 6.0000 28.9438 0.0038 
39.6532 4.0000 3636.5866 0.4329 0.1466 -0.6200 3.1231 6.0000 17.9802 0.0038 
