39.6543 4.0000 3634.5769 0.3743 0.1212 -0.6009 3.0974 6.0000 27.2228 0.0034 
39.6700 4.0000 3642.0631 0.3660 0.1178 -0.5959 3.0956 6.0000 27.8269 0.0034 
39.6894 4.0000 3647.9115 0.3732 0.1191 -0.5961 3.0903 6.0000 27.8634 0.0034 
39.6704 4.0000 3640.4628 0.3721 0.1184 -0.6016 3.0958 6.0000 28.1152 0.0029 
39.6587 4.0000 3636.8474 0.3698 0.1186 -0.5987 3.0923 6.0000 27.7716 0.0032 
39.6900 4.0000 3648.4895 0.3708 0.1190 -0.5957 3.0895 6.0000 27.8206 0.0032 
39.6778 4.0000 3644.0971 0.3707 0.1199 -0.5944 3.0908 6.0000 28.6871 0.0035 
39.6654 4.0000 3639.5992 0.3701 0.1182 -0.5949 3.0910 6.0000 28.7348 0.0029 
39.6673 4.0000 3643.9365 0.3673 0.1178 -0.5969 3.0936 6.0000 28.5612 0.0035 
39.6906 4.0000 3651.6807 0.3688 0.1192 -0.5937 3.0942 6.0000 28.1327 0.0036 
39.6633 4.0000 3636.1627 0.3696 0.1177 -0.6005 3.0927 6.0000 28.8268 0.0032 
39.6633 4.0000 3639.9649 0.3701 0.1191 -0.5967 3.0897 6.0000 28.6304 0.0032 
39.6801 4.0000 3647.6177 0.3683 0.1196 -0.5930 3.0939 6.0000 28.4428 0.0032 
39.6881 4.0000 3648.7238 0.3747 0.1210 -0.5953 3.0956 6.0000 28.4693 0.0032 
39.6801 4.0000 3647.5298 0.3696 0.1168 -0.6014 3.0899 6.0000 28.5626 0.0032 
39.6786 4.0000 3645.0498 0.3723 0.1191 -0.5980 3.0895 6.0000 28.2790 0.0040 
39.6854 4.0000 3645.7949 0.3701 0.1161 -0.6013 3.0899 6.0000 28.6381 0.0041 
39.6471 4.0000 3630.0141 0.3698 0.1207 -0.5978 3.1019 6.0000 28.5228 0.0041 
39.6440 4.0000 3634.0416 0.3701 0.1195 -0.5958 3.0935 6.0000 28.3273 0.0036 
39.7022 4.0000 3654.2934 0.3720 0.1207 -0.5958 3.0981 6.0000 29.2301 0.0039 
39.6620 4.0000 3637.5280 0.3704 0.1184 -0.5972 3.0956 6.0000 29.0151 0.0039 
39.6509 4.0000 3633.0637 0.3713 0.1195 -0.5986 3.1004 6.0000 28.9384 0.0038 
39.6347 4.0000 3626.8047 0.3695 0.1191 -0.5985 3.0984 6.0000 28.9141 0.0034 
39.6562 4.0000 3634.2755 0.3707 0.1187 -0.5991 3.0898 6.0000 28.8094 0.0034 
39.6700 4.0000 3641.8558 0.3691 0.1185 -0.5980 3.0868 5.0000 28.3259 0.0032 
39.6776 4.0000 3642.8630 0.3741 0.1190 -0.6020 3.0933 6.0000 28.9763 0.0038 
39.6786 4.0000 3644.7594 0.3690 0.1178 -0.5966 3.0929 6.0000 28.9099 0.0038 
39.6547 4.0000 3638.5759 0.3693 0.1172 -0.6001 3.0922 6.0000 29.3645 0.0037 
39.6591 4.0000 3638.5595 0.3736 0.1197 -0.6005 3.0932 6.0000 29.0599 0.0033 
39.6576 4.0000 3639.7987 0.3714 0.1182 -0.5979 3.0888 6.0000 29.0558 0.0033 
39.6755 4.0000 3643.1585 0.3726 0.1184 -0.6001 3.0958 6.0000 28.6653 0.0034 
39.6660 4.0000 3640.1793 0.3704 0.1174 -0.6001 3.0943 6.0000 28.9814 0.0040 
39.6711 4.0000 3642.9182 0.3687 0.1184 -0.5959 3.0982 6.0000 29.4983 0.0032 
39.6454 4.0000 3631.2184 0.3733 0.1203 -0.6014 3.0954 6.0000 28.9334 0.0036 
39.6776 4.0000 3644.0074 0.3694 0.1183 -0.5926 3.0878 6.0000 28.9088 0.0041 
39.6629 4.0000 3636.5000 0.3689 0.1182 -0.5959 3.0928 6.0000 29.1606 0.0035 
39.6452 4.0000 3631.6129 0.3710 0.1203 -0.5950 3.0963 6.0000 29.1099 0.0036 
39.6688 4.0000 3639.7507 0.3733 0.1207 -0.5999 3.0967 6.0000 28.9140 0.0037 
39.6629 4.0000 3638.3987 0.3706 0.1193 -0.5940 3.0920 6.0000 29.0691 0.0035 
39.6595 4.0000 3640.0082 0.3714 0.1182 -0.5979 3.0938 6.0000 29.3193 0.0036 
39.6662 4.0000 3639.9895 0.3749 0.1228 -0.5964 3.0971 6.0000 28.8770 0.0034 
39.6623 4.0000 3638.3434 0.3709 0.1189 -0.5958 3.0951 6.0000 28.7179 0.0032 
39.6694 4.0000 3641.8922 0.3731 0.1205 -0.5960 3.0956 6.0000 29.2016 0.0031 
39.6776 4.0000 3646.8703 0.3735 0.1189 -0.6008 3.0947 6.0000 28.6946 0.0034 
39.6826 4.0000 3646.6896 0.3697 0.1179 -0.5967 3.0897 6.0000 28.9407 0.0035 
39.6694 4.0000 3640.9378 0.3694 0.1196 -0.5927 3.0890 6.0000 28.8492 0.0037 
39.6675 4.0000 3638.6505 0.3704 0.1194 -0.6001 3.0962 6.0000 29.2355 0.0034 
39.6589 4.0000 3636.9981 0.3730 0.1198 -0.5992 3.0954 6.0000 28.9558 0.0036 
39.6711 4.0000 3643.0710 0.3681 0.1181 -0.5948 3.0941 6.0000 29.4785 0.0038 
39.6612 4.0000 3638.4550 0.3727 0.1200 -0.5973 3.0930 6.0000 30.0499 0.0035 
39.6532 4.0000 3633.9613 0.3717 0.1189 -0.6017 3.0921 6.0000 29.8007 0.0038 
39.6681 4.0000 3639.4643 0.3713 0.1191 -0.5956 3.0895 6.0000 28.9399 0.0030 
39.6541 4.0000 3636.9113 0.3716 0.1177 -0.5979 3.0891 6.0000 28.8554 0.0038 
39.6868 4.0000 3647.7734 0.3713 0.1196 -0.5951 3.0927 6.0000 28.9520 0.0037 
39.6564 4.0000 3636.1608 0.3723 0.1189 -0.5965 3.0966 6.0000 29.2528 0.0035 
39.6606 4.0000 3636.3008 0.3717 0.1215 -0.5969 3.0985 6.0000 29.2745 0.0033 
39.6681 4.0000 3640.5059 0.3697 0.1186 -0.5947 3.0899 6.0000 28.6263 0.0033 
39.6753 4.0000 3641.8285 0.3730 0.1202 -0.5963 3.0950 6.0000 29.1015 0.0034 
39.6654 4.0000 3639.0193 0.3712 0.1191 -0.5985 3.0939 6.0000 28.7484 0.0033 
39.6719 4.0000 3641.7274 0.3715 0.1195 -0.5988 3.0952 6.0000 28.8638 0.0033 
39.6749 4.0000 3643.3897 0.3697 0.1196 -0.5956 3.0929 6.0000 28.7263 0.0044 
39.6433 4.0000 3631.6076 0.3714 0.1200 -0.5930 3.0909 6.0000 29.0043 0.0035 
39.6332 4.0000 3626.4639 0.3712 0.1202 -0.5989 3.1012 6.0000 29.1702 0.0035 
39.6673 4.0000 3639.6585 0.3735 0.1200 -0.6018 3.0963 6.0000 30.4836 0.0029 
39.6654 4.0000 3639.6297 0.3718 0.1206 -0.5944 3.0931 6.0000 30.5617 0.0032 
39.6913 4.0000 3650.0364 0.3683 0.1181 -0.5982 3.0874 6.0000 30.3288 0.0032 
39.6789 4.0000 3645.4521 0.3678 0.1174 -0.5962 3.0938 6.0000 30.7250 0.0038 
39.6616 4.0000 3637.5616 0.3713 0.1197 -0.6016 3.0936 6.0000 30.3659 0.0034 
39.6545 4.0000 3635.4460 0.3702 0.1176 -0.5992 3.0971 6.0000 31.0424 0.0037 
39.6728 4.0000 3641.6671 0.3722 0.1197 -0.6002 3.0937 6.0000 29.3334 0.0044 
39.6576 4.0000 3635.8123 0.3710 0.1188 -0.6020 3.0949 6.0000 28.9939 0.0043 
39.6328 4.0000 3632.3125 0.3713 0.1186 -0.5988 3.0916 6.0000 28.9832 0.0039 
39.6341 4.0000 3627.8590 0.3725 0.1199 -0.5981 3.0935 6.0000 29.5580 0.0035 
39.6503 4.0000 3632.6339 0.3727 0.1193 -0.5978 3.0939 6.0000 29.3257 0.0039 
39.6658 4.0000 3637.2415 0.3716 0.1204 -0.5979 3.0967 6.0000 29.2557 0.0041 
39.6528 4.0000 3635.4248 0.3727 0.1191 -0.5972 3.0919 6.0000 29.5271 0.0035 
39.6417 4.0000 3630.9378 0.3696 0.1179 -0.6002 3.0934 6.0000 29.0303 0.0033 
39.6660 4.0000 3639.4174 0.3704 0.1183 -0.5987 3.0948 6.0000 29.1497 0.0035 
39.6742 4.0000 3641.4538 0.3704 0.1175 -0.6002 3.0888 6.0000 28.8536 0.0041 
39.6679 4.0000 3639.9069 0.3682 0.1192 -0.5956 3.0978 6.0000 28.6941 0.0037 
39.6414 4.0000 3631.1410 0.3711 0.1201 -0.5962 3.0921 6.0000 28.7188 0.0033 
39.6578 4.0000 3639.6131 0.3704 0.1198 -0.5971 3.0914 6.0000 29.3462 0.0028 
39.6755 4.0000 3642.8792 0.3741 0.1218 -0.6003 3.0979 6.0000 29.0062 0.0035 
39.6931 4.0000 3648.7312 0.3702 0.1187 -0.5975 3.0980 6.0000 28.8576 0.0042 
39.6671 4.0000 3639.9882 0.3694 0.1185 -0.5912 3.0951 6.0000 29.0314 0.0032 
39.6393 4.0000 3629.4916 0.3689 0.1182 -0.5976 3.0981 6.0000 28.7370 0.0032 
39.6799 4.0000 3646.1118 0.3707 0.1187 -0.5949 3.0923 6.0000 28.4521 0.0033 
39.6547 4.0000 3638.0418 0.3739 0.1213 -0.5955 3.0908 6.0000 30.0434 0.0033 
39.6742 4.0000 3642.4903 0.3690 0.1176 -0.5965 3.0939 6.0000 29.8599 0.0033 
39.6757 4.0000 3642.2043 0.3706 0.1204 -0.5972 3.0945 6.0000 29.8445 0.0037 
39.6580 4.0000 3636.1908 0.3703 0.1184 -0.5976 3.0938 6.0000 29.1483 0.0032 
39.6616 4.0000 3639.2245 0.3675 0.1186 -0.5929 3.0928 6.0000 29.2277 0.0032 
39.6772 4.0000 3643.4956 0.3688 0.1180 -0.5937 3.0929 6.0000 29.0968 0.0035 
39.6652 4.0000 3640.5225 0.3726 0.1217 -0.5945 3.0904 6.0000 29.7000 0.0040 
39.6822 4.0000 3645.7188 0.3712 0.1187 -0.5979 3.0924 6.0000 29.3464 0.0040 
39.6484 4.0000 3634.0742 0.3669 0.1164 -0.5988 3.0924 6.0000 29.2635 0.0040 
39.6789 4.0000 3645.6396 0.3682 0.1179 -0.5987 3.0896 6.0000 29.3595 0.0034 
39.6591 4.0000 3637.7505 0.3713 0.1200 -0.5929 3.0924 6.0000 29.2488 0.0034 
39.6694 4.0000 3641.2104 0.3681 0.1175 -0.5976 3.0920 6.0000 29.1043 0.0034 
39.6671 4.0000 3640.4802 0.3719 0.1213 -0.5901 3.0953 6.0000 17.6501 0.0035 
