39.3271 16.5000 3518.3213 0.4813 0.1978 -0.6554 2.9052 5.0000 2.6546 0.0124 
39.2535 16.5000 3514.1806 0.4779 0.1954 -0.6444 2.9080 5.0000 2.6406 0.0124 
39.3876 16.5000 3553.9506 0.4841 0.1980 -0.6463 2.9105 5.0000 2.5960 0.0122 
39.3180 16.5000 3519.5158 0.4839 0.2050 -0.6461 2.9176 5.0000 2.8042 0.0128 
39.4023 16.5000 3571.8799 0.4817 0.1988 -0.6288 2.9002 5.0000 2.7509 0.0128 
39.3034 16.5000 3520.1740 0.4817 0.1966 -0.6528 2.9088 5.0000 2.7483 0.0128 
39.3049 16.5000 3525.1455 0.4822 0.1991 -0.6452 2.9090 5.0000 2.5240 0.0105 
39.3644 16.5000 3540.8741 0.4832 0.2002 -0.6473 2.9096 5.0000 2.5032 0.0105 
39.3932 16.5000 3562.6023 0.4829 0.2009 -0.6361 2.9171 5.0000 2.5277 0.0105 
39.2625 16.5000 3495.9682 0.4803 0.2013 -0.6473 2.9207 5.0000 2.6529 0.0134 
39.2963 16.5000 3520.2749 0.4822 0.1984 -0.6549 2.9105 5.0000 2.6668 0.0134 
39.2807 16.5000 3519.0416 0.4807 0.1981 -0.6512 2.9103 5.0000 2.6666 0.0134 
39.3927 16.5000 3549.5430 0.4764 0.1963 -0.6401 2.9003 5.0000 2.5028 0.0133 
39.2459 16.5000 3496.4338 0.4795 0.1954 -0.6575 2.9051 5.0000 2.5034 0.0133 
39.2847 16.5000 3519.1052 0.4714 0.1941 -0.6409 2.9062 5.0000 2.4949 0.0133 
39.2802 16.5000 3490.8358 0.4870 0.2054 -0.6506 2.9256 5.0000 2.7058 0.0122 
39.2923 16.5000 3505.1551 0.4850 0.2021 -0.6594 2.9097 5.0000 2.7632 0.0115 
39.3271 16.5000 3514.2926 0.4774 0.1995 -0.6465 2.9127 5.0000 2.7541 0.0115 
39.3538 16.5000 3515.0219 0.4807 0.1976 -0.6537 2.9145 5.0000 2.5300 0.0130 
39.1950 16.5000 3485.3332 0.4793 0.1979 -0.6546 2.9021 5.0000 2.5393 0.0107 
39.2953 16.5000 3514.1130 0.4815 0.2007 -0.6505 2.9035 5.0000 2.5901 0.0115 
39.3831 16.5000 3537.4250 0.4822 0.2001 -0.6511 2.9139 5.0000 2.6833 0.0125 
39.3513 16.5000 3513.0784 0.4835 0.2015 -0.6474 2.9179 5.0000 2.6548 0.0131 
39.3160 16.5000 3507.0018 0.4814 0.1989 -0.6489 2.9178 5.0000 2.6668 0.0148 
39.2903 16.5000 3510.7970 0.4866 0.2018 -0.6422 2.9213 5.0000 2.5033 0.0115 
39.2267 16.5000 3485.8764 0.4817 0.2027 -0.6497 2.9153 5.0000 2.4841 0.0115 
39.3544 16.5000 3551.0361 0.4831 0.1993 -0.6481 2.9081 5.0000 2.5302 0.0115 
39.3992 16.5000 3560.2270 0.4887 0.2003 -0.6521 2.9085 5.0000 2.7389 0.0131 
39.3518 16.5000 3534.8631 0.4775 0.1967 -0.6469 2.9135 5.0000 2.6968 0.0131 
39.2898 16.5000 3505.4103 0.4753 0.1960 -0.6499 2.9195 5.0000 2.7884 0.0134 
39.3110 16.5000 3529.0159 0.4879 0.2002 -0.6484 2.9099 5.0000 2.5386 0.0130 
39.2807 16.5000 3514.3526 0.4761 0.1961 -0.6431 2.9123 5.0000 2.5154 0.0130 
39.2958 16.5000 3496.2643 0.4802 0.2011 -0.6550 2.9164 5.0000 2.5402 0.0113 
39.3296 16.5000 3530.4863 0.4777 0.1960 -0.6481 2.9090 5.0000 2.6532 0.0137 
39.3594 16.5000 3551.1859 0.4775 0.1966 -0.6512 2.8978 5.0000 2.6409 0.0137 
39.2671 16.5000 3489.3458 0.4825 0.2019 -0.6502 2.9197 5.0000 2.6611 0.0113 
39.4083 16.5000 3566.2658 0.4826 0.2000 -0.6386 2.8930 5.0000 2.5435 0.0101 
39.3629 16.5000 3540.3647 0.4831 0.2007 -0.6457 2.9031 5.0000 2.5638 0.0101 
39.4073 16.5000 3553.3074 0.4847 0.2008 -0.6456 2.9127 5.0000 2.5196 0.0107 
39.3216 16.5000 3528.9221 0.4860 0.2023 -0.6393 2.9187 5.0000 2.7606 0.0130 
39.3851 16.5000 3556.8787 0.4718 0.1955 -0.6500 2.8946 5.0000 2.7468 0.0130 
39.2938 16.5000 3516.0782 0.4878 0.2031 -0.6513 2.9215 5.0000 2.7698 0.0128 
39.3493 16.5000 3544.1851 0.4842 0.2009 -0.6467 2.9176 5.0000 2.5428 0.0145 
39.3019 16.5000 3529.5551 0.4812 0.2019 -0.6424 2.9152 5.0000 2.5179 0.0145 
39.2363 16.5000 3487.0149 0.4810 0.1999 -0.6530 2.9215 5.0000 2.5315 0.0139 
39.3054 16.5000 3529.8704 0.4802 0.1958 -0.6484 2.9033 5.0000 2.7148 0.0142 
39.2595 16.5000 3503.7513 0.4810 0.1958 -0.6504 2.9033 5.0000 2.7082 0.0142 
39.2489 16.5000 3490.2174 0.4795 0.2004 -0.6451 2.9237 5.0000 2.7437 0.0152 
39.3922 16.5000 3531.6822 0.4815 0.2025 -0.6469 2.9008 5.0000 2.5286 0.0125 
39.2111 16.5000 3489.1279 0.4884 0.1979 -0.6610 2.9034 5.0000 2.5300 0.0125 
39.3125 16.5000 3530.4994 0.4806 0.1976 -0.6469 2.9026 5.0000 2.5361 0.0101 
39.3513 16.5000 3531.3685 0.4804 0.1961 -0.6508 2.9113 5.0000 2.7933 0.0133 
39.4073 16.5000 3565.8623 0.4807 0.1949 -0.6391 2.9050 5.0000 2.7920 0.0133 
39.2832 16.5000 3525.5021 0.4800 0.2025 -0.6392 2.9043 5.0000 2.7567 0.0129 
39.2994 16.5000 3498.1589 0.4787 0.2020 -0.6449 2.9247 5.0000 2.5430 0.0144 
39.2918 16.5000 3519.7770 0.4761 0.1969 -0.6407 2.8998 5.0000 2.5723 0.0144 
39.2419 16.5000 3506.5059 0.4771 0.1992 -0.6383 2.9144 5.0000 2.4975 0.0110 
39.2414 16.5000 3499.7125 0.4786 0.1970 -0.6477 2.9113 5.0000 2.6944 0.0124 
39.3730 16.5000 3565.4966 0.4714 0.1924 -0.6392 2.9017 5.0000 2.7471 0.0160 
39.3175 16.5000 3519.1455 0.4831 0.2006 -0.6475 2.9132 5.0000 2.6276 0.0160 
39.1803 16.5000 3449.8931 0.4825 0.2034 -0.6536 2.9215 5.0000 2.5329 0.0120 
39.3281 16.5000 3543.3342 0.4768 0.1970 -0.6408 2.9176 5.0000 2.5216 0.0110 
39.3337 16.5000 3523.2923 0.4808 0.2003 -0.6532 2.9119 5.0000 2.5159 0.0110 
39.3720 16.5000 3528.6230 0.4780 0.1967 -0.6518 2.9172 5.0000 2.7804 0.0137 
39.3745 16.5000 3550.5059 0.4828 0.1983 -0.6476 2.9082 5.0000 2.7720 0.0137 
39.2681 16.5000 3511.5617 0.4821 0.2004 -0.6484 2.9086 5.0000 2.7370 0.0137 
39.2666 16.5000 3510.9004 0.4851 0.1980 -0.6548 2.9104 5.0000 2.5610 0.0104 
39.2323 16.5000 3478.8116 0.4787 0.2036 -0.6512 2.9124 5.0000 2.5142 0.0104 
39.3947 16.5000 3549.3478 0.4764 0.1953 -0.6385 2.9113 5.0000 2.5151 0.0104 
39.1783 16.5000 3488.2194 0.4843 0.1985 -0.6500 2.9168 5.0000 2.6811 0.0122 
39.3564 16.5000 3525.1637 0.4798 0.2007 -0.6467 2.9291 5.0000 2.7987 0.0129 
39.3256 16.5000 3519.4315 0.4761 0.1980 -0.6425 2.9085 5.0000 2.6998 0.0122 
39.3195 16.5000 3525.4381 0.4806 0.2024 -0.6433 2.9126 5.0000 2.5190 0.0123 
39.2974 16.5000 3522.4525 0.4821 0.1979 -0.6512 2.9139 5.0000 2.5169 0.0123 
39.3236 16.5000 3525.3503 0.4816 0.1987 -0.6444 2.9175 5.0000 2.5438 0.0130 
39.3206 16.5000 3519.7977 0.4791 0.1978 -0.6466 2.9014 5.0000 2.7545 0.0133 
39.2963 16.5000 3507.2968 0.4856 0.2046 -0.6526 2.9084 5.0000 2.7690 0.0161 
39.2842 16.5000 3515.1581 0.4844 0.2010 -0.6540 2.9087 5.0000 2.7951 0.0141 
39.1753 16.5000 3454.3768 0.4817 0.2031 -0.6545 2.9229 5.0000 2.5296 0.0114 
39.2530 16.5000 3480.2931 0.4810 0.2009 -0.6477 2.9204 5.0000 2.5060 0.0114 
39.3574 16.5000 3531.3513 0.4843 0.1989 -0.6518 2.9094 5.0000 2.5281 0.0137 
39.3251 16.5000 3523.7992 0.4809 0.1984 -0.6475 2.9139 5.0000 2.6876 0.0132 
39.2696 16.5000 3494.9286 0.4807 0.1972 -0.6569 2.9097 5.0000 2.7303 0.0125 
39.2873 16.5000 3523.6636 0.4780 0.1994 -0.6453 2.9143 5.0000 2.7091 0.0118 
39.3160 16.5000 3531.5945 0.4803 0.1962 -0.6471 2.9017 5.0000 2.5407 0.0117 
39.3433 16.5000 3529.2726 0.4794 0.2033 -0.6438 2.9153 5.0000 2.4965 0.0117 
39.3468 16.5000 3527.2777 0.4873 0.2007 -0.6548 2.9131 5.0000 2.5170 0.0107 
39.3352 16.5000 3532.9392 0.4795 0.2003 -0.6478 2.9169 5.0000 2.7772 0.0143 
39.3846 16.5000 3532.7511 0.4795 0.1960 -0.6488 2.9186 5.0000 2.8190 0.0121 
39.2439 16.5000 3497.8315 0.4848 0.2022 -0.6464 2.9172 5.0000 2.7384 0.0143 
39.3296 16.5000 3514.8822 0.4822 0.2024 -0.6547 2.9119 5.0000 2.5371 0.0154 
39.2444 16.5000 3492.5059 0.4777 0.1994 -0.6453 2.9242 5.0000 2.5189 0.0104 
39.2030 16.5000 3481.5617 0.4757 0.1989 -0.6409 2.9199 5.0000 2.5247 0.0143 
39.3962 16.5000 3558.0464 0.4773 0.1942 -0.6461 2.9010 5.0000 2.7214 0.0150 
39.2454 16.5000 3493.3735 0.4789 0.2006 -0.6406 2.9186 5.0000 2.7039 0.0150 
39.2161 16.5000 3494.6840 0.4759 0.1982 -0.6444 2.9158 5.0000 2.6797 0.0121 
39.2863 16.5000 3524.5079 0.4782 0.1977 -0.6419 2.9139 5.0000 2.5655 0.0114 
39.3317 16.5000 3529.9556 0.4821 0.1984 -0.6500 2.9124 5.0000 2.5415 0.0114 
39.3569 16.5000 3532.1816 0.4775 0.1946 -0.6521 2.9122 5.0000 2.5500 0.0118 
39.3412 16.5000 3533.1753 0.4777 0.1960 -0.6488 2.9090 5.0000 2.5138 0.0118 
