39.6761 4.0000 3643.1049 0.4074 0.1359 -0.6133 3.1101 6.0000 28.1410 0.0037 
39.6578 4.0000 3638.3489 0.4054 0.1335 -0.6110 3.1089 6.0000 28.5997 0.0031 
39.6650 4.0000 3640.4180 0.4026 0.1325 -0.6084 3.1067 6.0000 28.5327 0.0031 
39.6826 4.0000 3647.3615 0.4068 0.1343 -0.6161 3.1118 6.0000 27.3897 0.0028 
39.6475 4.0000 3635.0002 0.4052 0.1358 -0.6106 3.1167 6.0000 28.1590 0.0037 
39.6950 4.0000 3649.8987 0.4052 0.1331 -0.6149 3.1120 6.0000 27.6177 0.0037 
39.6595 4.0000 3640.8098 0.4087 0.1372 -0.6162 3.1163 6.0000 28.0270 0.0033 
39.6604 4.0000 3638.1408 0.4092 0.1365 -0.6129 3.1133 6.0000 27.8890 0.0040 
39.6755 4.0000 3643.0034 0.4077 0.1364 -0.6108 3.1144 6.0000 28.3307 0.0034 
39.6478 4.0000 3630.9304 0.4046 0.1351 -0.6115 3.1134 6.0000 28.4035 0.0040 
39.6728 4.0000 3643.8712 0.4049 0.1342 -0.6155 3.1109 6.0000 28.7628 0.0036 
39.6469 4.0000 3629.9599 0.4067 0.1351 -0.6192 3.1128 6.0000 28.4087 0.0044 
39.6644 4.0000 3638.5767 0.4043 0.1339 -0.6132 3.1134 6.0000 28.3828 0.0043 
39.6314 4.0000 3631.7486 0.4063 0.1370 -0.6131 3.1101 6.0000 28.1123 0.0040 
39.6349 4.0000 3632.1177 0.4085 0.1377 -0.6139 3.1135 6.0000 28.6882 0.0036 
39.6482 4.0000 3635.8691 0.4048 0.1362 -0.6108 3.1141 6.0000 28.5167 0.0040 
39.6618 4.0000 3636.8579 0.4087 0.1368 -0.6132 3.1144 6.0000 28.8476 0.0036 
39.6459 4.0000 3633.5231 0.4105 0.1384 -0.6173 3.1163 6.0000 28.7612 0.0038 
39.6633 4.0000 3638.1583 0.4050 0.1366 -0.6101 3.1137 6.0000 27.9963 0.0038 
39.6564 4.0000 3638.5450 0.4083 0.1363 -0.6156 3.1128 6.0000 29.1227 0.0031 
39.6532 4.0000 3633.2978 0.4071 0.1358 -0.6136 3.1125 6.0000 28.5474 0.0031 
39.6833 4.0000 3647.3878 0.4078 0.1365 -0.6130 3.1096 6.0000 28.8753 0.0042 
39.6828 4.0000 3646.5908 0.4061 0.1339 -0.6180 3.1118 6.0000 28.6988 0.0039 
39.6377 4.0000 3631.9260 0.4091 0.1361 -0.6147 3.1173 6.0000 29.0089 0.0038 
39.6511 4.0000 3634.2400 0.4067 0.1361 -0.6111 3.1061 6.0000 29.1740 0.0034 
39.6549 4.0000 3637.6732 0.4054 0.1353 -0.6101 3.1091 6.0000 28.9114 0.0035 
39.6723 4.0000 3641.3310 0.4042 0.1354 -0.6077 3.1174 6.0000 28.9491 0.0034 
39.6669 4.0000 3642.0534 0.4025 0.1335 -0.6113 3.1114 6.0000 28.7514 0.0047 
39.6711 4.0000 3645.4008 0.4053 0.1352 -0.6092 3.1089 6.0000 28.8698 0.0036 
39.6183 4.0000 3622.5296 0.4049 0.1352 -0.6105 3.1125 6.0000 28.8071 0.0046 
39.6618 4.0000 3640.5244 0.4051 0.1352 -0.6075 3.1075 6.0000 28.8507 0.0038 
39.6251 4.0000 3624.8735 0.3998 0.1345 -0.6051 3.1091 6.0000 28.7448 0.0036 
39.6536 4.0000 3635.3813 0.4062 0.1347 -0.6142 3.1129 6.0000 28.8278 0.0044 
39.6625 4.0000 3640.4395 0.4072 0.1344 -0.6164 3.1108 6.0000 29.1404 0.0034 
39.6332 4.0000 3631.1629 0.4075 0.1383 -0.6102 3.1174 6.0000 29.2339 0.0038 
39.6696 4.0000 3640.8035 0.4057 0.1340 -0.6108 3.1168 6.0000 28.9272 0.0032 
39.6551 4.0000 3635.9985 0.4081 0.1355 -0.6167 3.1142 6.0000 29.9668 0.0041 
39.6772 4.0000 3644.3506 0.4060 0.1345 -0.6102 3.1094 6.0000 29.5699 0.0032 
39.6429 4.0000 3629.6068 0.4052 0.1343 -0.6176 3.1122 6.0000 29.6952 0.0039 
39.6782 4.0000 3646.7812 0.4068 0.1356 -0.6107 3.1093 6.0000 29.0143 0.0027 
39.6505 4.0000 3635.3464 0.4069 0.1354 -0.6078 3.1069 6.0000 28.6837 0.0038 
39.6976 4.0000 3650.5269 0.4068 0.1353 -0.6096 3.1124 6.0000 28.7497 0.0035 
39.6551 4.0000 3635.9966 0.4020 0.1340 -0.6131 3.1145 6.0000 28.6078 0.0041 
39.6665 4.0000 3640.8699 0.4086 0.1361 -0.6172 3.1162 6.0000 29.1233 0.0039 
39.6448 4.0000 3634.4338 0.4073 0.1367 -0.6137 3.1102 6.0000 28.6515 0.0037 
39.6517 4.0000 3633.7074 0.4066 0.1347 -0.6142 3.1095 6.0000 30.2289 0.0033 
39.6606 4.0000 3639.8241 0.4062 0.1359 -0.6136 3.1133 6.0000 29.8021 0.0034 
39.6740 4.0000 3642.3758 0.4067 0.1361 -0.6106 3.1140 6.0000 30.1707 0.0040 
39.6728 4.0000 3643.7814 0.4073 0.1369 -0.6069 3.1109 6.0000 29.2358 0.0038 
39.6488 4.0000 3635.1005 0.4065 0.1341 -0.6112 3.1104 6.0000 28.6898 0.0034 
39.6555 4.0000 3635.2156 0.4072 0.1368 -0.6135 3.1111 6.0000 28.9738 0.0030 
39.6709 4.0000 3644.3518 0.4040 0.1356 -0.6068 3.1146 6.0000 28.6313 0.0037 
39.6856 4.0000 3647.7724 0.4020 0.1336 -0.6081 3.1131 6.0000 28.3545 0.0039 
39.6591 4.0000 3638.2297 0.4092 0.1362 -0.6191 3.1099 6.0000 28.7102 0.0032 
39.6513 4.0000 3637.1187 0.4044 0.1348 -0.6075 3.1103 6.0000 29.0897 0.0039 
39.6772 4.0000 3645.3272 0.4071 0.1348 -0.6160 3.1110 6.0000 29.0713 0.0036 
39.6496 4.0000 3633.0475 0.4034 0.1347 -0.6111 3.1138 6.0000 28.6900 0.0033 
39.6616 4.0000 3638.0191 0.4042 0.1355 -0.6093 3.1150 6.0000 28.8097 0.0039 
39.6751 4.0000 3644.9290 0.4091 0.1374 -0.6117 3.1164 6.0000 28.8827 0.0042 
39.6528 4.0000 3635.5214 0.4067 0.1362 -0.6120 3.1188 6.0000 28.7401 0.0043 
39.6387 4.0000 3633.8775 0.4041 0.1336 -0.6154 3.1095 6.0000 28.9495 0.0035 
39.6347 4.0000 3628.1791 0.4117 0.1386 -0.6190 3.1138 6.0000 28.8415 0.0035 
39.6679 4.0000 3642.9550 0.4063 0.1359 -0.6092 3.1118 6.0000 28.8827 0.0037 
39.6858 4.0000 3648.1841 0.4046 0.1338 -0.6084 3.1114 6.0000 29.0327 0.0038 
39.6585 4.0000 3638.0034 0.4038 0.1353 -0.6088 3.1115 6.0000 28.6636 0.0038 
39.6557 4.0000 3638.5372 0.4064 0.1334 -0.6182 3.1048 6.0000 28.7735 0.0035 
39.6568 4.0000 3635.3781 0.4032 0.1350 -0.6127 3.1163 6.0000 28.6383 0.0040 
39.6679 4.0000 3641.6404 0.4068 0.1360 -0.6049 3.1119 6.0000 28.9211 0.0039 
39.6478 4.0000 3635.5654 0.4081 0.1349 -0.6195 3.1196 6.0000 29.0719 0.0042 
39.6513 4.0000 3633.3323 0.4085 0.1355 -0.6194 3.1144 6.0000 28.8517 0.0036 
39.6406 4.0000 3634.0847 0.4070 0.1366 -0.6101 3.1117 6.0000 28.7802 0.0029 
39.6612 4.0000 3635.4363 0.4042 0.1328 -0.6152 3.1110 6.0000 28.5333 0.0035 
39.6925 4.0000 3649.7184 0.4053 0.1356 -0.6138 3.1162 6.0000 28.6022 0.0033 
39.6656 4.0000 3644.1961 0.4068 0.1346 -0.6144 3.1116 6.0000 28.9882 0.0044 
39.6730 4.0000 3642.8092 0.4067 0.1375 -0.6110 3.1160 6.0000 28.7581 0.0037 
39.6303 4.0000 3628.4042 0.4078 0.1343 -0.6170 3.1152 6.0000 29.5245 0.0030 
39.6595 4.0000 3641.4592 0.4014 0.1323 -0.6140 3.1085 6.0000 29.0315 0.0030 
39.6875 4.0000 3646.9466 0.4076 0.1362 -0.6156 3.1152 6.0000 28.7309 0.0037 
39.6580 4.0000 3634.9479 0.4034 0.1324 -0.6147 3.1128 6.0000 29.1726 0.0037 
39.6715 4.0000 3643.0712 0.4077 0.1361 -0.6153 3.1109 6.0000 29.3252 0.0037 
39.6589 4.0000 3638.3852 0.4059 0.1338 -0.6151 3.1108 6.0000 29.0772 0.0037 
39.6610 4.0000 3638.0462 0.4076 0.1358 -0.6105 3.1141 6.0000 29.0838 0.0036 
39.6671 4.0000 3643.1919 0.4102 0.1379 -0.6121 3.1076 6.0000 28.9621 0.0036 
39.6612 4.0000 3638.2325 0.4078 0.1350 -0.6174 3.1175 6.0000 29.0665 0.0046 
39.6236 4.0000 3625.2718 0.4072 0.1382 -0.6107 3.1108 6.0000 30.1839 0.0044 
39.6272 4.0000 3628.2192 0.4054 0.1348 -0.6131 3.1144 6.0000 30.3988 0.0033 
39.6303 4.0000 3630.4203 0.4037 0.1349 -0.6089 3.1102 6.0000 30.3723 0.0033 
39.6734 4.0000 3645.4792 0.4061 0.1347 -0.6102 3.1069 6.0000 30.4627 0.0040 
39.6593 4.0000 3637.2783 0.4061 0.1350 -0.6144 3.1136 6.0000 30.6591 0.0036 
39.6488 4.0000 3631.6520 0.4062 0.1355 -0.6129 3.1111 6.0000 30.2114 0.0041 
39.6448 4.0000 3633.2976 0.4047 0.1355 -0.6102 3.1112 6.0000 30.8348 0.0036 
39.6639 4.0000 3641.3239 0.4023 0.1342 -0.6075 3.1118 6.0000 30.5111 0.0036 
39.6639 4.0000 3637.1003 0.4043 0.1324 -0.6134 3.1062 6.0000 30.5016 0.0036 
39.6635 4.0000 3640.1618 0.4089 0.1358 -0.6172 3.1115 6.0000 28.8573 0.0034 
39.6673 4.0000 3640.9197 0.4049 0.1371 -0.6082 3.1144 6.0000 28.7475 0.0034 
39.6719 4.0000 3644.9441 0.4059 0.1335 -0.6161 3.1098 6.0000 29.1753 0.0032 
39.6559 4.0000 3634.5500 0.4068 0.1353 -0.6117 3.1129 6.0000 28.7342 0.0038 
39.6782 4.0000 3643.9191 0.4036 0.1343 -0.6132 3.1113 6.0000 28.7863 0.0038 
39.6545 4.0000 3636.4021 0.4058 0.1352 -0.6175 3.1090 6.0000 28.7635 0.0032 
39.6791 4.0000 3646.3712 0.4072 0.1353 -0.6139 3.1149 6.0000 18.5136 0.0032 
