39.6201 16.5000 3627.4135 0.4335 0.1510 -0.6230 3.1044 6.0000 15.4202 0.0043 
39.6510 16.5000 3633.9711 0.4302 0.1480 -0.6240 3.1038 6.0000 15.1948 0.0039 
39.6354 16.5000 3627.6249 0.4310 0.1485 -0.6196 3.1063 6.0000 15.9344 0.0041 
39.6414 16.5000 3630.7397 0.4313 0.1505 -0.6196 3.1037 6.0000 16.2149 0.0045 
39.6279 16.5000 3627.2413 0.4310 0.1478 -0.6252 3.1029 6.0000 15.7904 0.0038 
39.6552 16.5000 3637.9982 0.4327 0.1477 -0.6253 3.0988 6.0000 16.3690 0.0044 
39.6332 16.5000 3628.0459 0.4305 0.1475 -0.6253 3.1085 6.0000 16.7969 0.0040 
39.6469 16.5000 3634.3448 0.4278 0.1470 -0.6224 3.1031 6.0000 16.7288 0.0040 
39.6467 16.5000 3635.4855 0.4347 0.1524 -0.6220 3.1084 6.0000 16.5227 0.0050 
39.6086 16.5000 3622.2914 0.4317 0.1519 -0.6187 3.1095 6.0000 16.1750 0.0043 
39.6366 16.5000 3632.2820 0.4295 0.1486 -0.6213 3.0990 6.0000 16.6196 0.0054 
39.5928 16.5000 3616.8144 0.4300 0.1481 -0.6248 3.1036 6.0000 16.1796 0.0038 
39.6554 16.5000 3637.6827 0.4337 0.1484 -0.6274 3.1025 6.0000 16.8146 0.0049 
39.6102 16.5000 3623.1386 0.4260 0.1482 -0.6165 3.0956 6.0000 16.4256 0.0049 
39.6559 16.5000 3639.0916 0.4321 0.1484 -0.6225 3.1022 6.0000 16.7089 0.0038 
39.6235 16.5000 3627.6900 0.4359 0.1517 -0.6186 3.1012 6.0000 16.3567 0.0046 
39.6533 16.5000 3636.0800 0.4285 0.1490 -0.6155 3.1046 6.0000 17.0584 0.0047 
39.6183 16.5000 3623.7223 0.4314 0.1511 -0.6233 3.1087 6.0000 17.0806 0.0047 
39.6196 16.5000 3622.6745 0.4318 0.1492 -0.6212 3.0995 6.0000 16.3780 0.0032 
39.6797 16.5000 3646.1683 0.4297 0.1484 -0.6210 3.1059 6.0000 17.2656 0.0041 
39.6416 16.5000 3635.5735 0.4305 0.1490 -0.6168 3.1003 6.0000 16.9697 0.0036 
39.6620 16.5000 3639.3119 0.4294 0.1487 -0.6204 3.1030 6.0000 16.8498 0.0044 
39.6299 16.5000 3628.8100 0.4326 0.1467 -0.6270 3.1004 6.0000 17.1841 0.0047 
39.6189 16.5000 3623.5823 0.4299 0.1483 -0.6196 3.1057 6.0000 17.0790 0.0051 
39.6027 16.5000 3616.4457 0.4314 0.1495 -0.6221 3.1119 6.0000 16.5588 0.0041 
39.6426 16.5000 3634.0401 0.4349 0.1491 -0.6303 3.1081 6.0000 17.4733 0.0030 
39.6880 16.5000 3647.1200 0.4334 0.1500 -0.6207 3.0999 6.0000 16.9311 0.0041 
39.6414 16.5000 3631.6620 0.4299 0.1485 -0.6219 3.0990 6.0000 17.1557 0.0044 
39.6318 16.5000 3626.1236 0.4345 0.1489 -0.6320 3.1040 6.0000 16.7178 0.0038 
39.6538 16.5000 3637.7739 0.4324 0.1496 -0.6234 3.0965 6.0000 17.4027 0.0048 
39.6150 16.5000 3623.9897 0.4332 0.1497 -0.6209 3.0982 6.0000 17.7919 0.0048 
39.6162 16.5000 3620.6161 0.4297 0.1473 -0.6259 3.1011 6.0000 17.8702 0.0041 
39.6439 16.5000 3631.6618 0.4304 0.1490 -0.6273 3.0998 6.0000 18.3389 0.0050 
39.6077 16.5000 3620.9698 0.4300 0.1505 -0.6220 3.1070 6.0000 18.2399 0.0042 
39.6393 16.5000 3629.2007 0.4314 0.1492 -0.6225 3.1094 6.0000 17.6664 0.0036 
39.6636 16.5000 3638.7254 0.4317 0.1507 -0.6186 3.1024 6.0000 16.4935 0.0042 
39.6405 16.5000 3631.2725 0.4275 0.1475 -0.6227 3.1049 5.0000 17.2716 0.0040 
39.6465 16.5000 3633.2567 0.4334 0.1486 -0.6273 3.1001 6.0000 17.1498 0.0039 
39.6531 16.5000 3638.3095 0.4327 0.1488 -0.6242 3.0974 6.0000 17.4311 0.0044 
39.6311 16.5000 3630.3957 0.4298 0.1499 -0.6239 3.1036 6.0000 16.6920 0.0042 
39.6380 16.5000 3627.8425 0.4304 0.1500 -0.6241 3.1069 6.0000 16.7421 0.0044 
39.6318 16.5000 3627.0086 0.4269 0.1470 -0.6215 3.1025 6.0000 16.8566 0.0043 
39.6361 16.5000 3629.3915 0.4288 0.1478 -0.6225 3.1055 6.0000 16.5206 0.0040 
39.6485 16.5000 3633.5664 0.4331 0.1513 -0.6236 3.1064 6.0000 17.2760 0.0038 
39.6563 16.5000 3638.5120 0.4320 0.1488 -0.6221 3.1052 6.0000 16.6640 0.0040 
39.6483 16.5000 3635.1365 0.4281 0.1462 -0.6224 3.1009 6.0000 17.4148 0.0041 
39.6414 16.5000 3629.8150 0.4320 0.1480 -0.6264 3.1039 6.0000 17.0913 0.0053 
39.5951 16.5000 3611.8138 0.4315 0.1472 -0.6283 3.0991 6.0000 16.9778 0.0042 
39.6409 16.5000 3631.8283 0.4256 0.1456 -0.6208 3.0988 6.0000 16.9303 0.0048 
39.6148 16.5000 3620.5812 0.4302 0.1492 -0.6275 3.1085 6.0000 16.9667 0.0038 
39.6533 16.5000 3634.8520 0.4315 0.1479 -0.6249 3.0986 6.0000 17.4004 0.0047 
39.6183 16.5000 3625.0609 0.4289 0.1484 -0.6221 3.1055 6.0000 17.6398 0.0052 
39.5992 16.5000 3616.2873 0.4349 0.1492 -0.6281 3.0996 6.0000 17.2421 0.0045 
39.6272 16.5000 3629.2530 0.4308 0.1487 -0.6189 3.1039 6.0000 17.1939 0.0035 
39.6685 16.5000 3643.1083 0.4345 0.1501 -0.6270 3.1006 6.0000 17.1374 0.0045 
39.6286 16.5000 3626.9591 0.4309 0.1480 -0.6236 3.1035 6.0000 16.8191 0.0041 
39.6446 16.5000 3633.0120 0.4307 0.1478 -0.6212 3.1021 6.0000 17.5765 0.0036 
39.6627 16.5000 3640.3503 0.4319 0.1485 -0.6236 3.0999 6.0000 16.7779 0.0042 
39.6391 16.5000 3628.2832 0.4326 0.1485 -0.6228 3.1074 6.0000 16.8310 0.0046 
39.6224 16.5000 3627.1303 0.4289 0.1489 -0.6204 3.0996 6.0000 16.8599 0.0042 
39.6377 16.5000 3634.9183 0.4320 0.1507 -0.6231 3.1031 6.0000 17.0989 0.0047 
39.6178 16.5000 3623.8168 0.4361 0.1507 -0.6288 3.1050 6.0000 16.8311 0.0043 
39.6354 16.5000 3629.6485 0.4288 0.1479 -0.6185 3.1027 6.0000 16.7297 0.0044 
39.6322 16.5000 3629.1384 0.4294 0.1493 -0.6215 3.1032 6.0000 17.2345 0.0045 
39.6272 16.5000 3627.0480 0.4307 0.1480 -0.6247 3.1075 6.0000 17.0775 0.0042 
39.6409 16.5000 3633.2360 0.4322 0.1504 -0.6226 3.1107 6.0000 17.0661 0.0047 
39.6189 16.5000 3627.2182 0.4307 0.1498 -0.6175 3.1015 6.0000 17.0576 0.0044 
39.6332 16.5000 3626.8233 0.4301 0.1488 -0.6214 3.0988 6.0000 17.4688 0.0042 
39.6391 16.5000 3632.4249 0.4305 0.1470 -0.6245 3.0959 6.0000 16.7939 0.0038 
39.6533 16.5000 3639.2551 0.4293 0.1461 -0.6222 3.1059 6.0000 17.1715 0.0040 
39.6460 16.5000 3632.4226 0.4343 0.1518 -0.6248 3.1040 6.0000 17.1557 0.0045 
39.6256 16.5000 3628.5640 0.4320 0.1489 -0.6251 3.1052 6.0000 17.0504 0.0043 
39.6350 16.5000 3629.1102 0.4314 0.1495 -0.6262 3.1099 6.0000 17.7210 0.0043 
39.6368 16.5000 3628.8701 0.4304 0.1496 -0.6237 3.1072 6.0000 17.0124 0.0045 
39.6277 16.5000 3628.4902 0.4349 0.1504 -0.6234 3.1015 6.0000 17.5314 0.0037 
39.6579 16.5000 3638.9157 0.4317 0.1501 -0.6243 3.1023 6.0000 17.1747 0.0036 
39.6630 16.5000 3637.5502 0.4269 0.1461 -0.6253 3.1045 6.0000 16.8597 0.0039 
39.6515 16.5000 3639.7620 0.4312 0.1480 -0.6231 3.1052 6.0000 17.2507 0.0047 
39.6185 16.5000 3624.3400 0.4328 0.1504 -0.6226 3.1012 6.0000 17.0914 0.0036 
39.6614 16.5000 3641.1897 0.4316 0.1486 -0.6188 3.0980 6.0000 17.4600 0.0038 
39.6556 16.5000 3640.4680 0.4352 0.1529 -0.6214 3.1080 6.0000 16.9050 0.0037 
39.6584 16.5000 3638.3065 0.4331 0.1502 -0.6231 3.1043 6.0000 17.1364 0.0037 
39.6598 16.5000 3639.7512 0.4304 0.1522 -0.6141 3.1029 6.0000 16.8302 0.0050 
39.6093 16.5000 3622.1715 0.4302 0.1496 -0.6214 3.1002 6.0000 17.3993 0.0043 
39.6348 16.5000 3631.9766 0.4303 0.1488 -0.6189 3.1034 6.0000 16.8716 0.0043 
39.6354 16.5000 3633.1120 0.4311 0.1483 -0.6233 3.0979 6.0000 17.2665 0.0043 
39.6364 16.5000 3631.6116 0.4323 0.1476 -0.6269 3.1017 6.0000 17.5162 0.0041 
39.6451 16.5000 3635.3860 0.4272 0.1482 -0.6189 3.1027 6.0000 17.0828 0.0043 
39.6368 16.5000 3631.6437 0.4276 0.1454 -0.6255 3.0952 5.0000 17.5334 0.0046 
39.6217 16.5000 3621.9734 0.4274 0.1499 -0.6160 3.1103 6.0000 17.1468 0.0044 
39.6313 16.5000 3629.2282 0.4295 0.1476 -0.6212 3.1014 6.0000 17.2313 0.0038 
39.6561 16.5000 3639.0008 0.4319 0.1481 -0.6230 3.1058 6.0000 17.0881 0.0042 
39.6400 16.5000 3633.0483 0.4304 0.1501 -0.6142 3.1005 6.0000 17.1196 0.0036 
39.6627 16.5000 3639.8638 0.4313 0.1477 -0.6256 3.1021 6.0000 17.2677 0.0042 
39.6398 16.5000 3632.0848 0.4299 0.1498 -0.6194 3.0988 6.0000 16.9474 0.0051 
39.6043 16.5000 3618.9504 0.4348 0.1518 -0.6207 3.0981 6.0000 16.9422 0.0045 
39.6288 16.5000 3626.6310 0.4286 0.1483 -0.6213 3.1049 6.0000 16.9316 0.0047 
39.6187 16.5000 3622.9508 0.4292 0.1502 -0.6176 3.0971 6.0000 16.7525 0.0054 
39.5907 16.5000 3613.8998 0.4269 0.1480 -0.6249 3.1031 6.0000 17.1417 0.0048 
39.6146 16.5000 3621.1996 0.4298 0.1500 -0.6175 3.1093 6.0000 16.5579 0.0048 
