38.5221 4.0000 3260.2446 0.5073 0.2577 -0.6166 2.6429 5.0000 0.4244 0.0333 
38.5700 4.0000 3329.0277 0.5192 0.2608 -0.6139 2.6404 5.0000 0.4140 0.0333 
38.6683 4.0000 3369.1488 0.5183 0.2573 -0.6321 2.6339 5.0000 0.4233 0.0333 
38.7125 4.0000 3382.5965 0.5252 0.2587 -0.6471 2.6248 5.0000 0.4101 0.0379 
38.3531 4.0000 3231.3165 0.5135 0.2601 -0.6188 2.6448 5.0000 0.4258 0.0319 
38.4678 4.0000 3268.2989 0.5317 0.2634 -0.6598 2.6518 5.0000 0.3991 0.0379 
38.7201 4.0000 3353.9912 0.5242 0.2674 -0.6322 2.6518 5.0000 0.4301 0.0243 
38.5763 4.0000 3302.4943 0.5282 0.2638 -0.6581 2.6400 5.0000 0.4329 0.0243 
38.8600 4.0000 3398.6948 0.5203 0.2631 -0.6123 2.6287 5.0000 0.4531 0.0303 
38.5120 4.0000 3277.3190 0.5191 0.2664 -0.6260 2.6591 5.0000 0.3790 0.0301 
38.6343 4.0000 3309.9685 0.5258 0.2750 -0.6033 2.6465 5.0000 0.3725 0.0301 
38.6419 4.0000 3314.8096 0.5185 0.2605 -0.6435 2.6380 5.0000 0.3700 0.0308 
38.4943 4.0000 3283.1148 0.5194 0.2571 -0.6260 2.6234 5.0000 0.3807 0.0337 
38.6166 4.0000 3279.0971 0.5246 0.2679 -0.6323 2.6551 5.0000 0.3768 0.0337 
38.5069 4.0000 3277.5019 0.5133 0.2609 -0.6207 2.6453 5.0000 0.3745 0.0311 
38.4741 4.0000 3243.4212 0.5385 0.2715 -0.6645 2.6623 5.0000 0.3771 0.0351 
38.6066 4.0000 3349.9584 0.5359 0.2611 -0.6569 2.6523 5.0000 0.3761 0.0351 
38.4565 4.0000 3261.6570 0.5294 0.2638 -0.6305 2.6497 5.0000 0.3698 0.0389 
38.3153 4.0000 3202.0731 0.5179 0.2679 -0.6303 2.6640 5.0000 0.3748 0.0285 
38.4628 4.0000 3257.7415 0.5365 0.2716 -0.6474 2.6629 5.0000 0.3773 0.0285 
38.7011 4.0000 3306.8550 0.5258 0.2666 -0.6336 2.6401 5.0000 0.3699 0.0389 
38.5914 4.0000 3295.1400 0.5083 0.2587 -0.6290 2.6589 5.0000 0.3791 0.0355 
38.3153 4.0000 3182.6507 0.5119 0.2609 -0.6360 2.6691 5.0000 0.3758 0.0355 
38.4401 4.0000 3302.9584 0.5300 0.2603 -0.6411 2.6502 5.0000 0.3700 0.0323 
38.3922 4.0000 3246.0731 0.5324 0.2746 -0.6304 2.6642 5.0000 0.3762 0.0306 
38.5586 4.0000 3275.0328 0.5130 0.2624 -0.6184 2.6503 5.0000 0.3779 0.0306 
38.6230 4.0000 3335.2409 0.5314 0.2636 -0.6496 2.6470 5.0000 0.3763 0.0306 
38.5397 4.0000 3269.5435 0.5201 0.2655 -0.6434 2.6579 5.0000 0.3833 0.0340 
38.5826 4.0000 3311.4842 0.5190 0.2583 -0.6245 2.6343 5.0000 0.3864 0.0340 
38.4968 4.0000 3289.3241 0.5194 0.2626 -0.6358 2.6398 5.0000 0.3761 0.0340 
38.6368 4.0000 3329.3115 0.5274 0.2645 -0.6408 2.6541 5.0000 0.3763 0.0346 
38.3026 4.0000 3199.0517 0.5186 0.2604 -0.6425 2.6468 5.0000 0.3793 0.0346 
38.4754 4.0000 3248.4968 0.5213 0.2613 -0.6374 2.6498 5.0000 0.3804 0.0366 
38.3997 4.0000 3209.6406 0.5109 0.2660 -0.6295 2.6654 5.0000 0.3789 0.0277 
38.5334 4.0000 3267.9596 0.5217 0.2634 -0.6323 2.6567 5.0000 0.3764 0.0277 
38.7339 4.0000 3386.1728 0.5255 0.2611 -0.6182 2.6304 5.0000 0.3819 0.0340 
38.4981 4.0000 3258.1122 0.5199 0.2620 -0.6260 2.6457 5.0000 0.3742 0.0313 
38.3077 4.0000 3177.5813 0.5215 0.2708 -0.6362 2.6700 5.0000 0.3760 0.0313 
38.5965 4.0000 3320.9294 0.5208 0.2588 -0.6431 2.6338 5.0000 0.3787 0.0373 
38.3733 4.0000 3219.3190 0.5274 0.2668 -0.6394 2.6540 5.0000 0.3815 0.0256 
38.4515 4.0000 3246.5233 0.5141 0.2615 -0.6141 2.6497 5.0000 0.3726 0.0256 
38.8121 4.0000 3407.4515 0.5215 0.2586 -0.6189 2.6307 5.0000 0.3756 0.0341 
38.4931 4.0000 3274.5687 0.5216 0.2621 -0.6377 2.6614 5.0000 0.3777 0.0297 
38.4552 4.0000 3254.6078 0.5115 0.2602 -0.6312 2.6585 5.0000 0.3788 0.0297 
38.6583 4.0000 3310.3758 0.5154 0.2673 -0.6078 2.6439 5.0000 0.3713 0.0297 
38.5006 4.0000 3273.2850 0.5203 0.2634 -0.6302 2.6445 5.0000 0.3737 0.0401 
38.5158 4.0000 3275.3165 0.5191 0.2639 -0.6212 2.6584 5.0000 0.3800 0.0401 
38.2699 4.0000 3205.3594 0.5379 0.2676 -0.6670 2.6849 5.0000 0.3751 0.0401 
38.4842 4.0000 3253.2825 0.5110 0.2613 -0.6236 2.6411 5.0000 0.3690 0.0280 
38.4439 4.0000 3237.3417 0.5183 0.2650 -0.6363 2.6539 5.0000 0.3775 0.0396 
38.7226 4.0000 3369.6910 0.5256 0.2590 -0.6318 2.6353 5.0000 0.3738 0.0396 
38.2913 4.0000 3201.6267 0.5254 0.2657 -0.6362 2.6746 5.0000 0.3814 0.0344 
38.4805 4.0000 3247.2623 0.5283 0.2693 -0.6448 2.6470 5.0000 0.3966 0.0343 
38.5473 4.0000 3301.1765 0.5234 0.2611 -0.6462 2.6381 5.0000 0.3829 0.0303 
38.6343 4.0000 3310.4918 0.5127 0.2664 -0.6114 2.6475 5.0000 0.3756 0.0313 
38.4855 4.0000 3243.4515 0.5245 0.2739 -0.6113 2.6681 5.0000 0.3724 0.0332 
38.5990 4.0000 3279.0277 0.5344 0.2693 -0.6435 2.6511 5.0000 0.3766 0.0345 
38.5271 4.0000 3290.4224 0.5147 0.2593 -0.6317 2.6593 5.0000 0.3728 0.0373 
38.4767 4.0000 3308.6633 0.5224 0.2615 -0.6304 2.6573 5.0000 0.3719 0.0365 
38.3733 4.0000 3220.7226 0.5321 0.2697 -0.6458 2.6850 5.0000 0.3793 0.0308 
38.4048 4.0000 3273.5120 0.5243 0.2612 -0.6402 2.6485 5.0000 0.3723 0.0366 
38.6166 4.0000 3349.8159 0.5163 0.2551 -0.6190 2.6282 5.0000 0.3818 0.0322 
38.3997 4.0000 3213.7251 0.5189 0.2632 -0.6416 2.6711 5.0000 0.3802 0.0350 
38.5649 4.0000 3292.3518 0.5098 0.2589 -0.6214 2.6489 5.0000 0.3723 0.0367 
38.4603 4.0000 3215.0706 0.5186 0.2627 -0.6491 2.6674 5.0000 0.3726 0.0295 
38.3985 4.0000 3246.7100 0.5038 0.2641 -0.6022 2.6493 5.0000 0.3845 0.0305 
38.6658 4.0000 3328.6267 0.5163 0.2645 -0.6118 2.6452 5.0000 0.3714 0.0313 
38.6293 4.0000 3320.3934 0.5112 0.2558 -0.6335 2.6565 5.0000 0.3702 0.0354 
38.5965 4.0000 3313.2636 0.5149 0.2624 -0.6164 2.6470 5.0000 0.3800 0.0320 
38.4439 4.0000 3267.5195 0.5306 0.2666 -0.6568 2.6563 5.0000 0.3745 0.0343 
38.5725 4.0000 3290.7163 0.5278 0.2698 -0.6253 2.6505 5.0000 0.3705 0.0318 
38.4855 4.0000 3287.2068 0.5125 0.2617 -0.6233 2.6444 5.0000 0.3772 0.0317 
38.5776 4.0000 3279.5296 0.5266 0.2713 -0.6135 2.6655 5.0000 0.3742 0.0302 
38.5826 4.0000 3292.6028 0.5272 0.2655 -0.6391 2.6620 5.0000 0.3714 0.0332 
38.6393 4.0000 3301.2699 0.5193 0.2671 -0.6102 2.6449 5.0000 0.3725 0.0343 
38.5259 4.0000 3267.4086 0.5152 0.2622 -0.6245 2.6636 5.0000 0.3799 0.0280 
38.4868 4.0000 3254.7755 0.5344 0.2678 -0.6477 2.6772 5.0000 0.3829 0.0369 
38.7201 4.0000 3336.5221 0.5324 0.2673 -0.6520 2.6382 5.0000 0.3886 0.0351 
38.3884 4.0000 3241.2787 0.5149 0.2606 -0.6271 2.6375 5.0000 0.3738 0.0374 
38.4552 4.0000 3223.7566 0.5161 0.2590 -0.6387 2.6745 5.0000 0.3724 0.0365 
38.3707 4.0000 3230.5889 0.5223 0.2596 -0.6407 2.6370 5.0000 0.3735 0.0315 
38.4035 4.0000 3236.8739 0.5157 0.2637 -0.6370 2.6391 5.0000 0.3703 0.0245 
38.5889 4.0000 3289.2219 0.5148 0.2602 -0.6446 2.6501 5.0000 0.3720 0.0311 
38.8550 4.0000 3406.5712 0.5148 0.2540 -0.6224 2.6351 5.0000 0.3851 0.0330 
38.6040 4.0000 3323.3480 0.5125 0.2544 -0.6462 2.6298 5.0000 0.3739 0.0344 
38.5334 4.0000 3284.4161 0.5201 0.2652 -0.6291 2.6417 5.0000 0.3708 0.0336 
38.4805 4.0000 3265.0391 0.5173 0.2667 -0.6195 2.6497 5.0000 0.3863 0.0343 
38.5107 4.0000 3315.9823 0.5319 0.2591 -0.6474 2.6466 5.0000 0.3751 0.0382 
38.4855 4.0000 3258.1803 0.5194 0.2624 -0.6338 2.6546 5.0000 0.3803 0.0347 
38.3405 4.0000 3196.5170 0.5226 0.2695 -0.6377 2.6794 5.0000 0.3732 0.0373 
38.4704 4.0000 3300.5939 0.5224 0.2604 -0.6294 2.6361 5.0000 0.3763 0.0279 
38.3745 4.0000 3272.0820 0.5252 0.2664 -0.6145 2.6635 5.0000 0.3758 0.0367 
38.7251 4.0000 3325.7264 0.5216 0.2640 -0.6253 2.6537 5.0000 0.3726 0.0373 
38.3972 4.0000 3198.3291 0.5184 0.2669 -0.6389 2.6742 5.0000 0.3766 0.0352 
38.3758 4.0000 3217.8903 0.5122 0.2668 -0.6226 2.6619 5.0000 0.3806 0.0309 
38.4515 4.0000 3237.6898 0.5154 0.2661 -0.6218 2.6580 5.0000 0.3730 0.0344 
38.6116 4.0000 3329.5044 0.5235 0.2641 -0.6223 2.6613 5.0000 0.3750 0.0335 
38.4817 4.0000 3285.8386 0.5249 0.2635 -0.6452 2.6442 5.0000 0.3710 0.0332 
38.5158 4.0000 3242.1160 0.5125 0.2614 -0.6275 2.6531 5.0000 0.3715 0.0332 
38.5271 4.0000 3315.1892 0.5224 0.2604 -0.6212 2.6510 5.0000 0.3721 0.0332 
