31.0640 1.0000 3011.7471 0.2355 0.0630 -0.2985 3.4494 8.0000 29.9326 0.0008 
31.0569 1.0000 3008.4931 0.2351 0.0644 -0.2956 3.4538 8.0000 28.5097 0.0010 
31.0636 1.0000 3011.1616 0.2332 0.0636 -0.2943 3.4532 9.0000 25.6075 0.0008 
31.0613 1.0000 3010.4788 0.2348 0.0635 -0.2968 3.4500 8.0000 28.3920 0.0008 
31.0600 1.0000 3009.5083 0.2357 0.0644 -0.2958 3.4555 9.0000 24.0537 0.0008 
31.0627 1.0000 3011.0886 0.2357 0.0634 -0.2960 3.4498 9.0000 29.1220 0.0009 
31.0533 1.0000 3007.0924 0.2362 0.0641 -0.2976 3.4527 8.0000 27.6851 0.0007 
31.0617 1.0000 3010.4776 0.2344 0.0626 -0.2977 3.4490 9.0000 9.4815 0.0009 
31.0591 1.0000 3009.2266 0.2323 0.0627 -0.2954 3.4502 8.0000 13.7416 0.0009 
31.0568 1.0000 3008.1222 0.2340 0.0630 -0.2967 3.4517 8.0000 9.3738 0.0009 
31.0615 1.0000 3010.7355 0.2352 0.0637 -0.2964 3.4505 8.0000 13.3079 0.0007 
31.0632 1.0000 3011.2607 0.2338 0.0632 -0.2959 3.4515 9.0000 14.6716 0.0008 
31.0596 1.0000 3009.9235 0.2342 0.0629 -0.2970 3.4512 9.0000 19.6699 0.0009 
31.0573 1.0000 3008.2203 0.2343 0.0634 -0.2967 3.4515 9.0000 17.1664 0.0006 
31.0595 1.0000 3009.7102 0.2342 0.0632 -0.2966 3.4539 8.0000 14.6053 0.0009 
31.0592 1.0000 3009.1297 0.2326 0.0630 -0.2962 3.4506 9.0000 17.1388 0.0009 
31.0656 1.0000 3012.1533 0.2324 0.0626 -0.2967 3.4528 8.0000 12.6310 0.0009 
31.0627 1.0000 3010.9690 0.2334 0.0624 -0.2971 3.4532 8.0000 14.5716 0.0006 
31.0597 1.0000 3010.0247 0.2333 0.0626 -0.2960 3.4488 7.0000 14.8239 0.0008 
31.0675 1.0000 3013.0511 0.2334 0.0630 -0.2964 3.4512 8.0000 14.4401 0.0009 
31.0594 1.0000 3008.9246 0.2344 0.0636 -0.2954 3.4517 8.0000 13.3288 0.0009 
31.0596 1.0000 3009.0270 0.2333 0.0630 -0.2969 3.4515 8.0000 14.8708 0.0008 
31.0667 1.0000 3012.3639 0.2331 0.0618 -0.2977 3.4478 9.0000 14.6844 0.0009 
31.0599 1.0000 3009.5621 0.2327 0.0623 -0.2973 3.4516 8.0000 14.7143 0.0008 
31.0599 1.0000 3009.6376 0.2349 0.0632 -0.2971 3.4522 8.0000 14.7807 0.0009 
31.0608 1.0000 3010.2002 0.2330 0.0627 -0.2970 3.4495 8.0000 11.1720 0.0010 
31.0574 1.0000 3008.2093 0.2349 0.0626 -0.2982 3.4514 8.0000 14.2423 0.0008 
31.0572 1.0000 3008.8383 0.2334 0.0629 -0.2961 3.4509 8.0000 13.6863 0.0008 
31.0623 1.0000 3010.5318 0.2332 0.0628 -0.2960 3.4488 8.0000 15.1150 0.0009 
31.0627 1.0000 3011.1834 0.2330 0.0632 -0.2961 3.4518 9.0000 12.0018 0.0009 
31.0581 1.0000 3008.9032 0.2338 0.0625 -0.2986 3.4510 7.0000 14.7563 0.0008 
31.0556 1.0000 3007.8679 0.2333 0.0634 -0.2951 3.4503 8.0000 14.3166 0.0008 
31.0623 1.0000 3010.7177 0.2349 0.0629 -0.2978 3.4495 7.0000 9.5657 0.0009 
31.0612 1.0000 3010.6448 0.2341 0.0632 -0.2964 3.4531 9.0000 9.9168 0.0008 
31.0586 1.0000 3009.1371 0.2331 0.0627 -0.2961 3.4495 9.0000 9.5504 0.0007 
31.0600 1.0000 3009.6613 0.2335 0.0633 -0.2954 3.4522 7.0000 9.7790 0.0011 
31.0617 1.0000 3010.2158 0.2343 0.0634 -0.2956 3.4532 8.0000 13.6748 0.0008 
31.0618 1.0000 3010.6746 0.2332 0.0631 -0.2953 3.4506 7.0000 13.4818 0.0008 
31.0619 1.0000 3010.4547 0.2345 0.0642 -0.2947 3.4527 8.0000 9.1962 0.0008 
31.0593 1.0000 3009.2368 0.2340 0.0629 -0.2974 3.4513 8.0000 13.7439 0.0008 
31.0646 1.0000 3011.5433 0.2347 0.0632 -0.2958 3.4500 9.0000 13.2943 0.0008 
31.0514 1.0000 3006.0041 0.2324 0.0631 -0.2956 3.4521 8.0000 9.2869 0.0008 
31.0604 1.0000 3009.9355 0.2345 0.0632 -0.2964 3.4538 8.0000 9.3225 0.0010 
31.0623 1.0000 3011.0087 0.2344 0.0630 -0.2974 3.4502 8.0000 13.8417 0.0007 
31.0630 1.0000 3011.4130 0.2337 0.0634 -0.2949 3.4515 8.0000 13.7273 0.0009 
31.0632 1.0000 3011.3317 0.2347 0.0635 -0.2968 3.4490 8.0000 13.7349 0.0008 
31.0583 1.0000 3008.7219 0.2334 0.0633 -0.2952 3.4512 8.0000 16.2485 0.0008 
31.0613 1.0000 3010.7958 0.2324 0.0622 -0.2970 3.4500 8.0000 15.9586 0.0008 
31.0565 1.0000 3008.1620 0.2330 0.0628 -0.2965 3.4510 8.0000 11.2929 0.0007 
31.0634 1.0000 3011.2949 0.2329 0.0622 -0.2969 3.4518 8.0000 13.8581 0.0008 
31.0618 1.0000 3010.3943 0.2345 0.0628 -0.2975 3.4518 8.0000 13.9316 0.0009 
31.0660 1.0000 3012.3441 0.2334 0.0631 -0.2963 3.4532 8.0000 18.2745 0.0009 
31.0601 1.0000 3009.6788 0.2343 0.0632 -0.2971 3.4530 8.0000 14.0493 0.0008 
31.0607 1.0000 3009.9297 0.2338 0.0625 -0.2982 3.4472 8.0000 14.0467 0.0007 
31.0633 1.0000 3011.2506 0.2341 0.0631 -0.2967 3.4495 8.0000 13.7021 0.0011 
31.0622 1.0000 3010.8517 0.2331 0.0625 -0.2969 3.4512 8.0000 13.3395 0.0007 
31.0603 1.0000 3009.7440 0.2341 0.0630 -0.2969 3.4506 8.0000 14.9040 0.0009 
31.0571 1.0000 3008.2900 0.2325 0.0629 -0.2947 3.4512 9.0000 9.7683 0.0009 
31.0571 1.0000 3008.8222 0.2338 0.0632 -0.2971 3.4516 9.0000 15.6043 0.0009 
31.0633 1.0000 3011.3939 0.2326 0.0617 -0.2984 3.4489 7.0000 15.1442 0.0011 
31.0526 1.0000 3006.3428 0.2329 0.0630 -0.2966 3.4502 8.0000 9.2972 0.0008 
31.0642 1.0000 3011.9002 0.2339 0.0628 -0.2960 3.4501 8.0000 13.7735 0.0010 
31.0596 1.0000 3009.3154 0.2345 0.0629 -0.2980 3.4485 8.0000 13.2230 0.0008 
31.0587 1.0000 3009.5511 0.2340 0.0635 -0.2954 3.4510 8.0000 13.8564 0.0008 
31.0573 1.0000 3008.4341 0.2342 0.0630 -0.2966 3.4492 8.0000 14.6640 0.0009 
31.0528 1.0000 3006.4687 0.2342 0.0632 -0.2965 3.4518 9.0000 14.7057 0.0006 
31.0604 1.0000 3009.9608 0.2320 0.0622 -0.2954 3.4496 8.0000 14.3050 0.0009 
31.0544 1.0000 3007.3447 0.2333 0.0631 -0.2964 3.4517 8.0000 14.2617 0.0008 
31.0624 1.0000 3011.1322 0.2334 0.0632 -0.2965 3.4492 7.0000 9.9082 0.0008 
31.0627 1.0000 3010.7415 0.2321 0.0625 -0.2965 3.4522 8.0000 13.2302 0.0007 
31.0593 1.0000 3009.4081 0.2331 0.0628 -0.2968 3.4506 9.0000 12.2328 0.0009 
31.0575 1.0000 3008.9966 0.2326 0.0633 -0.2939 3.4500 8.0000 13.6744 0.0008 
31.0694 1.0000 3013.9977 0.2331 0.0630 -0.2947 3.4494 8.0000 9.2237 0.0008 
31.0618 1.0000 3010.8007 0.2343 0.0630 -0.2968 3.4495 7.0000 13.6607 0.0008 
31.0602 1.0000 3009.9975 0.2359 0.0634 -0.2978 3.4532 7.0000 13.6979 0.0009 
31.0637 1.0000 3011.1506 0.2332 0.0625 -0.2965 3.4539 8.0000 13.5955 0.0008 
31.0601 1.0000 3010.0483 0.2336 0.0633 -0.2955 3.4513 8.0000 13.2823 0.0007 
31.0630 1.0000 3011.1297 0.2324 0.0623 -0.2964 3.4527 8.0000 13.8623 0.0007 
31.0595 1.0000 3009.7091 0.2327 0.0626 -0.2954 3.4518 8.0000 15.2619 0.0007 
31.0613 1.0000 3010.8456 0.2327 0.0613 -0.2993 3.4461 8.0000 14.2471 0.0007 
31.0589 1.0000 3009.2422 0.2340 0.0632 -0.2968 3.4511 9.0000 13.7363 0.0009 
31.0617 1.0000 3010.4121 0.2333 0.0623 -0.2979 3.4509 9.0000 9.9555 0.0007 
31.0648 1.0000 3011.9598 0.2341 0.0629 -0.2972 3.4518 8.0000 13.7689 0.0009 
31.0656 1.0000 3012.2804 0.2332 0.0626 -0.2971 3.4519 8.0000 13.2319 0.0008 
31.0642 1.0000 3011.5940 0.2317 0.0623 -0.2958 3.4512 8.0000 10.4524 0.0010 
31.0657 1.0000 3012.5082 0.2343 0.0630 -0.2961 3.4507 8.0000 13.3748 0.0007 
31.0600 1.0000 3009.7728 0.2341 0.0633 -0.2967 3.4519 8.0000 13.7510 0.0008 
31.0633 1.0000 3011.2551 0.2345 0.0631 -0.2976 3.4521 7.0000 13.4226 0.0008 
31.0597 1.0000 3009.7776 0.2340 0.0627 -0.2983 3.4515 9.0000 13.8900 0.0006 
31.0618 1.0000 3010.7285 0.2336 0.0628 -0.2962 3.4515 8.0000 11.3216 0.0010 
31.0565 1.0000 3007.7293 0.2318 0.0624 -0.2958 3.4477 8.0000 9.3309 0.0008 
31.0658 1.0000 3012.3407 0.2341 0.0625 -0.2979 3.4477 8.0000 13.8533 0.0008 
31.0618 1.0000 3010.8716 0.2345 0.0632 -0.2970 3.4492 8.0000 11.3522 0.0008 
31.0620 1.0000 3010.8872 0.2325 0.0630 -0.2956 3.4504 9.0000 17.4009 0.0009 
31.0688 1.0000 3013.5315 0.2331 0.0621 -0.2977 3.4510 8.0000 17.3389 0.0009 
31.0565 1.0000 3008.3858 0.2326 0.0627 -0.2954 3.4516 8.0000 10.4057 0.0009 
31.0612 1.0000 3010.3107 0.2331 0.0630 -0.2966 3.4515 7.0000 14.4528 0.0009 
31.0610 1.0000 3010.1282 0.2333 0.0626 -0.2966 3.4507 8.0000 14.1187 0.0009 
31.0611 1.0000 3010.0837 0.2336 0.0627 -0.2965 3.4490 8.0000 14.8366 0.0009 
31.0596 1.0000 3009.5627 0.2351 0.0631 -0.2976 3.4511 8.0000 13.2959 0.0009 
