39.1576 4.0000 3482.1097 0.5299 0.2400 -0.6456 2.8774 5.0000 1.7620 0.0166 
39.1456 4.0000 3480.6702 0.5338 0.2347 -0.6534 2.8830 5.0000 1.7591 0.0166 
39.1557 4.0000 3459.4155 0.5344 0.2400 -0.6520 2.8728 5.0000 1.8847 0.0174 
39.1021 4.0000 3429.0902 0.5267 0.2382 -0.6552 2.8753 5.0000 1.5235 0.0193 
39.1267 4.0000 3449.1797 0.5321 0.2410 -0.6470 2.8904 5.0000 1.5276 0.0193 
39.0523 4.0000 3413.2194 0.5254 0.2405 -0.6596 2.8986 5.0000 1.5071 0.0154 
39.2547 4.0000 3494.9968 0.5278 0.2387 -0.6520 2.8784 5.0000 1.5290 0.0172 
39.2037 4.0000 3489.8008 0.5186 0.2320 -0.6443 2.8676 5.0000 1.5449 0.0172 
39.1337 4.0000 3449.9950 0.5227 0.2370 -0.6391 2.8706 5.0000 1.5211 0.0168 
39.2156 4.0000 3481.8373 0.5262 0.2365 -0.6551 2.8664 5.0000 1.6062 0.0146 
39.1482 4.0000 3464.5694 0.5235 0.2372 -0.6424 2.8733 5.0000 1.5853 0.0146 
39.2339 4.0000 3498.2692 0.5265 0.2345 -0.6488 2.8583 5.0000 1.6562 0.0176 
39.1066 4.0000 3463.6116 0.5270 0.2355 -0.6545 2.8669 5.0000 1.6658 0.0160 
39.1192 4.0000 3437.4855 0.5178 0.2383 -0.6387 2.8658 5.0000 1.6820 0.0160 
39.1791 4.0000 3486.6992 0.5258 0.2342 -0.6461 2.8593 5.0000 1.6209 0.0206 
39.2182 4.0000 3507.6904 0.5264 0.2345 -0.6438 2.8627 5.0000 1.5151 0.0161 
39.0038 4.0000 3424.2339 0.5224 0.2363 -0.6416 2.8853 5.0000 1.5123 0.0161 
39.1747 4.0000 3459.5082 0.5230 0.2368 -0.6442 2.8669 5.0000 1.5240 0.0154 
39.2005 4.0000 3499.3625 0.5184 0.2297 -0.6441 2.8563 5.0000 1.5814 0.0210 
39.2011 4.0000 3500.4666 0.5267 0.2355 -0.6402 2.8832 5.0000 1.5783 0.0210 
38.9855 4.0000 3396.7755 0.5214 0.2373 -0.6538 2.8887 5.0000 1.5715 0.0191 
39.1059 4.0000 3447.2686 0.5160 0.2300 -0.6498 2.8619 5.0000 1.6018 0.0186 
39.0599 4.0000 3424.9332 0.5283 0.2390 -0.6497 2.8691 5.0000 1.5862 0.0186 
39.0776 4.0000 3449.9212 0.5269 0.2388 -0.6469 2.8740 5.0000 1.6029 0.0162 
39.2043 4.0000 3475.5107 0.5256 0.2381 -0.6453 2.8778 5.0000 1.5187 0.0226 
39.1715 4.0000 3478.0227 0.5224 0.2345 -0.6527 2.8714 5.0000 1.5306 0.0226 
38.9275 4.0000 3351.7182 0.5230 0.2434 -0.6503 2.8830 5.0000 1.5130 0.0181 
39.0221 4.0000 3403.4256 0.5161 0.2344 -0.6479 2.8803 5.0000 1.5457 0.0209 
39.0990 4.0000 3421.3739 0.5186 0.2342 -0.6497 2.8758 5.0000 1.5386 0.0209 
38.9924 4.0000 3403.4130 0.5279 0.2399 -0.6475 2.8761 5.0000 1.5420 0.0158 
39.3045 4.0000 3529.1892 0.5287 0.2352 -0.6522 2.8567 5.0000 1.7523 0.0217 
39.1854 4.0000 3477.8947 0.5156 0.2335 -0.6344 2.8746 5.0000 1.7336 0.0217 
38.9590 4.0000 3367.7591 0.5187 0.2388 -0.6583 2.8754 5.0000 1.6985 0.0179 
39.1072 4.0000 3425.9559 0.5262 0.2416 -0.6542 2.8803 5.0000 1.5614 0.0132 
39.1059 4.0000 3445.4622 0.5206 0.2338 -0.6418 2.8632 5.0000 1.5449 0.0132 
39.2875 4.0000 3526.1110 0.5144 0.2306 -0.6438 2.8564 5.0000 1.5582 0.0150 
39.2219 4.0000 3472.1450 0.5279 0.2400 -0.6484 2.8756 5.0000 1.5472 0.0161 
39.2163 4.0000 3466.0902 0.5300 0.2347 -0.6623 2.8759 5.0000 1.5696 0.0161 
39.1765 4.0000 3473.9401 0.5262 0.2340 -0.6564 2.8681 5.0000 1.5666 0.0165 
38.9269 4.0000 3357.9061 0.5253 0.2442 -0.6492 2.8914 5.0000 1.6348 0.0186 
39.1602 4.0000 3480.8922 0.5258 0.2333 -0.6485 2.8662 5.0000 1.7266 0.0202 
39.0794 4.0000 3456.2491 0.5262 0.2363 -0.6479 2.8614 5.0000 1.6450 0.0202 
39.0189 4.0000 3387.0549 0.5160 0.2361 -0.6568 2.8850 5.0000 1.5477 0.0184 
39.1513 4.0000 3476.8342 0.5293 0.2368 -0.6483 2.8720 5.0000 1.5416 0.0158 
39.0876 4.0000 3443.8783 0.5319 0.2394 -0.6643 2.8789 5.0000 1.5482 0.0173 
39.1847 4.0000 3483.4029 0.5263 0.2371 -0.6435 2.8822 5.0000 1.5360 0.0180 
39.1305 4.0000 3432.9641 0.5244 0.2406 -0.6535 2.8692 5.0000 1.5414 0.0166 
39.1009 4.0000 3437.0088 0.5253 0.2410 -0.6436 2.8807 5.0000 1.5477 0.0179 
39.1545 4.0000 3470.3783 0.5292 0.2388 -0.6563 2.8796 5.0000 1.5668 0.0204 
39.1066 4.0000 3457.7024 0.5335 0.2407 -0.6416 2.8818 5.0000 1.5967 0.0178 
39.0107 4.0000 3403.4672 0.5200 0.2366 -0.6457 2.8823 5.0000 1.5850 0.0178 
39.1110 4.0000 3431.3172 0.5254 0.2404 -0.6551 2.8678 5.0000 1.6918 0.0151 
39.2434 4.0000 3499.6349 0.5143 0.2281 -0.6388 2.8681 5.0000 1.7268 0.0207 
39.2150 4.0000 3474.0946 0.5313 0.2420 -0.6479 2.8747 5.0000 1.7216 0.0207 
38.9968 4.0000 3404.4275 0.5280 0.2355 -0.6568 2.8858 5.0000 1.5353 0.0156 
39.1141 4.0000 3439.8310 0.5197 0.2358 -0.6474 2.8749 5.0000 1.5522 0.0155 
39.1948 4.0000 3496.1425 0.5304 0.2367 -0.6489 2.8687 5.0000 1.5521 0.0155 
39.1974 4.0000 3471.1520 0.5225 0.2344 -0.6513 2.8767 5.0000 1.5743 0.0172 
39.0164 4.0000 3414.3651 0.5316 0.2394 -0.6622 2.8867 5.0000 1.6244 0.0177 
39.1343 4.0000 3472.1797 0.5176 0.2331 -0.6421 2.8710 5.0000 1.5941 0.0177 
39.1129 4.0000 3438.9962 0.5243 0.2394 -0.6562 2.8904 5.0000 1.6262 0.0145 
39.1740 4.0000 3456.9571 0.5184 0.2333 -0.6438 2.8742 5.0000 1.6455 0.0141 
39.2364 4.0000 3512.7850 0.5296 0.2329 -0.6455 2.8640 5.0000 1.6696 0.0141 
39.2522 4.0000 3507.8102 0.5329 0.2353 -0.6585 2.8560 5.0000 1.5374 0.0170 
39.1753 4.0000 3497.5107 0.5263 0.2347 -0.6520 2.8653 5.0000 1.5461 0.0167 
39.1387 4.0000 3475.2535 0.5218 0.2331 -0.6443 2.8628 5.0000 1.5616 0.0194 
39.1507 4.0000 3445.4615 0.5221 0.2403 -0.6448 2.8809 5.0000 1.5378 0.0168 
39.0467 4.0000 3413.3436 0.5283 0.2393 -0.6542 2.8735 5.0000 1.5427 0.0194 
39.1469 4.0000 3437.0738 0.5218 0.2333 -0.6495 2.8574 5.0000 1.5764 0.0183 
39.0492 4.0000 3426.7610 0.5259 0.2386 -0.6541 2.8778 5.0000 1.7239 0.0172 
39.0889 4.0000 3473.3285 0.5295 0.2383 -0.6409 2.8739 5.0000 1.7101 0.0177 
39.1343 4.0000 3458.1148 0.5331 0.2387 -0.6553 2.8746 5.0000 1.7216 0.0172 
39.1122 4.0000 3435.6299 0.5181 0.2349 -0.6418 2.8866 5.0000 1.6053 0.0216 
39.1337 4.0000 3466.2339 0.5286 0.2365 -0.6533 2.8569 5.0000 1.5648 0.0171 
38.9641 4.0000 3386.9868 0.5217 0.2390 -0.6465 2.8789 5.0000 1.5506 0.0154 
39.1362 4.0000 3455.6929 0.5242 0.2368 -0.6549 2.8666 5.0000 1.5618 0.0159 
39.2037 4.0000 3494.2232 0.5224 0.2324 -0.6473 2.8696 5.0000 1.5588 0.0178 
39.1835 4.0000 3478.8493 0.5247 0.2374 -0.6379 2.8626 5.0000 1.5679 0.0202 
39.1110 4.0000 3432.6583 0.5240 0.2402 -0.6542 2.8882 5.0000 1.5701 0.0167 
39.0195 4.0000 3389.6419 0.5159 0.2357 -0.6511 2.8674 5.0000 1.6125 0.0184 
39.1507 4.0000 3469.4716 0.5253 0.2362 -0.6522 2.8557 5.0000 1.5988 0.0174 
39.0858 4.0000 3442.3909 0.5150 0.2340 -0.6449 2.8708 5.0000 1.6054 0.0161 
39.1255 4.0000 3482.5019 0.5234 0.2339 -0.6397 2.8636 5.0000 1.6106 0.0161 
39.1759 4.0000 3469.8651 0.5266 0.2364 -0.6526 2.8643 5.0000 1.6188 0.0168 
39.1759 4.0000 3474.1034 0.5108 0.2286 -0.6413 2.8575 5.0000 1.5408 0.0187 
39.1463 4.0000 3446.8865 0.5193 0.2351 -0.6523 2.8829 5.0000 1.5350 0.0180 
39.0750 4.0000 3426.0347 0.5192 0.2355 -0.6396 2.8645 5.0000 1.5384 0.0202 
39.1028 4.0000 3425.9275 0.5198 0.2324 -0.6497 2.8718 5.0000 1.5622 0.0207 
39.0164 4.0000 3406.7579 0.5201 0.2336 -0.6623 2.8703 5.0000 1.5551 0.0168 
38.9968 4.0000 3382.9243 0.5193 0.2371 -0.6523 2.8754 5.0000 1.6422 0.0175 
39.1488 4.0000 3488.0221 0.5299 0.2419 -0.6517 2.8689 5.0000 1.7165 0.0191 
39.1198 4.0000 3451.2686 0.5349 0.2409 -0.6562 2.8795 5.0000 1.7375 0.0186 
39.0586 4.0000 3447.3695 0.5231 0.2325 -0.6579 2.8643 5.0000 1.6881 0.0193 
39.0801 4.0000 3413.9899 0.5186 0.2329 -0.6564 2.8720 5.0000 1.5472 0.0173 
39.0523 4.0000 3416.6702 0.5230 0.2358 -0.6538 2.8786 5.0000 1.5759 0.0189 
39.1305 4.0000 3446.0347 0.5294 0.2431 -0.6514 2.8873 5.0000 1.5653 0.0153 
39.0656 4.0000 3427.3575 0.5151 0.2344 -0.6402 2.8729 5.0000 1.5716 0.0178 
39.2068 4.0000 3496.8827 0.5181 0.2294 -0.6432 2.8608 5.0000 1.5963 0.0161 
39.1078 4.0000 3433.6816 0.5244 0.2398 -0.6479 2.8683 5.0000 1.5750 0.0161 
39.1734 4.0000 3468.7352 0.5230 0.2333 -0.6524 2.8620 5.0000 1.6233 0.0161 
