39.6533 16.5000 3637.7292 0.3791 0.1246 -0.5998 3.0738 6.0000 14.8995 0.0038 
39.6549 16.5000 3636.0667 0.3771 0.1235 -0.5961 3.0724 6.0000 15.1932 0.0040 
39.6474 16.5000 3631.2035 0.3813 0.1268 -0.5991 3.0749 6.0000 16.0127 0.0045 
39.6274 16.5000 3626.2598 0.3805 0.1259 -0.6021 3.0775 6.0000 15.7961 0.0045 
39.6545 16.5000 3635.6217 0.3809 0.1231 -0.6049 3.0776 6.0000 16.6015 0.0040 
39.6698 16.5000 3643.4481 0.3795 0.1248 -0.6010 3.0693 6.0000 16.3343 0.0034 
39.6453 16.5000 3636.3212 0.3804 0.1266 -0.5999 3.0753 6.0000 16.4285 0.0040 
39.6453 16.5000 3635.2993 0.3800 0.1265 -0.5977 3.0739 6.0000 16.4452 0.0041 
39.6435 16.5000 3633.1613 0.3843 0.1271 -0.6061 3.0838 6.0000 16.6391 0.0042 
39.6396 16.5000 3631.8471 0.3807 0.1250 -0.6045 3.0723 6.0000 16.4042 0.0042 
39.6701 16.5000 3642.6739 0.3807 0.1252 -0.6024 3.0810 6.0000 16.9597 0.0032 
39.6769 16.5000 3644.7041 0.3794 0.1261 -0.5968 3.0766 6.0000 16.9090 0.0032 
39.6533 16.5000 3635.4924 0.3839 0.1262 -0.6058 3.0761 6.0000 16.5082 0.0040 
39.6476 16.5000 3635.8161 0.3782 0.1254 -0.6024 3.0784 6.0000 16.9193 0.0037 
39.6593 16.5000 3637.7505 0.3819 0.1249 -0.6044 3.0751 6.0000 17.1146 0.0033 
39.6740 16.5000 3642.5003 0.3809 0.1245 -0.6010 3.0721 6.0000 16.7706 0.0033 
39.6703 16.5000 3645.1551 0.3815 0.1262 -0.5961 3.0776 6.0000 16.7102 0.0040 
39.6462 16.5000 3632.9531 0.3846 0.1270 -0.6055 3.0799 6.0000 16.8675 0.0045 
39.6293 16.5000 3628.3455 0.3799 0.1266 -0.5987 3.0760 6.0000 16.9134 0.0041 
39.6439 16.5000 3631.9207 0.3810 0.1245 -0.6044 3.0726 6.0000 17.0173 0.0035 
39.6662 16.5000 3640.7997 0.3808 0.1260 -0.6024 3.0794 6.0000 16.9982 0.0044 
39.6304 16.5000 3627.7849 0.3802 0.1255 -0.6025 3.0761 6.0000 16.9742 0.0035 
39.6657 16.5000 3639.1613 0.3790 0.1249 -0.6027 3.0767 6.0000 16.9657 0.0044 
39.6302 16.5000 3626.6842 0.3818 0.1248 -0.6073 3.0760 6.0000 17.1902 0.0048 
39.6173 16.5000 3623.0125 0.3778 0.1242 -0.6004 3.0737 6.0000 16.5005 0.0039 
39.6510 16.5000 3633.9690 0.3841 0.1263 -0.6051 3.0769 6.0000 17.1714 0.0038 
39.6554 16.5000 3639.0084 0.3809 0.1255 -0.6042 3.0750 6.0000 17.3641 0.0038 
39.6533 16.5000 3634.1328 0.3817 0.1262 -0.6080 3.0806 6.0000 17.3115 0.0042 
39.6389 16.5000 3630.5202 0.3826 0.1258 -0.6032 3.0750 6.0000 17.4375 0.0038 
39.6563 16.5000 3633.6139 0.3794 0.1256 -0.6024 3.0770 6.0000 16.8146 0.0035 
39.6682 16.5000 3641.7322 0.3783 0.1239 -0.6035 3.0800 6.0000 17.1001 0.0042 
39.6380 16.5000 3631.4573 0.3783 0.1253 -0.5972 3.0771 6.0000 16.7921 0.0043 
39.6366 16.5000 3630.4022 0.3845 0.1277 -0.6044 3.0789 6.0000 16.7892 0.0035 
39.6650 16.5000 3639.5002 0.3813 0.1254 -0.6036 3.0733 6.0000 16.5923 0.0035 
39.6724 16.5000 3643.6673 0.3779 0.1243 -0.6011 3.0792 6.0000 17.2849 0.0049 
39.6123 16.5000 3622.2105 0.3780 0.1246 -0.6019 3.0801 6.0000 17.4415 0.0037 
39.6600 16.5000 3637.9977 0.3816 0.1263 -0.6060 3.0779 6.0000 16.3957 0.0036 
39.6627 16.5000 3638.8458 0.3808 0.1248 -0.6019 3.0769 6.0000 18.0645 0.0033 
39.6749 16.5000 3642.6397 0.3792 0.1261 -0.5975 3.0796 5.0000 16.8247 0.0045 
39.6272 16.5000 3626.9059 0.3816 0.1243 -0.6020 3.0742 6.0000 17.6063 0.0037 
39.6604 16.5000 3638.3829 0.3794 0.1245 -0.5979 3.0774 6.0000 17.2907 0.0039 
39.6501 16.5000 3633.9321 0.3850 0.1258 -0.6081 3.0842 6.0000 17.2340 0.0031 
39.6829 16.5000 3647.7460 0.3807 0.1243 -0.6045 3.0751 6.0000 16.8515 0.0036 
39.6614 16.5000 3637.1464 0.3823 0.1268 -0.5996 3.0801 6.0000 17.7632 0.0043 
39.6354 16.5000 3630.8731 0.3800 0.1254 -0.6017 3.0789 6.0000 17.0587 0.0039 
39.6517 16.5000 3634.6319 0.3797 0.1249 -0.6035 3.0728 6.0000 17.0295 0.0042 
39.6380 16.5000 3631.0817 0.3824 0.1245 -0.6077 3.0682 6.0000 16.7737 0.0045 
39.6293 16.5000 3627.0577 0.3796 0.1256 -0.6018 3.0791 6.0000 16.9128 0.0041 
39.6446 16.5000 3632.3882 0.3797 0.1256 -0.6010 3.0784 6.0000 16.7399 0.0047 
39.6189 16.5000 3625.9035 0.3792 0.1250 -0.6000 3.0746 6.0000 17.2034 0.0043 
39.6352 16.5000 3627.7104 0.3745 0.1237 -0.5996 3.0827 6.0000 17.3311 0.0040 
39.6474 16.5000 3634.7837 0.3788 0.1253 -0.5992 3.0760 6.0000 16.9087 0.0045 
39.6281 16.5000 3625.2253 0.3796 0.1235 -0.6070 3.0759 6.0000 17.1001 0.0037 
39.6607 16.5000 3642.5138 0.3847 0.1259 -0.6035 3.0701 6.0000 17.0768 0.0041 
39.6446 16.5000 3633.0322 0.3785 0.1241 -0.6014 3.0729 6.0000 17.1880 0.0048 
39.6171 16.5000 3623.0905 0.3806 0.1246 -0.6024 3.0777 6.0000 16.9217 0.0047 
39.6210 16.5000 3624.8628 0.3824 0.1277 -0.5989 3.0756 6.0000 17.2932 0.0040 
39.6487 16.5000 3635.0710 0.3816 0.1257 -0.6021 3.0767 6.0000 16.5930 0.0041 
39.6432 16.5000 3632.2096 0.3787 0.1243 -0.6047 3.0726 6.0000 17.1864 0.0040 
39.6485 16.5000 3635.1964 0.3801 0.1250 -0.6002 3.0768 6.0000 16.8016 0.0045 
39.6283 16.5000 3627.5696 0.3838 0.1249 -0.6070 3.0755 6.0000 16.8927 0.0036 
39.6614 16.5000 3639.6132 0.3805 0.1258 -0.6010 3.0735 6.0000 17.0513 0.0039 
39.6517 16.5000 3635.9684 0.3797 0.1237 -0.6030 3.0721 6.0000 17.3237 0.0039 
39.6517 16.5000 3633.8141 0.3844 0.1280 -0.6027 3.0743 6.0000 16.9978 0.0039 
39.6503 16.5000 3635.8416 0.3779 0.1237 -0.6022 3.0718 6.0000 16.8030 0.0034 
39.6705 16.5000 3641.0671 0.3788 0.1239 -0.6040 3.0738 6.0000 16.9768 0.0047 
39.6196 16.5000 3621.5112 0.3797 0.1268 -0.6044 3.0836 6.0000 17.8866 0.0038 
39.6570 16.5000 3639.2177 0.3816 0.1263 -0.5997 3.0793 6.0000 17.1746 0.0040 
39.6487 16.5000 3638.0108 0.3803 0.1246 -0.6039 3.0719 6.0000 17.8413 0.0035 
39.6685 16.5000 3640.5344 0.3814 0.1248 -0.6062 3.0746 6.0000 17.4506 0.0037 
39.6588 16.5000 3637.6100 0.3809 0.1265 -0.5985 3.0784 6.0000 16.9760 0.0039 
39.6503 16.5000 3635.0086 0.3823 0.1268 -0.6042 3.0771 6.0000 17.3970 0.0042 
39.6393 16.5000 3632.0488 0.3827 0.1257 -0.6027 3.0759 6.0000 16.9731 0.0042 
39.6409 16.5000 3629.6221 0.3809 0.1260 -0.6014 3.0757 6.0000 16.6347 0.0038 
39.6545 16.5000 3635.5910 0.3826 0.1249 -0.6075 3.0800 6.0000 17.1460 0.0042 
39.6389 16.5000 3631.0457 0.3849 0.1302 -0.5975 3.0813 6.0000 17.1047 0.0034 
39.6694 16.5000 3641.4669 0.3818 0.1250 -0.6017 3.0787 6.0000 17.5039 0.0047 
39.6189 16.5000 3622.6993 0.3827 0.1273 -0.6051 3.0819 6.0000 17.3962 0.0053 
39.5956 16.5000 3615.8741 0.3803 0.1232 -0.6095 3.0698 6.0000 17.5043 0.0040 
39.6471 16.5000 3634.5590 0.3820 0.1252 -0.6009 3.0780 6.0000 17.4079 0.0038 
39.6556 16.5000 3637.3193 0.3827 0.1263 -0.6051 3.0774 6.0000 16.8933 0.0035 
39.6682 16.5000 3642.1174 0.3800 0.1258 -0.5986 3.0741 6.0000 17.3148 0.0039 
39.6524 16.5000 3635.7024 0.3816 0.1247 -0.6080 3.0749 6.0000 17.0183 0.0045 
39.6267 16.5000 3624.4175 0.3812 0.1246 -0.6091 3.0758 6.0000 16.9184 0.0049 
39.6100 16.5000 3620.1878 0.3828 0.1247 -0.6086 3.0791 6.0000 17.1540 0.0046 
39.6249 16.5000 3624.7438 0.3833 0.1259 -0.6043 3.0769 6.0000 17.1298 0.0038 
39.6554 16.5000 3637.9365 0.3802 0.1247 -0.6018 3.0767 6.0000 17.2704 0.0036 
39.6611 16.5000 3638.1169 0.3774 0.1241 -0.6006 3.0767 6.0000 16.6761 0.0043 
39.6364 16.5000 3629.9509 0.3825 0.1259 -0.6071 3.0762 6.0000 17.1343 0.0043 
39.6338 16.5000 3629.9257 0.3830 0.1251 -0.6055 3.0713 6.0000 16.9201 0.0036 
39.6630 16.5000 3641.5469 0.3817 0.1244 -0.6026 3.0745 6.0000 17.0570 0.0040 
39.6490 16.5000 3634.6046 0.3800 0.1239 -0.6027 3.0740 6.0000 16.8405 0.0038 
39.6536 16.5000 3636.7738 0.3812 0.1243 -0.6066 3.0775 6.0000 16.1549 0.0038 
39.6561 16.5000 3634.6466 0.3802 0.1254 -0.6010 3.0779 6.0000 16.7481 0.0035 
39.6650 16.5000 3638.6512 0.3800 0.1249 -0.6038 3.0802 6.0000 16.2480 0.0044 
39.6311 16.5000 3628.6218 0.3811 0.1249 -0.6010 3.0690 6.0000 16.8714 0.0047 
39.6180 16.5000 3621.0088 0.3786 0.1248 -0.6013 3.0756 6.0000 17.0021 0.0044 
39.6320 16.5000 3627.1434 0.3817 0.1241 -0.6062 3.0702 6.0000 17.1295 0.0039 
39.6497 16.5000 3636.2146 0.3814 0.1237 -0.6024 3.0718 6.0000 17.1204 0.0039 
39.6513 16.5000 3635.3851 0.3807 0.1257 -0.6030 3.0794 6.0000 16.6749 0.0039 
