39.6494 4.0000 3633.9250 0.3478 0.1108 -0.5832 3.0843 6.0000 27.6239 0.0032 
39.6850 4.0000 3645.7177 0.3530 0.1109 -0.5888 3.0802 6.0000 27.2514 0.0029 
39.6889 4.0000 3645.9504 0.3478 0.1092 -0.5843 3.0830 6.0000 27.8163 0.0032 
39.6797 4.0000 3645.1089 0.3498 0.1104 -0.5854 3.0845 6.0000 27.9656 0.0036 
39.6856 4.0000 3646.7858 0.3506 0.1110 -0.5857 3.0872 6.0000 27.7834 0.0036 
39.6635 4.0000 3640.6873 0.3472 0.1091 -0.5819 3.0826 6.0000 27.6648 0.0036 
39.6751 4.0000 3643.2917 0.3485 0.1089 -0.5867 3.0856 6.0000 28.0956 0.0039 
39.6646 4.0000 3639.2165 0.3520 0.1106 -0.5902 3.0810 6.0000 28.3407 0.0027 
39.6526 4.0000 3633.6499 0.3493 0.1094 -0.5872 3.0817 6.0000 28.0711 0.0039 
39.6984 4.0000 3652.1879 0.3483 0.1101 -0.5840 3.0862 6.0000 28.5086 0.0035 
39.6757 4.0000 3643.1454 0.3495 0.1095 -0.5874 3.0840 6.0000 28.5975 0.0028 
39.6669 4.0000 3639.8199 0.3512 0.1109 -0.5875 3.0831 6.0000 28.5267 0.0028 
39.6965 4.0000 3652.8819 0.3501 0.1095 -0.5836 3.0828 6.0000 28.5147 0.0028 
39.6757 4.0000 3644.3775 0.3522 0.1136 -0.5813 3.0901 6.0000 28.6283 0.0032 
39.6955 4.0000 3651.6683 0.3532 0.1115 -0.5855 3.0795 6.0000 28.4109 0.0032 
39.6776 4.0000 3644.4527 0.3519 0.1098 -0.5895 3.0831 6.0000 28.2716 0.0031 
39.6854 4.0000 3645.4733 0.3514 0.1104 -0.5837 3.0802 6.0000 28.6830 0.0033 
39.6841 4.0000 3644.2371 0.3503 0.1109 -0.5858 3.0885 6.0000 28.3123 0.0037 
39.6580 4.0000 3637.6637 0.3515 0.1108 -0.5867 3.0838 6.0000 28.5068 0.0027 
39.6759 4.0000 3642.9077 0.3492 0.1099 -0.5846 3.0827 6.0000 28.6997 0.0033 
39.7003 4.0000 3651.0452 0.3510 0.1098 -0.5842 3.0786 6.0000 28.5865 0.0033 
39.6740 4.0000 3641.9788 0.3502 0.1101 -0.5850 3.0796 6.0000 28.4126 0.0033 
39.6583 4.0000 3636.4138 0.3504 0.1099 -0.5886 3.0828 6.0000 28.6637 0.0034 
39.6742 4.0000 3641.3873 0.3484 0.1088 -0.5806 3.0814 6.0000 28.5144 0.0034 
39.6728 4.0000 3644.2161 0.3512 0.1116 -0.5849 3.0803 6.0000 28.6801 0.0031 
39.6879 4.0000 3648.2799 0.3505 0.1107 -0.5823 3.0863 6.0000 29.2132 0.0032 
39.6824 4.0000 3645.6961 0.3488 0.1081 -0.5894 3.0803 6.0000 28.8030 0.0031 
39.6839 4.0000 3646.5349 0.3516 0.1103 -0.5867 3.0831 6.0000 28.9071 0.0034 
39.6799 4.0000 3643.9989 0.3507 0.1093 -0.5884 3.0802 6.0000 29.1514 0.0032 
39.6723 4.0000 3642.6702 0.3510 0.1105 -0.5874 3.0845 6.0000 28.7884 0.0032 
39.6784 4.0000 3643.9475 0.3491 0.1104 -0.5831 3.0858 6.0000 28.8644 0.0027 
39.6721 4.0000 3644.2804 0.3525 0.1109 -0.5892 3.0846 6.0000 29.0625 0.0035 
39.6967 4.0000 3650.7276 0.3500 0.1095 -0.5831 3.0824 6.0000 29.2952 0.0035 
39.6662 4.0000 3639.9527 0.3514 0.1102 -0.5892 3.0804 6.0000 28.7182 0.0032 
39.6591 4.0000 3637.9487 0.3498 0.1093 -0.5894 3.0800 6.0000 29.0170 0.0033 
39.6793 4.0000 3644.3411 0.3508 0.1108 -0.5866 3.0846 6.0000 29.3538 0.0039 
39.6755 4.0000 3642.9567 0.3520 0.1110 -0.5902 3.0844 6.0000 29.0805 0.0033 
39.6501 4.0000 3635.2062 0.3501 0.1094 -0.5855 3.0799 6.0000 29.0988 0.0028 
39.6759 4.0000 3643.7854 0.3524 0.1110 -0.5865 3.0860 6.0000 29.1604 0.0032 
39.6936 4.0000 3650.6683 0.3543 0.1114 -0.5888 3.0821 6.0000 29.0742 0.0033 
39.6770 4.0000 3642.2766 0.3494 0.1082 -0.5901 3.0851 6.0000 28.8132 0.0039 
39.6740 4.0000 3642.9998 0.3523 0.1099 -0.5855 3.0779 6.0000 29.8121 0.0032 
39.6520 4.0000 3635.0559 0.3519 0.1115 -0.5875 3.0837 6.0000 30.4270 0.0033 
39.6782 4.0000 3643.0834 0.3504 0.1088 -0.5847 3.0840 6.0000 31.0815 0.0037 
39.6734 4.0000 3641.3081 0.3497 0.1098 -0.5860 3.0855 6.0000 30.6898 0.0032 
39.6608 4.0000 3637.6318 0.3504 0.1093 -0.5889 3.0818 6.0000 30.2009 0.0035 
39.6784 4.0000 3643.0849 0.3513 0.1111 -0.5851 3.0862 6.0000 30.4855 0.0036 
39.6669 4.0000 3638.5904 0.3517 0.1089 -0.5919 3.0824 6.0000 30.1136 0.0030 
39.6646 4.0000 3637.4170 0.3534 0.1117 -0.5856 3.0870 6.0000 29.0004 0.0035 
39.6850 4.0000 3647.6248 0.3500 0.1097 -0.5867 3.0854 6.0000 28.9337 0.0033 
39.6667 4.0000 3639.1330 0.3522 0.1121 -0.5861 3.0862 6.0000 29.1219 0.0037 
39.6747 4.0000 3643.1255 0.3491 0.1104 -0.5823 3.0846 6.0000 29.0240 0.0032 
39.6585 4.0000 3636.8443 0.3525 0.1109 -0.5877 3.0827 6.0000 29.1592 0.0034 
39.6793 4.0000 3643.4557 0.3499 0.1095 -0.5893 3.0836 6.0000 28.8122 0.0034 
39.6717 4.0000 3640.1938 0.3506 0.1096 -0.5873 3.0842 6.0000 29.5989 0.0035 
39.6713 4.0000 3641.5233 0.3509 0.1106 -0.5890 3.0846 6.0000 29.7058 0.0031 
39.6662 4.0000 3640.7051 0.3498 0.1099 -0.5852 3.0837 6.0000 29.4659 0.0041 
39.6812 4.0000 3645.1742 0.3510 0.1100 -0.5889 3.0815 6.0000 29.0983 0.0038 
39.6442 4.0000 3630.4212 0.3528 0.1105 -0.5914 3.0817 6.0000 28.9021 0.0034 
39.6568 4.0000 3636.1509 0.3510 0.1106 -0.5849 3.0835 6.0000 29.1436 0.0031 
39.6702 4.0000 3641.1251 0.3501 0.1099 -0.5865 3.0844 6.0000 29.0830 0.0035 
39.6810 4.0000 3647.5866 0.3516 0.1104 -0.5882 3.0854 6.0000 29.0145 0.0037 
39.6662 4.0000 3639.1913 0.3519 0.1099 -0.5891 3.0833 6.0000 28.8770 0.0034 
39.6602 4.0000 3638.2642 0.3492 0.1074 -0.5908 3.0802 6.0000 29.1677 0.0031 
39.6715 4.0000 3642.3960 0.3518 0.1102 -0.5894 3.0851 6.0000 28.7024 0.0031 
39.6816 4.0000 3643.7413 0.3529 0.1125 -0.5842 3.0844 6.0000 29.2178 0.0034 
39.6824 4.0000 3646.2659 0.3532 0.1114 -0.5858 3.0815 6.0000 29.0602 0.0037 
39.6696 4.0000 3639.2453 0.3524 0.1099 -0.5841 3.0805 6.0000 28.6863 0.0031 
39.6585 4.0000 3636.8586 0.3491 0.1099 -0.5833 3.0800 6.0000 29.5366 0.0031 
39.6839 4.0000 3645.7543 0.3535 0.1132 -0.5848 3.0866 6.0000 30.5535 0.0033 
39.6814 4.0000 3645.4367 0.3493 0.1107 -0.5847 3.0821 6.0000 30.7956 0.0040 
39.6755 4.0000 3643.7589 0.3519 0.1097 -0.5881 3.0801 6.0000 30.6879 0.0034 
39.6486 4.0000 3633.5494 0.3506 0.1100 -0.5906 3.0825 6.0000 29.5553 0.0033 
39.6707 4.0000 3638.3398 0.3519 0.1123 -0.5853 3.0884 6.0000 29.3111 0.0033 
39.6757 4.0000 3643.8018 0.3502 0.1104 -0.5834 3.0846 6.0000 29.1572 0.0035 
39.6761 4.0000 3644.5662 0.3524 0.1104 -0.5866 3.0813 6.0000 29.3361 0.0034 
39.6667 4.0000 3637.6074 0.3523 0.1108 -0.5871 3.0819 6.0000 29.3624 0.0031 
39.6694 4.0000 3641.6135 0.3516 0.1099 -0.5855 3.0795 6.0000 29.3269 0.0038 
39.6837 4.0000 3646.7982 0.3477 0.1098 -0.5836 3.0887 6.0000 29.1095 0.0036 
39.6559 4.0000 3637.8193 0.3526 0.1107 -0.5869 3.0856 6.0000 29.1532 0.0037 
39.6637 4.0000 3638.8041 0.3547 0.1113 -0.5882 3.0851 6.0000 29.3953 0.0035 
39.6606 4.0000 3638.2535 0.3526 0.1114 -0.5903 3.0826 6.0000 28.8281 0.0035 
39.6675 4.0000 3637.1330 0.3518 0.1109 -0.5854 3.0843 6.0000 29.2964 0.0035 
39.6652 4.0000 3641.9765 0.3518 0.1110 -0.5859 3.0808 6.0000 28.7945 0.0030 
39.6671 4.0000 3640.6257 0.3505 0.1113 -0.5811 3.0804 6.0000 29.7908 0.0033 
39.6879 4.0000 3647.8670 0.3510 0.1109 -0.5853 3.0845 6.0000 29.9549 0.0040 
39.6765 4.0000 3643.0721 0.3522 0.1101 -0.5876 3.0830 5.0000 29.6362 0.0033 
39.6454 4.0000 3630.9130 0.3534 0.1113 -0.5875 3.0847 6.0000 29.1001 0.0037 
39.6753 4.0000 3643.2972 0.3488 0.1099 -0.5820 3.0807 6.0000 28.9365 0.0035 
39.6604 4.0000 3635.6965 0.3504 0.1107 -0.5848 3.0845 5.0000 28.9291 0.0039 
39.6654 4.0000 3639.8796 0.3507 0.1087 -0.5901 3.0809 6.0000 29.2544 0.0030 
39.6499 4.0000 3634.4512 0.3523 0.1108 -0.5904 3.0844 6.0000 29.0091 0.0041 
39.6879 4.0000 3649.8722 0.3527 0.1092 -0.5899 3.0790 6.0000 29.3786 0.0032 
39.6419 4.0000 3631.1148 0.3501 0.1109 -0.5871 3.0850 6.0000 30.4621 0.0032 
39.6791 4.0000 3644.2875 0.3503 0.1114 -0.5841 3.0881 6.0000 30.4672 0.0035 
39.6791 4.0000 3644.9605 0.3530 0.1080 -0.5913 3.0818 6.0000 30.4836 0.0031 
39.6656 4.0000 3639.6639 0.3527 0.1105 -0.5889 3.0853 6.0000 29.0419 0.0036 
39.6826 4.0000 3646.4796 0.3484 0.1102 -0.5856 3.0813 6.0000 29.2552 0.0029 
39.6629 4.0000 3640.5698 0.3500 0.1092 -0.5874 3.0813 6.0000 29.2743 0.0029 
39.6894 4.0000 3649.3106 0.3543 0.1117 -0.5874 3.0838 6.0000 18.5353 0.0029 
