39.6231 16.5000 3623.7873 0.3547 0.1200 -0.5921 3.0125 6.0000 11.2988 0.0048 
39.6074 16.5000 3622.0504 0.3471 0.1145 -0.5908 3.0077 6.0000 11.0800 0.0054 
39.5911 16.5000 3616.8875 0.3550 0.1158 -0.5861 3.0076 6.0000 11.1786 0.0054 
39.6141 16.5000 3622.9603 0.3518 0.1157 -0.5907 3.0085 5.0000 10.8841 0.0046 
39.6102 16.5000 3623.2599 0.3536 0.1174 -0.5897 3.0092 6.0000 10.6070 0.0053 
39.5962 16.5000 3615.8383 0.3520 0.1166 -0.5821 3.0062 6.0000 10.9201 0.0045 
39.6251 16.5000 3624.6350 0.3543 0.1178 -0.5885 3.0072 6.0000 11.6405 0.0049 
39.6273 16.5000 3627.9793 0.3538 0.1174 -0.5905 3.0076 5.0000 11.9299 0.0052 
39.6124 16.5000 3620.6927 0.3532 0.1162 -0.5918 3.0018 5.0000 11.6553 0.0052 
39.6018 16.5000 3618.2603 0.3566 0.1168 -0.5971 3.0119 5.0000 11.7615 0.0046 
39.6239 16.5000 3627.3515 0.3541 0.1177 -0.5894 3.0097 6.0000 11.9104 0.0047 
39.6234 16.5000 3622.3234 0.3536 0.1169 -0.5942 3.0098 5.0000 11.9243 0.0047 
39.6194 16.5000 3626.2945 0.3525 0.1150 -0.5911 3.0033 6.0000 11.9087 0.0048 
39.6004 16.5000 3618.2637 0.3513 0.1161 -0.5904 3.0105 6.0000 12.1775 0.0059 
39.6169 16.5000 3621.6021 0.3543 0.1162 -0.5946 3.0047 6.0000 12.1113 0.0059 
39.5715 16.5000 3604.7835 0.3553 0.1172 -0.5986 3.0119 6.0000 11.9965 0.0050 
39.6080 16.5000 3623.8512 0.3547 0.1178 -0.5905 3.0081 5.0000 12.2455 0.0039 
39.6088 16.5000 3622.6826 0.3514 0.1160 -0.5903 3.0083 6.0000 12.1505 0.0039 
39.6520 16.5000 3636.7149 0.3529 0.1152 -0.5908 3.0039 5.0000 11.6342 0.0050 
39.6136 16.5000 3623.9434 0.3522 0.1159 -0.5915 3.0052 6.0000 11.7603 0.0060 
39.6082 16.5000 3620.8550 0.3513 0.1163 -0.5924 3.0094 5.0000 11.8235 0.0060 
39.5670 16.5000 3603.7458 0.3541 0.1170 -0.5925 3.0123 6.0000 11.0347 0.0058 
39.5982 16.5000 3615.2182 0.3538 0.1161 -0.5914 3.0123 5.0000 11.1835 0.0049 
39.5774 16.5000 3610.5532 0.3547 0.1165 -0.5937 3.0132 5.0000 11.3114 0.0046 
39.6116 16.5000 3621.0848 0.3513 0.1155 -0.5887 3.0079 6.0000 11.1936 0.0051 
39.6225 16.5000 3623.9190 0.3532 0.1150 -0.5952 3.0095 5.0000 11.4580 0.0053 
39.6057 16.5000 3616.5512 0.3479 0.1138 -0.5888 3.0060 5.0000 11.5463 0.0049 
39.5959 16.5000 3616.4103 0.3511 0.1156 -0.5881 3.0108 6.0000 12.2430 0.0051 
39.6108 16.5000 3619.4681 0.3522 0.1150 -0.5952 3.0072 5.0000 12.2131 0.0053 
39.6032 16.5000 3616.8620 0.3528 0.1172 -0.5914 3.0133 6.0000 12.2680 0.0058 
39.5962 16.5000 3617.6786 0.3517 0.1168 -0.5904 3.0104 5.0000 11.7283 0.0048 
39.5749 16.5000 3608.7510 0.3482 0.1149 -0.5867 3.0125 6.0000 11.6495 0.0056 
39.6152 16.5000 3626.6675 0.3534 0.1152 -0.5902 3.0100 6.0000 11.7552 0.0047 
39.5841 16.5000 3612.7437 0.3545 0.1151 -0.5937 3.0102 5.0000 12.3522 0.0042 
39.6203 16.5000 3627.2966 0.3545 0.1186 -0.5862 3.0109 5.0000 12.1026 0.0049 
39.6407 16.5000 3630.9615 0.3538 0.1158 -0.5900 3.0078 5.0000 12.2652 0.0048 
39.6122 16.5000 3622.7258 0.3510 0.1166 -0.5904 3.0128 6.0000 12.3462 0.0043 
39.6161 16.5000 3622.7692 0.3511 0.1167 -0.5880 3.0081 6.0000 12.2438 0.0060 
39.6351 16.5000 3629.2367 0.3526 0.1181 -0.5845 3.0122 6.0000 12.4270 0.0048 
39.5687 16.5000 3606.6473 0.3529 0.1173 -0.5955 3.0131 5.0000 11.1810 0.0045 
39.6147 16.5000 3621.3899 0.3551 0.1178 -0.5910 3.0162 5.0000 11.1307 0.0049 
39.6259 16.5000 3628.0776 0.3544 0.1174 -0.5928 3.0044 5.0000 11.5291 0.0049 
39.6116 16.5000 3622.0765 0.3508 0.1150 -0.5938 3.0101 5.0000 11.1858 0.0043 
39.6127 16.5000 3623.9185 0.3524 0.1138 -0.5925 3.0060 5.0000 11.1588 0.0048 
39.6365 16.5000 3628.1466 0.3510 0.1158 -0.5929 3.0112 5.0000 11.6392 0.0049 
39.6158 16.5000 3623.9280 0.3558 0.1161 -0.5933 3.0122 5.0000 12.1495 0.0048 
39.6124 16.5000 3619.6542 0.3509 0.1191 -0.5836 3.0087 5.0000 12.2620 0.0046 
39.6158 16.5000 3621.8422 0.3518 0.1146 -0.5906 3.0041 6.0000 12.1778 0.0053 
39.6228 16.5000 3625.0052 0.3526 0.1138 -0.5900 3.0073 5.0000 11.2801 0.0052 
39.5965 16.5000 3614.1306 0.3496 0.1151 -0.5886 3.0099 6.0000 11.4283 0.0050 
39.6001 16.5000 3621.2061 0.3535 0.1184 -0.5874 3.0092 5.0000 11.6061 0.0056 
39.6080 16.5000 3617.7556 0.3521 0.1163 -0.5928 3.0046 5.0000 11.7917 0.0054 
39.5827 16.5000 3614.0067 0.3551 0.1184 -0.5886 3.0077 5.0000 12.1812 0.0049 
39.5925 16.5000 3617.0870 0.3540 0.1167 -0.5905 3.0114 5.0000 12.4221 0.0048 
39.6116 16.5000 3624.2177 0.3523 0.1150 -0.5896 3.0057 5.0000 11.4822 0.0049 
39.6138 16.5000 3622.4223 0.3511 0.1154 -0.5906 3.0049 5.0000 11.3341 0.0053 
39.6124 16.5000 3625.8038 0.3513 0.1153 -0.5938 3.0123 6.0000 11.5464 0.0052 
39.5951 16.5000 3619.1784 0.3526 0.1162 -0.5902 3.0107 5.0000 11.0296 0.0052 
39.6007 16.5000 3617.1007 0.3506 0.1161 -0.5871 3.0079 5.0000 11.3578 0.0055 
39.5984 16.5000 3615.5816 0.3519 0.1169 -0.5919 3.0134 6.0000 11.4703 0.0053 
39.5892 16.5000 3614.8589 0.3520 0.1167 -0.5863 3.0086 6.0000 11.7201 0.0046 
39.5953 16.5000 3619.1035 0.3538 0.1172 -0.5888 3.0093 5.0000 11.9268 0.0042 
39.6242 16.5000 3628.2113 0.3500 0.1172 -0.5847 3.0108 6.0000 12.0255 0.0049 
39.6382 16.5000 3630.3503 0.3555 0.1174 -0.5897 3.0101 5.0000 11.6530 0.0044 
39.6116 16.5000 3620.9505 0.3544 0.1168 -0.5949 3.0115 5.0000 12.1990 0.0046 
39.6301 16.5000 3630.1956 0.3525 0.1142 -0.5894 3.0072 6.0000 12.3346 0.0055 
39.6237 16.5000 3624.4307 0.3545 0.1159 -0.5937 3.0103 5.0000 11.4446 0.0048 
39.5864 16.5000 3613.1380 0.3524 0.1165 -0.5918 3.0091 5.0000 11.5419 0.0054 
39.6144 16.5000 3625.4793 0.3528 0.1161 -0.5884 3.0054 5.0000 11.3688 0.0056 
39.5914 16.5000 3614.4125 0.3538 0.1167 -0.5944 3.0134 5.0000 11.2018 0.0050 
39.5850 16.5000 3614.5697 0.3521 0.1156 -0.5929 3.0077 5.0000 11.3629 0.0052 
39.6082 16.5000 3616.6325 0.3524 0.1171 -0.5872 3.0111 5.0000 11.5177 0.0056 
39.6004 16.5000 3618.8093 0.3503 0.1164 -0.5909 3.0117 6.0000 11.2732 0.0050 
39.5839 16.5000 3611.0458 0.3543 0.1162 -0.5927 3.0087 5.0000 11.3645 0.0047 
39.6082 16.5000 3621.8072 0.3510 0.1152 -0.5921 3.0055 5.0000 11.8225 0.0050 
39.6214 16.5000 3626.7300 0.3566 0.1170 -0.5966 3.0088 5.0000 12.3021 0.0056 
39.6088 16.5000 3619.5769 0.3513 0.1165 -0.5882 3.0095 6.0000 12.1628 0.0048 
39.5855 16.5000 3609.6029 0.3523 0.1171 -0.5892 3.0082 6.0000 12.0203 0.0053 
39.6158 16.5000 3621.0839 0.3545 0.1162 -0.5963 3.0091 5.0000 11.1741 0.0061 
39.5970 16.5000 3614.3769 0.3508 0.1152 -0.5938 3.0122 6.0000 11.4193 0.0055 
39.5645 16.5000 3606.5397 0.3540 0.1184 -0.5873 3.0062 6.0000 11.5112 0.0046 
39.5895 16.5000 3615.6682 0.3535 0.1159 -0.5934 3.0105 5.0000 11.2867 0.0052 
39.6251 16.5000 3625.7612 0.3522 0.1172 -0.5879 3.0092 6.0000 11.3784 0.0052 
39.6012 16.5000 3616.6933 0.3531 0.1171 -0.5896 3.0076 5.0000 11.3598 0.0052 
39.6015 16.5000 3617.9784 0.3554 0.1174 -0.5924 3.0119 5.0000 11.3137 0.0042 
39.5984 16.5000 3618.2906 0.3535 0.1162 -0.5931 3.0087 5.0000 11.3960 0.0060 
39.6402 16.5000 3631.3028 0.3522 0.1156 -0.5877 3.0060 6.0000 11.2570 0.0044 
39.5665 16.5000 3605.3658 0.3513 0.1153 -0.5931 3.0108 6.0000 11.3583 0.0041 
39.6295 16.5000 3629.8086 0.3540 0.1156 -0.5930 3.0072 5.0000 11.3518 0.0046 
39.6452 16.5000 3632.8911 0.3525 0.1165 -0.5930 3.0045 6.0000 11.8211 0.0049 
39.6248 16.5000 3626.9926 0.3546 0.1175 -0.5899 3.0051 5.0000 12.0413 0.0062 
39.6099 16.5000 3617.7307 0.3532 0.1165 -0.5900 3.0045 6.0000 12.2621 0.0056 
39.5614 16.5000 3605.0458 0.3532 0.1162 -0.5939 3.0094 6.0000 12.0633 0.0050 
39.5827 16.5000 3612.1634 0.3562 0.1169 -0.5959 3.0105 5.0000 11.5553 0.0050 
39.6066 16.5000 3622.2640 0.3518 0.1162 -0.5878 3.0089 5.0000 11.3742 0.0061 
39.6080 16.5000 3616.2900 0.3511 0.1150 -0.5924 3.0044 6.0000 11.5507 0.0047 
39.5631 16.5000 3604.2116 0.3516 0.1148 -0.5932 3.0095 5.0000 11.2960 0.0052 
39.6211 16.5000 3626.0210 0.3536 0.1171 -0.5935 3.0084 6.0000 11.2948 0.0046 
39.6007 16.5000 3619.1024 0.3516 0.1146 -0.5880 3.0070 6.0000 11.0255 0.0046 
39.6231 16.5000 3626.7140 0.3529 0.1157 -0.5941 3.0089 5.0000 9.4102 0.0046 
