39.6908 4.0000 3650.4290 0.4075 0.1355 -0.6127 3.1127 6.0000 27.3324 0.0032 
39.6650 4.0000 3642.4544 0.4092 0.1357 -0.6146 3.1125 6.0000 27.0420 0.0029 
39.6570 4.0000 3638.1896 0.4054 0.1364 -0.6160 3.1146 6.0000 27.1402 0.0029 
39.6793 4.0000 3646.5059 0.4108 0.1375 -0.6146 3.1104 6.0000 28.8464 0.0042 
39.6871 4.0000 3649.0620 0.4060 0.1346 -0.6102 3.1096 6.0000 29.0229 0.0043 
39.6400 4.0000 3631.4500 0.4085 0.1374 -0.6131 3.1116 6.0000 29.1437 0.0041 
39.6372 4.0000 3631.2322 0.4105 0.1373 -0.6153 3.1082 6.0000 28.1771 0.0036 
39.6431 4.0000 3629.6114 0.4084 0.1377 -0.6115 3.1135 6.0000 28.1139 0.0036 
39.6650 4.0000 3641.2854 0.4115 0.1387 -0.6155 3.1183 6.0000 28.0457 0.0038 
39.6612 4.0000 3639.7488 0.4100 0.1367 -0.6136 3.1146 6.0000 29.7676 0.0042 
39.6553 4.0000 3636.5286 0.4095 0.1358 -0.6199 3.1148 6.0000 29.5172 0.0042 
39.6404 4.0000 3631.4273 0.4126 0.1387 -0.6124 3.1108 6.0000 29.3675 0.0042 
39.6387 4.0000 3629.1578 0.4087 0.1386 -0.6131 3.1159 6.0000 28.9856 0.0036 
39.6408 4.0000 3629.8279 0.4099 0.1364 -0.6170 3.1136 6.0000 28.8182 0.0036 
39.6633 4.0000 3637.4546 0.4091 0.1361 -0.6140 3.1143 6.0000 28.8081 0.0036 
39.6530 4.0000 3636.1288 0.4107 0.1377 -0.6132 3.1161 6.0000 28.5101 0.0043 
39.6314 4.0000 3630.1274 0.4063 0.1366 -0.6073 3.1110 6.0000 28.7957 0.0039 
39.6354 4.0000 3630.0179 0.4123 0.1377 -0.6164 3.1174 6.0000 28.7917 0.0039 
39.6524 4.0000 3634.1517 0.4096 0.1358 -0.6167 3.1139 6.0000 29.8592 0.0036 
39.6551 4.0000 3637.4714 0.4073 0.1376 -0.6105 3.1193 6.0000 30.2500 0.0032 
39.6623 4.0000 3639.2751 0.4101 0.1371 -0.6130 3.1103 6.0000 30.2082 0.0032 
39.6803 4.0000 3644.8384 0.4112 0.1375 -0.6165 3.1076 6.0000 28.4143 0.0045 
39.6644 4.0000 3639.8890 0.4102 0.1364 -0.6153 3.1134 6.0000 28.5772 0.0038 
39.6272 4.0000 3629.0935 0.4101 0.1368 -0.6160 3.1115 6.0000 28.7018 0.0038 
39.6532 4.0000 3635.4409 0.4110 0.1380 -0.6151 3.1143 6.0000 29.2825 0.0033 
39.6433 4.0000 3634.5082 0.4107 0.1391 -0.6121 3.1185 6.0000 29.2974 0.0036 
39.6747 4.0000 3644.2657 0.4073 0.1378 -0.6106 3.1180 6.0000 29.3235 0.0036 
39.6631 4.0000 3636.6230 0.4096 0.1361 -0.6124 3.1153 6.0000 28.4289 0.0037 
39.6442 4.0000 3630.0376 0.4111 0.1389 -0.6143 3.1163 6.0000 28.7614 0.0035 
39.6574 4.0000 3636.6774 0.4092 0.1364 -0.6165 3.1090 6.0000 28.7219 0.0035 
39.6660 4.0000 3639.7797 0.4076 0.1343 -0.6133 3.1130 6.0000 29.1445 0.0032 
39.6635 4.0000 3642.9491 0.4107 0.1361 -0.6133 3.1076 6.0000 29.2402 0.0040 
39.6780 4.0000 3645.4884 0.4086 0.1354 -0.6155 3.1081 6.0000 29.2243 0.0040 
39.6469 4.0000 3634.7734 0.4108 0.1358 -0.6160 3.1095 6.0000 29.8902 0.0033 
39.6530 4.0000 3636.1261 0.4074 0.1367 -0.6072 3.1145 6.0000 29.1593 0.0030 
39.6753 4.0000 3642.1921 0.4094 0.1381 -0.6114 3.1152 6.0000 29.5040 0.0037 
39.6862 4.0000 3647.4620 0.4074 0.1364 -0.6100 3.1127 6.0000 29.4610 0.0035 
39.6572 4.0000 3638.7661 0.4121 0.1372 -0.6143 3.1171 6.0000 29.6639 0.0040 
39.6681 4.0000 3639.7077 0.4071 0.1355 -0.6115 3.1113 6.0000 29.3644 0.0040 
39.6475 4.0000 3635.8640 0.4096 0.1374 -0.6152 3.1113 6.0000 28.6841 0.0038 
39.6553 4.0000 3637.7123 0.4103 0.1364 -0.6192 3.1181 6.0000 28.9767 0.0029 
39.6555 4.0000 3635.6375 0.4094 0.1347 -0.6145 3.1126 6.0000 29.0700 0.0031 
39.6894 4.0000 3649.4485 0.4099 0.1384 -0.6070 3.1132 6.0000 29.0862 0.0032 
39.6810 4.0000 3644.9132 0.4134 0.1384 -0.6172 3.1161 6.0000 28.6836 0.0041 
39.6803 4.0000 3645.0250 0.4108 0.1372 -0.6139 3.1157 6.0000 28.8148 0.0034 
39.6417 4.0000 3632.1738 0.4089 0.1394 -0.6092 3.1184 6.0000 28.7807 0.0035 
39.6709 4.0000 3642.0433 0.4096 0.1372 -0.6140 3.1165 6.0000 28.8406 0.0040 
39.6675 4.0000 3641.4943 0.4099 0.1374 -0.6121 3.1137 6.0000 28.6398 0.0040 
39.6461 4.0000 3631.9838 0.4110 0.1380 -0.6142 3.1173 6.0000 30.5801 0.0047 
39.6478 4.0000 3634.8029 0.4137 0.1372 -0.6173 3.1083 6.0000 30.2906 0.0037 
39.6204 4.0000 3622.2215 0.4088 0.1372 -0.6144 3.1164 6.0000 30.2894 0.0037 
39.6578 4.0000 3636.9294 0.4110 0.1374 -0.6102 3.1137 6.0000 28.5191 0.0039 
39.6530 4.0000 3634.0370 0.4123 0.1391 -0.6158 3.1176 6.0000 29.1048 0.0039 
39.6511 4.0000 3635.4584 0.4083 0.1359 -0.6154 3.1094 6.0000 28.8145 0.0039 
39.6513 4.0000 3634.6883 0.4100 0.1384 -0.6099 3.1129 6.0000 30.5572 0.0033 
39.6538 4.0000 3637.2577 0.4081 0.1368 -0.6084 3.1138 6.0000 30.5303 0.0048 
39.6738 4.0000 3644.0414 0.4081 0.1364 -0.6116 3.1151 6.0000 30.6288 0.0048 
39.6154 4.0000 3623.5666 0.4087 0.1357 -0.6192 3.1124 6.0000 30.3137 0.0038 
39.6677 4.0000 3638.8897 0.4111 0.1377 -0.6151 3.1164 6.0000 30.1220 0.0034 
39.6562 4.0000 3637.1835 0.4084 0.1371 -0.6145 3.1073 6.0000 30.3784 0.0038 
39.6721 4.0000 3642.6198 0.4080 0.1366 -0.6145 3.1168 6.0000 29.1762 0.0035 
39.6534 4.0000 3637.4800 0.4091 0.1370 -0.6102 3.1136 6.0000 28.7098 0.0034 
39.6681 4.0000 3641.4819 0.4099 0.1365 -0.6206 3.1161 6.0000 28.5882 0.0036 
39.6717 4.0000 3641.9557 0.4072 0.1399 -0.6073 3.1201 6.0000 29.1970 0.0041 
39.6641 4.0000 3638.8241 0.4075 0.1353 -0.6113 3.1130 6.0000 28.6630 0.0032 
39.6795 4.0000 3645.4573 0.4117 0.1375 -0.6128 3.1168 6.0000 28.7776 0.0041 
39.6419 4.0000 3628.9300 0.4090 0.1370 -0.6124 3.1097 6.0000 30.0008 0.0040 
39.6524 4.0000 3636.6967 0.4084 0.1355 -0.6151 3.1178 6.0000 30.6865 0.0033 
39.6475 4.0000 3635.1442 0.4114 0.1369 -0.6143 3.1150 6.0000 30.5912 0.0033 
39.6761 4.0000 3643.8464 0.4097 0.1368 -0.6137 3.1153 6.0000 30.7775 0.0038 
39.6845 4.0000 3645.9832 0.4081 0.1371 -0.6083 3.1146 6.0000 30.7241 0.0041 
39.6564 4.0000 3637.2364 0.4092 0.1369 -0.6104 3.1143 6.0000 30.9097 0.0041 
39.6431 4.0000 3637.5006 0.4114 0.1391 -0.6084 3.1157 6.0000 30.4924 0.0041 
39.6425 4.0000 3630.9786 0.4088 0.1382 -0.6150 3.1163 6.0000 30.1438 0.0034 
39.6423 4.0000 3628.6099 0.4093 0.1348 -0.6229 3.1183 6.0000 30.5425 0.0039 
39.6709 4.0000 3640.8722 0.4092 0.1394 -0.6107 3.1149 6.0000 28.8698 0.0044 
39.6528 4.0000 3636.6030 0.4070 0.1369 -0.6103 3.1095 6.0000 28.6768 0.0039 
39.6307 4.0000 3630.3621 0.4072 0.1379 -0.6091 3.1133 6.0000 28.6262 0.0031 
39.6507 4.0000 3632.8029 0.4092 0.1371 -0.6131 3.1106 6.0000 28.8779 0.0036 
39.6824 4.0000 3646.3592 0.4079 0.1362 -0.6091 3.1091 6.0000 28.8577 0.0034 
39.6625 4.0000 3639.9699 0.4085 0.1368 -0.6134 3.1187 6.0000 29.2610 0.0036 
39.6715 4.0000 3641.5309 0.4112 0.1375 -0.6165 3.1192 6.0000 29.2505 0.0030 
39.6644 4.0000 3637.8865 0.4111 0.1369 -0.6155 3.1161 6.0000 28.5722 0.0032 
39.6803 4.0000 3646.7682 0.4127 0.1381 -0.6103 3.1111 6.0000 28.7671 0.0044 
39.6877 4.0000 3646.9897 0.4096 0.1364 -0.6161 3.1173 6.0000 28.8990 0.0034 
39.6318 4.0000 3624.8499 0.4105 0.1362 -0.6146 3.1166 6.0000 29.1167 0.0039 
39.6711 4.0000 3642.4723 0.4097 0.1376 -0.6118 3.1118 6.0000 28.9356 0.0037 
39.6505 4.0000 3635.0986 0.4119 0.1384 -0.6147 3.1163 6.0000 30.2165 0.0041 
39.6583 4.0000 3638.3155 0.4095 0.1361 -0.6124 3.1143 6.0000 30.5280 0.0036 
39.6444 4.0000 3631.8174 0.4083 0.1353 -0.6128 3.1132 6.0000 30.3050 0.0036 
39.6637 4.0000 3639.8291 0.4078 0.1368 -0.6068 3.1166 6.0000 29.0411 0.0043 
39.6633 4.0000 3641.5429 0.4126 0.1378 -0.6153 3.1188 6.0000 28.9938 0.0034 
39.6354 4.0000 3630.5456 0.4125 0.1389 -0.6184 3.1200 6.0000 28.8632 0.0043 
39.6726 4.0000 3643.3245 0.4072 0.1349 -0.6127 3.1085 6.0000 29.0740 0.0033 
39.6354 4.0000 3628.9443 0.4109 0.1379 -0.6165 3.1200 6.0000 29.1565 0.0041 
39.6749 4.0000 3640.8443 0.4055 0.1351 -0.6116 3.1164 6.0000 28.9250 0.0041 
39.6414 4.0000 3630.6408 0.4105 0.1394 -0.6129 3.1110 6.0000 29.0254 0.0029 
39.6597 4.0000 3638.4496 0.4107 0.1359 -0.6182 3.1068 6.0000 29.2096 0.0036 
39.6892 4.0000 3645.4693 0.4105 0.1366 -0.6158 3.1161 6.0000 28.6201 0.0036 
39.6639 4.0000 3641.3188 0.4096 0.1355 -0.6147 3.1106 6.0000 18.1091 0.0036 
