39.6903 4.0000 3650.1765 0.4966 0.1791 -0.6402 3.1991 6.0000 39.7773 0.0030 
39.6885 4.0000 3647.6738 0.4998 0.1804 -0.6328 3.2127 6.0000 40.0453 0.0035 
39.6473 4.0000 3635.7593 0.4988 0.1803 -0.6355 3.2091 6.0000 39.6604 0.0030 
39.6689 4.0000 3644.9427 0.5019 0.1813 -0.6349 3.2080 6.0000 40.0026 0.0031 
39.6808 4.0000 3647.7220 0.4966 0.1775 -0.6291 3.2120 6.0000 40.3035 0.0032 
39.6820 4.0000 3646.4603 0.4993 0.1780 -0.6368 3.2050 6.0000 40.5356 0.0036 
39.6790 4.0000 3647.0843 0.4958 0.1779 -0.6364 3.2087 6.0000 40.3849 0.0037 
39.6644 4.0000 3639.0607 0.4980 0.1771 -0.6326 3.2083 6.0000 40.6072 0.0036 
39.6606 4.0000 3639.6132 0.4943 0.1773 -0.6312 3.2127 6.0000 40.6609 0.0026 
39.6628 4.0000 3638.2374 0.4944 0.1779 -0.6343 3.2053 6.0000 40.6469 0.0032 
39.7015 4.0000 3653.5586 0.4998 0.1790 -0.6309 3.2016 6.0000 41.5911 0.0036 
39.6793 4.0000 3646.4520 0.4966 0.1795 -0.6282 3.2117 6.0000 40.9557 0.0036 
39.6611 4.0000 3639.3520 0.4992 0.1785 -0.6395 3.2057 6.0000 40.8482 0.0036 
39.6766 4.0000 3644.0585 0.4990 0.1790 -0.6351 3.2118 6.0000 41.4274 0.0034 
39.6633 4.0000 3639.4215 0.4980 0.1797 -0.6337 3.2113 6.0000 41.7308 0.0027 
39.6696 4.0000 3642.4134 0.4988 0.1802 -0.6322 3.2061 6.0000 41.4494 0.0027 
39.6983 4.0000 3653.0919 0.5019 0.1812 -0.6330 3.2064 6.0000 41.5754 0.0037 
39.6990 4.0000 3652.3212 0.4971 0.1767 -0.6378 3.2037 6.0000 41.7494 0.0033 
39.6595 4.0000 3639.0259 0.4995 0.1791 -0.6359 3.2074 6.0000 42.0516 0.0030 
39.6730 4.0000 3643.5649 0.4983 0.1794 -0.6353 3.2074 6.0000 41.4989 0.0030 
39.6860 4.0000 3652.1810 0.5068 0.1839 -0.6421 3.2097 6.0000 41.5442 0.0035 
39.6867 4.0000 3648.4952 0.4979 0.1776 -0.6412 3.1971 6.0000 41.5388 0.0034 
39.6680 4.0000 3642.0703 0.4975 0.1799 -0.6298 3.2095 6.0000 41.1846 0.0032 
39.6701 4.0000 3642.0166 0.4978 0.1782 -0.6367 3.2027 6.0000 41.5883 0.0034 
39.6775 4.0000 3645.0214 0.5012 0.1812 -0.6357 3.2099 6.0000 41.5071 0.0039 
39.6694 4.0000 3640.5664 0.4973 0.1794 -0.6354 3.2089 6.0000 42.1725 0.0035 
39.6498 4.0000 3636.4902 0.5003 0.1788 -0.6362 3.2056 6.0000 42.0531 0.0033 
39.6662 4.0000 3641.5028 0.5003 0.1797 -0.6362 3.2090 6.0000 41.1768 0.0038 
39.6745 4.0000 3644.2554 0.4961 0.1776 -0.6321 3.2097 6.0000 41.7824 0.0035 
39.6547 4.0000 3634.9546 0.4986 0.1812 -0.6274 3.2143 6.0000 41.5398 0.0035 
39.6682 4.0000 3642.8750 0.5037 0.1822 -0.6370 3.2058 6.0000 41.7043 0.0037 
39.6682 4.0000 3641.2407 0.4982 0.1774 -0.6362 3.2064 6.0000 41.3084 0.0033 
39.6584 4.0000 3638.0144 0.5004 0.1806 -0.6375 3.2087 6.0000 41.9830 0.0037 
39.6761 4.0000 3645.4149 0.5000 0.1783 -0.6340 3.2108 6.0000 44.3860 0.0033 
39.6590 4.0000 3635.2668 0.4993 0.1823 -0.6327 3.2086 6.0000 43.5303 0.0042 
39.6748 4.0000 3641.4925 0.5008 0.1797 -0.6395 3.2086 6.0000 43.6940 0.0027 
39.6392 4.0000 3629.4315 0.4928 0.1791 -0.6301 3.2087 6.0000 43.9424 0.0035 
39.6979 4.0000 3650.1661 0.4992 0.1788 -0.6365 3.2093 6.0000 43.4486 0.0038 
39.6653 4.0000 3638.4567 0.5009 0.1798 -0.6383 3.2082 6.0000 43.0840 0.0036 
39.6565 4.0000 3640.8663 0.5056 0.1847 -0.6315 3.2180 6.0000 43.6918 0.0035 
39.6628 4.0000 3639.7276 0.4971 0.1790 -0.6364 3.2084 6.0000 44.1615 0.0032 
39.6651 4.0000 3639.9523 0.4981 0.1786 -0.6394 3.2126 6.0000 43.9076 0.0033 
39.6786 4.0000 3645.3722 0.5010 0.1799 -0.6330 3.2128 6.0000 44.1056 0.0038 
39.6738 4.0000 3639.8220 0.4977 0.1797 -0.6337 3.2123 6.0000 44.3635 0.0028 
39.6547 4.0000 3635.0360 0.4986 0.1806 -0.6348 3.2028 6.0000 43.7739 0.0031 
39.6959 4.0000 3651.8402 0.5013 0.1808 -0.6377 3.2099 6.0000 41.9550 0.0030 
39.6813 4.0000 3647.6664 0.4976 0.1786 -0.6287 3.2055 6.0000 42.0145 0.0042 
39.6849 4.0000 3645.2981 0.4964 0.1784 -0.6293 3.2056 6.0000 42.1619 0.0036 
39.6401 4.0000 3630.0126 0.4964 0.1794 -0.6261 3.2090 6.0000 41.4151 0.0029 
39.6638 4.0000 3640.8717 0.5016 0.1797 -0.6355 3.2045 6.0000 42.1267 0.0037 
39.6925 4.0000 3648.0724 0.5015 0.1802 -0.6407 3.2152 6.0000 41.6365 0.0037 
39.6586 4.0000 3636.5417 0.4969 0.1782 -0.6335 3.2061 6.0000 41.5781 0.0028 
39.6716 4.0000 3642.7037 0.4981 0.1796 -0.6306 3.2065 6.0000 42.0270 0.0029 
39.6937 4.0000 3651.7865 0.5016 0.1829 -0.6358 3.2143 6.0000 42.2736 0.0029 
39.6900 4.0000 3649.8557 0.4953 0.1758 -0.6353 3.2015 6.0000 41.5167 0.0035 
39.6649 4.0000 3641.1326 0.5004 0.1826 -0.6293 3.2137 6.0000 41.2468 0.0038 
39.6682 4.0000 3640.2331 0.4987 0.1798 -0.6364 3.2080 6.0000 41.4138 0.0031 
39.6547 4.0000 3637.6655 0.4995 0.1808 -0.6337 3.2140 6.0000 44.0368 0.0032 
39.6828 4.0000 3646.1230 0.4950 0.1764 -0.6333 3.2088 6.0000 43.7494 0.0030 
39.6808 4.0000 3641.5916 0.4979 0.1787 -0.6288 3.2103 6.0000 44.2171 0.0028 
39.6867 4.0000 3647.7382 0.4965 0.1780 -0.6333 3.2027 6.0000 43.7811 0.0038 
39.6956 4.0000 3651.9600 0.4980 0.1789 -0.6339 3.2060 6.0000 43.8493 0.0043 
39.6543 4.0000 3632.9440 0.4991 0.1769 -0.6384 3.2104 6.0000 44.1947 0.0031 
39.6347 4.0000 3630.0656 0.4991 0.1787 -0.6403 3.2017 6.0000 44.1864 0.0035 
39.6824 4.0000 3645.8110 0.4959 0.1790 -0.6327 3.2078 6.0000 44.1796 0.0027 
39.6658 4.0000 3640.6954 0.4978 0.1820 -0.6290 3.2083 6.0000 44.4586 0.0035 
39.6995 4.0000 3652.9171 0.4991 0.1769 -0.6342 3.2083 6.0000 41.7679 0.0032 
39.6678 4.0000 3641.9132 0.4997 0.1830 -0.6337 3.2100 6.0000 42.0163 0.0028 
39.6770 4.0000 3642.0940 0.4963 0.1781 -0.6387 3.2084 6.0000 41.4966 0.0034 
39.6965 4.0000 3651.0629 0.4974 0.1768 -0.6393 3.2062 6.0000 41.4654 0.0034 
39.6711 4.0000 3641.2005 0.4999 0.1779 -0.6363 3.2063 6.0000 41.0195 0.0028 
39.6727 4.0000 3643.7390 0.5024 0.1801 -0.6368 3.2072 6.0000 41.7686 0.0043 
39.6941 4.0000 3650.1931 0.4927 0.1767 -0.6312 3.2102 6.0000 41.9278 0.0039 
39.6338 4.0000 3628.3884 0.4996 0.1787 -0.6385 3.2023 6.0000 41.8058 0.0034 
39.6520 4.0000 3636.6186 0.4987 0.1817 -0.6346 3.2067 6.0000 41.5821 0.0030 
39.6698 4.0000 3638.9760 0.4990 0.1791 -0.6386 3.2067 6.0000 44.2327 0.0029 
39.6873 4.0000 3648.4806 0.5001 0.1782 -0.6398 3.2095 6.0000 44.3176 0.0037 
39.6900 4.0000 3647.7972 0.4992 0.1816 -0.6300 3.2090 6.0000 44.5825 0.0033 
39.6597 4.0000 3637.5476 0.4954 0.1791 -0.6368 3.2072 6.0000 44.0724 0.0032 
39.6763 4.0000 3641.9996 0.4987 0.1784 -0.6303 3.2086 6.0000 45.0886 0.0033 
39.6793 4.0000 3645.3733 0.4957 0.1785 -0.6305 3.2069 6.0000 44.5188 0.0044 
39.6750 4.0000 3641.7303 0.4988 0.1797 -0.6334 3.2168 6.0000 44.2059 0.0035 
39.6318 4.0000 3626.4871 0.4989 0.1790 -0.6406 3.1984 6.0000 44.3043 0.0034 
39.6651 4.0000 3639.8355 0.4961 0.1758 -0.6285 3.2063 6.0000 44.1481 0.0036 
39.6694 4.0000 3641.5567 0.4952 0.1795 -0.6303 3.2150 6.0000 44.5506 0.0027 
39.6615 4.0000 3638.7964 0.4981 0.1804 -0.6306 3.2136 6.0000 44.1016 0.0028 
39.6972 4.0000 3650.8622 0.4981 0.1775 -0.6361 3.2062 6.0000 44.2714 0.0029 
39.6932 4.0000 3651.7316 0.4989 0.1817 -0.6321 3.2155 6.0000 42.0659 0.0032 
39.6898 4.0000 3649.3414 0.5014 0.1839 -0.6318 3.2175 6.0000 42.0269 0.0028 
39.6799 4.0000 3646.6683 0.5018 0.1809 -0.6343 3.2094 6.0000 41.5000 0.0030 
39.6950 4.0000 3652.5350 0.5010 0.1795 -0.6329 3.2111 6.0000 42.4589 0.0031 
39.6873 4.0000 3649.6132 0.5006 0.1812 -0.6326 3.2119 6.0000 42.0242 0.0029 
39.6822 4.0000 3647.1711 0.4980 0.1782 -0.6326 3.2046 6.0000 41.7167 0.0035 
39.6914 4.0000 3651.4931 0.4961 0.1781 -0.6314 3.2112 6.0000 44.6489 0.0035 
39.6665 4.0000 3642.0609 0.4983 0.1779 -0.6318 3.2018 6.0000 44.8254 0.0033 
39.6658 4.0000 3639.8027 0.4979 0.1789 -0.6336 3.2105 6.0000 45.1550 0.0037 
39.6748 4.0000 3644.0701 0.4997 0.1773 -0.6360 3.2088 6.0000 41.8231 0.0038 
39.6579 4.0000 3636.3133 0.5000 0.1819 -0.6336 3.2098 6.0000 41.6887 0.0028 
39.6557 4.0000 3639.3174 0.5014 0.1819 -0.6361 3.2032 6.0000 42.1289 0.0028 
39.6928 4.0000 3651.0150 0.5060 0.1840 -0.6402 3.2183 6.0000 26.7394 0.0028 
