38.9744 16.5000 3411.8882 0.5303 0.2594 -0.6176 2.7844 5.0000 0.9081 0.0199 
39.0298 16.5000 3438.6953 0.5417 0.2563 -0.6357 2.7681 5.0000 0.9434 0.0209 
38.7314 16.5000 3337.0778 0.5308 0.2556 -0.6310 2.7927 5.0000 0.9425 0.0209 
38.9895 16.5000 3407.7108 0.5410 0.2555 -0.6392 2.7890 5.0000 0.8510 0.0301 
38.8323 16.5000 3337.4502 0.5361 0.2615 -0.6431 2.8126 5.0000 0.8619 0.0241 
38.6423 16.5000 3291.9092 0.5344 0.2589 -0.6411 2.8002 5.0000 0.8571 0.0241 
38.8701 16.5000 3400.7600 0.5474 0.2642 -0.6318 2.8032 5.0000 0.8348 0.0266 
38.7928 16.5000 3345.2022 0.5402 0.2601 -0.6496 2.7880 5.0000 0.8435 0.0267 
38.7760 16.5000 3321.8024 0.5389 0.2592 -0.6362 2.7935 5.0000 0.8379 0.0267 
38.7701 16.5000 3320.3237 0.5228 0.2601 -0.6354 2.7912 5.0000 0.8450 0.0244 
39.0374 16.5000 3454.5036 0.5386 0.2572 -0.6340 2.7863 5.0000 0.8455 0.0269 
38.8592 16.5000 3370.7919 0.5371 0.2554 -0.6468 2.7889 5.0000 0.8504 0.0269 
38.7625 16.5000 3315.7343 0.5394 0.2624 -0.6437 2.8043 5.0000 0.8432 0.0266 
38.8894 16.5000 3360.7768 0.5392 0.2615 -0.6488 2.7997 5.0000 0.8398 0.0203 
38.7743 16.5000 3324.6011 0.5311 0.2563 -0.6340 2.7920 5.0000 0.8467 0.0203 
39.0147 16.5000 3430.7390 0.5544 0.2646 -0.6432 2.7999 5.0000 0.8419 0.0192 
39.0660 16.5000 3462.6448 0.5461 0.2560 -0.6377 2.7747 5.0000 0.8388 0.0211 
39.0576 16.5000 3474.7011 0.5409 0.2519 -0.6469 2.7684 5.0000 0.8444 0.0211 
38.9819 16.5000 3427.3342 0.5394 0.2591 -0.6279 2.7893 5.0000 0.8485 0.0262 
38.9021 16.5000 3388.8415 0.5394 0.2607 -0.6389 2.7969 5.0000 0.8353 0.0270 
38.7886 16.5000 3337.1190 0.5351 0.2615 -0.6266 2.7927 5.0000 0.8394 0.0215 
38.7608 16.5000 3353.2375 0.5420 0.2585 -0.6424 2.7800 5.0000 0.8369 0.0246 
38.9693 16.5000 3409.5460 0.5391 0.2606 -0.6323 2.7966 5.0000 0.8388 0.0217 
38.8516 16.5000 3349.5637 0.5407 0.2585 -0.6450 2.7985 5.0000 0.8446 0.0234 
38.9609 16.5000 3421.9109 0.5336 0.2577 -0.6255 2.7869 5.0000 0.8439 0.0231 
38.8953 16.5000 3392.9702 0.5419 0.2580 -0.6241 2.8031 5.0000 0.8457 0.0241 
38.9063 16.5000 3393.9260 0.5432 0.2628 -0.6443 2.7898 5.0000 0.8504 0.0272 
38.8710 16.5000 3355.9193 0.5469 0.2620 -0.6612 2.8049 5.0000 0.8519 0.0227 
38.7533 16.5000 3339.6309 0.5375 0.2591 -0.6330 2.8023 5.0000 0.8375 0.0227 
38.9231 16.5000 3412.2127 0.5436 0.2569 -0.6381 2.7725 5.0000 0.8401 0.0254 
38.6381 16.5000 3272.4691 0.5424 0.2641 -0.6493 2.8121 5.0000 0.8446 0.0241 
38.8205 16.5000 3382.1454 0.5441 0.2619 -0.6503 2.7797 5.0000 0.8366 0.0241 
38.8710 16.5000 3370.3338 0.5360 0.2577 -0.6353 2.7763 5.0000 0.8425 0.0250 
39.0643 16.5000 3483.1576 0.5381 0.2527 -0.6398 2.7736 5.0000 0.8430 0.0219 
38.8331 16.5000 3367.0013 0.5439 0.2619 -0.6444 2.8018 5.0000 0.8380 0.0219 
38.9542 16.5000 3400.1034 0.5424 0.2604 -0.6410 2.7876 5.0000 0.8431 0.0231 
38.9197 16.5000 3403.4199 0.5328 0.2545 -0.6297 2.7862 5.0000 0.8481 0.0219 
38.9071 16.5000 3381.7100 0.5288 0.2537 -0.6302 2.7813 5.0000 0.8416 0.0219 
38.9533 16.5000 3393.2879 0.5308 0.2532 -0.6313 2.7980 5.0000 0.8427 0.0221 
38.8314 16.5000 3337.7554 0.5346 0.2555 -0.6491 2.8069 5.0000 0.8441 0.0276 
38.9433 16.5000 3405.1719 0.5446 0.2577 -0.6533 2.8009 5.0000 0.8528 0.0276 
38.7373 16.5000 3291.5553 0.5349 0.2642 -0.6500 2.8081 5.0000 0.8453 0.0217 
38.7390 16.5000 3352.8987 0.5373 0.2591 -0.6351 2.7957 5.0000 0.8529 0.0290 
38.9609 16.5000 3442.8651 0.5519 0.2581 -0.6539 2.7803 5.0000 0.8517 0.0290 
38.6826 16.5000 3289.1702 0.5368 0.2597 -0.6516 2.8060 5.0000 0.8417 0.0206 
38.8600 16.5000 3388.6557 0.5329 0.2569 -0.6397 2.7879 5.0000 0.8421 0.0295 
39.0013 16.5000 3437.9882 0.5390 0.2581 -0.6392 2.7783 5.0000 0.8522 0.0295 
38.6641 16.5000 3279.5687 0.5327 0.2599 -0.6300 2.8062 5.0000 0.8429 0.0203 
39.0374 16.5000 3455.5528 0.5392 0.2557 -0.6406 2.7854 5.0000 0.8402 0.0232 
39.0147 16.5000 3422.6045 0.5422 0.2576 -0.6443 2.7825 5.0000 0.8488 0.0233 
38.9037 16.5000 3423.5595 0.5360 0.2562 -0.6244 2.7783 5.0000 0.8427 0.0233 
38.8995 16.5000 3387.0626 0.5441 0.2594 -0.6540 2.7845 5.0000 0.8491 0.0197 
38.7541 16.5000 3306.3203 0.5232 0.2573 -0.6261 2.7818 5.0000 0.8456 0.0240 
39.0383 16.5000 3420.3892 0.5226 0.2521 -0.6306 2.7755 5.0000 0.8544 0.0277 
38.8726 16.5000 3389.0794 0.5379 0.2537 -0.6439 2.7758 5.0000 0.8428 0.0234 
38.7331 16.5000 3328.7222 0.5408 0.2649 -0.6430 2.7938 5.0000 0.8459 0.0237 
38.8970 16.5000 3382.1169 0.5461 0.2564 -0.6515 2.7906 5.0000 0.8450 0.0249 
38.8861 16.5000 3405.1324 0.5442 0.2603 -0.6329 2.7885 5.0000 0.8375 0.0234 
38.8373 16.5000 3364.6557 0.5379 0.2596 -0.6421 2.8101 5.0000 0.8447 0.0247 
38.8953 16.5000 3412.3792 0.5345 0.2547 -0.6318 2.7827 5.0000 0.8412 0.0247 
38.8449 16.5000 3354.2690 0.5424 0.2620 -0.6377 2.8050 5.0000 0.8509 0.0233 
38.8810 16.5000 3418.0109 0.5444 0.2600 -0.6354 2.7861 5.0000 0.8433 0.0224 
38.9012 16.5000 3391.4157 0.5381 0.2595 -0.6275 2.7955 5.0000 0.8450 0.0265 
38.9340 16.5000 3416.3153 0.5412 0.2578 -0.6341 2.7851 5.0000 0.8400 0.0252 
38.7785 16.5000 3340.7894 0.5376 0.2584 -0.6336 2.7997 5.0000 0.8426 0.0226 
38.8289 16.5000 3361.8445 0.5387 0.2559 -0.6392 2.7939 5.0000 0.8427 0.0249 
38.9273 16.5000 3376.8104 0.5287 0.2579 -0.6318 2.8028 5.0000 0.8478 0.0241 
38.8373 16.5000 3347.0559 0.5282 0.2496 -0.6415 2.7790 5.0000 0.8405 0.0285 
38.8684 16.5000 3380.0824 0.5363 0.2508 -0.6559 2.7807 5.0000 0.8419 0.0223 
38.7045 16.5000 3307.0340 0.5389 0.2659 -0.6383 2.8160 5.0000 0.8415 0.0216 
38.9365 16.5000 3422.1421 0.5383 0.2492 -0.6341 2.7760 5.0000 0.8417 0.0271 
38.9626 16.5000 3421.1223 0.5375 0.2581 -0.6400 2.7835 5.0000 0.8453 0.0248 
38.7549 16.5000 3330.4178 0.5497 0.2653 -0.6564 2.8049 5.0000 0.8412 0.0196 
38.8407 16.5000 3345.0727 0.5332 0.2596 -0.6348 2.7954 5.0000 0.8427 0.0232 
39.0399 16.5000 3441.5973 0.5333 0.2520 -0.6298 2.7772 5.0000 0.8451 0.0196 
38.9046 16.5000 3405.9588 0.5383 0.2599 -0.6302 2.7842 5.0000 0.8465 0.0244 
39.0408 16.5000 3428.4229 0.5457 0.2621 -0.6413 2.7903 5.0000 0.8500 0.0233 
38.8592 16.5000 3369.9269 0.5405 0.2619 -0.6438 2.7988 5.0000 0.8603 0.0263 
38.8979 16.5000 3349.2367 0.5338 0.2600 -0.6332 2.8054 5.0000 0.8584 0.0218 
38.7869 16.5000 3343.8150 0.5415 0.2572 -0.6418 2.7954 5.0000 0.8432 0.0218 
38.9559 16.5000 3422.0815 0.5274 0.2526 -0.6250 2.7720 5.0000 0.8509 0.0239 
38.7768 16.5000 3344.0967 0.5414 0.2629 -0.6436 2.8059 5.0000 0.8438 0.0247 
38.8768 16.5000 3385.8159 0.5385 0.2578 -0.6330 2.7782 5.0000 0.8464 0.0247 
38.8449 16.5000 3354.7255 0.5402 0.2579 -0.6484 2.8003 5.0000 0.8617 0.0227 
38.7415 16.5000 3318.8466 0.5343 0.2571 -0.6476 2.8036 5.0000 0.8408 0.0187 
38.9231 16.5000 3405.0635 0.5388 0.2586 -0.6462 2.7892 5.0000 0.8447 0.0187 
39.0752 16.5000 3470.1580 0.5360 0.2519 -0.6288 2.7762 5.0000 0.8490 0.0243 
38.9433 16.5000 3401.2224 0.5335 0.2577 -0.6340 2.7861 5.0000 0.8431 0.0244 
38.8609 16.5000 3382.4044 0.5328 0.2585 -0.6339 2.7755 5.0000 0.8439 0.0244 
38.8592 16.5000 3394.8937 0.5329 0.2531 -0.6320 2.7877 5.0000 0.8508 0.0216 
39.0752 16.5000 3472.1253 0.5465 0.2564 -0.6464 2.7689 5.0000 0.8432 0.0211 
38.9643 16.5000 3405.7066 0.5290 0.2545 -0.6221 2.7848 5.0000 0.8474 0.0274 
38.9844 16.5000 3398.8819 0.5210 0.2504 -0.6163 2.7825 5.0000 0.8495 0.0217 
38.7440 16.5000 3336.0412 0.5336 0.2581 -0.6441 2.7932 5.0000 0.8410 0.0257 
38.9609 16.5000 3411.2728 0.5347 0.2605 -0.6226 2.7945 5.0000 0.8453 0.0254 
38.8071 16.5000 3361.7621 0.5375 0.2568 -0.6497 2.7839 5.0000 0.8443 0.0299 
38.8214 16.5000 3362.8651 0.5272 0.2534 -0.6253 2.7790 5.0000 0.8518 0.0253 
38.6499 16.5000 3291.5990 0.5336 0.2585 -0.6488 2.7841 5.0000 0.8385 0.0253 
38.8239 16.5000 3356.2253 0.5359 0.2580 -0.6417 2.7873 5.0000 0.8479 0.0246 
38.8491 16.5000 3363.3140 0.5409 0.2580 -0.6487 2.7955 5.0000 0.8064 0.0246 
