39.7257 16.5000 3659.2453 0.2338 0.0648 -0.4934 3.0474 6.0000 28.3415 0.0023 
39.7315 16.5000 3662.7968 0.2345 0.0653 -0.4914 3.0473 6.0000 27.9589 0.0019 
39.7317 16.5000 3661.8380 0.2315 0.0644 -0.4878 3.0448 6.0000 27.8540 0.0019 
39.7150 16.5000 3655.6242 0.2317 0.0641 -0.4893 3.0446 6.0000 28.2734 0.0025 
39.7319 16.5000 3661.8058 0.2320 0.0643 -0.4891 3.0483 6.0000 28.8835 0.0019 
39.7078 16.5000 3653.6153 0.2300 0.0639 -0.4875 3.0465 6.0000 28.9994 0.0021 
39.7321 16.5000 3661.8250 0.2317 0.0640 -0.4891 3.0478 6.0000 28.0823 0.0021 
39.7214 16.5000 3658.1205 0.2315 0.0644 -0.4870 3.0490 6.0000 28.6964 0.0016 
39.7241 16.5000 3659.7263 0.2349 0.0647 -0.4934 3.0488 6.0000 29.0260 0.0019 
39.7429 16.5000 3666.8486 0.2325 0.0647 -0.4901 3.0457 6.0000 28.4027 0.0022 
39.7305 16.5000 3662.0215 0.2326 0.0641 -0.4907 3.0448 6.0000 28.9976 0.0018 
39.7173 16.5000 3655.8834 0.2331 0.0643 -0.4918 3.0472 6.0000 28.9216 0.0021 
39.7350 16.5000 3663.1270 0.2334 0.0642 -0.4902 3.0460 6.0000 28.5003 0.0019 
39.7232 16.5000 3659.0748 0.2329 0.0653 -0.4902 3.0484 6.0000 28.8080 0.0019 
39.7311 16.5000 3661.6225 0.2308 0.0644 -0.4877 3.0453 6.0000 29.4383 0.0022 
39.7319 16.5000 3662.4175 0.2326 0.0646 -0.4886 3.0458 6.0000 28.3311 0.0021 
39.7191 16.5000 3657.9891 0.2314 0.0644 -0.4861 3.0473 6.0000 29.0082 0.0020 
39.7235 16.5000 3658.3510 0.2313 0.0636 -0.4860 3.0432 5.0000 29.3343 0.0017 
39.7274 16.5000 3661.3646 0.2328 0.0642 -0.4912 3.0445 6.0000 28.6111 0.0019 
39.7391 16.5000 3664.4373 0.2326 0.0635 -0.4892 3.0433 6.0000 28.8561 0.0015 
39.7315 16.5000 3662.6647 0.2325 0.0640 -0.4891 3.0447 6.0000 29.2803 0.0019 
39.7445 16.5000 3667.3627 0.2347 0.0653 -0.4910 3.0456 6.0000 28.7881 0.0021 
39.7305 16.5000 3660.8047 0.2330 0.0645 -0.4901 3.0474 6.0000 28.9956 0.0020 
39.7206 16.5000 3656.9755 0.2336 0.0642 -0.4925 3.0468 6.0000 29.0343 0.0020 
39.7255 16.5000 3659.6894 0.2325 0.0646 -0.4910 3.0473 6.0000 28.8441 0.0020 
39.7263 16.5000 3659.5059 0.2313 0.0642 -0.4899 3.0468 6.0000 28.9674 0.0021 
39.7263 16.5000 3660.3382 0.2331 0.0643 -0.4904 3.0449 6.0000 29.3090 0.0021 
39.7239 16.5000 3659.0835 0.2339 0.0643 -0.4921 3.0448 6.0000 32.3723 0.0019 
39.7232 16.5000 3657.8970 0.2332 0.0647 -0.4910 3.0445 6.0000 32.7060 0.0016 
39.7317 16.5000 3661.2670 0.2329 0.0641 -0.4912 3.0460 6.0000 32.8123 0.0022 
39.7424 16.5000 3666.1123 0.2325 0.0643 -0.4890 3.0443 6.0000 32.2009 0.0021 
39.7189 16.5000 3657.0562 0.2327 0.0644 -0.4916 3.0465 6.0000 32.8730 0.0015 
39.7214 16.5000 3657.5757 0.2325 0.0643 -0.4914 3.0476 6.0000 32.3554 0.0023 
39.7459 16.5000 3667.7561 0.2309 0.0640 -0.4870 3.0467 6.0000 32.1157 0.0018 
39.7136 16.5000 3655.2570 0.2311 0.0642 -0.4878 3.0457 6.0000 32.3482 0.0018 
39.7329 16.5000 3660.9349 0.2328 0.0638 -0.4923 3.0419 6.0000 31.9485 0.0017 
39.7358 16.5000 3662.6158 0.2332 0.0646 -0.4916 3.0449 6.0000 29.2124 0.0020 
39.7398 16.5000 3664.9454 0.2326 0.0643 -0.4887 3.0456 6.0000 29.6620 0.0019 
39.7268 16.5000 3660.8563 0.2310 0.0641 -0.4866 3.0459 6.0000 29.2533 0.0021 
39.7296 16.5000 3661.2744 0.2313 0.0645 -0.4911 3.0438 6.0000 28.8739 0.0019 
39.7235 16.5000 3657.8481 0.2314 0.0644 -0.4891 3.0462 6.0000 30.2312 0.0021 
39.7296 16.5000 3661.7342 0.2330 0.0646 -0.4898 3.0458 6.0000 29.7859 0.0021 
39.7237 16.5000 3658.1242 0.2325 0.0644 -0.4919 3.0474 6.0000 29.4142 0.0017 
39.7226 16.5000 3658.1098 0.2304 0.0636 -0.4871 3.0458 6.0000 29.6626 0.0023 
39.7395 16.5000 3665.1728 0.2328 0.0642 -0.4884 3.0456 6.0000 29.3728 0.0019 
39.7164 16.5000 3656.7415 0.2312 0.0645 -0.4864 3.0479 6.0000 28.7991 0.0022 
39.7309 16.5000 3660.9207 0.2318 0.0646 -0.4907 3.0473 6.0000 29.5668 0.0023 
39.7201 16.5000 3657.3402 0.2345 0.0643 -0.4920 3.0438 6.0000 29.4443 0.0017 
39.7148 16.5000 3654.7027 0.2332 0.0646 -0.4887 3.0463 6.0000 28.9672 0.0020 
39.7363 16.5000 3663.4170 0.2319 0.0639 -0.4881 3.0429 6.0000 29.6166 0.0021 
39.7255 16.5000 3659.3344 0.2312 0.0638 -0.4881 3.0480 6.0000 29.2577 0.0021 
39.7218 16.5000 3659.2971 0.2336 0.0640 -0.4917 3.0453 6.0000 28.8716 0.0015 
39.7261 16.5000 3659.2694 0.2332 0.0646 -0.4892 3.0474 6.0000 29.7995 0.0020 
39.7459 16.5000 3666.1055 0.2334 0.0644 -0.4900 3.0469 6.0000 29.7560 0.0020 
39.7274 16.5000 3659.4238 0.2326 0.0646 -0.4917 3.0498 6.0000 28.7470 0.0022 
39.7327 16.5000 3662.5098 0.2329 0.0650 -0.4889 3.0484 6.0000 29.6892 0.0022 
39.7191 16.5000 3657.5171 0.2326 0.0652 -0.4899 3.0474 6.0000 29.4109 0.0022 
39.7181 16.5000 3656.4128 0.2311 0.0637 -0.4912 3.0474 6.0000 31.3554 0.0016 
39.7185 16.5000 3656.1403 0.2336 0.0645 -0.4901 3.0459 6.0000 32.9801 0.0018 
39.7416 16.5000 3666.5184 0.2313 0.0639 -0.4894 3.0452 6.0000 32.6177 0.0018 
39.7340 16.5000 3663.2612 0.2323 0.0644 -0.4874 3.0482 6.0000 32.3440 0.0017 
39.7332 16.5000 3662.1086 0.2315 0.0645 -0.4894 3.0470 6.0000 31.4957 0.0019 
39.7377 16.5000 3664.0646 0.2330 0.0648 -0.4916 3.0449 6.0000 31.7279 0.0019 
39.7317 16.5000 3661.9195 0.2338 0.0649 -0.4896 3.0457 6.0000 29.5483 0.0019 
39.7422 16.5000 3665.3802 0.2327 0.0646 -0.4892 3.0444 6.0000 29.2622 0.0021 
39.7288 16.5000 3660.7945 0.2317 0.0647 -0.4881 3.0472 6.0000 29.7151 0.0022 
39.7237 16.5000 3658.5409 0.2316 0.0648 -0.4890 3.0448 6.0000 29.4785 0.0022 
39.7185 16.5000 3655.9447 0.2333 0.0646 -0.4918 3.0463 6.0000 29.1639 0.0017 
39.7175 16.5000 3655.8941 0.2331 0.0639 -0.4924 3.0453 6.0000 29.7589 0.0017 
39.7395 16.5000 3665.6382 0.2319 0.0648 -0.4896 3.0466 6.0000 29.6567 0.0022 
39.7391 16.5000 3663.6201 0.2311 0.0645 -0.4894 3.0454 6.0000 29.3455 0.0019 
39.7199 16.5000 3657.2242 0.2336 0.0649 -0.4918 3.0464 6.0000 29.7855 0.0019 
39.7309 16.5000 3661.6463 0.2306 0.0643 -0.4873 3.0426 6.0000 31.0876 0.0022 
39.7301 16.5000 3661.4089 0.2328 0.0641 -0.4899 3.0483 6.0000 30.6225 0.0022 
39.7202 16.5000 3657.5357 0.2329 0.0644 -0.4911 3.0432 6.0000 30.8118 0.0021 
39.7175 16.5000 3656.1732 0.2325 0.0644 -0.4899 3.0445 6.0000 29.8874 0.0016 
39.7235 16.5000 3658.9176 0.2307 0.0639 -0.4882 3.0485 6.0000 29.5832 0.0017 
39.7414 16.5000 3664.9050 0.2325 0.0651 -0.4888 3.0496 6.0000 29.8309 0.0021 
39.7400 16.5000 3664.7421 0.2310 0.0639 -0.4853 3.0445 6.0000 29.4468 0.0018 
39.7233 16.5000 3658.9822 0.2322 0.0647 -0.4868 3.0460 6.0000 29.3066 0.0016 
39.7338 16.5000 3662.7520 0.2308 0.0644 -0.4874 3.0473 6.0000 29.1395 0.0022 
39.7412 16.5000 3666.0365 0.2315 0.0640 -0.4901 3.0452 6.0000 31.5243 0.0019 
39.7195 16.5000 3657.3239 0.2324 0.0647 -0.4881 3.0470 6.0000 31.5258 0.0020 
39.7299 16.5000 3661.0356 0.2333 0.0647 -0.4908 3.0474 6.0000 31.0095 0.0018 
39.7276 16.5000 3660.3496 0.2315 0.0648 -0.4881 3.0441 6.0000 29.0334 0.0020 
39.7352 16.5000 3663.9335 0.2314 0.0643 -0.4879 3.0446 6.0000 29.4169 0.0018 
39.7263 16.5000 3659.9119 0.2320 0.0641 -0.4912 3.0444 6.0000 29.4157 0.0021 
39.7334 16.5000 3661.1283 0.2315 0.0643 -0.4895 3.0465 6.0000 29.1691 0.0022 
39.7222 16.5000 3658.6001 0.2335 0.0647 -0.4902 3.0446 6.0000 30.3607 0.0021 
39.7199 16.5000 3657.5947 0.2316 0.0642 -0.4900 3.0470 6.0000 31.1559 0.0018 
39.7212 16.5000 3658.8979 0.2329 0.0641 -0.4883 3.0453 6.0000 30.3043 0.0018 
39.7336 16.5000 3664.3936 0.2303 0.0646 -0.4852 3.0474 6.0000 29.6369 0.0018 
39.7327 16.5000 3661.7123 0.2311 0.0640 -0.4881 3.0519 6.0000 29.8829 0.0019 
39.7360 16.5000 3663.2651 0.2318 0.0644 -0.4886 3.0484 6.0000 29.1641 0.0021 
39.7323 16.5000 3661.7354 0.2336 0.0638 -0.4936 3.0428 6.0000 29.4434 0.0022 
39.7230 16.5000 3659.7732 0.2332 0.0648 -0.4903 3.0485 6.0000 30.0659 0.0019 
39.7195 16.5000 3657.3551 0.2328 0.0656 -0.4859 3.0487 6.0000 31.7072 0.0020 
39.7309 16.5000 3661.1291 0.2327 0.0648 -0.4898 3.0472 6.0000 32.3069 0.0021 
39.7249 16.5000 3660.3896 0.2305 0.0641 -0.4856 3.0454 6.0000 31.9737 0.0021 
39.7210 16.5000 3657.9005 0.2314 0.0640 -0.4881 3.0470 6.0000 23.5436 0.0021 
