39.7528 4.0000 3662.2768 0.1184 0.0523 -0.2799 2.8812 5.0000 13.0246 0.0015 
39.7446 4.0000 3658.9221 0.1154 0.0525 -0.2759 2.8810 5.0000 12.9227 0.0015 
39.7185 4.0000 3646.5662 0.1158 0.0523 -0.2776 2.8799 5.0000 12.8072 0.0015 
39.7516 4.0000 3660.3238 0.1176 0.0532 -0.2798 2.8832 5.0000 13.2830 0.0016 
39.7377 4.0000 3653.6904 0.1183 0.0526 -0.2800 2.8820 5.0000 13.3510 0.0016 
39.7409 4.0000 3657.1166 0.1135 0.0525 -0.2733 2.8800 5.0000 13.3823 0.0016 
39.7320 4.0000 3653.8730 0.1191 0.0532 -0.2838 2.8831 5.0000 12.6953 0.0016 
39.7175 4.0000 3645.2777 0.1131 0.0520 -0.2727 2.8806 6.0000 12.8818 0.0015 
39.7437 4.0000 3658.7689 0.1178 0.0531 -0.2801 2.8820 5.0000 13.0857 0.0017 
39.7465 4.0000 3657.8770 0.1167 0.0519 -0.2809 2.8815 5.0000 12.7257 0.0014 
39.7399 4.0000 3654.6148 0.1187 0.0532 -0.2822 2.8824 5.0000 12.6174 0.0014 
39.7516 4.0000 3660.7752 0.1179 0.0528 -0.2798 2.8813 6.0000 12.9352 0.0013 
39.7254 4.0000 3651.9360 0.1178 0.0524 -0.2784 2.8837 5.0000 13.3242 0.0021 
39.7528 4.0000 3661.6513 0.1148 0.0529 -0.2730 2.8809 5.0000 13.2506 0.0021 
39.7235 4.0000 3649.7163 0.1206 0.0530 -0.2868 2.8828 5.0000 13.1507 0.0018 
39.7434 4.0000 3655.6163 0.1194 0.0522 -0.2853 2.8811 5.0000 13.2565 0.0015 
39.7349 4.0000 3653.6308 0.1171 0.0528 -0.2778 2.8825 5.0000 13.8559 0.0016 
39.7465 4.0000 3658.0712 0.1174 0.0524 -0.2803 2.8811 5.0000 13.4007 0.0016 
39.7418 4.0000 3656.7387 0.1196 0.0529 -0.2815 2.8823 5.0000 13.1837 0.0018 
39.7361 4.0000 3654.2941 0.1168 0.0529 -0.2779 2.8812 5.0000 13.3762 0.0015 
39.7361 4.0000 3654.0293 0.1186 0.0526 -0.2827 2.8817 5.0000 13.2010 0.0015 
39.7475 4.0000 3660.5151 0.1157 0.0535 -0.2757 2.8798 5.0000 10.7663 0.0013 
39.7513 4.0000 3657.7585 0.1203 0.0527 -0.2850 2.8832 6.0000 10.7223 0.0017 
39.7522 4.0000 3662.6803 0.1142 0.0523 -0.2762 2.8813 5.0000 10.8141 0.0017 
39.7377 4.0000 3654.7809 0.1177 0.0527 -0.2804 2.8815 5.0000 8.2756 0.0016 
39.7421 4.0000 3657.0508 0.1195 0.0528 -0.2821 2.8827 5.0000 8.2800 0.0015 
39.7418 4.0000 3655.1327 0.1144 0.0530 -0.2723 2.8830 5.0000 8.2593 0.0015 
39.7456 4.0000 3660.0205 0.1156 0.0525 -0.2772 2.8831 5.0000 8.2797 0.0013 
39.7390 4.0000 3654.3682 0.1211 0.0529 -0.2877 2.8828 5.0000 8.1720 0.0017 
39.7554 4.0000 3662.2528 0.1150 0.0530 -0.2722 2.8826 5.0000 8.1974 0.0017 
39.7371 4.0000 3655.8556 0.1206 0.0527 -0.2833 2.8827 5.0000 8.9178 0.0020 
39.7456 4.0000 3656.4379 0.1173 0.0528 -0.2761 2.8792 5.0000 8.5494 0.0020 
39.7273 4.0000 3650.4729 0.1168 0.0527 -0.2821 2.8822 5.0000 8.7405 0.0019 
39.7254 4.0000 3651.3793 0.1182 0.0528 -0.2793 2.8826 5.0000 8.2315 0.0023 
39.7295 4.0000 3651.4846 0.1189 0.0527 -0.2833 2.8834 5.0000 8.1514 0.0015 
39.7150 4.0000 3645.5684 0.1166 0.0525 -0.2745 2.8814 5.0000 8.2827 0.0018 
39.7462 4.0000 3657.5763 0.1183 0.0530 -0.2815 2.8840 5.0000 8.3668 0.0016 
39.7358 4.0000 3653.1176 0.1160 0.0524 -0.2759 2.8825 5.0000 8.2657 0.0016 
39.7421 4.0000 3654.7711 0.1198 0.0525 -0.2836 2.8843 5.0000 8.2134 0.0019 
39.7472 4.0000 3659.8465 0.1187 0.0527 -0.2838 2.8815 5.0000 8.5902 0.0019 
39.7317 4.0000 3653.0394 0.1152 0.0527 -0.2708 2.8826 5.0000 8.3200 0.0019 
39.7320 4.0000 3652.4174 0.1212 0.0526 -0.2876 2.8845 5.0000 8.4350 0.0013 
39.7402 4.0000 3654.8774 0.1182 0.0530 -0.2803 2.8826 5.0000 8.0047 0.0018 
39.7541 4.0000 3660.1242 0.1175 0.0532 -0.2788 2.8824 5.0000 8.2311 0.0015 
39.7327 4.0000 3654.2450 0.1167 0.0527 -0.2810 2.8830 5.0000 8.0763 0.0015 
39.7459 4.0000 3657.3465 0.1185 0.0529 -0.2808 2.8812 5.0000 7.8808 0.0017 
39.7481 4.0000 3658.8657 0.1189 0.0528 -0.2859 2.8823 5.0000 8.0905 0.0016 
39.7374 4.0000 3655.2569 0.1187 0.0533 -0.2789 2.8829 5.0000 8.0836 0.0015 
39.7415 4.0000 3656.3496 0.1174 0.0524 -0.2821 2.8821 5.0000 8.5112 0.0015 
39.7475 4.0000 3658.5016 0.1178 0.0527 -0.2829 2.8831 5.0000 8.4962 0.0019 
39.7450 4.0000 3658.1753 0.1193 0.0528 -0.2812 2.8821 5.0000 8.5683 0.0016 
39.7317 4.0000 3652.0719 0.1224 0.0525 -0.2880 2.8819 5.0000 8.2455 0.0018 
39.7405 4.0000 3657.2926 0.1180 0.0529 -0.2799 2.8812 5.0000 8.2148 0.0018 
39.7358 4.0000 3654.3446 0.1166 0.0530 -0.2780 2.8833 5.0000 8.2079 0.0021 
39.7336 4.0000 3654.0615 0.1220 0.0526 -0.2890 2.8816 5.0000 8.1116 0.0015 
39.7229 4.0000 3648.5164 0.1188 0.0532 -0.2834 2.8821 5.0000 8.0970 0.0018 
39.7459 4.0000 3657.5804 0.1193 0.0533 -0.2837 2.8825 5.0000 8.0577 0.0018 
39.7352 4.0000 3654.2960 0.1173 0.0526 -0.2814 2.8829 5.0000 8.4944 0.0016 
39.7355 4.0000 3654.6939 0.1187 0.0522 -0.2839 2.8801 5.0000 8.5207 0.0014 
39.7440 4.0000 3657.6983 0.1204 0.0526 -0.2846 2.8829 5.0000 8.5597 0.0016 
39.7506 4.0000 3660.1343 0.1180 0.0530 -0.2799 2.8811 5.0000 8.0246 0.0015 
39.7421 4.0000 3657.5325 0.1181 0.0525 -0.2793 2.8823 6.0000 8.2844 0.0019 
39.7443 4.0000 3658.0413 0.1184 0.0528 -0.2810 2.8818 5.0000 8.2366 0.0017 
39.7298 4.0000 3653.9385 0.1201 0.0529 -0.2855 2.8843 5.0000 12.3995 0.0014 
39.7383 4.0000 3655.1160 0.1174 0.0529 -0.2787 2.8812 5.0000 13.3167 0.0016 
39.7503 4.0000 3660.8086 0.1188 0.0528 -0.2846 2.8831 5.0000 13.3637 0.0016 
39.7431 4.0000 3656.1069 0.1202 0.0525 -0.2859 2.8824 5.0000 13.3058 0.0016 
39.7440 4.0000 3658.2131 0.1180 0.0528 -0.2795 2.8814 5.0000 12.7128 0.0017 
39.7418 4.0000 3655.7188 0.1167 0.0530 -0.2778 2.8834 5.0000 12.5489 0.0017 
39.7396 4.0000 3656.2960 0.1191 0.0525 -0.2858 2.8817 5.0000 13.8123 0.0015 
39.7358 4.0000 3655.1822 0.1192 0.0530 -0.2811 2.8836 5.0000 13.9080 0.0014 
39.7456 4.0000 3658.2500 0.1152 0.0528 -0.2718 2.8812 6.0000 13.7560 0.0014 
39.7500 4.0000 3659.3045 0.1183 0.0522 -0.2843 2.8813 5.0000 12.9869 0.0013 
39.7339 4.0000 3652.7333 0.1191 0.0527 -0.2813 2.8832 5.0000 12.9893 0.0018 
39.7541 4.0000 3661.8979 0.1150 0.0534 -0.2708 2.8825 5.0000 12.9011 0.0018 
39.7339 4.0000 3652.2651 0.1207 0.0526 -0.2868 2.8803 5.0000 12.9349 0.0017 
39.7305 4.0000 3651.9943 0.1170 0.0527 -0.2824 2.8804 5.0000 14.2782 0.0017 
39.7380 4.0000 3654.2182 0.1153 0.0524 -0.2779 2.8798 5.0000 13.5485 0.0016 
39.7405 4.0000 3656.9057 0.1193 0.0526 -0.2824 2.8812 5.0000 13.7286 0.0018 
39.7402 4.0000 3656.0025 0.1184 0.0527 -0.2789 2.8829 5.0000 13.2796 0.0016 
39.7342 4.0000 3653.6160 0.1151 0.0527 -0.2749 2.8821 5.0000 13.1724 0.0014 
39.7415 4.0000 3656.0908 0.1201 0.0529 -0.2853 2.8811 6.0000 17.5470 0.0017 
39.7494 4.0000 3661.5690 0.1158 0.0526 -0.2817 2.8800 5.0000 18.7816 0.0015 
39.7399 4.0000 3654.6349 0.1190 0.0527 -0.2832 2.8840 5.0000 18.6305 0.0016 
39.7462 4.0000 3657.4820 0.1180 0.0530 -0.2801 2.8809 5.0000 15.2906 0.0021 
39.7431 4.0000 3656.3824 0.1188 0.0532 -0.2810 2.8817 5.0000 15.2423 0.0020 
39.7241 4.0000 3649.4284 0.1188 0.0529 -0.2834 2.8818 5.0000 14.6464 0.0020 
39.7270 4.0000 3651.5665 0.1210 0.0531 -0.2886 2.8850 5.0000 14.5125 0.0021 
39.7292 4.0000 3651.3115 0.1155 0.0528 -0.2745 2.8807 5.0000 14.3593 0.0019 
39.7235 4.0000 3650.0769 0.1160 0.0519 -0.2781 2.8813 5.0000 14.1736 0.0019 
39.7320 4.0000 3653.1813 0.1197 0.0530 -0.2837 2.8810 5.0000 13.3716 0.0015 
39.7415 4.0000 3654.6627 0.1188 0.0528 -0.2823 2.8827 6.0000 13.6870 0.0013 
39.7446 4.0000 3657.5445 0.1112 0.0524 -0.2675 2.8812 5.0000 13.7145 0.0013 
39.7538 4.0000 3661.0999 0.1174 0.0531 -0.2813 2.8823 6.0000 11.6964 0.0017 
39.7450 4.0000 3659.4095 0.1184 0.0525 -0.2837 2.8842 6.0000 11.7220 0.0018 
39.7396 4.0000 3653.7207 0.1144 0.0529 -0.2709 2.8830 5.0000 11.9573 0.0018 
39.7323 4.0000 3652.4666 0.1222 0.0537 -0.2874 2.8846 5.0000 12.2344 0.0021 
39.7355 4.0000 3653.3613 0.1202 0.0528 -0.2859 2.8850 5.0000 12.6530 0.0018 
39.7229 4.0000 3650.0337 0.1156 0.0528 -0.2758 2.8808 6.0000 13.0032 0.0018 
39.7361 4.0000 3654.6611 0.1176 0.0522 -0.2820 2.8826 5.0000 9.2212 0.0018 
