39.7565 16.5000 3663.2078 0.0991 0.0418 -0.2669 2.9562 5.0000 15.6136 0.0014 
39.7515 16.5000 3660.9985 0.1003 0.0419 -0.2627 2.9597 6.0000 15.9116 0.0014 
39.7480 16.5000 3661.3064 0.1025 0.0420 -0.2698 2.9599 6.0000 15.9744 0.0014 
39.7519 16.5000 3662.3623 0.0998 0.0416 -0.2690 2.9563 5.0000 15.7865 0.0014 
39.7535 16.5000 3662.5892 0.1030 0.0425 -0.2733 2.9582 6.0000 16.2254 0.0014 
39.7508 16.5000 3661.6389 0.1013 0.0426 -0.2696 2.9596 6.0000 15.9786 0.0014 
39.7446 16.5000 3659.7943 0.1018 0.0417 -0.2701 2.9584 6.0000 16.1720 0.0015 
39.7469 16.5000 3659.4119 0.1003 0.0423 -0.2653 2.9582 6.0000 16.4146 0.0015 
39.7446 16.5000 3659.3617 0.0995 0.0414 -0.2665 2.9584 6.0000 15.9723 0.0016 
39.7434 16.5000 3659.4543 0.1025 0.0418 -0.2698 2.9578 5.0000 16.2092 0.0011 
39.7625 16.5000 3665.1514 0.1019 0.0419 -0.2717 2.9573 5.0000 16.0839 0.0015 
39.7464 16.5000 3659.8356 0.1030 0.0420 -0.2713 2.9573 6.0000 16.1092 0.0012 
39.7579 16.5000 3663.8264 0.1020 0.0415 -0.2715 2.9580 6.0000 16.0200 0.0015 
39.7480 16.5000 3659.2725 0.1046 0.0419 -0.2738 2.9588 6.0000 16.3898 0.0014 
39.7519 16.5000 3662.2543 0.1026 0.0422 -0.2736 2.9580 6.0000 15.7761 0.0015 
39.7457 16.5000 3659.5389 0.1018 0.0419 -0.2709 2.9601 6.0000 16.3612 0.0015 
39.7471 16.5000 3658.7128 0.1032 0.0417 -0.2762 2.9600 5.0000 16.7423 0.0016 
39.7441 16.5000 3658.8252 0.1029 0.0421 -0.2722 2.9578 6.0000 16.7950 0.0013 
39.7528 16.5000 3661.4931 0.1020 0.0422 -0.2713 2.9576 6.0000 16.7990 0.0017 
39.7398 16.5000 3657.5314 0.1017 0.0419 -0.2724 2.9581 6.0000 16.7584 0.0011 
39.7629 16.5000 3664.7839 0.1011 0.0416 -0.2713 2.9578 6.0000 16.5194 0.0010 
39.7648 16.5000 3667.7203 0.1036 0.0423 -0.2720 2.9578 6.0000 16.9654 0.0013 
39.7551 16.5000 3663.1198 0.1032 0.0421 -0.2710 2.9577 6.0000 16.2660 0.0016 
39.7411 16.5000 3656.2786 0.1015 0.0421 -0.2677 2.9596 6.0000 16.7527 0.0016 
39.7418 16.5000 3657.3761 0.1030 0.0420 -0.2733 2.9591 5.0000 16.8475 0.0015 
39.7450 16.5000 3658.7568 0.1045 0.0418 -0.2764 2.9583 6.0000 17.3399 0.0015 
39.7469 16.5000 3659.0299 0.1045 0.0416 -0.2743 2.9595 5.0000 17.0459 0.0015 
39.7444 16.5000 3658.0610 0.1006 0.0417 -0.2669 2.9568 5.0000 16.9932 0.0011 
39.7620 16.5000 3666.4420 0.1029 0.0421 -0.2737 2.9573 6.0000 16.8282 0.0014 
39.7487 16.5000 3661.5862 0.1015 0.0418 -0.2699 2.9586 6.0000 17.2204 0.0011 
39.7620 16.5000 3666.6562 0.1034 0.0414 -0.2733 2.9561 5.0000 16.7652 0.0013 
39.7531 16.5000 3662.4308 0.1038 0.0421 -0.2735 2.9594 6.0000 16.7108 0.0014 
39.7499 16.5000 3660.7688 0.1029 0.0423 -0.2725 2.9583 5.0000 16.4976 0.0014 
39.7517 16.5000 3662.1348 0.1041 0.0418 -0.2740 2.9587 6.0000 16.6278 0.0014 
39.7494 16.5000 3660.9985 0.1042 0.0420 -0.2759 2.9576 5.0000 16.7975 0.0016 
39.7430 16.5000 3657.0152 0.1019 0.0423 -0.2710 2.9581 6.0000 16.3912 0.0013 
39.7533 16.5000 3662.5095 0.1039 0.0420 -0.2705 2.9592 5.0000 17.1693 0.0013 
39.7549 16.5000 3662.6865 0.1015 0.0422 -0.2691 2.9584 6.0000 17.0388 0.0013 
39.7558 16.5000 3664.0376 0.1049 0.0422 -0.2746 2.9586 6.0000 16.9932 0.0015 
39.7480 16.5000 3660.2082 0.1012 0.0421 -0.2688 2.9582 6.0000 16.5644 0.0012 
39.7567 16.5000 3663.8583 0.1028 0.0420 -0.2719 2.9606 6.0000 16.6889 0.0013 
39.7524 16.5000 3662.5782 0.0995 0.0423 -0.2641 2.9574 5.0000 16.3354 0.0012 
39.7565 16.5000 3662.7617 0.1030 0.0421 -0.2724 2.9581 6.0000 16.5312 0.0014 
39.7483 16.5000 3659.7184 0.1033 0.0421 -0.2730 2.9599 6.0000 16.8531 0.0013 
39.7533 16.5000 3662.4315 0.1007 0.0420 -0.2656 2.9576 6.0000 16.5648 0.0010 
39.7652 16.5000 3667.4135 0.1041 0.0419 -0.2711 2.9579 6.0000 17.6024 0.0013 
39.7533 16.5000 3662.1593 0.1049 0.0421 -0.2773 2.9590 5.0000 16.6818 0.0010 
39.7641 16.5000 3667.1510 0.1023 0.0418 -0.2668 2.9576 5.0000 16.9787 0.0017 
39.7363 16.5000 3654.5523 0.1025 0.0419 -0.2743 2.9589 5.0000 16.9962 0.0015 
39.7460 16.5000 3659.2734 0.1038 0.0423 -0.2725 2.9598 5.0000 16.9755 0.0014 
39.7489 16.5000 3661.6900 0.1035 0.0419 -0.2738 2.9575 6.0000 17.2890 0.0015 
39.7448 16.5000 3658.4842 0.1036 0.0417 -0.2737 2.9585 6.0000 16.4986 0.0014 
39.7496 16.5000 3660.9873 0.1026 0.0415 -0.2745 2.9598 6.0000 16.8895 0.0012 
39.7563 16.5000 3664.5030 0.1026 0.0422 -0.2698 2.9591 5.0000 16.2714 0.0015 
39.7450 16.5000 3658.0846 0.1034 0.0423 -0.2763 2.9580 6.0000 16.8239 0.0015 
39.7448 16.5000 3660.1133 0.1014 0.0418 -0.2689 2.9574 6.0000 17.0611 0.0012 
39.7581 16.5000 3665.7469 0.1036 0.0424 -0.2733 2.9576 6.0000 16.6689 0.0016 
39.7414 16.5000 3657.3261 0.1027 0.0420 -0.2740 2.9583 6.0000 16.5689 0.0016 
39.7421 16.5000 3657.3812 0.1027 0.0419 -0.2730 2.9583 5.0000 16.6305 0.0011 
39.7622 16.5000 3665.0198 0.1033 0.0424 -0.2697 2.9566 6.0000 17.0063 0.0012 
39.7563 16.5000 3664.0142 0.1002 0.0419 -0.2700 2.9578 5.0000 16.4921 0.0015 
39.7450 16.5000 3658.1559 0.1028 0.0419 -0.2708 2.9603 5.0000 17.1624 0.0013 
39.7521 16.5000 3661.6187 0.1020 0.0419 -0.2701 2.9588 6.0000 16.6873 0.0012 
39.7583 16.5000 3665.3748 0.1019 0.0420 -0.2704 2.9561 6.0000 16.6891 0.0013 
39.7538 16.5000 3662.7298 0.1034 0.0420 -0.2757 2.9598 6.0000 16.9242 0.0014 
39.7519 16.5000 3662.3572 0.1043 0.0422 -0.2763 2.9604 5.0000 15.8792 0.0011 
39.7604 16.5000 3664.6888 0.1022 0.0423 -0.2708 2.9580 5.0000 16.7394 0.0013 
39.7549 16.5000 3663.4016 0.1036 0.0419 -0.2755 2.9553 5.0000 16.2505 0.0013 
39.7554 16.5000 3663.8783 0.1044 0.0420 -0.2769 2.9605 6.0000 16.5871 0.0012 
39.7586 16.5000 3664.4647 0.1013 0.0415 -0.2692 2.9580 5.0000 16.5864 0.0013 
39.7540 16.5000 3661.8030 0.1008 0.0418 -0.2699 2.9590 5.0000 16.8660 0.0013 
39.7535 16.5000 3663.3557 0.1017 0.0417 -0.2713 2.9567 5.0000 16.4213 0.0016 
39.7441 16.5000 3657.6549 0.1034 0.0422 -0.2726 2.9580 6.0000 16.9503 0.0012 
39.7563 16.5000 3662.4343 0.1029 0.0419 -0.2720 2.9590 6.0000 16.8338 0.0015 
39.7476 16.5000 3659.1221 0.1036 0.0418 -0.2730 2.9582 6.0000 17.2523 0.0015 
39.7478 16.5000 3660.6713 0.1024 0.0418 -0.2742 2.9576 6.0000 16.7124 0.0013 
39.7542 16.5000 3664.1511 0.1020 0.0419 -0.2694 2.9582 6.0000 16.4798 0.0013 
39.7542 16.5000 3662.7759 0.1025 0.0421 -0.2708 2.9602 5.0000 16.5354 0.0015 
39.7453 16.5000 3659.6749 0.1026 0.0420 -0.2693 2.9581 5.0000 16.1767 0.0015 
39.7466 16.5000 3659.6857 0.1001 0.0414 -0.2702 2.9571 5.0000 17.0157 0.0015 
39.7480 16.5000 3659.8216 0.1014 0.0414 -0.2697 2.9565 6.0000 16.5182 0.0015 
39.7446 16.5000 3658.6959 0.1016 0.0422 -0.2682 2.9587 5.0000 16.9913 0.0018 
39.7345 16.5000 3653.8542 0.1010 0.0419 -0.2688 2.9578 5.0000 16.3883 0.0014 
39.7503 16.5000 3660.6069 0.1016 0.0417 -0.2726 2.9576 6.0000 17.3777 0.0012 
39.7595 16.5000 3664.4936 0.1036 0.0415 -0.2721 2.9562 5.0000 17.1194 0.0015 
39.7460 16.5000 3658.6067 0.1028 0.0422 -0.2714 2.9572 6.0000 16.7199 0.0013 
39.7528 16.5000 3662.2371 0.1004 0.0420 -0.2691 2.9567 6.0000 16.2352 0.0012 
39.7590 16.5000 3664.1323 0.1039 0.0421 -0.2716 2.9574 6.0000 17.0571 0.0014 
39.7512 16.5000 3661.9140 0.1018 0.0423 -0.2714 2.9592 6.0000 16.4557 0.0013 
39.7547 16.5000 3661.9979 0.1031 0.0416 -0.2717 2.9590 6.0000 16.7919 0.0014 
39.7508 16.5000 3660.7536 0.1007 0.0417 -0.2672 2.9595 6.0000 16.4196 0.0014 
39.7483 16.5000 3661.4617 0.1025 0.0417 -0.2722 2.9576 6.0000 17.1903 0.0017 
39.7395 16.5000 3657.0797 0.1000 0.0417 -0.2707 2.9568 6.0000 16.9498 0.0013 
39.7528 16.5000 3662.1461 0.1028 0.0415 -0.2733 2.9595 6.0000 16.7461 0.0012 
39.7574 16.5000 3663.2773 0.1021 0.0416 -0.2714 2.9587 5.0000 16.5088 0.0012 
39.7565 16.5000 3664.2589 0.0997 0.0417 -0.2676 2.9573 6.0000 16.9741 0.0014 
39.7508 16.5000 3660.6638 0.1025 0.0421 -0.2706 2.9578 6.0000 16.4826 0.0016 
39.7405 16.5000 3656.0773 0.1015 0.0416 -0.2700 2.9588 5.0000 16.4318 0.0014 
39.7499 16.5000 3660.1745 0.1029 0.0415 -0.2765 2.9583 6.0000 16.5136 0.0013 
39.7524 16.5000 3662.5737 0.1026 0.0420 -0.2677 2.9577 6.0000 15.4116 0.0013 
