39.7206 4.0000 3656.9620 0.3054 0.0889 -0.5588 3.1018 6.0000 33.6431 0.0022 
39.7096 4.0000 3654.4480 0.3036 0.0870 -0.5567 3.0966 6.0000 33.5243 0.0022 
39.7201 4.0000 3657.7829 0.3021 0.0885 -0.5531 3.0972 6.0000 33.1833 0.0022 
39.7184 4.0000 3656.7750 0.3031 0.0886 -0.5557 3.0987 6.0000 33.1099 0.0024 
39.7101 4.0000 3654.7509 0.3057 0.0881 -0.5626 3.0958 6.0000 34.4766 0.0028 
39.7100 4.0000 3655.1057 0.3044 0.0881 -0.5574 3.0960 6.0000 33.9420 0.0023 
39.7125 4.0000 3655.4006 0.3030 0.0882 -0.5533 3.0989 6.0000 33.7089 0.0020 
39.6948 4.0000 3648.8741 0.3040 0.0884 -0.5520 3.0931 6.0000 33.7766 0.0020 
39.7276 4.0000 3660.7262 0.3032 0.0888 -0.5572 3.0986 6.0000 34.5927 0.0032 
39.7256 4.0000 3659.9425 0.3057 0.0883 -0.5586 3.1001 6.0000 34.8061 0.0025 
39.6786 4.0000 3641.7191 0.3053 0.0891 -0.5577 3.1024 6.0000 34.9197 0.0024 
39.7047 4.0000 3654.4232 0.3068 0.0898 -0.5576 3.0990 6.0000 34.4690 0.0025 
39.7103 4.0000 3654.0614 0.3006 0.0883 -0.5494 3.0998 6.0000 34.6359 0.0025 
39.7049 4.0000 3652.6282 0.3044 0.0885 -0.5558 3.0967 6.0000 34.4418 0.0026 
39.7082 4.0000 3654.3587 0.3039 0.0884 -0.5551 3.0984 6.0000 34.3534 0.0022 
39.7031 4.0000 3650.9912 0.3041 0.0884 -0.5563 3.0977 6.0000 34.6749 0.0028 
39.7166 4.0000 3655.6541 0.3060 0.0902 -0.5563 3.0980 6.0000 34.6804 0.0023 
39.6956 4.0000 3648.7399 0.3016 0.0880 -0.5562 3.0984 6.0000 34.2935 0.0023 
39.7161 4.0000 3656.6424 0.3027 0.0889 -0.5529 3.0987 6.0000 35.0109 0.0019 
39.7089 4.0000 3654.3443 0.3047 0.0889 -0.5549 3.0952 6.0000 34.4545 0.0025 
39.7321 4.0000 3663.8141 0.3051 0.0896 -0.5526 3.0985 6.0000 34.6804 0.0025 
39.7055 4.0000 3653.2461 0.3037 0.0889 -0.5573 3.1018 6.0000 34.9905 0.0020 
39.7083 4.0000 3654.7314 0.3019 0.0882 -0.5570 3.1015 6.0000 34.6558 0.0022 
39.7267 4.0000 3659.9159 0.3013 0.0891 -0.5522 3.1000 6.0000 34.6371 0.0021 
39.7202 4.0000 3658.0573 0.3046 0.0893 -0.5557 3.0986 6.0000 34.6737 0.0020 
39.7235 4.0000 3659.9526 0.3008 0.0880 -0.5499 3.0986 6.0000 34.7157 0.0023 
39.7247 4.0000 3660.8719 0.3047 0.0890 -0.5553 3.0988 6.0000 34.6680 0.0024 
39.7141 4.0000 3657.1421 0.3033 0.0880 -0.5551 3.1014 6.0000 35.1717 0.0021 
39.7105 4.0000 3655.3122 0.3040 0.0872 -0.5546 3.0970 6.0000 34.7347 0.0021 
39.7219 4.0000 3657.5752 0.3025 0.0870 -0.5556 3.0974 6.0000 34.5348 0.0021 
39.7159 4.0000 3657.6810 0.3017 0.0881 -0.5538 3.1002 6.0000 34.8072 0.0024 
39.7152 4.0000 3656.3965 0.3028 0.0880 -0.5520 3.0994 6.0000 35.3572 0.0019 
39.7112 4.0000 3654.7981 0.3036 0.0892 -0.5563 3.0973 6.0000 34.5517 0.0024 
39.6986 4.0000 3650.3909 0.3035 0.0883 -0.5556 3.1024 6.0000 35.0381 0.0023 
39.7287 4.0000 3660.9908 0.3054 0.0894 -0.5564 3.1010 6.0000 35.1753 0.0023 
39.7141 4.0000 3657.6916 0.3021 0.0886 -0.5548 3.0987 6.0000 35.4308 0.0021 
39.7042 4.0000 3652.1744 0.3054 0.0887 -0.5574 3.0995 6.0000 35.0285 0.0017 
39.7238 4.0000 3660.5057 0.3008 0.0875 -0.5542 3.0988 6.0000 35.0428 0.0017 
39.7370 4.0000 3665.1922 0.3023 0.0888 -0.5536 3.0987 6.0000 34.8310 0.0025 
39.7226 4.0000 3659.7640 0.3032 0.0882 -0.5559 3.0974 6.0000 35.0812 0.0017 
39.7082 4.0000 3653.0330 0.3017 0.0876 -0.5528 3.0970 6.0000 35.6811 0.0024 
39.7370 4.0000 3663.6608 0.3056 0.0881 -0.5570 3.1014 6.0000 34.8365 0.0024 
39.7114 4.0000 3656.2263 0.3033 0.0879 -0.5565 3.0956 6.0000 34.9914 0.0020 
39.7065 4.0000 3652.1893 0.3046 0.0876 -0.5555 3.0956 6.0000 35.1287 0.0019 
39.7269 4.0000 3662.0960 0.3014 0.0877 -0.5509 3.0948 6.0000 35.3143 0.0020 
39.7307 4.0000 3661.5048 0.3056 0.0890 -0.5564 3.1021 6.0000 34.9408 0.0021 
39.7273 4.0000 3661.5419 0.3051 0.0892 -0.5559 3.1005 6.0000 35.1717 0.0027 
39.7229 4.0000 3658.7258 0.3012 0.0873 -0.5539 3.0982 6.0000 35.2851 0.0022 
39.6986 4.0000 3651.0180 0.3045 0.0890 -0.5536 3.1020 6.0000 35.4789 0.0026 
39.7195 4.0000 3658.7979 0.3042 0.0875 -0.5553 3.0995 6.0000 34.9352 0.0026 
39.7017 4.0000 3650.6208 0.3054 0.0892 -0.5561 3.0978 6.0000 35.5418 0.0023 
39.7134 4.0000 3656.6356 0.3056 0.0884 -0.5580 3.0994 6.0000 35.5528 0.0023 
39.7143 4.0000 3655.7267 0.3069 0.0888 -0.5563 3.0990 6.0000 35.2818 0.0023 
39.7146 4.0000 3656.7600 0.3045 0.0878 -0.5589 3.1010 6.0000 35.1548 0.0023 
39.7177 4.0000 3655.3960 0.3042 0.0888 -0.5553 3.0963 6.0000 34.9579 0.0024 
39.7154 4.0000 3656.8317 0.3051 0.0892 -0.5551 3.0974 6.0000 34.8087 0.0024 
39.7089 4.0000 3655.5905 0.3043 0.0888 -0.5566 3.0986 6.0000 34.8127 0.0022 
39.7119 4.0000 3656.1789 0.3046 0.0881 -0.5576 3.1006 6.0000 34.8251 0.0024 
39.7191 4.0000 3658.6273 0.3033 0.0893 -0.5513 3.1010 6.0000 35.0113 0.0024 
39.7094 4.0000 3652.9153 0.3023 0.0886 -0.5548 3.1036 6.0000 34.9938 0.0021 
39.7173 4.0000 3657.8422 0.3017 0.0871 -0.5553 3.0980 6.0000 34.9085 0.0021 
39.7224 4.0000 3659.1935 0.3031 0.0880 -0.5540 3.0973 6.0000 35.1673 0.0019 
39.7229 4.0000 3659.0128 0.3033 0.0884 -0.5539 3.0953 6.0000 35.3795 0.0028 
39.7292 4.0000 3661.3761 0.3027 0.0886 -0.5541 3.1006 6.0000 35.1518 0.0024 
39.6943 4.0000 3649.8813 0.3031 0.0873 -0.5573 3.0956 6.0000 35.3552 0.0023 
39.7091 4.0000 3654.1621 0.3032 0.0879 -0.5566 3.0994 6.0000 35.5878 0.0022 
39.7130 4.0000 3655.7608 0.3039 0.0879 -0.5562 3.0969 6.0000 34.9465 0.0022 
39.7166 4.0000 3657.5347 0.3035 0.0885 -0.5574 3.1018 6.0000 35.3575 0.0021 
39.7195 4.0000 3657.7523 0.3039 0.0889 -0.5551 3.0991 6.0000 35.2089 0.0026 
39.7231 4.0000 3659.9906 0.3034 0.0884 -0.5537 3.0972 6.0000 35.0589 0.0024 
39.7042 4.0000 3652.0077 0.3029 0.0880 -0.5593 3.1023 6.0000 34.9598 0.0021 
39.7112 4.0000 3654.0090 0.3043 0.0890 -0.5576 3.0982 6.0000 35.3539 0.0021 
39.7228 4.0000 3658.4617 0.3054 0.0886 -0.5555 3.0991 6.0000 35.1924 0.0024 
39.7213 4.0000 3659.6876 0.3033 0.0874 -0.5553 3.0936 6.0000 35.4768 0.0022 
39.7101 4.0000 3653.8836 0.3053 0.0892 -0.5560 3.0981 6.0000 35.1863 0.0023 
39.7170 4.0000 3656.6701 0.3051 0.0899 -0.5551 3.1022 6.0000 35.2928 0.0020 
39.7136 4.0000 3656.3232 0.3024 0.0868 -0.5538 3.0938 6.0000 34.9768 0.0025 
39.7273 4.0000 3661.0830 0.3056 0.0882 -0.5572 3.0953 6.0000 35.3762 0.0025 
39.7053 4.0000 3651.9699 0.3031 0.0882 -0.5555 3.0984 6.0000 35.3042 0.0019 
39.7073 4.0000 3653.2014 0.3023 0.0889 -0.5540 3.1018 6.0000 35.1663 0.0021 
39.7321 4.0000 3661.8782 0.3022 0.0882 -0.5508 3.0988 6.0000 35.6433 0.0018 
39.7204 4.0000 3659.7631 0.3050 0.0888 -0.5552 3.1005 6.0000 34.9281 0.0027 
39.7327 4.0000 3662.6471 0.3023 0.0875 -0.5514 3.0974 6.0000 35.1303 0.0025 
39.6997 4.0000 3649.4527 0.3042 0.0887 -0.5560 3.0995 6.0000 35.6642 0.0023 
39.7053 4.0000 3652.2729 0.3029 0.0881 -0.5540 3.0987 6.0000 35.1407 0.0023 
39.7128 4.0000 3655.1803 0.3030 0.0885 -0.5533 3.0988 6.0000 35.2000 0.0022 
39.7146 4.0000 3655.9054 0.3025 0.0877 -0.5551 3.0957 6.0000 35.4964 0.0020 
39.7166 4.0000 3656.5761 0.3041 0.0884 -0.5546 3.0977 6.0000 35.2064 0.0022 
39.7274 4.0000 3660.5666 0.3020 0.0878 -0.5546 3.0993 6.0000 35.0119 0.0019 
39.7197 4.0000 3658.6374 0.3034 0.0887 -0.5568 3.0969 6.0000 35.5295 0.0023 
39.7314 4.0000 3661.2600 0.3043 0.0884 -0.5555 3.0990 6.0000 34.8046 0.0022 
39.7148 4.0000 3655.9094 0.3026 0.0880 -0.5540 3.0969 6.0000 34.7279 0.0025 
39.7182 4.0000 3657.2084 0.3051 0.0887 -0.5570 3.0974 6.0000 35.1954 0.0028 
39.7065 4.0000 3654.2373 0.3041 0.0885 -0.5567 3.0989 6.0000 34.7698 0.0024 
39.6966 4.0000 3651.1865 0.3046 0.0889 -0.5583 3.0989 6.0000 34.7368 0.0022 
39.7105 4.0000 3655.8117 0.3047 0.0891 -0.5549 3.1002 6.0000 35.0375 0.0024 
39.7175 4.0000 3656.2583 0.3033 0.0881 -0.5548 3.0954 6.0000 34.6799 0.0020 
39.7092 4.0000 3654.5291 0.3036 0.0893 -0.5550 3.1026 6.0000 34.9771 0.0025 
39.7267 4.0000 3659.4034 0.3044 0.0887 -0.5562 3.1010 6.0000 34.2503 0.0025 
39.7076 4.0000 3652.9670 0.3036 0.0886 -0.5566 3.0969 6.0000 22.4924 0.0025 
