39.2694 16.5000 3478.6456 0.2546 0.1201 -0.4537 2.6635 5.0000 1.0124 0.0125 
39.2560 16.5000 3470.3674 0.2521 0.1179 -0.4455 2.6616 5.0000 1.1087 0.0136 
39.3157 16.5000 3493.6267 0.2491 0.1176 -0.4416 2.6604 5.0000 1.0091 0.0125 
39.2425 16.5000 3474.6507 0.2505 0.1187 -0.4466 2.6650 5.0000 0.8975 0.0134 
39.2703 16.5000 3480.6053 0.2548 0.1176 -0.4548 2.6645 5.0000 0.8938 0.0134 
39.2812 16.5000 3484.0664 0.2520 0.1179 -0.4469 2.6648 5.0000 0.8720 0.0139 
39.2610 16.5000 3482.6288 0.2514 0.1179 -0.4474 2.6666 5.0000 0.8882 0.0159 
39.2509 16.5000 3471.7823 0.2560 0.1182 -0.4540 2.6650 5.0000 0.8818 0.0159 
39.1812 16.5000 3456.3615 0.2527 0.1178 -0.4528 2.6666 5.0000 0.8636 0.0159 
39.2274 16.5000 3461.1652 0.2538 0.1190 -0.4521 2.6687 5.0000 0.8787 0.0133 
39.2938 16.5000 3496.3245 0.2533 0.1191 -0.4498 2.6680 5.0000 0.8953 0.0133 
39.2829 16.5000 3484.1160 0.2544 0.1193 -0.4466 2.6666 5.0000 0.8703 0.0133 
39.2720 16.5000 3487.1828 0.2547 0.1185 -0.4523 2.6662 5.0000 0.8737 0.0149 
39.2577 16.5000 3483.9395 0.2559 0.1186 -0.4559 2.6654 5.0000 0.8957 0.0135 
39.2232 16.5000 3463.1467 0.2535 0.1220 -0.4453 2.6634 5.0000 0.8807 0.0135 
39.2753 16.5000 3489.6662 0.2532 0.1179 -0.4475 2.6658 5.0000 0.8663 0.0155 
39.2963 16.5000 3486.5204 0.2566 0.1202 -0.4582 2.6640 5.0000 0.8922 0.0134 
39.1988 16.5000 3454.5843 0.2515 0.1170 -0.4548 2.6684 5.0000 0.8822 0.0134 
39.2795 16.5000 3483.5729 0.2518 0.1184 -0.4466 2.6626 5.0000 0.8785 0.0148 
39.2140 16.5000 3460.5078 0.2550 0.1165 -0.4588 2.6683 5.0000 0.8988 0.0118 
39.2266 16.5000 3461.6931 0.2528 0.1199 -0.4478 2.6716 5.0000 0.9060 0.0118 
39.3417 16.5000 3504.4245 0.2544 0.1190 -0.4513 2.6615 5.0000 0.8680 0.0141 
39.2619 16.5000 3468.8483 0.2533 0.1170 -0.4568 2.6635 5.0000 0.8866 0.0148 
39.2535 16.5000 3468.4237 0.2519 0.1194 -0.4499 2.6628 5.0000 0.8920 0.0148 
39.2257 16.5000 3473.8722 0.2524 0.1180 -0.4509 2.6659 5.0000 0.8670 0.0145 
39.1879 16.5000 3456.5145 0.2512 0.1179 -0.4520 2.6665 5.0000 0.8849 0.0136 
39.2367 16.5000 3468.7802 0.2524 0.1186 -0.4507 2.6675 5.0000 0.8899 0.0136 
39.2720 16.5000 3483.3813 0.2535 0.1176 -0.4510 2.6617 5.0000 0.8690 0.0133 
39.2602 16.5000 3473.3434 0.2534 0.1195 -0.4510 2.6643 5.0000 0.8831 0.0124 
39.2846 16.5000 3486.4086 0.2526 0.1206 -0.4489 2.6635 5.0000 0.8866 0.0124 
39.3165 16.5000 3504.0731 0.2566 0.1195 -0.4519 2.6584 5.0000 0.8677 0.0136 
39.2198 16.5000 3461.3098 0.2532 0.1176 -0.4570 2.6622 5.0000 0.8908 0.0146 
39.2703 16.5000 3477.6528 0.2520 0.1189 -0.4500 2.6625 5.0000 0.8839 0.0146 
39.2316 16.5000 3471.7898 0.2572 0.1207 -0.4555 2.6694 5.0000 0.8664 0.0137 
39.2316 16.5000 3476.6280 0.2537 0.1185 -0.4525 2.6625 5.0000 0.8862 0.0137 
39.2678 16.5000 3480.8272 0.2529 0.1195 -0.4498 2.6643 5.0000 0.8897 0.0137 
39.2661 16.5000 3478.9508 0.2537 0.1189 -0.4550 2.6680 5.0000 0.8762 0.0133 
39.2140 16.5000 3460.6583 0.2549 0.1177 -0.4570 2.6675 5.0000 0.8832 0.0129 
39.2821 16.5000 3483.5225 0.2526 0.1188 -0.4508 2.6656 5.0000 0.8851 0.0129 
39.2989 16.5000 3498.6641 0.2555 0.1170 -0.4598 2.6585 5.0000 0.8681 0.0153 
39.2863 16.5000 3488.7776 0.2535 0.1194 -0.4428 2.6628 5.0000 0.8780 0.0147 
39.2047 16.5000 3466.3136 0.2542 0.1199 -0.4506 2.6672 5.0000 0.8901 0.0147 
39.2274 16.5000 3460.8634 0.2517 0.1183 -0.4499 2.6650 5.0000 0.8686 0.0134 
39.2686 16.5000 3487.5519 0.2551 0.1202 -0.4469 2.6653 5.0000 0.8921 0.0137 
39.2804 16.5000 3489.4712 0.2522 0.1185 -0.4514 2.6630 5.0000 0.8807 0.0137 
39.2678 16.5000 3482.7659 0.2564 0.1184 -0.4557 2.6659 5.0000 0.8711 0.0133 
39.3384 16.5000 3498.5599 0.2550 0.1187 -0.4569 2.6586 5.0000 0.8845 0.0144 
39.2821 16.5000 3474.2144 0.2542 0.1213 -0.4458 2.6670 5.0000 0.8843 0.0144 
39.2400 16.5000 3468.3228 0.2531 0.1191 -0.4452 2.6609 5.0000 0.8738 0.0115 
39.2089 16.5000 3452.2749 0.2551 0.1185 -0.4535 2.6642 5.0000 0.8875 0.0145 
39.3535 16.5000 3504.8441 0.2554 0.1173 -0.4551 2.6572 5.0000 0.8821 0.0145 
39.2383 16.5000 3460.7945 0.2521 0.1176 -0.4546 2.6678 5.0000 0.8704 0.0132 
39.3258 16.5000 3506.7432 0.2527 0.1192 -0.4488 2.6629 5.0000 0.8982 0.0127 
39.2854 16.5000 3485.6646 0.2565 0.1191 -0.4616 2.6670 5.0000 0.8948 0.0127 
39.3073 16.5000 3493.4611 0.2533 0.1183 -0.4448 2.6639 5.0000 0.8721 0.0137 
39.2829 16.5000 3491.5158 0.2542 0.1204 -0.4465 2.6625 5.0000 0.8924 0.0126 
39.2678 16.5000 3487.9672 0.2522 0.1193 -0.4490 2.6631 5.0000 0.8903 0.0126 
39.3106 16.5000 3495.9084 0.2550 0.1184 -0.4531 2.6622 5.0000 0.8679 0.0133 
39.1837 16.5000 3453.8302 0.2521 0.1180 -0.4533 2.6658 5.0000 0.8887 0.0129 
39.2821 16.5000 3485.2055 0.2532 0.1181 -0.4520 2.6594 5.0000 0.8881 0.0129 
39.2980 16.5000 3486.6726 0.2534 0.1199 -0.4482 2.6642 5.0000 0.8682 0.0131 
39.2560 16.5000 3474.1917 0.2547 0.1193 -0.4557 2.6644 5.0000 0.8922 0.0122 
39.2930 16.5000 3492.9971 0.2517 0.1211 -0.4438 2.6623 5.0000 0.8885 0.0122 
39.3274 16.5000 3502.0807 0.2549 0.1194 -0.4515 2.6624 5.0000 0.8693 0.0134 
39.2106 16.5000 3465.5191 0.2548 0.1200 -0.4531 2.6647 5.0000 0.8831 0.0127 
39.2778 16.5000 3484.9912 0.2547 0.1188 -0.4544 2.6645 5.0000 0.8935 0.0127 
39.3056 16.5000 3498.8348 0.2541 0.1178 -0.4521 2.6632 5.0000 0.8670 0.0142 
39.3064 16.5000 3496.0252 0.2529 0.1208 -0.4398 2.6663 5.0000 0.8841 0.0149 
39.2501 16.5000 3479.4578 0.2538 0.1179 -0.4567 2.6603 5.0000 0.8953 0.0149 
39.2207 16.5000 3466.5776 0.2547 0.1178 -0.4533 2.6606 5.0000 0.8728 0.0141 
39.2795 16.5000 3482.4103 0.2524 0.1191 -0.4462 2.6666 5.0000 0.8813 0.0153 
39.2509 16.5000 3480.1597 0.2526 0.1193 -0.4519 2.6613 5.0000 0.8872 0.0153 
39.2047 16.5000 3462.0387 0.2533 0.1169 -0.4601 2.6624 5.0000 0.8687 0.0141 
39.3132 16.5000 3500.1572 0.2530 0.1183 -0.4538 2.6631 5.0000 0.8764 0.0146 
39.2509 16.5000 3475.9983 0.2515 0.1169 -0.4497 2.6636 5.0000 0.8837 0.0146 
39.2325 16.5000 3466.9264 0.2549 0.1184 -0.4559 2.6674 5.0000 0.8773 0.0145 
39.2997 16.5000 3494.1782 0.2533 0.1178 -0.4520 2.6640 5.0000 0.8851 0.0126 
39.2375 16.5000 3466.7179 0.2533 0.1186 -0.4538 2.6625 5.0000 0.8882 0.0126 
39.3090 16.5000 3492.4372 0.2545 0.1188 -0.4531 2.6626 5.0000 0.8731 0.0135 
39.3493 16.5000 3507.7074 0.2581 0.1220 -0.4514 2.6637 5.0000 0.8764 0.0162 
39.2762 16.5000 3482.4187 0.2545 0.1196 -0.4576 2.6650 5.0000 0.8782 0.0137 
39.1728 16.5000 3450.1732 0.2531 0.1219 -0.4471 2.6675 5.0000 0.8704 0.0115 
39.2661 16.5000 3475.1316 0.2482 0.1160 -0.4464 2.6661 5.0000 0.8747 0.0138 
39.3535 16.5000 3516.8373 0.2555 0.1190 -0.4523 2.6602 5.0000 0.8866 0.0142 
39.2636 16.5000 3476.6524 0.2536 0.1189 -0.4536 2.6612 5.0000 0.8800 0.0122 
39.2467 16.5000 3475.0433 0.2529 0.1167 -0.4518 2.6625 5.0000 0.8716 0.0127 
39.3249 16.5000 3494.4683 0.2556 0.1201 -0.4497 2.6691 5.0000 0.8815 0.0127 
39.3064 16.5000 3491.8504 0.2514 0.1171 -0.4520 2.6659 5.0000 0.8692 0.0138 
39.3073 16.5000 3493.0626 0.2526 0.1178 -0.4509 2.6652 5.0000 0.8699 0.0121 
39.2644 16.5000 3475.5174 0.2500 0.1198 -0.4387 2.6654 5.0000 0.8776 0.0141 
39.3317 16.5000 3501.9176 0.2518 0.1169 -0.4546 2.6658 5.0000 0.8716 0.0140 
39.2535 16.5000 3479.0963 0.2543 0.1170 -0.4561 2.6617 5.0000 0.8736 0.0132 
39.2577 16.5000 3478.9542 0.2522 0.1190 -0.4437 2.6614 5.0000 0.8775 0.0140 
39.2854 16.5000 3489.8209 0.2558 0.1202 -0.4509 2.6673 5.0000 0.8705 0.0135 
39.2560 16.5000 3475.0416 0.2524 0.1169 -0.4546 2.6589 5.0000 0.8752 0.0121 
39.2753 16.5000 3484.7617 0.2561 0.1192 -0.4503 2.6682 5.0000 0.8791 0.0141 
39.3291 16.5000 3500.5212 0.2545 0.1220 -0.4416 2.6687 5.0000 0.8734 0.0126 
39.2526 16.5000 3471.7100 0.2532 0.1174 -0.4510 2.6616 5.0000 0.8776 0.0122 
39.3115 16.5000 3499.8125 0.2556 0.1173 -0.4534 2.6626 5.0000 0.8740 0.0122 
39.3274 16.5000 3504.7364 0.2542 0.1197 -0.4487 2.6645 5.0000 0.8643 0.0122 
