39.4191 4.0000 3564.5977 0.5255 0.2166 -0.6497 2.9805 5.0000 4.2696 0.0103 
39.3985 4.0000 3528.8024 0.5196 0.2125 -0.6550 2.9957 5.0000 4.2361 0.0103 
39.3758 4.0000 3538.8113 0.5165 0.2126 -0.6494 2.9903 5.0000 4.2624 0.0103 
39.4006 4.0000 3561.4519 0.5254 0.2142 -0.6524 2.9813 5.0000 3.9207 0.0111 
39.4313 4.0000 3566.6999 0.5222 0.2120 -0.6528 2.9811 5.0000 3.9422 0.0111 
39.3682 4.0000 3534.2463 0.5200 0.2122 -0.6491 3.0002 5.0000 3.9902 0.0104 
39.3960 4.0000 3539.1152 0.5227 0.2149 -0.6538 2.9794 5.0000 3.9279 0.0104 
39.3052 4.0000 3513.2917 0.5230 0.2173 -0.6530 2.9918 5.0000 3.9976 0.0101 
39.3951 4.0000 3550.4884 0.5272 0.2177 -0.6572 2.9859 5.0000 3.9767 0.0101 
39.4077 4.0000 3539.5254 0.5225 0.2161 -0.6501 2.9876 5.0000 4.0327 0.0088 
39.3552 4.0000 3539.2547 0.5235 0.2128 -0.6518 2.9804 5.0000 3.9494 0.0088 
39.4594 4.0000 3581.8937 0.5185 0.2094 -0.6500 2.9809 5.0000 4.0521 0.0123 
39.3686 4.0000 3533.9071 0.5183 0.2171 -0.6498 2.9841 5.0000 4.0638 0.0108 
39.3220 4.0000 3517.0160 0.5212 0.2144 -0.6509 2.9879 5.0000 4.0062 0.0108 
39.3808 4.0000 3549.7167 0.5169 0.2116 -0.6401 2.9801 5.0000 4.0820 0.0124 
39.3703 4.0000 3546.3501 0.5215 0.2145 -0.6425 2.9931 5.0000 4.1362 0.0098 
39.3178 4.0000 3505.4704 0.5233 0.2142 -0.6537 2.9994 5.0000 4.1193 0.0098 
39.4195 4.0000 3553.9769 0.5201 0.2134 -0.6451 2.9941 6.0000 4.1834 0.0091 
39.3934 4.0000 3553.5582 0.5205 0.2103 -0.6520 2.9733 5.0000 4.0894 0.0107 
39.4468 4.0000 3571.2333 0.5159 0.2118 -0.6447 2.9919 5.0000 4.0539 0.0107 
39.3838 4.0000 3547.3300 0.5214 0.2129 -0.6436 2.9928 5.0000 4.0076 0.0097 
39.3960 4.0000 3542.3211 0.5179 0.2128 -0.6404 2.9872 5.0000 3.9662 0.0089 
39.4250 4.0000 3563.5750 0.5237 0.2159 -0.6463 2.9909 5.0000 3.9922 0.0089 
39.4527 4.0000 3569.2451 0.5237 0.2144 -0.6528 2.9820 5.0000 3.9689 0.0098 
39.3754 4.0000 3542.5658 0.5252 0.2145 -0.6605 2.9852 5.0000 4.0964 0.0100 
39.4208 4.0000 3552.6322 0.5198 0.2138 -0.6492 2.9985 5.0000 4.1090 0.0106 
39.4128 4.0000 3559.1799 0.5222 0.2137 -0.6413 2.9911 5.0000 4.0874 0.0098 
39.3876 4.0000 3553.7999 0.5269 0.2137 -0.6544 2.9837 5.0000 4.1804 0.0090 
39.4178 4.0000 3551.8949 0.5221 0.2157 -0.6486 2.9860 5.0000 4.0760 0.0090 
39.4515 4.0000 3566.1131 0.5187 0.2137 -0.6507 2.9810 5.0000 4.0870 0.0108 
39.4187 4.0000 3551.5918 0.5192 0.2135 -0.6505 2.9850 5.0000 4.2058 0.0079 
39.3787 4.0000 3555.6650 0.5205 0.2172 -0.6432 2.9854 5.0000 4.1784 0.0079 
39.4943 4.0000 3589.0349 0.5233 0.2142 -0.6500 2.9718 5.0000 4.1517 0.0102 
39.3817 4.0000 3542.4578 0.5232 0.2139 -0.6561 3.0181 5.0000 3.9538 0.0091 
39.4056 4.0000 3545.6999 0.5180 0.2120 -0.6493 2.9896 5.0000 3.9480 0.0091 
39.4456 4.0000 3566.6974 0.5284 0.2161 -0.6517 2.9872 5.0000 3.9532 0.0129 
39.3766 4.0000 3536.6431 0.5272 0.2172 -0.6561 2.9924 5.0000 4.0518 0.0097 
39.2984 4.0000 3498.8537 0.5245 0.2182 -0.6585 3.0119 5.0000 4.0067 0.0097 
39.4220 4.0000 3559.0265 0.5177 0.2101 -0.6446 2.9847 5.0000 3.9971 0.0104 
39.3951 4.0000 3547.0156 0.5165 0.2149 -0.6359 2.9877 5.0000 4.3554 0.0091 
39.3770 4.0000 3527.8041 0.5245 0.2166 -0.6533 2.9949 5.0000 4.2859 0.0091 
39.4460 4.0000 3572.6225 0.5226 0.2158 -0.6441 2.9969 5.0000 4.2574 0.0091 
39.4771 4.0000 3580.5603 0.5199 0.2108 -0.6487 2.9852 5.0000 4.1692 0.0098 
39.4199 4.0000 3568.5137 0.5257 0.2168 -0.6494 2.9886 5.0000 4.2446 0.0103 
39.4212 4.0000 3558.7318 0.5238 0.2173 -0.6459 2.9951 5.0000 4.1018 0.0098 
39.4388 4.0000 3552.1135 0.5201 0.2146 -0.6471 2.9933 6.0000 4.1512 0.0087 
39.3985 4.0000 3555.0328 0.5207 0.2105 -0.6496 2.9876 5.0000 4.1949 0.0097 
39.4607 4.0000 3581.3628 0.5200 0.2109 -0.6460 2.9829 5.0000 4.2109 0.0092 
39.4233 4.0000 3564.3409 0.5245 0.2195 -0.6427 2.9916 5.0000 3.8967 0.0104 
39.4443 4.0000 3569.7142 0.5217 0.2127 -0.6519 2.9879 6.0000 3.9012 0.0108 
39.3964 4.0000 3556.1000 0.5248 0.2132 -0.6509 2.9820 5.0000 3.9023 0.0101 
39.3787 4.0000 3522.8588 0.5225 0.2142 -0.6563 2.9875 5.0000 4.0170 0.0106 
39.4077 4.0000 3554.6856 0.5214 0.2121 -0.6486 2.9922 5.0000 3.9943 0.0096 
39.3901 4.0000 3544.8008 0.5277 0.2147 -0.6613 2.9924 5.0000 4.0702 0.0110 
39.4266 4.0000 3572.5607 0.5245 0.2159 -0.6476 2.9926 5.0000 4.1776 0.0107 
39.3741 4.0000 3540.7474 0.5252 0.2198 -0.6550 2.9944 5.0000 4.1452 0.0107 
39.3846 4.0000 3548.0673 0.5178 0.2098 -0.6476 2.9790 5.0000 4.1913 0.0096 
39.3733 4.0000 3541.6053 0.5261 0.2227 -0.6502 3.0000 6.0000 4.1374 0.0100 
39.4288 4.0000 3558.3073 0.5227 0.2159 -0.6475 2.9858 5.0000 4.2038 0.0108 
39.4098 4.0000 3549.6784 0.5264 0.2153 -0.6584 2.9882 5.0000 4.1937 0.0106 
39.3808 4.0000 3548.7549 0.5201 0.2102 -0.6522 2.9829 5.0000 3.9235 0.0100 
39.3876 4.0000 3554.2573 0.5256 0.2146 -0.6480 2.9963 6.0000 4.0022 0.0085 
39.4136 4.0000 3546.1761 0.5186 0.2104 -0.6448 2.9956 5.0000 3.9765 0.0103 
39.4720 4.0000 3576.1244 0.5163 0.2146 -0.6452 2.9878 5.0000 4.1384 0.0094 
39.4018 4.0000 3555.8428 0.5247 0.2160 -0.6537 2.9898 5.0000 4.1500 0.0107 
39.4351 4.0000 3570.6435 0.5168 0.2125 -0.6426 2.9942 5.0000 4.1572 0.0122 
39.3825 4.0000 3533.1992 0.5159 0.2096 -0.6598 2.9925 5.0000 4.1023 0.0088 
39.3270 4.0000 3528.6448 0.5224 0.2149 -0.6511 2.9821 5.0000 4.0932 0.0092 
39.4573 4.0000 3565.0643 0.5211 0.2089 -0.6586 2.9900 5.0000 4.0242 0.0111 
39.4435 4.0000 3576.0328 0.5202 0.2134 -0.6404 2.9905 5.0000 4.2033 0.0094 
39.3674 4.0000 3537.8390 0.5194 0.2179 -0.6442 2.9916 5.0000 4.3241 0.0103 
39.4355 4.0000 3562.7423 0.5246 0.2135 -0.6520 2.9997 5.0000 4.2588 0.0114 
39.3985 4.0000 3560.4880 0.5202 0.2124 -0.6466 2.9858 5.0000 4.1644 0.0098 
39.3569 4.0000 3536.7642 0.5265 0.2151 -0.6511 2.9871 5.0000 4.1912 0.0094 
39.4191 4.0000 3543.2942 0.5184 0.2158 -0.6424 2.9966 5.0000 4.2357 0.0112 
39.4355 4.0000 3563.9798 0.5226 0.2104 -0.6519 2.9921 5.0000 3.9533 0.0106 
39.3657 4.0000 3552.5755 0.5235 0.2154 -0.6529 2.9852 5.0000 3.9145 0.0118 
39.3876 4.0000 3560.5406 0.5238 0.2146 -0.6546 2.9884 5.0000 3.9771 0.0096 
39.3417 4.0000 3529.1286 0.5206 0.2192 -0.6416 2.9955 5.0000 4.2195 0.0124 
39.4283 4.0000 3559.8920 0.5207 0.2121 -0.6460 2.9879 5.0000 4.1826 0.0090 
39.3178 4.0000 3532.8066 0.5175 0.2132 -0.6474 2.9938 5.0000 4.1579 0.0104 
39.4515 4.0000 3578.2909 0.5231 0.2104 -0.6517 2.9783 5.0000 4.1484 0.0101 
39.3972 4.0000 3551.6612 0.5205 0.2173 -0.6415 2.9876 5.0000 4.1510 0.0096 
39.4073 4.0000 3558.4989 0.5206 0.2135 -0.6495 2.9806 5.0000 4.1494 0.0099 
39.4254 4.0000 3553.0214 0.5248 0.2148 -0.6489 2.9922 5.0000 4.2535 0.0109 
39.4145 4.0000 3542.7482 0.5203 0.2166 -0.6518 2.9950 5.0000 4.2555 0.0114 
39.3766 4.0000 3543.4502 0.5212 0.2143 -0.6576 2.9855 5.0000 4.2042 0.0098 
39.3590 4.0000 3523.4388 0.5160 0.2121 -0.6525 2.9939 5.0000 4.0395 0.0109 
39.4187 4.0000 3544.1795 0.5235 0.2123 -0.6546 2.9923 5.0000 4.1391 0.0103 
39.3766 4.0000 3544.8314 0.5209 0.2182 -0.6470 2.9931 6.0000 4.1218 0.0102 
39.4002 4.0000 3551.8453 0.5232 0.2147 -0.6548 2.9920 5.0000 4.0233 0.0116 
39.4048 4.0000 3547.9815 0.5186 0.2114 -0.6558 2.9872 5.0000 3.9601 0.0098 
39.3476 4.0000 3540.4763 0.5275 0.2182 -0.6538 2.9833 5.0000 3.9375 0.0098 
39.4191 4.0000 3567.7545 0.5255 0.2137 -0.6518 2.9868 5.0000 4.2612 0.0103 
39.4430 4.0000 3569.4040 0.5205 0.2120 -0.6466 2.9879 5.0000 4.2623 0.0089 
39.3993 4.0000 3542.5549 0.5183 0.2124 -0.6566 2.9838 5.0000 4.2351 0.0089 
39.4557 4.0000 3573.1232 0.5224 0.2128 -0.6465 2.9932 5.0000 4.2640 0.0113 
39.3867 4.0000 3548.9819 0.5303 0.2200 -0.6536 3.0067 5.0000 4.2428 0.0105 
39.3619 4.0000 3525.6852 0.5234 0.2158 -0.6469 3.0010 5.0000 4.1972 0.0105 
39.3922 4.0000 3540.6751 0.5217 0.2149 -0.6423 2.9833 5.0000 3.6203 0.0105 
