39.4346 4.0000 3553.8773 0.3019 0.1065 -0.5566 2.8772 5.0000 4.0524 0.0080 
39.4901 4.0000 3578.9849 0.3008 0.1060 -0.5525 2.8801 5.0000 4.0972 0.0080 
39.4763 4.0000 3570.3829 0.3044 0.1074 -0.5529 2.8814 5.0000 4.1439 0.0080 
39.5166 4.0000 3591.1828 0.3027 0.1062 -0.5502 2.8814 5.0000 3.8022 0.0076 
39.4847 4.0000 3572.0206 0.3034 0.1072 -0.5540 2.8767 5.0000 3.8261 0.0076 
39.5044 4.0000 3581.2896 0.3046 0.1072 -0.5557 2.8787 5.0000 3.8123 0.0065 
39.5485 4.0000 3600.5952 0.3049 0.1077 -0.5527 2.8753 5.0000 4.1544 0.0088 
39.5011 4.0000 3580.8873 0.3055 0.1058 -0.5606 2.8745 5.0000 4.1465 0.0088 
39.4569 4.0000 3562.9929 0.3072 0.1063 -0.5614 2.8726 5.0000 4.1713 0.0080 
39.4905 4.0000 3576.3682 0.3022 0.1068 -0.5529 2.8803 5.0000 4.0166 0.0090 
39.4674 4.0000 3577.4594 0.3015 0.1048 -0.5533 2.8686 5.0000 4.0460 0.0074 
39.4498 4.0000 3552.2203 0.3056 0.1080 -0.5567 2.8795 5.0000 4.0122 0.0074 
39.5149 4.0000 3584.9000 0.2991 0.1053 -0.5496 2.8778 5.0000 4.1493 0.0078 
39.5309 4.0000 3598.2043 0.3022 0.1064 -0.5541 2.8741 5.0000 4.2039 0.0085 
39.4994 4.0000 3583.8907 0.3022 0.1074 -0.5513 2.8780 5.0000 4.2064 0.0085 
39.4716 4.0000 3564.6953 0.3045 0.1082 -0.5534 2.8801 5.0000 3.9675 0.0086 
39.5128 4.0000 3582.4746 0.3029 0.1052 -0.5539 2.8734 5.0000 3.9976 0.0070 
39.4666 4.0000 3573.5847 0.3030 0.1077 -0.5538 2.8847 5.0000 3.9963 0.0070 
39.5296 4.0000 3593.1980 0.3033 0.1053 -0.5538 2.8788 5.0000 3.9224 0.0090 
39.5027 4.0000 3577.2934 0.3051 0.1083 -0.5551 2.8794 5.0000 4.0285 0.0080 
39.4489 4.0000 3562.2636 0.3034 0.1086 -0.5508 2.8847 5.0000 4.0266 0.0080 
39.4918 4.0000 3578.8949 0.2999 0.1051 -0.5533 2.8757 5.0000 4.1818 0.0083 
39.4994 4.0000 3577.6322 0.3037 0.1068 -0.5558 2.8758 5.0000 4.3005 0.0083 
39.4792 4.0000 3575.2148 0.3059 0.1078 -0.5559 2.8791 5.0000 4.2228 0.0083 
39.4788 4.0000 3576.5027 0.3038 0.1066 -0.5554 2.8793 5.0000 4.1041 0.0090 
39.4918 4.0000 3574.2573 0.3027 0.1069 -0.5543 2.8829 5.0000 4.1513 0.0068 
39.4519 4.0000 3552.2144 0.3037 0.1068 -0.5574 2.8773 5.0000 4.1620 0.0068 
39.5389 4.0000 3596.6276 0.3039 0.1073 -0.5491 2.8817 5.0000 4.0025 0.0079 
39.4355 4.0000 3558.3623 0.3034 0.1059 -0.5549 2.8781 5.0000 4.2112 0.0097 
39.4935 4.0000 3582.0534 0.3046 0.1082 -0.5535 2.8767 5.0000 4.2016 0.0097 
39.4241 4.0000 3549.3716 0.3024 0.1071 -0.5560 2.8813 5.0000 4.1369 0.0088 
39.4922 4.0000 3573.3018 0.3038 0.1068 -0.5533 2.8768 5.0000 4.0012 0.0067 
39.4599 4.0000 3566.1837 0.3015 0.1054 -0.5551 2.8853 5.0000 4.0368 0.0084 
39.5414 4.0000 3589.9243 0.3070 0.1083 -0.5512 2.8830 5.0000 4.0577 0.0077 
39.4725 4.0000 3567.0097 0.3047 0.1063 -0.5604 2.8733 5.0000 4.0477 0.0073 
39.5023 4.0000 3580.9908 0.3047 0.1064 -0.5582 2.8744 5.0000 4.1072 0.0084 
39.5191 4.0000 3584.6137 0.3017 0.1080 -0.5528 2.8831 5.0000 4.0820 0.0074 
39.4725 4.0000 3567.3867 0.3066 0.1067 -0.5606 2.8860 5.0000 4.1170 0.0082 
39.5137 4.0000 3594.9159 0.3035 0.1064 -0.5528 2.8756 5.0000 4.1575 0.0091 
39.4826 4.0000 3571.5183 0.3039 0.1080 -0.5581 2.8780 5.0000 4.1139 0.0082 
39.4477 4.0000 3555.2799 0.3046 0.1072 -0.5579 2.8797 5.0000 4.0609 0.0086 
39.4826 4.0000 3574.2476 0.3074 0.1072 -0.5569 2.8772 5.0000 4.1828 0.0069 
39.4645 4.0000 3564.2867 0.3036 0.1090 -0.5566 2.8868 5.0000 3.9026 0.0085 
39.5326 4.0000 3593.8285 0.3059 0.1075 -0.5592 2.8781 5.0000 3.9940 0.0094 
39.4720 4.0000 3570.9933 0.3028 0.1062 -0.5540 2.8821 5.0000 4.0781 0.0075 
39.4359 4.0000 3560.7196 0.3041 0.1057 -0.5565 2.8799 5.0000 4.1115 0.0072 
39.5111 4.0000 3583.3178 0.3037 0.1064 -0.5543 2.8780 5.0000 4.1080 0.0077 
39.5195 4.0000 3588.0282 0.3034 0.1080 -0.5525 2.8777 5.0000 4.0147 0.0074 
39.5032 4.0000 3580.0151 0.3031 0.1072 -0.5551 2.8823 5.0000 4.1023 0.0065 
39.5124 4.0000 3585.0971 0.3039 0.1082 -0.5538 2.8783 5.0000 4.1370 0.0085 
39.5502 4.0000 3600.6683 0.3028 0.1074 -0.5516 2.8773 5.0000 4.0808 0.0082 
39.4716 4.0000 3567.9197 0.3016 0.1058 -0.5518 2.8797 5.0000 4.1441 0.0075 
39.4826 4.0000 3570.2959 0.3033 0.1077 -0.5542 2.8800 5.0000 4.1906 0.0093 
39.5082 4.0000 3580.8163 0.3039 0.1071 -0.5508 2.8786 5.0000 4.2234 0.0080 
39.4372 4.0000 3559.4010 0.3029 0.1070 -0.5562 2.8800 5.0000 3.8935 0.0087 
39.4905 4.0000 3580.1992 0.3041 0.1056 -0.5533 2.8778 5.0000 4.0695 0.0079 
39.4611 4.0000 3566.0223 0.3020 0.1056 -0.5527 2.8773 5.0000 4.1557 0.0080 
39.4943 4.0000 3576.4401 0.3064 0.1071 -0.5577 2.8774 5.0000 3.9270 0.0085 
39.4884 4.0000 3575.8478 0.3041 0.1069 -0.5545 2.8805 5.0000 3.9527 0.0081 
39.4708 4.0000 3568.3934 0.3049 0.1087 -0.5527 2.8851 5.0000 3.9286 0.0082 
39.4872 4.0000 3580.8558 0.3046 0.1072 -0.5546 2.8815 5.0000 4.1295 0.0066 
39.4813 4.0000 3575.9206 0.3032 0.1064 -0.5541 2.8776 5.0000 4.1602 0.0090 
39.5456 4.0000 3602.1030 0.3019 0.1048 -0.5475 2.8761 5.0000 4.1486 0.0087 
39.4502 4.0000 3566.1017 0.3036 0.1066 -0.5541 2.8799 5.0000 4.1361 0.0092 
39.4611 4.0000 3568.9210 0.3062 0.1055 -0.5555 2.8765 5.0000 4.2209 0.0083 
39.4422 4.0000 3556.3220 0.3020 0.1070 -0.5527 2.8772 5.0000 4.1887 0.0072 
39.4788 4.0000 3567.4208 0.3049 0.1077 -0.5582 2.8825 5.0000 4.0284 0.0078 
39.5200 4.0000 3592.1551 0.3034 0.1078 -0.5555 2.8826 5.0000 4.1713 0.0072 
39.4964 4.0000 3569.8613 0.3043 0.1077 -0.5541 2.8816 5.0000 4.2134 0.0090 
39.5225 4.0000 3588.3834 0.3051 0.1078 -0.5528 2.8788 5.0000 4.1759 0.0080 
39.4498 4.0000 3561.0214 0.3071 0.1089 -0.5588 2.8827 5.0000 4.0250 0.0079 
39.4901 4.0000 3570.9672 0.3022 0.1057 -0.5574 2.8805 5.0000 4.1483 0.0085 
39.4947 4.0000 3580.8550 0.3053 0.1074 -0.5564 2.8828 5.0000 4.0335 0.0091 
39.4687 4.0000 3572.8394 0.3028 0.1058 -0.5548 2.8771 5.0000 3.9978 0.0080 
39.4464 4.0000 3552.1391 0.3035 0.1061 -0.5557 2.8841 5.0000 3.9831 0.0077 
39.4905 4.0000 3572.7957 0.3014 0.1068 -0.5514 2.8890 5.0000 4.1446 0.0089 
39.4998 4.0000 3582.9264 0.3019 0.1052 -0.5526 2.8800 5.0000 4.1729 0.0087 
39.4544 4.0000 3556.7201 0.3051 0.1088 -0.5555 2.8860 5.0000 4.1831 0.0085 
39.4632 4.0000 3563.9605 0.3042 0.1080 -0.5558 2.8820 5.0000 4.1495 0.0085 
39.4716 4.0000 3567.5452 0.3012 0.1058 -0.5514 2.8829 5.0000 4.1499 0.0088 
39.4712 4.0000 3574.4477 0.3055 0.1096 -0.5551 2.8852 5.0000 4.1951 0.0088 
39.4590 4.0000 3570.5670 0.3034 0.1060 -0.5599 2.8804 5.0000 4.0610 0.0089 
39.4582 4.0000 3561.7045 0.3035 0.1050 -0.5586 2.8761 5.0000 4.2507 0.0081 
39.4552 4.0000 3560.4002 0.3022 0.1071 -0.5513 2.8807 5.0000 4.2472 0.0080 
39.4868 4.0000 3577.7179 0.3041 0.1076 -0.5540 2.8827 5.0000 4.2702 0.0081 
39.4914 4.0000 3577.7827 0.3035 0.1082 -0.5524 2.8837 5.0000 4.0787 0.0086 
39.4876 4.0000 3571.3871 0.3039 0.1072 -0.5578 2.8813 5.0000 4.2452 0.0085 
39.4683 4.0000 3572.4426 0.3031 0.1058 -0.5550 2.8751 5.0000 4.2465 0.0064 
39.4687 4.0000 3569.9298 0.3057 0.1052 -0.5541 2.8759 5.0000 4.0927 0.0091 
39.5536 4.0000 3600.4544 0.3031 0.1071 -0.5516 2.8745 5.0000 4.0808 0.0078 
39.4485 4.0000 3560.8747 0.3022 0.1081 -0.5508 2.8811 5.0000 4.3273 0.0074 
39.4981 4.0000 3577.0748 0.3028 0.1077 -0.5522 2.8768 5.0000 4.3285 0.0085 
39.5124 4.0000 3584.4805 0.3062 0.1072 -0.5590 2.8769 5.0000 4.2917 0.0085 
39.4695 4.0000 3560.7129 0.3016 0.1059 -0.5529 2.8771 5.0000 4.2032 0.0073 
39.4687 4.0000 3578.3413 0.3029 0.1074 -0.5522 2.8751 5.0000 4.1529 0.0077 
39.5174 4.0000 3589.2955 0.3040 0.1077 -0.5530 2.8782 5.0000 4.1914 0.0079 
39.5006 4.0000 3586.9512 0.3025 0.1070 -0.5527 2.8809 5.0000 3.9047 0.0078 
39.4952 4.0000 3581.2215 0.3025 0.1065 -0.5544 2.8792 5.0000 4.1250 0.0080 
39.4981 4.0000 3577.7491 0.3025 0.1085 -0.5527 2.8798 5.0000 4.1093 0.0080 
39.4889 4.0000 3580.9100 0.3041 0.1057 -0.5546 2.8779 5.0000 3.7515 0.0080 
