37.1400 16.5000 2946.9004 0.4775 0.2745 -0.5625 2.4094 4.0000 0.1347 0.0726 
37.1122 16.5000 2897.9067 0.4803 0.2776 -0.5799 2.4127 4.0000 0.1341 0.0726 
36.8928 16.5000 2850.6482 0.4877 0.2797 -0.6187 2.4306 4.0000 0.1371 0.0726 
36.9180 16.5000 2856.8348 0.4837 0.2832 -0.5830 2.4330 4.0000 0.0971 0.0804 
37.6192 16.5000 3046.7087 0.4886 0.2725 -0.6093 2.3889 4.0000 0.0967 0.0804 
36.8424 16.5000 2863.9092 0.4864 0.2754 -0.5917 2.4179 5.0000 0.0957 0.0804 
37.2182 16.5000 2926.8928 0.4914 0.2830 -0.6207 2.4484 5.0000 0.1075 0.0743 
37.4805 16.5000 3028.7995 0.4972 0.2730 -0.6110 2.3998 4.0000 0.1114 0.0743 
37.0542 16.5000 2923.2661 0.4877 0.2731 -0.6095 2.4116 4.0000 0.1126 0.0743 
37.2106 16.5000 2932.8928 0.4939 0.2770 -0.6127 2.4169 4.0000 0.1414 0.0682 
37.2938 16.5000 2968.7617 0.4923 0.2775 -0.5830 2.4054 4.0000 0.1094 0.0724 
37.1198 16.5000 2917.6570 0.4776 0.2784 -0.5701 2.4198 4.0000 0.1246 0.0735 
37.0820 16.5000 2915.8487 0.4826 0.2711 -0.6035 2.4226 4.0000 0.0977 0.0734 
37.2636 16.5000 2951.2282 0.4854 0.2763 -0.6218 2.4226 4.0000 0.0992 0.0754 
37.0845 16.5000 2928.3506 0.4856 0.2770 -0.5706 2.4165 4.0000 0.1289 0.0658 
37.0164 16.5000 2891.1021 0.4817 0.2789 -0.5738 2.4150 4.0000 0.1036 0.0764 
37.3493 16.5000 3017.3821 0.4877 0.2766 -0.5914 2.4086 4.0000 0.0988 0.0633 
36.9811 16.5000 2906.0353 0.4871 0.2755 -0.5914 2.4125 4.0000 0.1018 0.0649 
37.4376 16.5000 3028.2346 0.5065 0.2790 -0.6224 2.4077 4.0000 0.1039 0.0674 
37.3796 16.5000 2988.7264 0.4936 0.2796 -0.5929 2.4032 4.0000 0.1025 0.0671 
37.2913 16.5000 2928.1816 0.4858 0.2869 -0.5840 2.4478 4.0000 0.1024 0.0692 
37.3014 16.5000 2953.5864 0.5002 0.2807 -0.6223 2.4216 4.0000 0.1029 0.0770 
37.2282 16.5000 2944.9533 0.4940 0.2734 -0.6422 2.4103 4.0000 0.1129 0.0708 
36.9584 16.5000 2860.5927 0.4837 0.2777 -0.5866 2.4293 4.0000 0.0973 0.0737 
37.1728 16.5000 2964.3682 0.4949 0.2729 -0.6102 2.3911 4.0000 0.0968 0.0680 
37.0744 16.5000 2938.8071 0.4863 0.2794 -0.5933 2.4181 4.0000 0.1002 0.0751 
37.2711 16.5000 2956.4767 0.4738 0.2797 -0.5596 2.4225 4.0000 0.1007 0.0655 
37.0265 16.5000 2886.7011 0.4861 0.2830 -0.5943 2.4291 4.0000 0.1153 0.0727 
37.3594 16.5000 2979.2081 0.4966 0.2798 -0.6036 2.3985 4.0000 0.1022 0.0605 
37.1097 16.5000 2918.5927 0.4934 0.2760 -0.6218 2.4177 4.0000 0.1003 0.0688 
37.5359 16.5000 3021.2182 0.4829 0.2766 -0.5854 2.4143 4.0000 0.0950 0.0815 
37.2434 16.5000 2952.8398 0.4841 0.2796 -0.5819 2.4285 4.0000 0.0949 0.0779 
36.8071 16.5000 2833.6040 0.4878 0.2820 -0.5834 2.4251 4.0000 0.0941 0.0663 
36.9306 16.5000 2882.3077 0.4899 0.2826 -0.5864 2.4380 4.0000 0.0937 0.0737 
37.3317 16.5000 2958.0000 0.4934 0.2766 -0.6185 2.4111 4.0000 0.0996 0.0754 
37.0719 16.5000 2884.5826 0.4798 0.2748 -0.6101 2.4283 4.0000 0.0947 0.0792 
37.0164 16.5000 2867.8159 0.4793 0.2813 -0.5528 2.4308 4.0000 0.0945 0.0708 
36.8852 16.5000 2858.7339 0.4897 0.2793 -0.5762 2.4152 4.0000 0.0948 0.0734 
37.1728 16.5000 2983.3594 0.4843 0.2736 -0.5934 2.4161 4.0000 0.1115 0.0812 
37.0845 16.5000 2898.0656 0.4970 0.2833 -0.5974 2.4302 4.0000 0.0949 0.0742 
36.8146 16.5000 2837.1248 0.4804 0.2758 -0.5887 2.4287 4.0000 0.0942 0.0689 
37.0567 16.5000 2891.8512 0.4813 0.2769 -0.5941 2.4127 4.0000 0.0969 0.0706 
37.2383 16.5000 2952.2598 0.4916 0.2773 -0.5924 2.4211 4.0000 0.1010 0.0705 
37.1803 16.5000 2930.3430 0.4799 0.2737 -0.6065 2.4024 4.0000 0.1026 0.0628 
37.1828 16.5000 2918.4943 0.4865 0.2800 -0.5998 2.4327 4.0000 0.1003 0.0693 
37.4527 16.5000 3010.7289 0.4818 0.2734 -0.5871 2.3974 4.0000 0.1019 0.0773 
37.2257 16.5000 2939.1955 0.4813 0.2782 -0.5873 2.4233 4.0000 0.1035 0.0754 
36.9483 16.5000 2882.9155 0.4896 0.2780 -0.5922 2.4186 4.0000 0.0986 0.0666 
37.0139 16.5000 2898.3052 0.4816 0.2767 -0.5920 2.4213 4.0000 0.1003 0.0635 
37.3190 16.5000 3010.4615 0.4894 0.2742 -0.5959 2.4007 4.0000 0.0966 0.0726 
37.4275 16.5000 2993.9445 0.4936 0.2806 -0.5877 2.4053 4.0000 0.1008 0.0653 
37.1122 16.5000 2926.6431 0.5081 0.2784 -0.6307 2.4013 4.0000 0.1113 0.0735 
37.3644 16.5000 3015.7125 0.4954 0.2814 -0.6098 2.4005 4.0000 0.1047 0.0669 
37.0820 16.5000 2926.3380 0.4807 0.2761 -0.5782 2.4165 4.0000 0.0981 0.0763 
37.3115 16.5000 2967.3317 0.4838 0.2772 -0.5992 2.4186 4.0000 0.0944 0.0678 
36.9836 16.5000 2881.2434 0.4840 0.2757 -0.5975 2.4226 4.0000 0.0944 0.0593 
37.2787 16.5000 2958.0504 0.4815 0.2775 -0.5813 2.4177 4.0000 0.0957 0.0824 
37.5788 16.5000 3070.4439 0.5081 0.2702 -0.6252 2.3913 4.0000 0.0966 0.0652 
36.7768 16.5000 2822.1992 0.4703 0.2832 -0.5411 2.4453 4.0000 0.0941 0.0643 
37.3695 16.5000 3019.3947 0.4894 0.2669 -0.5951 2.3846 4.0000 0.0955 0.0742 
37.3997 16.5000 2982.6204 0.5024 0.2766 -0.6232 2.4050 4.0000 0.0942 0.0708 
37.0567 16.5000 2902.1513 0.4878 0.2738 -0.5986 2.4129 4.0000 0.0938 0.0710 
37.1728 16.5000 2922.2825 0.4836 0.2733 -0.5945 2.4116 4.0000 0.0947 0.0661 
37.1677 16.5000 2947.6368 0.4853 0.2664 -0.6125 2.4041 4.0000 0.0930 0.0663 
37.3392 16.5000 2970.4515 0.4847 0.2766 -0.5860 2.4216 4.0000 0.0943 0.0659 
37.3317 16.5000 2971.3695 0.4964 0.2770 -0.6244 2.4214 4.0000 0.0963 0.0659 
37.3443 16.5000 2972.2346 0.4826 0.2834 -0.5649 2.4124 4.0000 0.1003 0.0682 
37.3443 16.5000 2967.6696 0.4892 0.2788 -0.6048 2.4186 4.0000 0.0966 0.0682 
37.2636 16.5000 2972.9836 0.5013 0.2782 -0.6110 2.4057 4.0000 0.1023 0.0763 
36.6810 16.5000 2828.7415 0.4701 0.2755 -0.5669 2.4274 4.0000 0.0971 0.0589 
36.9836 16.5000 2877.8865 0.4877 0.2765 -0.6085 2.4365 5.0000 0.1028 0.0627 
37.5914 16.5000 3074.8121 0.5091 0.2761 -0.6142 2.4049 4.0000 0.0978 0.0699 
37.4578 16.5000 3056.3758 0.5063 0.2788 -0.6027 2.4058 4.0000 0.0992 0.0657 
37.2055 16.5000 2926.0504 0.4863 0.2797 -0.5896 2.4257 4.0000 0.0992 0.0617 
37.3518 16.5000 2992.1059 0.4981 0.2763 -0.6275 2.4065 4.0000 0.0999 0.0733 
37.4931 16.5000 2999.7982 0.4984 0.2744 -0.6428 2.4103 4.0000 0.1099 0.0759 
37.0870 16.5000 2900.0580 0.4860 0.2830 -0.5770 2.4346 4.0000 0.1011 0.0759 
36.9987 16.5000 2900.6910 0.4891 0.2750 -0.5881 2.4143 4.0000 0.1036 0.0675 
37.1702 16.5000 2927.8613 0.4890 0.2781 -0.5932 2.4149 4.0000 0.0995 0.0737 
37.2888 16.5000 2956.3506 0.4972 0.2780 -0.6208 2.4079 4.0000 0.0972 0.0737 
37.0744 16.5000 2904.5019 0.4896 0.2793 -0.6099 2.4325 4.0000 0.0940 0.0699 
37.1627 16.5000 2931.9067 0.4823 0.2779 -0.5747 2.4187 5.0000 0.0957 0.0787 
37.2055 16.5000 2962.2724 0.4923 0.2743 -0.5918 2.4043 4.0000 0.0955 0.0787 
36.9029 16.5000 2856.4363 0.4808 0.2709 -0.5937 2.4244 4.0000 0.1037 0.0793 
36.9912 16.5000 2909.4956 0.5041 0.2803 -0.5798 2.4144 4.0000 0.1041 0.0656 
36.8827 16.5000 2872.0479 0.4942 0.2835 -0.5834 2.4370 5.0000 0.0961 0.0692 
37.2282 16.5000 2916.6456 0.4987 0.2798 -0.6303 2.4283 4.0000 0.0958 0.0764 
37.3569 16.5000 2994.9206 0.4995 0.2826 -0.5884 2.4164 4.0000 0.0953 0.0706 
36.9811 16.5000 2871.6267 0.4705 0.2773 -0.5601 2.4272 4.0000 0.0944 0.0706 
37.1803 16.5000 2942.5473 0.4863 0.2747 -0.5939 2.4041 4.0000 0.0950 0.0720 
37.1173 16.5000 2912.1715 0.4910 0.2814 -0.6033 2.4346 4.0000 0.1032 0.0722 
37.1324 16.5000 2936.3859 0.4850 0.2815 -0.5722 2.4152 5.0000 0.0961 0.0722 
37.1248 16.5000 2920.7062 0.4920 0.2774 -0.6121 2.4211 4.0000 0.0996 0.0691 
37.2333 16.5000 2941.0240 0.4814 0.2777 -0.5676 2.4204 4.0000 0.1032 0.0582 
37.1299 16.5000 2923.0013 0.4995 0.2788 -0.6141 2.4093 4.0000 0.0979 0.0582 
37.6166 16.5000 3072.6557 0.4926 0.2817 -0.5770 2.4096 4.0000 0.0999 0.0801 
36.9508 16.5000 2854.9458 0.4923 0.2786 -0.6149 2.4327 4.0000 0.0983 0.0725 
36.8525 16.5000 2853.4250 0.4830 0.2744 -0.5958 2.4420 4.0000 0.1018 0.0669 
37.1148 16.5000 2933.4325 0.4843 0.2716 -0.5945 2.4102 4.0000 0.1022 0.0669 
37.3115 16.5000 2991.6368 0.4945 0.2749 -0.6099 2.4025 4.0000 0.0953 0.0669 
