39.6552 4.0000 3635.0482 0.2737 0.0825 -0.5336 2.9961 5.0000 12.5404 0.0039 
39.6847 4.0000 3646.9584 0.2711 0.0818 -0.5285 2.9990 6.0000 11.8494 0.0038 
39.6509 4.0000 3633.0605 0.2726 0.0824 -0.5308 3.0017 5.0000 12.1885 0.0031 
39.6835 4.0000 3647.2961 0.2707 0.0819 -0.5267 2.9980 6.0000 12.5817 0.0037 
39.6610 4.0000 3637.0774 0.2714 0.0818 -0.5273 3.0008 6.0000 12.2388 0.0032 
39.6792 4.0000 3643.4762 0.2730 0.0827 -0.5300 3.0009 6.0000 12.6267 0.0033 
39.6747 4.0000 3643.1680 0.2695 0.0805 -0.5274 2.9973 6.0000 13.1488 0.0031 
39.6847 4.0000 3647.8509 0.2726 0.0818 -0.5267 2.9974 6.0000 13.0717 0.0036 
39.6618 4.0000 3635.5987 0.2725 0.0833 -0.5290 3.0030 6.0000 12.9242 0.0038 
39.6560 4.0000 3634.1632 0.2722 0.0822 -0.5300 2.9985 5.0000 13.3017 0.0033 
39.6741 4.0000 3641.1448 0.2728 0.0818 -0.5300 2.9993 5.0000 13.2669 0.0030 
39.6878 4.0000 3647.2545 0.2703 0.0820 -0.5261 2.9981 5.0000 13.2495 0.0036 
39.6615 4.0000 3638.2671 0.2709 0.0832 -0.5246 3.0000 6.0000 13.3182 0.0033 
39.6739 4.0000 3642.8873 0.2710 0.0823 -0.5278 3.0005 6.0000 13.1350 0.0033 
39.6741 4.0000 3643.4850 0.2735 0.0834 -0.5283 3.0000 6.0000 13.1055 0.0035 
39.6656 4.0000 3639.3506 0.2722 0.0822 -0.5273 3.0004 6.0000 13.2527 0.0033 
39.6759 4.0000 3641.3163 0.2711 0.0827 -0.5278 3.0009 6.0000 13.0169 0.0033 
39.6764 4.0000 3645.3924 0.2714 0.0830 -0.5277 2.9958 6.0000 13.2127 0.0045 
39.6265 4.0000 3624.0714 0.2719 0.0827 -0.5279 2.9958 6.0000 13.1693 0.0030 
39.6860 4.0000 3646.3675 0.2718 0.0820 -0.5244 2.9957 5.0000 13.1523 0.0037 
39.6610 4.0000 3639.7455 0.2735 0.0824 -0.5301 2.9963 5.0000 13.0942 0.0033 
39.6767 4.0000 3642.8895 0.2715 0.0817 -0.5287 2.9987 5.0000 13.1162 0.0031 
39.6837 4.0000 3645.9657 0.2711 0.0821 -0.5260 2.9997 5.0000 13.2600 0.0040 
39.6492 4.0000 3634.9067 0.2715 0.0829 -0.5275 2.9966 5.0000 13.0434 0.0036 
39.6646 4.0000 3638.0277 0.2712 0.0843 -0.5233 2.9990 5.0000 13.1493 0.0033 
39.6731 4.0000 3642.7844 0.2689 0.0824 -0.5229 2.9955 6.0000 13.5615 0.0034 
39.6696 4.0000 3641.9170 0.2726 0.0827 -0.5280 2.9982 5.0000 13.1537 0.0033 
39.6759 4.0000 3643.4008 0.2726 0.0806 -0.5301 2.9975 6.0000 13.3174 0.0026 
39.7011 4.0000 3650.9710 0.2736 0.0824 -0.5291 2.9951 5.0000 13.1322 0.0036 
39.6643 4.0000 3638.2240 0.2713 0.0821 -0.5267 2.9964 6.0000 13.3579 0.0039 
39.6530 4.0000 3634.4008 0.2706 0.0821 -0.5275 2.9987 6.0000 13.0540 0.0037 
39.6605 4.0000 3635.8916 0.2715 0.0819 -0.5291 2.9967 5.0000 13.0101 0.0038 
39.6555 4.0000 3633.1945 0.2726 0.0830 -0.5320 3.0023 5.0000 13.3956 0.0038 
39.6567 4.0000 3636.7034 0.2731 0.0825 -0.5304 2.9998 5.0000 12.9176 0.0039 
39.6494 4.0000 3631.1095 0.2738 0.0825 -0.5296 2.9994 5.0000 13.5564 0.0030 
39.6850 4.0000 3647.6487 0.2710 0.0817 -0.5290 3.0003 6.0000 12.8975 0.0043 
39.6361 4.0000 3628.2343 0.2717 0.0823 -0.5290 2.9974 6.0000 13.6856 0.0031 
39.6820 4.0000 3646.8436 0.2700 0.0816 -0.5277 2.9976 5.0000 13.3446 0.0036 
39.6641 4.0000 3639.1014 0.2690 0.0826 -0.5268 3.0001 6.0000 12.9951 0.0029 
39.6905 4.0000 3646.6161 0.2732 0.0831 -0.5294 2.9992 6.0000 13.0877 0.0034 
39.6716 4.0000 3639.4113 0.2717 0.0819 -0.5308 2.9991 6.0000 12.9312 0.0032 
39.6792 4.0000 3645.1738 0.2711 0.0816 -0.5260 2.9959 6.0000 12.8651 0.0041 
39.6441 4.0000 3629.4358 0.2718 0.0822 -0.5281 2.9988 6.0000 13.5454 0.0037 
39.6585 4.0000 3639.5821 0.2721 0.0814 -0.5285 2.9948 5.0000 12.6975 0.0037 
39.6618 4.0000 3639.6161 0.2739 0.0828 -0.5282 2.9973 5.0000 12.8503 0.0034 
39.6724 4.0000 3641.9195 0.2720 0.0826 -0.5265 2.9992 6.0000 13.0615 0.0037 
39.6595 4.0000 3635.3977 0.2745 0.0820 -0.5325 2.9983 5.0000 13.2371 0.0037 
39.6575 4.0000 3637.3274 0.2713 0.0818 -0.5287 2.9994 6.0000 12.6977 0.0037 
39.6883 4.0000 3645.7876 0.2731 0.0818 -0.5279 2.9938 6.0000 12.9399 0.0041 
39.6424 4.0000 3632.5332 0.2731 0.0813 -0.5316 2.9962 5.0000 12.9430 0.0041 
39.6716 4.0000 3642.0131 0.2733 0.0822 -0.5294 3.0015 6.0000 13.1452 0.0033 
39.6764 4.0000 3642.3508 0.2705 0.0826 -0.5270 3.0006 6.0000 12.8884 0.0033 
39.6840 4.0000 3645.3352 0.2749 0.0820 -0.5312 2.9984 6.0000 12.6762 0.0033 
39.6749 4.0000 3641.9720 0.2699 0.0832 -0.5236 2.9998 5.0000 12.7922 0.0036 
39.6641 4.0000 3639.0550 0.2717 0.0829 -0.5278 3.0038 6.0000 12.9833 0.0038 
39.6535 4.0000 3633.0426 0.2701 0.0813 -0.5268 2.9986 5.0000 12.9441 0.0038 
39.6651 4.0000 3636.4825 0.2747 0.0823 -0.5321 3.0010 6.0000 12.7453 0.0036 
39.6646 4.0000 3636.9957 0.2742 0.0830 -0.5311 3.0006 5.0000 13.1708 0.0036 
39.6615 4.0000 3640.4628 0.2703 0.0831 -0.5249 3.0008 6.0000 12.7136 0.0035 
39.6666 4.0000 3639.1271 0.2712 0.0822 -0.5262 2.9999 6.0000 13.3207 0.0032 
39.6789 4.0000 3644.3866 0.2727 0.0825 -0.5304 2.9995 6.0000 13.0143 0.0038 
39.6565 4.0000 3636.4963 0.2683 0.0814 -0.5249 2.9984 5.0000 13.0922 0.0038 
39.6557 4.0000 3636.5218 0.2738 0.0822 -0.5316 2.9984 6.0000 13.0373 0.0035 
39.6673 4.0000 3637.3382 0.2720 0.0821 -0.5305 2.9998 5.0000 13.1137 0.0036 
39.6641 4.0000 3638.1074 0.2714 0.0819 -0.5292 2.9986 6.0000 13.1713 0.0034 
39.6711 4.0000 3644.5728 0.2731 0.0821 -0.5281 2.9970 6.0000 12.9459 0.0030 
39.6875 4.0000 3648.4734 0.2734 0.0816 -0.5279 2.9990 6.0000 13.3257 0.0030 
39.6852 4.0000 3645.0956 0.2707 0.0824 -0.5261 2.9993 6.0000 13.1255 0.0029 
39.6903 4.0000 3647.8522 0.2719 0.0823 -0.5262 3.0010 6.0000 12.9375 0.0033 
39.6752 4.0000 3642.6979 0.2728 0.0836 -0.5275 3.0018 6.0000 13.0078 0.0038 
39.6570 4.0000 3636.1216 0.2730 0.0825 -0.5322 2.9994 5.0000 12.8458 0.0036 
39.6631 4.0000 3638.7072 0.2739 0.0827 -0.5291 2.9998 5.0000 12.7331 0.0038 
39.6540 4.0000 3634.9380 0.2719 0.0831 -0.5260 3.0002 6.0000 12.9663 0.0032 
39.6797 4.0000 3642.1057 0.2730 0.0823 -0.5319 2.9977 6.0000 12.9371 0.0036 
39.6646 4.0000 3636.8068 0.2720 0.0821 -0.5279 3.0000 6.0000 12.8850 0.0036 
39.6615 4.0000 3637.6192 0.2739 0.0824 -0.5329 2.9986 6.0000 12.9816 0.0034 
39.6694 4.0000 3639.0815 0.2719 0.0834 -0.5277 3.0013 5.0000 13.1808 0.0032 
39.6805 4.0000 3644.8136 0.2729 0.0827 -0.5283 2.9979 5.0000 13.0038 0.0035 
39.6683 4.0000 3638.2308 0.2712 0.0833 -0.5284 3.0055 6.0000 13.1083 0.0033 
39.6741 4.0000 3641.4179 0.2710 0.0819 -0.5286 3.0026 6.0000 13.2468 0.0033 
39.6759 4.0000 3645.8497 0.2715 0.0820 -0.5246 2.9972 5.0000 12.7643 0.0038 
39.6567 4.0000 3634.8222 0.2731 0.0827 -0.5313 2.9996 5.0000 12.7270 0.0035 
39.6668 4.0000 3641.5939 0.2744 0.0822 -0.5305 2.9933 5.0000 12.6871 0.0035 
39.6689 4.0000 3636.8948 0.2706 0.0823 -0.5273 2.9993 6.0000 12.8418 0.0035 
39.6658 4.0000 3640.4517 0.2720 0.0826 -0.5300 3.0025 6.0000 12.8864 0.0031 
39.6817 4.0000 3643.2497 0.2717 0.0825 -0.5278 2.9990 6.0000 12.8772 0.0037 
39.6573 4.0000 3636.4588 0.2729 0.0824 -0.5314 2.9996 6.0000 12.9147 0.0036 
39.6623 4.0000 3638.8661 0.2712 0.0818 -0.5294 2.9986 5.0000 12.9375 0.0042 
39.6406 4.0000 3628.5032 0.2726 0.0820 -0.5288 3.0003 6.0000 12.9283 0.0034 
39.6709 4.0000 3640.2822 0.2743 0.0827 -0.5322 2.9972 5.0000 12.8762 0.0027 
39.6994 4.0000 3650.5491 0.2706 0.0806 -0.5282 2.9944 5.0000 13.0978 0.0039 
39.6527 4.0000 3635.1233 0.2709 0.0812 -0.5288 2.9959 5.0000 12.9181 0.0046 
39.6255 4.0000 3624.1279 0.2724 0.0816 -0.5281 3.0012 6.0000 13.4050 0.0037 
39.6610 4.0000 3637.4151 0.2726 0.0816 -0.5283 2.9950 6.0000 12.7317 0.0037 
39.6681 4.0000 3639.6484 0.2728 0.0833 -0.5322 2.9970 5.0000 12.8780 0.0038 
39.6565 4.0000 3636.3127 0.2722 0.0826 -0.5297 3.0040 6.0000 12.8904 0.0038 
39.6714 4.0000 3640.2293 0.2729 0.0823 -0.5314 3.0004 5.0000 12.9043 0.0037 
39.6598 4.0000 3637.3483 0.2723 0.0826 -0.5294 2.9987 5.0000 12.9495 0.0038 
39.6560 4.0000 3636.7538 0.2712 0.0818 -0.5267 2.9937 6.0000 12.9210 0.0035 
39.6668 4.0000 3639.9493 0.2707 0.0815 -0.5280 2.9975 6.0000 13.2531 0.0035 
