39.6207 4.0000 3623.3972 0.2509 0.0793 -0.5022 2.9277 5.0000 7.9320 0.0047 
39.6573 4.0000 3633.4571 0.2474 0.0802 -0.4988 2.9305 6.0000 7.8931 0.0047 
39.6334 4.0000 3622.3083 0.2535 0.0804 -0.5075 2.9297 5.0000 7.9941 0.0047 
39.6226 4.0000 3622.4950 0.2510 0.0807 -0.5025 2.9304 5.0000 8.3102 0.0052 
39.6428 4.0000 3629.7566 0.2517 0.0799 -0.5025 2.9322 5.0000 8.3378 0.0052 
39.6006 4.0000 3611.9180 0.2544 0.0815 -0.5068 2.9345 5.0000 8.3388 0.0052 
39.6233 4.0000 3624.1340 0.2519 0.0799 -0.5067 2.9303 5.0000 8.6373 0.0043 
39.6318 4.0000 3624.2015 0.2525 0.0794 -0.5046 2.9306 5.0000 8.5674 0.0043 
39.6340 4.0000 3630.5511 0.2519 0.0804 -0.5037 2.9318 5.0000 8.5659 0.0043 
39.6296 4.0000 3627.1173 0.2536 0.0801 -0.5063 2.9282 5.0000 8.2885 0.0052 
39.6214 4.0000 3623.3591 0.2525 0.0799 -0.5033 2.9316 6.0000 8.2133 0.0052 
39.6015 4.0000 3613.9540 0.2503 0.0809 -0.5067 2.9314 5.0000 8.1734 0.0052 
39.6236 4.0000 3623.2740 0.2513 0.0799 -0.5049 2.9323 5.0000 8.4352 0.0040 
39.6400 4.0000 3629.1504 0.2542 0.0809 -0.5046 2.9281 5.0000 8.4072 0.0040 
39.6485 4.0000 3627.8692 0.2542 0.0810 -0.5078 2.9318 5.0000 8.3386 0.0040 
39.6062 4.0000 3619.7513 0.2502 0.0799 -0.5014 2.9302 5.0000 8.5709 0.0040 
39.5873 4.0000 3610.7535 0.2527 0.0818 -0.5018 2.9331 5.0000 8.7841 0.0048 
39.6460 4.0000 3633.2648 0.2535 0.0809 -0.5040 2.9318 5.0000 8.6122 0.0040 
39.6144 4.0000 3621.1091 0.2539 0.0800 -0.5074 2.9286 5.0000 8.6856 0.0046 
39.6144 4.0000 3620.9707 0.2523 0.0806 -0.5050 2.9266 5.0000 8.9661 0.0041 
39.6252 4.0000 3625.1551 0.2503 0.0803 -0.5018 2.9333 5.0000 8.8989 0.0041 
39.6428 4.0000 3629.8168 0.2531 0.0818 -0.5033 2.9351 5.0000 8.6111 0.0046 
39.6233 4.0000 3619.1223 0.2491 0.0802 -0.5031 2.9312 5.0000 8.9730 0.0046 
39.6236 4.0000 3621.0366 0.2501 0.0798 -0.5014 2.9337 5.0000 8.7736 0.0046 
39.6217 4.0000 3621.7765 0.2507 0.0809 -0.5045 2.9357 5.0000 7.9466 0.0046 
39.6551 4.0000 3634.2799 0.2519 0.0799 -0.5053 2.9319 5.0000 8.2207 0.0040 
39.6226 4.0000 3620.5760 0.2528 0.0808 -0.5052 2.9371 5.0000 8.2191 0.0040 
39.6491 4.0000 3631.1034 0.2501 0.0802 -0.5022 2.9298 5.0000 8.7109 0.0040 
39.6375 4.0000 3630.2812 0.2499 0.0800 -0.5043 2.9320 5.0000 8.8982 0.0047 
39.6491 4.0000 3633.4455 0.2525 0.0810 -0.5032 2.9297 5.0000 9.0079 0.0040 
39.6214 4.0000 3624.5612 0.2499 0.0799 -0.5013 2.9292 5.0000 8.7949 0.0041 
39.6460 4.0000 3633.5955 0.2491 0.0787 -0.5001 2.9310 5.0000 8.7461 0.0049 
39.6447 4.0000 3631.8815 0.2503 0.0803 -0.4999 2.9360 5.0000 8.7750 0.0039 
39.6135 4.0000 3621.8635 0.2503 0.0797 -0.5036 2.9312 5.0000 8.7507 0.0048 
39.6510 4.0000 3634.6964 0.2508 0.0798 -0.5044 2.9285 5.0000 8.8086 0.0038 
39.6166 4.0000 3621.7673 0.2527 0.0808 -0.5047 2.9331 5.0000 8.8010 0.0041 
39.6535 4.0000 3636.1772 0.2495 0.0804 -0.5004 2.9323 5.0000 8.6813 0.0052 
39.6425 4.0000 3630.1248 0.2505 0.0798 -0.5035 2.9293 5.0000 8.6763 0.0042 
39.6012 4.0000 3616.5839 0.2503 0.0805 -0.5036 2.9338 5.0000 8.7930 0.0038 
39.6400 4.0000 3629.5211 0.2513 0.0808 -0.5017 2.9335 5.0000 8.1946 0.0055 
39.6554 4.0000 3635.6762 0.2508 0.0802 -0.4995 2.9323 5.0000 8.2393 0.0046 
39.5889 4.0000 3606.6778 0.2510 0.0802 -0.5036 2.9347 5.0000 8.2737 0.0052 
39.6233 4.0000 3624.2402 0.2513 0.0804 -0.5059 2.9317 5.0000 8.4894 0.0047 
39.5980 4.0000 3614.2724 0.2524 0.0794 -0.5080 2.9318 5.0000 8.5664 0.0045 
39.6195 4.0000 3619.8720 0.2497 0.0801 -0.5035 2.9340 5.0000 8.7535 0.0036 
39.6289 4.0000 3627.2267 0.2506 0.0802 -0.5021 2.9315 5.0000 8.6681 0.0045 
39.6630 4.0000 3636.5574 0.2523 0.0794 -0.5025 2.9316 5.0000 8.8957 0.0043 
39.6289 4.0000 3625.6056 0.2504 0.0793 -0.5035 2.9296 6.0000 8.8134 0.0049 
39.6365 4.0000 3630.5807 0.2515 0.0797 -0.5066 2.9320 5.0000 8.6201 0.0044 
39.6125 4.0000 3619.9146 0.2514 0.0806 -0.5035 2.9358 5.0000 8.5231 0.0040 
39.6321 4.0000 3627.7948 0.2527 0.0793 -0.5035 2.9283 5.0000 8.5895 0.0043 
39.6456 4.0000 3634.9773 0.2519 0.0808 -0.5041 2.9303 5.0000 8.2841 0.0052 
39.6340 4.0000 3626.8938 0.2525 0.0815 -0.5038 2.9311 5.0000 8.3027 0.0042 
39.5996 4.0000 3609.5580 0.2532 0.0811 -0.5087 2.9308 5.0000 8.1843 0.0054 
39.6384 4.0000 3628.3383 0.2522 0.0803 -0.5066 2.9359 5.0000 8.6721 0.0043 
39.5921 4.0000 3612.0735 0.2504 0.0800 -0.5046 2.9344 5.0000 8.7805 0.0049 
39.6337 4.0000 3619.9089 0.2497 0.0794 -0.5016 2.9314 5.0000 8.7602 0.0034 
39.6107 4.0000 3621.8878 0.2529 0.0807 -0.5060 2.9350 5.0000 8.6041 0.0047 
39.6693 4.0000 3641.7096 0.2526 0.0798 -0.5086 2.9308 5.0000 8.3930 0.0041 
39.6192 4.0000 3622.5955 0.2531 0.0804 -0.5030 2.9320 5.0000 8.3927 0.0046 
39.6447 4.0000 3632.7374 0.2536 0.0805 -0.5054 2.9302 5.0000 8.1742 0.0051 
39.6245 4.0000 3625.5325 0.2510 0.0807 -0.5012 2.9308 5.0000 8.3536 0.0052 
39.6056 4.0000 3616.5470 0.2523 0.0806 -0.5068 2.9335 5.0000 8.4943 0.0046 
39.6009 4.0000 3615.5410 0.2519 0.0799 -0.5083 2.9299 5.0000 8.3032 0.0045 
39.6220 4.0000 3626.5586 0.2493 0.0797 -0.5020 2.9308 5.0000 8.3414 0.0043 
39.6283 4.0000 3628.6327 0.2514 0.0799 -0.5065 2.9315 5.0000 8.2801 0.0048 
39.6337 4.0000 3621.2711 0.2500 0.0801 -0.5061 2.9318 5.0000 8.2546 0.0039 
39.6166 4.0000 3624.6138 0.2526 0.0812 -0.5033 2.9335 5.0000 8.5004 0.0046 
39.6501 4.0000 3633.5259 0.2523 0.0804 -0.5054 2.9321 5.0000 8.2905 0.0052 
39.6252 4.0000 3624.4934 0.2498 0.0799 -0.4999 2.9314 5.0000 8.2845 0.0039 
39.5990 4.0000 3615.8487 0.2486 0.0794 -0.4995 2.9337 5.0000 8.5865 0.0042 
39.6523 4.0000 3635.1189 0.2516 0.0798 -0.5033 2.9280 5.0000 8.5005 0.0042 
39.6384 4.0000 3629.7727 0.2505 0.0810 -0.5020 2.9291 5.0000 8.1682 0.0045 
39.6412 4.0000 3628.3707 0.2502 0.0800 -0.5040 2.9305 5.0000 8.3646 0.0046 
39.6286 4.0000 3626.5218 0.2509 0.0796 -0.5016 2.9297 5.0000 8.2472 0.0046 
39.6255 4.0000 3624.1072 0.2510 0.0807 -0.5005 2.9287 5.0000 8.3431 0.0050 
39.6472 4.0000 3632.2853 0.2509 0.0799 -0.5036 2.9277 6.0000 8.5370 0.0045 
39.6097 4.0000 3617.3846 0.2515 0.0802 -0.5040 2.9333 6.0000 8.4938 0.0045 
39.6267 4.0000 3620.3402 0.2490 0.0792 -0.5021 2.9310 5.0000 8.3421 0.0041 
39.6362 4.0000 3632.4704 0.2509 0.0801 -0.5017 2.9341 5.0000 8.9712 0.0052 
39.6422 4.0000 3630.3313 0.2509 0.0814 -0.5012 2.9351 5.0000 8.8665 0.0052 
39.6012 4.0000 3617.3118 0.2508 0.0798 -0.5002 2.9345 5.0000 8.8597 0.0041 
39.6393 4.0000 3630.4518 0.2509 0.0807 -0.5025 2.9303 5.0000 8.9820 0.0045 
39.6419 4.0000 3631.6400 0.2525 0.0803 -0.5017 2.9301 5.0000 8.9656 0.0045 
39.6274 4.0000 3624.8840 0.2502 0.0803 -0.5036 2.9336 5.0000 8.4134 0.0041 
39.6551 4.0000 3636.7018 0.2496 0.0794 -0.5012 2.9306 5.0000 8.7894 0.0052 
39.6434 4.0000 3629.7015 0.2508 0.0799 -0.5036 2.9324 5.0000 8.8531 0.0052 
39.5990 4.0000 3611.7002 0.2510 0.0810 -0.5050 2.9327 5.0000 8.8397 0.0046 
39.6375 4.0000 3628.7213 0.2512 0.0806 -0.5024 2.9351 6.0000 9.0028 0.0042 
39.6226 4.0000 3623.0757 0.2532 0.0812 -0.5039 2.9327 5.0000 8.9931 0.0042 
39.6378 4.0000 3624.2658 0.2537 0.0806 -0.5081 2.9303 5.0000 8.9556 0.0046 
39.6198 4.0000 3622.2015 0.2497 0.0796 -0.5020 2.9307 5.0000 9.0563 0.0056 
39.6245 4.0000 3620.5189 0.2514 0.0802 -0.5050 2.9299 5.0000 9.0157 0.0056 
39.5851 4.0000 3611.0672 0.2523 0.0808 -0.5029 2.9337 5.0000 8.5449 0.0046 
39.6283 4.0000 3623.1107 0.2506 0.0805 -0.5009 2.9340 6.0000 8.4456 0.0041 
39.6223 4.0000 3622.6740 0.2513 0.0795 -0.5054 2.9320 5.0000 8.6355 0.0047 
39.6422 4.0000 3631.7002 0.2513 0.0808 -0.5051 2.9291 5.0000 8.3947 0.0045 
39.6204 4.0000 3621.2462 0.2494 0.0794 -0.5032 2.9300 5.0000 8.3293 0.0043 
39.6293 4.0000 3627.8307 0.2494 0.0794 -0.5017 2.9284 5.0000 8.5239 0.0043 
39.6349 4.0000 3627.2472 0.2513 0.0808 -0.5037 2.9331 5.0000 7.2707 0.0043 
