39.5973 16.5000 3617.6335 0.3363 0.1080 -0.5817 2.9994 5.0000 10.6256 0.0044 
39.6307 16.5000 3627.1823 0.3356 0.1076 -0.5809 3.0011 5.0000 10.6649 0.0044 
39.6124 16.5000 3620.6812 0.3319 0.1076 -0.5761 3.0021 6.0000 10.7525 0.0044 
39.6099 16.5000 3619.8983 0.3374 0.1088 -0.5808 3.0024 5.0000 10.9187 0.0049 
39.6279 16.5000 3626.2438 0.3377 0.1101 -0.5788 3.0012 6.0000 10.8207 0.0049 
39.6119 16.5000 3621.7265 0.3357 0.1083 -0.5792 2.9963 6.0000 10.8209 0.0049 
39.6038 16.5000 3617.7282 0.3382 0.1100 -0.5813 3.0012 5.0000 11.0319 0.0047 
39.6379 16.5000 3630.8875 0.3387 0.1106 -0.5792 3.0000 5.0000 11.0519 0.0047 
39.6214 16.5000 3625.0738 0.3371 0.1091 -0.5796 2.9999 5.0000 11.0924 0.0047 
39.6349 16.5000 3625.0901 0.3385 0.1117 -0.5809 2.9982 6.0000 11.1209 0.0042 
39.6360 16.5000 3629.8851 0.3336 0.1079 -0.5790 3.0014 5.0000 11.1333 0.0042 
39.6382 16.5000 3633.4636 0.3367 0.1104 -0.5809 2.9993 5.0000 11.1721 0.0049 
39.6119 16.5000 3622.7090 0.3367 0.1106 -0.5763 3.0000 5.0000 11.1258 0.0054 
39.6248 16.5000 3629.5519 0.3370 0.1106 -0.5797 2.9982 5.0000 11.2609 0.0052 
39.5914 16.5000 3615.5979 0.3360 0.1083 -0.5806 2.9976 5.0000 11.2523 0.0052 
39.5990 16.5000 3619.0862 0.3360 0.1088 -0.5838 2.9984 6.0000 11.1973 0.0051 
39.6155 16.5000 3622.1990 0.3329 0.1075 -0.5789 3.0017 5.0000 11.1975 0.0057 
39.6021 16.5000 3615.7593 0.3329 0.1082 -0.5799 2.9958 5.0000 11.1937 0.0057 
39.5808 16.5000 3609.6634 0.3372 0.1089 -0.5847 2.9984 5.0000 11.2295 0.0048 
39.5948 16.5000 3612.1959 0.3371 0.1089 -0.5841 3.0001 6.0000 11.3589 0.0039 
39.6172 16.5000 3622.8634 0.3347 0.1093 -0.5807 3.0065 6.0000 11.3502 0.0039 
39.6500 16.5000 3638.3052 0.3354 0.1089 -0.5771 2.9949 5.0000 11.1114 0.0044 
39.5797 16.5000 3612.4798 0.3360 0.1093 -0.5822 3.0023 5.0000 11.0562 0.0044 
39.6307 16.5000 3626.9466 0.3361 0.1106 -0.5814 2.9983 6.0000 11.0901 0.0044 
39.6309 16.5000 3627.6164 0.3353 0.1081 -0.5780 2.9976 6.0000 11.3071 0.0063 
39.6379 16.5000 3628.7589 0.3358 0.1101 -0.5789 3.0007 5.0000 11.0129 0.0063 
39.5581 16.5000 3601.3325 0.3335 0.1096 -0.5781 3.0020 6.0000 11.0233 0.0063 
39.6130 16.5000 3622.3744 0.3358 0.1088 -0.5806 2.9996 5.0000 11.5071 0.0046 
39.6164 16.5000 3624.3133 0.3368 0.1093 -0.5815 3.0052 5.0000 11.3330 0.0051 
39.6021 16.5000 3620.3904 0.3356 0.1086 -0.5820 3.0006 5.0000 11.1664 0.0051 
39.6223 16.5000 3624.3618 0.3340 0.1086 -0.5801 3.0019 5.0000 11.6307 0.0042 
39.5993 16.5000 3616.9351 0.3359 0.1090 -0.5810 3.0013 6.0000 11.6155 0.0042 
39.6393 16.5000 3631.2784 0.3352 0.1080 -0.5819 2.9975 5.0000 11.5025 0.0042 
39.5998 16.5000 3610.9505 0.3392 0.1102 -0.5873 2.9957 5.0000 11.2584 0.0051 
39.5858 16.5000 3612.2990 0.3365 0.1097 -0.5799 3.0042 6.0000 11.2537 0.0051 
39.6038 16.5000 3617.7772 0.3402 0.1099 -0.5837 3.0023 5.0000 11.3666 0.0051 
39.6180 16.5000 3624.9962 0.3366 0.1100 -0.5804 3.0079 5.0000 11.3710 0.0047 
39.6138 16.5000 3620.1751 0.3344 0.1073 -0.5789 2.9947 6.0000 11.2657 0.0047 
39.6200 16.5000 3625.2790 0.3373 0.1105 -0.5785 2.9993 6.0000 11.2063 0.0047 
39.5970 16.5000 3617.2627 0.3370 0.1092 -0.5813 3.0010 5.0000 11.2692 0.0048 
39.6094 16.5000 3617.0654 0.3356 0.1096 -0.5806 3.0043 5.0000 11.2693 0.0048 
39.6158 16.5000 3624.0109 0.3365 0.1095 -0.5789 3.0010 5.0000 11.2565 0.0048 
39.6085 16.5000 3620.6770 0.3295 0.1062 -0.5762 3.0018 6.0000 11.2263 0.0048 
39.6351 16.5000 3630.4464 0.3381 0.1091 -0.5840 3.0010 5.0000 11.5037 0.0046 
39.6175 16.5000 3627.6847 0.3372 0.1076 -0.5837 2.9995 5.0000 11.4384 0.0046 
39.6239 16.5000 3628.3385 0.3341 0.1100 -0.5773 3.0046 5.0000 11.1184 0.0033 
39.6138 16.5000 3620.2665 0.3349 0.1084 -0.5769 2.9991 6.0000 11.1385 0.0052 
39.6730 16.5000 3643.8711 0.3379 0.1094 -0.5796 3.0022 6.0000 11.2815 0.0048 
39.5993 16.5000 3615.8756 0.3384 0.1094 -0.5827 3.0006 5.0000 11.2446 0.0051 
39.6147 16.5000 3620.8637 0.3360 0.1101 -0.5767 3.0035 6.0000 11.4476 0.0046 
39.6052 16.5000 3619.2720 0.3379 0.1105 -0.5819 3.0040 5.0000 11.3410 0.0046 
39.6245 16.5000 3627.6321 0.3333 0.1087 -0.5755 3.0037 6.0000 11.3569 0.0044 
39.6141 16.5000 3623.8052 0.3362 0.1087 -0.5841 2.9983 6.0000 11.5636 0.0052 
39.6298 16.5000 3627.9414 0.3360 0.1094 -0.5824 3.0008 6.0000 11.2205 0.0044 
39.6318 16.5000 3629.0556 0.3369 0.1095 -0.5814 3.0013 6.0000 11.0701 0.0046 
39.5996 16.5000 3618.6826 0.3356 0.1082 -0.5825 2.9970 5.0000 11.1265 0.0063 
39.6228 16.5000 3624.0062 0.3361 0.1095 -0.5813 3.0030 6.0000 11.3816 0.0054 
39.5558 16.5000 3598.3579 0.3371 0.1106 -0.5825 3.0024 5.0000 11.2455 0.0047 
39.5909 16.5000 3614.0944 0.3381 0.1099 -0.5800 2.9977 6.0000 10.9970 0.0044 
39.6208 16.5000 3626.3441 0.3356 0.1095 -0.5775 3.0024 5.0000 11.3033 0.0051 
39.6295 16.5000 3628.3769 0.3391 0.1101 -0.5832 3.0001 5.0000 11.2259 0.0045 
39.6054 16.5000 3620.6347 0.3358 0.1083 -0.5820 2.9995 5.0000 11.1181 0.0048 
39.6267 16.5000 3624.9858 0.3393 0.1098 -0.5829 2.9961 5.0000 11.4648 0.0045 
39.6161 16.5000 3621.2047 0.3350 0.1078 -0.5798 3.0044 5.0000 12.1897 0.0042 
39.6279 16.5000 3625.6164 0.3358 0.1080 -0.5804 2.9972 6.0000 12.1165 0.0042 
39.6405 16.5000 3633.4121 0.3314 0.1069 -0.5753 2.9991 6.0000 12.2094 0.0050 
39.6178 16.5000 3626.0191 0.3374 0.1092 -0.5789 2.9986 5.0000 11.2406 0.0043 
39.6080 16.5000 3614.7774 0.3342 0.1082 -0.5794 2.9981 5.0000 11.2560 0.0043 
39.6343 16.5000 3630.5907 0.3366 0.1098 -0.5750 2.9991 5.0000 11.5938 0.0050 
39.6469 16.5000 3630.6790 0.3376 0.1102 -0.5808 3.0047 5.0000 11.2755 0.0051 
39.6082 16.5000 3622.3962 0.3354 0.1080 -0.5773 2.9981 5.0000 11.2038 0.0051 
39.6052 16.5000 3612.7031 0.3342 0.1087 -0.5803 3.0034 5.0000 11.2329 0.0048 
39.6161 16.5000 3622.8603 0.3370 0.1094 -0.5860 3.0030 5.0000 11.1811 0.0050 
39.6141 16.5000 3620.8959 0.3350 0.1093 -0.5776 3.0011 5.0000 11.1225 0.0050 
39.6088 16.5000 3620.5944 0.3372 0.1089 -0.5824 3.0016 5.0000 11.3604 0.0051 
39.6197 16.5000 3624.3707 0.3349 0.1092 -0.5812 3.0008 6.0000 11.4402 0.0052 
39.6026 16.5000 3617.9061 0.3353 0.1081 -0.5832 3.0019 5.0000 11.4305 0.0052 
39.6001 16.5000 3617.2383 0.3373 0.1106 -0.5827 3.0015 6.0000 11.5119 0.0050 
39.5987 16.5000 3619.5514 0.3383 0.1115 -0.5818 3.0043 5.0000 11.2244 0.0045 
39.6074 16.5000 3617.0559 0.3359 0.1097 -0.5814 3.0039 6.0000 11.1633 0.0045 
39.6259 16.5000 3624.3366 0.3348 0.1086 -0.5776 3.0013 5.0000 11.4091 0.0053 
39.6237 16.5000 3628.8934 0.3376 0.1097 -0.5773 3.0014 5.0000 12.0778 0.0049 
39.5979 16.5000 3614.3668 0.3382 0.1090 -0.5848 2.9969 6.0000 12.2993 0.0049 
39.6136 16.5000 3617.2507 0.3344 0.1113 -0.5779 3.0044 6.0000 12.3176 0.0050 
39.6136 16.5000 3625.1405 0.3367 0.1086 -0.5789 2.9974 5.0000 11.2933 0.0051 
39.6082 16.5000 3621.2386 0.3348 0.1097 -0.5800 3.0029 6.0000 11.3216 0.0046 
39.6032 16.5000 3618.6591 0.3387 0.1108 -0.5843 3.0041 6.0000 11.4602 0.0053 
39.6220 16.5000 3621.5732 0.3389 0.1108 -0.5825 3.0005 5.0000 11.9700 0.0046 
39.5976 16.5000 3613.9622 0.3371 0.1099 -0.5864 2.9992 6.0000 12.0522 0.0051 
39.6237 16.5000 3624.9631 0.3378 0.1101 -0.5817 3.0064 6.0000 12.1456 0.0052 
39.6038 16.5000 3617.2753 0.3374 0.1089 -0.5810 3.0008 5.0000 11.1354 0.0047 
39.5990 16.5000 3614.5280 0.3357 0.1082 -0.5827 2.9992 6.0000 11.1446 0.0047 
39.6183 16.5000 3622.7849 0.3337 0.1085 -0.5815 3.0067 5.0000 11.3711 0.0049 
39.6186 16.5000 3624.2909 0.3354 0.1089 -0.5784 3.0047 6.0000 11.0405 0.0045 
39.6133 16.5000 3622.2228 0.3364 0.1073 -0.5846 2.9970 5.0000 11.1423 0.0051 
39.6281 16.5000 3623.8114 0.3366 0.1097 -0.5786 2.9991 6.0000 11.4411 0.0061 
39.6046 16.5000 3619.3807 0.3368 0.1084 -0.5820 2.9988 5.0000 11.4152 0.0045 
39.5626 16.5000 3600.3685 0.3356 0.1083 -0.5841 3.0019 5.0000 11.6003 0.0045 
39.6290 16.5000 3628.1236 0.3341 0.1074 -0.5787 2.9995 6.0000 10.8304 0.0045 
39.6262 16.5000 3627.5068 0.3365 0.1086 -0.5826 2.9926 5.0000 8.4141 0.0045 
