39.6693 16.5000 3639.8689 0.2281 0.0710 -0.4756 2.9519 6.0000 11.3889 0.0034 
39.6808 16.5000 3644.9646 0.2300 0.0715 -0.4811 2.9506 6.0000 11.0913 0.0037 
39.6581 16.5000 3635.7125 0.2265 0.0704 -0.4740 2.9501 5.0000 11.2648 0.0037 
39.6727 16.5000 3642.7533 0.2288 0.0702 -0.4814 2.9508 5.0000 10.8449 0.0036 
39.6741 16.5000 3641.9185 0.2308 0.0713 -0.4793 2.9536 6.0000 10.8050 0.0036 
39.6618 16.5000 3636.1449 0.2297 0.0710 -0.4823 2.9541 5.0000 10.9199 0.0039 
39.6618 16.5000 3637.8899 0.2285 0.0709 -0.4769 2.9534 5.0000 11.2218 0.0041 
39.6522 16.5000 3634.0479 0.2316 0.0712 -0.4834 2.9543 6.0000 11.1729 0.0041 
39.6438 16.5000 3631.8139 0.2305 0.0713 -0.4822 2.9523 5.0000 11.0630 0.0041 
39.6651 16.5000 3636.9158 0.2296 0.0713 -0.4777 2.9528 6.0000 10.7308 0.0031 
39.6640 16.5000 3636.9791 0.2293 0.0716 -0.4790 2.9530 5.0000 11.0751 0.0032 
39.6814 16.5000 3643.9319 0.2314 0.0715 -0.4806 2.9498 5.0000 10.7934 0.0032 
39.6791 16.5000 3643.6085 0.2296 0.0709 -0.4823 2.9545 6.0000 12.3692 0.0039 
39.6646 16.5000 3635.2762 0.2305 0.0714 -0.4820 2.9549 5.0000 12.3508 0.0037 
39.6517 16.5000 3633.8851 0.2316 0.0713 -0.4812 2.9550 5.0000 12.3355 0.0037 
39.6601 16.5000 3635.2944 0.2294 0.0699 -0.4816 2.9524 5.0000 11.4811 0.0034 
39.6789 16.5000 3644.1634 0.2303 0.0709 -0.4802 2.9508 5.0000 11.3141 0.0034 
39.6727 16.5000 3640.0095 0.2321 0.0707 -0.4835 2.9521 5.0000 11.4819 0.0035 
39.6646 16.5000 3637.2865 0.2300 0.0715 -0.4825 2.9519 5.0000 11.5783 0.0033 
39.6671 16.5000 3638.0720 0.2302 0.0717 -0.4783 2.9582 5.0000 11.4140 0.0033 
39.6755 16.5000 3641.7994 0.2292 0.0717 -0.4761 2.9551 5.0000 11.3014 0.0033 
39.6957 16.5000 3649.1414 0.2291 0.0713 -0.4769 2.9501 6.0000 11.4260 0.0035 
39.6606 16.5000 3636.9836 0.2300 0.0712 -0.4812 2.9558 5.0000 11.5797 0.0035 
39.6657 16.5000 3637.8534 0.2316 0.0707 -0.4804 2.9526 5.0000 11.2548 0.0035 
39.6615 16.5000 3636.6877 0.2315 0.0713 -0.4822 2.9537 5.0000 12.4276 0.0033 
39.6506 16.5000 3632.1751 0.2288 0.0699 -0.4813 2.9536 5.0000 12.5789 0.0033 
39.6761 16.5000 3642.2208 0.2323 0.0718 -0.4800 2.9508 5.0000 12.7727 0.0034 
39.6758 16.5000 3638.9222 0.2301 0.0704 -0.4803 2.9514 6.0000 12.4320 0.0029 
39.6704 16.5000 3639.7265 0.2312 0.0714 -0.4817 2.9533 5.0000 12.2633 0.0029 
39.6889 16.5000 3646.1953 0.2306 0.0714 -0.4793 2.9536 6.0000 12.7904 0.0036 
39.6755 16.5000 3641.8907 0.2313 0.0715 -0.4821 2.9554 5.0000 11.1734 0.0035 
39.6618 16.5000 3636.1258 0.2286 0.0709 -0.4788 2.9532 5.0000 11.2585 0.0035 
39.6679 16.5000 3638.7465 0.2301 0.0705 -0.4826 2.9525 5.0000 11.4586 0.0034 
39.6433 16.5000 3629.7946 0.2290 0.0704 -0.4764 2.9520 6.0000 11.7671 0.0045 
39.6727 16.5000 3641.2182 0.2275 0.0702 -0.4754 2.9541 6.0000 11.9062 0.0034 
39.6267 16.5000 3623.2759 0.2285 0.0710 -0.4793 2.9548 5.0000 11.9615 0.0038 
39.6702 16.5000 3640.3738 0.2306 0.0705 -0.4808 2.9523 5.0000 11.5896 0.0032 
39.6534 16.5000 3634.7446 0.2297 0.0709 -0.4809 2.9512 5.0000 11.7061 0.0041 
39.6797 16.5000 3643.1770 0.2306 0.0712 -0.4786 2.9533 5.0000 11.8343 0.0032 
39.6413 16.5000 3629.6046 0.2297 0.0701 -0.4793 2.9534 6.0000 11.2311 0.0027 
39.6786 16.5000 3642.1628 0.2305 0.0708 -0.4824 2.9550 6.0000 10.9736 0.0027 
39.7002 16.5000 3652.6117 0.2312 0.0705 -0.4804 2.9500 5.0000 11.1500 0.0033 
39.6940 16.5000 3648.4842 0.2296 0.0705 -0.4809 2.9507 5.0000 11.3260 0.0036 
39.6761 16.5000 3644.3691 0.2279 0.0701 -0.4754 2.9512 5.0000 11.3053 0.0036 
39.6646 16.5000 3637.6208 0.2285 0.0711 -0.4787 2.9524 5.0000 11.4853 0.0038 
39.6724 16.5000 3642.4601 0.2283 0.0708 -0.4762 2.9517 6.0000 11.8975 0.0034 
39.6567 16.5000 3634.0401 0.2306 0.0707 -0.4814 2.9509 5.0000 11.8468 0.0034 
39.6719 16.5000 3641.1083 0.2308 0.0709 -0.4804 2.9496 5.0000 11.7527 0.0037 
39.6447 16.5000 3631.2770 0.2292 0.0711 -0.4800 2.9546 5.0000 11.1923 0.0037 
39.6590 16.5000 3633.3300 0.2294 0.0715 -0.4815 2.9539 5.0000 11.3246 0.0037 
39.6609 16.5000 3636.8415 0.2292 0.0703 -0.4801 2.9498 5.0000 10.9253 0.0032 
39.6847 16.5000 3646.5498 0.2297 0.0713 -0.4792 2.9558 5.0000 11.0362 0.0035 
39.6783 16.5000 3642.2553 0.2275 0.0699 -0.4775 2.9492 5.0000 11.3460 0.0033 
39.6662 16.5000 3640.1939 0.2287 0.0708 -0.4772 2.9495 5.0000 10.9439 0.0029 
39.6747 16.5000 3639.9734 0.2291 0.0711 -0.4811 2.9535 5.0000 11.3730 0.0036 
39.6915 16.5000 3649.9428 0.2285 0.0704 -0.4777 2.9502 5.0000 11.5385 0.0037 
39.6626 16.5000 3637.8689 0.2308 0.0707 -0.4834 2.9549 5.0000 11.5960 0.0034 
39.6578 16.5000 3633.9874 0.2289 0.0697 -0.4799 2.9556 5.0000 12.0367 0.0032 
39.6699 16.5000 3638.8256 0.2300 0.0710 -0.4799 2.9496 5.0000 12.2099 0.0030 
39.6777 16.5000 3642.2071 0.2293 0.0717 -0.4779 2.9569 5.0000 12.1783 0.0034 
39.6864 16.5000 3647.2991 0.2287 0.0706 -0.4784 2.9518 5.0000 11.2639 0.0034 
39.6704 16.5000 3638.7740 0.2287 0.0702 -0.4800 2.9508 5.0000 11.3845 0.0038 
39.6721 16.5000 3641.7444 0.2278 0.0695 -0.4795 2.9528 5.0000 11.1767 0.0041 
39.6539 16.5000 3634.7177 0.2303 0.0709 -0.4814 2.9516 5.0000 10.9304 0.0031 
39.6444 16.5000 3630.2124 0.2305 0.0714 -0.4790 2.9538 5.0000 11.0668 0.0034 
39.6842 16.5000 3645.1658 0.2280 0.0707 -0.4777 2.9519 5.0000 11.0275 0.0036 
39.6727 16.5000 3639.7444 0.2317 0.0717 -0.4828 2.9519 5.0000 10.9832 0.0036 
39.6623 16.5000 3637.4376 0.2288 0.0705 -0.4817 2.9515 5.0000 11.0741 0.0040 
39.6618 16.5000 3638.3528 0.2302 0.0702 -0.4771 2.9479 5.0000 11.0936 0.0035 
39.6492 16.5000 3632.4187 0.2300 0.0712 -0.4796 2.9517 5.0000 11.3416 0.0039 
39.6662 16.5000 3638.8541 0.2301 0.0714 -0.4780 2.9548 5.0000 11.1887 0.0031 
39.6506 16.5000 3632.8785 0.2290 0.0706 -0.4807 2.9534 5.0000 11.0994 0.0034 
39.6836 16.5000 3643.4628 0.2272 0.0705 -0.4770 2.9509 5.0000 11.9893 0.0037 
39.6719 16.5000 3641.1843 0.2294 0.0704 -0.4772 2.9518 5.0000 12.1611 0.0040 
39.6581 16.5000 3636.2245 0.2269 0.0700 -0.4792 2.9513 5.0000 11.8140 0.0040 
39.6486 16.5000 3631.5320 0.2286 0.0705 -0.4780 2.9509 5.0000 11.5476 0.0037 
39.6660 16.5000 3639.5525 0.2314 0.0714 -0.4775 2.9561 5.0000 11.5734 0.0041 
39.6573 16.5000 3636.1883 0.2268 0.0708 -0.4752 2.9527 5.0000 11.4655 0.0041 
39.6452 16.5000 3631.3255 0.2319 0.0722 -0.4814 2.9552 6.0000 11.0794 0.0031 
39.6690 16.5000 3639.2638 0.2288 0.0707 -0.4819 2.9542 5.0000 11.3388 0.0036 
39.6847 16.5000 3647.0632 0.2302 0.0712 -0.4779 2.9499 5.0000 11.2728 0.0036 
39.6623 16.5000 3638.1059 0.2297 0.0705 -0.4821 2.9492 5.0000 12.1616 0.0031 
39.6570 16.5000 3634.9365 0.2301 0.0707 -0.4815 2.9559 5.0000 12.2883 0.0036 
39.6831 16.5000 3643.6464 0.2280 0.0700 -0.4775 2.9508 5.0000 12.3221 0.0036 
39.6626 16.5000 3637.7851 0.2286 0.0707 -0.4788 2.9488 5.0000 10.9455 0.0038 
39.6713 16.5000 3637.8817 0.2307 0.0713 -0.4810 2.9497 5.0000 11.2105 0.0039 
39.6545 16.5000 3635.3174 0.2311 0.0717 -0.4834 2.9512 5.0000 11.1745 0.0039 
39.6511 16.5000 3633.6441 0.2289 0.0701 -0.4810 2.9517 5.0000 10.9240 0.0034 
39.6632 16.5000 3637.7153 0.2288 0.0712 -0.4761 2.9549 6.0000 11.2708 0.0037 
39.6710 16.5000 3640.9379 0.2295 0.0717 -0.4797 2.9541 6.0000 11.3445 0.0037 
39.6606 16.5000 3636.7804 0.2309 0.0706 -0.4814 2.9501 6.0000 11.1303 0.0032 
39.6548 16.5000 3634.6047 0.2299 0.0711 -0.4805 2.9498 5.0000 11.2451 0.0028 
39.6803 16.5000 3643.8033 0.2268 0.0714 -0.4774 2.9552 5.0000 11.3835 0.0031 
39.6954 16.5000 3646.7502 0.2317 0.0717 -0.4832 2.9527 5.0000 11.1855 0.0032 
39.6831 16.5000 3644.7667 0.2290 0.0707 -0.4788 2.9496 6.0000 11.1262 0.0033 
39.6791 16.5000 3641.4586 0.2304 0.0714 -0.4798 2.9524 5.0000 11.4187 0.0028 
39.6755 16.5000 3642.4823 0.2297 0.0706 -0.4790 2.9501 5.0000 11.1575 0.0033 
39.6929 16.5000 3648.1351 0.2304 0.0700 -0.4790 2.9494 5.0000 11.1069 0.0030 
39.6755 16.5000 3640.3758 0.2280 0.0708 -0.4790 2.9509 5.0000 11.2361 0.0030 
39.6850 16.5000 3644.8844 0.2301 0.0712 -0.4822 2.9546 5.0000 8.8532 0.0030 
