39.6251 16.5000 3625.4578 0.2868 0.0913 -0.5375 2.9828 6.0000 10.9116 0.0033 
39.6738 16.5000 3643.2941 0.2882 0.0912 -0.5359 2.9811 6.0000 10.9424 0.0033 
39.6444 16.5000 3633.2145 0.2920 0.0917 -0.5485 2.9814 5.0000 11.2370 0.0044 
39.6326 16.5000 3626.2662 0.2922 0.0918 -0.5465 2.9813 5.0000 10.7157 0.0037 
39.6304 16.5000 3627.1187 0.2916 0.0916 -0.5454 2.9851 5.0000 10.8094 0.0037 
39.6578 16.5000 3638.0224 0.2915 0.0909 -0.5453 2.9800 6.0000 10.8505 0.0045 
39.6567 16.5000 3636.8118 0.2932 0.0912 -0.5468 2.9799 5.0000 10.8002 0.0038 
39.6273 16.5000 3626.7547 0.2904 0.0910 -0.5421 2.9788 5.0000 10.9529 0.0037 
39.6553 16.5000 3634.0815 0.2903 0.0913 -0.5433 2.9807 5.0000 10.9942 0.0044 
39.6576 16.5000 3637.4241 0.2901 0.0909 -0.5411 2.9757 5.0000 10.9673 0.0031 
39.6295 16.5000 3627.1540 0.2896 0.0920 -0.5429 2.9814 6.0000 11.0428 0.0041 
39.6817 16.5000 3646.1351 0.2907 0.0904 -0.5452 2.9830 6.0000 11.2725 0.0046 
39.6441 16.5000 3632.3724 0.2908 0.0919 -0.5435 2.9786 5.0000 11.9555 0.0036 
39.6239 16.5000 3625.3913 0.2921 0.0918 -0.5462 2.9811 6.0000 12.0056 0.0045 
39.6629 16.5000 3638.0289 0.2906 0.0903 -0.5479 2.9840 5.0000 12.0633 0.0048 
39.6270 16.5000 3625.5382 0.2891 0.0907 -0.5444 2.9808 6.0000 11.4073 0.0037 
39.6138 16.5000 3621.9686 0.2923 0.0922 -0.5415 2.9846 5.0000 11.3938 0.0046 
39.6604 16.5000 3638.8071 0.2885 0.0897 -0.5449 2.9765 6.0000 11.4023 0.0045 
39.6228 16.5000 3622.3693 0.2908 0.0928 -0.5459 2.9835 5.0000 10.9084 0.0047 
39.6270 16.5000 3627.1150 0.2907 0.0918 -0.5443 2.9819 6.0000 11.3598 0.0042 
39.6183 16.5000 3622.4977 0.2914 0.0918 -0.5436 2.9811 6.0000 11.1621 0.0037 
39.6385 16.5000 3631.7136 0.2899 0.0906 -0.5448 2.9788 5.0000 10.8764 0.0046 
39.6584 16.5000 3636.0291 0.2919 0.0918 -0.5433 2.9760 6.0000 11.1034 0.0041 
39.6228 16.5000 3625.3911 0.2931 0.0913 -0.5480 2.9780 6.0000 11.0308 0.0042 
39.6447 16.5000 3632.7460 0.2914 0.0921 -0.5446 2.9809 5.0000 10.9882 0.0037 
39.6374 16.5000 3629.8473 0.2917 0.0928 -0.5444 2.9815 5.0000 11.3250 0.0040 
39.6584 16.5000 3637.9894 0.2895 0.0923 -0.5421 2.9796 6.0000 11.1621 0.0044 
39.6466 16.5000 3633.2546 0.2924 0.0923 -0.5437 2.9758 5.0000 11.1517 0.0045 
39.6298 16.5000 3627.5973 0.2923 0.0919 -0.5461 2.9811 5.0000 11.3391 0.0042 
39.6256 16.5000 3624.1645 0.2902 0.0911 -0.5470 2.9802 5.0000 11.3718 0.0040 
39.6391 16.5000 3631.4222 0.2908 0.0912 -0.5460 2.9802 5.0000 11.7034 0.0050 
39.6455 16.5000 3631.4073 0.2937 0.0912 -0.5516 2.9810 5.0000 11.9863 0.0045 
39.6066 16.5000 3618.1749 0.2913 0.0923 -0.5453 2.9819 5.0000 11.8950 0.0033 
39.6284 16.5000 3625.6562 0.2905 0.0902 -0.5469 2.9798 5.0000 11.0611 0.0043 
39.6752 16.5000 3644.7524 0.2898 0.0906 -0.5444 2.9791 5.0000 11.2684 0.0050 
39.6365 16.5000 3625.0548 0.2903 0.0913 -0.5443 2.9782 6.0000 11.2747 0.0043 
39.6063 16.5000 3616.8101 0.2898 0.0913 -0.5450 2.9805 5.0000 11.1033 0.0044 
39.6340 16.5000 3628.0014 0.2938 0.0924 -0.5450 2.9796 5.0000 11.2038 0.0039 
39.6332 16.5000 3627.4891 0.2922 0.0921 -0.5441 2.9791 6.0000 11.2185 0.0043 
39.6508 16.5000 3632.8651 0.2889 0.0906 -0.5471 2.9817 5.0000 11.0640 0.0035 
39.6346 16.5000 3627.2753 0.2899 0.0906 -0.5442 2.9800 5.0000 11.1142 0.0047 
39.6668 16.5000 3641.0567 0.2895 0.0907 -0.5418 2.9831 5.0000 11.2281 0.0050 
39.6180 16.5000 3623.0024 0.2908 0.0887 -0.5473 2.9809 5.0000 11.1478 0.0045 
39.6077 16.5000 3620.1872 0.2922 0.0906 -0.5498 2.9799 6.0000 11.3094 0.0041 
39.6265 16.5000 3622.0008 0.2916 0.0915 -0.5437 2.9844 6.0000 11.3758 0.0035 
39.6416 16.5000 3630.4100 0.2893 0.0910 -0.5466 2.9816 6.0000 11.4862 0.0041 
39.6674 16.5000 3640.4904 0.2886 0.0900 -0.5410 2.9803 5.0000 11.4519 0.0043 
39.6413 16.5000 3632.9110 0.2928 0.0916 -0.5485 2.9779 5.0000 11.4173 0.0042 
39.6340 16.5000 3629.5640 0.2907 0.0909 -0.5462 2.9792 5.0000 11.5513 0.0048 
39.6382 16.5000 3628.7855 0.2902 0.0917 -0.5470 2.9792 5.0000 11.5690 0.0048 
39.6164 16.5000 3622.9688 0.2889 0.0901 -0.5435 2.9777 5.0000 11.5225 0.0042 
39.6147 16.5000 3622.0967 0.2923 0.0920 -0.5489 2.9798 5.0000 11.2975 0.0041 
39.6410 16.5000 3631.0988 0.2898 0.0914 -0.5389 2.9815 6.0000 11.4601 0.0045 
39.6416 16.5000 3631.4835 0.2920 0.0912 -0.5456 2.9786 5.0000 11.3977 0.0037 
39.6284 16.5000 3624.1460 0.2917 0.0920 -0.5441 2.9791 6.0000 11.1810 0.0040 
39.6581 16.5000 3636.8951 0.2927 0.0915 -0.5467 2.9830 5.0000 11.3634 0.0039 
39.6461 16.5000 3633.1736 0.2913 0.0918 -0.5463 2.9797 5.0000 11.2880 0.0041 
39.6520 16.5000 3635.1131 0.2901 0.0907 -0.5451 2.9763 6.0000 11.1164 0.0036 
39.6435 16.5000 3633.1061 0.2925 0.0914 -0.5460 2.9742 5.0000 11.2539 0.0052 
39.6612 16.5000 3637.4788 0.2915 0.0918 -0.5447 2.9788 5.0000 11.1097 0.0052 
39.6007 16.5000 3615.8596 0.2923 0.0915 -0.5492 2.9809 5.0000 11.2911 0.0039 
39.6592 16.5000 3639.2602 0.2904 0.0915 -0.5420 2.9796 6.0000 11.4714 0.0048 
39.6506 16.5000 3633.4575 0.2924 0.0915 -0.5445 2.9777 5.0000 11.4316 0.0048 
39.6141 16.5000 3622.6078 0.2894 0.0922 -0.5401 2.9795 6.0000 10.9712 0.0035 
39.6461 16.5000 3632.9968 0.2927 0.0904 -0.5440 2.9769 5.0000 11.3679 0.0043 
39.6674 16.5000 3639.8246 0.2925 0.0921 -0.5446 2.9780 5.0000 11.2074 0.0043 
39.6337 16.5000 3628.9769 0.2899 0.0917 -0.5443 2.9806 5.0000 10.9975 0.0043 
39.6391 16.5000 3629.2226 0.2919 0.0925 -0.5454 2.9814 5.0000 11.4027 0.0044 
39.6346 16.5000 3626.6008 0.2902 0.0920 -0.5456 2.9787 5.0000 11.3845 0.0044 
39.6332 16.5000 3626.6215 0.2917 0.0912 -0.5456 2.9779 5.0000 11.0224 0.0050 
39.6026 16.5000 3618.8519 0.2913 0.0917 -0.5457 2.9814 5.0000 11.3712 0.0037 
39.6094 16.5000 3621.9182 0.2921 0.0928 -0.5446 2.9840 5.0000 11.3585 0.0037 
39.6604 16.5000 3637.5732 0.2923 0.0928 -0.5483 2.9822 5.0000 11.1623 0.0039 
39.6337 16.5000 3625.5819 0.2896 0.0919 -0.5446 2.9817 5.0000 11.3460 0.0042 
39.6531 16.5000 3636.7171 0.2915 0.0926 -0.5444 2.9820 5.0000 11.3460 0.0042 
39.6374 16.5000 3632.9867 0.2915 0.0913 -0.5457 2.9833 5.0000 11.7826 0.0043 
39.6391 16.5000 3631.6444 0.2914 0.0912 -0.5450 2.9754 6.0000 12.0744 0.0049 
39.6360 16.5000 3630.9872 0.2902 0.0916 -0.5430 2.9848 5.0000 11.9788 0.0049 
39.6130 16.5000 3622.9239 0.2888 0.0909 -0.5443 2.9798 5.0000 11.4658 0.0047 
39.6480 16.5000 3633.5578 0.2908 0.0920 -0.5448 2.9798 5.0000 11.3287 0.0046 
39.6183 16.5000 3623.8022 0.2933 0.0914 -0.5453 2.9804 5.0000 11.2964 0.0046 
39.6253 16.5000 3624.6754 0.2908 0.0912 -0.5449 2.9772 5.0000 11.2560 0.0044 
39.6138 16.5000 3622.2539 0.2898 0.0909 -0.5474 2.9814 6.0000 11.2795 0.0035 
39.6298 16.5000 3621.5267 0.2910 0.0923 -0.5458 2.9774 6.0000 11.3582 0.0035 
39.6679 16.5000 3640.3562 0.2901 0.0917 -0.5450 2.9790 5.0000 11.0738 0.0040 
39.6279 16.5000 3623.9880 0.2898 0.0922 -0.5421 2.9839 5.0000 11.3788 0.0044 
39.6455 16.5000 3631.9255 0.2900 0.0901 -0.5449 2.9776 5.0000 11.4044 0.0044 
39.6323 16.5000 3628.8281 0.2907 0.0912 -0.5455 2.9765 6.0000 11.1022 0.0055 
39.6068 16.5000 3618.6770 0.2911 0.0927 -0.5435 2.9842 5.0000 11.0965 0.0051 
39.5897 16.5000 3612.8575 0.2885 0.0914 -0.5453 2.9786 5.0000 11.3104 0.0053 
39.6024 16.5000 3616.7423 0.2905 0.0919 -0.5447 2.9804 5.0000 11.2561 0.0039 
39.5956 16.5000 3609.9008 0.2900 0.0919 -0.5453 2.9783 6.0000 11.0472 0.0051 
39.6528 16.5000 3636.5047 0.2903 0.0904 -0.5472 2.9762 5.0000 11.4417 0.0046 
39.6021 16.5000 3616.5798 0.2898 0.0914 -0.5450 2.9862 5.0000 11.1278 0.0041 
39.6248 16.5000 3624.7294 0.2887 0.0898 -0.5466 2.9791 5.0000 11.4038 0.0040 
39.6435 16.5000 3631.3782 0.2897 0.0897 -0.5435 2.9777 5.0000 11.3766 0.0047 
39.6464 16.5000 3631.1002 0.2905 0.0921 -0.5460 2.9821 5.0000 11.1490 0.0047 
39.6200 16.5000 3624.6400 0.2900 0.0913 -0.5423 2.9755 5.0000 11.2754 0.0047 
39.6183 16.5000 3624.2570 0.2938 0.0917 -0.5477 2.9813 6.0000 11.1214 0.0047 
39.6178 16.5000 3621.9327 0.2914 0.0907 -0.5480 2.9788 6.0000 9.5897 0.0047 
