38.9281 15.0000 3433.3518 0.4081 0.2510 -0.4514 2.3605 4.0000 0.1340 0.0192 
38.8020 16.5000 3404.7491 0.3984 0.2447 -0.4637 2.3624 4.0000 0.1358 0.0192 
39.0567 16.5000 3473.2207 0.4142 0.2493 -0.4776 2.3607 4.0000 0.1340 0.0192 
38.8499 16.5000 3415.7932 0.4067 0.2516 -0.4593 2.3676 5.0000 0.1061 0.0221 
38.9735 14.5000 3443.9849 0.3965 0.2473 -0.4378 2.3575 4.0000 0.1070 0.0221 
38.9458 16.5000 3449.0895 0.4027 0.2452 -0.4479 2.3579 4.0000 0.1073 0.0221 
39.0366 12.5000 3462.6583 0.3991 0.2524 -0.4165 2.3499 4.0000 0.1070 0.0245 
38.9281 16.5000 3434.9130 0.4154 0.2514 -0.4724 2.3604 4.0000 0.1063 0.0245 
38.8525 14.5000 3415.5687 0.3985 0.2483 -0.4419 2.3614 4.0000 0.1070 0.0245 
38.8651 15.5000 3420.1362 0.4043 0.2471 -0.4696 2.3559 4.0000 0.1200 0.0227 
38.9029 16.5000 3427.8663 0.4012 0.2508 -0.4415 2.3664 4.0000 0.1127 0.0227 
38.9206 16.5000 3441.6494 0.3951 0.2496 -0.4165 2.3585 4.0000 0.1390 0.0220 
39.1072 16.0000 3491.7201 0.4100 0.2504 -0.4620 2.3494 4.0000 0.1477 0.0225 
38.9483 16.0000 3440.1438 0.4123 0.2519 -0.4678 2.3517 4.0000 0.1477 0.0225 
38.9306 16.5000 3440.9306 0.4035 0.2490 -0.4496 2.3569 4.0000 0.1535 0.0221 
38.9811 15.0000 3456.3127 0.4120 0.2498 -0.4546 2.3567 4.0000 0.1661 0.0229 
38.9458 16.0000 3445.1248 0.4059 0.2490 -0.4565 2.3527 4.0000 0.1658 0.0229 
38.9256 15.5000 3437.7478 0.3961 0.2483 -0.4326 2.3557 4.0000 0.1127 0.0226 
38.9130 14.5000 3441.5990 0.3976 0.2421 -0.4613 2.3685 5.0000 0.1089 0.0210 
39.0088 13.5000 3459.0719 0.4058 0.2543 -0.4439 2.3580 5.0000 0.1118 0.0238 
38.9887 15.5000 3458.2320 0.4088 0.2439 -0.4790 2.3505 4.0000 0.1087 0.0238 
38.8802 16.5000 3430.4741 0.4068 0.2447 -0.4795 2.3527 4.0000 0.1122 0.0238 
38.8979 16.5000 3431.7276 0.4066 0.2469 -0.4633 2.3573 4.0000 0.1122 0.0222 
38.8802 16.5000 3427.0366 0.4000 0.2474 -0.4485 2.3624 4.0000 0.1089 0.0222 
38.9407 14.5000 3442.3960 0.3987 0.2494 -0.4457 2.3648 4.0000 0.1036 0.0220 
38.9483 16.5000 3444.0277 0.4024 0.2515 -0.4416 2.3659 4.0000 0.1136 0.0225 
38.8979 16.5000 3437.2661 0.4017 0.2483 -0.4507 2.3601 4.0000 0.1120 0.0225 
38.9281 14.5000 3435.0189 0.3994 0.2464 -0.4542 2.3554 4.0000 0.1081 0.0236 
39.0038 16.5000 3465.9294 0.3982 0.2506 -0.4165 2.3551 4.0000 0.1100 0.0210 
38.8878 16.5000 3429.0921 0.4027 0.2492 -0.4588 2.3569 4.0000 0.1098 0.0210 
38.9887 15.0000 3458.6482 0.4033 0.2503 -0.4340 2.3546 4.0000 0.1011 0.0202 
38.8449 15.5000 3420.8323 0.4006 0.2440 -0.4602 2.3581 5.0000 0.1038 0.0203 
39.0189 15.0000 3462.3405 0.4052 0.2487 -0.4567 2.3595 4.0000 0.1037 0.0203 
39.0139 16.5000 3465.6847 0.4005 0.2451 -0.4575 2.3551 4.0000 0.1006 0.0222 
38.9256 12.5000 3433.4678 0.3985 0.2479 -0.4372 2.3657 4.0000 0.1036 0.0231 
38.9407 16.5000 3441.6873 0.3999 0.2471 -0.4528 2.3564 4.0000 0.1035 0.0231 
38.9079 15.5000 3430.6103 0.4029 0.2444 -0.4581 2.3547 4.0000 0.1022 0.0229 
38.9130 16.5000 3441.4704 0.4051 0.2501 -0.4640 2.3596 4.0000 0.1050 0.0214 
38.9155 15.5000 3430.3733 0.4022 0.2463 -0.4456 2.3581 4.0000 0.1049 0.0214 
38.9710 16.5000 3455.0391 0.4035 0.2496 -0.4419 2.3592 4.0000 0.1023 0.0218 
39.0794 16.5000 3472.0353 0.4040 0.2479 -0.4488 2.3570 4.0000 0.1083 0.0194 
38.9559 16.0000 3451.9193 0.3997 0.2439 -0.4616 2.3481 4.0000 0.1137 0.0194 
39.0467 14.5000 3467.8562 0.4063 0.2472 -0.4565 2.3534 4.0000 0.1060 0.0212 
39.0290 15.0000 3467.3871 0.4038 0.2515 -0.4450 2.3624 4.0000 0.1093 0.0211 
38.9811 14.5000 3453.1828 0.4057 0.2479 -0.4568 2.3558 4.0000 0.1082 0.0211 
38.9836 16.5000 3455.8411 0.4017 0.2493 -0.4323 2.3535 4.0000 0.1062 0.0202 
38.9130 13.5000 3439.0366 0.4048 0.2455 -0.4717 2.3590 4.0000 0.1091 0.0222 
39.0164 14.5000 3454.3380 0.4127 0.2496 -0.4686 2.3531 5.0000 0.1092 0.0222 
38.9407 16.5000 3441.4704 0.4009 0.2483 -0.4565 2.3592 4.0000 0.1048 0.0257 
38.9685 16.0000 3449.0517 0.4033 0.2467 -0.4535 2.3548 4.0000 0.1083 0.0221 
38.8071 13.5000 3410.7440 0.3945 0.2487 -0.4211 2.3657 4.0000 0.1075 0.0221 
38.9433 16.0000 3444.2976 0.3975 0.2445 -0.4498 2.3480 4.0000 0.1096 0.0223 
38.9054 16.5000 3432.6003 0.4006 0.2476 -0.4420 2.3591 5.0000 0.1117 0.0201 
38.9357 16.0000 3438.9458 0.4080 0.2521 -0.4556 2.3636 4.0000 0.1125 0.0201 
39.0214 16.0000 3468.2472 0.4118 0.2497 -0.4624 2.3579 4.0000 0.1061 0.0212 
39.0694 16.5000 3482.6431 0.4033 0.2498 -0.4441 2.3571 5.0000 0.1038 0.0233 
38.9811 16.5000 3452.1791 0.4059 0.2487 -0.4590 2.3565 4.0000 0.1040 0.0233 
38.9004 15.5000 3439.7503 0.3984 0.2451 -0.4481 2.3541 4.0000 0.1009 0.0221 
38.9660 16.5000 3451.0794 0.3998 0.2515 -0.4187 2.3618 4.0000 0.1027 0.0220 
38.9458 16.5000 3449.7528 0.4021 0.2525 -0.4332 2.3566 4.0000 0.1026 0.0220 
38.9508 12.5000 3441.1148 0.4119 0.2509 -0.4616 2.3631 4.0000 0.1006 0.0220 
39.0340 16.5000 3474.7995 0.4059 0.2529 -0.4347 2.3542 5.0000 0.1035 0.0210 
38.9508 15.5000 3436.8575 0.4106 0.2491 -0.4693 2.3587 5.0000 0.1040 0.0210 
38.9887 16.5000 3447.7352 0.4038 0.2506 -0.4513 2.3590 5.0000 0.1008 0.0212 
38.9660 14.5000 3452.6305 0.4049 0.2548 -0.4408 2.3606 4.0000 0.1094 0.0194 
38.9811 15.0000 3456.9685 0.4038 0.2479 -0.4574 2.3589 4.0000 0.1400 0.0210 
39.0467 15.5000 3472.1412 0.4076 0.2489 -0.4526 2.3540 4.0000 0.1580 0.0220 
38.9887 16.5000 3452.9029 0.4033 0.2435 -0.4685 2.3554 4.0000 0.1306 0.0214 
38.9483 13.5000 3440.8953 0.4033 0.2462 -0.4490 2.3543 5.0000 0.1343 0.0201 
38.9735 15.5000 3450.6860 0.3993 0.2483 -0.4381 2.3497 4.0000 0.1178 0.0228 
39.0214 15.0000 3461.2610 0.4050 0.2491 -0.4483 2.3541 5.0000 0.1077 0.0223 
38.9180 16.5000 3443.4502 0.4107 0.2527 -0.4551 2.3548 4.0000 0.1059 0.0247 
38.9357 16.0000 3445.2182 0.4025 0.2453 -0.4668 2.3540 5.0000 0.1067 0.0227 
38.8449 16.5000 3416.3607 0.4063 0.2505 -0.4530 2.3603 4.0000 0.1067 0.0202 
38.9206 16.0000 3432.6129 0.4066 0.2443 -0.4745 2.3532 4.0000 0.1046 0.0213 
39.0189 14.5000 3462.8146 0.3999 0.2519 -0.4224 2.3554 4.0000 0.1137 0.0214 
38.9760 14.5000 3451.5763 0.4057 0.2512 -0.4368 2.3603 4.0000 0.1139 0.0216 
38.9735 14.5000 3452.0050 0.4036 0.2479 -0.4511 2.3500 4.0000 0.1087 0.0221 
38.9634 15.5000 3453.9420 0.3997 0.2474 -0.4385 2.3511 4.0000 0.1063 0.0225 
38.9433 15.0000 3431.8966 0.4023 0.2500 -0.4519 2.3638 4.0000 0.1024 0.0220 
38.9306 16.0000 3441.3115 0.3940 0.2445 -0.4398 2.3616 4.0000 0.1000 0.0239 
38.9508 16.0000 3445.1652 0.3995 0.2445 -0.4510 2.3630 4.0000 0.1003 0.0218 
38.8777 16.5000 3422.9206 0.4013 0.2478 -0.4520 2.3646 4.0000 0.0998 0.0223 
38.9559 15.5000 3443.2131 0.3982 0.2500 -0.4180 2.3539 4.0000 0.1143 0.0217 
38.9382 14.5000 3434.4893 0.4000 0.2459 -0.4531 2.3601 4.0000 0.1010 0.0248 
38.9609 15.0000 3452.8071 0.4082 0.2491 -0.4627 2.3600 4.0000 0.1006 0.0214 
38.8424 12.5000 3416.7516 0.3982 0.2464 -0.4514 2.3600 5.0000 0.1009 0.0237 
38.9735 14.0000 3454.4288 0.4058 0.2506 -0.4553 2.3514 4.0000 0.1007 0.0219 
38.8827 15.0000 3429.7024 0.3999 0.2438 -0.4535 2.3612 5.0000 0.1007 0.0193 
38.9533 16.5000 3438.6053 0.4076 0.2497 -0.4534 2.3586 4.0000 0.1009 0.0223 
39.0517 15.5000 3467.3518 0.4033 0.2486 -0.4527 2.3585 4.0000 0.1092 0.0195 
38.9357 15.0000 3441.5107 0.4068 0.2461 -0.4653 2.3511 4.0000 0.1059 0.0198 
39.0441 16.0000 3472.8424 0.4045 0.2492 -0.4423 2.3633 4.0000 0.1047 0.0246 
39.0315 16.0000 3469.3468 0.4048 0.2466 -0.4544 2.3630 5.0000 0.1057 0.0213 
38.8499 15.5000 3415.5687 0.3973 0.2495 -0.4419 2.3615 4.0000 0.1061 0.0224 
38.9760 16.5000 3457.5813 0.4040 0.2502 -0.4497 2.3599 4.0000 0.1044 0.0218 
38.9332 16.5000 3444.1942 0.3991 0.2499 -0.4302 2.3590 4.0000 0.1067 0.0203 
38.9584 15.5000 3448.9987 0.4018 0.2485 -0.4484 2.3583 4.0000 0.1060 0.0248 
39.0139 14.5000 3465.7781 0.4057 0.2483 -0.4563 2.3556 4.0000 0.1044 0.0248 
38.8424 16.0000 3417.5788 0.4043 0.2498 -0.4510 2.3611 5.0000 0.1047 0.0248 
