39.6200 4.0000 3625.9893 0.4684 0.1671 -0.6318 3.1457 6.0000 31.4119 0.0032 
39.6414 4.0000 3632.0469 0.4646 0.1638 -0.6318 3.1393 6.0000 30.6945 0.0047 
39.6187 4.0000 3623.2921 0.4645 0.1628 -0.6307 3.1408 6.0000 30.8922 0.0047 
39.6545 4.0000 3634.2781 0.4651 0.1629 -0.6321 3.1446 6.0000 31.8296 0.0045 
39.6793 4.0000 3645.8312 0.4698 0.1656 -0.6342 3.1436 6.0000 32.1677 0.0040 
39.6257 4.0000 3625.3712 0.4690 0.1669 -0.6332 3.1476 6.0000 31.3036 0.0045 
39.6686 4.0000 3640.7951 0.4662 0.1623 -0.6351 3.1438 6.0000 32.8974 0.0041 
39.6480 4.0000 3633.6507 0.4630 0.1622 -0.6274 3.1440 6.0000 32.0660 0.0033 
39.6751 4.0000 3647.7207 0.4643 0.1628 -0.6291 3.1413 6.0000 32.9792 0.0039 
39.6444 4.0000 3635.5904 0.4654 0.1669 -0.6277 3.1418 6.0000 32.6836 0.0039 
39.6507 4.0000 3638.4407 0.4699 0.1662 -0.6366 3.1497 6.0000 32.7930 0.0035 
39.6499 4.0000 3636.5710 0.4686 0.1662 -0.6289 3.1509 6.0000 32.7703 0.0036 
39.6673 4.0000 3641.6000 0.4669 0.1627 -0.6333 3.1435 6.0000 31.1571 0.0040 
39.6641 4.0000 3642.3951 0.4663 0.1671 -0.6244 3.1493 6.0000 30.6440 0.0043 
39.6471 4.0000 3634.7648 0.4653 0.1658 -0.6292 3.1443 6.0000 30.4951 0.0033 
39.6351 4.0000 3632.2606 0.4695 0.1675 -0.6333 3.1458 6.0000 30.6182 0.0040 
39.6763 4.0000 3645.6700 0.4693 0.1661 -0.6302 3.1462 6.0000 30.1691 0.0040 
39.6478 4.0000 3634.2280 0.4664 0.1645 -0.6293 3.1411 6.0000 30.1702 0.0040 
39.6478 4.0000 3634.4624 0.4644 0.1664 -0.6268 3.1476 6.0000 30.6788 0.0041 
39.6591 4.0000 3637.8447 0.4657 0.1653 -0.6284 3.1451 6.0000 30.8391 0.0039 
39.6419 4.0000 3631.1677 0.4678 0.1648 -0.6338 3.1455 6.0000 31.3013 0.0045 
39.6517 4.0000 3634.9016 0.4666 0.1669 -0.6319 3.1509 6.0000 29.4570 0.0034 
39.6293 4.0000 3627.2484 0.4636 0.1641 -0.6263 3.1367 6.0000 29.8583 0.0047 
39.6704 4.0000 3641.2215 0.4676 0.1679 -0.6316 3.1533 6.0000 30.3042 0.0039 
39.6206 4.0000 3622.5391 0.4688 0.1678 -0.6301 3.1583 6.0000 29.3685 0.0045 
39.6505 4.0000 3635.4708 0.4690 0.1644 -0.6335 3.1416 6.0000 29.4900 0.0035 
39.6269 4.0000 3631.3934 0.4653 0.1668 -0.6205 3.1445 6.0000 29.7792 0.0047 
39.6669 4.0000 3638.7596 0.4648 0.1667 -0.6251 3.1484 6.0000 29.7888 0.0041 
39.6200 4.0000 3621.5708 0.4696 0.1674 -0.6319 3.1526 6.0000 29.7631 0.0034 
39.6442 4.0000 3633.3926 0.4651 0.1644 -0.6284 3.1387 6.0000 29.9794 0.0035 
39.6690 4.0000 3641.3550 0.4660 0.1665 -0.6313 3.1485 6.0000 29.8420 0.0036 
39.6665 4.0000 3638.9813 0.4651 0.1652 -0.6276 3.1496 6.0000 29.7664 0.0041 
39.6637 4.0000 3636.8016 0.4632 0.1632 -0.6290 3.1503 6.0000 29.7291 0.0035 
39.6440 4.0000 3633.7467 0.4663 0.1638 -0.6268 3.1450 6.0000 29.3709 0.0030 
39.6662 4.0000 3642.1828 0.4669 0.1673 -0.6228 3.1401 6.0000 29.7006 0.0035 
39.6881 4.0000 3650.0351 0.4667 0.1649 -0.6324 3.1481 6.0000 29.9669 0.0039 
39.6660 4.0000 3642.1414 0.4684 0.1673 -0.6260 3.1517 6.0000 29.9775 0.0044 
39.6496 4.0000 3634.6610 0.4660 0.1641 -0.6369 3.1440 6.0000 29.8395 0.0042 
39.6328 4.0000 3627.5748 0.4621 0.1622 -0.6272 3.1429 6.0000 29.5365 0.0041 
39.6377 4.0000 3630.3449 0.4664 0.1642 -0.6307 3.1442 6.0000 34.3852 0.0047 
39.6425 4.0000 3633.3132 0.4647 0.1628 -0.6295 3.1462 6.0000 34.5759 0.0035 
39.6200 4.0000 3628.0088 0.4699 0.1681 -0.6312 3.1486 6.0000 35.8470 0.0044 
39.6652 4.0000 3641.5469 0.4655 0.1608 -0.6310 3.1427 6.0000 35.9366 0.0041 
39.6311 4.0000 3631.2839 0.4667 0.1655 -0.6313 3.1462 6.0000 35.4600 0.0040 
39.6446 4.0000 3632.6831 0.4674 0.1650 -0.6246 3.1412 6.0000 34.2421 0.0037 
39.6456 4.0000 3633.6177 0.4642 0.1639 -0.6256 3.1464 6.0000 31.2953 0.0040 
39.6595 4.0000 3637.4805 0.4638 0.1633 -0.6257 3.1417 6.0000 31.6863 0.0038 
39.6454 4.0000 3632.6969 0.4672 0.1639 -0.6320 3.1401 6.0000 31.9503 0.0041 
39.6557 4.0000 3639.3731 0.4674 0.1644 -0.6331 3.1432 6.0000 30.0154 0.0043 
39.6440 4.0000 3635.7045 0.4644 0.1655 -0.6281 3.1505 6.0000 30.4216 0.0042 
39.6370 4.0000 3630.3478 0.4672 0.1626 -0.6330 3.1457 6.0000 30.7336 0.0037 
39.6391 4.0000 3629.8594 0.4659 0.1638 -0.6314 3.1491 6.0000 31.5923 0.0040 
39.6599 4.0000 3638.5736 0.4643 0.1628 -0.6232 3.1509 6.0000 31.7364 0.0044 
39.6488 4.0000 3635.0748 0.4677 0.1637 -0.6365 3.1472 6.0000 32.0745 0.0055 
39.6307 4.0000 3628.1152 0.4651 0.1654 -0.6293 3.1469 6.0000 30.5280 0.0040 
39.5874 4.0000 3613.0406 0.4658 0.1649 -0.6356 3.1493 6.0000 30.5224 0.0046 
39.6459 4.0000 3633.0958 0.4671 0.1682 -0.6276 3.1543 6.0000 30.4740 0.0043 
39.6219 4.0000 3625.4544 0.4701 0.1666 -0.6327 3.1489 6.0000 32.6388 0.0038 
39.6366 4.0000 3629.6456 0.4654 0.1670 -0.6268 3.1467 6.0000 32.7675 0.0041 
39.6538 4.0000 3636.8796 0.4676 0.1655 -0.6297 3.1526 6.0000 32.3009 0.0045 
39.6444 4.0000 3631.7003 0.4662 0.1662 -0.6339 3.1446 6.0000 29.6040 0.0034 
39.6269 4.0000 3629.2703 0.4670 0.1666 -0.6265 3.1443 6.0000 30.5358 0.0051 
39.6713 4.0000 3642.2774 0.4645 0.1650 -0.6240 3.1466 6.0000 29.6500 0.0033 
39.6021 4.0000 3616.9454 0.4646 0.1638 -0.6311 3.1476 6.0000 29.8083 0.0040 
39.6757 4.0000 3643.9702 0.4655 0.1638 -0.6325 3.1431 6.0000 30.3629 0.0038 
39.6461 4.0000 3633.5372 0.4700 0.1669 -0.6376 3.1476 6.0000 29.6079 0.0037 
39.6534 4.0000 3637.7907 0.4684 0.1643 -0.6381 3.1494 6.0000 29.5986 0.0043 
39.6578 4.0000 3636.4737 0.4660 0.1644 -0.6296 3.1518 6.0000 30.0792 0.0038 
39.6368 4.0000 3631.0122 0.4684 0.1665 -0.6339 3.1532 6.0000 29.6220 0.0038 
39.6541 4.0000 3635.3098 0.4710 0.1678 -0.6323 3.1504 6.0000 29.7001 0.0045 
39.6648 4.0000 3638.9630 0.4712 0.1684 -0.6306 3.1544 6.0000 29.7471 0.0041 
39.6257 4.0000 3627.3680 0.4655 0.1660 -0.6320 3.1466 6.0000 30.3420 0.0042 
39.6423 4.0000 3634.0048 0.4651 0.1650 -0.6293 3.1463 6.0000 29.4540 0.0040 
39.6389 4.0000 3630.7541 0.4688 0.1666 -0.6329 3.1514 6.0000 29.6605 0.0040 
39.6463 4.0000 3630.2892 0.4669 0.1668 -0.6283 3.1501 6.0000 30.3572 0.0043 
39.6484 4.0000 3634.6024 0.4672 0.1664 -0.6368 3.1472 6.0000 29.5420 0.0042 
39.6372 4.0000 3632.6999 0.4704 0.1674 -0.6324 3.1502 6.0000 29.5254 0.0042 
39.6404 4.0000 3633.9342 0.4677 0.1667 -0.6267 3.1454 6.0000 30.1913 0.0033 
39.6408 4.0000 3634.4500 0.4661 0.1674 -0.6242 3.1389 6.0000 29.6869 0.0038 
39.6742 4.0000 3644.3825 0.4673 0.1661 -0.6287 3.1452 6.0000 29.6092 0.0045 
39.6559 4.0000 3637.9382 0.4682 0.1683 -0.6304 3.1482 6.0000 30.6151 0.0039 
39.6288 4.0000 3628.1215 0.4679 0.1666 -0.6274 3.1550 6.0000 29.4840 0.0041 
39.6515 4.0000 3637.4716 0.4708 0.1662 -0.6340 3.1393 6.0000 29.5584 0.0042 
39.6423 4.0000 3630.2016 0.4652 0.1644 -0.6294 3.1392 6.0000 30.0497 0.0040 
39.6377 4.0000 3632.9569 0.4658 0.1647 -0.6268 3.1446 6.0000 29.6047 0.0047 
39.6490 4.0000 3634.1835 0.4633 0.1642 -0.6287 3.1499 6.0000 29.6453 0.0046 
39.6204 4.0000 3624.9065 0.4675 0.1654 -0.6298 3.1480 6.0000 30.2988 0.0042 
39.6221 4.0000 3624.1301 0.4725 0.1650 -0.6407 3.1463 6.0000 29.5061 0.0043 
39.6396 4.0000 3631.2591 0.4677 0.1673 -0.6269 3.1470 6.0000 29.4549 0.0045 
39.6358 4.0000 3629.7703 0.4679 0.1665 -0.6336 3.1450 6.0000 30.1620 0.0039 
39.6293 4.0000 3627.8125 0.4677 0.1652 -0.6271 3.1443 6.0000 30.0463 0.0038 
39.6503 4.0000 3637.4559 0.4654 0.1635 -0.6319 3.1444 6.0000 29.5695 0.0040 
39.6549 4.0000 3635.7427 0.4664 0.1658 -0.6239 3.1546 6.0000 30.5304 0.0040 
39.6471 4.0000 3634.4653 0.4693 0.1671 -0.6302 3.1486 6.0000 29.6383 0.0035 
39.6482 4.0000 3631.8102 0.4656 0.1658 -0.6311 3.1448 6.0000 29.5508 0.0041 
39.6671 4.0000 3641.1408 0.4653 0.1643 -0.6320 3.1474 6.0000 30.0949 0.0038 
39.6419 4.0000 3634.2280 0.4642 0.1636 -0.6250 3.1426 6.0000 29.7058 0.0041 
39.6543 4.0000 3639.3422 0.4660 0.1640 -0.6323 3.1390 6.0000 29.8723 0.0037 
39.6446 4.0000 3632.6175 0.4720 0.1665 -0.6303 3.1446 6.0000 29.5114 0.0037 
39.6572 4.0000 3638.3443 0.4647 0.1639 -0.6243 3.1387 6.0000 24.4238 0.0037 
