39.7550 16.5000 3668.2462 0.1587 0.0471 -0.3869 3.0123 6.0000 31.6036 0.0012 
39.7488 16.5000 3662.9524 0.1581 0.0465 -0.3861 3.0143 6.0000 31.3536 0.0012 
39.7594 16.5000 3670.5483 0.1573 0.0466 -0.3830 3.0137 6.0000 31.4892 0.0012 
39.7396 16.5000 3662.1238 0.1587 0.0465 -0.3862 3.0132 6.0000 29.7309 0.0015 
39.7524 16.5000 3664.6647 0.1587 0.0467 -0.3877 3.0161 6.0000 29.9737 0.0015 
39.7476 16.5000 3665.3866 0.1564 0.0460 -0.3844 3.0130 6.0000 29.9950 0.0013 
39.7559 16.5000 3668.1533 0.1585 0.0460 -0.3870 3.0125 6.0000 29.4100 0.0016 
39.7567 16.5000 3669.2702 0.1554 0.0463 -0.3812 3.0151 6.0000 30.2330 0.0011 
39.7422 16.5000 3662.4835 0.1586 0.0467 -0.3885 3.0120 6.0000 30.4534 0.0011 
39.7633 16.5000 3671.7315 0.1573 0.0464 -0.3845 3.0130 6.0000 30.5032 0.0014 
39.7492 16.5000 3666.9828 0.1578 0.0453 -0.3886 3.0135 5.0000 30.3776 0.0014 
39.7493 16.5000 3665.3029 0.1565 0.0465 -0.3821 3.0131 6.0000 30.3291 0.0014 
39.7495 16.5000 3667.0383 0.1588 0.0462 -0.3870 3.0162 6.0000 29.8357 0.0015 
39.7513 16.5000 3665.7451 0.1602 0.0464 -0.3896 3.0113 6.0000 30.1592 0.0011 
39.7455 16.5000 3665.5006 0.1524 0.0457 -0.3787 3.0113 5.0000 30.1410 0.0011 
39.7614 16.5000 3671.8906 0.1570 0.0460 -0.3840 3.0160 6.0000 30.4061 0.0013 
39.7536 16.5000 3668.5095 0.1580 0.0457 -0.3845 3.0122 6.0000 30.4978 0.0014 
39.7554 16.5000 3669.3185 0.1553 0.0459 -0.3841 3.0130 6.0000 30.3956 0.0014 
39.7497 16.5000 3665.5493 0.1587 0.0467 -0.3865 3.0141 5.0000 32.6166 0.0009 
39.7416 16.5000 3662.3981 0.1583 0.0462 -0.3871 3.0134 6.0000 33.0497 0.0015 
39.7689 16.5000 3674.1457 0.1554 0.0458 -0.3818 3.0118 6.0000 32.9973 0.0015 
39.7470 16.5000 3666.3740 0.1562 0.0462 -0.3844 3.0126 5.0000 29.6858 0.0013 
39.7499 16.5000 3665.6355 0.1591 0.0459 -0.3859 3.0144 6.0000 30.2407 0.0016 
39.7532 16.5000 3667.5165 0.1545 0.0460 -0.3799 3.0138 6.0000 30.7951 0.0015 
39.7408 16.5000 3662.0442 0.1584 0.0461 -0.3879 3.0152 6.0000 33.0611 0.0013 
39.7462 16.5000 3662.1577 0.1585 0.0458 -0.3883 3.0126 6.0000 33.7790 0.0013 
39.7554 16.5000 3668.9772 0.1582 0.0463 -0.3857 3.0138 6.0000 33.4072 0.0013 
39.7559 16.5000 3669.4942 0.1562 0.0457 -0.3826 3.0122 6.0000 31.1397 0.0011 
39.7573 16.5000 3669.8335 0.1582 0.0462 -0.3854 3.0146 6.0000 31.0001 0.0014 
39.7614 16.5000 3671.5103 0.1580 0.0460 -0.3875 3.0119 6.0000 30.8897 0.0014 
39.7497 16.5000 3667.0280 0.1571 0.0459 -0.3878 3.0131 6.0000 30.3491 0.0015 
39.7528 16.5000 3666.3727 0.1576 0.0459 -0.3850 3.0149 6.0000 30.6917 0.0013 
39.7457 16.5000 3664.3199 0.1553 0.0459 -0.3835 3.0124 6.0000 30.9542 0.0013 
39.7538 16.5000 3668.7888 0.1582 0.0467 -0.3850 3.0158 6.0000 30.4647 0.0013 
39.7474 16.5000 3664.7223 0.1582 0.0461 -0.3884 3.0132 6.0000 30.7356 0.0013 
39.7536 16.5000 3668.4402 0.1577 0.0462 -0.3872 3.0129 6.0000 30.9993 0.0013 
39.7530 16.5000 3668.2023 0.1589 0.0462 -0.3872 3.0144 6.0000 31.1968 0.0014 
39.7559 16.5000 3669.1582 0.1587 0.0463 -0.3851 3.0177 6.0000 31.8282 0.0013 
39.7490 16.5000 3666.0712 0.1567 0.0462 -0.3851 3.0136 6.0000 31.7575 0.0014 
39.7559 16.5000 3669.8019 0.1569 0.0462 -0.3844 3.0135 5.0000 31.5466 0.0011 
39.7484 16.5000 3663.6836 0.1576 0.0463 -0.3865 3.0146 6.0000 31.6583 0.0014 
39.7606 16.5000 3670.8109 0.1555 0.0460 -0.3849 3.0120 6.0000 31.2302 0.0014 
39.7482 16.5000 3665.8933 0.1595 0.0460 -0.3874 3.0140 6.0000 30.4156 0.0013 
39.7517 16.5000 3667.7336 0.1564 0.0461 -0.3853 3.0138 6.0000 31.2661 0.0013 
39.7544 16.5000 3667.1212 0.1555 0.0458 -0.3816 3.0146 6.0000 30.7388 0.0013 
39.7559 16.5000 3667.7817 0.1571 0.0467 -0.3860 3.0151 6.0000 30.2847 0.0013 
39.7594 16.5000 3671.0783 0.1577 0.0463 -0.3841 3.0139 6.0000 30.7320 0.0013 
39.7556 16.5000 3668.0929 0.1570 0.0468 -0.3830 3.0139 6.0000 31.2305 0.0010 
39.7540 16.5000 3669.1724 0.1563 0.0463 -0.3858 3.0127 6.0000 32.1081 0.0012 
39.7654 16.5000 3673.5753 0.1589 0.0459 -0.3877 3.0132 6.0000 32.4848 0.0015 
39.7589 16.5000 3670.6074 0.1578 0.0461 -0.3855 3.0141 6.0000 32.7589 0.0015 
39.7474 16.5000 3666.5919 0.1575 0.0457 -0.3891 3.0127 6.0000 31.9097 0.0012 
39.7472 16.5000 3665.0375 0.1595 0.0465 -0.3898 3.0149 6.0000 30.6653 0.0013 
39.7581 16.5000 3670.4852 0.1583 0.0462 -0.3847 3.0123 6.0000 31.0740 0.0013 
39.7528 16.5000 3667.8254 0.1583 0.0461 -0.3862 3.0148 6.0000 31.4492 0.0014 
39.7524 16.5000 3667.5425 0.1583 0.0462 -0.3867 3.0128 6.0000 30.8212 0.0014 
39.7492 16.5000 3666.5079 0.1562 0.0457 -0.3827 3.0106 6.0000 30.7841 0.0013 
39.7484 16.5000 3665.4616 0.1578 0.0464 -0.3831 3.0152 6.0000 31.0087 0.0011 
39.7526 16.5000 3668.4540 0.1561 0.0459 -0.3834 3.0138 6.0000 30.9745 0.0013 
39.7610 16.5000 3671.2447 0.1579 0.0464 -0.3858 3.0131 6.0000 31.0665 0.0016 
39.7532 16.5000 3668.8622 0.1575 0.0457 -0.3849 3.0130 6.0000 31.2508 0.0010 
39.7422 16.5000 3662.9603 0.1574 0.0462 -0.3855 3.0157 6.0000 30.8698 0.0012 
39.7658 16.5000 3673.1448 0.1570 0.0463 -0.3832 3.0130 6.0000 30.7005 0.0013 
39.7561 16.5000 3669.1997 0.1584 0.0462 -0.3875 3.0147 6.0000 30.9976 0.0012 
39.7540 16.5000 3666.9640 0.1584 0.0462 -0.3850 3.0124 6.0000 30.8245 0.0015 
39.7600 16.5000 3671.1384 0.1570 0.0460 -0.3839 3.0146 6.0000 30.5122 0.0015 
39.7447 16.5000 3664.3011 0.1567 0.0457 -0.3839 3.0135 6.0000 31.0195 0.0011 
39.7470 16.5000 3665.8642 0.1581 0.0462 -0.3869 3.0168 6.0000 31.3701 0.0015 
39.7621 16.5000 3671.9451 0.1589 0.0462 -0.3850 3.0145 6.0000 31.2197 0.0011 
39.7468 16.5000 3665.8041 0.1596 0.0461 -0.3887 3.0143 6.0000 30.8069 0.0013 
39.7633 16.5000 3672.4489 0.1583 0.0465 -0.3876 3.0145 6.0000 30.9355 0.0014 
39.7536 16.5000 3666.5065 0.1579 0.0463 -0.3849 3.0126 6.0000 30.5684 0.0014 
39.7492 16.5000 3666.7353 0.1591 0.0463 -0.3897 3.0129 6.0000 30.4735 0.0012 
39.7484 16.5000 3666.7648 0.1578 0.0461 -0.3869 3.0138 6.0000 30.4649 0.0013 
39.7587 16.5000 3670.2959 0.1581 0.0463 -0.3884 3.0140 6.0000 30.0900 0.0013 
39.7532 16.5000 3668.3482 0.1577 0.0465 -0.3862 3.0142 6.0000 29.5614 0.0015 
39.7427 16.5000 3662.4561 0.1589 0.0458 -0.3890 3.0108 5.0000 29.8216 0.0013 
39.7464 16.5000 3665.4308 0.1561 0.0460 -0.3811 3.0117 6.0000 29.4776 0.0013 
39.7546 16.5000 3667.9327 0.1570 0.0461 -0.3860 3.0123 6.0000 29.5802 0.0012 
39.7579 16.5000 3670.2900 0.1567 0.0463 -0.3846 3.0129 6.0000 29.5013 0.0013 
39.7577 16.5000 3670.3263 0.1560 0.0461 -0.3820 3.0139 6.0000 29.7017 0.0013 
39.7548 16.5000 3668.6656 0.1563 0.0457 -0.3828 3.0123 6.0000 29.7251 0.0013 
39.7472 16.5000 3666.2945 0.1568 0.0464 -0.3839 3.0139 6.0000 29.0486 0.0014 
39.7546 16.5000 3667.8834 0.1559 0.0461 -0.3815 3.0106 6.0000 29.6905 0.0015 
39.7492 16.5000 3665.6483 0.1576 0.0461 -0.3863 3.0174 6.0000 29.8974 0.0013 
39.7462 16.5000 3665.8456 0.1583 0.0461 -0.3848 3.0138 6.0000 29.2641 0.0014 
39.7548 16.5000 3666.7201 0.1569 0.0461 -0.3859 3.0145 6.0000 29.7352 0.0011 
39.7517 16.5000 3667.6987 0.1570 0.0462 -0.3842 3.0129 6.0000 29.7218 0.0014 
39.7612 16.5000 3671.5906 0.1570 0.0463 -0.3851 3.0157 6.0000 29.5996 0.0015 
39.7495 16.5000 3665.3051 0.1585 0.0462 -0.3871 3.0136 6.0000 30.0030 0.0013 
39.7478 16.5000 3666.1399 0.1575 0.0461 -0.3842 3.0153 5.0000 32.9900 0.0016 
39.7532 16.5000 3668.4602 0.1591 0.0461 -0.3900 3.0123 6.0000 32.2824 0.0013 
39.7412 16.5000 3663.4329 0.1589 0.0459 -0.3882 3.0128 6.0000 32.3470 0.0015 
39.7540 16.5000 3668.5009 0.1575 0.0460 -0.3863 3.0118 6.0000 29.8805 0.0015 
39.7447 16.5000 3665.2323 0.1576 0.0464 -0.3841 3.0144 6.0000 29.3760 0.0014 
39.7464 16.5000 3664.8728 0.1578 0.0461 -0.3876 3.0147 6.0000 29.2836 0.0011 
39.7505 16.5000 3667.1279 0.1579 0.0464 -0.3841 3.0143 6.0000 29.3907 0.0012 
39.7625 16.5000 3672.0700 0.1570 0.0459 -0.3829 3.0126 6.0000 29.6268 0.0012 
39.7569 16.5000 3669.5548 0.1568 0.0458 -0.3855 3.0135 6.0000 29.1747 0.0012 
39.7569 16.5000 3669.8366 0.1563 0.0462 -0.3840 3.0128 6.0000 19.0091 0.0012 
