39.7558 4.0000 3670.7776 0.2546 0.0670 -0.5153 3.1348 6.0000 67.4499 0.0012 
39.7516 4.0000 3668.8197 0.2547 0.0671 -0.5146 3.1378 6.0000 68.6213 0.0013 
39.7597 4.0000 3671.7338 0.2541 0.0669 -0.5143 3.1372 6.0000 68.4925 0.0013 
39.7540 4.0000 3668.9822 0.2546 0.0669 -0.5172 3.1396 6.0000 61.6499 0.0011 
39.7537 4.0000 3669.7149 0.2529 0.0670 -0.5099 3.1371 6.0000 64.0125 0.0014 
39.7622 4.0000 3672.2442 0.2547 0.0674 -0.5116 3.1374 6.0000 64.1118 0.0014 
39.7520 4.0000 3669.3504 0.2550 0.0673 -0.5171 3.1387 6.0000 61.9053 0.0013 
39.7622 4.0000 3672.9078 0.2532 0.0673 -0.5128 3.1358 6.0000 63.6074 0.0014 
39.7549 4.0000 3670.0226 0.2540 0.0669 -0.5123 3.1386 6.0000 63.0171 0.0014 
39.7488 4.0000 3667.4290 0.2534 0.0666 -0.5145 3.1346 6.0000 61.6360 0.0012 
39.7569 4.0000 3670.6476 0.2528 0.0667 -0.5140 3.1364 6.0000 63.2723 0.0011 
39.7594 4.0000 3672.1010 0.2544 0.0670 -0.5159 3.1338 6.0000 64.8906 0.0010 
39.7601 4.0000 3671.7430 0.2528 0.0668 -0.5138 3.1369 6.0000 63.9589 0.0013 
39.7649 4.0000 3673.7373 0.2550 0.0669 -0.5168 3.1364 6.0000 63.1675 0.0012 
39.7551 4.0000 3669.1889 0.2536 0.0669 -0.5138 3.1359 6.0000 64.6767 0.0013 
39.7583 4.0000 3671.2305 0.2550 0.0673 -0.5156 3.1382 6.0000 63.9606 0.0013 
39.7523 4.0000 3670.4670 0.2545 0.0674 -0.5118 3.1331 6.0000 63.5741 0.0013 
39.7531 4.0000 3668.6385 0.2568 0.0673 -0.5173 3.1400 6.0000 63.1069 0.0016 
39.7559 4.0000 3669.5956 0.2525 0.0669 -0.5110 3.1386 6.0000 63.4585 0.0012 
39.7437 4.0000 3666.5253 0.2557 0.0673 -0.5145 3.1373 6.0000 62.6532 0.0012 
39.7587 4.0000 3671.4352 0.2541 0.0673 -0.5148 3.1366 6.0000 63.1362 0.0011 
39.7577 4.0000 3671.4933 0.2565 0.0677 -0.5125 3.1379 6.0000 63.6402 0.0012 
39.7612 4.0000 3672.1945 0.2539 0.0676 -0.5111 3.1408 6.0000 62.8137 0.0013 
39.7582 4.0000 3670.8803 0.2551 0.0670 -0.5144 3.1349 6.0000 63.1721 0.0011 
39.7541 4.0000 3670.4334 0.2535 0.0669 -0.5130 3.1360 6.0000 63.5106 0.0012 
39.7626 4.0000 3673.1892 0.2528 0.0675 -0.5120 3.1375 6.0000 63.2484 0.0011 
39.7583 4.0000 3671.6113 0.2543 0.0672 -0.5115 3.1369 6.0000 64.1530 0.0012 
39.7629 4.0000 3673.3363 0.2562 0.0673 -0.5183 3.1321 6.0000 63.4744 0.0010 
39.7565 4.0000 3671.2089 0.2547 0.0671 -0.5157 3.1365 6.0000 63.1630 0.0012 
39.7649 4.0000 3673.6251 0.2533 0.0669 -0.5140 3.1358 6.0000 64.2397 0.0013 
39.7566 4.0000 3670.1739 0.2527 0.0668 -0.5148 3.1381 6.0000 63.4283 0.0012 
39.7533 4.0000 3669.4477 0.2549 0.0667 -0.5155 3.1362 6.0000 63.3682 0.0013 
39.7594 4.0000 3671.2529 0.2554 0.0676 -0.5156 3.1391 6.0000 64.6181 0.0010 
39.7545 4.0000 3670.0975 0.2542 0.0675 -0.5135 3.1380 6.0000 63.3658 0.0013 
39.7654 4.0000 3673.6196 0.2527 0.0670 -0.5124 3.1383 6.0000 63.7464 0.0011 
39.7555 4.0000 3670.2252 0.2549 0.0672 -0.5168 3.1386 6.0000 64.2593 0.0015 
39.7608 4.0000 3672.3127 0.2548 0.0666 -0.5157 3.1363 6.0000 63.5420 0.0010 
39.7477 4.0000 3666.9491 0.2553 0.0675 -0.5161 3.1394 6.0000 63.2625 0.0013 
39.7645 4.0000 3673.3985 0.2541 0.0666 -0.5155 3.1368 6.0000 64.1514 0.0011 
39.7533 4.0000 3669.2295 0.2542 0.0670 -0.5138 3.1395 6.0000 63.8046 0.0013 
39.7626 4.0000 3672.2161 0.2530 0.0667 -0.5144 3.1384 6.0000 63.5901 0.0011 
39.7531 4.0000 3669.8948 0.2536 0.0673 -0.5117 3.1356 6.0000 64.0344 0.0014 
39.7624 4.0000 3672.9461 0.2560 0.0672 -0.5151 3.1396 6.0000 63.9227 0.0010 
39.7486 4.0000 3667.5137 0.2534 0.0675 -0.5130 3.1402 6.0000 62.8434 0.0015 
39.7653 4.0000 3673.0670 0.2542 0.0665 -0.5149 3.1381 6.0000 63.1708 0.0015 
39.7451 4.0000 3665.9227 0.2547 0.0674 -0.5150 3.1377 6.0000 63.6363 0.0015 
39.7443 4.0000 3666.3621 0.2566 0.0680 -0.5125 3.1362 6.0000 62.6610 0.0011 
39.7481 4.0000 3667.3277 0.2522 0.0673 -0.5113 3.1400 6.0000 63.0608 0.0013 
39.7617 4.0000 3671.5141 0.2531 0.0667 -0.5129 3.1365 6.0000 63.5148 0.0014 
39.7551 4.0000 3670.2144 0.2551 0.0673 -0.5134 3.1355 6.0000 62.5070 0.0014 
39.7517 4.0000 3667.8015 0.2536 0.0670 -0.5163 3.1344 6.0000 62.8980 0.0014 
39.7596 4.0000 3672.1768 0.2544 0.0661 -0.5170 3.1342 6.0000 63.6840 0.0015 
39.7492 4.0000 3667.6007 0.2546 0.0666 -0.5166 3.1382 6.0000 63.8863 0.0015 
39.7457 4.0000 3666.8575 0.2545 0.0665 -0.5179 3.1370 6.0000 64.8618 0.0012 
39.7465 4.0000 3667.4641 0.2547 0.0669 -0.5148 3.1361 6.0000 64.5803 0.0011 
39.7576 4.0000 3670.6527 0.2543 0.0671 -0.5145 3.1372 6.0000 64.5921 0.0011 
39.7635 4.0000 3673.5233 0.2536 0.0676 -0.5116 3.1369 6.0000 63.2793 0.0013 
39.7484 4.0000 3666.3182 0.2515 0.0665 -0.5131 3.1352 6.0000 63.4003 0.0011 
39.7541 4.0000 3669.1383 0.2556 0.0673 -0.5147 3.1373 6.0000 63.7184 0.0011 
39.7601 4.0000 3671.3675 0.2529 0.0663 -0.5142 3.1345 6.0000 64.2715 0.0012 
39.7633 4.0000 3672.7695 0.2537 0.0668 -0.5152 3.1385 6.0000 63.4763 0.0013 
39.7594 4.0000 3671.9294 0.2543 0.0664 -0.5143 3.1378 6.0000 63.4016 0.0013 
39.7535 4.0000 3669.4984 0.2553 0.0677 -0.5149 3.1395 6.0000 63.6874 0.0015 
39.7556 4.0000 3670.0120 0.2531 0.0672 -0.5117 3.1375 6.0000 63.0323 0.0013 
39.7474 4.0000 3667.0455 0.2528 0.0664 -0.5132 3.1377 6.0000 63.5893 0.0015 
39.7547 4.0000 3670.0370 0.2542 0.0673 -0.5138 3.1354 6.0000 63.6662 0.0012 
39.7477 4.0000 3667.1495 0.2543 0.0668 -0.5150 3.1371 6.0000 63.7293 0.0014 
39.7573 4.0000 3670.8896 0.2546 0.0676 -0.5128 3.1399 6.0000 63.2733 0.0013 
39.7499 4.0000 3667.7224 0.2541 0.0671 -0.5122 3.1365 6.0000 63.4197 0.0014 
39.7523 4.0000 3669.2270 0.2545 0.0671 -0.5151 3.1356 6.0000 63.4889 0.0013 
39.7513 4.0000 3668.8504 0.2554 0.0671 -0.5193 3.1387 6.0000 63.8429 0.0013 
39.7534 4.0000 3669.3277 0.2530 0.0672 -0.5131 3.1381 6.0000 62.8983 0.0012 
39.7521 4.0000 3668.9227 0.2550 0.0677 -0.5130 3.1383 6.0000 64.1071 0.0014 
39.7598 4.0000 3672.2558 0.2529 0.0670 -0.5117 3.1355 6.0000 63.4867 0.0014 
39.7516 4.0000 3669.3968 0.2545 0.0676 -0.5134 3.1358 6.0000 63.4300 0.0012 
39.7449 4.0000 3666.3000 0.2523 0.0669 -0.5135 3.1379 6.0000 62.7615 0.0016 
39.7582 4.0000 3670.8041 0.2554 0.0675 -0.5152 3.1377 6.0000 63.5733 0.0013 
39.7432 4.0000 3665.6185 0.2539 0.0676 -0.5161 3.1406 6.0000 63.5287 0.0013 
39.7531 4.0000 3669.1297 0.2560 0.0669 -0.5162 3.1361 6.0000 63.8562 0.0010 
39.7524 4.0000 3669.0930 0.2546 0.0677 -0.5143 3.1418 6.0000 63.2801 0.0012 
39.7661 4.0000 3674.0055 0.2538 0.0677 -0.5126 3.1385 6.0000 63.0500 0.0012 
39.7566 4.0000 3671.3572 0.2545 0.0677 -0.5123 3.1376 6.0000 63.7966 0.0013 
39.7579 4.0000 3671.2580 0.2551 0.0676 -0.5170 3.1373 6.0000 62.9786 0.0013 
39.7542 4.0000 3669.7257 0.2545 0.0664 -0.5161 3.1371 6.0000 63.4594 0.0013 
39.7429 4.0000 3665.1758 0.2554 0.0663 -0.5186 3.1377 6.0000 64.4214 0.0012 
39.7531 4.0000 3669.0752 0.2535 0.0670 -0.5145 3.1372 6.0000 63.5870 0.0012 
39.7576 4.0000 3670.7069 0.2549 0.0668 -0.5170 3.1368 6.0000 64.2230 0.0013 
39.7579 4.0000 3670.9539 0.2540 0.0672 -0.5146 3.1347 6.0000 63.2382 0.0012 
39.7559 4.0000 3670.3445 0.2545 0.0667 -0.5145 3.1383 6.0000 63.4363 0.0013 
39.7587 4.0000 3670.8788 0.2533 0.0664 -0.5146 3.1365 6.0000 63.8385 0.0014 
39.7561 4.0000 3669.9542 0.2542 0.0673 -0.5150 3.1374 6.0000 63.3408 0.0013 
39.7502 4.0000 3669.0108 0.2529 0.0673 -0.5130 3.1400 6.0000 63.7699 0.0013 
39.7528 4.0000 3667.9979 0.2523 0.0671 -0.5110 3.1359 6.0000 63.6089 0.0013 
39.7528 4.0000 3669.2400 0.2543 0.0671 -0.5158 3.1377 6.0000 70.3332 0.0015 
39.7526 4.0000 3668.8680 0.2551 0.0672 -0.5177 3.1330 6.0000 70.1181 0.0013 
39.7443 4.0000 3666.2811 0.2542 0.0673 -0.5142 3.1369 6.0000 70.2336 0.0014 
39.7528 4.0000 3668.9987 0.2552 0.0676 -0.5137 3.1370 6.0000 63.6785 0.0011 
39.7510 4.0000 3668.4302 0.2533 0.0665 -0.5137 3.1394 6.0000 64.0827 0.0009 
39.7607 4.0000 3672.1056 0.2536 0.0663 -0.5144 3.1324 6.0000 63.0398 0.0009 
39.7695 4.0000 3675.7478 0.2546 0.0670 -0.5146 3.1378 6.0000 42.1877 0.0009 
