39.3903 4.0000 3526.1652 0.2417 0.1013 -0.4610 2.7426 5.0000 1.6611 0.0105 
39.4306 4.0000 3542.3373 0.2412 0.1010 -0.4598 2.7390 5.0000 1.7073 0.0105 
39.3525 4.0000 3504.9823 0.2409 0.1005 -0.4562 2.7457 5.0000 1.6708 0.0105 
39.3827 4.0000 3522.1658 0.2448 0.1017 -0.4652 2.7399 5.0000 1.5539 0.0119 
39.3417 4.0000 3503.5921 0.2439 0.1013 -0.4646 2.7365 5.0000 1.5416 0.0119 
39.3361 4.0000 3513.3745 0.2433 0.1021 -0.4614 2.7456 5.0000 1.5470 0.0119 
39.2793 4.0000 3486.6217 0.2414 0.1008 -0.4607 2.7445 5.0000 1.6071 0.0112 
39.3985 4.0000 3535.2749 0.2432 0.1009 -0.4613 2.7403 5.0000 1.6315 0.0112 
39.3663 4.0000 3512.0158 0.2442 0.1016 -0.4657 2.7397 5.0000 1.6027 0.0112 
39.3058 4.0000 3494.3903 0.2412 0.1009 -0.4616 2.7474 5.0000 1.7334 0.0111 
39.2926 4.0000 3479.9716 0.2431 0.1010 -0.4666 2.7414 5.0000 1.7390 0.0111 
39.3701 4.0000 3511.8638 0.2433 0.1005 -0.4674 2.7438 5.0000 1.7197 0.0111 
39.3575 4.0000 3511.0807 0.2394 0.1011 -0.4566 2.7414 5.0000 1.5698 0.0133 
39.2692 4.0000 3482.0914 0.2427 0.1012 -0.4599 2.7458 5.0000 1.5672 0.0133 
39.2844 4.0000 3488.5883 0.2468 0.1018 -0.4697 2.7444 5.0000 1.5701 0.0133 
39.3260 4.0000 3505.4281 0.2432 0.0998 -0.4660 2.7419 5.0000 1.6674 0.0114 
39.3575 4.0000 3508.8405 0.2401 0.1011 -0.4627 2.7408 5.0000 1.6153 0.0114 
39.3575 4.0000 3507.0492 0.2461 0.1019 -0.4667 2.7445 5.0000 1.6161 0.0114 
39.3241 4.0000 3507.0851 0.2410 0.1015 -0.4588 2.7387 5.0000 1.6604 0.0112 
39.3487 4.0000 3504.7535 0.2427 0.1010 -0.4651 2.7453 5.0000 1.6675 0.0112 
39.3663 4.0000 3523.2238 0.2418 0.1010 -0.4590 2.7417 5.0000 1.6776 0.0112 
39.3493 4.0000 3506.0164 0.2423 0.1005 -0.4641 2.7391 5.0000 1.5652 0.0116 
39.4105 4.0000 3538.6173 0.2437 0.1013 -0.4639 2.7399 5.0000 1.5870 0.0116 
39.3487 4.0000 3511.1185 0.2456 0.1013 -0.4693 2.7453 5.0000 1.5835 0.0126 
39.3096 4.0000 3485.9905 0.2410 0.1010 -0.4622 2.7449 5.0000 1.5667 0.0106 
39.3424 4.0000 3500.2919 0.2410 0.1015 -0.4545 2.7421 5.0000 1.7075 0.0110 
39.3865 4.0000 3516.9281 0.2393 0.1003 -0.4564 2.7403 5.0000 1.6009 0.0114 
39.3562 4.0000 3516.9515 0.2434 0.1010 -0.4635 2.7394 5.0000 1.7760 0.0106 
39.3714 4.0000 3520.4483 0.2418 0.1022 -0.4615 2.7418 5.0000 1.7572 0.0118 
39.3871 4.0000 3527.3455 0.2432 0.1016 -0.4576 2.7390 5.0000 1.7565 0.0113 
39.3417 4.0000 3516.6299 0.2419 0.1010 -0.4636 2.7416 5.0000 1.5490 0.0112 
39.3600 4.0000 3516.5990 0.2409 0.1012 -0.4589 2.7411 5.0000 1.5488 0.0107 
39.3638 4.0000 3518.4142 0.2436 0.1013 -0.4653 2.7431 5.0000 1.5522 0.0127 
39.3840 4.0000 3523.6910 0.2458 0.1019 -0.4678 2.7423 5.0000 1.5321 0.0120 
39.3052 4.0000 3491.4950 0.2415 0.1012 -0.4620 2.7462 5.0000 1.5443 0.0117 
39.3323 4.0000 3503.8569 0.2424 0.1018 -0.4658 2.7450 5.0000 1.5663 0.0098 
39.3468 4.0000 3515.5101 0.2424 0.1015 -0.4601 2.7500 5.0000 1.6149 0.0116 
39.4180 4.0000 3539.7837 0.2428 0.1014 -0.4602 2.7392 5.0000 1.6815 0.0126 
39.3493 4.0000 3509.7699 0.2406 0.0998 -0.4608 2.7421 5.0000 1.6962 0.0116 
39.3108 4.0000 3496.5000 0.2441 0.1028 -0.4652 2.7454 5.0000 1.5732 0.0110 
39.3480 4.0000 3510.5694 0.2420 0.1008 -0.4575 2.7415 5.0000 1.5448 0.0125 
39.3745 4.0000 3528.3020 0.2424 0.1020 -0.4592 2.7460 5.0000 1.5471 0.0114 
39.3140 4.0000 3496.5895 0.2405 0.1003 -0.4585 2.7457 5.0000 1.5407 0.0119 
39.3588 4.0000 3518.3228 0.2433 0.1008 -0.4627 2.7431 5.0000 1.5570 0.0127 
39.3367 4.0000 3510.9704 0.2410 0.1013 -0.4539 2.7406 5.0000 1.5494 0.0110 
39.3083 4.0000 3495.9918 0.2408 0.1005 -0.4608 2.7446 5.0000 1.6134 0.0107 
39.3745 4.0000 3516.2793 0.2413 0.0998 -0.4665 2.7347 5.0000 1.5959 0.0094 
39.3834 4.0000 3523.7270 0.2440 0.1014 -0.4613 2.7416 5.0000 1.5941 0.0116 
39.4344 4.0000 3547.0725 0.2415 0.1000 -0.4630 2.7406 5.0000 1.7306 0.0110 
39.3493 4.0000 3502.4521 0.2415 0.1014 -0.4590 2.7463 5.0000 1.7376 0.0112 
39.3739 4.0000 3517.7774 0.2403 0.1016 -0.4604 2.7436 5.0000 1.7136 0.0112 
39.3663 4.0000 3505.3834 0.2422 0.1015 -0.4653 2.7434 5.0000 1.5595 0.0102 
39.3632 4.0000 3521.2598 0.2447 0.1009 -0.4667 2.7383 5.0000 1.5674 0.0105 
39.4029 4.0000 3536.4527 0.2435 0.1024 -0.4579 2.7424 5.0000 1.5614 0.0131 
39.3909 4.0000 3518.1003 0.2426 0.1009 -0.4658 2.7422 5.0000 1.6560 0.0100 
39.2900 4.0000 3484.2818 0.2424 0.1019 -0.4658 2.7428 5.0000 1.6084 0.0123 
39.4117 4.0000 3532.1324 0.2439 0.1007 -0.4634 2.7398 5.0000 1.6085 0.0109 
39.3216 4.0000 3494.4142 0.2399 0.0991 -0.4634 2.7407 5.0000 1.6721 0.0105 
39.3752 4.0000 3514.1078 0.2410 0.1004 -0.4604 2.7385 5.0000 1.6965 0.0097 
39.3928 4.0000 3523.9741 0.2403 0.1002 -0.4574 2.7398 5.0000 1.7126 0.0128 
39.4224 4.0000 3540.2377 0.2432 0.1013 -0.4650 2.7409 5.0000 1.5780 0.0115 
39.3033 4.0000 3496.1608 0.2400 0.1016 -0.4566 2.7470 5.0000 1.5745 0.0112 
39.3550 4.0000 3519.3796 0.2423 0.1008 -0.4562 2.7408 5.0000 1.5780 0.0103 
39.3644 4.0000 3514.3178 0.2406 0.1009 -0.4567 2.7351 5.0000 1.5814 0.0127 
39.4016 4.0000 3538.3871 0.2423 0.1007 -0.4594 2.7413 5.0000 1.6018 0.0112 
39.3058 4.0000 3495.5662 0.2405 0.1003 -0.4593 2.7383 5.0000 1.5809 0.0116 
39.3644 4.0000 3511.9710 0.2421 0.1002 -0.4638 2.7386 5.0000 1.7778 0.0103 
39.3512 4.0000 3498.3127 0.2410 0.0986 -0.4660 2.7415 5.0000 1.7609 0.0110 
39.4016 4.0000 3526.1759 0.2402 0.1005 -0.4584 2.7391 5.0000 1.7625 0.0126 
39.3726 4.0000 3520.0303 0.2424 0.1017 -0.4577 2.7397 5.0000 1.5696 0.0121 
39.3096 4.0000 3492.8726 0.2416 0.1000 -0.4611 2.7400 5.0000 1.5621 0.0113 
39.3304 4.0000 3494.9256 0.2409 0.1009 -0.4620 2.7440 5.0000 1.5502 0.0130 
39.3607 4.0000 3512.9666 0.2412 0.1008 -0.4625 2.7421 5.0000 1.5675 0.0111 
39.2957 4.0000 3497.5845 0.2422 0.0996 -0.4657 2.7451 5.0000 1.5618 0.0119 
39.3682 4.0000 3520.9451 0.2412 0.1014 -0.4577 2.7419 5.0000 1.5731 0.0110 
39.3373 4.0000 3498.5599 0.2414 0.1006 -0.4653 2.7403 5.0000 1.7103 0.0131 
39.3714 4.0000 3523.7440 0.2414 0.0998 -0.4626 2.7443 5.0000 1.6820 0.0113 
39.2894 4.0000 3500.6929 0.2406 0.1009 -0.4538 2.7416 5.0000 1.7098 0.0122 
39.3619 4.0000 3512.4313 0.2418 0.1013 -0.4587 2.7390 5.0000 1.5874 0.0110 
39.3266 4.0000 3492.2106 0.2415 0.1013 -0.4600 2.7406 5.0000 1.5793 0.0114 
39.3720 4.0000 3519.3108 0.2437 0.1021 -0.4604 2.7418 5.0000 1.5588 0.0092 
39.3562 4.0000 3508.3758 0.2426 0.1006 -0.4595 2.7450 5.0000 1.5836 0.0124 
39.4426 4.0000 3543.7390 0.2431 0.1029 -0.4605 2.7402 5.0000 1.5789 0.0111 
39.3172 4.0000 3490.8834 0.2428 0.1014 -0.4637 2.7465 5.0000 1.5708 0.0110 
39.3707 4.0000 3511.1494 0.2411 0.1009 -0.4614 2.7425 5.0000 1.6265 0.0115 
39.3745 4.0000 3519.3430 0.2428 0.1015 -0.4640 2.7409 5.0000 1.5936 0.0115 
39.3550 4.0000 3505.8909 0.2427 0.1011 -0.4608 2.7392 5.0000 1.6090 0.0100 
39.3846 4.0000 3524.9893 0.2410 0.0998 -0.4600 2.7366 5.0000 1.7430 0.0122 
39.4105 4.0000 3534.8228 0.2398 0.1011 -0.4566 2.7381 5.0000 1.7461 0.0122 
39.3266 4.0000 3504.5813 0.2413 0.0990 -0.4601 2.7410 5.0000 1.7237 0.0122 
39.3733 4.0000 3521.2863 0.2416 0.1008 -0.4638 2.7434 5.0000 1.5983 0.0122 
39.3279 4.0000 3505.3701 0.2429 0.1003 -0.4627 2.7412 5.0000 1.5818 0.0122 
39.3266 4.0000 3500.4527 0.2422 0.0997 -0.4660 2.7422 5.0000 1.5805 0.0114 
39.3556 4.0000 3513.6274 0.2417 0.0991 -0.4625 2.7375 5.0000 1.6369 0.0108 
39.3884 4.0000 3523.9615 0.2397 0.1021 -0.4579 2.7443 5.0000 1.6899 0.0111 
39.3802 4.0000 3517.8777 0.2430 0.1013 -0.4695 2.7414 5.0000 1.6014 0.0108 
39.3682 4.0000 3520.9401 0.2421 0.1008 -0.4572 2.7432 5.0000 1.6706 0.0126 
39.3859 4.0000 3522.0126 0.2400 0.0989 -0.4632 2.7395 5.0000 1.6513 0.0126 
39.3115 4.0000 3494.5681 0.2410 0.1004 -0.4618 2.7428 5.0000 1.6523 0.0126 
39.3701 4.0000 3512.9105 0.2423 0.1012 -0.4609 2.7416 5.0000 1.4954 0.0111 
