38.8794 16.5000 3368.5380 0.4896 0.2328 -0.6376 2.7735 5.0000 1.0085 0.0230 
38.8129 16.5000 3369.0979 0.4954 0.2296 -0.6416 2.7677 5.0000 0.9970 0.0256 
38.7734 16.5000 3322.3464 0.4896 0.2311 -0.6364 2.7677 5.0000 0.9751 0.0256 
38.9113 16.5000 3369.2182 0.4987 0.2327 -0.6604 2.7726 5.0000 0.8601 0.0269 
38.8264 16.5000 3349.3401 0.4995 0.2312 -0.6535 2.7739 5.0000 0.8663 0.0208 
38.7642 16.5000 3344.0546 0.4969 0.2284 -0.6466 2.7583 5.0000 0.8640 0.0208 
38.9962 16.5000 3424.5053 0.4971 0.2326 -0.6270 2.7729 5.0000 0.8577 0.0291 
38.9197 16.5000 3413.7873 0.4937 0.2256 -0.6496 2.7617 5.0000 0.8512 0.0291 
38.6801 16.5000 3295.1585 0.4900 0.2335 -0.6478 2.7865 5.0000 0.8573 0.0233 
38.8995 16.5000 3359.9966 0.4903 0.2288 -0.6485 2.7695 5.0000 0.8572 0.0231 
38.9197 16.5000 3418.3884 0.4997 0.2271 -0.6517 2.7635 5.0000 0.8535 0.0231 
38.9054 16.5000 3376.2034 0.4919 0.2287 -0.6407 2.7605 5.0000 0.8538 0.0243 
38.8625 16.5000 3389.1744 0.5006 0.2324 -0.6547 2.7665 5.0000 0.8575 0.0266 
38.9256 16.5000 3404.8180 0.4925 0.2249 -0.6391 2.7503 5.0000 0.8490 0.0266 
38.7734 16.5000 3311.5502 0.4939 0.2296 -0.6478 2.7667 5.0000 0.8577 0.0218 
38.9550 16.5000 3413.9227 0.5015 0.2307 -0.6523 2.7634 5.0000 0.8607 0.0236 
38.9668 16.5000 3397.7739 0.4962 0.2308 -0.6433 2.7730 5.0000 0.8656 0.0236 
38.8894 16.5000 3364.8096 0.5009 0.2302 -0.6598 2.7569 5.0000 0.8506 0.0209 
38.9903 16.5000 3414.8197 0.4936 0.2287 -0.6392 2.7631 5.0000 0.8632 0.0232 
38.8575 16.5000 3360.6852 0.4847 0.2266 -0.6283 2.7688 5.0000 0.8803 0.0255 
38.9021 16.5000 3363.6982 0.4935 0.2307 -0.6348 2.7693 5.0000 0.8636 0.0255 
38.8155 16.5000 3334.5305 0.4856 0.2255 -0.6490 2.7718 5.0000 0.8560 0.0205 
38.9222 16.5000 3401.9933 0.4913 0.2280 -0.6386 2.7628 5.0000 0.8652 0.0206 
39.0080 16.5000 3414.4304 0.4957 0.2253 -0.6564 2.7567 5.0000 0.8620 0.0206 
39.0038 16.5000 3417.1585 0.4974 0.2264 -0.6556 2.7494 5.0000 0.8579 0.0236 
38.9105 16.5000 3378.5582 0.4979 0.2315 -0.6492 2.7683 5.0000 0.8694 0.0234 
38.8878 16.5000 3342.3640 0.4907 0.2271 -0.6465 2.7578 5.0000 0.8582 0.0234 
38.8962 16.5000 3342.7978 0.4940 0.2273 -0.6554 2.7727 5.0000 0.8702 0.0232 
38.7928 16.5000 3326.8256 0.4914 0.2321 -0.6430 2.7672 5.0000 0.8626 0.0291 
38.9046 16.5000 3408.7877 0.5005 0.2336 -0.6327 2.7726 5.0000 0.8740 0.0291 
38.6793 16.5000 3276.6187 0.4927 0.2350 -0.6424 2.7965 5.0000 0.8636 0.0239 
38.8558 16.5000 3362.1639 0.4923 0.2306 -0.6450 2.7680 5.0000 0.8526 0.0239 
38.8760 16.5000 3373.9790 0.4971 0.2279 -0.6502 2.7570 5.0000 0.8619 0.0180 
38.9533 16.5000 3401.2661 0.5019 0.2298 -0.6515 2.7622 5.0000 0.8623 0.0233 
39.1030 16.5000 3431.0921 0.4960 0.2333 -0.6352 2.7610 5.0000 0.8545 0.0233 
38.8979 16.5000 3405.3770 0.4958 0.2248 -0.6308 2.7514 5.0000 0.8654 0.0302 
39.0963 16.5000 3478.2362 0.4949 0.2234 -0.6361 2.7548 5.0000 0.8664 0.0245 
38.6389 16.5000 3261.7873 0.4944 0.2373 -0.6573 2.7848 5.0000 0.8582 0.0245 
38.8533 16.5000 3411.6780 0.4992 0.2314 -0.6348 2.7679 5.0000 0.8562 0.0204 
38.9374 16.5000 3389.1627 0.4930 0.2310 -0.6364 2.7801 5.0000 0.8762 0.0221 
39.0097 16.5000 3409.8596 0.4971 0.2324 -0.6320 2.7663 5.0000 0.8600 0.0221 
38.9441 16.5000 3417.5477 0.4969 0.2305 -0.6354 2.7609 5.0000 0.8572 0.0226 
38.9264 16.5000 3405.7570 0.4906 0.2307 -0.6300 2.7749 5.0000 0.8527 0.0251 
38.8239 16.5000 3319.2854 0.4877 0.2278 -0.6540 2.7630 5.0000 0.8668 0.0224 
38.8306 16.5000 3337.5065 0.4907 0.2268 -0.6461 2.7691 5.0000 0.8546 0.0224 
38.9323 16.5000 3396.7945 0.4949 0.2329 -0.6410 2.7535 5.0000 0.8536 0.0219 
38.8668 16.5000 3348.7726 0.4860 0.2308 -0.6438 2.7740 5.0000 0.8682 0.0256 
38.9525 16.5000 3402.0471 0.4950 0.2283 -0.6412 2.7543 5.0000 0.8636 0.0256 
38.8104 16.5000 3338.3808 0.4928 0.2320 -0.6509 2.7674 5.0000 0.8536 0.0233 
38.9584 16.5000 3413.7167 0.4896 0.2268 -0.6349 2.7580 5.0000 0.8700 0.0222 
38.8995 16.5000 3353.7444 0.4913 0.2312 -0.6452 2.7786 5.0000 0.8649 0.0222 
38.9424 16.5000 3366.0488 0.4954 0.2325 -0.6375 2.7757 5.0000 0.8670 0.0293 
38.7406 16.5000 3331.2350 0.4967 0.2343 -0.6345 2.7786 5.0000 0.8788 0.0277 
38.6726 16.5000 3316.1463 0.4901 0.2336 -0.6322 2.7709 5.0000 0.8705 0.0277 
38.7339 16.5000 3300.3203 0.4947 0.2334 -0.6528 2.7758 5.0000 0.8606 0.0238 
38.7844 16.5000 3296.9391 0.4948 0.2368 -0.6499 2.7817 5.0000 0.8690 0.0221 
38.8794 16.5000 3391.6343 0.4938 0.2324 -0.6258 2.7744 5.0000 0.8624 0.0221 
38.9433 16.5000 3395.0870 0.4965 0.2331 -0.6344 2.7658 5.0000 0.8620 0.0278 
38.7289 16.5000 3291.9596 0.4910 0.2294 -0.6511 2.7771 5.0000 0.8693 0.0232 
38.8794 16.5000 3351.8613 0.4986 0.2331 -0.6589 2.7712 5.0000 0.8641 0.0232 
38.9046 16.5000 3392.7020 0.4890 0.2274 -0.6359 2.7537 5.0000 0.8602 0.0227 
38.9895 16.5000 3404.3455 0.4971 0.2325 -0.6403 2.7714 5.0000 0.8652 0.0253 
38.9214 16.5000 3381.9563 0.4946 0.2276 -0.6532 2.7688 5.0000 0.8639 0.0253 
38.8239 16.5000 3332.1009 0.4921 0.2258 -0.6540 2.7754 5.0000 0.8583 0.0251 
38.8441 16.5000 3351.4115 0.4910 0.2303 -0.6501 2.7750 5.0000 0.8806 0.0216 
38.8323 16.5000 3348.6574 0.4911 0.2313 -0.6339 2.7620 5.0000 0.8686 0.0216 
38.9660 16.5000 3389.3401 0.5008 0.2342 -0.6534 2.7746 5.0000 0.8570 0.0265 
38.7507 16.5000 3332.0723 0.4927 0.2281 -0.6429 2.7716 5.0000 0.8580 0.0224 
38.7768 16.5000 3329.4594 0.4989 0.2362 -0.6589 2.7828 5.0000 0.8586 0.0224 
38.9348 16.5000 3358.7608 0.4859 0.2279 -0.6369 2.7697 5.0000 0.8538 0.0214 
38.7978 16.5000 3337.4351 0.4886 0.2244 -0.6511 2.7614 5.0000 0.8516 0.0210 
38.9702 16.5000 3421.4283 0.4999 0.2294 -0.6538 2.7644 5.0000 0.8634 0.0210 
38.9861 16.5000 3403.6814 0.4996 0.2282 -0.6546 2.7674 5.0000 0.8537 0.0210 
38.9828 16.5000 3413.0189 0.4916 0.2252 -0.6304 2.7496 5.0000 0.8555 0.0248 
38.9853 16.5000 3435.2064 0.4928 0.2267 -0.6347 2.7517 5.0000 0.8609 0.0254 
38.8424 16.5000 3355.5460 0.4855 0.2262 -0.6460 2.7603 5.0000 0.8646 0.0256 
38.8214 16.5000 3333.5771 0.4905 0.2272 -0.6521 2.7755 5.0000 0.8639 0.0234 
38.8121 16.5000 3357.6713 0.4891 0.2322 -0.6364 2.7714 5.0000 0.8734 0.0235 
38.8953 16.5000 3353.7226 0.4852 0.2308 -0.6271 2.7606 5.0000 0.8608 0.0259 
38.8920 16.5000 3389.8663 0.5031 0.2307 -0.6520 2.7731 5.0000 0.8579 0.0229 
38.8003 16.5000 3362.5481 0.4881 0.2302 -0.6434 2.7721 5.0000 0.8595 0.0268 
38.9155 16.5000 3404.9601 0.4998 0.2307 -0.6450 2.7585 5.0000 0.8565 0.0249 
38.7667 16.5000 3332.7491 0.4975 0.2297 -0.6552 2.7706 5.0000 0.8539 0.0212 
38.8382 16.5000 3343.0719 0.4892 0.2287 -0.6483 2.7705 5.0000 0.8707 0.0256 
38.9811 16.5000 3427.6856 0.4941 0.2262 -0.6388 2.7518 5.0000 0.8501 0.0243 
38.8129 16.5000 3354.7600 0.4882 0.2293 -0.6345 2.7727 5.0000 0.8504 0.0227 
38.8617 16.5000 3360.3035 0.4891 0.2323 -0.6436 2.7722 5.0000 0.8591 0.0240 
38.9231 16.5000 3425.9092 0.4947 0.2229 -0.6403 2.7492 5.0000 0.8549 0.0241 
38.8718 16.5000 3373.5679 0.4923 0.2346 -0.6370 2.7639 5.0000 0.8521 0.0246 
38.8701 16.5000 3341.2350 0.5022 0.2396 -0.6440 2.7848 5.0000 0.8581 0.0262 
38.8508 16.5000 3369.9395 0.4980 0.2294 -0.6473 2.7654 5.0000 0.8564 0.0197 
38.7911 16.5000 3343.6889 0.4928 0.2337 -0.6387 2.7732 5.0000 0.8510 0.0285 
39.0357 16.5000 3427.2787 0.4897 0.2263 -0.6399 2.7647 5.0000 0.8591 0.0255 
38.7028 16.5000 3282.2648 0.4907 0.2338 -0.6459 2.7757 5.0000 0.8567 0.0224 
38.8146 16.5000 3355.5376 0.4936 0.2261 -0.6444 2.7607 5.0000 0.8540 0.0257 
38.9340 16.5000 3404.3144 0.4984 0.2291 -0.6462 2.7477 5.0000 0.8572 0.0240 
38.8096 16.5000 3333.6402 0.4933 0.2282 -0.6471 2.7712 5.0000 0.8612 0.0250 
38.8718 16.5000 3399.2316 0.4931 0.2253 -0.6455 2.7524 5.0000 0.8544 0.0216 
38.8348 16.5000 3354.8466 0.5007 0.2310 -0.6639 2.7732 5.0000 0.8547 0.0216 
38.9634 16.5000 3425.9193 0.4987 0.2286 -0.6364 2.7563 5.0000 0.8544 0.0216 
