39.6551 4.0000 3634.9054 0.2730 0.0880 -0.5270 2.9413 5.0000 8.1342 0.0054 
39.5927 4.0000 3612.8692 0.2712 0.0870 -0.5262 2.9420 5.0000 8.1910 0.0054 
39.6189 4.0000 3621.6951 0.2727 0.0888 -0.5267 2.9402 5.0000 8.1139 0.0054 
39.6062 4.0000 3622.4158 0.2706 0.0875 -0.5227 2.9413 5.0000 8.0332 0.0049 
39.6412 4.0000 3630.5284 0.2699 0.0860 -0.5253 2.9411 5.0000 8.0154 0.0049 
39.6103 4.0000 3617.4871 0.2743 0.0881 -0.5348 2.9448 5.0000 7.9956 0.0049 
39.6122 4.0000 3620.2008 0.2725 0.0878 -0.5288 2.9403 5.0000 8.1545 0.0048 
39.6220 4.0000 3623.9102 0.2721 0.0874 -0.5278 2.9382 5.0000 7.9921 0.0045 
39.6261 4.0000 3625.8786 0.2729 0.0873 -0.5250 2.9460 5.0000 8.2426 0.0048 
39.6166 4.0000 3618.7881 0.2728 0.0879 -0.5298 2.9391 5.0000 8.6185 0.0051 
39.6157 4.0000 3621.7194 0.2688 0.0869 -0.5227 2.9422 6.0000 8.6878 0.0049 
39.6056 4.0000 3617.4278 0.2694 0.0853 -0.5245 2.9425 5.0000 8.6324 0.0049 
39.6110 4.0000 3619.1791 0.2704 0.0866 -0.5245 2.9420 5.0000 8.2801 0.0045 
39.5902 4.0000 3612.1762 0.2742 0.0886 -0.5289 2.9469 6.0000 8.2111 0.0059 
39.6258 4.0000 3625.8837 0.2741 0.0878 -0.5243 2.9391 5.0000 8.1684 0.0059 
39.5706 4.0000 3604.9083 0.2716 0.0880 -0.5282 2.9429 5.0000 8.5596 0.0045 
39.6516 4.0000 3635.7030 0.2727 0.0877 -0.5233 2.9386 5.0000 8.8694 0.0052 
39.6267 4.0000 3626.8014 0.2724 0.0877 -0.5295 2.9400 5.0000 8.6854 0.0056 
39.5854 4.0000 3610.5013 0.2735 0.0877 -0.5258 2.9411 5.0000 8.2517 0.0046 
39.5996 4.0000 3610.7109 0.2691 0.0863 -0.5244 2.9467 5.0000 8.2319 0.0057 
39.6220 4.0000 3615.3247 0.2723 0.0869 -0.5328 2.9385 5.0000 8.2298 0.0050 
39.5817 4.0000 3609.5580 0.2719 0.0886 -0.5275 2.9471 5.0000 8.3897 0.0054 
39.6069 4.0000 3619.1103 0.2725 0.0876 -0.5256 2.9431 5.0000 8.3879 0.0049 
39.5911 4.0000 3616.9158 0.2722 0.0874 -0.5245 2.9415 5.0000 8.5411 0.0049 
39.6135 4.0000 3615.6466 0.2727 0.0858 -0.5285 2.9362 5.0000 8.0994 0.0048 
39.6110 4.0000 3619.9827 0.2731 0.0882 -0.5285 2.9458 6.0000 8.1035 0.0042 
39.6173 4.0000 3621.0473 0.2729 0.0882 -0.5272 2.9418 5.0000 8.2867 0.0052 
39.6397 4.0000 3628.1170 0.2724 0.0877 -0.5264 2.9417 5.0000 8.6003 0.0048 
39.5987 4.0000 3616.4083 0.2705 0.0862 -0.5261 2.9434 5.0000 8.6635 0.0043 
39.6160 4.0000 3622.0142 0.2725 0.0869 -0.5288 2.9420 6.0000 8.6329 0.0041 
39.6359 4.0000 3628.8887 0.2727 0.0891 -0.5255 2.9424 5.0000 8.3728 0.0053 
39.6422 4.0000 3633.3228 0.2707 0.0858 -0.5238 2.9405 5.0000 8.3168 0.0043 
39.5977 4.0000 3615.1671 0.2722 0.0866 -0.5263 2.9401 5.0000 8.5577 0.0055 
39.6368 4.0000 3629.1239 0.2732 0.0883 -0.5277 2.9429 5.0000 8.1358 0.0060 
39.5889 4.0000 3607.5180 0.2722 0.0867 -0.5280 2.9436 5.0000 8.0293 0.0054 
39.5668 4.0000 3602.2872 0.2721 0.0875 -0.5315 2.9442 6.0000 8.2328 0.0044 
39.5914 4.0000 3609.1532 0.2703 0.0862 -0.5308 2.9399 5.0000 8.2874 0.0047 
39.6321 4.0000 3628.5460 0.2710 0.0860 -0.5267 2.9380 5.0000 8.2796 0.0052 
39.6179 4.0000 3622.6438 0.2728 0.0878 -0.5263 2.9374 5.0000 8.5118 0.0046 
39.6015 4.0000 3617.9076 0.2725 0.0869 -0.5286 2.9411 5.0000 8.1450 0.0046 
39.6233 4.0000 3627.3200 0.2714 0.0882 -0.5233 2.9383 5.0000 8.4638 0.0044 
39.6252 4.0000 3622.2194 0.2723 0.0878 -0.5237 2.9419 6.0000 8.4746 0.0044 
39.6321 4.0000 3627.3194 0.2722 0.0869 -0.5284 2.9445 5.0000 8.1247 0.0057 
39.6327 4.0000 3627.4789 0.2716 0.0870 -0.5260 2.9412 5.0000 8.4050 0.0043 
39.5791 4.0000 3602.9114 0.2712 0.0863 -0.5328 2.9415 5.0000 8.5020 0.0049 
39.6352 4.0000 3630.1951 0.2716 0.0873 -0.5282 2.9368 5.0000 8.2033 0.0048 
39.6110 4.0000 3620.2809 0.2727 0.0875 -0.5285 2.9408 5.0000 8.3257 0.0052 
39.6141 4.0000 3618.6103 0.2748 0.0901 -0.5271 2.9472 5.0000 8.3769 0.0052 
39.6018 4.0000 3618.0467 0.2712 0.0874 -0.5253 2.9379 5.0000 8.2780 0.0058 
39.6006 4.0000 3616.4672 0.2709 0.0871 -0.5239 2.9392 5.0000 8.5160 0.0051 
39.5760 4.0000 3605.6974 0.2710 0.0876 -0.5271 2.9423 5.0000 8.4559 0.0041 
39.6028 4.0000 3617.8389 0.2691 0.0881 -0.5207 2.9427 5.0000 8.4122 0.0053 
39.6438 4.0000 3631.0303 0.2697 0.0880 -0.5253 2.9423 5.0000 8.5986 0.0053 
39.5977 4.0000 3615.0334 0.2720 0.0879 -0.5304 2.9423 5.0000 8.6130 0.0049 
39.5965 4.0000 3615.2491 0.2713 0.0870 -0.5246 2.9404 6.0000 8.7355 0.0053 
39.6129 4.0000 3622.9461 0.2723 0.0874 -0.5245 2.9403 5.0000 8.9183 0.0042 
39.5977 4.0000 3610.3055 0.2725 0.0876 -0.5274 2.9456 5.0000 8.6525 0.0054 
39.6390 4.0000 3631.8096 0.2713 0.0857 -0.5268 2.9397 5.0000 8.2933 0.0051 
39.5914 4.0000 3610.3263 0.2700 0.0870 -0.5250 2.9408 5.0000 8.3408 0.0058 
39.6028 4.0000 3619.9716 0.2734 0.0876 -0.5284 2.9379 5.0000 8.4563 0.0043 
39.5760 4.0000 3604.4559 0.2712 0.0865 -0.5273 2.9392 5.0000 8.6242 0.0043 
39.6362 4.0000 3629.3849 0.2716 0.0876 -0.5262 2.9414 5.0000 9.0188 0.0058 
39.6368 4.0000 3631.9905 0.2704 0.0859 -0.5257 2.9365 5.0000 8.8166 0.0043 
39.5747 4.0000 3602.7021 0.2713 0.0879 -0.5258 2.9423 5.0000 8.5840 0.0049 
39.6359 4.0000 3628.8099 0.2707 0.0878 -0.5238 2.9418 5.0000 8.5378 0.0043 
39.6113 4.0000 3621.8017 0.2705 0.0857 -0.5230 2.9378 5.0000 8.3833 0.0048 
39.6371 4.0000 3627.9515 0.2693 0.0878 -0.5197 2.9452 5.0000 8.1835 0.0051 
39.6160 4.0000 3619.0451 0.2729 0.0869 -0.5254 2.9420 6.0000 8.4520 0.0050 
39.6047 4.0000 3620.9202 0.2713 0.0874 -0.5235 2.9404 5.0000 8.5252 0.0055 
39.6078 4.0000 3614.9492 0.2732 0.0884 -0.5280 2.9419 5.0000 8.4075 0.0046 
39.5889 4.0000 3613.0927 0.2715 0.0861 -0.5240 2.9398 5.0000 8.3922 0.0048 
39.6226 4.0000 3627.9089 0.2715 0.0877 -0.5262 2.9426 6.0000 8.2778 0.0051 
39.6163 4.0000 3618.8364 0.2710 0.0871 -0.5258 2.9427 6.0000 8.4100 0.0059 
39.6025 4.0000 3615.7399 0.2705 0.0875 -0.5281 2.9441 5.0000 8.6415 0.0040 
39.5719 4.0000 3603.8348 0.2707 0.0876 -0.5242 2.9451 6.0000 8.3888 0.0048 
39.6469 4.0000 3632.5659 0.2706 0.0868 -0.5234 2.9379 5.0000 8.3186 0.0048 
39.6163 4.0000 3619.3922 0.2733 0.0871 -0.5267 2.9371 5.0000 8.6639 0.0043 
39.6144 4.0000 3618.6728 0.2709 0.0853 -0.5295 2.9380 5.0000 8.4145 0.0044 
39.6352 4.0000 3629.7869 0.2721 0.0876 -0.5266 2.9413 5.0000 8.4297 0.0054 
39.6330 4.0000 3628.4596 0.2691 0.0868 -0.5220 2.9433 6.0000 8.6156 0.0038 
39.5908 4.0000 3611.4719 0.2713 0.0865 -0.5271 2.9423 5.0000 8.5385 0.0038 
39.6542 4.0000 3634.4221 0.2719 0.0861 -0.5252 2.9407 5.0000 8.7172 0.0048 
39.6217 4.0000 3622.2733 0.2726 0.0872 -0.5265 2.9364 5.0000 8.9908 0.0054 
39.6173 4.0000 3624.8569 0.2721 0.0872 -0.5290 2.9390 5.0000 9.0703 0.0042 
39.5917 4.0000 3612.9660 0.2731 0.0878 -0.5275 2.9390 5.0000 8.4299 0.0055 
39.6387 4.0000 3631.1245 0.2708 0.0863 -0.5250 2.9397 5.0000 8.4209 0.0048 
39.5892 4.0000 3613.7046 0.2728 0.0875 -0.5285 2.9382 5.0000 8.4223 0.0048 
39.6148 4.0000 3619.6851 0.2722 0.0872 -0.5277 2.9397 5.0000 8.1400 0.0053 
39.6151 4.0000 3618.0753 0.2722 0.0861 -0.5292 2.9391 5.0000 8.4250 0.0050 
39.5968 4.0000 3619.0366 0.2716 0.0875 -0.5216 2.9410 5.0000 8.2758 0.0050 
39.6084 4.0000 3619.9934 0.2719 0.0868 -0.5268 2.9428 5.0000 8.5176 0.0056 
39.6690 4.0000 3639.5706 0.2692 0.0857 -0.5270 2.9425 5.0000 8.8136 0.0042 
39.5851 4.0000 3608.6072 0.2742 0.0880 -0.5299 2.9412 5.0000 8.8703 0.0042 
39.6375 4.0000 3629.5363 0.2738 0.0873 -0.5249 2.9391 5.0000 8.4036 0.0057 
39.6214 4.0000 3624.3689 0.2715 0.0868 -0.5268 2.9423 5.0000 8.5233 0.0045 
39.5791 4.0000 3609.1819 0.2735 0.0879 -0.5290 2.9425 5.0000 8.4481 0.0045 
39.6267 4.0000 3624.6466 0.2719 0.0861 -0.5288 2.9399 5.0000 8.5183 0.0053 
39.5914 4.0000 3611.1148 0.2696 0.0866 -0.5274 2.9406 6.0000 8.9135 0.0049 
39.5955 4.0000 3612.1598 0.2719 0.0877 -0.5255 2.9434 5.0000 9.0269 0.0049 
39.6113 4.0000 3619.7443 0.2720 0.0870 -0.5276 2.9373 5.0000 7.6328 0.0049 
