39.1929 4.0000 3484.7762 0.4557 0.1924 -0.6360 2.8250 5.0000 1.7188 0.0179 
39.2112 4.0000 3461.9950 0.4663 0.1966 -0.6490 2.8297 5.0000 1.7080 0.0179 
39.1608 4.0000 3463.8789 0.4526 0.1922 -0.6386 2.8280 5.0000 1.6508 0.0165 
39.1053 4.0000 3437.2982 0.4582 0.1979 -0.6445 2.8385 5.0000 1.5669 0.0161 
39.2320 4.0000 3490.2018 0.4550 0.1947 -0.6358 2.8318 5.0000 1.5937 0.0177 
39.1734 4.0000 3478.8197 0.4528 0.1943 -0.6328 2.8291 5.0000 1.5809 0.0177 
39.1135 4.0000 3417.4483 0.4525 0.1911 -0.6468 2.8336 5.0000 1.5110 0.0168 
38.9704 4.0000 3376.0454 0.4557 0.2003 -0.6490 2.8474 5.0000 1.5312 0.0177 
39.1482 4.0000 3460.1431 0.4511 0.1919 -0.6419 2.8266 5.0000 1.5144 0.0177 
39.1148 4.0000 3436.9817 0.4535 0.1968 -0.6376 2.8414 5.0000 1.5397 0.0164 
39.1576 4.0000 3487.3499 0.4563 0.1940 -0.6378 2.8248 5.0000 1.5652 0.0167 
39.1620 4.0000 3466.5719 0.4537 0.1947 -0.6392 2.8297 5.0000 1.5520 0.0167 
39.1513 4.0000 3436.6135 0.4557 0.1991 -0.6430 2.8443 5.0000 1.7120 0.0186 
39.0990 4.0000 3429.4931 0.4585 0.1989 -0.6498 2.8376 5.0000 1.7317 0.0156 
39.0801 4.0000 3410.5719 0.4562 0.1950 -0.6451 2.8355 5.0000 1.6974 0.0161 
39.1740 4.0000 3472.0315 0.4610 0.1972 -0.6392 2.8282 5.0000 1.5123 0.0164 
39.1961 4.0000 3470.4376 0.4568 0.1959 -0.6435 2.8362 5.0000 1.5159 0.0168 
39.1620 4.0000 3478.2648 0.4560 0.1913 -0.6464 2.8287 5.0000 1.5212 0.0152 
39.1488 4.0000 3486.6173 0.4582 0.1927 -0.6416 2.8222 5.0000 1.5100 0.0147 
39.2081 4.0000 3498.3285 0.4528 0.1923 -0.6375 2.8185 5.0000 1.5148 0.0143 
39.2282 4.0000 3502.5467 0.4596 0.1997 -0.6450 2.8322 5.0000 1.5273 0.0166 
39.2440 4.0000 3491.3380 0.4579 0.1952 -0.6413 2.8297 5.0000 1.6493 0.0143 
39.1545 4.0000 3444.0214 0.4524 0.1917 -0.6439 2.8292 5.0000 1.6420 0.0188 
39.2459 4.0000 3484.6299 0.4522 0.1960 -0.6447 2.8200 5.0000 1.6760 0.0188 
39.0712 4.0000 3440.5095 0.4561 0.1952 -0.6472 2.8295 5.0000 1.5443 0.0171 
39.0719 4.0000 3422.0013 0.4606 0.1955 -0.6532 2.8350 5.0000 1.5441 0.0201 
39.1349 4.0000 3439.3455 0.4567 0.1962 -0.6435 2.8366 5.0000 1.5479 0.0160 
39.0227 4.0000 3413.7156 0.4582 0.1987 -0.6448 2.8431 5.0000 1.5571 0.0158 
39.1803 4.0000 3474.4369 0.4591 0.1940 -0.6394 2.8323 5.0000 1.5483 0.0192 
39.1860 4.0000 3462.2352 0.4567 0.1929 -0.6412 2.8340 5.0000 1.5404 0.0170 
39.0549 4.0000 3412.9105 0.4590 0.1963 -0.6461 2.8404 5.0000 1.6318 0.0188 
39.1387 4.0000 3450.6734 0.4549 0.1913 -0.6462 2.8330 5.0000 1.5697 0.0188 
39.0719 4.0000 3440.3644 0.4522 0.1953 -0.6421 2.8439 5.0000 1.5857 0.0168 
39.1765 4.0000 3476.3903 0.4564 0.1952 -0.6335 2.8298 5.0000 1.6922 0.0191 
39.1475 4.0000 3425.0328 0.4546 0.1991 -0.6417 2.8391 5.0000 1.7095 0.0154 
39.0593 4.0000 3453.6463 0.4549 0.1940 -0.6407 2.8247 5.0000 1.7011 0.0186 
39.2011 4.0000 3475.0467 0.4519 0.1933 -0.6386 2.8311 5.0000 1.5365 0.0170 
39.0801 4.0000 3423.5839 0.4598 0.2000 -0.6397 2.8471 5.0000 1.5429 0.0197 
39.1393 4.0000 3461.8878 0.4585 0.2020 -0.6269 2.8362 5.0000 1.5441 0.0168 
39.0366 4.0000 3421.8840 0.4519 0.1925 -0.6344 2.8320 5.0000 1.5662 0.0199 
39.1475 4.0000 3443.0902 0.4585 0.1990 -0.6463 2.8409 5.0000 1.5999 0.0190 
39.0309 4.0000 3385.9540 0.4593 0.1956 -0.6578 2.8382 5.0000 1.5794 0.0140 
39.0649 4.0000 3434.8342 0.4551 0.1949 -0.6409 2.8328 5.0000 1.6353 0.0172 
39.2554 4.0000 3495.8689 0.4555 0.1976 -0.6382 2.8378 5.0000 1.6521 0.0174 
39.1311 4.0000 3441.0385 0.4552 0.1957 -0.6497 2.8281 5.0000 1.6517 0.0175 
39.1261 4.0000 3444.9729 0.4554 0.1935 -0.6527 2.8306 5.0000 1.5525 0.0179 
39.1230 4.0000 3432.4596 0.4556 0.1930 -0.6457 2.8310 5.0000 1.5572 0.0207 
39.1066 4.0000 3436.2289 0.4576 0.1971 -0.6394 2.8362 5.0000 1.5518 0.0152 
38.9981 4.0000 3398.7919 0.4584 0.1974 -0.6501 2.8430 5.0000 1.5380 0.0169 
39.2093 4.0000 3471.0435 0.4528 0.1948 -0.6378 2.8313 5.0000 1.5550 0.0161 
39.1425 4.0000 3460.6627 0.4533 0.1912 -0.6530 2.8297 5.0000 1.5962 0.0180 
39.1759 4.0000 3449.0567 0.4576 0.1962 -0.6522 2.8333 5.0000 1.7166 0.0158 
39.1015 4.0000 3439.7598 0.4556 0.1957 -0.6384 2.8379 5.0000 1.7372 0.0170 
39.1847 4.0000 3456.6406 0.4536 0.1983 -0.6426 2.8410 5.0000 1.7464 0.0158 
39.1419 4.0000 3438.1084 0.4501 0.1964 -0.6369 2.8353 5.0000 1.5583 0.0165 
39.1847 4.0000 3469.4603 0.4568 0.1945 -0.6362 2.8341 5.0000 1.5428 0.0191 
39.1595 4.0000 3445.8455 0.4627 0.1999 -0.6405 2.8391 5.0000 1.5512 0.0165 
39.0612 4.0000 3398.9817 0.4516 0.1972 -0.6495 2.8528 5.0000 1.5240 0.0186 
39.1583 4.0000 3454.9622 0.4550 0.1926 -0.6356 2.8351 5.0000 1.5351 0.0152 
39.0788 4.0000 3442.2799 0.4610 0.1979 -0.6505 2.8344 5.0000 1.5324 0.0178 
39.2087 4.0000 3477.5921 0.4535 0.1948 -0.6344 2.8321 5.0000 1.5925 0.0143 
39.1084 4.0000 3449.5435 0.4581 0.2005 -0.6438 2.8380 5.0000 1.5912 0.0145 
39.2434 4.0000 3496.1400 0.4588 0.1935 -0.6463 2.8314 5.0000 1.6040 0.0188 
39.2377 4.0000 3488.6475 0.4585 0.1988 -0.6364 2.8313 5.0000 1.6008 0.0177 
39.0719 4.0000 3425.3928 0.4552 0.1988 -0.6386 2.8338 5.0000 1.6368 0.0193 
39.1135 4.0000 3428.5624 0.4525 0.1949 -0.6393 2.8365 5.0000 1.5971 0.0200 
39.0536 4.0000 3408.4142 0.4531 0.1934 -0.6513 2.8345 5.0000 1.5368 0.0159 
39.0265 4.0000 3419.3241 0.4529 0.1938 -0.6430 2.8252 5.0000 1.5488 0.0135 
39.1835 4.0000 3462.3733 0.4658 0.1998 -0.6516 2.8457 5.0000 1.5619 0.0154 
39.2736 4.0000 3526.8525 0.4639 0.1935 -0.6473 2.8150 5.0000 1.5820 0.0159 
39.2024 4.0000 3491.4199 0.4624 0.1991 -0.6329 2.8405 5.0000 1.5817 0.0164 
39.1822 4.0000 3457.7478 0.4620 0.2007 -0.6438 2.8287 5.0000 1.5989 0.0135 
39.1639 4.0000 3457.9117 0.4640 0.1987 -0.6514 2.8304 5.0000 1.7127 0.0171 
39.2743 4.0000 3505.3745 0.4583 0.1950 -0.6453 2.8229 5.0000 1.7031 0.0152 
39.1375 4.0000 3451.8985 0.4605 0.1967 -0.6472 2.8321 5.0000 1.7382 0.0169 
39.2100 4.0000 3494.7680 0.4552 0.1964 -0.6381 2.8238 5.0000 1.5486 0.0152 
39.1438 4.0000 3450.7623 0.4558 0.1970 -0.6426 2.8407 5.0000 1.5642 0.0155 
39.2112 4.0000 3484.6021 0.4571 0.1946 -0.6427 2.8342 5.0000 1.5627 0.0186 
39.1980 4.0000 3470.0788 0.4551 0.1965 -0.6337 2.8339 5.0000 1.5571 0.0159 
39.0782 4.0000 3434.3613 0.4626 0.2001 -0.6441 2.8407 5.0000 1.5617 0.0213 
39.1810 4.0000 3490.6841 0.4621 0.1969 -0.6363 2.8363 5.0000 1.5653 0.0163 
38.9754 4.0000 3399.3146 0.4604 0.1969 -0.6513 2.8423 5.0000 1.6342 0.0144 
39.1658 4.0000 3446.6974 0.4565 0.1953 -0.6454 2.8326 5.0000 1.6496 0.0185 
39.2396 4.0000 3504.0000 0.4539 0.1922 -0.6428 2.8230 5.0000 1.6461 0.0134 
39.0826 4.0000 3449.4426 0.4571 0.1988 -0.6358 2.8393 5.0000 1.5448 0.0145 
39.2799 4.0000 3514.1034 0.4556 0.1936 -0.6330 2.8142 5.0000 1.5517 0.0152 
39.2358 4.0000 3509.6847 0.4533 0.1937 -0.6381 2.8294 5.0000 1.5439 0.0151 
39.2093 4.0000 3469.9817 0.4585 0.1957 -0.6460 2.8362 5.0000 1.5504 0.0164 
39.2144 4.0000 3492.4578 0.4558 0.1957 -0.6280 2.8194 5.0000 1.5495 0.0190 
39.1633 4.0000 3448.4136 0.4555 0.1974 -0.6411 2.8408 5.0000 1.5467 0.0162 
39.0637 4.0000 3448.2711 0.4586 0.1978 -0.6431 2.8295 5.0000 1.6170 0.0150 
39.1696 4.0000 3458.4874 0.4576 0.1951 -0.6511 2.8299 5.0000 1.7175 0.0161 
39.2175 4.0000 3476.7730 0.4627 0.1987 -0.6494 2.8398 5.0000 1.7769 0.0184 
39.1734 4.0000 3464.5252 0.4577 0.1963 -0.6440 2.8381 5.0000 1.6965 0.0189 
39.0870 4.0000 3424.4035 0.4566 0.1992 -0.6389 2.8401 5.0000 1.6291 0.0156 
39.0675 4.0000 3425.5832 0.4580 0.1958 -0.6438 2.8342 5.0000 1.5553 0.0193 
39.1948 4.0000 3475.2478 0.4582 0.1967 -0.6386 2.8399 5.0000 1.5347 0.0189 
39.0523 4.0000 3407.4451 0.4515 0.1968 -0.6398 2.8458 5.0000 1.5647 0.0154 
39.0662 4.0000 3438.2560 0.4536 0.1945 -0.6362 2.8357 5.0000 1.5496 0.0154 
39.2018 4.0000 3498.2081 0.4603 0.1953 -0.6372 2.8276 5.0000 1.5193 0.0154 
