39.4909 16.5000 3578.3819 0.5171 0.2040 -0.6547 3.0255 5.0000 5.6139 0.0087 
39.5504 16.5000 3600.9033 0.5069 0.1989 -0.6451 3.0206 5.0000 5.5846 0.0087 
39.4617 16.5000 3562.9998 0.5128 0.2049 -0.6482 3.0355 5.0000 5.5837 0.0087 
39.4149 16.5000 3548.3808 0.5148 0.2040 -0.6583 3.0286 5.0000 5.5342 0.0070 
39.5118 16.5000 3586.4169 0.5120 0.2002 -0.6455 3.0298 5.0000 5.5489 0.0070 
39.5280 16.5000 3603.0712 0.5020 0.1995 -0.6318 3.0221 5.0000 5.5645 0.0070 
39.5359 16.5000 3598.2450 0.5132 0.2012 -0.6550 3.0233 5.0000 5.5166 0.0082 
39.4624 16.5000 3570.3689 0.5090 0.2010 -0.6409 3.0161 5.0000 5.5770 0.0085 
39.4837 16.5000 3576.8957 0.5122 0.2035 -0.6483 3.0360 5.0000 5.6660 0.0081 
39.4707 16.5000 3577.3677 0.5114 0.2014 -0.6473 3.0263 5.0000 5.5352 0.0076 
39.4869 16.5000 3591.5651 0.5184 0.2021 -0.6550 3.0255 5.0000 5.7488 0.0102 
39.5050 16.5000 3585.4048 0.5119 0.2026 -0.6479 3.0236 6.0000 5.8099 0.0077 
39.4026 16.5000 3552.1744 0.5132 0.2029 -0.6412 3.0289 5.0000 5.7507 0.0092 
39.5035 16.5000 3578.6943 0.5037 0.2002 -0.6463 3.0336 5.0000 5.6939 0.0093 
39.4426 16.5000 3564.3419 0.5154 0.2051 -0.6530 3.0350 5.0000 5.8640 0.0089 
39.4397 16.5000 3562.2162 0.5104 0.2025 -0.6427 3.0425 5.0000 5.6166 0.0084 
39.4542 16.5000 3571.0748 0.5130 0.2003 -0.6538 3.0284 5.0000 5.7723 0.0078 
39.4754 16.5000 3576.8424 0.5048 0.1988 -0.6395 3.0268 5.0000 5.7507 0.0085 
39.4981 16.5000 3594.3581 0.5143 0.2003 -0.6422 3.0268 6.0000 5.6264 0.0074 
39.4707 16.5000 3581.4167 0.5094 0.2020 -0.6430 3.0267 5.0000 5.7016 0.0091 
39.5118 16.5000 3581.7071 0.5047 0.2005 -0.6445 3.0366 5.0000 5.6773 0.0073 
39.4484 16.5000 3571.9831 0.5133 0.2041 -0.6516 3.0240 5.0000 5.7190 0.0079 
39.5179 16.5000 3587.8667 0.5048 0.2006 -0.6377 3.0110 5.0000 5.6929 0.0087 
39.4949 16.5000 3589.8253 0.5095 0.1979 -0.6494 3.0247 5.0000 5.7338 0.0073 
39.4614 16.5000 3574.1675 0.5071 0.1983 -0.6431 3.0119 5.0000 5.8562 0.0091 
39.5190 16.5000 3594.3048 0.5124 0.1991 -0.6506 3.0259 5.0000 5.8035 0.0081 
39.4459 16.5000 3568.4727 0.5017 0.1970 -0.6358 3.0281 6.0000 5.7716 0.0099 
39.4855 16.5000 3584.6125 0.5071 0.1986 -0.6436 3.0212 5.0000 5.7037 0.0087 
39.4138 16.5000 3560.5116 0.5075 0.1992 -0.6543 3.0228 5.0000 5.7225 0.0078 
39.4639 16.5000 3562.2727 0.5064 0.2020 -0.6443 3.0244 6.0000 5.6826 0.0085 
39.4974 16.5000 3577.0067 0.5059 0.2018 -0.6394 3.0304 5.0000 5.7042 0.0091 
39.4722 16.5000 3578.4378 0.5112 0.1985 -0.6467 3.0186 5.0000 5.7873 0.0084 
39.4455 16.5000 3565.7420 0.5086 0.1995 -0.6503 3.0139 5.0000 5.8084 0.0111 
39.4743 16.5000 3580.5048 0.5090 0.2014 -0.6430 3.0287 5.0000 5.7017 0.0085 
39.3670 16.5000 3532.7339 0.5078 0.2009 -0.6551 3.0250 5.0000 5.7826 0.0076 
39.4707 16.5000 3569.6891 0.5100 0.2006 -0.6495 3.0362 5.0000 5.8424 0.0090 
39.5060 16.5000 3592.0966 0.5062 0.1988 -0.6425 3.0154 6.0000 5.7154 0.0087 
39.4524 16.5000 3563.6455 0.5067 0.2000 -0.6465 3.0249 6.0000 5.7671 0.0081 
39.4621 16.5000 3569.6714 0.5115 0.2025 -0.6524 3.0277 5.0000 5.7883 0.0078 
39.4848 16.5000 3572.6493 0.5064 0.2031 -0.6408 3.0308 5.0000 5.7226 0.0079 
39.4988 16.5000 3583.1720 0.5082 0.2008 -0.6433 3.0322 6.0000 5.8971 0.0072 
39.4952 16.5000 3583.9593 0.5073 0.1979 -0.6442 3.0174 5.0000 5.7675 0.0106 
39.5222 16.5000 3593.3756 0.5068 0.2010 -0.6446 3.0219 5.0000 5.7453 0.0097 
39.3886 16.5000 3536.9177 0.5124 0.2032 -0.6488 3.0298 6.0000 5.8111 0.0101 
39.4239 16.5000 3550.7880 0.5117 0.2046 -0.6499 3.0295 5.0000 5.7786 0.0086 
39.4088 16.5000 3559.0578 0.5083 0.2001 -0.6515 3.0198 6.0000 5.8476 0.0079 
39.4664 16.5000 3585.8667 0.5123 0.2028 -0.6322 3.0179 5.0000 5.9609 0.0081 
39.4927 16.5000 3581.1007 0.5128 0.2060 -0.6463 3.0358 5.0000 5.9221 0.0070 
39.4841 16.5000 3587.2960 0.5072 0.1966 -0.6449 3.0195 5.0000 5.7156 0.0071 
39.5305 16.5000 3600.8564 0.5083 0.1995 -0.6475 3.0258 6.0000 5.8324 0.0090 
39.5240 16.5000 3599.1796 0.5108 0.1994 -0.6537 3.0257 6.0000 5.8305 0.0084 
39.4520 16.5000 3559.2207 0.5036 0.1976 -0.6391 3.0142 5.0000 5.8293 0.0077 
39.4740 16.5000 3582.6089 0.5067 0.1966 -0.6480 3.0198 5.0000 5.9140 0.0085 
39.5006 16.5000 3589.7943 0.5091 0.2024 -0.6470 3.0238 5.0000 5.9334 0.0075 
39.4693 16.5000 3577.8865 0.5089 0.2026 -0.6445 3.0142 5.0000 5.8089 0.0094 
39.5096 16.5000 3587.5957 0.5045 0.2030 -0.6398 3.0259 5.0000 5.7971 0.0088 
39.4358 16.5000 3562.7512 0.5119 0.2020 -0.6511 3.0314 5.0000 5.8416 0.0087 
39.4574 16.5000 3573.1140 0.5101 0.1984 -0.6545 3.0208 5.0000 5.6773 0.0086 
39.4624 16.5000 3569.0740 0.5104 0.2037 -0.6482 3.0272 5.0000 5.7223 0.0095 
39.4678 16.5000 3576.4032 0.5090 0.1987 -0.6493 3.0307 6.0000 5.7210 0.0086 
39.4315 16.5000 3569.2812 0.5085 0.1998 -0.6485 3.0159 5.0000 5.6514 0.0077 
39.4678 16.5000 3574.1452 0.5156 0.2059 -0.6495 3.0201 5.0000 5.7010 0.0072 
39.5010 16.5000 3592.3235 0.5088 0.2006 -0.6413 3.0085 5.0000 5.6971 0.0076 
39.5230 16.5000 3589.5619 0.5043 0.1983 -0.6432 3.0347 6.0000 5.6485 0.0079 
39.5050 16.5000 3590.8946 0.5057 0.1975 -0.6438 3.0262 5.0000 5.7709 0.0085 
39.4941 16.5000 3579.4877 0.5054 0.2020 -0.6446 3.0181 6.0000 5.6043 0.0077 
39.4722 16.5000 3574.3653 0.5031 0.2024 -0.6357 3.0327 5.0000 5.6727 0.0085 
39.5006 16.5000 3594.6057 0.5123 0.2033 -0.6410 3.0245 5.0000 5.6980 0.0107 
39.4707 16.5000 3584.6244 0.5088 0.2033 -0.6393 3.0204 5.0000 5.6780 0.0107 
39.3861 16.5000 3540.7029 0.5101 0.2012 -0.6443 3.0228 5.0000 5.8988 0.0070 
39.4783 16.5000 3574.5758 0.5104 0.2038 -0.6485 3.0213 5.0000 5.9383 0.0091 
39.5284 16.5000 3596.7145 0.5091 0.1989 -0.6419 3.0267 5.0000 6.0702 0.0064 
39.4473 16.5000 3561.7557 0.5137 0.2038 -0.6541 3.0238 6.0000 5.8433 0.0082 
39.5525 16.5000 3602.7058 0.5154 0.2026 -0.6500 3.0321 5.0000 5.7814 0.0058 
39.4833 16.5000 3575.5374 0.5066 0.2006 -0.6470 3.0220 5.0000 5.7966 0.0074 
39.5749 16.5000 3612.1099 0.5107 0.1992 -0.6496 3.0232 5.0000 5.8040 0.0091 
39.5150 16.5000 3590.3171 0.5099 0.1976 -0.6454 3.0224 5.0000 5.8632 0.0098 
39.4473 16.5000 3567.9852 0.5117 0.2012 -0.6461 3.0278 5.0000 5.8221 0.0083 
39.4203 16.5000 3545.8026 0.5088 0.2028 -0.6454 3.0370 5.0000 5.7453 0.0080 
39.4772 16.5000 3580.8024 0.5111 0.2025 -0.6397 3.0179 5.0000 5.8979 0.0080 
39.4913 16.5000 3575.8580 0.5073 0.1987 -0.6499 3.0358 5.0000 5.8508 0.0089 
39.4891 16.5000 3584.0061 0.5062 0.2006 -0.6477 3.0214 5.0000 5.7797 0.0089 
39.4542 16.5000 3568.3340 0.5103 0.2038 -0.6482 3.0324 5.0000 5.8961 0.0083 
39.4560 16.5000 3573.6682 0.5081 0.2053 -0.6417 3.0240 5.0000 5.8448 0.0083 
39.4772 16.5000 3574.9454 0.5032 0.1989 -0.6466 3.0234 6.0000 5.6765 0.0098 
39.4844 16.5000 3576.7029 0.5025 0.1991 -0.6400 3.0256 5.0000 5.7976 0.0085 
39.4188 16.5000 3565.0989 0.5073 0.2028 -0.6418 3.0280 6.0000 5.7557 0.0085 
39.4704 16.5000 3573.8815 0.5058 0.1992 -0.6440 3.0300 5.0000 5.9270 0.0094 
39.4686 16.5000 3568.2331 0.5041 0.1982 -0.6449 3.0302 5.0000 6.1378 0.0078 
39.4365 16.5000 3556.7894 0.5101 0.2015 -0.6524 3.0270 5.0000 5.9991 0.0077 
39.5006 16.5000 3587.8054 0.5154 0.2083 -0.6430 3.0285 5.0000 5.8608 0.0079 
39.4995 16.5000 3588.9411 0.5124 0.2001 -0.6487 3.0333 5.0000 5.9365 0.0091 
39.4927 16.5000 3574.7746 0.5112 0.2024 -0.6507 3.0299 5.0000 6.0938 0.0083 
39.4459 16.5000 3572.8413 0.5125 0.2002 -0.6464 3.0375 6.0000 5.8407 0.0068 
39.4797 16.5000 3577.0261 0.5093 0.2028 -0.6436 3.0290 5.0000 5.8631 0.0070 
39.5359 16.5000 3600.5440 0.5063 0.2014 -0.6404 3.0311 5.0000 5.8854 0.0089 
39.5309 16.5000 3606.0328 0.5026 0.1968 -0.6402 3.0023 5.0000 6.1537 0.0084 
39.4531 16.5000 3570.3243 0.5148 0.2042 -0.6521 3.0287 5.0000 6.0437 0.0078 
39.4750 16.5000 3577.4931 0.5094 0.1995 -0.6465 3.0270 5.0000 6.0603 0.0078 
39.4963 16.5000 3587.6505 0.5100 0.2005 -0.6443 3.0252 6.0000 5.1066 0.0078 
