39.7433 4.0000 3665.2596 0.2053 0.0559 -0.4585 3.0537 6.0000 35.2251 0.0016 
39.7447 4.0000 3666.0056 0.2060 0.0558 -0.4593 3.0499 6.0000 35.0957 0.0016 
39.7442 4.0000 3666.4361 0.2037 0.0556 -0.4554 3.0493 6.0000 34.9670 0.0016 
39.7399 4.0000 3664.6491 0.2081 0.0563 -0.4605 3.0564 6.0000 35.1177 0.0014 
39.7442 4.0000 3665.9427 0.2050 0.0560 -0.4566 3.0533 6.0000 35.8776 0.0013 
39.7503 4.0000 3668.2845 0.2126 0.0576 -0.4652 3.0554 6.0000 35.4318 0.0013 
39.7537 4.0000 3670.1400 0.2068 0.0558 -0.4590 3.0551 6.0000 35.5343 0.0015 
39.7523 4.0000 3669.0910 0.2071 0.0560 -0.4601 3.0552 6.0000 35.4188 0.0013 
39.7464 4.0000 3666.3484 0.2071 0.0562 -0.4595 3.0532 6.0000 35.7565 0.0018 
39.7541 4.0000 3669.7700 0.2069 0.0564 -0.4608 3.0533 6.0000 36.1053 0.0015 
39.7332 4.0000 3662.3073 0.2083 0.0564 -0.4626 3.0562 6.0000 35.8789 0.0015 
39.7471 4.0000 3667.3634 0.2079 0.0560 -0.4598 3.0514 6.0000 35.6457 0.0018 
39.7345 4.0000 3662.0987 0.2069 0.0556 -0.4597 3.0525 6.0000 35.9336 0.0013 
39.7372 4.0000 3662.6714 0.2091 0.0557 -0.4620 3.0547 6.0000 35.9689 0.0013 
39.7534 4.0000 3669.4711 0.2061 0.0559 -0.4603 3.0527 6.0000 35.8834 0.0013 
39.7552 4.0000 3669.7593 0.2065 0.0562 -0.4597 3.0527 6.0000 35.7490 0.0013 
39.7429 4.0000 3665.5183 0.2077 0.0562 -0.4622 3.0539 6.0000 36.6722 0.0015 
39.7554 4.0000 3669.6040 0.2080 0.0557 -0.4617 3.0509 6.0000 36.3744 0.0015 
39.7453 4.0000 3666.2014 0.2083 0.0560 -0.4605 3.0525 6.0000 35.5341 0.0017 
39.7509 4.0000 3668.5599 0.2066 0.0562 -0.4594 3.0540 6.0000 36.8121 0.0015 
39.7402 4.0000 3664.5921 0.2080 0.0565 -0.4627 3.0546 6.0000 36.4871 0.0015 
39.7473 4.0000 3666.9341 0.2078 0.0563 -0.4607 3.0540 6.0000 35.6719 0.0013 
39.7406 4.0000 3664.1558 0.2083 0.0565 -0.4584 3.0536 6.0000 36.5229 0.0014 
39.7539 4.0000 3669.7494 0.2061 0.0566 -0.4603 3.0559 6.0000 36.3472 0.0014 
39.7505 4.0000 3668.2783 0.2073 0.0560 -0.4590 3.0509 6.0000 36.2169 0.0014 
39.7417 4.0000 3665.5069 0.2085 0.0556 -0.4627 3.0493 6.0000 36.5033 0.0018 
39.7521 4.0000 3668.9099 0.2069 0.0559 -0.4604 3.0558 6.0000 36.0110 0.0018 
39.7354 4.0000 3662.9150 0.2053 0.0554 -0.4577 3.0536 6.0000 36.4815 0.0016 
39.7509 4.0000 3667.8213 0.2091 0.0565 -0.4647 3.0544 6.0000 35.8518 0.0015 
39.7440 4.0000 3665.5613 0.2064 0.0557 -0.4593 3.0539 6.0000 35.9577 0.0017 
39.7473 4.0000 3666.8741 0.2075 0.0567 -0.4611 3.0534 6.0000 36.4519 0.0015 
39.7377 4.0000 3663.6139 0.2084 0.0563 -0.4639 3.0547 6.0000 36.0192 0.0018 
39.7471 4.0000 3666.8710 0.2085 0.0557 -0.4625 3.0540 6.0000 35.9837 0.0018 
39.7361 4.0000 3663.5947 0.2064 0.0557 -0.4594 3.0521 6.0000 35.9991 0.0013 
39.7406 4.0000 3664.0312 0.2082 0.0562 -0.4626 3.0547 6.0000 36.6305 0.0015 
39.7557 4.0000 3670.0068 0.2081 0.0566 -0.4613 3.0537 6.0000 36.2560 0.0015 
39.7473 4.0000 3667.0272 0.2096 0.0563 -0.4640 3.0514 6.0000 35.9472 0.0016 
39.7608 4.0000 3671.3275 0.2071 0.0559 -0.4576 3.0529 6.0000 36.8425 0.0015 
39.7413 4.0000 3665.3886 0.2087 0.0565 -0.4617 3.0536 6.0000 36.3975 0.0015 
39.7471 4.0000 3666.2218 0.2083 0.0560 -0.4634 3.0548 6.0000 35.8547 0.0015 
39.7415 4.0000 3664.9883 0.2077 0.0558 -0.4605 3.0533 6.0000 36.0747 0.0015 
39.7476 4.0000 3667.2933 0.2083 0.0560 -0.4648 3.0540 6.0000 36.4744 0.0017 
39.7478 4.0000 3666.1629 0.2074 0.0562 -0.4585 3.0532 6.0000 39.9192 0.0018 
39.7395 4.0000 3663.2911 0.2070 0.0562 -0.4598 3.0541 6.0000 39.4683 0.0012 
39.7328 4.0000 3661.9524 0.2079 0.0559 -0.4635 3.0549 6.0000 39.2498 0.0015 
39.7586 4.0000 3671.0670 0.2077 0.0560 -0.4609 3.0530 6.0000 36.3632 0.0017 
39.7478 4.0000 3667.2704 0.2077 0.0559 -0.4607 3.0525 6.0000 35.6743 0.0012 
39.7395 4.0000 3664.5055 0.2061 0.0558 -0.4601 3.0511 6.0000 36.5941 0.0014 
39.7575 4.0000 3670.8759 0.2075 0.0558 -0.4605 3.0541 6.0000 36.8912 0.0016 
39.7505 4.0000 3668.3947 0.2088 0.0560 -0.4637 3.0523 6.0000 35.8700 0.0016 
39.7435 4.0000 3665.7799 0.2072 0.0557 -0.4617 3.0513 6.0000 35.9791 0.0013 
39.7420 4.0000 3665.2466 0.2059 0.0557 -0.4612 3.0563 6.0000 36.4302 0.0017 
39.7523 4.0000 3669.2473 0.2081 0.0555 -0.4616 3.0530 6.0000 36.1182 0.0015 
39.7393 4.0000 3664.5372 0.2069 0.0559 -0.4622 3.0515 6.0000 36.1973 0.0017 
39.7462 4.0000 3666.1257 0.2065 0.0556 -0.4593 3.0539 6.0000 35.9807 0.0015 
39.7397 4.0000 3664.5183 0.2063 0.0557 -0.4587 3.0523 6.0000 36.0315 0.0017 
39.7444 4.0000 3666.0978 0.2080 0.0563 -0.4605 3.0538 6.0000 36.6277 0.0015 
39.7381 4.0000 3663.1886 0.2084 0.0563 -0.4635 3.0528 6.0000 36.0524 0.0012 
39.7482 4.0000 3667.5273 0.2087 0.0563 -0.4585 3.0553 6.0000 36.4700 0.0015 
39.7591 4.0000 3671.4426 0.2071 0.0556 -0.4595 3.0520 6.0000 36.5017 0.0015 
39.7467 4.0000 3667.0227 0.2079 0.0560 -0.4600 3.0525 6.0000 35.8903 0.0016 
39.7460 4.0000 3667.5585 0.2070 0.0555 -0.4605 3.0526 6.0000 36.1995 0.0013 
39.7415 4.0000 3664.9528 0.2064 0.0559 -0.4580 3.0541 6.0000 36.8045 0.0011 
39.7543 4.0000 3669.9335 0.2065 0.0554 -0.4603 3.0523 6.0000 35.9169 0.0014 
39.7604 4.0000 3671.9024 0.2062 0.0549 -0.4612 3.0520 6.0000 36.1994 0.0017 
39.7505 4.0000 3668.7779 0.2075 0.0565 -0.4588 3.0543 6.0000 36.7393 0.0012 
39.7395 4.0000 3664.3509 0.2078 0.0557 -0.4632 3.0544 6.0000 36.5331 0.0013 
39.7595 4.0000 3671.9687 0.2080 0.0564 -0.4612 3.0528 6.0000 37.0041 0.0016 
39.7550 4.0000 3669.1881 0.2071 0.0564 -0.4588 3.0531 6.0000 37.1251 0.0015 
39.7429 4.0000 3665.0022 0.2068 0.0559 -0.4592 3.0529 6.0000 36.0111 0.0017 
39.7467 4.0000 3667.0903 0.2077 0.0558 -0.4629 3.0508 6.0000 36.4687 0.0015 
39.7393 4.0000 3664.0142 0.2086 0.0556 -0.4620 3.0533 6.0000 36.4107 0.0013 
39.7478 4.0000 3667.3232 0.2078 0.0566 -0.4613 3.0550 6.0000 36.2875 0.0019 
39.7548 4.0000 3670.6986 0.2077 0.0562 -0.4602 3.0525 6.0000 36.2491 0.0014 
39.7319 4.0000 3660.6550 0.2079 0.0559 -0.4640 3.0525 6.0000 36.4067 0.0018 
39.7503 4.0000 3668.1182 0.2073 0.0562 -0.4611 3.0541 6.0000 36.7171 0.0016 
39.7343 4.0000 3662.0007 0.2069 0.0556 -0.4621 3.0561 6.0000 36.4961 0.0014 
39.7404 4.0000 3665.0196 0.2076 0.0562 -0.4610 3.0552 6.0000 36.5215 0.0016 
39.7500 4.0000 3668.0888 0.2059 0.0558 -0.4594 3.0518 6.0000 36.6222 0.0016 
39.7413 4.0000 3666.2637 0.2062 0.0561 -0.4607 3.0475 6.0000 36.2751 0.0014 
39.7426 4.0000 3665.8725 0.2079 0.0561 -0.4602 3.0550 6.0000 36.3300 0.0010 
39.7519 4.0000 3668.5752 0.2072 0.0556 -0.4621 3.0529 6.0000 35.8506 0.0016 
39.7654 4.0000 3673.8645 0.2064 0.0557 -0.4595 3.0522 6.0000 36.3488 0.0013 
39.7409 4.0000 3664.1063 0.2084 0.0565 -0.4617 3.0524 6.0000 36.2188 0.0016 
39.7534 4.0000 3669.6928 0.2080 0.0559 -0.4616 3.0515 6.0000 35.9510 0.0012 
39.7426 4.0000 3665.2772 0.2093 0.0565 -0.4627 3.0548 6.0000 36.7481 0.0016 
39.7575 4.0000 3671.2517 0.2088 0.0558 -0.4620 3.0537 6.0000 36.3184 0.0015 
39.7418 4.0000 3665.2780 0.2080 0.0561 -0.4601 3.0543 6.0000 35.9451 0.0014 
39.7471 4.0000 3667.1232 0.2068 0.0558 -0.4606 3.0530 6.0000 36.6689 0.0016 
39.7516 4.0000 3669.1479 0.2067 0.0556 -0.4629 3.0530 6.0000 36.1687 0.0015 
39.7411 4.0000 3664.6046 0.2057 0.0562 -0.4572 3.0520 6.0000 36.2168 0.0015 
39.7455 4.0000 3666.7148 0.2075 0.0558 -0.4612 3.0527 6.0000 36.6634 0.0011 
39.7451 4.0000 3666.4896 0.2084 0.0561 -0.4630 3.0532 6.0000 36.2070 0.0014 
39.7608 4.0000 3671.7586 0.2084 0.0564 -0.4614 3.0520 6.0000 36.0046 0.0014 
39.7489 4.0000 3667.6230 0.2082 0.0560 -0.4636 3.0530 6.0000 36.8911 0.0017 
39.7514 4.0000 3668.5186 0.2070 0.0559 -0.4612 3.0545 6.0000 36.4660 0.0015 
39.7368 4.0000 3663.8391 0.2088 0.0562 -0.4629 3.0524 6.0000 35.6392 0.0016 
39.7456 4.0000 3666.0643 0.2069 0.0565 -0.4601 3.0561 6.0000 36.9311 0.0014 
39.7409 4.0000 3665.0841 0.2058 0.0556 -0.4606 3.0508 6.0000 36.1102 0.0014 
39.7483 4.0000 3668.1371 0.2079 0.0559 -0.4630 3.0533 6.0000 25.2133 0.0014 
