39.5934 16.5000 3611.3927 0.3332 0.1086 -0.5810 3.0032 6.0000 10.8572 0.0054 
39.6365 16.5000 3626.3335 0.3309 0.1074 -0.5755 2.9994 6.0000 10.6737 0.0054 
39.6144 16.5000 3623.2196 0.3310 0.1066 -0.5777 2.9931 6.0000 10.6941 0.0054 
39.5920 16.5000 3615.7778 0.3338 0.1085 -0.5801 3.0038 6.0000 10.8661 0.0049 
39.6113 16.5000 3623.1616 0.3314 0.1077 -0.5796 2.9997 6.0000 10.8463 0.0049 
39.6108 16.5000 3620.7591 0.3324 0.1076 -0.5738 3.0005 5.0000 10.7689 0.0049 
39.6393 16.5000 3632.2018 0.3309 0.1083 -0.5739 3.0020 5.0000 11.1780 0.0047 
39.5853 16.5000 3614.6400 0.3323 0.1083 -0.5759 2.9985 5.0000 11.2253 0.0047 
39.6183 16.5000 3622.1076 0.3303 0.1063 -0.5806 2.9986 5.0000 11.1340 0.0047 
39.6284 16.5000 3629.4210 0.3300 0.1069 -0.5751 2.9968 6.0000 11.2238 0.0044 
39.6035 16.5000 3615.6245 0.3314 0.1088 -0.5758 2.9990 6.0000 11.3080 0.0044 
39.6298 16.5000 3627.7923 0.3339 0.1069 -0.5785 2.9989 6.0000 11.2809 0.0044 
39.6419 16.5000 3633.1739 0.3309 0.1053 -0.5764 2.9939 5.0000 11.2717 0.0048 
39.6225 16.5000 3623.6979 0.3314 0.1074 -0.5783 2.9992 5.0000 11.1356 0.0048 
39.6166 16.5000 3623.2437 0.3308 0.1057 -0.5800 2.9969 5.0000 11.3529 0.0050 
39.5920 16.5000 3617.9227 0.3305 0.1067 -0.5755 3.0000 6.0000 11.2037 0.0055 
39.6060 16.5000 3618.0468 0.3335 0.1091 -0.5771 3.0007 5.0000 11.3100 0.0055 
39.5900 16.5000 3612.3716 0.3296 0.1063 -0.5796 3.0002 5.0000 11.2947 0.0044 
39.6385 16.5000 3629.2140 0.3329 0.1077 -0.5772 2.9966 6.0000 11.2347 0.0050 
39.6295 16.5000 3628.3197 0.3307 0.1050 -0.5807 2.9991 5.0000 11.3492 0.0049 
39.6060 16.5000 3617.6511 0.3329 0.1084 -0.5756 2.9966 6.0000 11.2454 0.0049 
39.6133 16.5000 3621.4942 0.3326 0.1093 -0.5751 2.9982 5.0000 11.4173 0.0042 
39.5942 16.5000 3617.1358 0.3298 0.1066 -0.5776 2.9971 5.0000 11.5576 0.0047 
39.6396 16.5000 3633.4376 0.3296 0.1066 -0.5762 3.0009 5.0000 11.4673 0.0047 
39.6178 16.5000 3623.5522 0.3315 0.1071 -0.5816 3.0018 6.0000 12.0218 0.0042 
39.5979 16.5000 3619.5886 0.3286 0.1064 -0.5771 2.9973 6.0000 12.0512 0.0048 
39.6396 16.5000 3630.8418 0.3307 0.1067 -0.5780 2.9955 5.0000 12.1530 0.0048 
39.6150 16.5000 3622.3508 0.3305 0.1067 -0.5752 2.9909 5.0000 11.3455 0.0048 
39.6077 16.5000 3622.4733 0.3343 0.1085 -0.5776 2.9994 6.0000 11.1021 0.0048 
39.6155 16.5000 3624.2077 0.3296 0.1061 -0.5759 3.0008 5.0000 11.1101 0.0048 
39.6138 16.5000 3624.6213 0.3311 0.1061 -0.5765 3.0003 5.0000 12.1171 0.0052 
39.6228 16.5000 3623.3022 0.3337 0.1077 -0.5828 3.0052 5.0000 12.1619 0.0047 
39.6010 16.5000 3616.4007 0.3316 0.1059 -0.5823 2.9953 6.0000 12.0605 0.0047 
39.6189 16.5000 3621.5990 0.3324 0.1072 -0.5794 2.9982 5.0000 12.2574 0.0054 
39.6259 16.5000 3626.9085 0.3317 0.1081 -0.5746 3.0004 6.0000 12.3030 0.0046 
39.5934 16.5000 3616.8247 0.3304 0.1079 -0.5777 2.9958 6.0000 12.0789 0.0054 
39.6133 16.5000 3621.1047 0.3308 0.1064 -0.5775 2.9977 5.0000 11.0868 0.0043 
39.6237 16.5000 3626.0530 0.3334 0.1080 -0.5742 2.9992 5.0000 11.2336 0.0059 
39.6368 16.5000 3632.5207 0.3318 0.1084 -0.5773 2.9987 6.0000 11.3944 0.0053 
39.5715 16.5000 3605.9512 0.3314 0.1077 -0.5789 3.0035 6.0000 11.2624 0.0046 
39.5948 16.5000 3614.8247 0.3310 0.1076 -0.5788 3.0074 5.0000 11.1285 0.0046 
39.6248 16.5000 3626.6874 0.3306 0.1071 -0.5736 2.9963 6.0000 11.2951 0.0049 
39.6517 16.5000 3638.0600 0.3302 0.1063 -0.5734 2.9985 5.0000 11.3488 0.0046 
39.6130 16.5000 3620.6471 0.3320 0.1078 -0.5786 2.9977 5.0000 11.3279 0.0046 
39.6242 16.5000 3625.3911 0.3336 0.1082 -0.5789 3.0013 5.0000 11.3519 0.0038 
39.6391 16.5000 3630.9816 0.3348 0.1084 -0.5827 3.0006 5.0000 12.2175 0.0049 
39.6539 16.5000 3638.0801 0.3340 0.1081 -0.5795 2.9982 5.0000 12.1611 0.0049 
39.6136 16.5000 3622.0031 0.3321 0.1073 -0.5769 2.9944 5.0000 12.1818 0.0054 
39.6208 16.5000 3625.3381 0.3332 0.1091 -0.5763 3.0081 5.0000 11.0814 0.0050 
39.5931 16.5000 3615.1857 0.3331 0.1097 -0.5720 3.0034 5.0000 11.2087 0.0050 
39.6082 16.5000 3621.4460 0.3317 0.1067 -0.5751 2.9966 6.0000 11.4396 0.0040 
39.6220 16.5000 3623.2958 0.3309 0.1059 -0.5793 2.9999 5.0000 11.2855 0.0048 
39.6486 16.5000 3633.2689 0.3320 0.1077 -0.5776 2.9951 5.0000 11.3127 0.0047 
39.6169 16.5000 3624.5630 0.3332 0.1078 -0.5764 2.9970 5.0000 11.4736 0.0051 
39.6189 16.5000 3624.2533 0.3310 0.1079 -0.5756 3.0017 5.0000 11.3634 0.0047 
39.6032 16.5000 3620.3004 0.3317 0.1065 -0.5770 2.9978 5.0000 11.1988 0.0047 
39.6203 16.5000 3624.4831 0.3342 0.1099 -0.5780 3.0000 5.0000 11.2797 0.0050 
39.6018 16.5000 3618.4980 0.3328 0.1087 -0.5753 3.0011 6.0000 11.4824 0.0056 
39.6071 16.5000 3620.1967 0.3318 0.1054 -0.5823 2.9986 5.0000 11.5287 0.0056 
39.5825 16.5000 3611.1786 0.3292 0.1061 -0.5780 2.9970 6.0000 11.5069 0.0048 
39.6217 16.5000 3624.8485 0.3318 0.1075 -0.5785 3.0006 6.0000 11.3715 0.0041 
39.6172 16.5000 3622.9071 0.3316 0.1077 -0.5774 2.9995 5.0000 11.4630 0.0041 
39.6427 16.5000 3633.8111 0.3324 0.1074 -0.5798 3.0007 5.0000 11.3968 0.0051 
39.6040 16.5000 3621.4042 0.3315 0.1087 -0.5765 3.0062 6.0000 11.2393 0.0051 
39.6040 16.5000 3616.6372 0.3316 0.1067 -0.5763 2.9990 5.0000 11.3383 0.0056 
39.6024 16.5000 3617.9454 0.3343 0.1083 -0.5787 3.0011 5.0000 11.3093 0.0055 
39.5822 16.5000 3609.1442 0.3315 0.1085 -0.5775 3.0032 6.0000 12.1012 0.0043 
39.5869 16.5000 3609.2148 0.3322 0.1085 -0.5798 3.0013 5.0000 12.2970 0.0051 
39.6337 16.5000 3629.1885 0.3314 0.1061 -0.5786 2.9966 6.0000 12.0264 0.0050 
39.6032 16.5000 3618.1174 0.3306 0.1066 -0.5760 3.0000 6.0000 11.4666 0.0053 
39.6080 16.5000 3619.8764 0.3337 0.1070 -0.5797 3.0001 5.0000 11.4942 0.0042 
39.5953 16.5000 3612.2074 0.3300 0.1061 -0.5763 2.9996 5.0000 11.5490 0.0047 
39.6379 16.5000 3629.6253 0.3326 0.1067 -0.5784 2.9980 5.0000 12.2456 0.0044 
39.6203 16.5000 3623.4530 0.3293 0.1058 -0.5754 2.9997 5.0000 12.1135 0.0052 
39.6315 16.5000 3628.5641 0.3326 0.1080 -0.5768 2.9942 5.0000 12.3683 0.0048 
39.5987 16.5000 3617.4760 0.3339 0.1073 -0.5808 2.9979 5.0000 11.5768 0.0050 
39.6164 16.5000 3625.4314 0.3349 0.1077 -0.5791 2.9949 5.0000 11.3388 0.0050 
39.6080 16.5000 3618.1827 0.3307 0.1081 -0.5753 3.0010 5.0000 11.3727 0.0061 
39.6262 16.5000 3627.2148 0.3300 0.1075 -0.5756 3.0008 5.0000 11.3515 0.0050 
39.5631 16.5000 3605.5676 0.3316 0.1073 -0.5790 2.9993 5.0000 11.3578 0.0050 
39.6085 16.5000 3618.0958 0.3328 0.1085 -0.5798 2.9985 6.0000 11.6321 0.0052 
39.6514 16.5000 3638.6908 0.3318 0.1053 -0.5745 2.9939 5.0000 11.4855 0.0056 
39.6001 16.5000 3612.8973 0.3337 0.1089 -0.5805 2.9978 5.0000 11.3036 0.0056 
39.5827 16.5000 3611.9501 0.3317 0.1068 -0.5801 3.0021 5.0000 11.4901 0.0059 
39.6466 16.5000 3635.0043 0.3308 0.1075 -0.5792 3.0014 6.0000 11.1463 0.0044 
39.5712 16.5000 3608.3315 0.3355 0.1088 -0.5798 3.0001 6.0000 11.3729 0.0053 
39.6318 16.5000 3623.6766 0.3342 0.1089 -0.5802 3.0013 6.0000 11.3921 0.0048 
39.5956 16.5000 3617.7391 0.3297 0.1060 -0.5786 2.9994 5.0000 11.1108 0.0057 
39.6169 16.5000 3623.1899 0.3330 0.1081 -0.5776 2.9991 5.0000 11.3880 0.0051 
39.5816 16.5000 3606.4220 0.3336 0.1079 -0.5827 2.9974 5.0000 11.3022 0.0050 
39.6026 16.5000 3618.6961 0.3346 0.1082 -0.5827 3.0023 6.0000 11.2056 0.0046 
39.6088 16.5000 3620.1796 0.3305 0.1070 -0.5742 2.9986 5.0000 11.1946 0.0050 
39.6231 16.5000 3624.4103 0.3331 0.1087 -0.5800 2.9991 6.0000 11.4672 0.0041 
39.6068 16.5000 3619.1021 0.3316 0.1076 -0.5785 3.0035 6.0000 11.0578 0.0056 
39.6449 16.5000 3635.1859 0.3317 0.1074 -0.5759 3.0003 5.0000 11.4635 0.0044 
39.5839 16.5000 3607.2633 0.3321 0.1069 -0.5819 3.0025 5.0000 11.3786 0.0040 
39.6323 16.5000 3628.7398 0.3331 0.1072 -0.5802 2.9971 6.0000 11.2266 0.0051 
39.6466 16.5000 3635.1697 0.3330 0.1084 -0.5775 3.0009 5.0000 11.3733 0.0045 
39.6052 16.5000 3618.1118 0.3338 0.1089 -0.5787 2.9983 5.0000 11.1547 0.0045 
39.6262 16.5000 3628.8180 0.3313 0.1074 -0.5770 2.9996 5.0000 8.5660 0.0045 
