39.4646 16.5000 3569.2228 0.5147 0.2050 -0.6494 3.0267 6.0000 5.8091 0.0099 
39.4592 16.5000 3572.6392 0.5116 0.2046 -0.6366 3.0312 6.0000 5.8161 0.0099 
39.4152 16.5000 3560.6244 0.5110 0.2047 -0.6406 3.0208 5.0000 5.7200 0.0088 
39.4138 16.5000 3551.6174 0.5151 0.2056 -0.6570 3.0280 5.0000 5.4525 0.0084 
39.4805 16.5000 3578.2209 0.5187 0.2035 -0.6545 3.0211 5.0000 5.5654 0.0080 
39.4750 16.5000 3574.6997 0.5135 0.2021 -0.6483 3.0376 6.0000 5.5069 0.0080 
39.4902 16.5000 3586.9137 0.5161 0.2060 -0.6462 3.0350 5.0000 5.8439 0.0096 
39.4671 16.5000 3577.2455 0.5120 0.2019 -0.6442 3.0330 5.0000 5.9433 0.0083 
39.4289 16.5000 3557.1483 0.5177 0.2056 -0.6590 3.0304 5.0000 5.8885 0.0083 
39.4783 16.5000 3578.4396 0.5115 0.2032 -0.6381 3.0321 5.0000 5.7703 0.0097 
39.4311 16.5000 3560.5141 0.5162 0.2061 -0.6481 3.0301 5.0000 5.9448 0.0086 
39.4250 16.5000 3544.1369 0.5120 0.2007 -0.6535 3.0283 5.0000 5.8560 0.0089 
39.4538 16.5000 3566.5541 0.5135 0.2036 -0.6432 3.0385 6.0000 5.7661 0.0078 
39.4668 16.5000 3575.4603 0.5203 0.2029 -0.6547 3.0253 5.0000 5.9483 0.0070 
39.4995 16.5000 3585.3540 0.5163 0.2057 -0.6415 3.0348 5.0000 5.9664 0.0078 
39.5302 16.5000 3591.3489 0.5120 0.2011 -0.6523 3.0277 6.0000 5.8205 0.0072 
39.4981 16.5000 3582.5080 0.5116 0.2028 -0.6433 3.0238 5.0000 5.9158 0.0084 
39.5226 16.5000 3594.7065 0.5137 0.2068 -0.6381 3.0314 6.0000 5.9176 0.0090 
39.4754 16.5000 3576.3808 0.5168 0.2038 -0.6463 3.0346 5.0000 5.8524 0.0084 
39.4498 16.5000 3574.7552 0.5130 0.2046 -0.6373 3.0208 5.0000 5.9139 0.0072 
39.4736 16.5000 3569.9510 0.5170 0.2048 -0.6479 3.0377 5.0000 5.9208 0.0076 
39.5219 16.5000 3602.8276 0.5253 0.2045 -0.6529 3.0290 5.0000 5.9560 0.0098 
39.5071 16.5000 3591.8389 0.5111 0.2015 -0.6423 3.0278 5.0000 5.9861 0.0099 
39.4203 16.5000 3553.7377 0.5152 0.2034 -0.6497 3.0260 5.0000 5.9944 0.0083 
39.4145 16.5000 3553.4560 0.5153 0.2046 -0.6477 3.0366 6.0000 5.6953 0.0101 
39.4783 16.5000 3570.7548 0.5164 0.2040 -0.6479 3.0250 5.0000 5.7317 0.0084 
39.4062 16.5000 3544.1708 0.5157 0.2104 -0.6526 3.0339 5.0000 5.7637 0.0075 
39.4750 16.5000 3572.5819 0.5144 0.2024 -0.6483 3.0343 5.0000 5.8710 0.0084 
39.5107 16.5000 3586.8478 0.5168 0.2087 -0.6428 3.0353 6.0000 5.8350 0.0085 
39.4743 16.5000 3571.4451 0.5181 0.2069 -0.6473 3.0311 6.0000 5.8683 0.0080 
39.4700 16.5000 3576.2151 0.5138 0.2023 -0.6491 3.0278 5.0000 5.8716 0.0077 
39.4887 16.5000 3580.9051 0.5182 0.2094 -0.6474 3.0294 5.0000 5.8834 0.0091 
39.5010 16.5000 3582.9357 0.5076 0.2006 -0.6479 3.0355 5.0000 5.9601 0.0092 
39.4473 16.5000 3578.5293 0.5235 0.2083 -0.6526 3.0371 5.0000 5.9696 0.0090 
39.4441 16.5000 3569.3090 0.5171 0.2026 -0.6536 3.0215 5.0000 6.0520 0.0083 
39.4502 16.5000 3556.4943 0.5122 0.2041 -0.6513 3.0343 5.0000 5.9641 0.0073 
39.4794 16.5000 3585.3068 0.5175 0.2049 -0.6386 3.0270 6.0000 5.7809 0.0085 
39.5165 16.5000 3586.0753 0.5055 0.2014 -0.6396 3.0214 5.0000 5.7695 0.0081 
39.4700 16.5000 3575.9006 0.5166 0.2073 -0.6405 3.0363 6.0000 5.8005 0.0092 
39.4841 16.5000 3583.2690 0.5068 0.2009 -0.6417 3.0262 5.0000 5.8872 0.0092 
39.4419 16.5000 3567.3825 0.5158 0.2045 -0.6441 3.0466 6.0000 6.0103 0.0080 
39.4437 16.5000 3555.5954 0.5141 0.2062 -0.6485 3.0324 5.0000 6.0545 0.0089 
39.4905 16.5000 3576.9285 0.5091 0.2018 -0.6474 3.0235 6.0000 5.7847 0.0089 
39.4552 16.5000 3567.1346 0.5189 0.2065 -0.6484 3.0368 6.0000 5.7095 0.0080 
39.4545 16.5000 3565.2794 0.5167 0.2067 -0.6506 3.0287 5.0000 5.6944 0.0068 
39.4916 16.5000 3590.2673 0.5187 0.2073 -0.6439 3.0395 5.0000 5.6436 0.0077 
39.5370 16.5000 3606.3711 0.5150 0.2023 -0.6428 3.0107 6.0000 5.6721 0.0094 
39.5006 16.5000 3587.2106 0.5110 0.2036 -0.6364 3.0265 5.0000 5.6851 0.0095 
39.4343 16.5000 3565.7265 0.5127 0.2036 -0.6492 3.0376 6.0000 5.5725 0.0086 
39.4311 16.5000 3557.5471 0.5109 0.2058 -0.6444 3.0408 5.0000 5.6808 0.0090 
39.4668 16.5000 3569.3583 0.5213 0.2085 -0.6494 3.0256 5.0000 5.7132 0.0093 
39.4516 16.5000 3561.3280 0.5158 0.2066 -0.6435 3.0443 5.0000 5.7217 0.0106 
39.4379 16.5000 3557.8353 0.5155 0.2063 -0.6415 3.0273 5.0000 5.6958 0.0081 
39.3893 16.5000 3552.1686 0.5133 0.2098 -0.6428 3.0278 5.0000 5.7560 0.0093 
39.4841 16.5000 3574.5469 0.5170 0.2095 -0.6445 3.0392 5.0000 5.9743 0.0073 
39.4376 16.5000 3561.8598 0.5192 0.2080 -0.6504 3.0428 5.0000 5.8678 0.0084 
39.5154 16.5000 3591.8764 0.5154 0.2041 -0.6483 3.0299 5.0000 5.8230 0.0090 
39.4761 16.5000 3570.9987 0.5155 0.2027 -0.6534 3.0354 5.0000 5.6252 0.0079 
39.4495 16.5000 3572.6828 0.5140 0.2060 -0.6424 3.0278 6.0000 5.6053 0.0068 
39.4934 16.5000 3586.3430 0.5159 0.2040 -0.6485 3.0266 6.0000 5.6726 0.0064 
39.5363 16.5000 3592.7718 0.5128 0.2059 -0.6435 3.0309 5.0000 5.6931 0.0099 
39.5532 16.5000 3606.0814 0.5173 0.2061 -0.6449 3.0391 6.0000 5.7615 0.0089 
39.4142 16.5000 3557.7633 0.5147 0.2051 -0.6461 3.0423 6.0000 5.8137 0.0073 
39.4549 16.5000 3578.5473 0.5176 0.2042 -0.6463 3.0386 5.0000 5.7127 0.0099 
39.5161 16.5000 3596.5858 0.5138 0.2068 -0.6449 3.0283 6.0000 5.7243 0.0090 
39.4174 16.5000 3559.7482 0.5233 0.2092 -0.6499 3.0284 6.0000 5.6728 0.0078 
39.4495 16.5000 3568.6071 0.5145 0.2075 -0.6433 3.0332 5.0000 5.8418 0.0077 
39.4977 16.5000 3583.6458 0.5128 0.1996 -0.6444 3.0210 5.0000 5.8014 0.0081 
39.5006 16.5000 3586.9072 0.5123 0.1978 -0.6444 3.0273 5.0000 5.7708 0.0097 
39.4841 16.5000 3577.7305 0.5136 0.2048 -0.6485 3.0186 6.0000 5.6555 0.0088 
39.4253 16.5000 3561.0730 0.5167 0.2025 -0.6553 3.0148 5.0000 5.6626 0.0088 
39.4567 16.5000 3574.2061 0.5149 0.2035 -0.6472 3.0348 5.0000 5.6501 0.0060 
39.4574 16.5000 3573.6671 0.5181 0.2051 -0.6499 3.0416 5.0000 5.6923 0.0083 
39.5680 16.5000 3604.1369 0.5137 0.2009 -0.6502 3.0242 5.0000 5.8497 0.0094 
39.4765 16.5000 3570.6157 0.5163 0.2078 -0.6529 3.0323 5.0000 5.7578 0.0093 
39.4351 16.5000 3560.3275 0.5179 0.2079 -0.6483 3.0281 5.0000 5.7704 0.0097 
39.4387 16.5000 3563.7903 0.5225 0.2104 -0.6521 3.0311 6.0000 5.7778 0.0095 
39.4235 16.5000 3558.1729 0.5154 0.2094 -0.6394 3.0231 5.0000 5.7737 0.0085 
39.4322 16.5000 3567.3399 0.5124 0.2023 -0.6564 3.0263 5.0000 5.7062 0.0090 
39.4714 16.5000 3576.9166 0.5136 0.2050 -0.6430 3.0285 5.0000 5.7620 0.0076 
39.4505 16.5000 3563.5644 0.5212 0.2079 -0.6528 3.0229 5.0000 5.6184 0.0092 
39.5071 16.5000 3589.4041 0.5147 0.2061 -0.6471 3.0284 5.0000 5.7544 0.0091 
39.4423 16.5000 3562.5476 0.5146 0.2031 -0.6478 3.0274 5.0000 5.7953 0.0094 
39.4459 16.5000 3564.8179 0.5125 0.2026 -0.6369 3.0319 5.0000 5.7896 0.0081 
39.4354 16.5000 3558.0631 0.5229 0.2111 -0.6452 3.0376 5.0000 5.8940 0.0089 
39.4869 16.5000 3582.8932 0.5163 0.2061 -0.6420 3.0338 5.0000 6.0803 0.0079 
39.4552 16.5000 3570.4125 0.5173 0.2049 -0.6489 3.0283 6.0000 5.9653 0.0079 
39.4941 16.5000 3579.3943 0.5155 0.2061 -0.6501 3.0227 6.0000 6.0248 0.0089 
39.4621 16.5000 3567.8609 0.5163 0.2063 -0.6469 3.0388 5.0000 6.1534 0.0096 
39.4545 16.5000 3564.5023 0.5122 0.2029 -0.6421 3.0229 5.0000 6.1707 0.0096 
39.4260 16.5000 3555.8436 0.5135 0.2057 -0.6450 3.0385 6.0000 5.8850 0.0095 
39.5125 16.5000 3593.2582 0.5166 0.2079 -0.6453 3.0309 5.0000 5.8682 0.0108 
39.4329 16.5000 3563.0600 0.5113 0.2032 -0.6415 3.0414 5.0000 5.7736 0.0108 
39.3789 16.5000 3533.6368 0.5129 0.2051 -0.6509 3.0340 6.0000 5.9215 0.0094 
39.4502 16.5000 3575.1493 0.5158 0.2067 -0.6458 3.0311 6.0000 5.8459 0.0085 
39.4361 16.5000 3574.9306 0.5159 0.2061 -0.6467 3.0209 5.0000 5.9809 0.0089 
39.4718 16.5000 3581.7557 0.5196 0.2051 -0.6528 3.0400 6.0000 6.0081 0.0098 
39.4545 16.5000 3573.2383 0.5172 0.2050 -0.6478 3.0271 5.0000 5.7022 0.0090 
39.4188 16.5000 3557.5720 0.5135 0.2038 -0.6454 3.0253 5.0000 5.8457 0.0090 
39.4502 16.5000 3557.7817 0.5116 0.2045 -0.6476 3.0351 5.0000 4.9264 0.0090 
