39.2338 16.5000 3465.9818 0.4003 0.1558 -0.6254 2.8759 5.0000 2.8574 0.0114 
39.2974 16.5000 3505.5859 0.4010 0.1590 -0.6241 2.8797 5.0000 2.8356 0.0114 
39.3185 16.5000 3517.4411 0.4017 0.1567 -0.6301 2.8738 5.0000 2.7094 0.0124 
39.3589 16.5000 3522.2381 0.4000 0.1578 -0.6237 2.8715 5.0000 2.4296 0.0121 
39.3155 16.5000 3523.5914 0.4023 0.1574 -0.6218 2.8764 5.0000 2.4504 0.0091 
39.3301 16.5000 3528.7682 0.3996 0.1569 -0.6176 2.8720 5.0000 2.4428 0.0091 
39.4482 16.5000 3575.6151 0.3983 0.1547 -0.6186 2.8655 5.0000 2.6976 0.0116 
39.3105 16.5000 3524.7526 0.4041 0.1593 -0.6226 2.8731 5.0000 2.7150 0.0129 
39.3508 16.5000 3531.3781 0.4038 0.1592 -0.6179 2.8721 5.0000 2.7908 0.0138 
39.2984 16.5000 3526.0600 0.4067 0.1575 -0.6243 2.8775 5.0000 2.4751 0.0123 
39.2636 16.5000 3510.1125 0.4001 0.1561 -0.6204 2.8745 5.0000 2.4891 0.0138 
39.3211 16.5000 3508.0207 0.4030 0.1581 -0.6227 2.8754 5.0000 2.4980 0.0120 
39.2656 16.5000 3502.5619 0.4051 0.1582 -0.6327 2.8759 5.0000 2.6784 0.0156 
39.3337 16.5000 3531.1778 0.3979 0.1559 -0.6242 2.8740 5.0000 2.6349 0.0122 
39.1934 16.5000 3471.5884 0.4020 0.1585 -0.6231 2.8785 5.0000 2.6918 0.0111 
39.3266 16.5000 3520.6542 0.4030 0.1578 -0.6287 2.8649 5.0000 2.4941 0.0113 
39.3675 16.5000 3537.1369 0.4001 0.1560 -0.6241 2.8724 5.0000 2.4799 0.0122 
39.3629 16.5000 3532.1675 0.4005 0.1590 -0.6200 2.8658 5.0000 2.4895 0.0116 
39.3261 16.5000 3534.4096 0.3999 0.1563 -0.6184 2.8735 5.0000 2.8053 0.0123 
39.3488 16.5000 3526.8101 0.4027 0.1577 -0.6253 2.8821 5.0000 2.7343 0.0131 
39.3211 16.5000 3526.6820 0.3997 0.1562 -0.6198 2.8703 5.0000 2.7162 0.0121 
39.2898 16.5000 3496.8298 0.3941 0.1559 -0.6234 2.8754 5.0000 2.4989 0.0112 
39.3286 16.5000 3530.6174 0.4052 0.1566 -0.6228 2.8663 5.0000 2.5017 0.0120 
39.3634 16.5000 3541.3801 0.4048 0.1589 -0.6227 2.8713 5.0000 2.4757 0.0104 
39.3357 16.5000 3523.4855 0.3989 0.1546 -0.6247 2.8673 5.0000 2.7102 0.0117 
39.3977 16.5000 3545.5990 0.4021 0.1559 -0.6238 2.8663 5.0000 2.6384 0.0117 
39.3463 16.5000 3524.2885 0.3986 0.1594 -0.6152 2.8757 5.0000 2.6455 0.0126 
39.3609 16.5000 3536.4943 0.4031 0.1587 -0.6216 2.8696 5.0000 2.5389 0.0106 
39.3100 16.5000 3522.8852 0.4016 0.1588 -0.6281 2.8757 5.0000 2.5311 0.0106 
39.3866 16.5000 3544.0318 0.4009 0.1582 -0.6205 2.8693 5.0000 2.4945 0.0123 
39.3291 16.5000 3506.4797 0.4030 0.1572 -0.6250 2.8742 5.0000 2.7796 0.0118 
39.3211 16.5000 3523.9955 0.3968 0.1518 -0.6283 2.8685 5.0000 2.7774 0.0118 
39.3427 16.5000 3520.3153 0.4006 0.1565 -0.6240 2.8679 5.0000 2.8461 0.0126 
39.3327 16.5000 3534.3818 0.4003 0.1569 -0.6225 2.8714 5.0000 2.5323 0.0131 
39.3120 16.5000 3514.8777 0.3997 0.1567 -0.6225 2.8707 5.0000 2.5293 0.0131 
39.2908 16.5000 3509.4981 0.4047 0.1564 -0.6198 2.8600 5.0000 2.4906 0.0125 
39.3670 16.5000 3536.7491 0.4014 0.1561 -0.6223 2.8680 5.0000 2.6976 0.0120 
39.3150 16.5000 3519.6837 0.4036 0.1582 -0.6281 2.8748 5.0000 2.6772 0.0120 
39.3327 16.5000 3517.3044 0.4049 0.1551 -0.6297 2.8778 5.0000 2.6681 0.0140 
39.3402 16.5000 3528.1851 0.4021 0.1593 -0.6224 2.8782 5.0000 2.5162 0.0098 
39.2545 16.5000 3482.1342 0.4008 0.1567 -0.6226 2.8803 5.0000 2.5064 0.0098 
39.4199 16.5000 3547.2358 0.4066 0.1595 -0.6287 2.8763 5.0000 2.4889 0.0098 
39.4013 16.5000 3554.6840 0.4035 0.1570 -0.6220 2.8708 5.0000 2.7590 0.0108 
39.4426 16.5000 3572.6159 0.4010 0.1572 -0.6164 2.8699 5.0000 2.7916 0.0108 
39.3796 16.5000 3550.8878 0.4038 0.1616 -0.6099 2.8812 5.0000 2.7433 0.0108 
39.3271 16.5000 3517.8134 0.4001 0.1572 -0.6159 2.8767 5.0000 2.5249 0.0121 
39.3372 16.5000 3531.2000 0.4026 0.1589 -0.6201 2.8764 5.0000 2.5161 0.0121 
39.3296 16.5000 3526.2714 0.3997 0.1577 -0.6229 2.8794 5.0000 2.5094 0.0121 
39.3770 16.5000 3547.3619 0.4031 0.1573 -0.6206 2.8730 5.0000 2.6289 0.0122 
39.3190 16.5000 3522.5387 0.4046 0.1564 -0.6259 2.8693 5.0000 2.6815 0.0114 
39.3251 16.5000 3521.5652 0.4001 0.1567 -0.6231 2.8727 5.0000 2.6524 0.0114 
39.3584 16.5000 3525.6999 0.4028 0.1582 -0.6209 2.8713 5.0000 2.5265 0.0104 
39.4003 16.5000 3562.5836 0.4035 0.1563 -0.6245 2.8647 5.0000 2.5407 0.0110 
39.3947 16.5000 3557.6832 0.4075 0.1576 -0.6235 2.8737 5.0000 2.5311 0.0110 
39.3710 16.5000 3518.3501 0.4043 0.1580 -0.6287 2.8777 5.0000 2.8290 0.0136 
39.3407 16.5000 3499.1864 0.3996 0.1590 -0.6234 2.8689 5.0000 2.8568 0.0115 
39.2726 16.5000 3495.1480 0.4011 0.1563 -0.6286 2.8768 5.0000 2.8170 0.0115 
39.3533 16.5000 3540.1332 0.4049 0.1593 -0.6205 2.8662 5.0000 2.5225 0.0132 
39.3231 16.5000 3519.9556 0.4050 0.1605 -0.6215 2.8745 5.0000 2.5238 0.0117 
39.2873 16.5000 3513.2863 0.3959 0.1543 -0.6148 2.8693 5.0000 2.5125 0.0117 
39.3443 16.5000 3513.5067 0.4010 0.1547 -0.6293 2.8662 5.0000 2.6349 0.0130 
39.3619 16.5000 3529.6227 0.4022 0.1596 -0.6208 2.8773 5.0000 2.6539 0.0113 
39.2958 16.5000 3491.8487 0.4015 0.1562 -0.6259 2.8677 5.0000 2.6982 0.0114 
39.3619 16.5000 3540.9503 0.4021 0.1564 -0.6134 2.8671 5.0000 2.5459 0.0155 
39.3559 16.5000 3529.8527 0.4043 0.1576 -0.6274 2.8753 5.0000 2.5103 0.0128 
39.1995 16.5000 3455.2277 0.3969 0.1564 -0.6244 2.8707 5.0000 2.4789 0.0128 
39.3009 16.5000 3506.2376 0.4018 0.1577 -0.6288 2.8687 5.0000 2.7760 0.0110 
39.2787 16.5000 3509.3942 0.3988 0.1580 -0.6226 2.8713 5.0000 2.8367 0.0144 
39.3735 16.5000 3551.6333 0.3985 0.1536 -0.6187 2.8674 5.0000 2.7683 0.0144 
39.2398 16.5000 3501.0023 0.4041 0.1572 -0.6254 2.8780 5.0000 2.5543 0.0116 
39.3029 16.5000 3526.7380 0.4051 0.1592 -0.6222 2.8738 5.0000 2.5224 0.0116 
39.3493 16.5000 3527.4235 0.4009 0.1572 -0.6215 2.8741 5.0000 2.5457 0.0113 
39.2373 16.5000 3491.5773 0.3967 0.1565 -0.6173 2.8792 5.0000 2.6508 0.0130 
39.3624 16.5000 3540.6638 0.4027 0.1592 -0.6207 2.8710 5.0000 2.6582 0.0114 
39.2943 16.5000 3512.4585 0.4006 0.1581 -0.6243 2.8706 5.0000 2.6612 0.0125 
39.3584 16.5000 3531.5228 0.4057 0.1575 -0.6160 2.8692 5.0000 2.5508 0.0110 
39.3145 16.5000 3503.3907 0.4021 0.1574 -0.6201 2.8764 5.0000 2.5310 0.0110 
39.3710 16.5000 3551.1647 0.4085 0.1594 -0.6207 2.8779 5.0000 2.5383 0.0124 
39.2772 16.5000 3493.2232 0.4007 0.1572 -0.6224 2.8777 5.0000 2.8169 0.0098 
39.3195 16.5000 3514.3400 0.4022 0.1587 -0.6254 2.8743 5.0000 2.8638 0.0118 
39.4184 16.5000 3554.2648 0.4014 0.1569 -0.6203 2.8731 5.0000 2.7957 0.0118 
39.3417 16.5000 3525.9818 0.4036 0.1573 -0.6193 2.8729 5.0000 2.5509 0.0153 
39.3821 16.5000 3545.3402 0.4059 0.1585 -0.6277 2.8734 5.0000 2.5248 0.0133 
39.2040 16.5000 3459.4411 0.4040 0.1586 -0.6343 2.8823 5.0000 2.5192 0.0133 
39.2842 16.5000 3507.3019 0.3994 0.1579 -0.6281 2.8784 5.0000 2.6629 0.0138 
39.3246 16.5000 3527.9304 0.4017 0.1556 -0.6168 2.8652 5.0000 2.6894 0.0126 
39.2641 16.5000 3497.6005 0.4000 0.1578 -0.6201 2.8701 5.0000 2.7196 0.0126 
39.3090 16.5000 3513.4658 0.4037 0.1590 -0.6294 2.8724 5.0000 2.5161 0.0115 
39.2898 16.5000 3500.0570 0.4006 0.1566 -0.6243 2.8728 5.0000 2.4748 0.0115 
39.3538 16.5000 3532.5811 0.3999 0.1559 -0.6260 2.8676 5.0000 2.4922 0.0111 
39.3685 16.5000 3539.3871 0.4011 0.1551 -0.6242 2.8679 5.0000 2.8341 0.0126 
39.3770 16.5000 3552.2194 0.4000 0.1574 -0.6186 2.8674 5.0000 2.7989 0.0126 
39.3100 16.5000 3515.8441 0.4062 0.1587 -0.6211 2.8756 5.0000 2.8112 0.0126 
39.3513 16.5000 3531.2721 0.4026 0.1561 -0.6185 2.8689 5.0000 2.5742 0.0099 
39.3367 16.5000 3498.8913 0.3956 0.1540 -0.6248 2.8630 5.0000 2.5379 0.0099 
39.4159 16.5000 3557.1728 0.4011 0.1559 -0.6171 2.8697 5.0000 2.5069 0.0099 
39.3372 16.5000 3521.4683 0.4060 0.1575 -0.6246 2.8731 5.0000 2.7062 0.0120 
39.4573 16.5000 3568.7728 0.4043 0.1580 -0.6181 2.8702 5.0000 2.6975 0.0120 
39.3337 16.5000 3515.7665 0.4022 0.1603 -0.6185 2.8820 5.0000 2.7083 0.0120 
39.2863 16.5000 3508.8086 0.4000 0.1579 -0.6229 2.8732 5.0000 2.3495 0.0132 
