39.5846 16.5000 3605.6354 0.2465 0.0827 -0.4940 2.8960 5.0000 6.3541 0.0056 
39.5529 16.5000 3596.3988 0.2475 0.0817 -0.4993 2.8956 5.0000 6.3763 0.0056 
39.6130 16.5000 3619.6945 0.2444 0.0819 -0.4917 2.8946 5.0000 6.4019 0.0056 
39.5673 16.5000 3601.7899 0.2470 0.0832 -0.4950 2.8958 5.0000 6.0726 0.0056 
39.6307 16.5000 3624.9360 0.2471 0.0838 -0.4905 2.8960 5.0000 6.0223 0.0056 
39.5828 16.5000 3603.5723 0.2484 0.0833 -0.4980 2.8954 5.0000 6.1696 0.0047 
39.6202 16.5000 3625.9762 0.2448 0.0822 -0.4923 2.8951 5.0000 6.2936 0.0062 
39.5500 16.5000 3596.0501 0.2464 0.0815 -0.4979 2.8963 5.0000 6.2865 0.0062 
39.5597 16.5000 3596.1816 0.2496 0.0826 -0.4988 2.8939 5.0000 6.2684 0.0062 
39.5979 16.5000 3617.1137 0.2475 0.0815 -0.4960 2.8960 5.0000 6.4097 0.0053 
39.5983 16.5000 3616.6366 0.2437 0.0815 -0.4914 2.8938 5.0000 6.6364 0.0048 
39.5965 16.5000 3611.3183 0.2507 0.0838 -0.5004 2.8966 5.0000 6.4568 0.0048 
39.6163 16.5000 3621.8152 0.2457 0.0812 -0.4940 2.8947 5.0000 6.1718 0.0059 
39.5954 16.5000 3616.7566 0.2452 0.0828 -0.4931 2.8944 5.0000 6.3971 0.0053 
39.5741 16.5000 3600.3322 0.2476 0.0824 -0.5008 2.8918 5.0000 6.3016 0.0053 
39.5972 16.5000 3615.5511 0.2464 0.0824 -0.4932 2.8948 5.0000 6.1231 0.0048 
39.6030 16.5000 3615.3190 0.2462 0.0827 -0.4934 2.8953 5.0000 6.3095 0.0055 
39.6148 16.5000 3622.4525 0.2457 0.0817 -0.4882 2.8897 5.0000 6.2065 0.0055 
39.5893 16.5000 3613.4783 0.2485 0.0831 -0.4976 2.8919 5.0000 6.3334 0.0064 
39.5572 16.5000 3599.9434 0.2476 0.0824 -0.4953 2.8925 5.0000 6.4525 0.0056 
39.5507 16.5000 3597.3511 0.2473 0.0834 -0.4982 2.8993 5.0000 6.5265 0.0062 
39.5831 16.5000 3602.7346 0.2467 0.0831 -0.4952 2.8958 5.0000 6.1047 0.0053 
39.5608 16.5000 3599.7139 0.2465 0.0820 -0.4951 2.8926 5.0000 6.2914 0.0046 
39.5979 16.5000 3615.1403 0.2458 0.0824 -0.4964 2.8943 5.0000 6.2850 0.0061 
39.6246 16.5000 3626.2965 0.2450 0.0821 -0.4913 2.8976 5.0000 6.3191 0.0058 
39.5651 16.5000 3600.9832 0.2460 0.0833 -0.4957 2.8920 5.0000 6.3556 0.0044 
39.5777 16.5000 3610.0785 0.2463 0.0829 -0.4921 2.8942 5.0000 6.3986 0.0058 
39.6307 16.5000 3628.5354 0.2451 0.0812 -0.4928 2.8922 5.0000 6.2573 0.0055 
39.5756 16.5000 3607.1987 0.2468 0.0816 -0.4921 2.8921 5.0000 6.3395 0.0059 
39.5889 16.5000 3611.2747 0.2437 0.0821 -0.4907 2.8939 5.0000 6.3181 0.0060 
39.5741 16.5000 3607.9877 0.2451 0.0818 -0.4934 2.8967 5.0000 6.2211 0.0053 
39.5691 16.5000 3601.3846 0.2465 0.0832 -0.4957 2.8986 5.0000 6.2434 0.0052 
39.5972 16.5000 3617.5507 0.2447 0.0824 -0.4940 2.8958 5.0000 6.3267 0.0064 
39.5994 16.5000 3614.9548 0.2455 0.0821 -0.4919 2.8946 5.0000 6.4206 0.0057 
39.5543 16.5000 3593.5125 0.2494 0.0824 -0.5010 2.8967 5.0000 6.5717 0.0051 
39.5792 16.5000 3609.1130 0.2462 0.0829 -0.4938 2.8962 5.0000 6.5080 0.0049 
39.6030 16.5000 3616.2245 0.2489 0.0835 -0.4930 2.8972 5.0000 6.1138 0.0051 
39.6120 16.5000 3616.7224 0.2441 0.0824 -0.4934 2.8983 5.0000 6.3574 0.0052 
39.6022 16.5000 3616.5682 0.2458 0.0811 -0.4923 2.8946 5.0000 6.2063 0.0052 
39.5986 16.5000 3617.9132 0.2461 0.0820 -0.4909 2.8980 5.0000 6.0790 0.0059 
39.5763 16.5000 3600.0757 0.2472 0.0828 -0.4931 2.8981 5.0000 6.5116 0.0062 
39.5730 16.5000 3601.7669 0.2459 0.0824 -0.4946 2.8945 5.0000 6.5321 0.0062 
39.5622 16.5000 3595.9859 0.2470 0.0825 -0.4989 2.8930 5.0000 6.1227 0.0051 
39.6163 16.5000 3617.5277 0.2445 0.0817 -0.4921 2.8961 5.0000 6.2898 0.0054 
39.6019 16.5000 3617.1537 0.2473 0.0828 -0.4966 2.8943 5.0000 6.2360 0.0054 
39.5914 16.5000 3612.6334 0.2466 0.0828 -0.4962 2.8939 5.0000 6.4484 0.0048 
39.5507 16.5000 3593.8123 0.2475 0.0823 -0.4947 2.8932 5.0000 6.4798 0.0051 
39.6170 16.5000 3620.7011 0.2446 0.0825 -0.4902 2.8974 5.0000 6.3532 0.0051 
39.6051 16.5000 3617.6530 0.2474 0.0826 -0.4944 2.8963 5.0000 6.1325 0.0049 
39.6084 16.5000 3616.6417 0.2471 0.0824 -0.4954 2.8965 5.0000 6.0373 0.0058 
39.6116 16.5000 3620.2771 0.2477 0.0824 -0.4948 2.8935 5.0000 6.0371 0.0058 
39.5752 16.5000 3600.5606 0.2458 0.0813 -0.4967 2.8946 5.0000 6.1233 0.0059 
39.5867 16.5000 3604.2418 0.2463 0.0829 -0.4941 2.8949 5.0000 6.3252 0.0061 
39.5738 16.5000 3608.4590 0.2470 0.0820 -0.4929 2.8945 5.0000 6.4247 0.0057 
39.5640 16.5000 3596.4107 0.2472 0.0828 -0.4956 2.8949 5.0000 5.9320 0.0056 
39.5803 16.5000 3606.2504 0.2457 0.0825 -0.4915 2.8961 5.0000 5.9204 0.0048 
39.5857 16.5000 3612.2309 0.2476 0.0827 -0.4959 2.8932 5.0000 6.3969 0.0051 
39.6159 16.5000 3617.3507 0.2463 0.0828 -0.4949 2.8923 5.0000 6.1751 0.0059 
39.6055 16.5000 3618.9742 0.2452 0.0822 -0.4887 2.8972 5.0000 6.2197 0.0054 
39.5720 16.5000 3598.5585 0.2450 0.0817 -0.4936 2.8949 5.0000 6.0555 0.0049 
39.5903 16.5000 3613.2693 0.2469 0.0817 -0.4924 2.8934 5.0000 6.4777 0.0046 
39.6120 16.5000 3621.9618 0.2458 0.0819 -0.4920 2.8945 5.0000 6.5856 0.0041 
39.6224 16.5000 3625.1097 0.2462 0.0825 -0.4967 2.8956 5.0000 6.6305 0.0056 
39.6433 16.5000 3629.8008 0.2464 0.0811 -0.4961 2.8905 5.0000 6.4393 0.0062 
39.5857 16.5000 3613.1937 0.2457 0.0829 -0.4917 2.8923 5.0000 6.3575 0.0056 
39.5601 16.5000 3600.0458 0.2476 0.0828 -0.4956 2.8952 5.0000 6.4715 0.0052 
39.5849 16.5000 3611.3086 0.2459 0.0816 -0.4948 2.8938 5.0000 6.6682 0.0055 
39.5997 16.5000 3612.3625 0.2479 0.0824 -0.4965 2.8954 5.0000 6.8587 0.0054 
39.5871 16.5000 3601.6372 0.2464 0.0825 -0.4915 2.8976 5.0000 6.7584 0.0059 
39.5914 16.5000 3609.2686 0.2477 0.0824 -0.4961 2.8955 5.0000 6.3419 0.0055 
39.5738 16.5000 3601.3061 0.2470 0.0826 -0.4935 2.8951 5.0000 6.4579 0.0062 
39.5871 16.5000 3611.9319 0.2467 0.0829 -0.4934 2.8930 5.0000 6.3220 0.0051 
39.5586 16.5000 3595.2156 0.2473 0.0832 -0.4966 2.8969 5.0000 6.2946 0.0054 
39.6026 16.5000 3617.8026 0.2483 0.0823 -0.4966 2.8943 5.0000 6.1591 0.0057 
39.5918 16.5000 3608.9094 0.2461 0.0826 -0.4941 2.8973 5.0000 6.0925 0.0054 
39.5810 16.5000 3609.5727 0.2467 0.0833 -0.4968 2.8962 5.0000 6.3958 0.0053 
39.5939 16.5000 3616.6067 0.2465 0.0820 -0.4947 2.8934 5.0000 6.2536 0.0050 
39.5968 16.5000 3616.4878 0.2447 0.0819 -0.4916 2.8957 5.0000 6.4603 0.0057 
39.6080 16.5000 3619.5702 0.2482 0.0833 -0.4938 2.8998 5.0000 6.0378 0.0050 
39.5806 16.5000 3609.4070 0.2466 0.0821 -0.4944 2.8974 5.0000 6.0056 0.0058 
39.6094 16.5000 3616.5192 0.2466 0.0828 -0.4951 2.8967 5.0000 6.3582 0.0064 
39.5759 16.5000 3610.9397 0.2465 0.0819 -0.4948 2.8954 5.0000 6.0966 0.0046 
39.5507 16.5000 3594.3830 0.2486 0.0824 -0.5012 2.8920 5.0000 6.2552 0.0053 
39.6235 16.5000 3623.5529 0.2461 0.0819 -0.4908 2.8957 5.0000 6.3490 0.0048 
39.5954 16.5000 3614.9605 0.2471 0.0820 -0.4959 2.8926 5.0000 6.0281 0.0055 
39.6141 16.5000 3619.2545 0.2475 0.0830 -0.4971 2.8928 5.0000 6.0637 0.0053 
39.5882 16.5000 3609.2034 0.2471 0.0820 -0.4978 2.8930 5.0000 6.2608 0.0064 
39.5961 16.5000 3610.9440 0.2487 0.0834 -0.4964 2.8942 5.0000 6.0849 0.0058 
39.5536 16.5000 3594.9224 0.2477 0.0826 -0.4989 2.8943 5.0000 6.1880 0.0044 
39.5774 16.5000 3602.8881 0.2451 0.0813 -0.4966 2.8955 5.0000 6.1445 0.0057 
39.6332 16.5000 3630.3304 0.2494 0.0829 -0.4982 2.8939 5.0000 6.4937 0.0051 
39.5821 16.5000 3609.3828 0.2496 0.0821 -0.4987 2.8934 5.0000 6.6612 0.0059 
39.6055 16.5000 3613.2293 0.2490 0.0826 -0.4947 2.8943 5.0000 6.5374 0.0061 
39.5741 16.5000 3608.0256 0.2466 0.0824 -0.4926 2.8951 5.0000 6.6382 0.0059 
39.5637 16.5000 3596.2461 0.2475 0.0823 -0.4963 2.8938 5.0000 6.4673 0.0055 
39.5712 16.5000 3607.7528 0.2460 0.0835 -0.4909 2.8968 5.0000 6.4604 0.0053 
39.5871 16.5000 3604.7130 0.2476 0.0830 -0.4976 2.8989 5.0000 6.5541 0.0060 
39.5965 16.5000 3614.0710 0.2479 0.0832 -0.4950 2.8955 5.0000 6.9092 0.0041 
39.5669 16.5000 3600.0407 0.2475 0.0828 -0.4965 2.8951 5.0000 6.6443 0.0041 
39.6426 16.5000 3632.6676 0.2480 0.0821 -0.4948 2.8927 5.0000 5.7060 0.0041 
