38.5776 4.0000 3266.7566 0.3703 0.1826 -0.5714 2.5954 5.0000 0.4283 0.0315 
38.5902 4.0000 3262.2560 0.3698 0.1845 -0.5756 2.5900 5.0000 0.4275 0.0315 
38.5057 4.0000 3245.6898 0.3717 0.1828 -0.5740 2.5970 5.0000 0.4272 0.0315 
38.6974 4.0000 3302.4855 0.3715 0.1820 -0.5740 2.5936 5.0000 0.4541 0.0364 
38.6709 4.0000 3290.8991 0.3688 0.1836 -0.5693 2.6010 5.0000 0.4586 0.0364 
38.5397 4.0000 3259.6393 0.3743 0.1870 -0.5810 2.6000 5.0000 0.4261 0.0293 
38.4061 4.0000 3217.0416 0.3719 0.1833 -0.5834 2.5934 5.0000 0.4773 0.0367 
38.3720 4.0000 3203.9433 0.3673 0.1839 -0.5713 2.5987 5.0000 0.5086 0.0336 
38.3972 4.0000 3200.2648 0.3724 0.1813 -0.5938 2.5939 5.0000 0.4638 0.0367 
38.3947 4.0000 3222.6835 0.3677 0.1810 -0.5817 2.5904 5.0000 0.3783 0.0295 
38.5132 4.0000 3244.4250 0.3688 0.1787 -0.5853 2.5999 5.0000 0.3771 0.0348 
38.6658 4.0000 3313.6015 0.3739 0.1825 -0.5821 2.5894 5.0000 0.3736 0.0333 
38.4653 4.0000 3242.8802 0.3706 0.1827 -0.5753 2.5898 5.0000 0.3772 0.0325 
38.5246 4.0000 3228.3909 0.3730 0.1856 -0.5798 2.5999 5.0000 0.3868 0.0322 
38.5523 4.0000 3264.9016 0.3653 0.1770 -0.5744 2.5947 5.0000 0.3794 0.0317 
38.5624 4.0000 3265.3367 0.3710 0.1820 -0.5813 2.5920 5.0000 0.3750 0.0341 
38.5813 4.0000 3262.9407 0.3723 0.1843 -0.5845 2.5928 5.0000 0.3764 0.0325 
38.4943 4.0000 3245.6923 0.3723 0.1833 -0.5779 2.6015 5.0000 0.3759 0.0293 
38.5536 4.0000 3258.1677 0.3717 0.1875 -0.5676 2.6028 5.0000 0.3731 0.0311 
38.6721 4.0000 3303.3153 0.3739 0.1822 -0.5753 2.5916 5.0000 0.3763 0.0374 
38.6066 4.0000 3296.0580 0.3758 0.1880 -0.5644 2.5937 5.0000 0.3740 0.0344 
38.3695 4.0000 3200.9950 0.3668 0.1850 -0.5715 2.5965 5.0000 0.3723 0.0302 
38.4830 4.0000 3227.9823 0.3710 0.1833 -0.5859 2.5998 5.0000 0.3838 0.0348 
38.6406 4.0000 3321.4124 0.3763 0.1840 -0.5775 2.5883 5.0000 0.3753 0.0309 
38.4678 4.0000 3220.8020 0.3675 0.1846 -0.5722 2.6055 5.0000 0.3735 0.0321 
38.6129 4.0000 3294.0820 0.3785 0.1849 -0.5795 2.5885 5.0000 0.3901 0.0378 
38.5687 4.0000 3261.2207 0.3703 0.1880 -0.5709 2.6009 5.0000 0.3854 0.0378 
38.3556 4.0000 3189.2207 0.3689 0.1850 -0.5719 2.6053 5.0000 0.3889 0.0298 
38.5246 4.0000 3258.8941 0.3699 0.1843 -0.5730 2.5895 5.0000 0.3919 0.0321 
38.6545 4.0000 3299.7541 0.3678 0.1791 -0.5695 2.5876 5.0000 0.3841 0.0321 
38.5687 4.0000 3252.8802 0.3696 0.1808 -0.5776 2.6024 5.0000 0.3861 0.0340 
38.5637 4.0000 3261.7491 0.3728 0.1863 -0.5762 2.5957 5.0000 0.4035 0.0383 
38.4968 4.0000 3236.4023 0.3719 0.1840 -0.5820 2.6000 5.0000 0.4044 0.0383 
38.3392 4.0000 3192.8058 0.3713 0.1848 -0.5813 2.5962 5.0000 0.3928 0.0320 
38.5851 4.0000 3251.2232 0.3696 0.1871 -0.5817 2.5977 5.0000 0.4097 0.0354 
38.5700 4.0000 3264.5549 0.3740 0.1839 -0.5856 2.5928 5.0000 0.4077 0.0354 
38.4451 4.0000 3219.4086 0.3704 0.1834 -0.5757 2.5939 5.0000 0.3828 0.0319 
38.4288 4.0000 3222.5839 0.3673 0.1828 -0.5764 2.6045 5.0000 0.3901 0.0307 
38.5763 4.0000 3257.0454 0.3717 0.1791 -0.5873 2.5955 5.0000 0.3877 0.0307 
38.6204 4.0000 3290.0303 0.3697 0.1849 -0.5553 2.5922 5.0000 0.3776 0.0279 
38.4578 4.0000 3221.9937 0.3650 0.1807 -0.5734 2.5942 5.0000 0.3922 0.0341 
38.7251 4.0000 3312.9054 0.3740 0.1860 -0.5708 2.5979 5.0000 0.3852 0.0341 
38.4931 4.0000 3243.8651 0.3678 0.1834 -0.5679 2.5940 5.0000 0.3784 0.0364 
38.5851 4.0000 3272.6835 0.3735 0.1853 -0.5716 2.5937 5.0000 0.3809 0.0348 
38.4086 4.0000 3234.1311 0.3670 0.1801 -0.5709 2.5941 5.0000 0.3823 0.0348 
38.4666 4.0000 3238.9067 0.3690 0.1854 -0.5717 2.5934 5.0000 0.3776 0.0308 
38.3493 4.0000 3207.1450 0.3732 0.1814 -0.5854 2.5954 5.0000 0.3832 0.0354 
38.6179 4.0000 3291.8789 0.3714 0.1844 -0.5740 2.5908 5.0000 0.3802 0.0354 
38.4439 4.0000 3229.8575 0.3678 0.1844 -0.5677 2.5915 5.0000 0.3748 0.0347 
38.4641 4.0000 3231.7415 0.3719 0.1824 -0.5815 2.5930 5.0000 0.3767 0.0255 
38.4691 4.0000 3227.3468 0.3672 0.1815 -0.5804 2.5997 5.0000 0.3869 0.0255 
38.8146 4.0000 3336.8184 0.3698 0.1861 -0.5633 2.5896 5.0000 0.3925 0.0313 
38.5864 4.0000 3274.8890 0.3688 0.1790 -0.5803 2.5881 5.0000 0.3901 0.0345 
38.5990 4.0000 3286.0025 0.3737 0.1814 -0.5749 2.5878 5.0000 0.3850 0.0345 
38.4779 4.0000 3236.4300 0.3646 0.1784 -0.5793 2.5943 5.0000 0.3830 0.0320 
38.4363 4.0000 3226.4363 0.3682 0.1845 -0.5693 2.5974 5.0000 0.3984 0.0316 
38.5725 4.0000 3264.6923 0.3736 0.1861 -0.5815 2.5949 5.0000 0.4010 0.0316 
38.5851 4.0000 3254.9836 0.3672 0.1829 -0.5716 2.5983 5.0000 0.4008 0.0329 
38.3380 4.0000 3186.8222 0.3672 0.1796 -0.5911 2.5987 5.0000 0.4056 0.0346 
38.5397 4.0000 3256.9811 0.3696 0.1845 -0.5718 2.5954 5.0000 0.4045 0.0346 
38.4754 4.0000 3224.0454 0.3669 0.1834 -0.5767 2.5951 5.0000 0.3935 0.0308 
38.4149 4.0000 3215.6103 0.3686 0.1825 -0.5741 2.5940 5.0000 0.3914 0.0332 
38.6166 4.0000 3264.1677 0.3696 0.1795 -0.5777 2.5939 5.0000 0.3884 0.0332 
38.5259 4.0000 3245.0984 0.3643 0.1838 -0.5677 2.5959 5.0000 0.3775 0.0308 
38.3884 4.0000 3209.2232 0.3687 0.1871 -0.5743 2.6020 5.0000 0.3791 0.0290 
38.6166 4.0000 3293.0479 0.3714 0.1817 -0.5836 2.5879 5.0000 0.3943 0.0296 
38.6847 4.0000 3313.8953 0.3712 0.1804 -0.5814 2.5837 5.0000 0.3760 0.0354 
38.6620 4.0000 3287.0391 0.3706 0.1852 -0.5725 2.5959 5.0000 0.3794 0.0320 
38.4439 4.0000 3225.2396 0.3710 0.1872 -0.5651 2.6026 5.0000 0.3858 0.0338 
38.5725 4.0000 3273.2699 0.3666 0.1846 -0.5618 2.5921 5.0000 0.3749 0.0337 
38.5057 4.0000 3247.4981 0.3750 0.1826 -0.5771 2.5915 5.0000 0.3763 0.0315 
38.5069 4.0000 3242.6734 0.3662 0.1847 -0.5629 2.6010 5.0000 0.3785 0.0389 
38.5902 4.0000 3258.9357 0.3682 0.1862 -0.5683 2.5999 5.0000 0.3764 0.0339 
38.3140 4.0000 3190.3329 0.3653 0.1876 -0.5490 2.6074 5.0000 0.3766 0.0356 
38.5019 4.0000 3247.4653 0.3740 0.1817 -0.5853 2.5980 5.0000 0.3852 0.0313 
38.4363 4.0000 3214.5485 0.3668 0.1858 -0.5781 2.5982 5.0000 0.3791 0.0341 
38.5990 4.0000 3299.1652 0.3737 0.1809 -0.5805 2.5802 5.0000 0.4012 0.0308 
38.4931 4.0000 3235.9067 0.3711 0.1851 -0.5706 2.6050 5.0000 0.3890 0.0309 
38.6179 4.0000 3291.6532 0.3699 0.1800 -0.5839 2.5903 5.0000 0.3778 0.0366 
38.6129 4.0000 3279.7692 0.3715 0.1847 -0.5761 2.5987 5.0000 0.3871 0.0347 
38.4010 4.0000 3202.3039 0.3715 0.1856 -0.5785 2.6070 5.0000 0.4052 0.0321 
38.4716 4.0000 3244.5195 0.3663 0.1808 -0.5837 2.5929 5.0000 0.3978 0.0331 
38.5662 4.0000 3256.1110 0.3701 0.1859 -0.5744 2.5963 5.0000 0.3980 0.0328 
38.5309 4.0000 3253.9571 0.3653 0.1833 -0.5676 2.5897 5.0000 0.4200 0.0363 
38.5422 4.0000 3258.5095 0.3756 0.1863 -0.5797 2.5920 5.0000 0.3916 0.0297 
38.4124 4.0000 3227.4868 0.3712 0.1813 -0.5761 2.5942 5.0000 0.3900 0.0332 
38.6583 4.0000 3287.0832 0.3705 0.1841 -0.5735 2.5990 5.0000 0.3947 0.0364 
38.5259 4.0000 3247.8777 0.3731 0.1864 -0.5766 2.5926 5.0000 0.3789 0.0323 
38.4061 4.0000 3212.3897 0.3690 0.1821 -0.5915 2.5939 5.0000 0.3776 0.0289 
38.5612 4.0000 3284.9887 0.3654 0.1788 -0.5692 2.5908 5.0000 0.3790 0.0310 
38.6885 4.0000 3293.1690 0.3727 0.1842 -0.5741 2.5967 5.0000 0.3782 0.0312 
38.6103 4.0000 3279.1438 0.3748 0.1840 -0.5803 2.5895 5.0000 0.3798 0.0336 
38.6003 4.0000 3287.8033 0.3722 0.1856 -0.5637 2.5963 5.0000 0.3837 0.0294 
38.5132 4.0000 3259.0063 0.3692 0.1822 -0.5753 2.5884 5.0000 0.3773 0.0325 
38.6683 4.0000 3297.1475 0.3711 0.1835 -0.5816 2.5958 5.0000 0.3768 0.0331 
38.5511 4.0000 3271.5511 0.3671 0.1813 -0.5761 2.5950 5.0000 0.3767 0.0350 
38.5309 4.0000 3262.1236 0.3714 0.1763 -0.5979 2.5817 5.0000 0.3738 0.0348 
38.4615 4.0000 3224.8310 0.3708 0.1815 -0.5836 2.5895 5.0000 0.3811 0.0326 
38.4653 4.0000 3229.3733 0.3701 0.1811 -0.5696 2.5936 5.0000 0.3770 0.0326 
38.5473 4.0000 3268.6469 0.3720 0.1861 -0.5765 2.5993 5.0000 0.3717 0.0326 
