39.5540 4.0000 3595.4464 0.2315 0.0835 -0.4701 2.8522 5.0000 4.1259 0.0064 
39.5343 4.0000 3590.1379 0.2335 0.0823 -0.4720 2.8438 5.0000 4.0978 0.0064 
39.5670 4.0000 3597.3186 0.2355 0.0843 -0.4709 2.8484 5.0000 4.0548 0.0064 
39.5729 4.0000 3603.9979 0.2322 0.0836 -0.4709 2.8444 5.0000 3.9136 0.0070 
39.5061 4.0000 3580.2795 0.2353 0.0839 -0.4736 2.8538 5.0000 3.9410 0.0070 
39.5296 4.0000 3577.6272 0.2341 0.0834 -0.4729 2.8507 5.0000 3.9811 0.0062 
39.5595 4.0000 3598.5481 0.2338 0.0843 -0.4732 2.8519 5.0000 4.0497 0.0064 
39.5355 4.0000 3580.8873 0.2357 0.0841 -0.4756 2.8510 5.0000 4.0687 0.0064 
39.5540 4.0000 3594.0681 0.2315 0.0839 -0.4686 2.8527 5.0000 4.0253 0.0064 
39.5544 4.0000 3597.1332 0.2324 0.0830 -0.4672 2.8481 5.0000 4.0806 0.0072 
39.5343 4.0000 3577.1000 0.2330 0.0843 -0.4710 2.8517 5.0000 4.1107 0.0054 
39.5204 4.0000 3575.3182 0.2340 0.0831 -0.4751 2.8506 5.0000 4.1866 0.0054 
39.5939 4.0000 3612.4321 0.2317 0.0831 -0.4662 2.8463 5.0000 4.2409 0.0064 
39.5649 4.0000 3599.3548 0.2335 0.0830 -0.4690 2.8508 5.0000 4.1498 0.0064 
39.5523 4.0000 3590.2127 0.2323 0.0820 -0.4704 2.8465 5.0000 4.1775 0.0071 
39.5259 4.0000 3579.8390 0.2350 0.0836 -0.4722 2.8539 5.0000 4.1099 0.0070 
39.5292 4.0000 3584.0050 0.2352 0.0827 -0.4764 2.8487 5.0000 4.0670 0.0070 
39.5301 4.0000 3581.6028 0.2338 0.0837 -0.4727 2.8463 5.0000 4.1285 0.0063 
39.5359 4.0000 3589.8226 0.2346 0.0829 -0.4740 2.8482 5.0000 3.8664 0.0075 
39.5582 4.0000 3587.3279 0.2375 0.0837 -0.4791 2.8490 5.0000 3.9800 0.0060 
39.5103 4.0000 3575.6419 0.2333 0.0811 -0.4751 2.8460 5.0000 3.9104 0.0065 
39.5670 4.0000 3598.8865 0.2333 0.0833 -0.4745 2.8443 5.0000 4.0797 0.0064 
39.5477 4.0000 3595.1959 0.2338 0.0842 -0.4712 2.8475 5.0000 4.1257 0.0063 
39.5544 4.0000 3597.2072 0.2330 0.0836 -0.4698 2.8428 5.0000 4.0621 0.0063 
39.5565 4.0000 3595.2770 0.2340 0.0825 -0.4715 2.8458 5.0000 4.0415 0.0062 
39.5649 4.0000 3595.9643 0.2332 0.0826 -0.4715 2.8476 5.0000 4.1276 0.0069 
39.5591 4.0000 3601.3371 0.2349 0.0847 -0.4687 2.8479 5.0000 4.1336 0.0069 
39.5338 4.0000 3580.5553 0.2311 0.0822 -0.4703 2.8505 5.0000 4.2430 0.0064 
39.5246 4.0000 3572.6793 0.2346 0.0834 -0.4713 2.8528 5.0000 4.2189 0.0070 
39.5544 4.0000 3596.0055 0.2330 0.0842 -0.4713 2.8487 5.0000 4.2097 0.0070 
39.5305 4.0000 3585.6810 0.2323 0.0834 -0.4703 2.8462 5.0000 3.9721 0.0072 
39.5322 4.0000 3590.5259 0.2340 0.0828 -0.4776 2.8489 5.0000 3.9822 0.0068 
39.5212 4.0000 3588.6145 0.2330 0.0826 -0.4733 2.8431 5.0000 3.9921 0.0068 
39.5351 4.0000 3589.2749 0.2306 0.0826 -0.4675 2.8445 5.0000 3.9618 0.0068 
39.5347 4.0000 3591.4170 0.2351 0.0835 -0.4732 2.8462 5.0000 3.9638 0.0063 
39.5389 4.0000 3583.6713 0.2362 0.0825 -0.4756 2.8510 5.0000 3.9583 0.0063 
39.5549 4.0000 3595.1282 0.2323 0.0834 -0.4668 2.8491 5.0000 4.1226 0.0067 
39.5406 4.0000 3587.0315 0.2355 0.0839 -0.4726 2.8503 5.0000 4.2015 0.0070 
39.5410 4.0000 3593.3026 0.2343 0.0831 -0.4716 2.8460 5.0000 4.1997 0.0070 
39.5305 4.0000 3581.5170 0.2328 0.0847 -0.4712 2.8542 5.0000 4.0692 0.0076 
39.5036 4.0000 3574.5826 0.2312 0.0827 -0.4691 2.8497 5.0000 4.0498 0.0070 
39.5048 4.0000 3580.2972 0.2334 0.0829 -0.4744 2.8427 5.0000 4.0651 0.0070 
39.5292 4.0000 3586.7839 0.2316 0.0836 -0.4675 2.8505 5.0000 3.8977 0.0062 
39.5233 4.0000 3571.3880 0.2323 0.0824 -0.4726 2.8502 5.0000 3.8623 0.0068 
39.5607 4.0000 3597.6473 0.2366 0.0841 -0.4745 2.8483 5.0000 3.9196 0.0059 
39.5368 4.0000 3583.8958 0.2335 0.0824 -0.4744 2.8481 5.0000 4.1190 0.0064 
39.5734 4.0000 3604.3434 0.2335 0.0831 -0.4700 2.8500 5.0000 4.0582 0.0069 
39.5515 4.0000 3583.0811 0.2348 0.0834 -0.4738 2.8435 5.0000 4.0689 0.0071 
39.5347 4.0000 3589.2177 0.2305 0.0828 -0.4651 2.8464 5.0000 4.0895 0.0062 
39.5233 4.0000 3575.3216 0.2352 0.0839 -0.4746 2.8538 5.0000 4.0570 0.0077 
39.5603 4.0000 3595.3001 0.2332 0.0831 -0.4690 2.8460 5.0000 4.0475 0.0052 
39.5032 4.0000 3571.5885 0.2327 0.0825 -0.4730 2.8494 5.0000 4.2386 0.0075 
39.5990 4.0000 3615.0092 0.2339 0.0830 -0.4722 2.8440 5.0000 4.1816 0.0058 
39.5099 4.0000 3579.0345 0.2342 0.0843 -0.4727 2.8500 5.0000 4.1611 0.0058 
39.5776 4.0000 3608.5889 0.2294 0.0829 -0.4613 2.8466 5.0000 4.0303 0.0063 
39.5187 4.0000 3575.7318 0.2325 0.0831 -0.4724 2.8478 5.0000 4.0756 0.0067 
39.5565 4.0000 3587.4683 0.2329 0.0820 -0.4707 2.8481 5.0000 4.0660 0.0067 
39.5410 4.0000 3593.3901 0.2341 0.0831 -0.4742 2.8471 5.0000 4.0318 0.0071 
39.5473 4.0000 3586.5746 0.2309 0.0828 -0.4689 2.8463 5.0000 4.0370 0.0067 
39.5237 4.0000 3583.2156 0.2334 0.0836 -0.4731 2.8492 5.0000 4.0009 0.0067 
39.5414 4.0000 3588.1152 0.2352 0.0829 -0.4713 2.8476 5.0000 4.2402 0.0072 
39.5309 4.0000 3580.4224 0.2324 0.0829 -0.4685 2.8496 5.0000 4.2609 0.0068 
39.5212 4.0000 3573.8819 0.2317 0.0829 -0.4741 2.8480 5.0000 4.1487 0.0068 
39.5355 4.0000 3586.5687 0.2344 0.0844 -0.4721 2.8485 5.0000 4.0762 0.0057 
39.5460 4.0000 3591.4943 0.2321 0.0821 -0.4718 2.8491 5.0000 4.1930 0.0068 
39.5797 4.0000 3605.8155 0.2328 0.0833 -0.4689 2.8461 5.0000 4.0952 0.0068 
39.5351 4.0000 3580.2325 0.2326 0.0825 -0.4701 2.8488 5.0000 4.2122 0.0069 
39.5654 4.0000 3598.1812 0.2322 0.0827 -0.4711 2.8479 5.0000 4.2477 0.0070 
39.5347 4.0000 3587.3800 0.2340 0.0823 -0.4767 2.8476 5.0000 4.1940 0.0070 
39.5292 4.0000 3586.6688 0.2349 0.0838 -0.4762 2.8535 5.0000 3.9424 0.0063 
39.5263 4.0000 3587.9504 0.2329 0.0837 -0.4714 2.8539 5.0000 3.9310 0.0077 
39.5549 4.0000 3601.2556 0.2334 0.0830 -0.4729 2.8485 5.0000 4.0226 0.0077 
39.5019 4.0000 3565.1526 0.2344 0.0829 -0.4794 2.8497 5.0000 3.9474 0.0062 
39.5233 4.0000 3581.8962 0.2333 0.0837 -0.4722 2.8504 5.0000 3.9634 0.0065 
39.5624 4.0000 3594.1757 0.2316 0.0820 -0.4659 2.8489 5.0000 3.9628 0.0065 
39.5498 4.0000 3593.5691 0.2330 0.0829 -0.4691 2.8491 5.0000 4.2552 0.0064 
39.5351 4.0000 3585.8226 0.2328 0.0829 -0.4716 2.8514 5.0000 4.2764 0.0067 
39.5515 4.0000 3597.1551 0.2330 0.0836 -0.4717 2.8510 5.0000 4.2660 0.0067 
39.5406 4.0000 3594.4515 0.2337 0.0829 -0.4706 2.8470 5.0000 4.0641 0.0054 
39.4989 4.0000 3573.1026 0.2349 0.0831 -0.4778 2.8471 5.0000 4.0907 0.0056 
39.5927 4.0000 3608.1463 0.2337 0.0833 -0.4701 2.8484 5.0000 4.1373 0.0061 
39.5830 4.0000 3607.9134 0.2322 0.0830 -0.4665 2.8496 5.0000 4.2658 0.0075 
39.5658 4.0000 3601.5095 0.2326 0.0836 -0.4696 2.8482 5.0000 4.1316 0.0052 
39.5090 4.0000 3573.3653 0.2334 0.0833 -0.4735 2.8464 5.0000 4.2069 0.0066 
39.5994 4.0000 3612.4292 0.2314 0.0830 -0.4650 2.8478 5.0000 4.0335 0.0062 
39.5431 4.0000 3584.9962 0.2343 0.0826 -0.4761 2.8478 5.0000 3.8894 0.0062 
39.5616 4.0000 3598.0416 0.2351 0.0832 -0.4710 2.8488 5.0000 4.0218 0.0062 
39.4876 4.0000 3564.8693 0.2317 0.0841 -0.4711 2.8563 5.0000 4.0907 0.0066 
39.5603 4.0000 3597.9655 0.2311 0.0834 -0.4672 2.8461 5.0000 4.0706 0.0066 
39.5435 4.0000 3588.2064 0.2317 0.0832 -0.4702 2.8509 5.0000 4.0072 0.0079 
39.4809 4.0000 3560.8235 0.2328 0.0831 -0.4733 2.8505 5.0000 4.1884 0.0072 
39.4947 4.0000 3565.4615 0.2361 0.0847 -0.4740 2.8484 5.0000 4.2165 0.0072 
39.5221 4.0000 3578.4136 0.2337 0.0824 -0.4754 2.8462 5.0000 4.2595 0.0052 
39.5372 4.0000 3590.0841 0.2363 0.0829 -0.4762 2.8479 5.0000 4.1334 0.0061 
39.5982 4.0000 3615.1976 0.2351 0.0834 -0.4745 2.8491 5.0000 4.1123 0.0061 
39.5641 4.0000 3599.1122 0.2341 0.0823 -0.4732 2.8430 5.0000 4.0605 0.0071 
39.5259 4.0000 3577.0113 0.2332 0.0831 -0.4713 2.8484 5.0000 3.9340 0.0063 
39.5242 4.0000 3585.0223 0.2366 0.0833 -0.4780 2.8467 5.0000 4.0114 0.0063 
39.5582 4.0000 3590.5708 0.2345 0.0841 -0.4708 2.8507 5.0000 4.0532 0.0065 
39.5485 4.0000 3597.8693 0.2326 0.0819 -0.4713 2.8492 5.0000 3.6316 0.0065 
