39.7065 4.0000 3653.4641 0.4469 0.1526 -0.6184 3.2113 6.0000 46.1653 0.0025 
39.7054 4.0000 3655.3238 0.4501 0.1544 -0.6201 3.2084 6.0000 46.4705 0.0025 
39.7010 4.0000 3652.0790 0.4453 0.1497 -0.6197 3.2085 6.0000 46.3163 0.0025 
39.6972 4.0000 3650.2481 0.4481 0.1515 -0.6195 3.2097 6.0000 47.4202 0.0027 
39.6899 4.0000 3648.5668 0.4422 0.1476 -0.6209 3.2101 6.0000 47.0822 0.0027 
39.6985 4.0000 3649.3457 0.4469 0.1500 -0.6203 3.2137 6.0000 47.0103 0.0027 
39.6958 4.0000 3650.9968 0.4493 0.1522 -0.6186 3.2150 6.0000 47.3753 0.0028 
39.7227 4.0000 3661.7344 0.4448 0.1501 -0.6143 3.2077 6.0000 47.3623 0.0028 
39.6937 4.0000 3648.5837 0.4461 0.1488 -0.6231 3.2114 6.0000 47.8387 0.0025 
39.7033 4.0000 3653.2658 0.4439 0.1507 -0.6187 3.2054 6.0000 47.5912 0.0025 
39.7076 4.0000 3654.8101 0.4437 0.1493 -0.6212 3.2054 6.0000 48.0857 0.0028 
39.7074 4.0000 3654.2098 0.4463 0.1504 -0.6206 3.2093 6.0000 48.1481 0.0025 
39.6928 4.0000 3649.0829 0.4469 0.1490 -0.6223 3.2075 6.0000 47.9107 0.0025 
39.7070 4.0000 3653.7201 0.4451 0.1496 -0.6233 3.2072 6.0000 47.5977 0.0025 
39.7055 4.0000 3654.2864 0.4456 0.1499 -0.6148 3.2085 6.0000 48.0018 0.0028 
39.7062 4.0000 3653.2806 0.4471 0.1511 -0.6216 3.2114 6.0000 48.1297 0.0023 
39.6966 4.0000 3651.3384 0.4453 0.1490 -0.6186 3.2074 6.0000 47.5839 0.0023 
39.7139 4.0000 3655.6177 0.4479 0.1516 -0.6217 3.2120 6.0000 48.0454 0.0023 
39.6937 4.0000 3647.9327 0.4472 0.1524 -0.6223 3.2081 6.0000 47.5077 0.0025 
39.7126 4.0000 3657.6512 0.4494 0.1521 -0.6195 3.2116 6.0000 48.5358 0.0027 
39.7062 4.0000 3651.1701 0.4449 0.1517 -0.6225 3.2107 6.0000 48.2573 0.0019 
39.6977 4.0000 3652.0872 0.4474 0.1502 -0.6214 3.2121 6.0000 47.8386 0.0029 
39.7314 4.0000 3663.5071 0.4494 0.1503 -0.6272 3.2132 6.0000 48.4853 0.0026 
39.6892 4.0000 3648.1868 0.4477 0.1512 -0.6243 3.2117 6.0000 48.2844 0.0022 
39.7032 4.0000 3651.9890 0.4493 0.1530 -0.6165 3.2141 6.0000 47.7585 0.0023 
39.7172 4.0000 3658.8380 0.4462 0.1507 -0.6196 3.2188 6.0000 48.2591 0.0021 
39.7164 4.0000 3658.2807 0.4454 0.1503 -0.6225 3.2096 6.0000 48.4727 0.0021 
39.7212 4.0000 3657.2623 0.4434 0.1488 -0.6162 3.2086 6.0000 48.2862 0.0027 
39.7216 4.0000 3659.7216 0.4474 0.1505 -0.6194 3.2089 6.0000 47.6782 0.0025 
39.6972 4.0000 3651.8110 0.4435 0.1494 -0.6232 3.2129 6.0000 48.2345 0.0024 
39.7071 4.0000 3653.7658 0.4466 0.1504 -0.6213 3.2083 6.0000 47.7564 0.0023 
39.7085 4.0000 3656.2117 0.4458 0.1481 -0.6219 3.2068 6.0000 47.8270 0.0020 
39.7156 4.0000 3656.3821 0.4455 0.1512 -0.6184 3.2143 6.0000 48.5020 0.0023 
39.7245 4.0000 3661.2733 0.4466 0.1509 -0.6212 3.2048 6.0000 48.1831 0.0028 
39.7142 4.0000 3657.8294 0.4461 0.1506 -0.6185 3.2091 6.0000 48.1500 0.0032 
39.6950 4.0000 3650.1956 0.4449 0.1505 -0.6175 3.2063 6.0000 48.6207 0.0024 
39.6808 4.0000 3645.2432 0.4485 0.1523 -0.6196 3.2112 6.0000 48.4071 0.0026 
39.7103 4.0000 3656.9440 0.4468 0.1504 -0.6192 3.2049 6.0000 48.2130 0.0025 
39.7013 4.0000 3651.8857 0.4530 0.1544 -0.6241 3.2129 6.0000 48.6118 0.0025 
39.7065 4.0000 3653.7981 0.4459 0.1492 -0.6191 3.2107 6.0000 48.1498 0.0027 
39.7049 4.0000 3653.1154 0.4453 0.1482 -0.6229 3.2022 6.0000 48.4038 0.0030 
39.6999 4.0000 3653.9759 0.4467 0.1512 -0.6195 3.2130 6.0000 48.3608 0.0026 
39.6887 4.0000 3647.5484 0.4495 0.1508 -0.6247 3.2147 6.0000 47.9334 0.0026 
39.7038 4.0000 3653.0134 0.4489 0.1534 -0.6170 3.2150 6.0000 48.3219 0.0026 
39.7024 4.0000 3650.3288 0.4457 0.1507 -0.6218 3.2126 6.0000 48.9802 0.0024 
39.7041 4.0000 3653.2448 0.4475 0.1513 -0.6197 3.2109 6.0000 52.4923 0.0028 
39.7093 4.0000 3654.8696 0.4493 0.1513 -0.6232 3.2071 6.0000 52.9399 0.0022 
39.6951 4.0000 3650.9710 0.4467 0.1501 -0.6228 3.2125 6.0000 52.4964 0.0023 
39.7189 4.0000 3657.9719 0.4480 0.1503 -0.6204 3.2078 6.0000 48.4158 0.0030 
39.7145 4.0000 3656.0024 0.4436 0.1503 -0.6171 3.2074 6.0000 48.5166 0.0023 
39.6869 4.0000 3644.5033 0.4499 0.1503 -0.6270 3.2165 6.0000 48.6363 0.0028 
39.7152 4.0000 3656.3096 0.4460 0.1497 -0.6209 3.2097 6.0000 54.3041 0.0023 
39.6953 4.0000 3651.4927 0.4433 0.1502 -0.6178 3.2045 6.0000 54.7619 0.0028 
39.7147 4.0000 3656.0457 0.4446 0.1511 -0.6146 3.2072 6.0000 54.1986 0.0026 
39.6951 4.0000 3650.0908 0.4485 0.1524 -0.6199 3.2133 6.0000 49.5127 0.0025 
39.7033 4.0000 3652.4912 0.4495 0.1536 -0.6185 3.2107 6.0000 49.3377 0.0023 
39.7073 4.0000 3652.4587 0.4475 0.1522 -0.6214 3.2093 6.0000 48.8267 0.0024 
39.7134 4.0000 3656.2527 0.4437 0.1486 -0.6213 3.2117 6.0000 49.0205 0.0022 
39.7112 4.0000 3655.7141 0.4444 0.1484 -0.6240 3.2100 6.0000 48.6759 0.0026 
39.7188 4.0000 3658.2377 0.4476 0.1502 -0.6216 3.2119 6.0000 48.8129 0.0024 
39.7015 4.0000 3652.6761 0.4439 0.1495 -0.6200 3.2081 6.0000 48.8020 0.0026 
39.7103 4.0000 3653.0758 0.4470 0.1494 -0.6253 3.2132 6.0000 48.6838 0.0023 
39.7016 4.0000 3652.3365 0.4479 0.1526 -0.6187 3.2127 6.0000 49.0744 0.0022 
39.7126 4.0000 3656.6006 0.4460 0.1508 -0.6156 3.2092 6.0000 48.9962 0.0028 
39.7185 4.0000 3658.8337 0.4478 0.1521 -0.6201 3.2127 6.0000 48.7369 0.0022 
39.6962 4.0000 3651.0679 0.4469 0.1504 -0.6213 3.2102 6.0000 49.0017 0.0026 
39.7166 4.0000 3656.3782 0.4434 0.1471 -0.6201 3.2087 6.0000 48.3027 0.0029 
39.7010 4.0000 3650.7432 0.4478 0.1517 -0.6243 3.2166 6.0000 49.1921 0.0029 
39.6903 4.0000 3649.1143 0.4517 0.1521 -0.6266 3.2112 6.0000 49.4239 0.0026 
39.6922 4.0000 3648.9768 0.4435 0.1488 -0.6191 3.2117 6.0000 48.2516 0.0024 
39.7035 4.0000 3653.1493 0.4452 0.1504 -0.6178 3.2081 6.0000 48.9083 0.0029 
39.7119 4.0000 3655.4811 0.4458 0.1516 -0.6185 3.2083 6.0000 48.8995 0.0026 
39.6918 4.0000 3649.5742 0.4454 0.1491 -0.6233 3.2104 6.0000 48.3742 0.0026 
39.7032 4.0000 3652.3947 0.4444 0.1501 -0.6192 3.2169 6.0000 49.2219 0.0028 
39.7032 4.0000 3653.5580 0.4475 0.1525 -0.6161 3.2117 6.0000 49.3278 0.0029 
39.6955 4.0000 3648.1698 0.4481 0.1512 -0.6193 3.2132 6.0000 48.5052 0.0026 
39.6893 4.0000 3646.8770 0.4444 0.1519 -0.6148 3.2095 6.0000 49.2576 0.0024 
39.7013 4.0000 3654.6201 0.4471 0.1507 -0.6184 3.2077 6.0000 48.2528 0.0027 
39.7096 4.0000 3656.8069 0.4419 0.1477 -0.6171 3.1993 6.0000 48.0801 0.0026 
39.6967 4.0000 3650.7257 0.4500 0.1527 -0.6259 3.2130 6.0000 48.9233 0.0026 
39.7032 4.0000 3653.1425 0.4480 0.1504 -0.6225 3.2114 6.0000 48.5424 0.0028 
39.7019 4.0000 3650.9384 0.4474 0.1504 -0.6237 3.2088 6.0000 48.7852 0.0026 
39.6964 4.0000 3649.8113 0.4436 0.1476 -0.6208 3.2084 6.0000 48.7397 0.0031 
39.7013 4.0000 3653.6349 0.4461 0.1503 -0.6165 3.2062 6.0000 49.2509 0.0024 
39.6810 4.0000 3646.2497 0.4471 0.1509 -0.6264 3.2133 6.0000 48.5614 0.0021 
39.7100 4.0000 3653.9226 0.4453 0.1500 -0.6240 3.2058 6.0000 48.6579 0.0026 
39.7219 4.0000 3660.9440 0.4493 0.1523 -0.6180 3.2144 6.0000 49.5325 0.0028 
39.7043 4.0000 3653.2174 0.4456 0.1490 -0.6228 3.2083 6.0000 48.5566 0.0026 
39.6942 4.0000 3647.4325 0.4473 0.1519 -0.6248 3.2127 6.0000 48.4173 0.0024 
39.7016 4.0000 3653.0260 0.4457 0.1518 -0.6184 3.2157 6.0000 48.7050 0.0028 
39.7087 4.0000 3656.1442 0.4473 0.1523 -0.6201 3.2086 6.0000 49.0427 0.0029 
39.6936 4.0000 3649.7932 0.4467 0.1512 -0.6182 3.2059 6.0000 48.4570 0.0030 
39.6925 4.0000 3649.0594 0.4497 0.1534 -0.6230 3.2126 6.0000 48.2305 0.0027 
39.6887 4.0000 3646.5828 0.4479 0.1516 -0.6210 3.2119 6.0000 49.0080 0.0024 
39.6991 4.0000 3652.6464 0.4458 0.1514 -0.6194 3.2131 6.0000 48.7688 0.0029 
39.7122 4.0000 3658.0057 0.4510 0.1513 -0.6238 3.2158 6.0000 48.8774 0.0027 
39.6920 4.0000 3649.1401 0.4452 0.1505 -0.6203 3.2068 6.0000 48.3314 0.0028 
39.6974 4.0000 3651.0703 0.4456 0.1502 -0.6228 3.2139 6.0000 48.6654 0.0026 
39.6961 4.0000 3649.2864 0.4479 0.1510 -0.6253 3.2114 6.0000 48.2323 0.0026 
39.7018 4.0000 3651.0325 0.4514 0.1540 -0.6235 3.2201 6.0000 32.3707 0.0026 
