38.8390 16.5000 3377.2636 0.5086 0.2349 -0.6369 2.7676 5.0000 0.9448 0.0249 
38.8894 16.5000 3378.4683 0.5058 0.2349 -0.6506 2.7731 5.0000 0.9364 0.0249 
38.8735 16.5000 3375.1955 0.5126 0.2393 -0.6496 2.7845 5.0000 1.0070 0.0269 
38.8642 16.5000 3335.3367 0.5114 0.2407 -0.6517 2.7916 5.0000 0.8609 0.0261 
38.7617 16.5000 3354.6482 0.5073 0.2405 -0.6354 2.7711 5.0000 0.8664 0.0261 
38.7928 16.5000 3332.9651 0.5094 0.2418 -0.6535 2.7822 5.0000 0.8581 0.0232 
38.8583 16.5000 3355.6351 0.4991 0.2403 -0.6266 2.7893 5.0000 0.8945 0.0232 
38.9029 16.5000 3382.9189 0.5057 0.2292 -0.6590 2.7667 5.0000 0.8899 0.0232 
38.9046 16.5000 3410.0631 0.5136 0.2353 -0.6550 2.7566 5.0000 0.8959 0.0242 
38.8617 16.5000 3351.5477 0.5119 0.2419 -0.6520 2.7843 5.0000 0.8805 0.0266 
38.8642 16.5000 3340.3808 0.5009 0.2430 -0.6302 2.7813 5.0000 0.8786 0.0266 
38.7751 16.5000 3346.9096 0.5094 0.2423 -0.6402 2.7819 5.0000 0.8749 0.0243 
38.7953 16.5000 3340.6801 0.5020 0.2428 -0.6352 2.7728 5.0000 0.8490 0.0277 
38.8625 16.5000 3358.4061 0.5032 0.2387 -0.6360 2.7629 5.0000 0.8538 0.0277 
38.7339 16.5000 3302.8474 0.5116 0.2417 -0.6526 2.7831 5.0000 0.8495 0.0188 
38.7978 16.5000 3324.6078 0.5034 0.2468 -0.6328 2.7936 5.0000 0.8403 0.0256 
39.0694 16.5000 3460.2421 0.5051 0.2360 -0.6309 2.7662 5.0000 0.8480 0.0256 
38.8138 16.5000 3319.2938 0.5032 0.2355 -0.6521 2.7877 5.0000 0.8396 0.0233 
38.9248 16.5000 3406.0244 0.5136 0.2378 -0.6393 2.7785 5.0000 0.8402 0.0169 
38.9012 16.5000 3379.4124 0.5065 0.2345 -0.6477 2.7665 5.0000 0.8463 0.0197 
39.1425 16.5000 3476.4170 0.5104 0.2430 -0.6330 2.7808 5.0000 0.8471 0.0247 
39.0366 16.5000 3409.7814 0.5061 0.2359 -0.6397 2.7689 5.0000 0.8418 0.0189 
38.8449 16.5000 3341.2367 0.5056 0.2401 -0.6458 2.7755 5.0000 0.8416 0.0238 
39.0677 16.5000 3435.9142 0.5069 0.2340 -0.6382 2.7539 5.0000 0.8465 0.0231 
38.8802 16.5000 3377.0652 0.4951 0.2333 -0.6336 2.7663 5.0000 0.8545 0.0241 
38.9054 16.5000 3361.4065 0.5017 0.2354 -0.6477 2.7655 5.0000 0.8430 0.0241 
38.8684 16.5000 3369.6570 0.5165 0.2405 -0.6528 2.7829 5.0000 0.8519 0.0272 
38.6700 16.5000 3299.5343 0.5117 0.2439 -0.6516 2.7885 5.0000 0.8419 0.0270 
38.7524 16.5000 3336.7070 0.5060 0.2415 -0.6492 2.7806 5.0000 0.8500 0.0214 
38.7600 16.5000 3328.3598 0.5052 0.2383 -0.6462 2.7759 5.0000 0.8362 0.0261 
38.9727 16.5000 3390.5641 0.5003 0.2330 -0.6488 2.7670 5.0000 0.8383 0.0285 
38.7919 16.5000 3339.1265 0.5135 0.2419 -0.6504 2.7899 5.0000 0.8437 0.0248 
38.7045 16.5000 3314.9239 0.5033 0.2366 -0.6518 2.7787 5.0000 0.8431 0.0249 
38.8441 16.5000 3383.6982 0.5021 0.2340 -0.6347 2.7670 5.0000 0.8410 0.0204 
38.8373 16.5000 3346.0294 0.5035 0.2389 -0.6400 2.7745 5.0000 0.8403 0.0239 
39.0113 16.5000 3436.1858 0.5038 0.2359 -0.6341 2.7624 5.0000 0.8412 0.0190 
38.8785 16.5000 3370.9483 0.5076 0.2385 -0.6466 2.7773 5.0000 0.8386 0.0241 
39.0652 16.5000 3445.9908 0.5055 0.2350 -0.6425 2.7609 5.0000 0.8390 0.0224 
38.8701 16.5000 3354.1143 0.5071 0.2411 -0.6429 2.7798 5.0000 0.8371 0.0245 
38.9340 16.5000 3400.2690 0.5174 0.2394 -0.6546 2.7737 5.0000 0.8485 0.0248 
38.8533 16.5000 3386.9248 0.4990 0.2371 -0.6285 2.7756 5.0000 0.8500 0.0277 
38.8441 16.5000 3386.3665 0.5151 0.2398 -0.6490 2.7829 5.0000 0.8453 0.0218 
38.7322 16.5000 3342.4321 0.5009 0.2407 -0.6282 2.7694 5.0000 0.8495 0.0249 
38.9575 16.5000 3416.1311 0.5134 0.2389 -0.6451 2.7751 5.0000 0.8392 0.0249 
38.8390 16.5000 3362.3296 0.5045 0.2405 -0.6298 2.7791 5.0000 0.8360 0.0241 
38.7667 16.5000 3329.2367 0.5017 0.2339 -0.6387 2.7806 5.0000 0.8430 0.0214 
38.8701 16.5000 3380.6616 0.5108 0.2396 -0.6493 2.7606 5.0000 0.8456 0.0227 
38.9727 16.5000 3435.4266 0.5080 0.2329 -0.6520 2.7596 5.0000 0.8465 0.0227 
38.9222 16.5000 3379.4241 0.5013 0.2358 -0.6423 2.7649 5.0000 0.8423 0.0212 
38.9222 16.5000 3391.5326 0.5068 0.2375 -0.6364 2.7733 5.0000 0.8478 0.0223 
38.9811 16.5000 3416.9962 0.5098 0.2356 -0.6501 2.7651 5.0000 0.8494 0.0208 
38.9391 16.5000 3389.9092 0.5119 0.2429 -0.6397 2.7726 5.0000 0.8519 0.0281 
38.9937 16.5000 3439.7335 0.5054 0.2343 -0.6447 2.7609 5.0000 0.8549 0.0255 
38.7171 16.5000 3322.6810 0.5109 0.2411 -0.6627 2.7838 5.0000 0.8458 0.0218 
38.8146 16.5000 3357.9361 0.5046 0.2341 -0.6497 2.7675 5.0000 0.8387 0.0246 
38.9559 16.5000 3424.8844 0.5192 0.2410 -0.6487 2.7582 5.0000 0.8437 0.0239 
38.8516 16.5000 3365.7495 0.5030 0.2354 -0.6384 2.7694 5.0000 0.8411 0.0218 
38.8760 16.5000 3390.9575 0.4987 0.2354 -0.6320 2.7731 5.0000 0.8366 0.0233 
38.9550 16.5000 3442.1488 0.5080 0.2366 -0.6366 2.7643 5.0000 0.8421 0.0235 
38.8995 16.5000 3365.2678 0.5031 0.2375 -0.6471 2.7741 5.0000 0.8398 0.0268 
38.8903 16.5000 3394.7911 0.5049 0.2405 -0.6260 2.7676 5.0000 0.8521 0.0266 
38.7667 16.5000 3338.8424 0.5112 0.2402 -0.6456 2.7744 5.0000 0.8381 0.0209 
38.7743 16.5000 3321.9563 0.5050 0.2413 -0.6415 2.7798 5.0000 0.8422 0.0238 
38.9912 16.5000 3410.2362 0.5064 0.2364 -0.6396 2.7665 5.0000 0.8384 0.0236 
38.8810 16.5000 3384.8852 0.5014 0.2364 -0.6360 2.7708 5.0000 0.8391 0.0245 
38.8886 16.5000 3363.6789 0.5075 0.2376 -0.6415 2.7746 5.0000 0.8465 0.0226 
38.8533 16.5000 3380.0059 0.5103 0.2408 -0.6397 2.7738 5.0000 0.8346 0.0268 
38.9256 16.5000 3413.7949 0.5150 0.2379 -0.6393 2.7612 5.0000 0.8344 0.0239 
38.7659 16.5000 3291.0744 0.5183 0.2475 -0.6650 2.8021 5.0000 0.8498 0.0245 
38.8768 16.5000 3389.8251 0.5084 0.2363 -0.6467 2.7742 5.0000 0.8318 0.0228 
38.8550 16.5000 3354.5818 0.5045 0.2397 -0.6378 2.7656 5.0000 0.8326 0.0175 
38.9180 16.5000 3349.4964 0.5027 0.2355 -0.6546 2.7742 5.0000 0.8474 0.0248 
39.1223 16.5000 3488.5876 0.5048 0.2320 -0.6314 2.7546 5.0000 0.8440 0.0247 
38.8432 16.5000 3352.7970 0.5010 0.2379 -0.6405 2.7726 5.0000 0.8458 0.0189 
38.8457 16.5000 3351.8361 0.5000 0.2374 -0.6358 2.7809 5.0000 0.8478 0.0226 
39.0668 16.5000 3468.1555 0.5059 0.2347 -0.6363 2.7624 5.0000 0.8526 0.0287 
38.9248 16.5000 3394.2505 0.5062 0.2380 -0.6460 2.7709 5.0000 0.8535 0.0206 
38.6953 16.5000 3305.2022 0.4966 0.2339 -0.6406 2.7750 5.0000 0.8468 0.0219 
39.0029 16.5000 3447.9891 0.5172 0.2359 -0.6484 2.7670 5.0000 0.8622 0.0221 
38.9542 16.5000 3404.3598 0.5075 0.2377 -0.6305 2.7788 5.0000 0.8534 0.0235 
38.9458 16.5000 3406.6314 0.5091 0.2348 -0.6409 2.7674 5.0000 0.8459 0.0256 
38.8937 16.5000 3369.1459 0.5075 0.2430 -0.6295 2.7826 5.0000 0.8342 0.0260 
38.8104 16.5000 3341.1534 0.5066 0.2411 -0.6436 2.7801 5.0000 0.8373 0.0232 
38.7961 16.5000 3337.6259 0.5062 0.2376 -0.6470 2.7755 5.0000 0.8452 0.0249 
38.9021 16.5000 3366.1698 0.5089 0.2417 -0.6477 2.7851 5.0000 0.8330 0.0218 
38.8398 16.5000 3366.0496 0.5128 0.2419 -0.6466 2.7736 5.0000 0.8335 0.0261 
38.9559 16.5000 3452.8348 0.5137 0.2372 -0.6440 2.7612 5.0000 0.8328 0.0212 
38.7936 16.5000 3359.0618 0.5071 0.2402 -0.6338 2.7652 5.0000 0.8442 0.0254 
38.9802 16.5000 3386.0555 0.5034 0.2363 -0.6503 2.7734 5.0000 0.8434 0.0224 
38.8197 16.5000 3362.5532 0.5093 0.2368 -0.6541 2.7750 5.0000 0.8419 0.0210 
38.9323 16.5000 3386.3674 0.5116 0.2378 -0.6523 2.7730 5.0000 0.8378 0.0254 
38.9878 16.5000 3437.9319 0.5118 0.2405 -0.6385 2.7756 5.0000 0.8446 0.0229 
38.8197 16.5000 3344.7003 0.5098 0.2384 -0.6557 2.7708 5.0000 0.8445 0.0243 
38.9164 16.5000 3394.1000 0.5163 0.2393 -0.6469 2.7776 5.0000 0.8440 0.0233 
38.8600 16.5000 3358.7675 0.5092 0.2416 -0.6443 2.7968 5.0000 0.8422 0.0226 
38.8979 16.5000 3376.2631 0.5083 0.2377 -0.6493 2.7731 5.0000 0.8456 0.0232 
38.9273 16.5000 3376.2127 0.5066 0.2351 -0.6474 2.7868 5.0000 0.8636 0.0251 
38.9021 16.5000 3363.6646 0.4994 0.2354 -0.6442 2.7810 5.0000 0.8465 0.0251 
38.8323 16.5000 3336.1118 0.5030 0.2387 -0.6398 2.7715 5.0000 0.8446 0.0216 
38.9660 16.5000 3412.8684 0.5110 0.2406 -0.6336 2.7646 5.0000 0.8117 0.0216 
