39.5642 16.5000 3603.7909 0.3818 0.1291 -0.6106 3.0327 6.0000 11.2115 0.0055 
39.6029 16.5000 3617.7985 0.3814 0.1302 -0.6082 3.0199 5.0000 11.1130 0.0055 
39.5900 16.5000 3619.6676 0.3810 0.1287 -0.6057 3.0256 5.0000 11.0872 0.0055 
39.5881 16.5000 3615.5096 0.3838 0.1308 -0.6030 3.0242 5.0000 10.6170 0.0053 
39.5883 16.5000 3615.5188 0.3837 0.1288 -0.6133 3.0177 6.0000 10.9553 0.0052 
39.5962 16.5000 3617.2190 0.3821 0.1292 -0.6108 3.0212 5.0000 10.9264 0.0052 
39.5984 16.5000 3617.7646 0.3835 0.1293 -0.6086 3.0241 6.0000 10.8364 0.0058 
39.6164 16.5000 3625.1946 0.3812 0.1304 -0.6057 3.0238 5.0000 11.2728 0.0051 
39.5777 16.5000 3607.0060 0.3805 0.1299 -0.6107 3.0252 6.0000 11.1957 0.0051 
39.6054 16.5000 3618.3133 0.3861 0.1322 -0.6060 3.0248 5.0000 10.9148 0.0053 
39.6133 16.5000 3623.2717 0.3830 0.1284 -0.6067 3.0198 5.0000 11.4345 0.0047 
39.5953 16.5000 3617.9322 0.3827 0.1314 -0.6073 3.0273 5.0000 11.3704 0.0047 
39.6192 16.5000 3623.5813 0.3832 0.1300 -0.6080 3.0193 5.0000 11.2621 0.0051 
39.6270 16.5000 3630.7328 0.3886 0.1325 -0.6099 3.0274 5.0000 11.2123 0.0047 
39.6052 16.5000 3619.9378 0.3828 0.1286 -0.6062 3.0243 5.0000 11.3060 0.0048 
39.6200 16.5000 3627.2479 0.3816 0.1286 -0.6094 3.0168 5.0000 11.0227 0.0053 
39.6138 16.5000 3626.1925 0.3814 0.1281 -0.6048 3.0200 5.0000 11.2060 0.0048 
39.5945 16.5000 3614.8827 0.3818 0.1301 -0.6087 3.0211 6.0000 11.1793 0.0048 
39.6141 16.5000 3625.3717 0.3820 0.1297 -0.6101 3.0256 5.0000 11.1450 0.0055 
39.6063 16.5000 3621.0170 0.3831 0.1292 -0.6045 3.0229 5.0000 11.5545 0.0045 
39.5861 16.5000 3611.5881 0.3846 0.1323 -0.6083 3.0279 6.0000 11.4495 0.0045 
39.6270 16.5000 3628.2833 0.3835 0.1307 -0.6046 3.0236 6.0000 11.3093 0.0049 
39.5802 16.5000 3613.5959 0.3849 0.1304 -0.6100 3.0223 5.0000 11.6137 0.0055 
39.6122 16.5000 3617.9885 0.3850 0.1302 -0.6116 3.0233 5.0000 11.6479 0.0055 
39.5861 16.5000 3611.1044 0.3849 0.1304 -0.6105 3.0239 5.0000 11.1591 0.0049 
39.6094 16.5000 3620.5025 0.3844 0.1321 -0.6061 3.0228 6.0000 11.3809 0.0062 
39.6133 16.5000 3625.9112 0.3845 0.1291 -0.6056 3.0269 5.0000 11.6271 0.0043 
39.5598 16.5000 3603.6012 0.3870 0.1305 -0.6117 3.0286 5.0000 11.4210 0.0057 
39.6335 16.5000 3631.4390 0.3830 0.1312 -0.6085 3.0278 6.0000 11.4435 0.0045 
39.5797 16.5000 3610.8962 0.3855 0.1329 -0.6097 3.0283 6.0000 11.4510 0.0051 
39.6273 16.5000 3629.4547 0.3844 0.1295 -0.6054 3.0214 5.0000 11.1162 0.0062 
39.6046 16.5000 3616.8567 0.3850 0.1309 -0.6087 3.0336 5.0000 11.3808 0.0061 
39.5623 16.5000 3603.1700 0.3864 0.1318 -0.6077 3.0266 5.0000 11.2542 0.0056 
39.5654 16.5000 3609.0304 0.3861 0.1306 -0.6085 3.0165 6.0000 11.1410 0.0057 
39.5844 16.5000 3611.8293 0.3841 0.1309 -0.6071 3.0265 5.0000 11.4053 0.0040 
39.5805 16.5000 3611.5766 0.3848 0.1318 -0.6101 3.0202 5.0000 11.4469 0.0047 
39.6489 16.5000 3637.6615 0.3827 0.1306 -0.6029 3.0258 5.0000 11.1263 0.0055 
39.6211 16.5000 3625.8136 0.3844 0.1308 -0.6077 3.0217 6.0000 11.3344 0.0054 
39.5881 16.5000 3611.2235 0.3837 0.1304 -0.6072 3.0270 6.0000 11.3660 0.0055 
39.5911 16.5000 3620.8163 0.3814 0.1287 -0.6067 3.0230 6.0000 11.1723 0.0052 
39.5883 16.5000 3614.3119 0.3834 0.1298 -0.6085 3.0196 5.0000 11.2119 0.0045 
39.5996 16.5000 3615.8890 0.3859 0.1321 -0.6091 3.0261 6.0000 11.5150 0.0060 
39.6262 16.5000 3630.5728 0.3804 0.1275 -0.6020 3.0222 6.0000 11.3171 0.0062 
39.5676 16.5000 3608.1611 0.3864 0.1312 -0.6137 3.0272 5.0000 11.2741 0.0053 
39.5623 16.5000 3603.3398 0.3850 0.1319 -0.6057 3.0255 6.0000 11.3616 0.0051 
39.5973 16.5000 3616.4949 0.3823 0.1305 -0.6044 3.0175 5.0000 11.1653 0.0055 
39.6054 16.5000 3621.2033 0.3842 0.1295 -0.6079 3.0196 5.0000 11.4353 0.0064 
39.5861 16.5000 3611.3062 0.3827 0.1316 -0.6069 3.0351 5.0000 11.5278 0.0054 
39.5519 16.5000 3601.7853 0.3828 0.1292 -0.6083 3.0260 6.0000 11.1770 0.0046 
39.5931 16.5000 3618.5386 0.3842 0.1317 -0.6025 3.0257 6.0000 11.3244 0.0053 
39.6217 16.5000 3625.5886 0.3851 0.1303 -0.6065 3.0222 5.0000 11.3837 0.0053 
39.5959 16.5000 3617.9588 0.3844 0.1293 -0.6076 3.0219 6.0000 11.1799 0.0047 
39.5951 16.5000 3615.3846 0.3888 0.1323 -0.6128 3.0290 6.0000 11.4042 0.0051 
39.6197 16.5000 3624.9463 0.3828 0.1315 -0.6016 3.0243 6.0000 11.4469 0.0052 
39.6052 16.5000 3618.3296 0.3823 0.1293 -0.6105 3.0219 5.0000 11.3402 0.0050 
39.6004 16.5000 3617.3762 0.3806 0.1278 -0.6061 3.0235 6.0000 11.4033 0.0053 
39.6068 16.5000 3619.2666 0.3835 0.1313 -0.6003 3.0248 5.0000 11.3688 0.0050 
39.5959 16.5000 3620.5963 0.3822 0.1312 -0.5994 3.0291 6.0000 11.1732 0.0053 
39.6088 16.5000 3620.6611 0.3854 0.1299 -0.6066 3.0247 5.0000 11.4350 0.0057 
39.5976 16.5000 3617.0615 0.3813 0.1288 -0.6085 3.0245 6.0000 11.5452 0.0054 
39.5805 16.5000 3609.5124 0.3848 0.1305 -0.6077 3.0243 5.0000 11.0550 0.0057 
39.5928 16.5000 3616.5170 0.3819 0.1299 -0.6061 3.0224 5.0000 11.2904 0.0045 
39.5791 16.5000 3597.1285 0.3836 0.1303 -0.6082 3.0290 6.0000 11.5755 0.0052 
39.6279 16.5000 3627.8487 0.3811 0.1282 -0.6021 3.0203 6.0000 11.1815 0.0059 
39.6018 16.5000 3615.6685 0.3857 0.1299 -0.6111 3.0262 5.0000 11.3184 0.0055 
39.5704 16.5000 3604.3948 0.3829 0.1320 -0.6092 3.0244 5.0000 11.3986 0.0052 
39.5875 16.5000 3616.0154 0.3842 0.1292 -0.6096 3.0237 6.0000 11.1667 0.0059 
39.5984 16.5000 3617.5970 0.3845 0.1317 -0.6087 3.0302 6.0000 11.3263 0.0056 
39.5710 16.5000 3603.4157 0.3822 0.1300 -0.6090 3.0291 6.0000 11.5170 0.0048 
39.5858 16.5000 3612.1606 0.3861 0.1317 -0.6099 3.0319 6.0000 11.2409 0.0047 
39.6161 16.5000 3626.9152 0.3811 0.1292 -0.6020 3.0207 5.0000 11.3154 0.0052 
39.6200 16.5000 3626.0163 0.3866 0.1300 -0.6121 3.0215 5.0000 11.4223 0.0052 
39.6018 16.5000 3619.8683 0.3855 0.1319 -0.6075 3.0266 5.0000 11.2260 0.0057 
39.5990 16.5000 3623.5755 0.3872 0.1305 -0.6062 3.0194 5.0000 11.3824 0.0050 
39.5794 16.5000 3608.5134 0.3778 0.1283 -0.6089 3.0272 5.0000 11.4715 0.0055 
39.6082 16.5000 3622.1107 0.3861 0.1314 -0.6053 3.0250 5.0000 11.3544 0.0060 
39.5883 16.5000 3613.2246 0.3836 0.1299 -0.6032 3.0248 5.0000 11.4010 0.0053 
39.5698 16.5000 3602.5913 0.3813 0.1301 -0.6089 3.0266 6.0000 11.5001 0.0044 
39.5967 16.5000 3614.1157 0.3806 0.1281 -0.6053 3.0229 6.0000 11.5325 0.0050 
39.6295 16.5000 3626.7009 0.3824 0.1297 -0.6090 3.0251 6.0000 11.3020 0.0058 
39.6082 16.5000 3622.6728 0.3852 0.1299 -0.6141 3.0207 5.0000 11.5769 0.0057 
39.5780 16.5000 3609.8274 0.3803 0.1288 -0.6077 3.0301 6.0000 12.0437 0.0055 
39.5819 16.5000 3610.1869 0.3806 0.1307 -0.6003 3.0339 6.0000 12.2987 0.0054 
39.5861 16.5000 3617.5048 0.3848 0.1319 -0.6100 3.0300 5.0000 12.4705 0.0041 
39.5937 16.5000 3609.1865 0.3840 0.1297 -0.6101 3.0201 6.0000 12.4846 0.0058 
39.6416 16.5000 3632.9718 0.3794 0.1290 -0.6005 3.0183 6.0000 12.2428 0.0053 
39.5771 16.5000 3609.8627 0.3820 0.1307 -0.6045 3.0220 5.0000 12.4516 0.0060 
39.5948 16.5000 3618.9926 0.3808 0.1289 -0.6037 3.0203 5.0000 12.4675 0.0052 
39.5684 16.5000 3605.0867 0.3835 0.1289 -0.6102 3.0182 5.0000 11.8280 0.0049 
39.6010 16.5000 3615.3333 0.3844 0.1297 -0.6125 3.0264 6.0000 12.0627 0.0053 
39.6130 16.5000 3623.0343 0.3880 0.1328 -0.6073 3.0227 6.0000 11.8715 0.0049 
39.5953 16.5000 3614.5899 0.3880 0.1325 -0.6080 3.0236 6.0000 12.2352 0.0049 
39.6102 16.5000 3621.6200 0.3815 0.1285 -0.6023 3.0285 6.0000 12.2348 0.0044 
39.6122 16.5000 3622.5904 0.3867 0.1308 -0.6111 3.0289 6.0000 11.8885 0.0056 
39.6298 16.5000 3627.9723 0.3888 0.1327 -0.6084 3.0220 5.0000 11.5675 0.0053 
39.5847 16.5000 3611.8221 0.3863 0.1311 -0.6111 3.0234 6.0000 11.3353 0.0051 
39.5979 16.5000 3621.3140 0.3857 0.1313 -0.6089 3.0167 5.0000 11.8051 0.0048 
39.6052 16.5000 3622.0202 0.3829 0.1277 -0.6055 3.0180 5.0000 11.9364 0.0066 
39.6158 16.5000 3622.6515 0.3836 0.1311 -0.6046 3.0239 6.0000 11.6397 0.0066 
39.5463 16.5000 3598.2732 0.3835 0.1287 -0.6082 3.0253 5.0000 9.7495 0.0066 
