39.6660 4.0000 3641.1944 0.4691 0.1640 -0.6334 3.1847 6.0000 35.3841 0.0026 
39.7026 4.0000 3652.8950 0.4646 0.1604 -0.6321 3.1867 6.0000 35.7472 0.0036 
39.6642 4.0000 3639.9179 0.4648 0.1620 -0.6285 3.1895 6.0000 35.7229 0.0036 
39.6633 4.0000 3639.4630 0.4653 0.1606 -0.6328 3.1898 6.0000 35.0027 0.0029 
39.6988 4.0000 3651.3925 0.4649 0.1624 -0.6270 3.1866 6.0000 36.2495 0.0034 
39.6892 4.0000 3649.0613 0.4641 0.1618 -0.6190 3.1850 6.0000 35.9716 0.0034 
39.6729 4.0000 3641.4723 0.4655 0.1627 -0.6313 3.1917 6.0000 35.7288 0.0032 
39.6930 4.0000 3650.8640 0.4655 0.1605 -0.6289 3.1901 6.0000 36.6687 0.0034 
39.6783 4.0000 3644.9252 0.4661 0.1622 -0.6244 3.1880 6.0000 36.6794 0.0034 
39.6707 4.0000 3641.8453 0.4637 0.1617 -0.6258 3.1855 6.0000 36.5163 0.0037 
39.6833 4.0000 3647.9674 0.4656 0.1606 -0.6283 3.1849 6.0000 36.9814 0.0030 
39.6584 4.0000 3634.5293 0.4650 0.1643 -0.6236 3.1850 6.0000 37.3749 0.0032 
39.6885 4.0000 3646.8445 0.4675 0.1647 -0.6269 3.1844 6.0000 37.3853 0.0033 
39.6801 4.0000 3645.7899 0.4669 0.1619 -0.6280 3.1920 6.0000 37.3157 0.0037 
39.6768 4.0000 3644.9395 0.4624 0.1604 -0.6254 3.1861 6.0000 37.4404 0.0034 
39.6581 4.0000 3639.5388 0.4715 0.1647 -0.6336 3.1909 6.0000 37.7414 0.0030 
39.6721 4.0000 3641.9139 0.4636 0.1614 -0.6291 3.1837 6.0000 36.8176 0.0031 
39.6885 4.0000 3646.9121 0.4670 0.1644 -0.6266 3.1973 6.0000 37.0698 0.0033 
39.6819 4.0000 3646.6493 0.4622 0.1598 -0.6278 3.1856 6.0000 38.4382 0.0033 
39.6739 4.0000 3641.8384 0.4664 0.1625 -0.6306 3.1820 6.0000 37.6403 0.0028 
39.6747 4.0000 3643.2664 0.4632 0.1584 -0.6295 3.1896 6.0000 38.0272 0.0038 
39.6928 4.0000 3650.4349 0.4642 0.1609 -0.6280 3.1879 6.0000 37.9388 0.0031 
39.6541 4.0000 3636.8492 0.4606 0.1587 -0.6236 3.1800 6.0000 36.9916 0.0031 
39.6822 4.0000 3645.7096 0.4668 0.1632 -0.6270 3.1869 6.0000 37.7102 0.0030 
39.6757 4.0000 3642.5738 0.4639 0.1614 -0.6284 3.1815 6.0000 41.1853 0.0032 
39.6882 4.0000 3646.7011 0.4659 0.1631 -0.6261 3.1901 6.0000 40.9604 0.0032 
39.6797 4.0000 3643.6058 0.4653 0.1625 -0.6316 3.1816 6.0000 40.5854 0.0035 
39.6721 4.0000 3642.4705 0.4655 0.1625 -0.6290 3.1847 6.0000 37.8383 0.0030 
39.6687 4.0000 3638.8696 0.4635 0.1617 -0.6287 3.1854 6.0000 37.0128 0.0037 
39.6575 4.0000 3635.0793 0.4622 0.1615 -0.6266 3.1849 6.0000 36.8391 0.0031 
39.6851 4.0000 3644.2612 0.4653 0.1624 -0.6282 3.1896 6.0000 37.3965 0.0037 
39.6831 4.0000 3646.4554 0.4668 0.1630 -0.6233 3.1852 6.0000 38.0422 0.0033 
39.6608 4.0000 3635.1812 0.4614 0.1609 -0.6239 3.1907 6.0000 36.1821 0.0037 
39.7172 4.0000 3657.1475 0.4660 0.1624 -0.6273 3.1915 6.0000 37.7065 0.0033 
39.6766 4.0000 3641.8804 0.4621 0.1601 -0.6278 3.1780 6.0000 37.8294 0.0033 
39.6750 4.0000 3644.6026 0.4663 0.1632 -0.6280 3.1921 6.0000 36.5077 0.0033 
39.6844 4.0000 3647.8199 0.4622 0.1585 -0.6266 3.1802 6.0000 37.6228 0.0029 
39.6736 4.0000 3640.3745 0.4622 0.1589 -0.6273 3.1848 6.0000 37.4554 0.0029 
39.6900 4.0000 3646.4909 0.4651 0.1624 -0.6278 3.1895 6.0000 37.6536 0.0033 
39.6761 4.0000 3643.2389 0.4651 0.1608 -0.6285 3.1857 6.0000 37.3555 0.0030 
39.6676 4.0000 3640.8125 0.4651 0.1606 -0.6282 3.1840 6.0000 36.8110 0.0034 
39.6707 4.0000 3642.0665 0.4668 0.1650 -0.6255 3.1912 6.0000 36.7303 0.0034 
39.6871 4.0000 3648.7274 0.4681 0.1638 -0.6253 3.1868 6.0000 37.4453 0.0032 
39.6646 4.0000 3639.7033 0.4658 0.1622 -0.6256 3.1865 6.0000 36.7545 0.0034 
39.6723 4.0000 3644.0319 0.4718 0.1655 -0.6324 3.1930 6.0000 37.3102 0.0033 
39.6774 4.0000 3644.6466 0.4629 0.1632 -0.6229 3.1865 6.0000 36.8295 0.0034 
39.6734 4.0000 3643.3434 0.4637 0.1632 -0.6248 3.1858 6.0000 37.5934 0.0031 
39.6718 4.0000 3640.9115 0.4663 0.1618 -0.6279 3.1874 6.0000 37.5784 0.0031 
39.6828 4.0000 3645.0092 0.4644 0.1632 -0.6216 3.1884 6.0000 37.5002 0.0034 
39.6664 4.0000 3642.0427 0.4641 0.1637 -0.6270 3.1889 6.0000 37.6391 0.0032 
39.6692 4.0000 3640.9670 0.4664 0.1619 -0.6326 3.1841 6.0000 37.5878 0.0032 
39.6777 4.0000 3643.1320 0.4645 0.1605 -0.6319 3.1906 6.0000 37.6290 0.0031 
39.6878 4.0000 3649.4691 0.4643 0.1607 -0.6268 3.1833 6.0000 38.2507 0.0029 
39.6842 4.0000 3645.5572 0.4699 0.1658 -0.6314 3.1932 6.0000 37.1067 0.0031 
39.6842 4.0000 3648.8321 0.4661 0.1593 -0.6339 3.1872 6.0000 37.0031 0.0028 
39.6896 4.0000 3649.8067 0.4649 0.1594 -0.6308 3.1872 6.0000 38.5559 0.0028 
39.6966 4.0000 3653.2825 0.4676 0.1628 -0.6302 3.1831 6.0000 37.7625 0.0028 
39.6946 4.0000 3652.0252 0.4689 0.1630 -0.6313 3.1884 6.0000 37.3313 0.0032 
39.6831 4.0000 3646.9632 0.4690 0.1625 -0.6305 3.1900 6.0000 38.0423 0.0030 
39.6772 4.0000 3644.2778 0.4716 0.1639 -0.6330 3.1909 6.0000 37.4368 0.0030 
39.6869 4.0000 3648.4160 0.4694 0.1622 -0.6325 3.1857 6.0000 37.2145 0.0036 
39.6851 4.0000 3647.3055 0.4631 0.1606 -0.6297 3.1845 6.0000 38.0684 0.0034 
39.6637 4.0000 3639.3329 0.4666 0.1649 -0.6248 3.1887 6.0000 37.8580 0.0034 
39.6712 4.0000 3641.1879 0.4639 0.1611 -0.6253 3.1885 6.0000 37.2953 0.0033 
39.6676 4.0000 3640.1585 0.4621 0.1600 -0.6253 3.1840 6.0000 37.6888 0.0032 
39.6763 4.0000 3644.4430 0.4708 0.1641 -0.6352 3.1929 6.0000 37.2557 0.0032 
39.6770 4.0000 3644.7669 0.4599 0.1618 -0.6185 3.1913 6.0000 37.6902 0.0037 
39.6903 4.0000 3651.7921 0.4650 0.1625 -0.6268 3.1833 6.0000 37.9877 0.0034 
39.6579 4.0000 3637.8343 0.4650 0.1596 -0.6350 3.1884 6.0000 37.7301 0.0034 
39.6692 4.0000 3641.6017 0.4658 0.1613 -0.6260 3.1861 6.0000 37.4851 0.0033 
39.6765 4.0000 3643.3594 0.4604 0.1614 -0.6257 3.1790 6.0000 37.5308 0.0034 
39.6739 4.0000 3642.3945 0.4655 0.1611 -0.6299 3.1853 6.0000 37.6720 0.0034 
39.6711 4.0000 3643.0321 0.4629 0.1622 -0.6277 3.1886 6.0000 40.7341 0.0036 
39.6858 4.0000 3648.6752 0.4658 0.1610 -0.6316 3.1910 6.0000 40.6643 0.0033 
39.6640 4.0000 3637.7373 0.4651 0.1628 -0.6267 3.2025 6.0000 40.2376 0.0033 
39.6766 4.0000 3645.8687 0.4615 0.1611 -0.6205 3.1837 6.0000 37.6412 0.0033 
39.6716 4.0000 3643.1756 0.4690 0.1603 -0.6361 3.1840 6.0000 37.2431 0.0028 
39.6757 4.0000 3644.1259 0.4663 0.1633 -0.6321 3.1914 6.0000 38.3299 0.0035 
39.6943 4.0000 3649.1567 0.4663 0.1610 -0.6265 3.1808 6.0000 37.8840 0.0037 
39.6673 4.0000 3639.5885 0.4628 0.1591 -0.6305 3.1864 6.0000 37.6694 0.0025 
39.6581 4.0000 3636.4565 0.4651 0.1617 -0.6278 3.1934 6.0000 37.1374 0.0034 
39.7056 4.0000 3653.9177 0.4680 0.1636 -0.6265 3.1886 6.0000 38.1342 0.0031 
39.6691 4.0000 3639.5401 0.4642 0.1616 -0.6270 3.1796 6.0000 39.2164 0.0036 
39.6833 4.0000 3645.6665 0.4679 0.1619 -0.6280 3.1873 6.0000 38.6753 0.0036 
39.6633 4.0000 3640.2344 0.4645 0.1626 -0.6273 3.1882 6.0000 37.8084 0.0029 
39.6543 4.0000 3634.2466 0.4667 0.1624 -0.6272 3.1872 6.0000 38.3889 0.0034 
39.6919 4.0000 3648.7829 0.4669 0.1641 -0.6260 3.1943 6.0000 37.6458 0.0038 
39.6550 4.0000 3635.7062 0.4655 0.1622 -0.6265 3.1951 6.0000 37.7172 0.0032 
39.6701 4.0000 3641.3720 0.4682 0.1631 -0.6295 3.1859 6.0000 37.5024 0.0030 
39.6808 4.0000 3643.1311 0.4649 0.1618 -0.6283 3.1822 6.0000 38.0240 0.0035 
39.6885 4.0000 3649.3477 0.4662 0.1618 -0.6310 3.1821 6.0000 38.0025 0.0031 
39.6687 4.0000 3640.9881 0.4621 0.1604 -0.6261 3.1900 6.0000 37.5358 0.0033 
39.6847 4.0000 3645.9177 0.4625 0.1583 -0.6272 3.1875 6.0000 38.1430 0.0032 
39.6736 4.0000 3643.8777 0.4682 0.1640 -0.6285 3.1902 6.0000 38.5732 0.0033 
39.6770 4.0000 3644.2632 0.4662 0.1609 -0.6281 3.1816 6.0000 37.8722 0.0031 
39.6754 4.0000 3644.0940 0.4694 0.1645 -0.6289 3.1959 6.0000 38.5444 0.0037 
39.6835 4.0000 3648.6649 0.4643 0.1613 -0.6240 3.1812 6.0000 41.1287 0.0031 
39.6602 4.0000 3635.8735 0.4641 0.1623 -0.6298 3.1909 6.0000 41.2173 0.0034 
39.6847 4.0000 3648.3560 0.4655 0.1643 -0.6270 3.1905 6.0000 40.7741 0.0034 
39.6696 4.0000 3642.8256 0.4703 0.1645 -0.6346 3.1904 6.0000 23.9472 0.0034 
