39.6310 4.0000 3625.6247 0.3488 0.1129 -0.5891 3.0389 6.0000 12.2264 0.0044 
39.6507 4.0000 3636.8346 0.3458 0.1111 -0.5840 3.0334 6.0000 12.3383 0.0044 
39.6320 4.0000 3629.1919 0.3464 0.1120 -0.5888 3.0359 5.0000 12.3253 0.0040 
39.6454 4.0000 3631.2767 0.3487 0.1125 -0.5892 3.0359 5.0000 12.6707 0.0046 
39.6255 4.0000 3624.4517 0.3490 0.1136 -0.5904 3.0370 6.0000 12.8595 0.0041 
39.6444 4.0000 3631.2946 0.3454 0.1108 -0.5859 3.0329 6.0000 12.9283 0.0046 
39.6227 4.0000 3627.5322 0.3476 0.1139 -0.5833 3.0332 5.0000 12.4602 0.0042 
39.6383 4.0000 3629.1834 0.3513 0.1141 -0.5903 3.0356 5.0000 12.8789 0.0041 
39.6446 4.0000 3635.2603 0.3512 0.1120 -0.5917 3.0321 6.0000 12.8150 0.0050 
39.6096 4.0000 3618.0565 0.3519 0.1120 -0.5972 3.0312 5.0000 13.2939 0.0039 
39.6530 4.0000 3639.0179 0.3490 0.1147 -0.5853 3.0411 5.0000 13.2633 0.0044 
39.6333 4.0000 3631.3496 0.3479 0.1110 -0.5867 3.0261 5.0000 13.2049 0.0047 
39.6209 4.0000 3622.6593 0.3500 0.1138 -0.5871 3.0353 6.0000 13.3443 0.0054 
39.5937 4.0000 3612.6159 0.3483 0.1128 -0.5874 3.0370 6.0000 13.1605 0.0043 
39.6358 4.0000 3632.5662 0.3508 0.1128 -0.5871 3.0343 6.0000 13.0778 0.0043 
39.6346 4.0000 3629.1554 0.3487 0.1129 -0.5906 3.0373 6.0000 13.0275 0.0045 
39.6290 4.0000 3628.3208 0.3496 0.1139 -0.5885 3.0356 6.0000 12.8248 0.0047 
39.6182 4.0000 3624.0668 0.3472 0.1134 -0.5834 3.0342 5.0000 13.0988 0.0036 
39.6636 4.0000 3642.5723 0.3473 0.1131 -0.5864 3.0390 5.0000 13.2975 0.0044 
39.6328 4.0000 3628.5203 0.3524 0.1135 -0.5868 3.0293 5.0000 13.0873 0.0040 
39.6479 4.0000 3631.2928 0.3465 0.1126 -0.5848 3.0337 6.0000 13.1588 0.0043 
39.6373 4.0000 3629.5223 0.3512 0.1143 -0.5909 3.0370 6.0000 12.9225 0.0044 
39.6323 4.0000 3628.3084 0.3485 0.1127 -0.5861 3.0337 6.0000 12.8524 0.0038 
39.6562 4.0000 3638.4858 0.3496 0.1124 -0.5873 3.0287 6.0000 12.8922 0.0044 
39.6333 4.0000 3628.4081 0.3481 0.1116 -0.5869 3.0325 5.0000 13.6543 0.0042 
39.6406 4.0000 3633.9652 0.3518 0.1134 -0.5862 3.0372 6.0000 12.8301 0.0042 
39.6393 4.0000 3629.0477 0.3511 0.1131 -0.5873 3.0344 6.0000 13.1357 0.0040 
39.6479 4.0000 3632.9165 0.3505 0.1124 -0.5890 3.0357 6.0000 13.0944 0.0040 
39.6235 4.0000 3622.6719 0.3475 0.1126 -0.5872 3.0363 6.0000 12.7761 0.0043 
39.6373 4.0000 3631.7763 0.3490 0.1116 -0.5873 3.0306 6.0000 13.1968 0.0042 
39.6409 4.0000 3631.0996 0.3476 0.1124 -0.5864 3.0381 6.0000 12.7394 0.0042 
39.6396 4.0000 3630.4472 0.3491 0.1125 -0.5866 3.0331 6.0000 13.1574 0.0051 
39.6050 4.0000 3616.9082 0.3510 0.1125 -0.5889 3.0337 5.0000 12.9525 0.0045 
39.6285 4.0000 3628.8333 0.3483 0.1142 -0.5862 3.0389 6.0000 12.8751 0.0043 
39.6366 4.0000 3627.4989 0.3483 0.1121 -0.5893 3.0373 6.0000 12.8499 0.0046 
39.6222 4.0000 3625.3851 0.3485 0.1124 -0.5851 3.0338 6.0000 12.5412 0.0046 
39.6240 4.0000 3628.5801 0.3503 0.1116 -0.5877 3.0253 5.0000 12.9965 0.0048 
39.6151 4.0000 3621.8815 0.3512 0.1143 -0.5884 3.0376 6.0000 12.8678 0.0041 
39.6441 4.0000 3630.7092 0.3478 0.1111 -0.5893 3.0327 6.0000 12.7014 0.0042 
39.6376 4.0000 3630.2613 0.3492 0.1132 -0.5885 3.0378 6.0000 12.8792 0.0043 
39.6351 4.0000 3629.6361 0.3514 0.1132 -0.5895 3.0385 6.0000 13.4415 0.0039 
39.6517 4.0000 3636.3213 0.3504 0.1125 -0.5872 3.0349 6.0000 12.6837 0.0039 
39.6204 4.0000 3624.8691 0.3503 0.1133 -0.5887 3.0397 6.0000 12.7253 0.0045 
39.6282 4.0000 3627.6974 0.3475 0.1113 -0.5875 3.0389 6.0000 12.8272 0.0038 
39.6547 4.0000 3634.2598 0.3480 0.1118 -0.5875 3.0360 5.0000 12.7101 0.0036 
39.6620 4.0000 3638.1385 0.3470 0.1122 -0.5849 3.0383 6.0000 12.9515 0.0056 
39.5826 4.0000 3613.7014 0.3481 0.1131 -0.5885 3.0367 6.0000 13.3118 0.0045 
39.6257 4.0000 3626.3523 0.3490 0.1123 -0.5864 3.0327 6.0000 12.8762 0.0045 
39.6378 4.0000 3631.4464 0.3471 0.1114 -0.5868 3.0352 6.0000 13.1299 0.0046 
39.6250 4.0000 3629.8817 0.3502 0.1113 -0.5878 3.0296 5.0000 13.0485 0.0046 
39.6383 4.0000 3628.3533 0.3472 0.1136 -0.5860 3.0313 6.0000 13.1592 0.0039 
39.6512 4.0000 3635.6807 0.3529 0.1145 -0.5901 3.0330 6.0000 13.0730 0.0039 
39.6207 4.0000 3625.2020 0.3501 0.1150 -0.5844 3.0345 5.0000 13.8014 0.0041 
39.6583 4.0000 3638.4694 0.3483 0.1103 -0.5888 3.0310 6.0000 13.3698 0.0037 
39.6441 4.0000 3633.5334 0.3485 0.1133 -0.5846 3.0347 5.0000 13.0766 0.0042 
39.6376 4.0000 3626.8842 0.3494 0.1130 -0.5874 3.0354 6.0000 13.0126 0.0042 
39.6406 4.0000 3631.7977 0.3465 0.1113 -0.5863 3.0315 6.0000 12.9284 0.0049 
39.6134 4.0000 3622.3975 0.3487 0.1121 -0.5882 3.0322 6.0000 13.0188 0.0043 
39.6361 4.0000 3628.8696 0.3528 0.1139 -0.5923 3.0319 6.0000 12.6864 0.0047 
39.6199 4.0000 3624.6772 0.3515 0.1139 -0.5899 3.0367 6.0000 12.9906 0.0049 
39.6126 4.0000 3622.6320 0.3483 0.1123 -0.5876 3.0392 6.0000 13.3046 0.0046 
39.6232 4.0000 3624.4328 0.3499 0.1138 -0.5879 3.0368 5.0000 13.3476 0.0038 
39.6567 4.0000 3636.8494 0.3486 0.1123 -0.5858 3.0331 5.0000 12.9173 0.0039 
39.6530 4.0000 3636.3314 0.3505 0.1127 -0.5866 3.0394 6.0000 12.8456 0.0046 
39.6230 4.0000 3626.9523 0.3497 0.1133 -0.5883 3.0347 6.0000 13.0463 0.0046 
39.6222 4.0000 3626.1538 0.3510 0.1137 -0.5879 3.0365 5.0000 12.7443 0.0046 
39.6224 4.0000 3624.8340 0.3487 0.1124 -0.5851 3.0347 6.0000 12.5906 0.0039 
39.6512 4.0000 3633.1685 0.3498 0.1129 -0.5887 3.0384 5.0000 12.6512 0.0038 
39.6565 4.0000 3635.4527 0.3482 0.1135 -0.5873 3.0351 6.0000 12.8752 0.0044 
39.6320 4.0000 3630.5823 0.3461 0.1131 -0.5808 3.0325 6.0000 12.9223 0.0041 
39.6451 4.0000 3631.0671 0.3483 0.1133 -0.5880 3.0345 6.0000 13.2117 0.0043 
39.6368 4.0000 3631.7470 0.3483 0.1129 -0.5828 3.0371 6.0000 13.0007 0.0044 
39.6303 4.0000 3625.5511 0.3482 0.1132 -0.5864 3.0354 6.0000 13.1428 0.0046 
39.6222 4.0000 3624.7793 0.3504 0.1146 -0.5887 3.0322 5.0000 13.2508 0.0043 
39.6371 4.0000 3631.2182 0.3509 0.1123 -0.5908 3.0327 6.0000 12.6083 0.0042 
39.6411 4.0000 3629.0903 0.3481 0.1120 -0.5898 3.0338 6.0000 13.0707 0.0042 
39.6398 4.0000 3632.7153 0.3484 0.1122 -0.5861 3.0302 6.0000 12.9712 0.0036 
39.6618 4.0000 3640.2638 0.3483 0.1126 -0.5865 3.0357 6.0000 13.2613 0.0040 
39.6454 4.0000 3632.5723 0.3492 0.1145 -0.5882 3.0393 5.0000 12.9437 0.0039 
39.6509 4.0000 3633.8789 0.3487 0.1118 -0.5875 3.0341 6.0000 13.3722 0.0040 
39.6467 4.0000 3633.1443 0.3475 0.1114 -0.5870 3.0334 6.0000 13.4363 0.0051 
39.6048 4.0000 3617.2179 0.3492 0.1132 -0.5862 3.0321 6.0000 13.5315 0.0042 
39.6404 4.0000 3632.7090 0.3499 0.1133 -0.5900 3.0374 6.0000 13.2154 0.0045 
39.6257 4.0000 3626.4573 0.3503 0.1118 -0.5909 3.0353 6.0000 13.2472 0.0042 
39.6393 4.0000 3630.1377 0.3508 0.1128 -0.5903 3.0397 5.0000 13.1246 0.0043 
39.6368 4.0000 3631.0288 0.3505 0.1128 -0.5904 3.0336 6.0000 13.2189 0.0042 
39.6376 4.0000 3632.5660 0.3500 0.1135 -0.5862 3.0377 6.0000 13.0269 0.0048 
39.6169 4.0000 3622.7180 0.3509 0.1147 -0.5884 3.0393 6.0000 13.2950 0.0045 
39.6282 4.0000 3628.9851 0.3491 0.1123 -0.5882 3.0357 6.0000 13.3343 0.0048 
39.6154 4.0000 3622.6842 0.3479 0.1140 -0.5832 3.0366 6.0000 13.1260 0.0041 
39.6436 4.0000 3631.8535 0.3481 0.1117 -0.5863 3.0327 5.0000 13.0405 0.0045 
39.6270 4.0000 3625.1697 0.3483 0.1131 -0.5877 3.0390 6.0000 13.4841 0.0040 
39.6487 4.0000 3632.6636 0.3488 0.1119 -0.5911 3.0307 5.0000 13.3024 0.0040 
39.6489 4.0000 3634.8141 0.3476 0.1117 -0.5852 3.0319 6.0000 13.2581 0.0044 
39.6315 4.0000 3627.9586 0.3498 0.1128 -0.5897 3.0298 5.0000 13.2052 0.0042 
39.6393 4.0000 3629.4729 0.3514 0.1141 -0.5860 3.0397 5.0000 13.4035 0.0035 
39.6656 4.0000 3641.6020 0.3500 0.1121 -0.5900 3.0399 6.0000 13.1683 0.0045 
39.6257 4.0000 3624.7528 0.3494 0.1126 -0.5903 3.0333 5.0000 13.6290 0.0053 
39.5952 4.0000 3616.6542 0.3476 0.1122 -0.5873 3.0354 6.0000 13.5558 0.0043 
39.6366 4.0000 3631.3269 0.3496 0.1122 -0.5860 3.0321 6.0000 12.9227 0.0043 
