39.6356 4.0000 3628.0900 0.3995 0.1356 -0.6161 3.0582 6.0000 12.2119 0.0053 
39.6479 4.0000 3635.2396 0.3993 0.1350 -0.6137 3.0642 6.0000 11.9756 0.0040 
39.5965 4.0000 3615.6222 0.4023 0.1373 -0.6178 3.0604 6.0000 12.0986 0.0045 
39.6277 4.0000 3628.4641 0.4037 0.1371 -0.6190 3.0616 6.0000 12.3916 0.0042 
39.6411 4.0000 3631.5589 0.4005 0.1348 -0.6073 3.0594 6.0000 12.4366 0.0046 
39.6240 4.0000 3626.1498 0.4016 0.1366 -0.6141 3.0670 6.0000 12.5064 0.0035 
39.6689 4.0000 3641.5276 0.4030 0.1361 -0.6116 3.0554 6.0000 12.5181 0.0047 
39.6197 4.0000 3624.9997 0.3999 0.1347 -0.6150 3.0583 5.0000 13.0633 0.0048 
39.6156 4.0000 3624.7380 0.4019 0.1385 -0.6080 3.0644 6.0000 12.8803 0.0049 
39.6136 4.0000 3619.8106 0.4038 0.1381 -0.6131 3.0585 6.0000 13.0281 0.0044 
39.6320 4.0000 3632.7965 0.4036 0.1377 -0.6103 3.0635 5.0000 13.1055 0.0046 
39.6242 4.0000 3626.5410 0.4012 0.1363 -0.6165 3.0662 6.0000 12.9299 0.0043 
39.6358 4.0000 3627.6252 0.4018 0.1356 -0.6152 3.0602 6.0000 13.0813 0.0053 
39.5967 4.0000 3614.9387 0.4059 0.1360 -0.6208 3.0534 5.0000 13.2100 0.0037 
39.6600 4.0000 3638.1347 0.3993 0.1361 -0.6095 3.0615 6.0000 12.9779 0.0044 
39.6295 4.0000 3626.1654 0.3994 0.1341 -0.6132 3.0561 6.0000 12.9022 0.0048 
39.6141 4.0000 3622.1657 0.3988 0.1362 -0.6095 3.0624 6.0000 12.9354 0.0051 
39.6045 4.0000 3620.7960 0.4022 0.1362 -0.6167 3.0626 5.0000 12.9290 0.0047 
39.6194 4.0000 3624.6063 0.4043 0.1356 -0.6157 3.0612 6.0000 12.7482 0.0046 
39.6242 4.0000 3623.4174 0.4003 0.1365 -0.6132 3.0653 6.0000 13.0388 0.0049 
39.6113 4.0000 3623.8646 0.4008 0.1358 -0.6134 3.0617 6.0000 12.9589 0.0046 
39.6242 4.0000 3629.9324 0.4020 0.1352 -0.6131 3.0575 6.0000 13.1025 0.0046 
39.6222 4.0000 3628.6721 0.4026 0.1354 -0.6179 3.0560 6.0000 12.8009 0.0050 
39.6071 4.0000 3620.0035 0.4055 0.1384 -0.6158 3.0652 6.0000 13.2273 0.0046 
39.6230 4.0000 3624.7458 0.4003 0.1366 -0.6113 3.0599 6.0000 13.1514 0.0054 
39.5929 4.0000 3613.8827 0.4076 0.1388 -0.6218 3.0626 5.0000 12.9469 0.0044 
39.6315 4.0000 3631.5627 0.4008 0.1354 -0.6136 3.0595 6.0000 13.1954 0.0044 
39.6298 4.0000 3628.4567 0.4007 0.1353 -0.6144 3.0605 6.0000 13.0030 0.0055 
39.5869 4.0000 3611.6436 0.4012 0.1379 -0.6186 3.0614 6.0000 13.1104 0.0045 
39.6270 4.0000 3626.3647 0.4021 0.1369 -0.6128 3.0659 5.0000 13.2270 0.0049 
39.6131 4.0000 3625.4363 0.4025 0.1372 -0.6141 3.0589 6.0000 13.0458 0.0054 
39.5929 4.0000 3615.7105 0.4011 0.1381 -0.6113 3.0622 5.0000 12.8945 0.0046 
39.6232 4.0000 3622.3014 0.4029 0.1382 -0.6158 3.0692 6.0000 13.0640 0.0047 
39.6199 4.0000 3626.4610 0.4002 0.1352 -0.6115 3.0531 5.0000 12.9672 0.0039 
39.6494 4.0000 3636.3796 0.3991 0.1339 -0.6137 3.0548 6.0000 13.1056 0.0040 
39.6462 4.0000 3634.5256 0.4020 0.1363 -0.6124 3.0583 6.0000 13.4882 0.0054 
39.5937 4.0000 3613.3682 0.4046 0.1384 -0.6182 3.0566 5.0000 12.9178 0.0053 
39.5960 4.0000 3616.4631 0.4025 0.1380 -0.6144 3.0621 6.0000 12.9894 0.0044 
39.6315 4.0000 3631.3753 0.4029 0.1363 -0.6100 3.0595 5.0000 12.7699 0.0048 
39.6159 4.0000 3623.2976 0.4008 0.1362 -0.6174 3.0561 6.0000 12.9989 0.0046 
39.6237 4.0000 3624.8068 0.3986 0.1342 -0.6156 3.0614 6.0000 12.9998 0.0048 
39.6169 4.0000 3619.1970 0.4037 0.1358 -0.6149 3.0626 5.0000 12.5114 0.0050 
39.6086 4.0000 3616.3889 0.4027 0.1371 -0.6168 3.0575 6.0000 12.8463 0.0045 
39.6260 4.0000 3625.6782 0.3993 0.1363 -0.6130 3.0643 6.0000 12.9455 0.0059 
39.5710 4.0000 3604.7680 0.4016 0.1379 -0.6167 3.0667 6.0000 12.8184 0.0050 
39.6093 4.0000 3618.9801 0.4010 0.1371 -0.6143 3.0598 6.0000 13.2961 0.0056 
39.5851 4.0000 3610.2979 0.4010 0.1361 -0.6179 3.0595 6.0000 13.5640 0.0048 
39.6154 4.0000 3623.3074 0.3997 0.1362 -0.6093 3.0604 6.0000 13.6429 0.0049 
39.6119 4.0000 3621.2799 0.4010 0.1368 -0.6154 3.0581 5.0000 13.7583 0.0046 
39.6242 4.0000 3627.0217 0.4038 0.1376 -0.6183 3.0622 5.0000 13.6963 0.0042 
39.6378 4.0000 3631.2908 0.3991 0.1359 -0.6087 3.0626 5.0000 13.4755 0.0046 
39.6252 4.0000 3627.0020 0.4029 0.1368 -0.6148 3.0641 6.0000 13.1589 0.0055 
39.5897 4.0000 3614.6910 0.3990 0.1365 -0.6129 3.0636 6.0000 12.8802 0.0052 
39.6013 4.0000 3617.2081 0.3975 0.1355 -0.6137 3.0615 6.0000 13.2376 0.0045 
39.6285 4.0000 3630.1634 0.4003 0.1358 -0.6141 3.0534 5.0000 13.0561 0.0053 
39.5942 4.0000 3615.1874 0.4035 0.1379 -0.6144 3.0642 6.0000 13.3761 0.0043 
39.6351 4.0000 3628.0081 0.4007 0.1367 -0.6100 3.0620 5.0000 12.8173 0.0042 
39.6406 4.0000 3628.0040 0.4020 0.1368 -0.6167 3.0634 6.0000 13.1164 0.0045 
39.6290 4.0000 3627.9241 0.4051 0.1365 -0.6141 3.0607 6.0000 12.8799 0.0041 
39.6436 4.0000 3631.4194 0.4049 0.1382 -0.6127 3.0654 6.0000 13.1493 0.0050 
39.6071 4.0000 3618.7627 0.4040 0.1384 -0.6160 3.0665 6.0000 13.0467 0.0045 
39.6285 4.0000 3625.8631 0.4034 0.1368 -0.6174 3.0607 6.0000 12.9677 0.0057 
39.5821 4.0000 3612.4103 0.4010 0.1372 -0.6135 3.0636 6.0000 12.9133 0.0044 
39.6298 4.0000 3628.7982 0.3985 0.1351 -0.6108 3.0594 5.0000 12.9895 0.0051 
39.6055 4.0000 3619.1584 0.4044 0.1346 -0.6141 3.0594 6.0000 13.0410 0.0047 
39.6204 4.0000 3626.5513 0.4020 0.1366 -0.6128 3.0637 6.0000 13.0725 0.0046 
39.6242 4.0000 3627.2277 0.4035 0.1365 -0.6184 3.0613 6.0000 13.1454 0.0039 
39.6497 4.0000 3637.1455 0.4045 0.1383 -0.6136 3.0670 6.0000 12.7856 0.0045 
39.6265 4.0000 3632.1586 0.4005 0.1358 -0.6140 3.0578 6.0000 12.8961 0.0047 
39.6184 4.0000 3625.7559 0.3999 0.1361 -0.6125 3.0571 6.0000 13.2594 0.0041 
39.6416 4.0000 3633.2545 0.4021 0.1348 -0.6208 3.0608 6.0000 13.3737 0.0048 
39.6154 4.0000 3625.6459 0.4012 0.1375 -0.6169 3.0644 6.0000 13.7783 0.0044 
39.6328 4.0000 3631.6346 0.4006 0.1355 -0.6113 3.0570 6.0000 12.8905 0.0037 
39.6600 4.0000 3636.8315 0.4021 0.1394 -0.6089 3.0576 6.0000 12.8830 0.0042 
39.6381 4.0000 3632.9049 0.4015 0.1359 -0.6137 3.0581 6.0000 13.1200 0.0049 
39.6103 4.0000 3619.2161 0.4043 0.1383 -0.6177 3.0654 6.0000 12.9323 0.0044 
39.6295 4.0000 3624.9788 0.4001 0.1377 -0.6077 3.0632 6.0000 13.0863 0.0045 
39.6288 4.0000 3625.1649 0.3996 0.1364 -0.6120 3.0624 6.0000 13.1699 0.0053 
39.5972 4.0000 3614.6567 0.4030 0.1364 -0.6138 3.0689 6.0000 13.0797 0.0044 
39.6303 4.0000 3628.1001 0.4001 0.1346 -0.6147 3.0604 6.0000 12.9591 0.0051 
39.6048 4.0000 3618.7740 0.4020 0.1357 -0.6154 3.0583 6.0000 13.0975 0.0041 
39.6416 4.0000 3632.1417 0.4010 0.1325 -0.6190 3.0604 6.0000 13.2598 0.0042 
39.6406 4.0000 3633.0787 0.3992 0.1375 -0.6134 3.0602 6.0000 12.9912 0.0050 
39.6068 4.0000 3622.7624 0.4034 0.1372 -0.6157 3.0636 6.0000 12.9522 0.0057 
39.5821 4.0000 3610.9596 0.4001 0.1363 -0.6161 3.0614 6.0000 13.1665 0.0045 
39.6267 4.0000 3627.4905 0.4008 0.1359 -0.6104 3.0574 6.0000 12.8675 0.0046 
39.6240 4.0000 3625.3513 0.4013 0.1345 -0.6142 3.0602 6.0000 13.1223 0.0046 
39.6255 4.0000 3625.2570 0.4005 0.1358 -0.6137 3.0596 6.0000 13.1028 0.0051 
39.6025 4.0000 3616.4797 0.4056 0.1394 -0.6138 3.0665 6.0000 12.9486 0.0063 
39.5564 4.0000 3599.9642 0.4014 0.1363 -0.6163 3.0627 6.0000 13.0409 0.0046 
39.6242 4.0000 3627.7415 0.4041 0.1356 -0.6141 3.0623 5.0000 12.9005 0.0048 
39.6169 4.0000 3622.5723 0.4020 0.1358 -0.6150 3.0603 6.0000 13.1894 0.0048 
39.6141 4.0000 3622.2068 0.4047 0.1369 -0.6187 3.0631 6.0000 13.5476 0.0043 
39.6340 4.0000 3630.1216 0.4023 0.1373 -0.6100 3.0663 6.0000 12.8839 0.0049 
39.6101 4.0000 3625.7334 0.4007 0.1362 -0.6111 3.0628 6.0000 13.0382 0.0048 
39.6149 4.0000 3622.7796 0.3982 0.1348 -0.6071 3.0622 6.0000 13.2803 0.0050 
39.6093 4.0000 3623.4875 0.4032 0.1371 -0.6113 3.0679 6.0000 13.3579 0.0043 
39.6363 4.0000 3630.7148 0.4033 0.1366 -0.6169 3.0575 5.0000 13.2260 0.0054 
39.5912 4.0000 3615.2557 0.4008 0.1372 -0.6130 3.0613 6.0000 13.1067 0.0044 
39.6313 4.0000 3627.8477 0.4032 0.1391 -0.6125 3.0646 6.0000 12.5765 0.0044 
