39.6682 16.5000 3639.7604 0.2737 0.0813 -0.5304 3.0224 6.0000 14.5952 0.0033 
39.6760 16.5000 3642.1321 0.2755 0.0813 -0.5322 3.0278 6.0000 14.9088 0.0038 
39.6552 16.5000 3635.2771 0.2739 0.0811 -0.5312 3.0275 6.0000 14.9120 0.0026 
39.7019 16.5000 3651.8432 0.2734 0.0810 -0.5286 3.0250 6.0000 15.0864 0.0032 
39.6790 16.5000 3643.9353 0.2745 0.0810 -0.5326 3.0229 5.0000 15.3024 0.0032 
39.6779 16.5000 3643.8436 0.2740 0.0809 -0.5320 3.0231 6.0000 15.1510 0.0031 
39.6841 16.5000 3646.2309 0.2736 0.0795 -0.5332 3.0223 6.0000 15.7511 0.0027 
39.6996 16.5000 3650.6943 0.2745 0.0802 -0.5325 3.0245 6.0000 15.6463 0.0033 
39.6760 16.5000 3642.9472 0.2737 0.0807 -0.5326 3.0237 6.0000 15.2628 0.0031 
39.6836 16.5000 3646.4012 0.2735 0.0807 -0.5297 3.0194 6.0000 15.1676 0.0031 
39.6923 16.5000 3647.2324 0.2745 0.0808 -0.5327 3.0242 6.0000 15.5019 0.0030 
39.6868 16.5000 3645.0013 0.2728 0.0812 -0.5328 3.0236 6.0000 15.2791 0.0030 
39.6671 16.5000 3638.5993 0.2729 0.0800 -0.5315 3.0228 6.0000 15.7783 0.0030 
39.6854 16.5000 3644.0500 0.2746 0.0813 -0.5311 3.0227 6.0000 15.6512 0.0030 
39.6859 16.5000 3646.9854 0.2760 0.0825 -0.5329 3.0229 6.0000 15.7138 0.0031 
39.6955 16.5000 3649.1778 0.2739 0.0819 -0.5284 3.0271 6.0000 15.3700 0.0028 
39.6847 16.5000 3645.2904 0.2733 0.0819 -0.5316 3.0220 6.0000 15.8826 0.0024 
39.7090 16.5000 3654.3217 0.2727 0.0806 -0.5320 3.0236 6.0000 15.8998 0.0031 
39.6829 16.5000 3643.8599 0.2754 0.0823 -0.5347 3.0270 6.0000 15.5362 0.0029 
39.6889 16.5000 3645.9608 0.2734 0.0803 -0.5329 3.0233 5.0000 15.6340 0.0030 
39.6877 16.5000 3647.5529 0.2751 0.0818 -0.5301 3.0239 6.0000 15.5108 0.0026 
39.7045 16.5000 3654.1536 0.2730 0.0802 -0.5317 3.0245 6.0000 15.6508 0.0030 
39.6886 16.5000 3647.3853 0.2732 0.0817 -0.5289 3.0227 6.0000 15.3696 0.0025 
39.7065 16.5000 3652.7695 0.2729 0.0801 -0.5339 3.0225 6.0000 15.5611 0.0033 
39.6760 16.5000 3644.0420 0.2742 0.0810 -0.5311 3.0226 6.0000 15.3688 0.0030 
39.6861 16.5000 3645.8682 0.2740 0.0816 -0.5318 3.0186 6.0000 16.0565 0.0030 
39.6861 16.5000 3647.3119 0.2740 0.0805 -0.5348 3.0226 6.0000 15.9352 0.0034 
39.6714 16.5000 3643.8877 0.2741 0.0816 -0.5286 3.0217 6.0000 15.9730 0.0030 
39.6866 16.5000 3646.2488 0.2763 0.0817 -0.5340 3.0260 6.0000 15.7897 0.0025 
39.7084 16.5000 3655.0749 0.2721 0.0804 -0.5288 3.0229 6.0000 15.8883 0.0030 
39.6850 16.5000 3644.4845 0.2730 0.0819 -0.5302 3.0263 6.0000 15.8353 0.0028 
39.6935 16.5000 3649.7070 0.2739 0.0812 -0.5304 3.0273 6.0000 16.0861 0.0032 
39.6776 16.5000 3642.8421 0.2753 0.0823 -0.5346 3.0221 6.0000 16.1446 0.0030 
39.6880 16.5000 3647.9771 0.2707 0.0809 -0.5270 3.0212 6.0000 15.9296 0.0025 
39.7068 16.5000 3652.4609 0.2728 0.0810 -0.5318 3.0239 6.0000 16.0019 0.0035 
39.6689 16.5000 3640.0809 0.2728 0.0798 -0.5315 3.0208 6.0000 15.6777 0.0030 
39.6882 16.5000 3646.0404 0.2720 0.0811 -0.5305 3.0251 6.0000 16.0146 0.0031 
39.6818 16.5000 3644.7440 0.2757 0.0826 -0.5315 3.0261 6.0000 15.9728 0.0031 
39.6820 16.5000 3645.4321 0.2741 0.0816 -0.5295 3.0246 6.0000 15.5856 0.0034 
39.6719 16.5000 3641.3443 0.2745 0.0803 -0.5337 3.0240 6.0000 15.8874 0.0033 
39.6740 16.5000 3640.8754 0.2753 0.0812 -0.5358 3.0217 6.0000 15.6038 0.0029 
39.6912 16.5000 3649.1900 0.2720 0.0809 -0.5303 3.0239 6.0000 15.6971 0.0031 
39.6824 16.5000 3645.2115 0.2709 0.0805 -0.5268 3.0200 6.0000 15.6139 0.0032 
39.6788 16.5000 3642.4553 0.2743 0.0800 -0.5308 3.0200 5.0000 15.7945 0.0030 
39.6861 16.5000 3646.7876 0.2739 0.0818 -0.5310 3.0247 6.0000 15.5842 0.0026 
39.7035 16.5000 3653.0460 0.2734 0.0810 -0.5288 3.0226 6.0000 15.8512 0.0029 
39.6896 16.5000 3646.4946 0.2733 0.0808 -0.5340 3.0235 6.0000 15.7711 0.0032 
39.6776 16.5000 3641.8269 0.2720 0.0799 -0.5290 3.0230 6.0000 15.8145 0.0035 
39.6685 16.5000 3639.6277 0.2750 0.0805 -0.5326 3.0242 6.0000 15.6903 0.0030 
39.6868 16.5000 3648.2733 0.2730 0.0811 -0.5304 3.0250 6.0000 15.9091 0.0031 
39.6836 16.5000 3644.4806 0.2746 0.0810 -0.5340 3.0257 6.0000 15.9019 0.0028 
39.6935 16.5000 3648.5503 0.2730 0.0825 -0.5276 3.0264 6.0000 15.9879 0.0027 
39.7001 16.5000 3653.1418 0.2756 0.0820 -0.5297 3.0258 5.0000 15.7405 0.0032 
39.6772 16.5000 3642.5092 0.2731 0.0806 -0.5319 3.0227 6.0000 16.2767 0.0032 
39.6788 16.5000 3643.1253 0.2745 0.0817 -0.5337 3.0240 5.0000 16.2438 0.0031 
39.6831 16.5000 3645.4926 0.2730 0.0804 -0.5311 3.0260 6.0000 16.2672 0.0027 
39.7006 16.5000 3650.8084 0.2723 0.0806 -0.5267 3.0259 6.0000 16.4774 0.0031 
39.6841 16.5000 3645.3369 0.2741 0.0819 -0.5297 3.0253 6.0000 16.0633 0.0029 
39.6907 16.5000 3647.4151 0.2728 0.0803 -0.5286 3.0229 5.0000 16.1570 0.0029 
39.6891 16.5000 3647.4192 0.2730 0.0815 -0.5291 3.0246 6.0000 15.8655 0.0032 
39.6797 16.5000 3643.0616 0.2745 0.0816 -0.5309 3.0239 5.0000 16.2446 0.0029 
39.6918 16.5000 3648.3182 0.2738 0.0810 -0.5297 3.0225 6.0000 15.8897 0.0034 
39.6696 16.5000 3640.6938 0.2730 0.0800 -0.5294 3.0212 6.0000 15.8146 0.0026 
39.7040 16.5000 3655.0393 0.2724 0.0806 -0.5280 3.0185 5.0000 15.6739 0.0028 
39.6946 16.5000 3648.6035 0.2739 0.0806 -0.5329 3.0216 6.0000 16.1808 0.0027 
39.6983 16.5000 3649.8141 0.2732 0.0812 -0.5288 3.0261 6.0000 16.3953 0.0031 
39.6827 16.5000 3645.3133 0.2756 0.0811 -0.5351 3.0231 6.0000 16.5179 0.0036 
39.6639 16.5000 3637.5765 0.2740 0.0810 -0.5326 3.0232 6.0000 16.6092 0.0030 
39.6859 16.5000 3646.3451 0.2726 0.0804 -0.5318 3.0208 6.0000 16.6071 0.0035 
39.6650 16.5000 3638.6055 0.2750 0.0801 -0.5347 3.0200 6.0000 16.5530 0.0030 
39.6882 16.5000 3647.7634 0.2735 0.0817 -0.5315 3.0242 6.0000 16.5928 0.0025 
39.7051 16.5000 3653.2260 0.2723 0.0807 -0.5265 3.0218 6.0000 16.3581 0.0031 
39.6820 16.5000 3644.0530 0.2735 0.0810 -0.5316 3.0269 6.0000 16.4877 0.0032 
39.6788 16.5000 3644.9655 0.2728 0.0802 -0.5310 3.0221 6.0000 16.4156 0.0032 
39.6786 16.5000 3642.9582 0.2714 0.0813 -0.5291 3.0236 5.0000 15.6261 0.0026 
39.7031 16.5000 3652.4019 0.2732 0.0809 -0.5319 3.0206 5.0000 16.1212 0.0030 
39.6854 16.5000 3645.0939 0.2735 0.0814 -0.5304 3.0222 6.0000 16.0073 0.0032 
39.6790 16.5000 3644.5851 0.2740 0.0808 -0.5295 3.0203 6.0000 16.0080 0.0031 
39.6820 16.5000 3644.1041 0.2740 0.0814 -0.5308 3.0244 6.0000 15.8393 0.0034 
39.6698 16.5000 3641.2402 0.2727 0.0815 -0.5299 3.0242 5.0000 15.8427 0.0032 
39.6804 16.5000 3646.0124 0.2737 0.0813 -0.5316 3.0258 6.0000 15.8633 0.0035 
39.6675 16.5000 3640.9187 0.2734 0.0818 -0.5295 3.0267 6.0000 15.8203 0.0028 
39.6937 16.5000 3649.2117 0.2769 0.0813 -0.5330 3.0240 6.0000 15.8629 0.0027 
39.6967 16.5000 3650.6218 0.2730 0.0808 -0.5301 3.0232 5.0000 15.9556 0.0025 
39.7070 16.5000 3656.3574 0.2771 0.0811 -0.5322 3.0223 6.0000 15.9582 0.0029 
39.6900 16.5000 3647.8008 0.2739 0.0807 -0.5308 3.0235 6.0000 16.1941 0.0031 
39.6845 16.5000 3643.4518 0.2751 0.0826 -0.5298 3.0262 5.0000 16.0398 0.0030 
39.6882 16.5000 3647.7256 0.2730 0.0800 -0.5316 3.0204 6.0000 15.9770 0.0027 
39.6974 16.5000 3649.9945 0.2735 0.0810 -0.5325 3.0217 6.0000 15.7030 0.0028 
39.6937 16.5000 3649.0455 0.2734 0.0812 -0.5288 3.0238 5.0000 16.2433 0.0031 
39.6818 16.5000 3644.6246 0.2727 0.0811 -0.5302 3.0232 6.0000 16.4209 0.0028 
39.6935 16.5000 3649.2452 0.2714 0.0805 -0.5274 3.0228 6.0000 16.8068 0.0035 
39.6685 16.5000 3640.8903 0.2712 0.0796 -0.5328 3.0215 5.0000 16.6011 0.0029 
39.6916 16.5000 3647.9005 0.2741 0.0802 -0.5301 3.0231 6.0000 17.0310 0.0027 
39.6994 16.5000 3652.0626 0.2733 0.0803 -0.5346 3.0218 6.0000 16.0458 0.0031 
39.6818 16.5000 3645.7010 0.2746 0.0811 -0.5307 3.0244 5.0000 16.2534 0.0027 
39.6969 16.5000 3650.4377 0.2718 0.0809 -0.5282 3.0215 6.0000 15.7342 0.0031 
39.6813 16.5000 3645.1925 0.2730 0.0811 -0.5294 3.0238 5.0000 16.4236 0.0024 
39.7107 16.5000 3654.7800 0.2730 0.0810 -0.5305 3.0234 6.0000 16.6000 0.0032 
39.6779 16.5000 3643.0668 0.2772 0.0810 -0.5361 3.0230 6.0000 15.5514 0.0032 
