39.6822 4.0000 3645.6958 0.2297 0.0688 -0.4796 2.9799 6.0000 11.9754 0.0029 
39.6918 4.0000 3648.1909 0.2291 0.0683 -0.4814 2.9798 6.0000 12.0403 0.0029 
39.6961 4.0000 3650.4946 0.2303 0.0689 -0.4856 2.9756 6.0000 12.6278 0.0035 
39.7074 4.0000 3651.7884 0.2341 0.0693 -0.4866 2.9783 6.0000 12.0480 0.0025 
39.6676 4.0000 3640.1342 0.2318 0.0693 -0.4851 2.9803 6.0000 12.3053 0.0029 
39.6908 4.0000 3647.7443 0.2311 0.0698 -0.4833 2.9793 6.0000 12.6043 0.0029 
39.6923 4.0000 3648.8555 0.2305 0.0686 -0.4828 2.9790 5.0000 12.6300 0.0028 
39.6966 4.0000 3649.6479 0.2298 0.0684 -0.4820 2.9805 6.0000 13.3785 0.0031 
39.6840 4.0000 3645.2631 0.2304 0.0688 -0.4838 2.9781 5.0000 12.7302 0.0027 
39.6971 4.0000 3650.2815 0.2294 0.0687 -0.4818 2.9809 5.0000 13.1307 0.0031 
39.6827 4.0000 3645.0454 0.2291 0.0688 -0.4802 2.9790 5.0000 13.1378 0.0024 
39.7087 4.0000 3654.5526 0.2327 0.0687 -0.4851 2.9778 6.0000 12.7345 0.0027 
39.6979 4.0000 3650.4066 0.2320 0.0693 -0.4849 2.9800 5.0000 12.9812 0.0024 
39.7110 4.0000 3655.8931 0.2303 0.0684 -0.4849 2.9789 6.0000 12.9540 0.0026 
39.7016 4.0000 3651.9892 0.2312 0.0694 -0.4841 2.9804 5.0000 13.1006 0.0032 
39.6802 4.0000 3642.9685 0.2284 0.0681 -0.4808 2.9816 5.0000 13.0180 0.0026 
39.7016 4.0000 3651.9082 0.2306 0.0684 -0.4827 2.9774 6.0000 13.2357 0.0030 
39.6865 4.0000 3644.1380 0.2292 0.0682 -0.4845 2.9811 5.0000 12.8965 0.0031 
39.6825 4.0000 3644.9538 0.2287 0.0685 -0.4809 2.9808 6.0000 13.1925 0.0028 
39.6966 4.0000 3649.2759 0.2302 0.0690 -0.4800 2.9780 5.0000 12.7333 0.0029 
39.6908 4.0000 3647.2050 0.2310 0.0690 -0.4809 2.9817 5.0000 12.9563 0.0025 
39.7069 4.0000 3652.1700 0.2320 0.0691 -0.4861 2.9818 5.0000 12.9538 0.0030 
39.6880 4.0000 3645.7364 0.2306 0.0693 -0.4839 2.9811 5.0000 13.2572 0.0031 
39.6837 4.0000 3644.1354 0.2300 0.0682 -0.4810 2.9787 6.0000 12.9390 0.0029 
39.6913 4.0000 3647.7945 0.2316 0.0682 -0.4820 2.9746 5.0000 12.5737 0.0031 
39.6827 4.0000 3645.2073 0.2318 0.0684 -0.4875 2.9811 6.0000 12.7884 0.0025 
39.7059 4.0000 3653.9997 0.2308 0.0685 -0.4807 2.9811 6.0000 12.8572 0.0034 
39.6719 4.0000 3639.4921 0.2315 0.0691 -0.4827 2.9820 6.0000 13.1561 0.0026 
39.7021 4.0000 3650.4600 0.2306 0.0681 -0.4818 2.9808 6.0000 12.8730 0.0029 
39.6913 4.0000 3646.3332 0.2306 0.0687 -0.4871 2.9811 6.0000 13.2001 0.0034 
39.6721 4.0000 3641.2366 0.2322 0.0689 -0.4888 2.9821 6.0000 13.0862 0.0035 
39.6686 4.0000 3637.5574 0.2290 0.0682 -0.4813 2.9790 6.0000 13.1885 0.0035 
39.6673 4.0000 3639.7904 0.2310 0.0688 -0.4845 2.9793 6.0000 13.1296 0.0027 
39.6994 4.0000 3651.2003 0.2303 0.0686 -0.4842 2.9751 5.0000 13.1032 0.0027 
39.6986 4.0000 3650.7188 0.2286 0.0681 -0.4814 2.9793 5.0000 13.1397 0.0027 
39.6981 4.0000 3649.3788 0.2294 0.0678 -0.4824 2.9755 6.0000 13.0383 0.0031 
39.6825 4.0000 3645.8550 0.2319 0.0687 -0.4851 2.9799 5.0000 12.9007 0.0027 
39.6971 4.0000 3649.6933 0.2308 0.0680 -0.4833 2.9750 6.0000 13.1458 0.0027 
39.6971 4.0000 3649.8182 0.2316 0.0692 -0.4859 2.9797 5.0000 12.7740 0.0025 
39.7067 4.0000 3653.5069 0.2313 0.0684 -0.4836 2.9772 5.0000 13.2054 0.0028 
39.6946 4.0000 3649.3438 0.2277 0.0691 -0.4810 2.9796 6.0000 13.1054 0.0028 
39.6951 4.0000 3649.9251 0.2304 0.0680 -0.4833 2.9781 5.0000 13.3900 0.0031 
39.6847 4.0000 3644.6542 0.2301 0.0683 -0.4813 2.9791 5.0000 13.2378 0.0024 
39.7110 4.0000 3655.3105 0.2291 0.0682 -0.4829 2.9796 6.0000 13.1656 0.0035 
39.6653 4.0000 3638.3291 0.2293 0.0681 -0.4836 2.9787 5.0000 13.0700 0.0030 
39.6873 4.0000 3645.8598 0.2294 0.0685 -0.4797 2.9769 5.0000 13.1961 0.0027 
39.6976 4.0000 3647.9889 0.2308 0.0682 -0.4826 2.9803 5.0000 13.0158 0.0034 
39.6711 4.0000 3639.8797 0.2316 0.0686 -0.4839 2.9773 5.0000 13.3867 0.0031 
39.6835 4.0000 3644.7556 0.2297 0.0689 -0.4825 2.9778 6.0000 13.3871 0.0033 
39.6767 4.0000 3640.7740 0.2315 0.0692 -0.4862 2.9796 6.0000 13.7971 0.0031 
39.6837 4.0000 3643.9627 0.2317 0.0691 -0.4836 2.9791 6.0000 13.3271 0.0030 
39.6870 4.0000 3643.5697 0.2307 0.0686 -0.4825 2.9767 5.0000 13.6009 0.0027 
39.6979 4.0000 3650.0235 0.2308 0.0684 -0.4829 2.9787 6.0000 12.9389 0.0023 
39.7148 4.0000 3657.8207 0.2315 0.0689 -0.4840 2.9794 6.0000 13.5335 0.0026 
39.7019 4.0000 3650.8129 0.2320 0.0685 -0.4845 2.9819 6.0000 13.0080 0.0033 
39.6767 4.0000 3640.9188 0.2325 0.0695 -0.4845 2.9820 6.0000 13.3087 0.0029 
39.6926 4.0000 3647.9498 0.2297 0.0682 -0.4844 2.9792 6.0000 13.4130 0.0028 
39.6928 4.0000 3650.1047 0.2303 0.0692 -0.4814 2.9848 6.0000 12.8694 0.0034 
39.6724 4.0000 3642.3382 0.2304 0.0689 -0.4843 2.9814 6.0000 13.2793 0.0024 
39.7115 4.0000 3653.4858 0.2312 0.0691 -0.4843 2.9804 6.0000 13.2960 0.0034 
39.6719 4.0000 3638.0126 0.2295 0.0690 -0.4843 2.9769 6.0000 13.2414 0.0029 
39.6923 4.0000 3649.1851 0.2308 0.0686 -0.4837 2.9801 6.0000 13.0955 0.0030 
39.6858 4.0000 3645.2358 0.2318 0.0692 -0.4834 2.9803 5.0000 12.8533 0.0029 
39.6916 4.0000 3647.9823 0.2305 0.0686 -0.4814 2.9758 5.0000 13.4148 0.0029 
39.6900 4.0000 3647.9914 0.2316 0.0684 -0.4822 2.9784 5.0000 12.9643 0.0031 
39.6845 4.0000 3645.7465 0.2314 0.0697 -0.4844 2.9778 5.0000 13.0142 0.0027 
39.6996 4.0000 3650.5556 0.2306 0.0694 -0.4826 2.9771 5.0000 13.1805 0.0032 
39.6792 4.0000 3643.8288 0.2313 0.0693 -0.4840 2.9811 5.0000 13.0629 0.0031 
39.6815 4.0000 3644.4893 0.2305 0.0690 -0.4849 2.9803 6.0000 13.2810 0.0031 
39.6810 4.0000 3640.3405 0.2314 0.0690 -0.4871 2.9789 5.0000 13.3132 0.0026 
39.7029 4.0000 3650.5947 0.2301 0.0692 -0.4831 2.9817 6.0000 13.1779 0.0029 
39.6923 4.0000 3647.2348 0.2301 0.0681 -0.4823 2.9789 5.0000 13.0763 0.0034 
39.6704 4.0000 3639.5972 0.2317 0.0687 -0.4872 2.9799 5.0000 13.2886 0.0027 
39.6979 4.0000 3648.8941 0.2333 0.0691 -0.4832 2.9801 5.0000 13.0232 0.0032 
39.6772 4.0000 3642.0643 0.2317 0.0693 -0.4842 2.9778 6.0000 13.3837 0.0022 
39.7178 4.0000 3656.2436 0.2318 0.0689 -0.4852 2.9795 5.0000 12.9853 0.0029 
39.6898 4.0000 3647.4522 0.2305 0.0687 -0.4808 2.9779 5.0000 13.2762 0.0026 
39.7026 4.0000 3652.7990 0.2310 0.0690 -0.4843 2.9795 6.0000 12.8490 0.0025 
39.7067 4.0000 3653.0383 0.2314 0.0692 -0.4848 2.9782 5.0000 13.4136 0.0032 
39.6787 4.0000 3643.5856 0.2281 0.0683 -0.4813 2.9798 5.0000 12.8988 0.0022 
39.7168 4.0000 3656.0129 0.2313 0.0690 -0.4819 2.9804 5.0000 13.0346 0.0031 
39.6812 4.0000 3643.1190 0.2320 0.0684 -0.4872 2.9772 5.0000 13.0667 0.0032 
39.6792 4.0000 3644.1816 0.2322 0.0692 -0.4863 2.9822 6.0000 13.3622 0.0029 
39.6903 4.0000 3648.0028 0.2312 0.0687 -0.4816 2.9758 5.0000 12.8723 0.0024 
39.7092 4.0000 3651.7016 0.2308 0.0677 -0.4842 2.9770 5.0000 13.2421 0.0033 
39.6759 4.0000 3642.2507 0.2304 0.0693 -0.4829 2.9820 5.0000 13.2850 0.0030 
39.6858 4.0000 3645.1473 0.2294 0.0699 -0.4815 2.9791 5.0000 13.1453 0.0027 
39.6984 4.0000 3650.8623 0.2312 0.0686 -0.4824 2.9813 6.0000 13.3352 0.0028 
39.6958 4.0000 3649.1079 0.2298 0.0681 -0.4821 2.9772 5.0000 13.5713 0.0028 
39.6943 4.0000 3648.8525 0.2287 0.0689 -0.4830 2.9808 6.0000 13.3206 0.0029 
39.6898 4.0000 3647.4043 0.2310 0.0697 -0.4823 2.9815 5.0000 13.0543 0.0029 
39.6893 4.0000 3647.1102 0.2315 0.0692 -0.4838 2.9814 6.0000 13.3872 0.0027 
39.6994 4.0000 3650.9836 0.2319 0.0699 -0.4821 2.9804 6.0000 13.4375 0.0036 
39.6623 4.0000 3638.0035 0.2294 0.0692 -0.4795 2.9764 5.0000 13.0376 0.0041 
39.6429 4.0000 3625.0509 0.2313 0.0695 -0.4854 2.9816 6.0000 13.2333 0.0026 
39.7009 4.0000 3649.9745 0.2293 0.0687 -0.4832 2.9801 5.0000 13.0731 0.0028 
39.6966 4.0000 3649.4588 0.2325 0.0693 -0.4845 2.9796 5.0000 13.1881 0.0032 
39.6792 4.0000 3642.8497 0.2289 0.0686 -0.4817 2.9780 6.0000 13.0524 0.0030 
39.6885 4.0000 3647.4868 0.2328 0.0692 -0.4875 2.9820 5.0000 13.1101 0.0032 
39.6784 4.0000 3642.8615 0.2286 0.0686 -0.4820 2.9799 5.0000 12.8330 0.0032 
