38.4666 4.0000 3297.6482 0.5140 0.2596 -0.6215 2.6486 5.0000 0.4186 0.0348 
38.5977 4.0000 3304.7642 0.5234 0.2628 -0.6357 2.6530 5.0000 0.4137 0.0348 
38.4792 4.0000 3292.1286 0.5106 0.2586 -0.6155 2.6480 5.0000 0.4196 0.0348 
38.6166 4.0000 3328.8045 0.5201 0.2581 -0.6474 2.6347 5.0000 0.4255 0.0304 
38.4817 4.0000 3240.8890 0.5143 0.2611 -0.6506 2.6542 5.0000 0.4253 0.0304 
38.5612 4.0000 3292.0050 0.5094 0.2607 -0.6236 2.6617 5.0000 0.3960 0.0323 
38.6305 4.0000 3308.9306 0.5144 0.2584 -0.6305 2.6488 5.0000 0.3859 0.0333 
38.5927 4.0000 3328.6898 0.5109 0.2566 -0.6244 2.6418 5.0000 0.4233 0.0350 
38.5221 4.0000 3235.9508 0.4979 0.2611 -0.6096 2.6682 5.0000 0.4399 0.0384 
38.4615 4.0000 3264.1425 0.5031 0.2540 -0.6248 2.6593 5.0000 0.3749 0.0343 
38.3342 4.0000 3207.3052 0.5058 0.2569 -0.6327 2.6451 5.0000 0.3756 0.0263 
38.4842 4.0000 3239.4325 0.5163 0.2628 -0.6425 2.6538 5.0000 0.3779 0.0347 
38.7869 4.0000 3412.8777 0.5202 0.2532 -0.6319 2.6285 5.0000 0.3712 0.0323 
38.4691 4.0000 3275.6431 0.5156 0.2532 -0.6445 2.6301 5.0000 0.3709 0.0294 
38.5599 4.0000 3322.8802 0.5050 0.2508 -0.6303 2.6426 5.0000 0.3699 0.0306 
38.6671 4.0000 3369.2169 0.5191 0.2580 -0.6068 2.6485 5.0000 0.3726 0.0298 
38.6230 4.0000 3302.2799 0.5227 0.2613 -0.6496 2.6407 5.0000 0.3793 0.0290 
38.6532 4.0000 3327.0769 0.5062 0.2564 -0.6246 2.6490 5.0000 0.3758 0.0337 
38.6835 4.0000 3347.7276 0.5174 0.2538 -0.6320 2.6274 5.0000 0.3713 0.0381 
38.5095 4.0000 3278.2825 0.5161 0.2567 -0.6348 2.6423 5.0000 0.3741 0.0318 
38.3443 4.0000 3235.4729 0.5104 0.2569 -0.6300 2.6414 5.0000 0.3718 0.0362 
38.5801 4.0000 3312.8222 0.5064 0.2490 -0.6321 2.6334 5.0000 0.3720 0.0288 
38.4149 4.0000 3270.5763 0.5174 0.2589 -0.6370 2.6471 5.0000 0.3802 0.0355 
38.6923 4.0000 3328.8083 0.5154 0.2593 -0.6213 2.6542 5.0000 0.3740 0.0355 
38.4401 4.0000 3265.8588 0.5210 0.2598 -0.6434 2.6507 5.0000 0.3719 0.0327 
38.3506 4.0000 3217.7188 0.5032 0.2537 -0.6435 2.6521 5.0000 0.3785 0.0372 
38.5435 4.0000 3270.8348 0.5096 0.2580 -0.6190 2.6545 5.0000 0.3784 0.0372 
38.3770 4.0000 3236.1677 0.5114 0.2595 -0.6371 2.6637 5.0000 0.3780 0.0382 
38.6368 4.0000 3332.0063 0.5158 0.2570 -0.6279 2.6254 5.0000 0.3794 0.0315 
38.3405 4.0000 3246.6091 0.5250 0.2556 -0.6637 2.6422 5.0000 0.3727 0.0315 
38.5889 4.0000 3318.3720 0.5232 0.2605 -0.6357 2.6321 5.0000 0.3714 0.0315 
38.4981 4.0000 3247.5271 0.5091 0.2591 -0.6386 2.6540 5.0000 0.3763 0.0309 
38.5889 4.0000 3284.2787 0.5191 0.2607 -0.6339 2.6384 5.0000 0.3768 0.0309 
38.6116 4.0000 3288.9155 0.5226 0.2605 -0.6468 2.6385 5.0000 0.3702 0.0310 
38.5460 4.0000 3273.5473 0.5169 0.2630 -0.6380 2.6481 5.0000 0.3756 0.0284 
38.6078 4.0000 3303.4174 0.5256 0.2676 -0.6240 2.6507 5.0000 0.3831 0.0284 
38.7062 4.0000 3364.0063 0.5044 0.2506 -0.6281 2.6321 5.0000 0.3726 0.0305 
38.3531 4.0000 3208.9395 0.5057 0.2560 -0.6292 2.6444 5.0000 0.3703 0.0379 
38.6267 4.0000 3330.3001 0.5080 0.2585 -0.6257 2.6377 5.0000 0.3737 0.0336 
38.3518 4.0000 3213.5095 0.5114 0.2545 -0.6387 2.6455 5.0000 0.3728 0.0351 
38.5120 4.0000 3293.7730 0.5248 0.2607 -0.6392 2.6616 5.0000 0.3820 0.0335 
38.4552 4.0000 3251.5662 0.5109 0.2558 -0.6347 2.6356 5.0000 0.3701 0.0335 
38.5170 4.0000 3257.9433 0.5163 0.2615 -0.6340 2.6568 5.0000 0.3717 0.0326 
38.3342 4.0000 3216.5649 0.5013 0.2563 -0.6350 2.6633 5.0000 0.3768 0.0314 
38.5498 4.0000 3323.8651 0.5100 0.2537 -0.6337 2.6275 5.0000 0.3749 0.0314 
38.5939 4.0000 3330.7995 0.5170 0.2535 -0.6347 2.6471 5.0000 0.3730 0.0306 
38.7011 4.0000 3320.2547 0.5074 0.2574 -0.6368 2.6394 5.0000 0.3779 0.0336 
38.6242 4.0000 3320.6154 0.5103 0.2537 -0.6343 2.6315 5.0000 0.3770 0.0336 
38.5132 4.0000 3258.2484 0.5138 0.2598 -0.6379 2.6497 5.0000 0.3759 0.0380 
38.7491 4.0000 3366.6204 0.5089 0.2601 -0.5965 2.6458 5.0000 0.3762 0.0365 
38.3480 4.0000 3255.0706 0.5209 0.2588 -0.6616 2.6495 5.0000 0.3749 0.0365 
38.4048 4.0000 3195.0101 0.5076 0.2658 -0.6282 2.6728 5.0000 0.3834 0.0376 
38.5120 4.0000 3251.8726 0.5059 0.2578 -0.6287 2.6460 5.0000 0.3824 0.0311 
38.3644 4.0000 3217.3001 0.5122 0.2628 -0.6307 2.6624 5.0000 0.3951 0.0333 
38.6040 4.0000 3285.5259 0.5251 0.2638 -0.6466 2.6458 5.0000 0.3729 0.0308 
38.5246 4.0000 3254.6835 0.5180 0.2602 -0.6445 2.6559 5.0000 0.3733 0.0303 
38.6166 4.0000 3351.5359 0.5304 0.2641 -0.6402 2.6318 5.0000 0.3741 0.0331 
38.6356 4.0000 3340.1538 0.5219 0.2598 -0.6178 2.6385 5.0000 0.3732 0.0297 
38.5309 4.0000 3271.5864 0.5221 0.2629 -0.6440 2.6471 5.0000 0.3725 0.0321 
38.6583 4.0000 3347.5902 0.5131 0.2595 -0.6207 2.6365 5.0000 0.3755 0.0325 
38.5675 4.0000 3324.2055 0.5168 0.2565 -0.6263 2.6466 5.0000 0.3731 0.0344 
38.5523 4.0000 3309.7793 0.5154 0.2629 -0.6226 2.6473 5.0000 0.3716 0.0332 
38.4830 4.0000 3260.0555 0.5137 0.2654 -0.6259 2.6507 5.0000 0.3724 0.0321 
38.5259 4.0000 3275.2005 0.5075 0.2571 -0.6313 2.6395 5.0000 0.3801 0.0285 
38.5662 4.0000 3284.4779 0.5309 0.2612 -0.6561 2.6348 5.0000 0.3730 0.0290 
38.7011 4.0000 3392.6066 0.5169 0.2536 -0.6309 2.6297 5.0000 0.3770 0.0356 
38.6835 4.0000 3299.9685 0.5182 0.2579 -0.6458 2.6319 5.0000 0.3791 0.0283 
38.4376 4.0000 3242.5221 0.5120 0.2602 -0.6417 2.6494 5.0000 0.3716 0.0301 
38.7100 4.0000 3341.9433 0.5210 0.2592 -0.6415 2.6500 5.0000 0.3733 0.0283 
38.6419 4.0000 3321.2724 0.5229 0.2627 -0.6423 2.6407 5.0000 0.3837 0.0297 
38.7112 4.0000 3389.5019 0.5129 0.2547 -0.6134 2.6161 5.0000 0.3709 0.0340 
38.6583 4.0000 3298.6747 0.5036 0.2600 -0.6128 2.6550 5.0000 0.3727 0.0377 
38.4968 4.0000 3303.4363 0.5274 0.2632 -0.6307 2.6546 5.0000 0.3802 0.0365 
38.3607 4.0000 3229.7642 0.5107 0.2599 -0.6378 2.6622 5.0000 0.3731 0.0330 
38.4035 4.0000 3225.4704 0.5203 0.2632 -0.6521 2.6508 5.0000 0.3753 0.0349 
38.5359 4.0000 3292.2106 0.5272 0.2605 -0.6396 2.6599 5.0000 0.3823 0.0386 
38.4628 4.0000 3241.1311 0.5123 0.2626 -0.6375 2.6532 5.0000 0.3820 0.0337 
38.3266 4.0000 3196.8134 0.5149 0.2573 -0.6442 2.6452 5.0000 0.3856 0.0294 
38.5069 4.0000 3262.3859 0.5008 0.2504 -0.6204 2.6398 5.0000 0.3696 0.0299 
38.6671 4.0000 3328.1753 0.5220 0.2570 -0.6423 2.6338 5.0000 0.3802 0.0336 
38.6520 4.0000 3364.0366 0.5343 0.2596 -0.6478 2.6416 5.0000 0.3755 0.0384 
38.5132 4.0000 3275.5334 0.5094 0.2624 -0.6098 2.6550 5.0000 0.3745 0.0305 
38.3342 4.0000 3216.5347 0.5050 0.2596 -0.6171 2.6486 5.0000 0.3706 0.0312 
38.6280 4.0000 3323.3493 0.5026 0.2588 -0.6063 2.6458 5.0000 0.3894 0.0275 
38.6015 4.0000 3277.8916 0.4983 0.2556 -0.6312 2.6439 5.0000 0.3739 0.0321 
38.7415 4.0000 3369.7781 0.5147 0.2528 -0.6368 2.6237 5.0000 0.4018 0.0259 
38.5687 4.0000 3285.8209 0.5117 0.2601 -0.6245 2.6502 5.0000 0.3759 0.0387 
38.7995 4.0000 3366.2383 0.5117 0.2533 -0.6380 2.6501 5.0000 0.3763 0.0338 
38.3216 4.0000 3186.5132 0.4973 0.2620 -0.6079 2.6649 5.0000 0.3798 0.0328 
38.5057 4.0000 3273.0454 0.5217 0.2673 -0.6346 2.6568 5.0000 0.3784 0.0336 
38.5422 4.0000 3273.3354 0.5029 0.2594 -0.6144 2.6508 5.0000 0.3747 0.0344 
38.5120 4.0000 3279.6406 0.5144 0.2675 -0.6237 2.6510 5.0000 0.3731 0.0220 
38.4805 4.0000 3255.2547 0.5078 0.2583 -0.6293 2.6491 5.0000 0.3710 0.0331 
38.9470 4.0000 3419.1778 0.5215 0.2581 -0.6434 2.6319 5.0000 0.3768 0.0324 
38.5296 4.0000 3252.8134 0.5276 0.2650 -0.6527 2.6567 5.0000 0.3792 0.0345 
38.5561 4.0000 3299.9420 0.5170 0.2571 -0.6405 2.6488 5.0000 0.3732 0.0345 
38.4779 4.0000 3263.9243 0.5028 0.2559 -0.6204 2.6357 5.0000 0.3733 0.0363 
38.3871 4.0000 3207.2636 0.5144 0.2660 -0.6218 2.6700 5.0000 0.3753 0.0329 
38.4111 4.0000 3251.6923 0.5263 0.2637 -0.6527 2.6571 5.0000 0.3736 0.0329 
38.5385 4.0000 3302.2736 0.5064 0.2566 -0.6263 2.6462 5.0000 0.3722 0.0329 
