39.5763 16.5000 3590.5633 0.2122 0.1101 -0.3636 2.6390 5.0000 1.0749 0.0058 
39.5343 16.5000 3576.9870 0.2107 0.1100 -0.3633 2.6412 5.0000 1.0637 0.0058 
39.5553 16.5000 3580.9424 0.2128 0.1090 -0.3669 2.6396 5.0000 1.0538 0.0058 
39.5544 16.5000 3577.5553 0.2177 0.1109 -0.3747 2.6404 5.0000 0.9267 0.0063 
39.5637 16.5000 3588.3934 0.2126 0.1116 -0.3640 2.6397 5.0000 0.9161 0.0063 
39.5570 16.5000 3587.9874 0.2168 0.1109 -0.3720 2.6394 5.0000 0.9198 0.0063 
39.5385 16.5000 3577.8823 0.2135 0.1106 -0.3691 2.6422 5.0000 0.9138 0.0067 
39.5511 16.5000 3578.9802 0.2215 0.1121 -0.3788 2.6438 5.0000 0.9196 0.0067 
39.5401 16.5000 3576.4515 0.2159 0.1109 -0.3703 2.6398 5.0000 0.9169 0.0067 
39.5645 16.5000 3585.2778 0.2189 0.1108 -0.3773 2.6403 5.0000 0.9041 0.0059 
39.5578 16.5000 3586.3195 0.2155 0.1122 -0.3658 2.6422 5.0000 0.9157 0.0059 
39.5721 16.5000 3584.4094 0.2152 0.1112 -0.3725 2.6442 5.0000 0.9197 0.0059 
39.5578 16.5000 3586.4926 0.2183 0.1120 -0.3723 2.6360 5.0000 0.8947 0.0064 
39.5813 16.5000 3589.7209 0.2183 0.1117 -0.3743 2.6415 5.0000 0.9099 0.0064 
39.5519 16.5000 3583.7579 0.2154 0.1121 -0.3660 2.6410 5.0000 0.9121 0.0064 
39.5334 16.5000 3577.1820 0.2173 0.1104 -0.3755 2.6416 5.0000 0.8859 0.0059 
39.5334 16.5000 3573.2947 0.2160 0.1129 -0.3709 2.6429 5.0000 0.9051 0.0059 
39.5712 16.5000 3586.9887 0.2160 0.1121 -0.3723 2.6338 5.0000 0.9019 0.0059 
39.5712 16.5000 3585.3384 0.2180 0.1125 -0.3717 2.6423 5.0000 0.8871 0.0072 
39.5704 16.5000 3584.5338 0.2196 0.1113 -0.3738 2.6388 5.0000 0.9021 0.0052 
39.5216 16.5000 3569.9840 0.2133 0.1111 -0.3632 2.6416 5.0000 0.9070 0.0052 
39.5998 16.5000 3596.2253 0.2184 0.1113 -0.3775 2.6412 5.0000 0.8763 0.0076 
39.5578 16.5000 3585.2114 0.2146 0.1105 -0.3716 2.6379 5.0000 0.8937 0.0065 
39.5074 16.5000 3565.4552 0.2117 0.1116 -0.3625 2.6405 5.0000 0.9040 0.0065 
39.5494 16.5000 3580.7474 0.2162 0.1095 -0.3787 2.6385 5.0000 0.8772 0.0060 
39.5343 16.5000 3572.2211 0.2177 0.1123 -0.3718 2.6429 5.0000 0.8981 0.0067 
39.5670 16.5000 3587.5242 0.2149 0.1093 -0.3729 2.6411 5.0000 0.9049 0.0067 
39.5418 16.5000 3577.6124 0.2204 0.1118 -0.3759 2.6435 5.0000 0.8890 0.0048 
39.5343 16.5000 3574.9189 0.2168 0.1115 -0.3745 2.6410 5.0000 0.8871 0.0059 
39.6158 16.5000 3606.8188 0.2177 0.1103 -0.3719 2.6403 5.0000 0.8906 0.0059 
39.5721 16.5000 3590.6120 0.2171 0.1122 -0.3736 2.6400 5.0000 0.8840 0.0069 
39.5410 16.5000 3576.9987 0.2182 0.1108 -0.3759 2.6421 5.0000 0.8877 0.0067 
39.5317 16.5000 3574.5137 0.2089 0.1096 -0.3632 2.6400 5.0000 0.8894 0.0067 
39.5401 16.5000 3580.4145 0.2200 0.1105 -0.3839 2.6397 5.0000 0.8786 0.0067 
39.5259 16.5000 3568.3380 0.2188 0.1103 -0.3808 2.6388 5.0000 0.8860 0.0071 
39.5393 16.5000 3576.0126 0.2116 0.1110 -0.3619 2.6407 5.0000 0.8928 0.0071 
39.5233 16.5000 3569.6789 0.2162 0.1111 -0.3719 2.6424 5.0000 0.8848 0.0062 
39.5452 16.5000 3585.3325 0.2193 0.1125 -0.3773 2.6446 5.0000 0.8853 0.0068 
39.5620 16.5000 3583.2669 0.2120 0.1105 -0.3641 2.6397 5.0000 0.8880 0.0068 
39.5359 16.5000 3577.2114 0.2179 0.1116 -0.3736 2.6392 5.0000 0.8785 0.0049 
39.5427 16.5000 3577.3880 0.2177 0.1111 -0.3769 2.6418 5.0000 0.8859 0.0061 
39.6099 16.5000 3602.3447 0.2170 0.1113 -0.3697 2.6381 5.0000 0.8868 0.0061 
39.5645 16.5000 3589.1711 0.2193 0.1112 -0.3802 2.6392 5.0000 0.8816 0.0076 
39.5519 16.5000 3577.9353 0.2184 0.1111 -0.3746 2.6395 5.0000 0.8862 0.0063 
39.5048 16.5000 3563.9084 0.2136 0.1099 -0.3702 2.6385 5.0000 0.8824 0.0063 
39.5561 16.5000 3582.0731 0.2163 0.1106 -0.3780 2.6410 5.0000 0.8809 0.0064 
39.5637 16.5000 3586.0160 0.2184 0.1118 -0.3746 2.6419 5.0000 0.8865 0.0063 
39.5528 16.5000 3578.8701 0.2166 0.1113 -0.3699 2.6418 5.0000 0.8878 0.0063 
39.5578 16.5000 3576.8121 0.2157 0.1119 -0.3694 2.6440 5.0000 0.8850 0.0066 
39.5822 16.5000 3590.3724 0.2151 0.1123 -0.3641 2.6381 5.0000 0.8824 0.0062 
39.5460 16.5000 3579.1433 0.2161 0.1105 -0.3759 2.6385 5.0000 0.8881 0.0062 
39.5620 16.5000 3584.9071 0.2174 0.1128 -0.3713 2.6419 5.0000 0.8907 0.0064 
39.5149 16.5000 3567.5948 0.2159 0.1126 -0.3702 2.6417 5.0000 0.8911 0.0070 
39.5519 16.5000 3579.9714 0.2130 0.1091 -0.3708 2.6378 5.0000 0.8844 0.0070 
39.5284 16.5000 3572.9231 0.2143 0.1112 -0.3670 2.6349 5.0000 0.8841 0.0064 
39.5687 16.5000 3589.2728 0.2166 0.1109 -0.3712 2.6425 5.0000 0.8840 0.0058 
39.5544 16.5000 3581.3930 0.2173 0.1115 -0.3701 2.6468 5.0000 0.8850 0.0058 
39.5755 16.5000 3593.2392 0.2142 0.1109 -0.3694 2.6414 5.0000 0.8901 0.0055 
39.5334 16.5000 3571.4863 0.2168 0.1107 -0.3737 2.6422 5.0000 0.8793 0.0062 
39.5889 16.5000 3589.6402 0.2170 0.1121 -0.3692 2.6360 5.0000 0.8864 0.0065 
39.5595 16.5000 3584.8012 0.2176 0.1114 -0.3755 2.6382 5.0000 0.8829 0.0063 
39.5477 16.5000 3580.4868 0.2180 0.1112 -0.3796 2.6391 5.0000 0.8836 0.0059 
39.5561 16.5000 3583.4620 0.2162 0.1100 -0.3732 2.6367 5.0000 0.8856 0.0056 
39.5729 16.5000 3591.3342 0.2176 0.1118 -0.3703 2.6393 5.0000 0.8819 0.0053 
39.5855 16.5000 3590.6162 0.2152 0.1108 -0.3681 2.6379 5.0000 0.8808 0.0070 
39.5956 16.5000 3596.9996 0.2204 0.1103 -0.3856 2.6375 5.0000 0.8876 0.0069 
39.5284 16.5000 3573.2778 0.2181 0.1120 -0.3748 2.6396 5.0000 0.8825 0.0063 
39.5343 16.5000 3574.6986 0.2155 0.1105 -0.3678 2.6398 5.0000 0.8812 0.0066 
39.5570 16.5000 3581.7982 0.2214 0.1102 -0.3831 2.6393 5.0000 0.8841 0.0065 
39.5452 16.5000 3581.0836 0.2173 0.1122 -0.3723 2.6390 5.0000 0.8823 0.0066 
39.5485 16.5000 3580.9130 0.2187 0.1113 -0.3794 2.6357 5.0000 0.8829 0.0056 
39.5443 16.5000 3577.7562 0.2193 0.1113 -0.3768 2.6439 5.0000 0.8854 0.0056 
39.5855 16.5000 3592.5280 0.2142 0.1109 -0.3659 2.6398 5.0000 0.8813 0.0064 
39.5830 16.5000 3595.1282 0.2142 0.1122 -0.3643 2.6378 5.0000 0.8817 0.0064 
39.5536 16.5000 3583.6141 0.2185 0.1100 -0.3797 2.6372 5.0000 0.8886 0.0057 
39.5544 16.5000 3582.4464 0.2198 0.1113 -0.3754 2.6379 5.0000 0.8920 0.0068 
39.5797 16.5000 3590.5481 0.2143 0.1108 -0.3703 2.6399 5.0000 0.8875 0.0062 
39.5368 16.5000 3575.7049 0.2147 0.1101 -0.3743 2.6395 5.0000 0.9023 0.0062 
39.5620 16.5000 3587.8949 0.2151 0.1092 -0.3748 2.6383 5.0000 0.8933 0.0064 
39.5612 16.5000 3584.2287 0.2171 0.1099 -0.3757 2.6417 5.0000 0.8833 0.0071 
39.5528 16.5000 3576.8718 0.2147 0.1088 -0.3718 2.6359 5.0000 0.8925 0.0062 
39.5233 16.5000 3570.8029 0.2123 0.1113 -0.3674 2.6410 5.0000 0.8894 0.0068 
39.5595 16.5000 3582.5263 0.2187 0.1115 -0.3730 2.6441 5.0000 0.8828 0.0052 
39.5359 16.5000 3573.7570 0.2160 0.1100 -0.3738 2.6400 5.0000 0.8974 0.0063 
39.5998 16.5000 3594.1412 0.2177 0.1119 -0.3664 2.6393 5.0000 0.8902 0.0058 
39.5570 16.5000 3587.9311 0.2156 0.1101 -0.3724 2.6399 5.0000 0.8878 0.0051 
39.5755 16.5000 3589.3636 0.2160 0.1109 -0.3706 2.6386 5.0000 0.8856 0.0059 
39.6040 16.5000 3597.6763 0.2153 0.1102 -0.3710 2.6405 5.0000 0.8890 0.0059 
39.5738 16.5000 3586.9929 0.2203 0.1108 -0.3791 2.6426 5.0000 0.8883 0.0061 
39.5729 16.5000 3586.6641 0.2193 0.1124 -0.3738 2.6396 5.0000 0.8872 0.0058 
39.5628 16.5000 3582.9281 0.2133 0.1092 -0.3680 2.6401 5.0000 0.8952 0.0060 
39.5763 16.5000 3591.7579 0.2131 0.1112 -0.3647 2.6406 5.0000 0.8900 0.0061 
39.5679 16.5000 3590.9012 0.2166 0.1121 -0.3687 2.6407 5.0000 0.9023 0.0066 
39.5645 16.5000 3587.5914 0.2153 0.1114 -0.3698 2.6408 5.0000 0.8919 0.0058 
39.5460 16.5000 3578.2413 0.2151 0.1097 -0.3726 2.6385 5.0000 0.8920 0.0062 
39.5771 16.5000 3591.2316 0.2169 0.1133 -0.3654 2.6386 5.0000 0.8896 0.0053 
39.5586 16.5000 3584.0521 0.2122 0.1117 -0.3613 2.6363 5.0000 0.8888 0.0059 
39.5973 16.5000 3598.5784 0.2185 0.1110 -0.3788 2.6386 5.0000 0.8856 0.0056 
39.5721 16.5000 3593.6646 0.2222 0.1122 -0.3812 2.6364 5.0000 0.8850 0.0056 
39.5830 16.5000 3595.0475 0.2134 0.1106 -0.3643 2.6411 5.0000 0.8819 0.0056 
