39.3266 4.0000 3523.5473 0.5194 0.2124 -0.6568 2.9797 5.0000 4.1313 0.0106 
39.4586 4.0000 3582.5448 0.5241 0.2143 -0.6530 2.9833 5.0000 4.1824 0.0106 
39.3884 4.0000 3553.8029 0.5183 0.2138 -0.6448 2.9898 5.0000 4.1236 0.0106 
39.4128 4.0000 3567.3733 0.5197 0.2133 -0.6430 2.9856 5.0000 3.8067 0.0092 
39.3178 4.0000 3534.8407 0.5190 0.2089 -0.6513 2.9969 5.0000 3.9111 0.0117 
39.4447 4.0000 3574.6326 0.5233 0.2148 -0.6489 2.9920 5.0000 3.8682 0.0117 
39.3447 4.0000 3519.1354 0.5218 0.2135 -0.6538 2.9811 5.0000 3.9193 0.0107 
39.3262 4.0000 3518.8268 0.5235 0.2160 -0.6514 2.9959 5.0000 3.9944 0.0125 
39.3846 4.0000 3544.4405 0.5200 0.2145 -0.6427 2.9860 5.0000 3.9922 0.0125 
39.3153 4.0000 3516.0298 0.5236 0.2138 -0.6507 3.0065 5.0000 4.1886 0.0105 
39.3745 4.0000 3538.0984 0.5262 0.2177 -0.6505 2.9892 5.0000 4.2049 0.0096 
39.3909 4.0000 3549.5254 0.5210 0.2117 -0.6509 2.9759 5.0000 4.2735 0.0104 
39.4275 4.0000 3563.2413 0.5191 0.2117 -0.6373 2.9805 5.0000 4.0889 0.0117 
39.3968 4.0000 3549.1328 0.5160 0.2133 -0.6497 2.9931 5.0000 4.1698 0.0094 
39.3451 4.0000 3537.1068 0.5178 0.2123 -0.6522 2.9829 5.0000 4.1606 0.0099 
39.4342 4.0000 3571.3909 0.5164 0.2105 -0.6400 2.9815 5.0000 4.0512 0.0115 
39.4161 4.0000 3559.3228 0.5193 0.2073 -0.6500 2.9764 5.0000 4.0450 0.0092 
39.3535 4.0000 3530.2980 0.5205 0.2145 -0.6463 2.9948 5.0000 4.1224 0.0098 
39.4439 4.0000 3575.1568 0.5156 0.2110 -0.6371 2.9877 5.0000 4.1538 0.0108 
39.4191 4.0000 3548.5574 0.5149 0.2139 -0.6496 2.9948 5.0000 4.0810 0.0105 
39.3817 4.0000 3551.9836 0.5179 0.2079 -0.6547 2.9907 5.0000 4.0964 0.0128 
39.3905 4.0000 3549.3661 0.5193 0.2140 -0.6399 2.9863 5.0000 4.0527 0.0116 
39.3026 4.0000 3510.5179 0.5200 0.2139 -0.6536 2.9948 5.0000 4.0034 0.0099 
39.3480 4.0000 3523.2106 0.5238 0.2170 -0.6592 3.0087 5.0000 4.0105 0.0100 
39.4161 4.0000 3559.5788 0.5192 0.2133 -0.6566 2.9780 5.0000 4.3527 0.0111 
39.4119 4.0000 3558.0488 0.5151 0.2116 -0.6403 2.9889 5.0000 4.1263 0.0119 
39.3367 4.0000 3517.2224 0.5265 0.2165 -0.6624 2.9921 5.0000 4.1726 0.0092 
39.3691 4.0000 3548.9828 0.5225 0.2156 -0.6430 2.9853 5.0000 4.2019 0.0105 
39.4426 4.0000 3570.5124 0.5219 0.2154 -0.6450 2.9951 5.0000 4.1728 0.0105 
39.3930 4.0000 3547.1723 0.5175 0.2120 -0.6529 2.9792 5.0000 4.1117 0.0118 
39.4414 4.0000 3561.3640 0.5233 0.2169 -0.6524 2.9890 5.0000 3.9461 0.0096 
39.3426 4.0000 3526.6641 0.5193 0.2138 -0.6454 2.9927 5.0000 3.9556 0.0096 
39.4254 4.0000 3572.8033 0.5178 0.2130 -0.6408 2.9785 5.0000 3.9071 0.0093 
39.4372 4.0000 3557.9399 0.5182 0.2086 -0.6592 2.9954 6.0000 4.1004 0.0109 
39.4283 4.0000 3559.9323 0.5144 0.2134 -0.6364 2.9879 5.0000 4.1125 0.0095 
39.3779 4.0000 3544.6944 0.5160 0.2115 -0.6456 2.9965 5.0000 4.0794 0.0095 
39.4300 4.0000 3571.9908 0.5202 0.2154 -0.6547 2.9835 5.0000 4.1734 0.0086 
39.4313 4.0000 3567.1244 0.5139 0.2099 -0.6444 2.9813 5.0000 4.1576 0.0086 
39.4670 4.0000 3567.5591 0.5242 0.2136 -0.6518 2.9899 5.0000 4.1952 0.0098 
39.4178 4.0000 3552.5174 0.5203 0.2134 -0.6465 2.9849 5.0000 4.3024 0.0106 
39.3766 4.0000 3533.9752 0.5209 0.2164 -0.6433 2.9895 5.0000 4.2050 0.0111 
39.3674 4.0000 3547.1471 0.5239 0.2139 -0.6527 2.9882 5.0000 4.2796 0.0099 
39.3871 4.0000 3555.2745 0.5200 0.2133 -0.6579 2.9937 5.0000 3.9969 0.0099 
39.4149 4.0000 3551.8571 0.5245 0.2107 -0.6578 2.9898 5.0000 3.9795 0.0099 
39.4170 4.0000 3551.5519 0.5165 0.2113 -0.6448 2.9924 5.0000 4.0081 0.0081 
39.3506 4.0000 3527.5633 0.5165 0.2131 -0.6479 2.9921 5.0000 3.9243 0.0080 
39.4859 4.0000 3577.9504 0.5267 0.2131 -0.6435 2.9901 5.0000 3.9785 0.0099 
39.4918 4.0000 3591.5179 0.5238 0.2140 -0.6507 2.9869 5.0000 3.9212 0.0099 
39.4174 4.0000 3557.0021 0.5196 0.2111 -0.6505 3.0006 5.0000 4.1966 0.0124 
39.3119 4.0000 3525.5011 0.5235 0.2158 -0.6491 2.9928 5.0000 4.2171 0.0088 
39.3182 4.0000 3527.5780 0.5194 0.2125 -0.6576 2.9902 5.0000 4.1795 0.0088 
39.4586 4.0000 3563.7835 0.5075 0.2048 -0.6475 2.9823 5.0000 4.2452 0.0103 
39.3531 4.0000 3552.0479 0.5212 0.2117 -0.6466 2.9867 5.0000 4.2166 0.0114 
39.3989 4.0000 3549.7869 0.5243 0.2181 -0.6438 2.9903 5.0000 4.1933 0.0114 
39.3577 4.0000 3533.1101 0.5205 0.2219 -0.6490 2.9990 5.0000 4.2352 0.0104 
39.4187 4.0000 3556.7789 0.5222 0.2164 -0.6495 2.9920 5.0000 4.3757 0.0114 
39.3955 4.0000 3537.8483 0.5190 0.2137 -0.6460 2.9777 5.0000 4.3369 0.0114 
39.3577 4.0000 3530.6797 0.5128 0.2129 -0.6441 2.9816 5.0000 4.0356 0.0111 
39.3556 4.0000 3532.0769 0.5239 0.2136 -0.6501 2.9800 5.0000 4.0356 0.0128 
39.3707 4.0000 3531.1000 0.5188 0.2119 -0.6583 2.9866 5.0000 4.0767 0.0087 
39.3035 4.0000 3528.8697 0.5225 0.2130 -0.6569 2.9829 5.0000 4.0447 0.0089 
39.4632 4.0000 3575.0109 0.5190 0.2091 -0.6429 2.9837 5.0000 3.9937 0.0131 
39.4565 4.0000 3581.4010 0.5273 0.2165 -0.6568 2.9873 5.0000 4.0991 0.0097 
39.2921 4.0000 3512.9786 0.5200 0.2159 -0.6480 2.9875 5.0000 4.3128 0.0088 
39.4216 4.0000 3566.0933 0.5210 0.2150 -0.6444 2.9815 5.0000 4.4266 0.0091 
39.4569 4.0000 3575.3997 0.5167 0.2065 -0.6549 2.9798 5.0000 4.3316 0.0102 
39.4477 4.0000 3574.7377 0.5158 0.2096 -0.6466 2.9955 5.0000 4.0800 0.0102 
39.4035 4.0000 3559.3060 0.5138 0.2108 -0.6490 2.9828 5.0000 4.1176 0.0108 
39.4023 4.0000 3556.3981 0.5158 0.2097 -0.6482 2.9930 6.0000 4.2236 0.0088 
39.3808 4.0000 3542.6255 0.5218 0.2140 -0.6452 2.9837 5.0000 3.9576 0.0107 
39.4582 4.0000 3581.5641 0.5271 0.2159 -0.6587 2.9882 5.0000 4.2131 0.0113 
39.3859 4.0000 3546.7125 0.5184 0.2153 -0.6482 2.9851 5.0000 4.2460 0.0101 
39.3615 4.0000 3535.2875 0.5228 0.2138 -0.6494 2.9805 5.0000 4.1842 0.0114 
39.4061 4.0000 3543.1215 0.5163 0.2139 -0.6460 2.9812 5.0000 3.9866 0.0107 
39.3556 4.0000 3540.2821 0.5230 0.2095 -0.6563 2.9927 5.0000 4.1297 0.0108 
39.3855 4.0000 3542.1219 0.5218 0.2135 -0.6533 2.9859 5.0000 4.0375 0.0105 
39.3813 4.0000 3546.7028 0.5242 0.2104 -0.6544 2.9964 6.0000 4.0315 0.0119 
39.3922 4.0000 3545.8932 0.5205 0.2156 -0.6504 2.9929 5.0000 4.0428 0.0120 
39.3375 4.0000 3536.0130 0.5175 0.2128 -0.6378 2.9844 6.0000 4.1544 0.0101 
39.3333 4.0000 3527.5561 0.5119 0.2104 -0.6428 2.9866 5.0000 4.3379 0.0093 
39.4082 4.0000 3553.4145 0.5152 0.2130 -0.6413 2.9843 5.0000 4.2607 0.0123 
39.4409 4.0000 3566.6372 0.5231 0.2152 -0.6534 2.9787 5.0000 4.0312 0.0113 
39.3216 4.0000 3514.3409 0.5226 0.2138 -0.6529 3.0004 5.0000 4.0747 0.0120 
39.3611 4.0000 3540.6528 0.5137 0.2094 -0.6501 2.9767 5.0000 4.0572 0.0083 
39.3350 4.0000 3534.0639 0.5193 0.2157 -0.6479 2.9882 5.0000 3.8599 0.0122 
39.4800 4.0000 3584.4952 0.5255 0.2149 -0.6510 2.9841 5.0000 3.8835 0.0081 
39.3241 4.0000 3527.7621 0.5223 0.2135 -0.6552 2.9871 5.0000 4.0231 0.0093 
39.4847 4.0000 3586.7390 0.5222 0.2134 -0.6434 2.9902 5.0000 4.1914 0.0099 
39.4393 4.0000 3571.0681 0.5195 0.2155 -0.6461 2.9879 5.0000 4.2900 0.0119 
39.4140 4.0000 3564.4952 0.5244 0.2141 -0.6569 2.9835 5.0000 4.1516 0.0117 
39.3388 4.0000 3518.9710 0.5200 0.2189 -0.6479 3.0042 5.0000 4.2142 0.0102 
39.3451 4.0000 3531.5481 0.5167 0.2125 -0.6521 2.9848 5.0000 4.2097 0.0114 
39.4027 4.0000 3558.2787 0.5242 0.2152 -0.6525 2.9909 5.0000 4.1812 0.0096 
39.3565 4.0000 3521.8642 0.5191 0.2164 -0.6439 2.9998 5.0000 4.2550 0.0103 
39.4275 4.0000 3561.9550 0.5212 0.2142 -0.6566 2.9921 5.0000 4.3134 0.0103 
39.4014 4.0000 3560.8583 0.5207 0.2128 -0.6542 2.9807 5.0000 4.2113 0.0103 
39.4006 4.0000 3553.7802 0.5157 0.2115 -0.6482 2.9777 5.0000 4.0050 0.0104 
39.4006 4.0000 3541.1324 0.5188 0.2154 -0.6500 2.9978 5.0000 4.1367 0.0112 
39.3943 4.0000 3548.2774 0.5217 0.2174 -0.6546 2.9828 5.0000 4.1864 0.0112 
39.3640 4.0000 3537.4119 0.5194 0.2127 -0.6458 2.9939 5.0000 3.6339 0.0112 
