31.0539 1.0000 3007.7461 0.2907 0.0894 -0.2958 3.4824 8.0000 27.3231 0.0010 
31.0606 1.0000 3010.6792 0.2897 0.0898 -0.2928 3.4798 7.0000 26.3174 0.0009 
31.0546 1.0000 3007.9689 0.2918 0.0894 -0.2968 3.4826 8.0000 26.8490 0.0011 
31.0504 1.0000 3005.7877 0.2911 0.0899 -0.2948 3.4843 8.0000 24.1096 0.0009 
31.0557 1.0000 3008.0825 0.2908 0.0888 -0.2955 3.4815 8.0000 26.9742 0.0009 
31.0560 1.0000 3008.4556 0.2882 0.0881 -0.2953 3.4822 8.0000 27.3861 0.0010 
31.0569 1.0000 3008.7122 0.2920 0.0898 -0.2965 3.4810 8.0000 21.1172 0.0009 
31.0600 1.0000 3010.4065 0.2897 0.0892 -0.2935 3.4821 8.0000 9.5990 0.0012 
31.0598 1.0000 3010.3911 0.2927 0.0901 -0.2959 3.4838 8.0000 10.4714 0.0011 
31.0529 1.0000 3006.6512 0.2901 0.0885 -0.2967 3.4793 7.0000 11.9653 0.0010 
31.0574 1.0000 3008.9718 0.2917 0.0895 -0.2958 3.4820 8.0000 12.6637 0.0006 
31.0600 1.0000 3010.2694 0.2923 0.0896 -0.2967 3.4844 8.0000 12.3450 0.0011 
31.0563 1.0000 3008.5757 0.2909 0.0882 -0.2981 3.4802 8.0000 12.2339 0.0011 
31.0539 1.0000 3007.6730 0.2902 0.0896 -0.2939 3.4803 8.0000 12.2971 0.0009 
31.0557 1.0000 3008.0892 0.2892 0.0887 -0.2946 3.4817 8.0000 12.7260 0.0011 
31.0502 1.0000 3006.2059 0.2916 0.0892 -0.2968 3.4855 8.0000 12.8751 0.0010 
31.0593 1.0000 3010.0977 0.2918 0.0902 -0.2938 3.4845 8.0000 12.6600 0.0010 
31.0513 1.0000 3006.1138 0.2895 0.0883 -0.2963 3.4815 8.0000 12.9083 0.0011 
31.0525 1.0000 3007.1340 0.2902 0.0891 -0.2953 3.4833 9.0000 16.1986 0.0010 
31.0665 1.0000 3012.9671 0.2905 0.0889 -0.2967 3.4824 8.0000 14.9716 0.0011 
31.0515 1.0000 3006.4569 0.2908 0.0890 -0.2955 3.4809 8.0000 10.4663 0.0009 
31.0560 1.0000 3008.4308 0.2913 0.0886 -0.2975 3.4831 8.0000 12.6928 0.0009 
31.0546 1.0000 3007.6874 0.2910 0.0890 -0.2965 3.4821 8.0000 12.6743 0.0010 
31.0576 1.0000 3009.2541 0.2902 0.0902 -0.2940 3.4838 9.0000 12.6147 0.0011 
31.0565 1.0000 3009.1135 0.2922 0.0885 -0.2999 3.4845 8.0000 12.7884 0.0009 
31.0518 1.0000 3006.0273 0.2901 0.0897 -0.2934 3.4820 8.0000 12.4835 0.0012 
31.0517 1.0000 3007.0849 0.2905 0.0885 -0.2980 3.4818 8.0000 12.4393 0.0009 
31.0592 1.0000 3009.6819 0.2897 0.0889 -0.2955 3.4825 8.0000 12.3658 0.0011 
31.0549 1.0000 3007.3073 0.2920 0.0894 -0.2957 3.4817 8.0000 12.3792 0.0014 
31.0592 1.0000 3009.9751 0.2901 0.0891 -0.2945 3.4807 8.0000 12.6669 0.0008 
31.0494 1.0000 3005.4449 0.2890 0.0882 -0.2955 3.4831 8.0000 12.1602 0.0008 
31.0536 1.0000 3007.5278 0.2911 0.0888 -0.2979 3.4827 9.0000 12.3013 0.0009 
31.0598 1.0000 3010.0817 0.2897 0.0889 -0.2958 3.4857 9.0000 11.8979 0.0012 
31.0523 1.0000 3006.9034 0.2890 0.0880 -0.2961 3.4821 8.0000 12.3252 0.0009 
31.0427 1.0000 3002.5623 0.2906 0.0884 -0.2987 3.4781 8.0000 12.2447 0.0008 
31.0614 1.0000 3010.4777 0.2915 0.0887 -0.2972 3.4828 7.0000 12.8741 0.0012 
31.0507 1.0000 3006.1524 0.2899 0.0880 -0.2975 3.4804 7.0000 12.4672 0.0009 
31.0623 1.0000 3010.9052 0.2899 0.0890 -0.2964 3.4833 8.0000 9.9978 0.0012 
31.0599 1.0000 3010.0652 0.2905 0.0899 -0.2932 3.4830 9.0000 12.5574 0.0009 
31.0571 1.0000 3009.5031 0.2915 0.0901 -0.2936 3.4851 8.0000 12.7348 0.0009 
31.0620 1.0000 3010.7083 0.2897 0.0885 -0.2956 3.4824 9.0000 12.3109 0.0010 
31.0507 1.0000 3006.0308 0.2893 0.0885 -0.2964 3.4790 8.0000 12.3251 0.0013 
31.0641 1.0000 3012.0297 0.2915 0.0897 -0.2961 3.4835 8.0000 13.6326 0.0007 
31.0572 1.0000 3008.9168 0.2901 0.0887 -0.2962 3.4818 8.0000 13.8559 0.0008 
31.0578 1.0000 3009.2160 0.2916 0.0891 -0.2959 3.4799 8.0000 12.7145 0.0009 
31.0585 1.0000 3009.7900 0.2917 0.0896 -0.2973 3.4823 8.0000 12.2151 0.0008 
31.0565 1.0000 3008.7323 0.2876 0.0880 -0.2947 3.4805 8.0000 12.3293 0.0011 
31.0468 1.0000 3004.4871 0.2915 0.0894 -0.2959 3.4826 8.0000 8.5890 0.0007 
31.0611 1.0000 3010.5917 0.2894 0.0877 -0.2976 3.4793 9.0000 12.3056 0.0012 
31.0644 1.0000 3012.1038 0.2908 0.0889 -0.2961 3.4815 8.0000 12.7562 0.0010 
31.0595 1.0000 3009.4976 0.2896 0.0894 -0.2945 3.4857 9.0000 12.3408 0.0010 
31.0609 1.0000 3010.5386 0.2902 0.0887 -0.2952 3.4807 9.0000 12.5954 0.0011 
31.0521 1.0000 3006.6257 0.2905 0.0885 -0.2973 3.4856 8.0000 12.4582 0.0009 
31.0645 1.0000 3012.2165 0.2918 0.0888 -0.2964 3.4816 8.0000 8.6480 0.0009 
31.0487 1.0000 3005.3431 0.2889 0.0892 -0.2943 3.4811 7.0000 12.7059 0.0010 
31.0518 1.0000 3006.4643 0.2922 0.0896 -0.2977 3.4832 8.0000 12.3605 0.0010 
31.0543 1.0000 3007.9150 0.2896 0.0894 -0.2953 3.4838 8.0000 12.8127 0.0007 
31.0569 1.0000 3008.3435 0.2913 0.0881 -0.2978 3.4822 8.0000 15.6848 0.0008 
31.0578 1.0000 3009.2640 0.2911 0.0892 -0.2964 3.4847 8.0000 16.0203 0.0008 
31.0585 1.0000 3009.3225 0.2897 0.0891 -0.2936 3.4823 8.0000 8.6611 0.0011 
31.0558 1.0000 3008.7333 0.2907 0.0902 -0.2929 3.4824 8.0000 12.3437 0.0010 
31.0551 1.0000 3008.0592 0.2902 0.0893 -0.2961 3.4810 8.0000 12.6483 0.0010 
31.0646 1.0000 3012.5574 0.2909 0.0888 -0.2973 3.4802 8.0000 12.3405 0.0010 
31.0616 1.0000 3010.2980 0.2917 0.0889 -0.2970 3.4836 9.0000 12.7409 0.0009 
31.0627 1.0000 3011.2681 0.2912 0.0897 -0.2954 3.4824 8.0000 8.5567 0.0009 
31.0524 1.0000 3007.0105 0.2909 0.0894 -0.2946 3.4831 8.0000 12.3890 0.0009 
31.0540 1.0000 3007.4756 0.2907 0.0885 -0.2964 3.4847 8.0000 12.1074 0.0009 
31.0540 1.0000 3007.7141 0.2896 0.0886 -0.2962 3.4798 8.0000 12.1583 0.0010 
31.0545 1.0000 3007.8909 0.2902 0.0885 -0.2960 3.4817 8.0000 12.6983 0.0009 
31.0583 1.0000 3009.1001 0.2928 0.0893 -0.2986 3.4840 8.0000 12.7533 0.0012 
31.0578 1.0000 3009.0493 0.2901 0.0889 -0.2948 3.4813 8.0000 8.6113 0.0010 
31.0590 1.0000 3009.6051 0.2901 0.0891 -0.2958 3.4827 8.0000 12.3187 0.0011 
31.0570 1.0000 3009.2475 0.2905 0.0898 -0.2941 3.4828 7.0000 12.5607 0.0012 
31.0592 1.0000 3010.2086 0.2904 0.0898 -0.2932 3.4834 8.0000 13.4037 0.0009 
31.0599 1.0000 3010.3962 0.2899 0.0882 -0.2972 3.4819 8.0000 13.3419 0.0010 
31.0496 1.0000 3005.9087 0.2900 0.0889 -0.2961 3.4829 8.0000 12.7823 0.0013 
31.0559 1.0000 3008.3716 0.2925 0.0903 -0.2954 3.4834 8.0000 13.0513 0.0009 
31.0538 1.0000 3007.4855 0.2914 0.0894 -0.2967 3.4832 8.0000 10.2359 0.0009 
31.0508 1.0000 3006.0823 0.2905 0.0896 -0.2957 3.4846 8.0000 12.4410 0.0007 
31.0577 1.0000 3009.1056 0.2926 0.0897 -0.2960 3.4792 8.0000 8.5231 0.0010 
31.0554 1.0000 3008.0751 0.2917 0.0895 -0.2962 3.4804 8.0000 12.3925 0.0010 
31.0463 1.0000 3003.7497 0.2908 0.0884 -0.2986 3.4818 8.0000 8.8904 0.0010 
31.0596 1.0000 3010.0237 0.2904 0.0900 -0.2946 3.4819 8.0000 12.7537 0.0010 
31.0574 1.0000 3009.0141 0.2902 0.0894 -0.2948 3.4866 8.0000 12.3702 0.0010 
31.0633 1.0000 3011.4276 0.2906 0.0887 -0.2952 3.4804 8.0000 12.7744 0.0011 
31.0561 1.0000 3008.3479 0.2890 0.0894 -0.2928 3.4819 8.0000 12.2686 0.0006 
31.0557 1.0000 3007.8828 0.2889 0.0882 -0.2964 3.4811 8.0000 12.1952 0.0009 
31.0560 1.0000 3008.3945 0.2889 0.0880 -0.2963 3.4820 8.0000 12.3003 0.0008 
31.0565 1.0000 3008.9907 0.2913 0.0894 -0.2945 3.4843 8.0000 8.7471 0.0009 
31.0545 1.0000 3007.7234 0.2887 0.0890 -0.2944 3.4807 8.0000 12.6399 0.0009 
31.0537 1.0000 3007.3342 0.2909 0.0887 -0.2978 3.4812 8.0000 12.7040 0.0009 
31.0672 1.0000 3013.2988 0.2902 0.0890 -0.2951 3.4814 8.0000 8.6671 0.0008 
31.0592 1.0000 3009.6905 0.2891 0.0895 -0.2940 3.4846 9.0000 10.8018 0.0009 
31.0621 1.0000 3011.2125 0.2871 0.0881 -0.2946 3.4841 8.0000 13.7852 0.0008 
31.0548 1.0000 3008.0326 0.2896 0.0879 -0.2977 3.4818 8.0000 14.2313 0.0008 
31.0596 1.0000 3010.2548 0.2898 0.0884 -0.2965 3.4830 8.0000 9.3057 0.0008 
31.0578 1.0000 3009.2467 0.2911 0.0888 -0.2975 3.4817 8.0000 12.4457 0.0008 
31.0604 1.0000 3010.1833 0.2895 0.0881 -0.2967 3.4830 8.0000 8.6749 0.0008 
31.0595 1.0000 3010.2968 0.2912 0.0906 -0.2938 3.4807 8.0000 12.8621 0.0008 
31.0613 1.0000 3011.1012 0.2898 0.0880 -0.2974 3.4828 8.0000 12.2573 0.0008 
