39.6329 16.5000 3629.7614 0.5045 0.1850 -0.6301 3.1932 6.0000 30.2541 0.0036 
39.6636 16.5000 3638.5583 0.5074 0.1851 -0.6389 3.1963 6.0000 30.1494 0.0036 
39.6547 16.5000 3637.5311 0.5113 0.1886 -0.6336 3.1941 6.0000 30.4222 0.0034 
39.6700 16.5000 3642.6439 0.5070 0.1843 -0.6315 3.1965 6.0000 28.1462 0.0045 
39.6388 16.5000 3631.6126 0.5115 0.1863 -0.6399 3.1912 6.0000 28.0123 0.0045 
39.6263 16.5000 3626.1381 0.5094 0.1880 -0.6334 3.1899 6.0000 28.5566 0.0039 
39.6463 16.5000 3632.3936 0.5108 0.1893 -0.6360 3.1925 6.0000 28.0974 0.0035 
39.6502 16.5000 3633.4754 0.5117 0.1852 -0.6435 3.2015 6.0000 28.4216 0.0038 
39.6684 16.5000 3642.8379 0.5106 0.1857 -0.6350 3.1917 6.0000 30.7611 0.0042 
39.6568 16.5000 3637.8524 0.5087 0.1857 -0.6336 3.1878 6.0000 28.7697 0.0043 
39.6376 16.5000 3627.5773 0.5073 0.1837 -0.6396 3.1882 6.0000 28.8118 0.0036 
39.6353 16.5000 3629.5815 0.5095 0.1862 -0.6400 3.1972 6.0000 29.6157 0.0038 
39.6640 16.5000 3639.7146 0.5072 0.1856 -0.6353 3.1925 6.0000 29.3989 0.0031 
39.6562 16.5000 3636.1335 0.5105 0.1875 -0.6377 3.2017 6.0000 28.9731 0.0031 
39.6809 16.5000 3646.4128 0.5061 0.1871 -0.6291 3.1956 6.0000 29.2299 0.0038 
39.6783 16.5000 3640.9943 0.5070 0.1848 -0.6361 3.1916 6.0000 29.0265 0.0046 
39.6564 16.5000 3638.9819 0.5096 0.1859 -0.6408 3.1995 6.0000 29.5573 0.0034 
39.6221 16.5000 3624.9887 0.5101 0.1863 -0.6385 3.1957 6.0000 28.6655 0.0040 
39.6700 16.5000 3642.4672 0.5061 0.1864 -0.6326 3.2040 6.0000 28.8195 0.0039 
39.6481 16.5000 3631.8947 0.5070 0.1840 -0.6401 3.1975 6.0000 29.3427 0.0037 
39.6510 16.5000 3632.4388 0.5110 0.1874 -0.6357 3.1991 6.0000 28.9685 0.0039 
39.6609 16.5000 3637.7049 0.5116 0.1875 -0.6372 3.1989 6.0000 31.2738 0.0042 
39.6512 16.5000 3634.2084 0.5057 0.1849 -0.6327 3.2019 6.0000 31.3805 0.0035 
39.6378 16.5000 3632.7871 0.5081 0.1837 -0.6389 3.1950 6.0000 31.3244 0.0037 
39.6686 16.5000 3642.5989 0.5041 0.1827 -0.6314 3.1959 6.0000 29.1962 0.0031 
39.6609 16.5000 3638.7248 0.5036 0.1814 -0.6352 3.1924 6.0000 29.6496 0.0035 
39.6832 16.5000 3647.6052 0.5033 0.1822 -0.6382 3.1928 6.0000 28.7364 0.0039 
39.6663 16.5000 3641.5918 0.5073 0.1851 -0.6365 3.2041 6.0000 29.4488 0.0041 
39.6527 16.5000 3637.4162 0.5064 0.1868 -0.6344 3.1940 6.0000 30.1426 0.0039 
39.6421 16.5000 3631.3681 0.5105 0.1888 -0.6377 3.1988 6.0000 29.5644 0.0042 
39.6494 16.5000 3633.7707 0.5084 0.1852 -0.6371 3.1957 6.0000 29.3223 0.0042 
39.6401 16.5000 3630.4074 0.5069 0.1845 -0.6330 3.1949 6.0000 29.5217 0.0040 
39.6407 16.5000 3631.4015 0.5096 0.1854 -0.6426 3.2028 6.0000 29.3560 0.0038 
39.6469 16.5000 3635.1146 0.5027 0.1813 -0.6343 3.1921 6.0000 28.9734 0.0040 
39.6566 16.5000 3637.8855 0.5075 0.1865 -0.6385 3.2003 6.0000 29.6518 0.0043 
39.6457 16.5000 3633.6845 0.5021 0.1833 -0.6281 3.1911 6.0000 29.2846 0.0033 
39.6368 16.5000 3629.4279 0.5044 0.1859 -0.6355 3.1935 6.0000 29.7691 0.0039 
39.6733 16.5000 3641.9154 0.5067 0.1834 -0.6340 3.1889 6.0000 30.6735 0.0036 
39.6527 16.5000 3635.5864 0.5063 0.1864 -0.6314 3.1951 6.0000 30.0296 0.0036 
39.6618 16.5000 3638.6230 0.4994 0.1849 -0.6286 3.1923 6.0000 29.3002 0.0042 
39.6640 16.5000 3638.6127 0.5083 0.1859 -0.6375 3.1959 6.0000 29.4822 0.0037 
39.6395 16.5000 3632.0968 0.5111 0.1858 -0.6439 3.1846 6.0000 29.2237 0.0037 
39.6593 16.5000 3639.5357 0.5059 0.1834 -0.6384 3.1871 6.0000 29.2365 0.0040 
39.6725 16.5000 3641.5499 0.5065 0.1867 -0.6331 3.1989 6.0000 29.3458 0.0034 
39.6489 16.5000 3632.7764 0.5085 0.1875 -0.6356 3.1996 6.0000 29.5668 0.0036 
39.6712 16.5000 3641.4007 0.5061 0.1850 -0.6363 3.2004 6.0000 28.9510 0.0038 
39.6613 16.5000 3641.4857 0.5045 0.1856 -0.6296 3.1978 6.0000 29.4217 0.0040 
39.6554 16.5000 3634.9225 0.5070 0.1831 -0.6377 3.1997 6.0000 29.3857 0.0038 
39.6461 16.5000 3632.6325 0.5039 0.1842 -0.6343 3.2011 6.0000 29.1034 0.0033 
39.6545 16.5000 3637.8196 0.5071 0.1855 -0.6344 3.1944 6.0000 29.4023 0.0032 
39.6729 16.5000 3644.2452 0.5062 0.1850 -0.6298 3.1917 6.0000 29.3327 0.0033 
39.6785 16.5000 3643.8273 0.5119 0.1860 -0.6472 3.2007 6.0000 29.5201 0.0041 
39.6756 16.5000 3644.4161 0.5112 0.1885 -0.6367 3.1959 6.0000 29.3550 0.0037 
39.6421 16.5000 3632.9089 0.5120 0.1894 -0.6334 3.1993 6.0000 29.9218 0.0035 
39.6595 16.5000 3639.0447 0.5068 0.1886 -0.6333 3.1981 6.0000 29.4357 0.0030 
39.6683 16.5000 3641.5059 0.5111 0.1867 -0.6381 3.2001 6.0000 29.1548 0.0038 
39.6849 16.5000 3649.0465 0.5086 0.1880 -0.6306 3.1896 6.0000 29.6712 0.0035 
39.6554 16.5000 3635.2535 0.5064 0.1865 -0.6327 3.1944 6.0000 29.4990 0.0030 
39.6684 16.5000 3641.2201 0.5076 0.1827 -0.6419 3.1919 6.0000 29.4402 0.0036 
39.6853 16.5000 3645.8927 0.5120 0.1880 -0.6419 3.2013 6.0000 30.0040 0.0036 
39.6613 16.5000 3639.1565 0.5069 0.1866 -0.6320 3.1935 6.0000 29.2202 0.0040 
39.6624 16.5000 3639.0368 0.5069 0.1869 -0.6324 3.1904 6.0000 29.1842 0.0037 
39.6463 16.5000 3635.3908 0.5032 0.1839 -0.6294 3.1961 6.0000 29.7351 0.0040 
39.6589 16.5000 3638.1131 0.5084 0.1862 -0.6401 3.1934 6.0000 30.9660 0.0030 
39.6479 16.5000 3631.9866 0.5102 0.1873 -0.6345 3.1940 6.0000 30.8360 0.0039 
39.6882 16.5000 3647.7206 0.5010 0.1835 -0.6267 3.1967 6.0000 31.1338 0.0046 
39.6523 16.5000 3637.3177 0.5059 0.1843 -0.6366 3.1908 6.0000 29.1106 0.0036 
39.6254 16.5000 3627.2812 0.5087 0.1827 -0.6443 3.1951 6.0000 29.4526 0.0042 
39.6613 16.5000 3637.5247 0.5057 0.1863 -0.6275 3.1941 6.0000 29.1736 0.0039 
39.6407 16.5000 3628.4183 0.5084 0.1850 -0.6354 3.1994 6.0000 29.1830 0.0031 
39.6500 16.5000 3631.3963 0.5079 0.1841 -0.6398 3.1979 6.0000 28.9864 0.0035 
39.6834 16.5000 3644.4092 0.5066 0.1856 -0.6347 3.1892 6.0000 29.3879 0.0037 
39.6667 16.5000 3640.4152 0.5093 0.1862 -0.6389 3.2021 6.0000 29.1205 0.0038 
39.6609 16.5000 3639.9583 0.5116 0.1892 -0.6345 3.1970 6.0000 28.9530 0.0035 
39.6545 16.5000 3634.9943 0.5068 0.1850 -0.6312 3.1964 6.0000 29.4166 0.0042 
39.6653 16.5000 3639.9531 0.5099 0.1860 -0.6362 3.1964 6.0000 29.4033 0.0026 
39.6384 16.5000 3631.2655 0.5065 0.1865 -0.6384 3.1962 6.0000 29.1543 0.0034 
39.7034 16.5000 3654.0409 0.5111 0.1852 -0.6408 3.2033 6.0000 30.0146 0.0038 
39.6696 16.5000 3642.8447 0.5104 0.1854 -0.6379 3.1892 6.0000 29.1927 0.0037 
39.6558 16.5000 3636.2538 0.5101 0.1838 -0.6392 3.1959 6.0000 29.4119 0.0039 
39.6574 16.5000 3635.9942 0.5089 0.1847 -0.6386 3.2002 6.0000 29.9502 0.0045 
39.6525 16.5000 3637.9418 0.5069 0.1861 -0.6312 3.1964 6.0000 29.8102 0.0033 
39.6256 16.5000 3628.3929 0.5060 0.1868 -0.6368 3.1915 6.0000 29.7853 0.0037 
39.6741 16.5000 3644.6957 0.5036 0.1835 -0.6326 3.1882 6.0000 30.3935 0.0036 
39.6591 16.5000 3641.2465 0.5079 0.1848 -0.6343 3.2045 6.0000 29.2366 0.0038 
39.6611 16.5000 3635.8283 0.5041 0.1819 -0.6366 3.1972 6.0000 28.8772 0.0039 
39.6570 16.5000 3636.3874 0.5037 0.1822 -0.6301 3.1853 6.0000 29.4485 0.0034 
39.6494 16.5000 3631.6750 0.5000 0.1831 -0.6329 3.1987 6.0000 29.5108 0.0040 
39.6706 16.5000 3643.2680 0.5105 0.1865 -0.6405 3.1944 6.0000 29.6240 0.0032 
39.6469 16.5000 3635.1761 0.5082 0.1875 -0.6317 3.2000 6.0000 29.4148 0.0039 
39.6805 16.5000 3648.8333 0.5078 0.1860 -0.6337 3.1916 6.0000 29.3592 0.0033 
39.6523 16.5000 3637.8640 0.5097 0.1850 -0.6417 3.1962 6.0000 29.4822 0.0041 
39.6754 16.5000 3644.8181 0.5067 0.1875 -0.6345 3.2030 6.0000 29.5140 0.0035 
39.6444 16.5000 3633.0236 0.5078 0.1862 -0.6359 3.2059 6.0000 29.3094 0.0040 
39.6681 16.5000 3640.1994 0.5091 0.1851 -0.6361 3.1983 6.0000 29.5000 0.0033 
39.6479 16.5000 3635.5224 0.5071 0.1849 -0.6347 3.2037 6.0000 29.6187 0.0036 
39.6741 16.5000 3642.8340 0.5066 0.1866 -0.6298 3.1990 6.0000 28.8757 0.0034 
39.6617 16.5000 3640.7064 0.5091 0.1843 -0.6394 3.2015 6.0000 28.9378 0.0042 
39.6692 16.5000 3640.1344 0.5042 0.1849 -0.6342 3.1920 6.0000 28.4628 0.0042 
39.6388 16.5000 3628.7487 0.5054 0.1836 -0.6364 3.1929 6.0000 21.6626 0.0042 
