39.6417 4.0000 3627.9441 0.4359 0.1485 -0.6262 3.1326 6.0000 27.1949 0.0036 
39.6587 4.0000 3639.5960 0.4353 0.1500 -0.6236 3.1284 6.0000 26.8356 0.0038 
39.6568 4.0000 3637.0246 0.4345 0.1500 -0.6186 3.1288 6.0000 27.1993 0.0036 
39.6631 4.0000 3637.5866 0.4355 0.1494 -0.6218 3.1326 6.0000 27.3661 0.0037 
39.6784 4.0000 3645.0277 0.4346 0.1493 -0.6259 3.1298 6.0000 27.9615 0.0036 
39.6585 4.0000 3635.2375 0.4400 0.1506 -0.6290 3.1282 6.0000 27.8981 0.0036 
39.6625 4.0000 3637.6810 0.4415 0.1522 -0.6232 3.1364 6.0000 27.8356 0.0036 
39.6795 4.0000 3645.0744 0.4365 0.1502 -0.6172 3.1277 6.0000 27.8460 0.0039 
39.6637 4.0000 3642.4855 0.4342 0.1454 -0.6257 3.1283 6.0000 28.1935 0.0042 
39.6530 4.0000 3634.1929 0.4376 0.1499 -0.6273 3.1233 6.0000 28.4309 0.0046 
39.6412 4.0000 3633.4044 0.4390 0.1495 -0.6247 3.1276 6.0000 28.6288 0.0046 
39.6248 4.0000 3622.3029 0.4377 0.1521 -0.6222 3.1393 6.0000 28.7156 0.0040 
39.6238 4.0000 3623.6007 0.4379 0.1496 -0.6222 3.1291 6.0000 28.6230 0.0031 
39.6488 4.0000 3634.1637 0.4342 0.1487 -0.6242 3.1342 6.0000 28.7936 0.0040 
39.6822 4.0000 3643.9996 0.4362 0.1486 -0.6240 3.1263 6.0000 28.9380 0.0037 
39.6459 4.0000 3633.3487 0.4384 0.1487 -0.6232 3.1245 6.0000 28.3732 0.0036 
39.6585 4.0000 3638.2182 0.4382 0.1519 -0.6217 3.1316 6.0000 28.6274 0.0034 
39.6641 4.0000 3641.5738 0.4363 0.1480 -0.6239 3.1277 6.0000 28.8718 0.0042 
39.6715 4.0000 3645.8169 0.4414 0.1514 -0.6229 3.1231 6.0000 28.6013 0.0036 
39.6383 4.0000 3632.1942 0.4399 0.1500 -0.6299 3.1284 6.0000 29.0680 0.0040 
39.6618 4.0000 3638.0229 0.4373 0.1519 -0.6215 3.1283 6.0000 28.6908 0.0045 
39.6475 4.0000 3635.3066 0.4362 0.1498 -0.6199 3.1271 6.0000 30.0799 0.0041 
39.6293 4.0000 3627.5759 0.4365 0.1479 -0.6272 3.1319 6.0000 30.2903 0.0041 
39.6450 4.0000 3632.5435 0.4363 0.1500 -0.6235 3.1297 6.0000 29.9078 0.0041 
39.6435 4.0000 3632.1837 0.4363 0.1489 -0.6228 3.1353 6.0000 28.9616 0.0037 
39.6555 4.0000 3637.3821 0.4375 0.1492 -0.6254 3.1257 6.0000 28.6623 0.0031 
39.6580 4.0000 3638.2678 0.4400 0.1537 -0.6190 3.1272 6.0000 28.6941 0.0031 
39.6814 4.0000 3646.9334 0.4363 0.1518 -0.6170 3.1295 6.0000 28.5393 0.0045 
39.6597 4.0000 3637.9182 0.4355 0.1498 -0.6198 3.1327 6.0000 28.9491 0.0039 
39.6284 4.0000 3625.2499 0.4347 0.1509 -0.6173 3.1285 6.0000 28.7381 0.0039 
39.6509 4.0000 3636.8724 0.4370 0.1515 -0.6178 3.1295 6.0000 28.6144 0.0040 
39.6572 4.0000 3639.6084 0.4377 0.1504 -0.6261 3.1324 6.0000 29.4566 0.0041 
39.6454 4.0000 3633.2333 0.4383 0.1513 -0.6241 3.1312 6.0000 29.1421 0.0041 
39.6444 4.0000 3633.9151 0.4364 0.1536 -0.6129 3.1307 6.0000 28.4737 0.0033 
39.6393 4.0000 3629.9210 0.4372 0.1502 -0.6255 3.1270 6.0000 28.8927 0.0043 
39.6755 4.0000 3642.3831 0.4361 0.1480 -0.6277 3.1250 6.0000 29.1300 0.0042 
39.6362 4.0000 3630.4491 0.4419 0.1525 -0.6207 3.1304 6.0000 28.7527 0.0044 
39.6396 4.0000 3633.7495 0.4387 0.1511 -0.6257 3.1252 6.0000 28.7819 0.0039 
39.6320 4.0000 3627.8760 0.4374 0.1492 -0.6270 3.1339 6.0000 29.4895 0.0038 
39.6509 4.0000 3634.3665 0.4405 0.1513 -0.6258 3.1274 6.0000 28.8367 0.0042 
39.6545 4.0000 3636.2329 0.4344 0.1499 -0.6203 3.1333 6.0000 29.0483 0.0037 
39.6406 4.0000 3632.4725 0.4382 0.1516 -0.6248 3.1281 6.0000 29.2445 0.0041 
39.6583 4.0000 3636.3258 0.4389 0.1504 -0.6214 3.1277 6.0000 29.1101 0.0040 
39.6417 4.0000 3633.3386 0.4385 0.1501 -0.6281 3.1343 6.0000 29.4604 0.0039 
39.6469 4.0000 3634.3586 0.4371 0.1489 -0.6241 3.1268 6.0000 29.1152 0.0039 
39.6520 4.0000 3633.3644 0.4395 0.1533 -0.6199 3.1373 6.0000 29.8259 0.0033 
39.6509 4.0000 3634.2652 0.4391 0.1532 -0.6239 3.1310 6.0000 29.4062 0.0041 
39.6759 4.0000 3641.8621 0.4351 0.1509 -0.6209 3.1309 6.0000 29.8837 0.0042 
39.6442 4.0000 3630.0977 0.4378 0.1492 -0.6255 3.1270 6.0000 28.8766 0.0036 
39.6412 4.0000 3631.8947 0.4352 0.1488 -0.6226 3.1347 6.0000 28.7516 0.0040 
39.6616 4.0000 3639.5622 0.4357 0.1515 -0.6204 3.1323 6.0000 29.3481 0.0042 
39.6465 4.0000 3633.5454 0.4415 0.1499 -0.6293 3.1306 6.0000 29.0548 0.0038 
39.6389 4.0000 3633.2587 0.4406 0.1523 -0.6261 3.1311 6.0000 29.2836 0.0038 
39.6543 4.0000 3636.1095 0.4391 0.1504 -0.6242 3.1311 6.0000 28.9792 0.0034 
39.6534 4.0000 3638.0013 0.4398 0.1524 -0.6199 3.1330 6.0000 28.7552 0.0038 
39.6721 4.0000 3643.3615 0.4327 0.1480 -0.6160 3.1279 6.0000 29.2367 0.0038 
39.6543 4.0000 3634.8756 0.4382 0.1516 -0.6197 3.1327 6.0000 29.1958 0.0047 
39.6551 4.0000 3635.4544 0.4363 0.1502 -0.6214 3.1256 6.0000 30.6181 0.0041 
39.6213 4.0000 3625.8251 0.4359 0.1519 -0.6210 3.1284 6.0000 30.4455 0.0037 
39.6433 4.0000 3636.7644 0.4384 0.1493 -0.6276 3.1275 6.0000 30.1202 0.0045 
39.6580 4.0000 3641.5656 0.4388 0.1501 -0.6246 3.1320 6.0000 29.0842 0.0036 
39.6267 4.0000 3626.3487 0.4375 0.1497 -0.6213 3.1282 6.0000 29.4074 0.0036 
39.6646 4.0000 3640.0900 0.4388 0.1515 -0.6253 3.1335 6.0000 29.2919 0.0038 
39.6616 4.0000 3638.1841 0.4380 0.1503 -0.6246 3.1301 6.0000 29.4992 0.0041 
39.6553 4.0000 3636.7442 0.4346 0.1498 -0.6196 3.1252 6.0000 29.0968 0.0042 
39.6448 4.0000 3633.9666 0.4402 0.1531 -0.6241 3.1307 6.0000 29.1373 0.0037 
39.6375 4.0000 3632.0881 0.4379 0.1502 -0.6250 3.1269 6.0000 28.8541 0.0045 
39.6585 4.0000 3635.3064 0.4342 0.1515 -0.6156 3.1306 6.0000 28.8830 0.0044 
39.6290 4.0000 3623.1789 0.4372 0.1505 -0.6237 3.1317 6.0000 29.1793 0.0037 
39.6297 4.0000 3624.1749 0.4398 0.1514 -0.6289 3.1276 6.0000 29.4573 0.0043 
39.6574 4.0000 3638.1513 0.4385 0.1509 -0.6240 3.1282 6.0000 29.4156 0.0034 
39.6347 4.0000 3629.4706 0.4357 0.1501 -0.6202 3.1277 6.0000 29.5756 0.0040 
39.6713 4.0000 3643.8579 0.4376 0.1501 -0.6220 3.1284 6.0000 30.3169 0.0043 
39.6473 4.0000 3633.7438 0.4328 0.1492 -0.6197 3.1392 6.0000 30.4569 0.0039 
39.6343 4.0000 3625.6988 0.4350 0.1498 -0.6197 3.1276 6.0000 30.2849 0.0038 
39.6520 4.0000 3636.3447 0.4373 0.1511 -0.6217 3.1258 6.0000 29.0885 0.0042 
39.6566 4.0000 3637.8813 0.4355 0.1501 -0.6211 3.1355 6.0000 29.2108 0.0039 
39.6385 4.0000 3629.7085 0.4372 0.1508 -0.6261 3.1281 6.0000 29.4672 0.0039 
39.6499 4.0000 3632.3899 0.4343 0.1486 -0.6250 3.1279 6.0000 28.9256 0.0041 
39.6520 4.0000 3638.4451 0.4360 0.1498 -0.6198 3.1254 6.0000 29.5278 0.0034 
39.6446 4.0000 3631.2545 0.4383 0.1527 -0.6198 3.1326 6.0000 28.9834 0.0039 
39.6709 4.0000 3641.0132 0.4393 0.1524 -0.6219 3.1299 6.0000 30.2356 0.0036 
39.6526 4.0000 3635.1620 0.4413 0.1519 -0.6253 3.1277 6.0000 30.3639 0.0032 
39.6616 4.0000 3640.1908 0.4375 0.1503 -0.6207 3.1287 6.0000 29.9779 0.0043 
39.6795 4.0000 3642.8474 0.4390 0.1493 -0.6251 3.1296 6.0000 29.3516 0.0032 
39.6356 4.0000 3629.2329 0.4387 0.1497 -0.6215 3.1232 6.0000 29.3618 0.0046 
39.6799 4.0000 3644.9872 0.4374 0.1513 -0.6196 3.1288 6.0000 29.2025 0.0039 
39.6232 4.0000 3622.4155 0.4358 0.1512 -0.6194 3.1268 6.0000 29.4206 0.0038 
39.6494 4.0000 3631.4424 0.4394 0.1522 -0.6260 3.1348 6.0000 29.1832 0.0041 
39.6536 4.0000 3635.1837 0.4404 0.1533 -0.6212 3.1352 6.0000 29.0512 0.0046 
39.6419 4.0000 3633.1272 0.4387 0.1521 -0.6209 3.1260 6.0000 29.1221 0.0038 
39.6230 4.0000 3625.8369 0.4420 0.1532 -0.6296 3.1332 6.0000 29.1773 0.0042 
39.6553 4.0000 3637.8922 0.4365 0.1513 -0.6165 3.1185 6.0000 29.0901 0.0034 
39.6408 4.0000 3630.5542 0.4412 0.1505 -0.6302 3.1331 6.0000 29.1690 0.0044 
39.6694 4.0000 3641.7392 0.4382 0.1509 -0.6273 3.1269 6.0000 29.3900 0.0041 
39.6316 4.0000 3627.8483 0.4367 0.1500 -0.6206 3.1252 6.0000 29.4007 0.0038 
39.6423 4.0000 3633.1179 0.4364 0.1497 -0.6253 3.1237 6.0000 29.1507 0.0038 
39.6543 4.0000 3637.9674 0.4366 0.1496 -0.6246 3.1234 6.0000 29.3361 0.0036 
39.6543 4.0000 3636.3064 0.4328 0.1490 -0.6141 3.1223 6.0000 29.2494 0.0036 
39.6627 4.0000 3641.7755 0.4376 0.1491 -0.6248 3.1268 6.0000 19.5067 0.0036 
