39.6007 4.0000 3602.0328 0.1782 0.0704 -0.3814 2.8272 5.0000 4.3511 0.0052 
39.6116 4.0000 3606.8890 0.1791 0.0709 -0.3826 2.8255 5.0000 4.4508 0.0052 
39.5717 4.0000 3590.0307 0.1803 0.0702 -0.3852 2.8235 5.0000 4.3235 0.0052 
39.5977 4.0000 3597.1526 0.1776 0.0701 -0.3826 2.8248 5.0000 3.8492 0.0059 
39.6133 4.0000 3608.4552 0.1772 0.0705 -0.3790 2.8217 5.0000 3.8698 0.0059 
39.5734 4.0000 3588.4304 0.1804 0.0710 -0.3862 2.8268 5.0000 3.7690 0.0059 
39.5939 4.0000 3598.4069 0.1774 0.0695 -0.3824 2.8234 5.0000 4.0219 0.0056 
39.5956 4.0000 3603.4157 0.1817 0.0710 -0.3877 2.8245 5.0000 4.0393 0.0056 
39.5826 4.0000 3593.0874 0.1770 0.0705 -0.3804 2.8264 5.0000 4.0476 0.0056 
39.5893 4.0000 3592.7112 0.1780 0.0704 -0.3817 2.8230 5.0000 4.2662 0.0052 
39.5977 4.0000 3597.2686 0.1805 0.0710 -0.3873 2.8256 5.0000 4.3282 0.0052 
39.5986 4.0000 3599.4834 0.1767 0.0702 -0.3795 2.8245 5.0000 4.3093 0.0052 
39.5679 4.0000 3583.4611 0.1791 0.0699 -0.3831 2.8295 5.0000 4.1569 0.0054 
39.6137 4.0000 3609.2703 0.1762 0.0695 -0.3768 2.8220 5.0000 4.1842 0.0054 
39.5914 4.0000 3597.3064 0.1783 0.0705 -0.3824 2.8245 5.0000 4.1461 0.0054 
39.5923 4.0000 3595.3380 0.1784 0.0704 -0.3839 2.8275 5.0000 4.2414 0.0057 
39.5599 4.0000 3581.7566 0.1783 0.0704 -0.3809 2.8267 5.0000 4.2903 0.0053 
39.5801 4.0000 3594.7520 0.1788 0.0702 -0.3840 2.8231 5.0000 4.2621 0.0053 
39.5948 4.0000 3600.9681 0.1772 0.0704 -0.3799 2.8228 5.0000 3.9637 0.0048 
39.6267 4.0000 3610.8449 0.1767 0.0711 -0.3774 2.8255 5.0000 4.0310 0.0057 
39.6158 4.0000 3613.6393 0.1784 0.0709 -0.3813 2.8231 5.0000 4.0411 0.0057 
39.5805 4.0000 3596.1534 0.1787 0.0703 -0.3813 2.8243 5.0000 4.0981 0.0058 
39.5830 4.0000 3595.1013 0.1790 0.0703 -0.3830 2.8247 5.0000 4.1126 0.0053 
39.5750 4.0000 3592.8268 0.1790 0.0704 -0.3836 2.8242 5.0000 4.1892 0.0053 
39.5956 4.0000 3597.6507 0.1747 0.0707 -0.3783 2.8242 5.0000 4.1692 0.0058 
39.5830 4.0000 3599.0156 0.1782 0.0710 -0.3821 2.8263 5.0000 4.2085 0.0051 
39.5763 4.0000 3589.9979 0.1802 0.0713 -0.3856 2.8275 5.0000 4.2323 0.0051 
39.6036 4.0000 3606.1593 0.1781 0.0706 -0.3800 2.8238 5.0000 4.1100 0.0050 
39.6003 4.0000 3599.2152 0.1784 0.0707 -0.3826 2.8258 5.0000 4.0880 0.0053 
39.6087 4.0000 3607.7070 0.1771 0.0703 -0.3790 2.8231 5.0000 4.1993 0.0054 
39.5969 4.0000 3598.2905 0.1780 0.0703 -0.3849 2.8249 5.0000 4.0118 0.0051 
39.5902 4.0000 3597.0357 0.1801 0.0705 -0.3873 2.8229 5.0000 4.0242 0.0060 
39.6053 4.0000 3604.6259 0.1794 0.0713 -0.3819 2.8271 5.0000 4.2161 0.0060 
39.5675 4.0000 3588.7701 0.1783 0.0714 -0.3814 2.8266 5.0000 4.1403 0.0050 
39.5670 4.0000 3586.1702 0.1760 0.0698 -0.3812 2.8255 5.0000 4.1354 0.0045 
39.6066 4.0000 3603.0509 0.1771 0.0709 -0.3794 2.8267 5.0000 4.0805 0.0059 
39.6263 4.0000 3614.0340 0.1783 0.0699 -0.3777 2.8241 5.0000 4.0818 0.0050 
39.5729 4.0000 3591.7680 0.1789 0.0704 -0.3820 2.8237 5.0000 4.0036 0.0054 
39.6078 4.0000 3604.3010 0.1762 0.0710 -0.3765 2.8248 5.0000 4.1137 0.0046 
39.5914 4.0000 3600.1606 0.1768 0.0703 -0.3792 2.8265 5.0000 4.2525 0.0055 
39.6246 4.0000 3611.4779 0.1786 0.0710 -0.3794 2.8227 5.0000 4.1483 0.0055 
39.5876 4.0000 3598.9580 0.1787 0.0706 -0.3839 2.8238 5.0000 4.2603 0.0056 
39.5788 4.0000 3599.2707 0.1782 0.0707 -0.3807 2.8259 5.0000 4.2028 0.0051 
39.5834 4.0000 3593.3199 0.1758 0.0702 -0.3812 2.8270 5.0000 4.1626 0.0051 
39.6057 4.0000 3601.2682 0.1801 0.0703 -0.3855 2.8242 5.0000 4.2417 0.0051 
39.6145 4.0000 3606.2673 0.1810 0.0710 -0.3845 2.8232 5.0000 4.1444 0.0056 
39.6019 4.0000 3600.9071 0.1779 0.0696 -0.3834 2.8264 5.0000 4.0357 0.0056 
39.5851 4.0000 3592.8520 0.1774 0.0704 -0.3803 2.8249 5.0000 4.3746 0.0051 
39.6091 4.0000 3607.1181 0.1776 0.0706 -0.3789 2.8247 5.0000 4.2100 0.0058 
39.6053 4.0000 3604.3333 0.1763 0.0699 -0.3802 2.8252 5.0000 4.3387 0.0052 
39.5746 4.0000 3585.8541 0.1775 0.0696 -0.3811 2.8229 5.0000 4.1569 0.0051 
39.5994 4.0000 3602.1913 0.1754 0.0701 -0.3788 2.8261 5.0000 4.1046 0.0052 
39.6024 4.0000 3601.3405 0.1797 0.0703 -0.3807 2.8233 5.0000 4.1431 0.0051 
39.6003 4.0000 3602.0231 0.1794 0.0710 -0.3845 2.8270 5.0000 4.1220 0.0056 
39.6045 4.0000 3604.9037 0.1752 0.0702 -0.3724 2.8237 5.0000 4.1644 0.0051 
39.5843 4.0000 3597.9786 0.1773 0.0712 -0.3797 2.8273 5.0000 4.2529 0.0056 
39.6045 4.0000 3597.5431 0.1787 0.0699 -0.3841 2.8248 5.0000 4.2959 0.0049 
39.5839 4.0000 3596.2980 0.1778 0.0703 -0.3833 2.8249 5.0000 4.0697 0.0059 
39.6108 4.0000 3600.5410 0.1790 0.0700 -0.3824 2.8264 5.0000 4.1682 0.0046 
39.5738 4.0000 3591.7675 0.1790 0.0708 -0.3855 2.8268 5.0000 4.1068 0.0064 
39.6221 4.0000 3611.2409 0.1772 0.0702 -0.3782 2.8255 5.0000 3.8747 0.0053 
39.5536 4.0000 3586.0530 0.1816 0.0704 -0.3869 2.8253 5.0000 4.0079 0.0055 
39.5944 4.0000 3595.7213 0.1774 0.0705 -0.3822 2.8249 5.0000 4.1624 0.0058 
39.5889 4.0000 3597.6978 0.1789 0.0700 -0.3889 2.8249 5.0000 4.1208 0.0056 
39.5767 4.0000 3596.5044 0.1773 0.0712 -0.3770 2.8246 5.0000 4.1933 0.0046 
39.5830 4.0000 3591.6755 0.1800 0.0707 -0.3813 2.8257 5.0000 4.0182 0.0055 
39.6234 4.0000 3602.2993 0.1775 0.0704 -0.3795 2.8236 5.0000 4.1308 0.0059 
39.5889 4.0000 3596.8172 0.1773 0.0703 -0.3796 2.8238 5.0000 4.1275 0.0050 
39.5742 4.0000 3591.8335 0.1789 0.0696 -0.3821 2.8245 5.0000 4.0646 0.0055 
39.6082 4.0000 3603.7936 0.1763 0.0710 -0.3737 2.8241 5.0000 4.1773 0.0060 
39.5876 4.0000 3594.9369 0.1768 0.0698 -0.3808 2.8232 5.0000 4.1722 0.0055 
39.5675 4.0000 3586.6864 0.1779 0.0707 -0.3809 2.8268 5.0000 4.2547 0.0045 
39.5885 4.0000 3598.5259 0.1775 0.0705 -0.3808 2.8257 5.0000 3.9438 0.0051 
39.6284 4.0000 3618.7011 0.1773 0.0707 -0.3753 2.8247 5.0000 4.0445 0.0052 
39.6024 4.0000 3606.0471 0.1794 0.0706 -0.3838 2.8246 5.0000 4.1638 0.0054 
39.5994 4.0000 3599.1694 0.1795 0.0706 -0.3852 2.8251 5.0000 3.9862 0.0061 
39.5910 4.0000 3596.2804 0.1788 0.0701 -0.3837 2.8256 5.0000 3.9347 0.0063 
39.5637 4.0000 3583.8604 0.1757 0.0700 -0.3782 2.8251 5.0000 4.0028 0.0061 
39.5578 4.0000 3582.9235 0.1768 0.0713 -0.3823 2.8240 5.0000 4.2950 0.0053 
39.5637 4.0000 3586.0631 0.1747 0.0711 -0.3755 2.8280 5.0000 4.2792 0.0051 
39.5977 4.0000 3600.6852 0.1791 0.0706 -0.3846 2.8275 5.0000 4.2225 0.0048 
39.6036 4.0000 3600.3939 0.1790 0.0703 -0.3854 2.8252 5.0000 4.1008 0.0050 
39.6141 4.0000 3605.1812 0.1763 0.0710 -0.3779 2.8259 5.0000 4.1161 0.0054 
39.6061 4.0000 3607.8941 0.1797 0.0708 -0.3830 2.8272 5.0000 4.1464 0.0056 
39.5935 4.0000 3603.9744 0.1788 0.0705 -0.3830 2.8267 5.0000 4.0108 0.0058 
39.5843 4.0000 3593.5364 0.1767 0.0701 -0.3777 2.8249 5.0000 4.2127 0.0045 
39.5771 4.0000 3599.6503 0.1792 0.0710 -0.3798 2.8268 5.0000 4.2011 0.0055 
39.6272 4.0000 3611.5960 0.1759 0.0707 -0.3760 2.8243 5.0000 4.0889 0.0061 
39.5889 4.0000 3598.7201 0.1775 0.0706 -0.3795 2.8282 5.0000 3.9644 0.0055 
39.5649 4.0000 3586.6902 0.1762 0.0704 -0.3793 2.8281 5.0000 4.0854 0.0057 
39.5864 4.0000 3593.7331 0.1795 0.0704 -0.3839 2.8271 5.0000 4.1149 0.0058 
39.5818 4.0000 3596.0454 0.1790 0.0704 -0.3845 2.8235 5.0000 4.0450 0.0053 
39.5771 4.0000 3593.1770 0.1788 0.0697 -0.3857 2.8233 5.0000 3.9904 0.0062 
39.5965 4.0000 3602.8382 0.1788 0.0704 -0.3820 2.8252 5.0000 4.1956 0.0054 
39.5612 4.0000 3585.6662 0.1761 0.0704 -0.3822 2.8241 5.0000 4.1828 0.0047 
39.5902 4.0000 3594.6726 0.1782 0.0698 -0.3839 2.8231 5.0000 4.1594 0.0062 
39.6204 4.0000 3612.9819 0.1763 0.0708 -0.3749 2.8264 5.0000 4.0999 0.0050 
39.5599 4.0000 3583.9517 0.1798 0.0711 -0.3849 2.8263 5.0000 4.1086 0.0056 
39.6070 4.0000 3604.2135 0.1753 0.0695 -0.3764 2.8248 5.0000 4.0308 0.0056 
39.5834 4.0000 3592.4830 0.1780 0.0700 -0.3816 2.8236 5.0000 3.5902 0.0056 
