39.1009 4.0000 3435.4647 0.5350 0.2445 -0.6541 2.8836 5.0000 1.5836 0.0151 
39.1192 4.0000 3462.1381 0.5283 0.2420 -0.6443 2.8787 5.0000 1.6017 0.0151 
39.2125 4.0000 3486.5649 0.5350 0.2402 -0.6432 2.8704 5.0000 1.6657 0.0180 
39.1028 4.0000 3463.9319 0.5326 0.2395 -0.6484 2.8732 5.0000 1.5437 0.0139 
39.1003 4.0000 3449.1803 0.5370 0.2436 -0.6458 2.8908 5.0000 1.5382 0.0139 
39.2591 4.0000 3515.4956 0.5421 0.2427 -0.6527 2.8831 5.0000 1.5326 0.0188 
39.1148 4.0000 3458.0189 0.5251 0.2426 -0.6352 2.8749 5.0000 1.6142 0.0182 
39.0731 4.0000 3403.0101 0.5217 0.2426 -0.6408 2.8875 5.0000 1.5919 0.0182 
39.0927 4.0000 3440.8266 0.5243 0.2397 -0.6418 2.8749 5.0000 1.6119 0.0198 
39.0668 4.0000 3444.8689 0.5326 0.2435 -0.6415 2.8848 5.0000 1.5392 0.0182 
39.0322 4.0000 3405.0347 0.5298 0.2417 -0.6432 2.8843 5.0000 1.5488 0.0182 
39.0927 4.0000 3432.5208 0.5333 0.2404 -0.6502 2.9025 5.0000 1.5504 0.0169 
39.0996 4.0000 3463.5864 0.5399 0.2435 -0.6417 2.8906 5.0000 1.5196 0.0146 
39.1444 4.0000 3465.8764 0.5331 0.2412 -0.6505 2.8765 5.0000 1.5329 0.0150 
39.2339 4.0000 3513.4773 0.5412 0.2406 -0.6591 2.8649 5.0000 1.5456 0.0176 
39.2169 4.0000 3490.4451 0.5358 0.2410 -0.6478 2.8640 5.0000 1.7162 0.0176 
39.1166 4.0000 3452.3682 0.5227 0.2377 -0.6399 2.8644 5.0000 1.6999 0.0176 
39.1160 4.0000 3466.8827 0.5419 0.2473 -0.6427 2.8777 5.0000 1.7399 0.0231 
39.0839 4.0000 3435.9943 0.5394 0.2482 -0.6507 2.8706 5.0000 1.5423 0.0169 
38.9079 4.0000 3351.8121 0.5328 0.2461 -0.6592 2.8873 5.0000 1.5596 0.0176 
39.1456 4.0000 3455.8953 0.5356 0.2408 -0.6524 2.8750 5.0000 1.5277 0.0183 
39.1166 4.0000 3461.8474 0.5379 0.2449 -0.6417 2.8913 5.0000 1.5390 0.0156 
39.0895 4.0000 3449.0984 0.5323 0.2416 -0.6362 2.8727 5.0000 1.5405 0.0183 
39.1936 4.0000 3482.9004 0.5280 0.2418 -0.6465 2.8699 5.0000 1.5482 0.0205 
39.0914 4.0000 3435.3953 0.5358 0.2450 -0.6532 2.8762 5.0000 1.6072 0.0145 
39.0069 4.0000 3392.5555 0.5247 0.2360 -0.6586 2.8721 5.0000 1.6338 0.0176 
39.2371 4.0000 3517.7055 0.5369 0.2422 -0.6440 2.8822 5.0000 1.5999 0.0153 
39.1160 4.0000 3447.8386 0.5242 0.2421 -0.6259 2.8721 5.0000 1.6389 0.0195 
39.2068 4.0000 3486.3172 0.5327 0.2379 -0.6371 2.8699 5.0000 1.6045 0.0195 
39.0460 4.0000 3407.0990 0.5303 0.2430 -0.6529 2.8764 5.0000 1.5905 0.0189 
39.2427 4.0000 3491.7566 0.5318 0.2394 -0.6516 2.8803 5.0000 1.5325 0.0186 
39.0662 4.0000 3413.0511 0.5315 0.2449 -0.6480 2.8875 5.0000 1.5408 0.0177 
39.0776 4.0000 3446.6702 0.5356 0.2465 -0.6446 2.8746 5.0000 1.5383 0.0158 
39.1135 4.0000 3430.0170 0.5315 0.2403 -0.6509 2.8872 5.0000 1.5548 0.0158 
39.1879 4.0000 3502.7327 0.5354 0.2401 -0.6442 2.8757 5.0000 1.5615 0.0176 
39.1879 4.0000 3468.3934 0.5279 0.2390 -0.6412 2.8711 5.0000 1.5821 0.0174 
39.1179 4.0000 3459.1040 0.5318 0.2416 -0.6455 2.8839 5.0000 1.6928 0.0149 
39.1236 4.0000 3436.8443 0.5310 0.2429 -0.6529 2.8816 5.0000 1.7254 0.0160 
39.2207 4.0000 3487.6753 0.5354 0.2433 -0.6472 2.8717 5.0000 1.7163 0.0185 
39.1791 4.0000 3455.1141 0.5274 0.2400 -0.6520 2.8802 5.0000 1.5511 0.0163 
39.0820 4.0000 3446.1520 0.5364 0.2401 -0.6477 2.8768 5.0000 1.5499 0.0182 
39.1665 4.0000 3459.8165 0.5317 0.2423 -0.6491 2.8697 5.0000 1.5426 0.0149 
39.0939 4.0000 3455.5675 0.5285 0.2405 -0.6275 2.8709 5.0000 1.5363 0.0206 
39.2201 4.0000 3487.6185 0.5300 0.2360 -0.6494 2.8609 5.0000 1.5483 0.0153 
39.0025 4.0000 3409.4180 0.5379 0.2501 -0.6483 2.8890 5.0000 1.5431 0.0181 
39.2043 4.0000 3506.9729 0.5335 0.2384 -0.6458 2.8663 5.0000 1.6515 0.0209 
39.0977 4.0000 3473.5826 0.5337 0.2405 -0.6449 2.8640 5.0000 1.6428 0.0154 
38.9918 4.0000 3411.9647 0.5350 0.2429 -0.6565 2.8800 5.0000 1.6591 0.0167 
39.2024 4.0000 3486.2314 0.5274 0.2365 -0.6408 2.8754 5.0000 1.5433 0.0159 
39.1513 4.0000 3456.3789 0.5334 0.2442 -0.6518 2.8756 5.0000 1.5453 0.0145 
39.1810 4.0000 3461.1602 0.5289 0.2427 -0.6496 2.8813 5.0000 1.5472 0.0155 
39.2377 4.0000 3472.9968 0.5354 0.2400 -0.6584 2.8754 5.0000 1.5367 0.0173 
39.1967 4.0000 3498.7415 0.5431 0.2402 -0.6536 2.8783 5.0000 1.5436 0.0189 
39.1280 4.0000 3462.1223 0.5335 0.2385 -0.6491 2.8705 5.0000 1.5440 0.0171 
39.0668 4.0000 3433.9054 0.5320 0.2382 -0.6576 2.8797 5.0000 1.5647 0.0190 
39.1368 4.0000 3471.5731 0.5328 0.2437 -0.6377 2.8780 5.0000 1.5781 0.0167 
39.0643 4.0000 3423.9180 0.5299 0.2424 -0.6597 2.8724 5.0000 1.6129 0.0187 
39.1501 4.0000 3472.9842 0.5389 0.2424 -0.6492 2.8820 5.0000 1.6861 0.0199 
39.0757 4.0000 3423.4117 0.5310 0.2449 -0.6392 2.8827 5.0000 1.6862 0.0174 
39.0296 4.0000 3391.9231 0.5341 0.2492 -0.6551 2.8943 5.0000 1.6723 0.0180 
39.1248 4.0000 3450.3455 0.5303 0.2423 -0.6444 2.8742 5.0000 1.5319 0.0165 
39.1034 4.0000 3440.9842 0.5284 0.2416 -0.6403 2.8715 5.0000 1.5346 0.0191 
39.1608 4.0000 3482.9451 0.5371 0.2446 -0.6462 2.8739 5.0000 1.5352 0.0156 
39.0612 4.0000 3450.7686 0.5304 0.2382 -0.6475 2.8803 5.0000 1.5669 0.0191 
39.1942 4.0000 3478.6595 0.5304 0.2430 -0.6330 2.8899 5.0000 1.5605 0.0150 
39.0605 4.0000 3400.1286 0.5355 0.2438 -0.6575 2.8775 5.0000 1.5571 0.0178 
39.2163 4.0000 3479.4723 0.5193 0.2416 -0.6259 2.8858 5.0000 1.6162 0.0144 
39.1103 4.0000 3434.3991 0.5338 0.2420 -0.6597 2.8693 5.0000 1.6082 0.0190 
39.2409 4.0000 3479.6438 0.5286 0.2391 -0.6370 2.8825 5.0000 1.6242 0.0174 
39.0618 4.0000 3420.5895 0.5324 0.2441 -0.6558 2.8863 5.0000 1.5440 0.0176 
39.1261 4.0000 3444.0996 0.5371 0.2429 -0.6432 2.8925 5.0000 1.5396 0.0181 
39.1185 4.0000 3443.6929 0.5369 0.2425 -0.6546 2.8846 5.0000 1.5521 0.0176 
39.0971 4.0000 3443.1305 0.5352 0.2426 -0.6568 2.8884 5.0000 1.5396 0.0210 
39.1192 4.0000 3459.3997 0.5325 0.2430 -0.6386 2.8634 5.0000 1.5588 0.0162 
38.9880 4.0000 3380.1393 0.5297 0.2450 -0.6608 2.8870 5.0000 1.6205 0.0158 
39.1709 4.0000 3467.0933 0.5347 0.2443 -0.6411 2.8816 5.0000 1.7297 0.0192 
39.1847 4.0000 3492.4767 0.5332 0.2386 -0.6469 2.8850 5.0000 1.7385 0.0180 
39.0574 4.0000 3428.6324 0.5409 0.2468 -0.6553 2.8915 5.0000 1.7316 0.0159 
39.1034 4.0000 3446.9180 0.5383 0.2442 -0.6650 2.8788 5.0000 1.5372 0.0194 
39.1828 4.0000 3482.5189 0.5396 0.2419 -0.6600 2.8765 5.0000 1.5219 0.0188 
39.0467 4.0000 3438.8260 0.5364 0.2396 -0.6486 2.8876 5.0000 1.5359 0.0161 
39.0712 4.0000 3427.7793 0.5349 0.2412 -0.6536 2.8831 5.0000 1.5256 0.0143 
39.1765 4.0000 3486.4029 0.5353 0.2360 -0.6434 2.8607 5.0000 1.5323 0.0179 
39.2453 4.0000 3521.1791 0.5281 0.2337 -0.6561 2.8576 5.0000 1.5444 0.0187 
39.1059 4.0000 3467.6129 0.5272 0.2375 -0.6400 2.8754 5.0000 1.6030 0.0157 
39.0757 4.0000 3439.1110 0.5350 0.2449 -0.6472 2.8793 5.0000 1.5937 0.0197 
39.1904 4.0000 3482.9893 0.5370 0.2406 -0.6494 2.8696 5.0000 1.6251 0.0195 
39.0359 4.0000 3392.5284 0.5322 0.2430 -0.6505 2.8783 5.0000 1.6039 0.0157 
39.0435 4.0000 3411.5946 0.5331 0.2435 -0.6525 2.8814 5.0000 1.6030 0.0172 
39.1923 4.0000 3500.7699 0.5330 0.2380 -0.6422 2.8697 5.0000 1.5637 0.0176 
39.1343 4.0000 3465.4161 0.5361 0.2440 -0.6518 2.8708 5.0000 1.5255 0.0168 
39.1192 4.0000 3431.8821 0.5277 0.2424 -0.6426 2.8752 5.0000 1.5372 0.0189 
39.1494 4.0000 3479.3556 0.5305 0.2390 -0.6434 2.8687 5.0000 1.5254 0.0154 
39.0656 4.0000 3441.7598 0.5435 0.2476 -0.6591 2.8693 5.0000 1.5418 0.0156 
39.2011 4.0000 3484.5095 0.5408 0.2439 -0.6579 2.8754 5.0000 1.5796 0.0153 
39.1942 4.0000 3482.7598 0.5328 0.2433 -0.6342 2.8811 5.0000 1.5514 0.0202 
39.2055 4.0000 3485.5895 0.5315 0.2399 -0.6483 2.8687 5.0000 1.6959 0.0177 
39.0164 4.0000 3396.5706 0.5378 0.2481 -0.6543 2.8885 5.0000 1.7125 0.0192 
39.1129 4.0000 3458.2900 0.5345 0.2395 -0.6432 2.8738 5.0000 1.7077 0.0192 
39.0549 4.0000 3420.0794 0.5236 0.2376 -0.6515 2.8816 5.0000 1.4752 0.0192 
