39.6516 16.5000 3620.2821 0.1441 0.0598 -0.3307 2.8550 5.0000 5.9235 0.0033 
39.6757 16.5000 3628.4990 0.1410 0.0595 -0.3228 2.8517 5.0000 5.9324 0.0033 
39.6905 16.5000 3637.6087 0.1441 0.0604 -0.3255 2.8533 6.0000 5.9972 0.0033 
39.6707 16.5000 3628.4086 0.1402 0.0601 -0.3182 2.8515 5.0000 5.8282 0.0031 
39.6819 16.5000 3633.0402 0.1421 0.0607 -0.3256 2.8525 5.0000 5.9057 0.0031 
39.6815 16.5000 3631.7741 0.1476 0.0608 -0.3307 2.8529 5.0000 5.9179 0.0031 
39.6743 16.5000 3633.3158 0.1456 0.0603 -0.3279 2.8559 5.0000 6.3358 0.0026 
39.6840 16.5000 3635.0463 0.1437 0.0604 -0.3284 2.8522 5.0000 6.2974 0.0026 
39.7024 16.5000 3641.6051 0.1467 0.0611 -0.3314 2.8567 5.0000 6.4026 0.0026 
39.6865 16.5000 3634.9209 0.1415 0.0600 -0.3218 2.8516 5.0000 5.7978 0.0031 
39.6934 16.5000 3634.9786 0.1409 0.0604 -0.3201 2.8540 5.0000 5.9709 0.0033 
39.6815 16.5000 3632.8719 0.1411 0.0605 -0.3182 2.8536 5.0000 5.9205 0.0033 
39.6736 16.5000 3632.2119 0.1470 0.0603 -0.3307 2.8557 5.0000 5.8920 0.0029 
39.6822 16.5000 3633.0946 0.1465 0.0602 -0.3292 2.8554 5.0000 5.8999 0.0028 
39.6894 16.5000 3638.5541 0.1419 0.0601 -0.3224 2.8531 5.0000 5.9681 0.0033 
39.6945 16.5000 3637.0935 0.1443 0.0598 -0.3257 2.8529 5.0000 5.7794 0.0026 
39.6750 16.5000 3632.4839 0.1429 0.0600 -0.3244 2.8553 5.0000 5.8392 0.0028 
39.7042 16.5000 3641.0528 0.1452 0.0596 -0.3312 2.8552 5.0000 5.9101 0.0032 
39.6952 16.5000 3638.1164 0.1448 0.0601 -0.3252 2.8526 5.0000 5.8389 0.0032 
39.6779 16.5000 3632.0558 0.1456 0.0598 -0.3308 2.8532 5.0000 5.9910 0.0026 
39.6783 16.5000 3632.8049 0.1454 0.0605 -0.3241 2.8521 5.0000 5.9986 0.0024 
39.7013 16.5000 3640.5747 0.1450 0.0603 -0.3232 2.8545 6.0000 5.8871 0.0028 
39.7089 16.5000 3645.5060 0.1453 0.0600 -0.3258 2.8535 5.0000 5.9484 0.0030 
39.6956 16.5000 3639.4635 0.1443 0.0604 -0.3225 2.8567 5.0000 5.8704 0.0028 
39.6883 16.5000 3635.1501 0.1459 0.0601 -0.3305 2.8532 5.0000 6.0229 0.0025 
39.6934 16.5000 3635.4196 0.1441 0.0595 -0.3253 2.8528 5.0000 5.9170 0.0028 
39.7049 16.5000 3641.8732 0.1430 0.0598 -0.3257 2.8528 5.0000 5.9055 0.0030 
39.6941 16.5000 3637.8040 0.1436 0.0603 -0.3240 2.8542 5.0000 5.9106 0.0032 
39.6851 16.5000 3630.3520 0.1440 0.0600 -0.3274 2.8553 5.0000 6.0291 0.0026 
39.6808 16.5000 3634.9332 0.1423 0.0603 -0.3207 2.8560 5.0000 5.8755 0.0026 
39.7013 16.5000 3639.8616 0.1453 0.0606 -0.3287 2.8535 5.0000 6.0525 0.0034 
39.6984 16.5000 3638.3516 0.1445 0.0602 -0.3261 2.8520 5.0000 6.2849 0.0038 
39.6714 16.5000 3627.0095 0.1416 0.0606 -0.3206 2.8536 5.0000 6.0438 0.0034 
39.6729 16.5000 3630.0775 0.1441 0.0594 -0.3249 2.8547 5.0000 6.1052 0.0027 
39.6559 16.5000 3623.9715 0.1449 0.0605 -0.3270 2.8553 5.0000 6.0676 0.0029 
39.6970 16.5000 3639.6159 0.1447 0.0601 -0.3275 2.8526 5.0000 6.0961 0.0031 
39.6901 16.5000 3635.4484 0.1446 0.0599 -0.3282 2.8542 5.0000 5.9903 0.0029 
39.6811 16.5000 3633.9272 0.1450 0.0601 -0.3298 2.8554 5.0000 5.9433 0.0036 
39.6912 16.5000 3637.0964 0.1432 0.0601 -0.3260 2.8529 5.0000 6.1200 0.0029 
39.6638 16.5000 3623.0315 0.1447 0.0602 -0.3264 2.8575 5.0000 5.9459 0.0034 
39.6923 16.5000 3637.7258 0.1435 0.0601 -0.3252 2.8528 5.0000 5.8103 0.0033 
39.6718 16.5000 3628.9393 0.1451 0.0607 -0.3296 2.8536 5.0000 5.8317 0.0032 
39.6732 16.5000 3629.8090 0.1427 0.0593 -0.3226 2.8531 5.0000 5.9811 0.0029 
39.6786 16.5000 3632.4478 0.1434 0.0598 -0.3262 2.8545 5.0000 6.0139 0.0026 
39.6898 16.5000 3638.7033 0.1450 0.0606 -0.3272 2.8527 5.0000 6.0433 0.0033 
39.7042 16.5000 3643.2470 0.1437 0.0600 -0.3243 2.8526 5.0000 6.1852 0.0029 
39.6739 16.5000 3629.5039 0.1445 0.0597 -0.3297 2.8539 5.0000 6.1791 0.0026 
39.6894 16.5000 3635.0333 0.1449 0.0602 -0.3261 2.8525 5.0000 6.0792 0.0033 
39.7024 16.5000 3641.5529 0.1456 0.0594 -0.3307 2.8551 5.0000 6.3191 0.0030 
39.6757 16.5000 3628.2695 0.1444 0.0600 -0.3248 2.8525 5.0000 6.4311 0.0034 
39.6880 16.5000 3634.1124 0.1441 0.0603 -0.3265 2.8575 5.0000 6.2830 0.0032 
39.6718 16.5000 3628.9040 0.1407 0.0589 -0.3254 2.8531 5.0000 6.1042 0.0033 
39.6804 16.5000 3631.7611 0.1443 0.0598 -0.3312 2.8532 5.0000 6.1313 0.0032 
39.6754 16.5000 3630.0966 0.1439 0.0601 -0.3268 2.8541 5.0000 6.1044 0.0032 
39.6790 16.5000 3631.7539 0.1438 0.0600 -0.3260 2.8515 5.0000 6.0818 0.0035 
39.6775 16.5000 3632.1650 0.1458 0.0608 -0.3288 2.8547 5.0000 6.4043 0.0024 
39.6678 16.5000 3627.2012 0.1460 0.0602 -0.3337 2.8534 5.0000 6.2240 0.0024 
39.7110 16.5000 3646.8705 0.1442 0.0607 -0.3237 2.8555 5.0000 6.0584 0.0031 
39.6880 16.5000 3633.9211 0.1427 0.0605 -0.3239 2.8528 5.0000 6.2460 0.0027 
39.6815 16.5000 3631.3432 0.1441 0.0595 -0.3271 2.8535 5.0000 6.1850 0.0027 
39.6977 16.5000 3642.1643 0.1417 0.0604 -0.3205 2.8548 5.0000 6.1839 0.0036 
39.6941 16.5000 3640.7220 0.1431 0.0605 -0.3240 2.8546 5.0000 6.3142 0.0029 
39.6613 16.5000 3626.8525 0.1420 0.0593 -0.3256 2.8532 5.0000 6.3794 0.0029 
39.6927 16.5000 3634.9559 0.1436 0.0603 -0.3231 2.8535 5.0000 6.0103 0.0025 
39.6912 16.5000 3637.6408 0.1427 0.0598 -0.3236 2.8550 5.0000 6.0491 0.0029 
39.7046 16.5000 3642.9115 0.1438 0.0603 -0.3244 2.8526 5.0000 6.3620 0.0025 
39.6891 16.5000 3636.2064 0.1464 0.0602 -0.3279 2.8545 5.0000 6.3906 0.0034 
39.7074 16.5000 3641.9910 0.1463 0.0605 -0.3269 2.8536 5.0000 6.3107 0.0026 
39.6729 16.5000 3629.4005 0.1456 0.0602 -0.3280 2.8551 5.0000 6.1636 0.0029 
39.7006 16.5000 3637.3688 0.1437 0.0602 -0.3270 2.8571 5.0000 6.1834 0.0032 
39.6916 16.5000 3637.7500 0.1462 0.0606 -0.3299 2.8569 5.0000 6.1082 0.0028 
39.6772 16.5000 3631.9838 0.1441 0.0603 -0.3272 2.8580 5.0000 6.0595 0.0023 
39.6963 16.5000 3638.1528 0.1429 0.0603 -0.3260 2.8543 5.0000 6.0071 0.0033 
39.7161 16.5000 3647.4556 0.1460 0.0605 -0.3263 2.8563 5.0000 6.0103 0.0029 
39.6768 16.5000 3630.2165 0.1449 0.0603 -0.3273 2.8543 5.0000 5.9836 0.0030 
39.6916 16.5000 3635.5615 0.1448 0.0599 -0.3276 2.8547 5.0000 6.0482 0.0030 
39.6865 16.5000 3634.2789 0.1459 0.0607 -0.3268 2.8548 5.0000 6.0263 0.0029 
39.6873 16.5000 3633.2239 0.1448 0.0610 -0.3234 2.8555 6.0000 6.0544 0.0029 
39.6901 16.5000 3636.7728 0.1461 0.0593 -0.3331 2.8493 5.0000 6.0919 0.0029 
39.6916 16.5000 3638.9764 0.1438 0.0602 -0.3263 2.8541 5.0000 6.0694 0.0031 
39.6898 16.5000 3634.3916 0.1413 0.0603 -0.3225 2.8559 5.0000 6.1947 0.0029 
39.6826 16.5000 3633.6923 0.1413 0.0604 -0.3269 2.8509 5.0000 6.1063 0.0032 
39.6891 16.5000 3634.9148 0.1423 0.0603 -0.3248 2.8529 5.0000 6.1281 0.0028 
39.6783 16.5000 3631.6202 0.1428 0.0604 -0.3261 2.8545 5.0000 6.0493 0.0034 
39.6956 16.5000 3637.0921 0.1454 0.0594 -0.3289 2.8524 5.0000 5.9596 0.0024 
39.6696 16.5000 3628.6475 0.1452 0.0603 -0.3278 2.8559 6.0000 5.8681 0.0028 
39.7110 16.5000 3644.1272 0.1440 0.0604 -0.3257 2.8539 5.0000 6.0202 0.0029 
39.6948 16.5000 3637.2477 0.1408 0.0599 -0.3168 2.8548 5.0000 6.0507 0.0034 
39.6894 16.5000 3635.4689 0.1415 0.0602 -0.3179 2.8562 5.0000 6.0792 0.0033 
39.6729 16.5000 3630.6269 0.1442 0.0604 -0.3280 2.8548 5.0000 6.0732 0.0032 
39.6743 16.5000 3628.2165 0.1424 0.0602 -0.3249 2.8540 5.0000 6.0195 0.0032 
39.6801 16.5000 3633.0193 0.1451 0.0610 -0.3270 2.8562 5.0000 5.9901 0.0033 
39.6790 16.5000 3630.7152 0.1451 0.0598 -0.3300 2.8529 5.0000 6.0197 0.0028 
39.6754 16.5000 3632.4814 0.1435 0.0600 -0.3264 2.8548 5.0000 5.9798 0.0034 
39.6930 16.5000 3636.7483 0.1461 0.0606 -0.3279 2.8563 5.0000 6.1279 0.0030 
39.6707 16.5000 3627.9211 0.1439 0.0603 -0.3271 2.8543 5.0000 6.0834 0.0031 
39.6869 16.5000 3633.3850 0.1453 0.0607 -0.3266 2.8558 5.0000 5.9297 0.0029 
39.6815 16.5000 3632.1445 0.1472 0.0600 -0.3314 2.8547 5.0000 5.9108 0.0032 
39.6894 16.5000 3634.9407 0.1446 0.0602 -0.3298 2.8555 5.0000 5.9186 0.0032 
39.6779 16.5000 3631.1014 0.1466 0.0596 -0.3296 2.8537 5.0000 5.2326 0.0032 
