39.7114 4.0000 3655.4869 0.3694 0.1148 -0.5921 3.1681 6.0000 51.2727 0.0023 
39.7174 4.0000 3658.6017 0.3660 0.1123 -0.5941 3.1644 6.0000 51.4234 0.0023 
39.7160 4.0000 3657.4053 0.3660 0.1133 -0.5924 3.1664 6.0000 51.7138 0.0023 
39.7085 4.0000 3654.3988 0.3674 0.1136 -0.5933 3.1649 6.0000 46.9681 0.0019 
39.7057 4.0000 3651.6778 0.3674 0.1131 -0.5945 3.1654 6.0000 47.3489 0.0018 
39.7306 4.0000 3661.4885 0.3671 0.1135 -0.5918 3.1663 6.0000 47.4767 0.0025 
39.7338 4.0000 3664.0638 0.3656 0.1118 -0.5895 3.1612 6.0000 47.0109 0.0024 
39.7079 4.0000 3653.9160 0.3651 0.1142 -0.5890 3.1665 6.0000 47.6572 0.0025 
39.7100 4.0000 3654.0785 0.3656 0.1129 -0.5925 3.1634 6.0000 47.5135 0.0025 
39.7060 4.0000 3653.7987 0.3689 0.1132 -0.5941 3.1645 6.0000 48.0460 0.0026 
39.7227 4.0000 3659.1502 0.3677 0.1135 -0.5943 3.1667 6.0000 47.9649 0.0021 
39.7021 4.0000 3652.2818 0.3654 0.1116 -0.5909 3.1648 6.0000 47.7401 0.0021 
39.7234 4.0000 3659.6310 0.3689 0.1151 -0.5893 3.1662 6.0000 48.9120 0.0024 
39.7117 4.0000 3655.1007 0.3695 0.1148 -0.5916 3.1663 6.0000 48.0846 0.0024 
39.7112 4.0000 3655.3402 0.3664 0.1127 -0.5931 3.1635 6.0000 48.2071 0.0022 
39.7188 4.0000 3657.5843 0.3665 0.1141 -0.5898 3.1651 6.0000 47.8473 0.0025 
39.7054 4.0000 3651.1603 0.3651 0.1132 -0.5907 3.1683 6.0000 47.3248 0.0025 
39.7049 4.0000 3651.9983 0.3649 0.1144 -0.5865 3.1654 6.0000 48.2225 0.0025 
39.7253 4.0000 3660.1170 0.3651 0.1136 -0.5916 3.1663 6.0000 47.8917 0.0023 
39.7082 4.0000 3654.0506 0.3699 0.1135 -0.5965 3.1638 6.0000 47.9211 0.0023 
39.7133 4.0000 3655.4570 0.3674 0.1137 -0.5927 3.1633 6.0000 48.7628 0.0020 
39.7164 4.0000 3657.3433 0.3660 0.1120 -0.5924 3.1626 6.0000 48.2111 0.0023 
39.7282 4.0000 3660.9434 0.3637 0.1124 -0.5898 3.1644 6.0000 48.0831 0.0023 
39.7128 4.0000 3655.4642 0.3688 0.1139 -0.5917 3.1630 6.0000 48.4162 0.0021 
39.7314 4.0000 3660.9392 0.3665 0.1129 -0.5949 3.1647 6.0000 48.6630 0.0027 
39.7207 4.0000 3659.2549 0.3656 0.1117 -0.5915 3.1653 6.0000 47.7828 0.0023 
39.7160 4.0000 3658.3830 0.3668 0.1134 -0.5927 3.1665 6.0000 48.6564 0.0027 
39.6997 4.0000 3650.3375 0.3663 0.1145 -0.5876 3.1660 6.0000 47.3674 0.0023 
39.7005 4.0000 3650.2659 0.3647 0.1128 -0.5921 3.1650 6.0000 48.0983 0.0026 
39.7139 4.0000 3656.9585 0.3693 0.1147 -0.5937 3.1655 6.0000 48.6877 0.0024 
39.7018 4.0000 3652.1781 0.3676 0.1127 -0.5944 3.1644 6.0000 47.6574 0.0026 
39.7115 4.0000 3654.2688 0.3701 0.1141 -0.5953 3.1649 6.0000 48.3055 0.0021 
39.7043 4.0000 3652.9648 0.3656 0.1127 -0.5907 3.1626 6.0000 48.5115 0.0020 
39.7223 4.0000 3658.5757 0.3668 0.1148 -0.5910 3.1652 6.0000 47.5005 0.0019 
39.7279 4.0000 3660.5701 0.3670 0.1141 -0.5922 3.1662 6.0000 48.8755 0.0027 
39.7298 4.0000 3660.1111 0.3669 0.1134 -0.5900 3.1632 6.0000 48.5238 0.0025 
39.6996 4.0000 3651.0145 0.3651 0.1121 -0.5936 3.1655 6.0000 48.0331 0.0021 
39.7062 4.0000 3652.8646 0.3690 0.1144 -0.5927 3.1671 6.0000 48.9975 0.0020 
39.7205 4.0000 3658.3955 0.3685 0.1134 -0.5943 3.1634 6.0000 48.2794 0.0023 
39.7253 4.0000 3660.9026 0.3677 0.1139 -0.5905 3.1665 6.0000 48.1803 0.0025 
39.7126 4.0000 3655.8956 0.3661 0.1131 -0.5918 3.1651 6.0000 48.5646 0.0025 
39.7046 4.0000 3652.3398 0.3687 0.1135 -0.5962 3.1658 6.0000 47.6112 0.0020 
39.7067 4.0000 3653.4363 0.3673 0.1136 -0.5924 3.1659 6.0000 48.1112 0.0022 
39.7262 4.0000 3659.2653 0.3704 0.1142 -0.5943 3.1651 6.0000 48.8188 0.0022 
39.7172 4.0000 3656.8414 0.3658 0.1125 -0.5931 3.1638 6.0000 48.1502 0.0022 
39.7196 4.0000 3659.0823 0.3663 0.1125 -0.5916 3.1595 6.0000 48.5831 0.0021 
39.7074 4.0000 3653.5323 0.3677 0.1136 -0.5938 3.1673 6.0000 48.8981 0.0023 
39.7234 4.0000 3657.5665 0.3643 0.1120 -0.5894 3.1683 6.0000 48.6570 0.0023 
39.7153 4.0000 3656.3577 0.3660 0.1120 -0.5925 3.1628 6.0000 47.9189 0.0022 
39.7177 4.0000 3657.0445 0.3633 0.1132 -0.5869 3.1630 6.0000 48.6756 0.0023 
39.7171 4.0000 3655.7604 0.3663 0.1134 -0.5930 3.1651 6.0000 48.8153 0.0023 
39.7164 4.0000 3657.5965 0.3678 0.1138 -0.5898 3.1626 6.0000 48.5559 0.0022 
39.7215 4.0000 3658.8049 0.3682 0.1127 -0.5964 3.1612 6.0000 48.3813 0.0022 
39.7186 4.0000 3657.3778 0.3667 0.1144 -0.5874 3.1657 6.0000 48.4276 0.0022 
39.7175 4.0000 3656.6759 0.3685 0.1128 -0.5940 3.1666 6.0000 48.3149 0.0022 
39.7117 4.0000 3655.7265 0.3695 0.1142 -0.5928 3.1676 6.0000 48.6823 0.0015 
39.7196 4.0000 3657.3348 0.3657 0.1121 -0.5938 3.1629 6.0000 48.1720 0.0015 
39.7454 4.0000 3666.6192 0.3637 0.1126 -0.5871 3.1644 6.0000 48.3645 0.0020 
39.7229 4.0000 3659.6125 0.3667 0.1127 -0.5943 3.1627 6.0000 48.2288 0.0023 
39.7271 4.0000 3661.4931 0.3646 0.1132 -0.5918 3.1641 6.0000 48.6298 0.0022 
39.7125 4.0000 3655.9187 0.3680 0.1149 -0.5868 3.1688 6.0000 48.1083 0.0022 
39.7167 4.0000 3657.3542 0.3665 0.1134 -0.5929 3.1675 6.0000 48.3838 0.0020 
39.7191 4.0000 3657.8578 0.3669 0.1137 -0.5917 3.1656 6.0000 48.1119 0.0024 
39.7257 4.0000 3660.2951 0.3682 0.1133 -0.5904 3.1654 6.0000 48.0892 0.0025 
39.7100 4.0000 3655.5705 0.3639 0.1121 -0.5904 3.1614 6.0000 48.0987 0.0025 
39.7071 4.0000 3653.9335 0.3676 0.1126 -0.5950 3.1613 6.0000 48.3309 0.0022 
39.7084 4.0000 3653.1847 0.3657 0.1126 -0.5921 3.1653 6.0000 48.8160 0.0021 
39.7194 4.0000 3659.6217 0.3678 0.1127 -0.5926 3.1660 6.0000 48.2350 0.0023 
39.7215 4.0000 3658.1713 0.3664 0.1129 -0.5903 3.1683 6.0000 49.0533 0.0024 
39.7130 4.0000 3655.3871 0.3641 0.1114 -0.5911 3.1646 6.0000 49.1873 0.0021 
39.7119 4.0000 3655.5739 0.3646 0.1117 -0.5923 3.1655 6.0000 48.4662 0.0022 
39.7216 4.0000 3658.4682 0.3638 0.1120 -0.5918 3.1643 6.0000 48.9871 0.0021 
39.7166 4.0000 3657.7399 0.3674 0.1143 -0.5899 3.1643 6.0000 48.7232 0.0025 
39.7216 4.0000 3658.5318 0.3678 0.1149 -0.5901 3.1667 6.0000 49.4649 0.0020 
39.7073 4.0000 3653.3022 0.3665 0.1134 -0.5913 3.1651 6.0000 48.4105 0.0027 
39.7260 4.0000 3659.5947 0.3680 0.1136 -0.5906 3.1642 6.0000 48.0969 0.0021 
39.6986 4.0000 3648.6765 0.3672 0.1136 -0.5949 3.1662 6.0000 48.3387 0.0021 
39.7235 4.0000 3659.4059 0.3659 0.1139 -0.5912 3.1638 6.0000 48.5298 0.0018 
39.7234 4.0000 3660.3808 0.3646 0.1117 -0.5907 3.1612 6.0000 48.6901 0.0019 
39.7350 4.0000 3662.7368 0.3680 0.1131 -0.5900 3.1650 6.0000 48.6623 0.0023 
39.7301 4.0000 3663.1980 0.3670 0.1124 -0.5928 3.1658 6.0000 49.0147 0.0026 
39.7152 4.0000 3655.0408 0.3644 0.1123 -0.5896 3.1656 6.0000 48.6529 0.0022 
39.7013 4.0000 3652.5519 0.3702 0.1142 -0.5959 3.1644 6.0000 48.8193 0.0021 
39.7194 4.0000 3658.6843 0.3665 0.1116 -0.5946 3.1627 6.0000 48.7833 0.0025 
39.7223 4.0000 3659.7683 0.3663 0.1124 -0.5910 3.1614 6.0000 49.4192 0.0019 
39.7060 4.0000 3654.4849 0.3657 0.1132 -0.5912 3.1651 6.0000 48.8520 0.0022 
39.7300 4.0000 3661.3575 0.3666 0.1137 -0.5907 3.1638 6.0000 49.1054 0.0020 
39.7201 4.0000 3657.8550 0.3651 0.1134 -0.5913 3.1677 6.0000 49.2002 0.0022 
39.7281 4.0000 3659.5662 0.3673 0.1136 -0.5930 3.1669 6.0000 48.9617 0.0025 
39.7202 4.0000 3658.8268 0.3683 0.1144 -0.5902 3.1689 6.0000 48.3565 0.0021 
39.7046 4.0000 3652.6280 0.3683 0.1142 -0.5902 3.1661 6.0000 49.2444 0.0021 
39.7226 4.0000 3659.0523 0.3646 0.1127 -0.5871 3.1646 6.0000 48.9375 0.0024 
39.7205 4.0000 3658.6458 0.3644 0.1134 -0.5853 3.1649 6.0000 49.0583 0.0024 
39.7122 4.0000 3655.5107 0.3665 0.1144 -0.5902 3.1695 6.0000 49.2341 0.0022 
39.7123 4.0000 3656.3376 0.3681 0.1146 -0.5886 3.1647 6.0000 48.7046 0.0024 
39.7197 4.0000 3657.2579 0.3668 0.1132 -0.5913 3.1638 6.0000 48.9694 0.0021 
39.7114 4.0000 3655.8545 0.3659 0.1142 -0.5882 3.1655 6.0000 49.1331 0.0026 
39.7229 4.0000 3660.1586 0.3696 0.1152 -0.5896 3.1679 6.0000 48.2561 0.0020 
39.7037 4.0000 3651.9841 0.3638 0.1138 -0.5903 3.1689 6.0000 48.4162 0.0020 
39.7279 4.0000 3662.2361 0.3682 0.1140 -0.5902 3.1715 6.0000 31.2001 0.0020 
