39.5498 4.0000 3596.7948 0.3087 0.1020 -0.5612 2.9624 5.0000 8.1914 0.0065 
39.5618 4.0000 3604.8663 0.3151 0.1033 -0.5642 2.9580 5.0000 8.0564 0.0065 
39.5946 4.0000 3612.9770 0.3126 0.1017 -0.5637 2.9581 5.0000 8.1318 0.0065 
39.5892 4.0000 3612.8462 0.3130 0.1031 -0.5632 2.9604 6.0000 8.0515 0.0056 
39.5902 4.0000 3611.8903 0.3140 0.1027 -0.5641 2.9561 5.0000 8.3466 0.0057 
39.5839 4.0000 3612.8730 0.3164 0.1043 -0.5672 2.9633 5.0000 8.1491 0.0051 
39.6021 4.0000 3616.7547 0.3125 0.1017 -0.5639 2.9594 5.0000 8.2326 0.0065 
39.5791 4.0000 3612.0145 0.3145 0.1033 -0.5662 2.9608 5.0000 8.2297 0.0047 
39.5492 4.0000 3594.9839 0.3155 0.1038 -0.5702 2.9613 6.0000 8.1221 0.0047 
39.6192 4.0000 3623.2475 0.3134 0.1028 -0.5622 2.9600 5.0000 8.2995 0.0060 
39.5463 4.0000 3596.4433 0.3145 0.1038 -0.5675 2.9599 5.0000 8.3292 0.0052 
39.5668 4.0000 3605.2450 0.3147 0.1040 -0.5632 2.9625 5.0000 8.2928 0.0052 
39.5990 4.0000 3613.9615 0.3140 0.1023 -0.5664 2.9686 5.0000 8.4453 0.0054 
39.5936 4.0000 3616.6756 0.3154 0.1026 -0.5676 2.9586 5.0000 8.4287 0.0056 
39.5936 4.0000 3613.8862 0.3133 0.1024 -0.5627 2.9592 5.0000 8.3547 0.0056 
39.5851 4.0000 3611.4622 0.3143 0.1046 -0.5628 2.9629 5.0000 12.3041 0.0060 
39.6195 4.0000 3625.6810 0.3117 0.1032 -0.5596 2.9627 5.0000 12.5470 0.0054 
39.5668 4.0000 3605.8783 0.3148 0.1029 -0.5649 2.9607 5.0000 12.7581 0.0059 
39.5924 4.0000 3608.6564 0.3117 0.1021 -0.5660 2.9592 5.0000 15.9262 0.0054 
39.5725 4.0000 3603.5161 0.3143 0.1029 -0.5666 2.9619 5.0000 15.8288 0.0041 
39.5902 4.0000 3612.7897 0.3138 0.1040 -0.5655 2.9627 5.0000 16.4772 0.0039 
39.6425 4.0000 3633.7046 0.3160 0.1023 -0.5669 2.9525 5.0000 14.2368 0.0055 
39.6501 4.0000 3634.6583 0.3146 0.1028 -0.5661 2.9563 5.0000 14.2297 0.0056 
39.5889 4.0000 3605.5404 0.3165 0.1033 -0.5680 2.9584 5.0000 14.0397 0.0056 
39.5829 4.0000 3613.1419 0.3148 0.1018 -0.5666 2.9563 5.0000 13.5970 0.0042 
39.5851 4.0000 3614.4779 0.3130 0.1010 -0.5657 2.9545 5.0000 13.7976 0.0061 
39.6384 4.0000 3632.9193 0.3141 0.1038 -0.5645 2.9636 5.0000 13.9253 0.0049 
39.5640 4.0000 3605.0236 0.3167 0.1034 -0.5681 2.9602 5.0000 13.3945 0.0066 
39.6100 4.0000 3622.9363 0.3161 0.1026 -0.5692 2.9569 6.0000 13.2086 0.0051 
39.5463 4.0000 3594.2995 0.3136 0.1040 -0.5692 2.9647 5.0000 13.4147 0.0059 
39.6040 4.0000 3615.6602 0.3121 0.1019 -0.5616 2.9603 5.0000 13.2119 0.0052 
39.5725 4.0000 3606.8187 0.3134 0.1022 -0.5632 2.9582 5.0000 13.4254 0.0049 
39.6006 4.0000 3620.8764 0.3139 0.1026 -0.5651 2.9610 5.0000 13.8622 0.0048 
39.6110 4.0000 3620.5363 0.3156 0.1030 -0.5679 2.9571 6.0000 13.7506 0.0056 
39.6144 4.0000 3617.8452 0.3161 0.1042 -0.5697 2.9589 5.0000 13.8679 0.0059 
39.5842 4.0000 3609.5627 0.3175 0.1046 -0.5658 2.9542 6.0000 13.6376 0.0059 
39.5741 4.0000 3605.5246 0.3128 0.1023 -0.5653 2.9632 5.0000 13.9534 0.0056 
39.5716 4.0000 3607.5025 0.3140 0.1022 -0.5687 2.9587 5.0000 14.3241 0.0060 
39.5842 4.0000 3608.6627 0.3166 0.1041 -0.5668 2.9588 5.0000 14.5427 0.0053 
39.5672 4.0000 3606.2018 0.3153 0.1038 -0.5672 2.9593 6.0000 13.5815 0.0040 
39.5974 4.0000 3613.7377 0.3163 0.1038 -0.5661 2.9609 5.0000 13.8297 0.0054 
39.6456 4.0000 3634.5318 0.3153 0.1028 -0.5615 2.9559 5.0000 13.7913 0.0056 
39.5911 4.0000 3614.3569 0.3162 0.1022 -0.5658 2.9555 5.0000 14.2734 0.0051 
39.5848 4.0000 3614.7733 0.3144 0.1018 -0.5647 2.9556 6.0000 14.1119 0.0055 
39.6050 4.0000 3622.5675 0.3145 0.1033 -0.5662 2.9588 5.0000 13.7600 0.0052 
39.5876 4.0000 3612.7677 0.3123 0.1022 -0.5623 2.9626 5.0000 14.8751 0.0058 
39.5999 4.0000 3617.7201 0.3143 0.1018 -0.5667 2.9586 5.0000 14.5264 0.0057 
39.5757 4.0000 3608.2840 0.3137 0.1024 -0.5665 2.9604 5.0000 14.8978 0.0059 
39.5794 4.0000 3609.9846 0.3142 0.1027 -0.5627 2.9556 5.0000 13.1055 0.0060 
39.5731 4.0000 3608.2387 0.3122 0.1021 -0.5685 2.9579 5.0000 12.7086 0.0057 
39.5694 4.0000 3600.8550 0.3147 0.1043 -0.5652 2.9619 5.0000 12.1322 0.0057 
39.5804 4.0000 3608.5400 0.3158 0.1032 -0.5690 2.9588 6.0000 8.5986 0.0063 
39.5788 4.0000 3610.0066 0.3130 0.1033 -0.5623 2.9606 5.0000 8.4534 0.0052 
39.5580 4.0000 3601.1438 0.3160 0.1049 -0.5653 2.9635 5.0000 8.4630 0.0049 
39.6015 4.0000 3618.5044 0.3136 0.1033 -0.5638 2.9592 5.0000 8.9775 0.0057 
39.6119 4.0000 3622.0829 0.3134 0.1032 -0.5604 2.9622 5.0000 8.7495 0.0057 
39.5813 4.0000 3613.0136 0.3151 0.1020 -0.5666 2.9610 5.0000 9.0571 0.0051 
39.6031 4.0000 3620.3972 0.3126 0.1016 -0.5627 2.9504 5.0000 8.5742 0.0055 
39.6021 4.0000 3614.8512 0.3158 0.1029 -0.5675 2.9617 5.0000 8.4650 0.0055 
39.5889 4.0000 3613.0943 0.3151 0.1027 -0.5647 2.9643 5.0000 8.3130 0.0054 
39.6132 4.0000 3621.2472 0.3151 0.1022 -0.5688 2.9566 5.0000 8.5030 0.0056 
39.5933 4.0000 3614.9675 0.3139 0.1026 -0.5658 2.9582 5.0000 8.5371 0.0058 
39.5823 4.0000 3611.5082 0.3142 0.1040 -0.5666 2.9615 5.0000 8.5651 0.0059 
39.5760 4.0000 3608.1195 0.3140 0.1022 -0.5642 2.9587 5.0000 8.5231 0.0056 
39.5725 4.0000 3600.9243 0.3146 0.1052 -0.5638 2.9633 5.0000 8.4582 0.0056 
39.5858 4.0000 3614.4915 0.3130 0.1014 -0.5639 2.9553 5.0000 8.5702 0.0063 
39.5612 4.0000 3601.0943 0.3126 0.1022 -0.5669 2.9629 5.0000 10.1763 0.0056 
39.5561 4.0000 3601.5356 0.3160 0.1044 -0.5653 2.9602 6.0000 10.2368 0.0056 
39.5845 4.0000 3611.1116 0.3150 0.1020 -0.5664 2.9532 5.0000 10.9308 0.0052 
39.5902 4.0000 3611.0148 0.3131 0.1009 -0.5681 2.9565 5.0000 14.3052 0.0055 
39.5980 4.0000 3618.4959 0.3129 0.1001 -0.5676 2.9559 5.0000 14.1258 0.0055 
39.5883 4.0000 3608.9272 0.3146 0.1030 -0.5675 2.9589 5.0000 14.3261 0.0049 
39.6163 4.0000 3624.0391 0.3121 0.1025 -0.5624 2.9571 5.0000 14.9038 0.0056 
39.6113 4.0000 3621.7541 0.3135 0.1024 -0.5637 2.9596 6.0000 14.7730 0.0056 
39.5823 4.0000 3608.6255 0.3148 0.1038 -0.5657 2.9602 5.0000 15.5508 0.0059 
39.5782 4.0000 3613.2106 0.3147 0.1040 -0.5639 2.9604 5.0000 17.1159 0.0063 
39.5709 4.0000 3608.0804 0.3143 0.1020 -0.5681 2.9615 5.0000 16.1664 0.0055 
39.5898 4.0000 3614.0624 0.3143 0.1031 -0.5690 2.9574 5.0000 16.9818 0.0052 
39.5558 4.0000 3603.3499 0.3122 0.1035 -0.5591 2.9614 5.0000 13.4908 0.0049 
39.6009 4.0000 3619.6179 0.3163 0.1041 -0.5638 2.9591 5.0000 13.5858 0.0061 
39.6110 4.0000 3620.2043 0.3138 0.1033 -0.5622 2.9601 5.0000 13.5958 0.0049 
39.5643 4.0000 3603.8427 0.3163 0.1027 -0.5711 2.9575 5.0000 13.4338 0.0050 
39.6132 4.0000 3623.2888 0.3129 0.1024 -0.5622 2.9590 6.0000 13.5701 0.0053 
39.6094 4.0000 3622.3421 0.3133 0.1019 -0.5659 2.9597 5.0000 13.2565 0.0059 
39.5955 4.0000 3619.0602 0.3152 0.1030 -0.5638 2.9574 5.0000 16.3645 0.0054 
39.5741 4.0000 3608.4401 0.3138 0.1048 -0.5634 2.9635 6.0000 16.8417 0.0061 
39.5908 4.0000 3611.4105 0.3138 0.1023 -0.5683 2.9588 5.0000 16.3632 0.0051 
39.5649 4.0000 3599.5668 0.3148 0.1046 -0.5659 2.9597 5.0000 14.7080 0.0048 
39.6050 4.0000 3616.8026 0.3145 0.1034 -0.5639 2.9549 5.0000 14.0920 0.0052 
39.6138 4.0000 3623.4795 0.3135 0.1028 -0.5652 2.9562 5.0000 14.7995 0.0054 
39.5987 4.0000 3615.9789 0.3129 0.1033 -0.5661 2.9587 5.0000 14.3034 0.0059 
39.5902 4.0000 3613.5202 0.3156 0.1024 -0.5657 2.9602 5.0000 13.9014 0.0053 
39.5725 4.0000 3605.4010 0.3121 0.1019 -0.5626 2.9613 5.0000 13.9279 0.0054 
39.5943 4.0000 3616.1012 0.3125 0.1011 -0.5666 2.9585 5.0000 13.8715 0.0049 
39.5939 4.0000 3613.6031 0.3136 0.1029 -0.5652 2.9559 5.0000 13.8376 0.0060 
39.6110 4.0000 3619.0801 0.3150 0.1039 -0.5649 2.9620 5.0000 14.1409 0.0053 
39.5668 4.0000 3605.3871 0.3153 0.1050 -0.5651 2.9607 5.0000 14.3776 0.0055 
39.5968 4.0000 3612.9007 0.3165 0.1045 -0.5679 2.9623 5.0000 14.4482 0.0055 
39.5883 4.0000 3614.1712 0.3127 0.1035 -0.5633 2.9631 5.0000 13.8412 0.0055 
39.5873 4.0000 3609.4682 0.3162 0.1045 -0.5673 2.9597 5.0000 9.6570 0.0055 
