39.5889 4.0000 3613.0366 0.4060 0.1438 -0.6219 3.0100 5.0000 8.4047 0.0072 
39.5690 4.0000 3607.4165 0.4063 0.1450 -0.6155 3.0069 5.0000 8.2088 0.0056 
39.5829 4.0000 3606.3748 0.4081 0.1443 -0.6186 3.0034 6.0000 8.1602 0.0056 
39.5542 4.0000 3597.3206 0.4052 0.1405 -0.6238 3.0029 5.0000 8.3252 0.0066 
39.5214 4.0000 3587.8720 0.4055 0.1432 -0.6221 3.0022 6.0000 8.3051 0.0066 
39.5432 4.0000 3599.9956 0.4025 0.1417 -0.6163 2.9980 5.0000 8.2660 0.0066 
39.5880 4.0000 3614.5479 0.4039 0.1416 -0.6174 3.0018 5.0000 8.2933 0.0065 
39.5451 4.0000 3598.9559 0.4083 0.1432 -0.6210 3.0040 5.0000 8.5871 0.0061 
39.5498 4.0000 3603.4997 0.4041 0.1415 -0.6192 3.0079 5.0000 8.5538 0.0057 
39.5637 4.0000 3607.5095 0.4054 0.1429 -0.6144 3.0013 5.0000 8.1260 0.0073 
39.5810 4.0000 3615.9921 0.4086 0.1460 -0.6148 3.0034 5.0000 8.1217 0.0057 
39.5180 4.0000 3588.9650 0.4042 0.1429 -0.6166 3.0057 5.0000 8.2492 0.0075 
39.5820 4.0000 3611.7904 0.4085 0.1438 -0.6196 3.0066 5.0000 8.6738 0.0055 
39.5098 4.0000 3588.1378 0.4028 0.1411 -0.6133 3.0077 6.0000 8.6312 0.0061 
39.5886 4.0000 3617.5347 0.4071 0.1458 -0.6168 3.0018 5.0000 8.5875 0.0062 
39.5649 4.0000 3605.0864 0.4057 0.1436 -0.6222 3.0013 6.0000 8.6553 0.0053 
39.5605 4.0000 3602.2689 0.4059 0.1428 -0.6201 3.0019 5.0000 8.6641 0.0056 
39.5965 4.0000 3614.5571 0.4038 0.1417 -0.6187 3.0059 5.0000 8.7111 0.0066 
39.5835 4.0000 3614.7459 0.4080 0.1433 -0.6190 3.0031 5.0000 8.0800 0.0059 
39.5448 4.0000 3599.4029 0.4035 0.1407 -0.6186 2.9957 6.0000 8.3525 0.0071 
39.5712 4.0000 3613.5498 0.4071 0.1444 -0.6181 3.0103 6.0000 8.4319 0.0063 
39.5236 4.0000 3592.1554 0.4037 0.1447 -0.6102 3.0039 6.0000 8.3004 0.0055 
39.5552 4.0000 3602.7055 0.4068 0.1448 -0.6147 3.0022 6.0000 8.2946 0.0051 
39.5883 4.0000 3617.1031 0.4060 0.1435 -0.6169 3.0034 6.0000 8.2897 0.0057 
39.6034 4.0000 3616.8720 0.4025 0.1421 -0.6202 3.0011 5.0000 8.1172 0.0065 
39.5791 4.0000 3613.8156 0.4032 0.1422 -0.6161 3.0026 5.0000 8.2050 0.0074 
39.5489 4.0000 3599.7550 0.4071 0.1409 -0.6257 3.0066 5.0000 8.4338 0.0054 
39.5132 4.0000 3586.2607 0.4002 0.1422 -0.6184 3.0060 5.0000 8.2309 0.0061 
39.5924 4.0000 3619.6576 0.4037 0.1420 -0.6131 2.9943 5.0000 8.4290 0.0067 
39.5649 4.0000 3604.2692 0.4089 0.1456 -0.6197 3.0073 5.0000 8.2196 0.0076 
39.5426 4.0000 3596.0955 0.4043 0.1427 -0.6165 3.0063 5.0000 8.8050 0.0061 
39.5047 4.0000 3585.8061 0.4024 0.1422 -0.6180 3.0017 6.0000 8.8696 0.0054 
39.5653 4.0000 3608.7002 0.4085 0.1454 -0.6193 3.0016 6.0000 8.7993 0.0067 
39.5905 4.0000 3618.1214 0.4070 0.1424 -0.6210 3.0011 5.0000 8.5393 0.0071 
39.5422 4.0000 3596.3518 0.4081 0.1435 -0.6253 2.9989 5.0000 8.2529 0.0075 
39.5233 4.0000 3592.6352 0.4045 0.1406 -0.6191 2.9965 5.0000 8.3765 0.0071 
39.5091 4.0000 3582.9098 0.4061 0.1436 -0.6291 3.0113 5.0000 8.4163 0.0054 
39.5246 4.0000 3592.7178 0.4017 0.1427 -0.6155 3.0071 6.0000 8.3961 0.0068 
39.5927 4.0000 3621.9124 0.4057 0.1425 -0.6161 2.9988 5.0000 8.4721 0.0066 
39.5385 4.0000 3602.5571 0.4019 0.1417 -0.6152 2.9992 5.0000 8.5023 0.0055 
39.5457 4.0000 3594.9962 0.4047 0.1431 -0.6162 3.0105 5.0000 8.4163 0.0052 
39.5867 4.0000 3615.6832 0.4066 0.1438 -0.6196 3.0045 5.0000 8.5239 0.0067 
39.6018 4.0000 3622.4407 0.4063 0.1444 -0.6167 3.0065 5.0000 9.0774 0.0057 
39.5397 4.0000 3592.1529 0.4016 0.1407 -0.6229 3.0083 5.0000 8.9567 0.0069 
39.5820 4.0000 3612.7377 0.4045 0.1426 -0.6176 3.0011 6.0000 8.8496 0.0077 
39.5318 4.0000 3586.5000 0.4039 0.1411 -0.6228 3.0008 5.0000 8.4786 0.0064 
39.5016 4.0000 3584.8439 0.4062 0.1421 -0.6224 3.0018 5.0000 8.3370 0.0069 
39.5539 4.0000 3598.8358 0.4069 0.1431 -0.6235 3.0047 5.0000 8.4281 0.0056 
39.5347 4.0000 3597.1888 0.4018 0.1418 -0.6194 3.0021 6.0000 9.1448 0.0067 
39.5854 4.0000 3612.8181 0.4038 0.1427 -0.6172 3.0068 5.0000 8.9742 0.0067 
39.5407 4.0000 3604.6598 0.4067 0.1428 -0.6182 3.0017 5.0000 8.8948 0.0056 
39.5369 4.0000 3592.8578 0.4063 0.1434 -0.6237 3.0037 5.0000 8.3097 0.0055 
39.5839 4.0000 3611.7361 0.4091 0.1432 -0.6182 3.0065 5.0000 8.3954 0.0066 
39.5873 4.0000 3610.5243 0.4066 0.1424 -0.6199 3.0023 6.0000 8.4146 0.0059 
39.5429 4.0000 3600.0823 0.4040 0.1439 -0.6186 3.0062 5.0000 8.8891 0.0060 
39.5716 4.0000 3609.3011 0.4060 0.1416 -0.6208 3.0024 5.0000 8.8165 0.0060 
39.5668 4.0000 3606.3364 0.4024 0.1406 -0.6180 2.9984 5.0000 8.8472 0.0073 
39.5668 4.0000 3607.1974 0.4053 0.1410 -0.6209 3.0052 5.0000 8.2335 0.0061 
39.5173 4.0000 3589.4218 0.4038 0.1438 -0.6163 3.0029 5.0000 8.2999 0.0062 
39.5649 4.0000 3606.9921 0.4055 0.1442 -0.6121 3.0075 5.0000 8.3465 0.0062 
39.5615 4.0000 3607.0776 0.4039 0.1422 -0.6180 3.0041 5.0000 8.5317 0.0054 
39.5596 4.0000 3603.3856 0.4086 0.1426 -0.6234 2.9990 6.0000 8.3244 0.0054 
39.5930 4.0000 3618.0567 0.4074 0.1456 -0.6152 3.0054 5.0000 8.4094 0.0063 
39.5504 4.0000 3598.1327 0.4062 0.1439 -0.6155 3.0026 6.0000 8.3181 0.0064 
39.5580 4.0000 3603.7286 0.4036 0.1404 -0.6207 3.0059 5.0000 8.4417 0.0061 
39.5536 4.0000 3602.1769 0.4066 0.1429 -0.6199 2.9993 5.0000 8.4152 0.0063 
39.5659 4.0000 3607.6081 0.4049 0.1447 -0.6162 2.9976 5.0000 8.4508 0.0062 
39.5558 4.0000 3601.9861 0.4064 0.1435 -0.6226 3.0062 5.0000 8.5069 0.0073 
39.5608 4.0000 3603.9581 0.4021 0.1432 -0.6154 2.9995 6.0000 8.7523 0.0068 
39.5161 4.0000 3587.7204 0.4048 0.1449 -0.6198 3.0063 6.0000 8.5272 0.0069 
39.5363 4.0000 3595.8238 0.4063 0.1462 -0.6161 3.0079 6.0000 8.4346 0.0063 
39.5322 4.0000 3588.3474 0.3988 0.1426 -0.6173 3.0052 6.0000 8.5629 0.0062 
39.5583 4.0000 3599.3496 0.4082 0.1429 -0.6184 3.0032 5.0000 8.2815 0.0054 
39.5621 4.0000 3605.9584 0.4060 0.1435 -0.6208 3.0014 6.0000 8.4189 0.0056 
39.5936 4.0000 3615.0697 0.4045 0.1436 -0.6160 3.0080 5.0000 8.3109 0.0070 
39.5826 4.0000 3614.0999 0.4118 0.1470 -0.6178 3.0053 5.0000 8.2171 0.0069 
39.5277 4.0000 3595.0738 0.4123 0.1460 -0.6225 3.0021 5.0000 8.2102 0.0054 
39.5318 4.0000 3584.8960 0.4067 0.1421 -0.6244 3.0033 5.0000 8.3393 0.0070 
39.5902 4.0000 3619.2525 0.4084 0.1445 -0.6141 2.9987 5.0000 8.2154 0.0071 
39.5274 4.0000 3589.5170 0.4073 0.1457 -0.6234 3.0039 5.0000 8.3892 0.0063 
39.5236 4.0000 3592.7837 0.4028 0.1421 -0.6170 3.0072 5.0000 8.2519 0.0068 
39.5558 4.0000 3602.1529 0.4085 0.1432 -0.6171 2.9969 5.0000 8.7895 0.0064 
39.5363 4.0000 3598.4896 0.4071 0.1456 -0.6141 2.9969 5.0000 8.7868 0.0059 
39.5542 4.0000 3603.1964 0.4031 0.1409 -0.6167 2.9966 6.0000 8.9674 0.0063 
39.5741 4.0000 3610.0076 0.4040 0.1415 -0.6192 2.9999 6.0000 8.9579 0.0071 
39.5577 4.0000 3603.5634 0.4081 0.1436 -0.6228 3.0078 6.0000 9.1640 0.0061 
39.5271 4.0000 3595.5873 0.4055 0.1434 -0.6202 3.0013 5.0000 8.8949 0.0066 
39.5634 4.0000 3607.6138 0.4047 0.1432 -0.6237 3.0010 6.0000 9.1769 0.0069 
39.5435 4.0000 3592.0255 0.4048 0.1431 -0.6171 3.0027 6.0000 9.1826 0.0066 
39.5337 4.0000 3596.7308 0.4057 0.1449 -0.6193 3.0070 5.0000 8.9518 0.0056 
39.5445 4.0000 3594.9013 0.4065 0.1438 -0.6175 3.0078 5.0000 8.3000 0.0068 
39.5835 4.0000 3614.0580 0.4043 0.1419 -0.6158 2.9982 5.0000 8.4480 0.0078 
39.5350 4.0000 3596.8786 0.4050 0.1442 -0.6186 3.0066 5.0000 8.4126 0.0067 
39.4968 4.0000 3583.0583 0.4074 0.1448 -0.6198 3.0020 6.0000 8.8241 0.0059 
39.5416 4.0000 3599.6207 0.4035 0.1430 -0.6159 3.0025 5.0000 8.8295 0.0052 
39.5735 4.0000 3611.8105 0.4078 0.1441 -0.6198 3.0040 6.0000 8.7562 0.0059 
39.6006 4.0000 3619.6627 0.4024 0.1419 -0.6156 2.9981 5.0000 8.7933 0.0065 
39.5728 4.0000 3605.5930 0.4060 0.1431 -0.6182 3.0022 5.0000 8.9381 0.0061 
39.5501 4.0000 3604.5287 0.4076 0.1429 -0.6175 3.0049 5.0000 8.7412 0.0061 
39.5646 4.0000 3604.7963 0.4048 0.1444 -0.6166 3.0044 5.0000 6.5645 0.0061 
