39.6568 4.0000 3637.0004 0.4129 0.1404 -0.6091 3.1176 6.0000 27.3903 0.0042 
39.6501 4.0000 3634.1789 0.4132 0.1387 -0.6171 3.1139 6.0000 27.3027 0.0042 
39.6408 4.0000 3631.9124 0.4122 0.1374 -0.6176 3.1131 6.0000 27.5712 0.0042 
39.6469 4.0000 3634.9657 0.4197 0.1411 -0.6199 3.1189 6.0000 27.5883 0.0037 
39.6694 4.0000 3642.4317 0.4147 0.1397 -0.6127 3.1162 6.0000 27.8127 0.0036 
39.6574 4.0000 3637.4731 0.4155 0.1391 -0.6162 3.1166 6.0000 27.8308 0.0036 
39.6633 4.0000 3640.8369 0.4159 0.1398 -0.6150 3.1169 6.0000 27.9666 0.0036 
39.6557 4.0000 3636.2770 0.4147 0.1395 -0.6144 3.1114 6.0000 28.1085 0.0041 
39.6612 4.0000 3639.0786 0.4130 0.1398 -0.6178 3.1203 6.0000 28.2829 0.0032 
39.6438 4.0000 3632.5202 0.4130 0.1400 -0.6090 3.1188 6.0000 28.2162 0.0039 
39.6789 4.0000 3642.3789 0.4166 0.1390 -0.6182 3.1160 6.0000 28.2931 0.0032 
39.6513 4.0000 3637.6320 0.4172 0.1388 -0.6175 3.1114 6.0000 28.7590 0.0034 
39.6776 4.0000 3646.1293 0.4156 0.1390 -0.6177 3.1214 6.0000 28.4780 0.0036 
39.6702 4.0000 3644.0216 0.4149 0.1376 -0.6125 3.1133 6.0000 28.2848 0.0034 
39.6623 4.0000 3637.8253 0.4147 0.1397 -0.6134 3.1168 6.0000 28.1033 0.0029 
39.6713 4.0000 3642.3958 0.4181 0.1403 -0.6155 3.1124 6.0000 28.2125 0.0033 
39.6887 4.0000 3649.1559 0.4175 0.1416 -0.6156 3.1212 6.0000 28.5386 0.0040 
39.6751 4.0000 3642.7264 0.4143 0.1387 -0.6156 3.1194 6.0000 28.3915 0.0045 
39.6456 4.0000 3632.1780 0.4173 0.1409 -0.6169 3.1179 6.0000 28.3728 0.0037 
39.6284 4.0000 3624.0525 0.4169 0.1385 -0.6188 3.1229 6.0000 28.8121 0.0033 
39.6585 4.0000 3635.6807 0.4147 0.1406 -0.6098 3.1196 6.0000 28.6339 0.0044 
39.6757 4.0000 3646.1469 0.4154 0.1402 -0.6140 3.1192 6.0000 28.9751 0.0033 
39.6305 4.0000 3628.4493 0.4157 0.1380 -0.6186 3.1152 6.0000 28.7471 0.0038 
39.6736 4.0000 3640.9374 0.4131 0.1396 -0.6136 3.1220 6.0000 28.8138 0.0032 
39.6553 4.0000 3637.8863 0.4176 0.1412 -0.6150 3.1230 6.0000 28.8098 0.0036 
39.6791 4.0000 3642.6078 0.4172 0.1423 -0.6145 3.1176 6.0000 28.6619 0.0027 
39.6646 4.0000 3641.3623 0.4113 0.1386 -0.6098 3.1107 6.0000 28.5742 0.0039 
39.6976 4.0000 3653.4872 0.4193 0.1388 -0.6217 3.1125 6.0000 28.5643 0.0037 
39.6517 4.0000 3630.7148 0.4140 0.1400 -0.6141 3.1232 6.0000 28.6995 0.0037 
39.6606 4.0000 3638.0511 0.4166 0.1398 -0.6197 3.1153 6.0000 28.7000 0.0040 
39.6580 4.0000 3637.1303 0.4164 0.1406 -0.6151 3.1143 6.0000 28.8080 0.0041 
39.6463 4.0000 3635.3012 0.4164 0.1395 -0.6179 3.1182 6.0000 28.9543 0.0040 
39.6438 4.0000 3632.3766 0.4153 0.1386 -0.6173 3.1108 6.0000 29.0746 0.0033 
39.6467 4.0000 3636.1726 0.4140 0.1400 -0.6147 3.1150 6.0000 30.2040 0.0039 
39.6730 4.0000 3644.9369 0.4159 0.1391 -0.6170 3.1108 6.0000 30.2079 0.0039 
39.6513 4.0000 3635.7274 0.4204 0.1426 -0.6159 3.1169 6.0000 30.5112 0.0040 
39.6507 4.0000 3633.8922 0.4169 0.1423 -0.6150 3.1173 6.0000 28.7963 0.0032 
39.6469 4.0000 3633.6667 0.4162 0.1406 -0.6173 3.1180 6.0000 29.0057 0.0037 
39.6770 4.0000 3644.8525 0.4150 0.1388 -0.6201 3.1170 6.0000 29.0899 0.0039 
39.6580 4.0000 3637.5513 0.4145 0.1392 -0.6161 3.1157 6.0000 30.4894 0.0041 
39.6522 4.0000 3633.2255 0.4175 0.1394 -0.6199 3.1175 6.0000 30.3601 0.0041 
39.6444 4.0000 3633.0502 0.4180 0.1417 -0.6152 3.1273 6.0000 30.6450 0.0035 
39.6450 4.0000 3635.1421 0.4157 0.1410 -0.6100 3.1136 6.0000 29.2798 0.0036 
39.6656 4.0000 3640.7577 0.4165 0.1388 -0.6158 3.1179 6.0000 29.0475 0.0036 
39.6633 4.0000 3637.7774 0.4152 0.1402 -0.6130 3.1153 6.0000 29.0064 0.0040 
39.6625 4.0000 3638.0053 0.4137 0.1389 -0.6151 3.1201 6.0000 30.3790 0.0034 
39.6454 4.0000 3633.3632 0.4138 0.1400 -0.6140 3.1211 6.0000 30.4175 0.0043 
39.6707 4.0000 3643.9056 0.4109 0.1371 -0.6110 3.1114 6.0000 30.6133 0.0036 
39.6354 4.0000 3627.4132 0.4147 0.1425 -0.6088 3.1233 6.0000 29.3498 0.0039 
39.6629 4.0000 3638.7213 0.4171 0.1428 -0.6123 3.1225 6.0000 28.6749 0.0039 
39.6503 4.0000 3636.7089 0.4146 0.1402 -0.6122 3.1197 6.0000 29.4639 0.0045 
39.6961 4.0000 3651.0740 0.4170 0.1405 -0.6157 3.1180 6.0000 29.2116 0.0041 
39.6282 4.0000 3627.3300 0.4180 0.1420 -0.6146 3.1172 6.0000 29.1061 0.0041 
39.6431 4.0000 3635.0488 0.4126 0.1397 -0.6133 3.1146 6.0000 29.0983 0.0039 
39.6480 4.0000 3632.1627 0.4149 0.1411 -0.6168 3.1234 6.0000 29.3920 0.0037 
39.6524 4.0000 3635.2375 0.4159 0.1411 -0.6170 3.1173 6.0000 29.2861 0.0037 
39.6576 4.0000 3638.3905 0.4178 0.1390 -0.6199 3.1148 6.0000 29.3330 0.0043 
39.6644 4.0000 3639.6469 0.4187 0.1401 -0.6193 3.1177 6.0000 29.2135 0.0036 
39.6360 4.0000 3629.4889 0.4157 0.1397 -0.6151 3.1189 6.0000 28.9227 0.0039 
39.6496 4.0000 3634.2484 0.4166 0.1397 -0.6193 3.1159 6.0000 28.9923 0.0031 
39.6627 4.0000 3640.0336 0.4176 0.1417 -0.6156 3.1184 6.0000 30.5088 0.0036 
39.6831 4.0000 3646.8781 0.4140 0.1392 -0.6142 3.1200 6.0000 30.9894 0.0035 
39.6625 4.0000 3635.9765 0.4156 0.1400 -0.6195 3.1204 6.0000 30.9341 0.0042 
39.6667 4.0000 3640.4441 0.4145 0.1397 -0.6144 3.1183 6.0000 28.6251 0.0035 
39.6400 4.0000 3630.7743 0.4174 0.1404 -0.6196 3.1182 6.0000 29.1242 0.0044 
39.6679 4.0000 3639.1442 0.4157 0.1411 -0.6165 3.1184 6.0000 29.5809 0.0032 
39.6328 4.0000 3629.7472 0.4166 0.1422 -0.6124 3.1205 6.0000 30.4770 0.0042 
39.6778 4.0000 3645.7539 0.4145 0.1412 -0.6133 3.1160 6.0000 31.0707 0.0041 
39.6408 4.0000 3632.4672 0.4142 0.1400 -0.6113 3.1165 6.0000 30.4441 0.0031 
39.6431 4.0000 3630.2129 0.4144 0.1398 -0.6168 3.1218 6.0000 29.2561 0.0034 
39.6841 4.0000 3645.3104 0.4166 0.1398 -0.6158 3.1147 6.0000 29.2058 0.0036 
39.6717 4.0000 3642.5687 0.4180 0.1406 -0.6150 3.1184 6.0000 29.3772 0.0031 
39.6616 4.0000 3638.5889 0.4172 0.1392 -0.6227 3.1172 6.0000 30.7268 0.0033 
39.6810 4.0000 3644.6049 0.4170 0.1393 -0.6183 3.1192 6.0000 30.6843 0.0034 
39.6732 4.0000 3642.5832 0.4165 0.1390 -0.6177 3.1129 6.0000 31.1893 0.0033 
39.6723 4.0000 3643.8195 0.4136 0.1383 -0.6168 3.1216 6.0000 30.7005 0.0040 
39.6730 4.0000 3644.6263 0.4158 0.1388 -0.6157 3.1190 6.0000 31.2186 0.0037 
39.6459 4.0000 3634.2375 0.4149 0.1398 -0.6146 3.1172 6.0000 30.9279 0.0035 
39.6580 4.0000 3637.0092 0.4194 0.1414 -0.6174 3.1198 6.0000 29.0672 0.0039 
39.6660 4.0000 3640.2856 0.4133 0.1384 -0.6149 3.1163 6.0000 29.0828 0.0040 
39.6492 4.0000 3634.0387 0.4162 0.1376 -0.6212 3.1115 6.0000 29.3162 0.0035 
39.6461 4.0000 3634.3121 0.4162 0.1407 -0.6173 3.1178 6.0000 29.3559 0.0040 
39.6671 4.0000 3641.0799 0.4171 0.1392 -0.6205 3.1137 6.0000 29.4267 0.0043 
39.6461 4.0000 3634.7875 0.4201 0.1430 -0.6168 3.1180 6.0000 29.4977 0.0043 
39.6372 4.0000 3627.7001 0.4166 0.1405 -0.6164 3.1170 6.0000 29.6750 0.0040 
39.6362 4.0000 3631.1917 0.4164 0.1395 -0.6172 3.1171 6.0000 29.2802 0.0038 
39.6467 4.0000 3632.5847 0.4147 0.1379 -0.6160 3.1171 6.0000 29.5027 0.0040 
39.6547 4.0000 3637.1246 0.4149 0.1404 -0.6152 3.1215 6.0000 30.8801 0.0035 
39.6459 4.0000 3634.2905 0.4185 0.1425 -0.6148 3.1228 6.0000 30.5735 0.0033 
39.6671 4.0000 3638.8407 0.4147 0.1394 -0.6205 3.1244 6.0000 30.9503 0.0040 
39.6753 4.0000 3644.4983 0.4154 0.1396 -0.6168 3.1173 6.0000 29.1856 0.0037 
39.6484 4.0000 3633.8810 0.4164 0.1412 -0.6122 3.1182 6.0000 29.9582 0.0046 
39.6583 4.0000 3637.2713 0.4178 0.1410 -0.6176 3.1229 6.0000 29.5505 0.0039 
39.6221 4.0000 3623.0881 0.4189 0.1422 -0.6187 3.1170 6.0000 29.3817 0.0044 
39.6499 4.0000 3632.4538 0.4144 0.1386 -0.6178 3.1159 6.0000 29.4775 0.0040 
39.6301 4.0000 3624.8203 0.4147 0.1393 -0.6181 3.1188 6.0000 29.4420 0.0045 
39.6480 4.0000 3635.2863 0.4170 0.1418 -0.6168 3.1233 6.0000 29.2164 0.0040 
39.6257 4.0000 3626.0708 0.4156 0.1400 -0.6171 3.1215 6.0000 29.1667 0.0039 
39.6490 4.0000 3634.2858 0.4180 0.1416 -0.6158 3.1227 6.0000 28.8968 0.0039 
39.6513 4.0000 3634.6583 0.4154 0.1391 -0.6158 3.1168 6.0000 19.0696 0.0039 
