39.6880 16.5000 3647.7503 0.3982 0.1313 -0.6081 3.1281 6.0000 27.8191 0.0027 
39.6624 16.5000 3639.6005 0.3974 0.1285 -0.6095 3.1218 6.0000 28.0865 0.0037 
39.6999 16.5000 3654.8637 0.3968 0.1284 -0.6116 3.1263 6.0000 27.6508 0.0027 
39.6584 16.5000 3634.0328 0.3988 0.1301 -0.6107 3.1248 6.0000 28.0029 0.0029 
39.6882 16.5000 3648.2452 0.3938 0.1265 -0.6054 3.1238 6.0000 28.0298 0.0029 
39.6896 16.5000 3648.3387 0.3957 0.1290 -0.6016 3.1307 6.0000 28.3757 0.0029 
39.6834 16.5000 3644.2301 0.3958 0.1306 -0.6039 3.1236 6.0000 28.6125 0.0034 
39.6911 16.5000 3648.6266 0.4002 0.1320 -0.6095 3.1337 6.0000 28.4861 0.0034 
39.6721 16.5000 3642.7834 0.3975 0.1307 -0.6085 3.1310 6.0000 28.4110 0.0029 
39.6768 16.5000 3641.5037 0.3983 0.1311 -0.6071 3.1285 6.0000 28.7636 0.0029 
39.6913 16.5000 3647.1411 0.3976 0.1301 -0.6079 3.1271 6.0000 28.6625 0.0029 
39.6908 16.5000 3651.3862 0.3995 0.1327 -0.6071 3.1337 6.0000 28.2994 0.0029 
39.6865 16.5000 3647.5695 0.4000 0.1298 -0.6118 3.1283 6.0000 28.7375 0.0031 
39.6807 16.5000 3644.7023 0.3955 0.1293 -0.6064 3.1313 6.0000 29.0141 0.0037 
39.6824 16.5000 3645.1010 0.3951 0.1291 -0.6080 3.1295 6.0000 28.7749 0.0031 
39.6580 16.5000 3638.7560 0.4000 0.1304 -0.6113 3.1238 6.0000 28.4675 0.0038 
39.6896 16.5000 3648.6105 0.3967 0.1291 -0.6058 3.1253 6.0000 28.9725 0.0032 
39.6562 16.5000 3636.7993 0.4002 0.1316 -0.6057 3.1292 6.0000 28.7416 0.0032 
39.6787 16.5000 3643.1539 0.3974 0.1301 -0.6057 3.1319 6.0000 28.2264 0.0030 
39.6778 16.5000 3644.5698 0.3992 0.1291 -0.6087 3.1215 6.0000 28.9320 0.0030 
39.6877 16.5000 3646.1948 0.3960 0.1297 -0.6083 3.1308 6.0000 29.1660 0.0039 
39.6886 16.5000 3647.2816 0.4009 0.1307 -0.6164 3.1315 6.0000 28.6643 0.0036 
39.6520 16.5000 3634.7151 0.3948 0.1287 -0.6071 3.1315 6.0000 28.6534 0.0035 
39.6626 16.5000 3640.1758 0.3956 0.1284 -0.6069 3.1249 6.0000 29.0537 0.0031 
39.6683 16.5000 3640.7917 0.3992 0.1304 -0.6113 3.1292 6.0000 28.5544 0.0033 
39.6836 16.5000 3646.4103 0.3977 0.1299 -0.6075 3.1276 6.0000 28.8239 0.0028 
39.6729 16.5000 3644.2642 0.3964 0.1310 -0.6069 3.1266 6.0000 29.0852 0.0029 
39.6941 16.5000 3649.4589 0.3931 0.1281 -0.6053 3.1263 6.0000 28.6936 0.0036 
39.6892 16.5000 3648.4996 0.3959 0.1293 -0.6099 3.1259 6.0000 28.8976 0.0031 
39.6622 16.5000 3639.6574 0.3992 0.1304 -0.6093 3.1319 6.0000 29.0878 0.0035 
39.6834 16.5000 3644.1236 0.3998 0.1304 -0.6093 3.1304 6.0000 28.9401 0.0038 
39.6677 16.5000 3641.5491 0.3990 0.1309 -0.6053 3.1277 6.0000 28.9489 0.0032 
39.6535 16.5000 3633.6570 0.3984 0.1315 -0.6082 3.1267 6.0000 29.2010 0.0032 
39.6791 16.5000 3644.9260 0.3958 0.1298 -0.6025 3.1269 6.0000 29.3534 0.0036 
39.6791 16.5000 3644.2530 0.3987 0.1293 -0.6060 3.1281 6.0000 29.1100 0.0032 
39.6626 16.5000 3642.2780 0.3976 0.1310 -0.6065 3.1274 6.0000 29.1943 0.0030 
39.6776 16.5000 3644.4745 0.3990 0.1310 -0.6061 3.1278 6.0000 29.5033 0.0029 
39.6859 16.5000 3646.1513 0.4005 0.1338 -0.6093 3.1341 6.0000 28.8228 0.0028 
39.6908 16.5000 3648.4297 0.3985 0.1304 -0.6073 3.1293 6.0000 29.0906 0.0031 
39.6956 16.5000 3650.5585 0.3986 0.1316 -0.6077 3.1314 6.0000 29.2921 0.0029 
39.6824 16.5000 3647.2901 0.3941 0.1294 -0.6042 3.1261 6.0000 28.8728 0.0032 
39.6909 16.5000 3648.0060 0.3993 0.1289 -0.6127 3.1329 6.0000 29.4773 0.0034 
39.6776 16.5000 3644.7923 0.3963 0.1299 -0.6012 3.1272 6.0000 29.5313 0.0030 
39.6692 16.5000 3639.5813 0.3986 0.1315 -0.6111 3.1292 6.0000 28.9267 0.0030 
39.6886 16.5000 3649.3313 0.3933 0.1267 -0.6058 3.1243 6.0000 29.4656 0.0038 
39.7074 16.5000 3654.6571 0.3956 0.1298 -0.6063 3.1256 6.0000 30.1633 0.0029 
39.6560 16.5000 3636.4660 0.3934 0.1285 -0.6075 3.1253 6.0000 30.5987 0.0031 
39.6894 16.5000 3648.8686 0.3956 0.1286 -0.6077 3.1285 6.0000 30.6141 0.0038 
39.6814 16.5000 3643.5862 0.3959 0.1320 -0.6050 3.1352 6.0000 33.2814 0.0032 
39.6570 16.5000 3638.5607 0.3979 0.1309 -0.6105 3.1296 6.0000 32.9494 0.0035 
39.6781 16.5000 3644.3096 0.3973 0.1309 -0.6079 3.1272 6.0000 33.2766 0.0031 
39.6684 16.5000 3639.6178 0.3988 0.1297 -0.6088 3.1251 6.0000 29.4359 0.0035 
39.6828 16.5000 3645.4987 0.3977 0.1275 -0.6095 3.1267 6.0000 29.2893 0.0035 
39.6667 16.5000 3639.6021 0.3998 0.1298 -0.6127 3.1316 6.0000 29.3918 0.0029 
39.6539 16.5000 3637.6768 0.3950 0.1288 -0.6063 3.1268 6.0000 28.9674 0.0033 
39.6925 16.5000 3651.7166 0.3959 0.1280 -0.6097 3.1260 6.0000 28.8717 0.0033 
39.6750 16.5000 3642.5550 0.3976 0.1297 -0.6053 3.1236 6.0000 28.9163 0.0032 
39.6708 16.5000 3642.8936 0.3950 0.1286 -0.6059 3.1270 6.0000 29.1765 0.0033 
39.6801 16.5000 3646.0338 0.3974 0.1297 -0.6079 3.1242 6.0000 29.3736 0.0033 
39.6758 16.5000 3644.5871 0.3955 0.1289 -0.6053 3.1270 6.0000 28.9415 0.0029 
39.6667 16.5000 3640.6004 0.3984 0.1305 -0.6062 3.1279 6.0000 29.1072 0.0033 
39.6892 16.5000 3649.1052 0.3988 0.1310 -0.6104 3.1267 6.0000 28.9728 0.0033 
39.6743 16.5000 3642.5975 0.3962 0.1294 -0.6077 3.1264 6.0000 29.0279 0.0019 
39.6824 16.5000 3647.0971 0.3988 0.1314 -0.6092 3.1265 6.0000 29.0404 0.0030 
39.7299 16.5000 3662.4049 0.3939 0.1272 -0.6054 3.1255 6.0000 29.2699 0.0031 
39.6869 16.5000 3646.0805 0.3977 0.1301 -0.6092 3.1288 6.0000 28.6393 0.0035 
39.6814 16.5000 3646.9318 0.3970 0.1295 -0.6120 3.1270 6.0000 29.4503 0.0030 
39.6679 16.5000 3640.5826 0.3974 0.1280 -0.6083 3.1288 6.0000 29.4139 0.0026 
39.6882 16.5000 3647.6904 0.3981 0.1299 -0.6108 3.1301 6.0000 29.1340 0.0022 
39.7010 16.5000 3652.4078 0.4004 0.1297 -0.6099 3.1285 6.0000 29.1205 0.0033 
39.7179 16.5000 3660.3366 0.3973 0.1295 -0.6072 3.1285 6.0000 28.9624 0.0033 
39.6743 16.5000 3642.9157 0.3994 0.1314 -0.6068 3.1318 6.0000 28.8607 0.0031 
39.6568 16.5000 3635.9769 0.3991 0.1305 -0.6127 3.1280 6.0000 28.9684 0.0027 
39.6832 16.5000 3648.7842 0.3994 0.1303 -0.6101 3.1276 6.0000 29.1255 0.0032 
39.6987 16.5000 3652.1688 0.3969 0.1293 -0.6103 3.1281 6.0000 28.8962 0.0032 
39.6774 16.5000 3643.8611 0.3999 0.1295 -0.6133 3.1281 6.0000 29.3831 0.0039 
39.6772 16.5000 3642.0879 0.3957 0.1278 -0.6097 3.1219 6.0000 29.1280 0.0039 
39.6525 16.5000 3636.6439 0.3966 0.1327 -0.6017 3.1277 6.0000 29.0203 0.0034 
39.6609 16.5000 3638.6666 0.3947 0.1302 -0.6032 3.1361 6.0000 29.5543 0.0026 
39.6692 16.5000 3640.7475 0.3942 0.1299 -0.6050 3.1315 6.0000 29.9803 0.0029 
39.7030 16.5000 3653.4042 0.3965 0.1293 -0.6079 3.1301 6.0000 29.1287 0.0032 
39.6919 16.5000 3650.8783 0.3965 0.1297 -0.6031 3.1306 6.0000 29.0763 0.0034 
39.6799 16.5000 3644.2555 0.4007 0.1317 -0.6099 3.1320 6.0000 29.6687 0.0030 
39.6690 16.5000 3642.1403 0.3987 0.1322 -0.6100 3.1311 6.0000 29.2225 0.0030 
39.6855 16.5000 3645.5352 0.3991 0.1303 -0.6059 3.1214 6.0000 29.3197 0.0035 
39.6801 16.5000 3646.6228 0.3983 0.1312 -0.6056 3.1321 6.0000 29.6651 0.0030 
39.6665 16.5000 3642.6278 0.3981 0.1295 -0.6109 3.1291 6.0000 29.3715 0.0030 
39.6880 16.5000 3649.0212 0.3975 0.1306 -0.6077 3.1251 6.0000 29.4865 0.0036 
39.6789 16.5000 3643.0397 0.3982 0.1290 -0.6083 3.1299 6.0000 29.3884 0.0036 
39.6628 16.5000 3638.5265 0.3954 0.1301 -0.6050 3.1269 6.0000 30.0336 0.0038 
39.6615 16.5000 3638.2747 0.3979 0.1314 -0.6042 3.1257 6.0000 29.2785 0.0031 
39.6535 16.5000 3634.1696 0.3956 0.1297 -0.6073 3.1336 6.0000 29.0058 0.0032 
39.6814 16.5000 3644.7362 0.3966 0.1298 -0.6094 3.1299 6.0000 29.6003 0.0032 
39.6776 16.5000 3645.1828 0.3953 0.1270 -0.6068 3.1230 6.0000 30.7483 0.0036 
39.6789 16.5000 3643.7998 0.3962 0.1300 -0.6079 3.1342 6.0000 30.5588 0.0034 
39.6617 16.5000 3638.1001 0.4010 0.1321 -0.6094 3.1261 6.0000 30.8564 0.0028 
39.6706 16.5000 3640.4121 0.3960 0.1275 -0.6123 3.1245 6.0000 29.3286 0.0030 
39.6937 16.5000 3650.4864 0.3959 0.1286 -0.6064 3.1293 6.0000 29.0141 0.0036 
39.6882 16.5000 3649.0405 0.3979 0.1294 -0.6086 3.1262 6.0000 28.9724 0.0036 
39.6640 16.5000 3638.0489 0.3970 0.1303 -0.6089 3.1311 6.0000 18.5475 0.0036 
