39.7636 4.0000 3670.3888 0.1256 0.0399 -0.3330 3.0213 5.0000 34.1043 0.0011 
39.7640 4.0000 3669.3475 0.1248 0.0401 -0.3323 3.0237 6.0000 33.5081 0.0011 
39.7591 4.0000 3669.5280 0.1254 0.0399 -0.3321 3.0204 6.0000 33.6825 0.0011 
39.7721 4.0000 3674.6064 0.1274 0.0399 -0.3347 3.0224 6.0000 33.9229 0.0013 
39.7532 4.0000 3665.9314 0.1247 0.0399 -0.3315 3.0199 6.0000 34.6357 0.0010 
39.7554 4.0000 3666.7370 0.1270 0.0400 -0.3354 3.0212 6.0000 34.0525 0.0010 
39.7649 4.0000 3670.1983 0.1262 0.0396 -0.3331 3.0222 6.0000 33.7675 0.0011 
39.7536 4.0000 3665.4970 0.1258 0.0399 -0.3323 3.0232 6.0000 34.1953 0.0009 
39.7611 4.0000 3669.4419 0.1241 0.0397 -0.3292 3.0204 6.0000 34.6799 0.0014 
39.7719 4.0000 3674.2403 0.1257 0.0396 -0.3306 3.0191 6.0000 34.5006 0.0012 
39.7510 4.0000 3665.2771 0.1263 0.0394 -0.3349 3.0199 6.0000 35.0187 0.0009 
39.7570 4.0000 3666.5858 0.1228 0.0399 -0.3270 3.0212 6.0000 35.1103 0.0011 
39.7700 4.0000 3672.6876 0.1244 0.0393 -0.3300 3.0223 6.0000 34.3703 0.0014 
39.7636 4.0000 3669.9642 0.1261 0.0394 -0.3345 3.0215 6.0000 34.7386 0.0011 
39.7492 4.0000 3662.6410 0.1263 0.0397 -0.3322 3.0216 6.0000 34.6912 0.0013 
39.7618 4.0000 3670.0097 0.1245 0.0395 -0.3282 3.0216 6.0000 34.4055 0.0010 
39.7527 4.0000 3665.2360 0.1260 0.0397 -0.3303 3.0214 6.0000 34.7980 0.0011 
39.7660 4.0000 3672.8323 0.1256 0.0397 -0.3290 3.0231 6.0000 35.3120 0.0012 
39.7640 4.0000 3670.1985 0.1255 0.0396 -0.3333 3.0214 6.0000 34.3758 0.0012 
39.7595 4.0000 3668.1771 0.1255 0.0391 -0.3328 3.0204 6.0000 34.9486 0.0010 
39.7563 4.0000 3667.5186 0.1265 0.0398 -0.3304 3.0216 6.0000 34.8479 0.0010 
39.7660 4.0000 3672.6271 0.1261 0.0397 -0.3309 3.0241 6.0000 34.4290 0.0011 
39.7651 4.0000 3672.0823 0.1240 0.0397 -0.3286 3.0231 6.0000 34.9566 0.0013 
39.7627 4.0000 3669.9586 0.1286 0.0395 -0.3379 3.0235 6.0000 34.8459 0.0008 
39.7528 4.0000 3663.6833 0.1272 0.0395 -0.3365 3.0211 6.0000 34.4328 0.0011 
39.7759 4.0000 3675.5385 0.1268 0.0396 -0.3328 3.0201 6.0000 34.7890 0.0014 
39.7608 4.0000 3668.7237 0.1256 0.0396 -0.3333 3.0212 6.0000 34.7038 0.0014 
39.7507 4.0000 3664.0148 0.1246 0.0397 -0.3301 3.0232 6.0000 35.3438 0.0011 
39.7510 4.0000 3663.4376 0.1237 0.0396 -0.3282 3.0226 6.0000 35.9505 0.0013 
39.7618 4.0000 3669.4221 0.1259 0.0394 -0.3356 3.0199 6.0000 35.7239 0.0009 
39.7555 4.0000 3666.7635 0.1255 0.0395 -0.3321 3.0229 6.0000 34.9392 0.0011 
39.7701 4.0000 3672.0908 0.1264 0.0396 -0.3328 3.0233 6.0000 34.7857 0.0011 
39.7638 4.0000 3669.9517 0.1244 0.0394 -0.3327 3.0201 6.0000 35.0345 0.0012 
39.7631 4.0000 3670.2639 0.1225 0.0394 -0.3288 3.0211 6.0000 34.6029 0.0012 
39.7584 4.0000 3668.5902 0.1242 0.0394 -0.3279 3.0209 6.0000 34.7264 0.0011 
39.7573 4.0000 3669.4111 0.1252 0.0392 -0.3305 3.0203 6.0000 35.1235 0.0010 
39.7604 4.0000 3667.8319 0.1272 0.0397 -0.3348 3.0213 6.0000 34.3179 0.0012 
39.7672 4.0000 3672.9660 0.1248 0.0394 -0.3326 3.0211 6.0000 34.9066 0.0013 
39.7600 4.0000 3670.2349 0.1263 0.0398 -0.3335 3.0217 6.0000 34.5202 0.0011 
39.7546 4.0000 3666.6768 0.1233 0.0394 -0.3291 3.0226 6.0000 34.2156 0.0011 
39.7629 4.0000 3669.8995 0.1244 0.0394 -0.3307 3.0210 6.0000 34.9430 0.0011 
39.7635 4.0000 3670.5291 0.1248 0.0393 -0.3310 3.0193 6.0000 34.4325 0.0011 
39.7620 4.0000 3668.2812 0.1262 0.0392 -0.3341 3.0221 6.0000 34.2687 0.0011 
39.7595 4.0000 3668.1121 0.1249 0.0393 -0.3302 3.0212 6.0000 34.9962 0.0011 
39.7617 4.0000 3667.5345 0.1224 0.0394 -0.3251 3.0210 6.0000 34.7876 0.0011 
39.7636 4.0000 3668.8995 0.1261 0.0397 -0.3318 3.0209 6.0000 34.1133 0.0013 
39.7582 4.0000 3668.7173 0.1252 0.0394 -0.3319 3.0206 6.0000 35.4146 0.0010 
39.7532 4.0000 3665.9798 0.1245 0.0394 -0.3284 3.0222 6.0000 34.9183 0.0010 
39.7680 4.0000 3672.3740 0.1257 0.0398 -0.3314 3.0192 6.0000 34.7326 0.0011 
39.7602 4.0000 3668.6138 0.1232 0.0397 -0.3283 3.0206 6.0000 35.4620 0.0011 
39.7631 4.0000 3669.9813 0.1219 0.0397 -0.3230 3.0199 6.0000 36.0102 0.0014 
39.7626 4.0000 3669.9054 0.1256 0.0396 -0.3311 3.0199 6.0000 34.6553 0.0010 
39.7512 4.0000 3665.0895 0.1251 0.0393 -0.3305 3.0214 6.0000 35.3228 0.0011 
39.7645 4.0000 3671.1693 0.1259 0.0394 -0.3326 3.0211 6.0000 35.7108 0.0011 
39.7636 4.0000 3670.2099 0.1266 0.0395 -0.3331 3.0214 6.0000 35.1852 0.0012 
39.7608 4.0000 3668.5412 0.1250 0.0396 -0.3282 3.0223 6.0000 35.6007 0.0012 
39.7599 4.0000 3669.1582 0.1244 0.0396 -0.3317 3.0212 6.0000 35.4930 0.0010 
39.7586 4.0000 3667.9868 0.1253 0.0394 -0.3310 3.0197 6.0000 34.4515 0.0011 
39.7672 4.0000 3671.4194 0.1273 0.0402 -0.3337 3.0226 6.0000 35.2769 0.0012 
39.7626 4.0000 3670.1594 0.1249 0.0396 -0.3322 3.0224 6.0000 34.6235 0.0012 
39.7597 4.0000 3668.5639 0.1271 0.0398 -0.3335 3.0207 6.0000 34.4014 0.0013 
39.7588 4.0000 3667.3383 0.1253 0.0394 -0.3314 3.0188 6.0000 35.6576 0.0014 
39.7548 4.0000 3666.4098 0.1252 0.0396 -0.3311 3.0206 6.0000 35.1067 0.0014 
39.7485 4.0000 3662.1872 0.1257 0.0397 -0.3323 3.0219 6.0000 34.1944 0.0012 
39.7557 4.0000 3664.6738 0.1256 0.0389 -0.3327 3.0195 6.0000 35.0850 0.0013 
39.7595 4.0000 3670.3803 0.1243 0.0395 -0.3309 3.0207 6.0000 35.4373 0.0013 
39.7525 4.0000 3665.1456 0.1259 0.0394 -0.3325 3.0219 6.0000 34.4308 0.0010 
39.7654 4.0000 3671.0483 0.1251 0.0396 -0.3309 3.0225 6.0000 34.5849 0.0011 
39.7644 4.0000 3670.2299 0.1250 0.0397 -0.3304 3.0206 6.0000 35.3950 0.0013 
39.7604 4.0000 3669.0834 0.1252 0.0395 -0.3297 3.0194 6.0000 34.6308 0.0012 
39.7548 4.0000 3665.7525 0.1257 0.0393 -0.3318 3.0198 6.0000 34.7844 0.0012 
39.7586 4.0000 3667.7653 0.1235 0.0396 -0.3294 3.0208 6.0000 35.0824 0.0012 
39.7586 4.0000 3668.5601 0.1251 0.0398 -0.3303 3.0217 6.0000 35.1801 0.0011 
39.7595 4.0000 3667.4635 0.1262 0.0395 -0.3346 3.0224 6.0000 34.8239 0.0011 
39.7606 4.0000 3670.5947 0.1234 0.0397 -0.3265 3.0213 6.0000 35.3541 0.0012 
39.7629 4.0000 3670.1137 0.1255 0.0397 -0.3331 3.0219 6.0000 34.7304 0.0013 
39.7599 4.0000 3668.5023 0.1265 0.0396 -0.3318 3.0226 6.0000 34.5755 0.0011 
39.7557 4.0000 3666.4632 0.1253 0.0398 -0.3322 3.0221 6.0000 34.9845 0.0012 
39.7622 4.0000 3669.5208 0.1251 0.0395 -0.3323 3.0236 6.0000 34.7875 0.0013 
39.7590 4.0000 3667.1479 0.1259 0.0394 -0.3336 3.0207 6.0000 34.7362 0.0013 
39.7559 4.0000 3665.9874 0.1262 0.0396 -0.3309 3.0216 6.0000 34.7471 0.0010 
39.7557 4.0000 3666.4232 0.1255 0.0397 -0.3333 3.0218 6.0000 34.8138 0.0010 
39.7672 4.0000 3672.7247 0.1272 0.0395 -0.3343 3.0204 6.0000 35.2866 0.0010 
39.7653 4.0000 3671.7833 0.1254 0.0396 -0.3310 3.0237 6.0000 34.9878 0.0012 
39.7669 4.0000 3669.8393 0.1248 0.0397 -0.3289 3.0201 6.0000 37.7772 0.0012 
39.7572 4.0000 3668.1243 0.1253 0.0392 -0.3307 3.0209 6.0000 39.0806 0.0012 
39.7581 4.0000 3667.7701 0.1253 0.0393 -0.3300 3.0214 6.0000 38.7276 0.0013 
39.7581 4.0000 3667.7802 0.1257 0.0395 -0.3323 3.0212 6.0000 35.8706 0.0013 
39.7534 4.0000 3664.4068 0.1245 0.0398 -0.3315 3.0220 6.0000 36.2704 0.0014 
39.7555 4.0000 3664.3978 0.1246 0.0394 -0.3304 3.0216 6.0000 36.4716 0.0013 
39.7503 4.0000 3663.6215 0.1234 0.0399 -0.3286 3.0206 6.0000 36.0042 0.0011 
39.7530 4.0000 3665.1403 0.1264 0.0396 -0.3335 3.0213 6.0000 36.7391 0.0011 
39.7617 4.0000 3668.7211 0.1245 0.0395 -0.3328 3.0217 6.0000 35.9196 0.0011 
39.7606 4.0000 3668.6275 0.1266 0.0395 -0.3336 3.0223 6.0000 36.1064 0.0011 
39.7602 4.0000 3669.5887 0.1262 0.0395 -0.3316 3.0218 6.0000 38.4032 0.0010 
39.7609 4.0000 3667.5875 0.1278 0.0395 -0.3343 3.0209 6.0000 37.5865 0.0010 
39.7672 4.0000 3671.9483 0.1265 0.0402 -0.3330 3.0226 6.0000 38.8800 0.0012 
39.7667 4.0000 3671.6240 0.1263 0.0395 -0.3323 3.0234 5.0000 38.1810 0.0013 
39.7582 4.0000 3666.9285 0.1216 0.0398 -0.3242 3.0204 6.0000 37.9933 0.0013 
39.7548 4.0000 3667.8307 0.1260 0.0396 -0.3340 3.0211 6.0000 29.6719 0.0013 
