39.5432 4.0000 3601.3364 0.4911 0.1890 -0.6388 3.0531 6.0000 7.5881 0.0079 
39.4934 4.0000 3586.0032 0.4909 0.1885 -0.6352 3.0558 5.0000 7.7751 0.0061 
39.5306 4.0000 3585.3026 0.4962 0.1875 -0.6441 3.0501 6.0000 7.6026 0.0079 
39.5224 4.0000 3593.6419 0.4920 0.1863 -0.6395 3.0504 6.0000 7.5613 0.0070 
39.5653 4.0000 3616.6929 0.4971 0.1894 -0.6393 3.0470 6.0000 7.7982 0.0079 
39.5281 4.0000 3592.1327 0.4923 0.1878 -0.6322 3.0575 5.0000 8.0702 0.0068 
39.4946 4.0000 3583.4694 0.4937 0.1916 -0.6368 3.0573 5.0000 7.8841 0.0073 
39.5366 4.0000 3597.3452 0.4957 0.1862 -0.6460 3.0476 6.0000 7.7858 0.0063 
39.5158 4.0000 3594.9606 0.4900 0.1876 -0.6348 3.0539 5.0000 8.0735 0.0071 
39.5571 4.0000 3610.3030 0.4921 0.1868 -0.6352 3.0472 5.0000 7.9941 0.0074 
39.5252 4.0000 3589.6324 0.4897 0.1877 -0.6433 3.0582 6.0000 7.9948 0.0061 
39.5139 4.0000 3593.4436 0.4932 0.1877 -0.6456 3.0497 6.0000 8.0020 0.0073 
39.5646 4.0000 3607.5107 0.4852 0.1862 -0.6371 3.0442 6.0000 8.1975 0.0074 
39.5186 4.0000 3593.0873 0.4944 0.1932 -0.6303 3.0541 6.0000 8.2464 0.0072 
39.5123 4.0000 3591.6469 0.4947 0.1847 -0.6508 3.0487 5.0000 8.2886 0.0067 
39.5195 4.0000 3590.4483 0.4945 0.1899 -0.6472 3.0502 6.0000 8.5688 0.0080 
39.5397 4.0000 3595.2815 0.4941 0.1876 -0.6405 3.0529 5.0000 8.5278 0.0079 
39.4899 4.0000 3581.4051 0.4910 0.1865 -0.6402 3.0462 6.0000 8.6400 0.0071 
39.4940 4.0000 3580.4675 0.4912 0.1863 -0.6415 3.0567 6.0000 8.0916 0.0069 
39.5259 4.0000 3599.9149 0.4876 0.1868 -0.6308 3.0547 6.0000 8.1610 0.0086 
39.5328 4.0000 3597.3581 0.4957 0.1899 -0.6436 3.0427 5.0000 8.1916 0.0072 
39.4675 4.0000 3577.4751 0.4913 0.1850 -0.6394 3.0443 5.0000 8.6062 0.0057 
39.5214 4.0000 3596.2784 0.4919 0.1878 -0.6404 3.0490 5.0000 8.6118 0.0085 
39.5791 4.0000 3616.1182 0.4949 0.1883 -0.6447 3.0496 5.0000 8.7982 0.0083 
39.4701 4.0000 3577.7516 0.4948 0.1852 -0.6471 3.0551 5.0000 8.8776 0.0066 
39.4776 4.0000 3578.4360 0.4865 0.1849 -0.6378 3.0553 6.0000 8.8344 0.0074 
39.5448 4.0000 3598.2591 0.4995 0.1904 -0.6478 3.0510 5.0000 8.9116 0.0078 
39.5142 4.0000 3588.8307 0.4899 0.1871 -0.6392 3.0504 6.0000 8.1720 0.0077 
39.4978 4.0000 3577.8717 0.4920 0.1909 -0.6448 3.0565 5.0000 8.2385 0.0059 
39.5013 4.0000 3584.4805 0.4885 0.1870 -0.6400 3.0533 5.0000 8.1982 0.0055 
39.5735 4.0000 3609.8707 0.4908 0.1846 -0.6373 3.0450 6.0000 7.9862 0.0081 
39.5867 4.0000 3616.2008 0.4955 0.1864 -0.6453 3.0471 5.0000 8.0861 0.0071 
39.4868 4.0000 3577.2182 0.5009 0.1939 -0.6451 3.0587 5.0000 8.2329 0.0072 
39.5255 4.0000 3594.0366 0.4958 0.1893 -0.6498 3.0571 6.0000 8.0073 0.0067 
39.5202 4.0000 3593.7790 0.4930 0.1888 -0.6373 3.0601 5.0000 8.1594 0.0063 
39.5426 4.0000 3598.0665 0.4899 0.1856 -0.6419 3.0510 5.0000 8.2331 0.0066 
39.5580 4.0000 3600.5728 0.4915 0.1906 -0.6343 3.0528 6.0000 8.1180 0.0071 
39.5463 4.0000 3604.2119 0.4922 0.1870 -0.6402 3.0548 6.0000 8.2660 0.0083 
39.5236 4.0000 3584.5646 0.4949 0.1896 -0.6407 3.0539 6.0000 8.1768 0.0071 
39.4773 4.0000 3584.6422 0.4881 0.1889 -0.6353 3.0480 6.0000 8.2536 0.0067 
39.5240 4.0000 3593.4562 0.4895 0.1851 -0.6382 3.0504 6.0000 8.3688 0.0071 
39.5404 4.0000 3592.9474 0.4902 0.1880 -0.6397 3.0484 5.0000 8.2271 0.0073 
39.5268 4.0000 3599.6513 0.4957 0.1882 -0.6477 3.0492 6.0000 8.1502 0.0076 
39.5158 4.0000 3589.6447 0.4923 0.1860 -0.6471 3.0513 5.0000 8.2390 0.0067 
39.5047 4.0000 3590.4968 0.4914 0.1898 -0.6346 3.0603 6.0000 8.2570 0.0066 
39.5413 4.0000 3596.1977 0.4869 0.1875 -0.6325 3.0562 6.0000 8.1735 0.0067 
39.5441 4.0000 3600.4682 0.4958 0.1887 -0.6455 3.0532 6.0000 8.1657 0.0071 
39.5422 4.0000 3596.8616 0.4906 0.1840 -0.6444 3.0499 6.0000 8.3661 0.0071 
39.5262 4.0000 3595.2535 0.4907 0.1872 -0.6424 3.0506 6.0000 8.0720 0.0074 
39.5259 4.0000 3596.6362 0.4881 0.1855 -0.6414 3.0524 5.0000 8.0967 0.0070 
39.5148 4.0000 3597.1693 0.4916 0.1882 -0.6371 3.0523 6.0000 8.3642 0.0068 
39.5284 4.0000 3598.2393 0.4941 0.1883 -0.6345 3.0473 6.0000 8.2175 0.0058 
39.5375 4.0000 3597.0760 0.4890 0.1869 -0.6343 3.0497 5.0000 8.1871 0.0072 
39.5760 4.0000 3616.1724 0.4906 0.1858 -0.6400 3.0496 5.0000 8.4328 0.0050 
39.5211 4.0000 3591.9637 0.4921 0.1883 -0.6400 3.0554 6.0000 8.1698 0.0067 
39.6097 4.0000 3617.8575 0.4951 0.1918 -0.6433 3.0515 5.0000 8.1853 0.0079 
39.5410 4.0000 3602.6948 0.4920 0.1868 -0.6362 3.0470 5.0000 8.3681 0.0069 
39.4931 4.0000 3583.7863 0.4936 0.1880 -0.6480 3.0459 6.0000 8.2029 0.0071 
39.5340 4.0000 3598.5107 0.4875 0.1844 -0.6405 3.0475 5.0000 8.1530 0.0083 
39.5265 4.0000 3598.9139 0.4923 0.1893 -0.6407 3.0501 6.0000 8.4225 0.0081 
39.4770 4.0000 3582.4760 0.4920 0.1872 -0.6418 3.0481 6.0000 8.2216 0.0060 
39.4871 4.0000 3574.4830 0.4916 0.1893 -0.6411 3.0635 5.0000 8.3862 0.0073 
39.5668 4.0000 3606.5000 0.4940 0.1901 -0.6387 3.0601 5.0000 8.5854 0.0071 
39.5170 4.0000 3592.2078 0.4936 0.1894 -0.6462 3.0535 5.0000 8.1965 0.0072 
39.5255 4.0000 3597.0460 0.4939 0.1870 -0.6486 3.0551 5.0000 8.2141 0.0057 
39.5211 4.0000 3597.1835 0.4917 0.1861 -0.6348 3.0502 6.0000 8.3603 0.0080 
39.5801 4.0000 3615.8786 0.4861 0.1869 -0.6275 3.0479 6.0000 8.2251 0.0070 
39.4899 4.0000 3575.3471 0.4926 0.1881 -0.6376 3.0587 6.0000 8.2556 0.0061 
39.5293 4.0000 3593.7847 0.4905 0.1873 -0.6376 3.0549 6.0000 8.2718 0.0071 
39.5646 4.0000 3598.6567 0.4916 0.1893 -0.6345 3.0596 6.0000 8.2191 0.0075 
39.5252 4.0000 3587.2484 0.4925 0.1888 -0.6451 3.0589 6.0000 8.2366 0.0075 
39.5113 4.0000 3592.0375 0.4973 0.1907 -0.6519 3.0521 5.0000 8.3300 0.0066 
39.5076 4.0000 3590.8042 0.4910 0.1860 -0.6434 3.0555 5.0000 8.1743 0.0073 
39.5463 4.0000 3597.1343 0.4924 0.1892 -0.6360 3.0588 6.0000 8.2282 0.0076 
39.5158 4.0000 3584.9694 0.4941 0.1913 -0.6417 3.0549 5.0000 8.4006 0.0073 
39.5038 4.0000 3584.7030 0.4938 0.1904 -0.6302 3.0561 6.0000 8.0945 0.0073 
39.5183 4.0000 3591.9600 0.4983 0.1925 -0.6465 3.0598 6.0000 8.2114 0.0081 
39.5167 4.0000 3597.6211 0.4917 0.1886 -0.6397 3.0436 5.0000 8.4952 0.0058 
39.4877 4.0000 3572.2992 0.4938 0.1881 -0.6488 3.0522 6.0000 8.0871 0.0072 
39.5750 4.0000 3609.7390 0.4931 0.1884 -0.6348 3.0552 5.0000 8.1781 0.0077 
39.5224 4.0000 3591.5741 0.4898 0.1885 -0.6339 3.0525 6.0000 8.4869 0.0066 
39.5025 4.0000 3584.9587 0.4927 0.1862 -0.6399 3.0492 6.0000 8.2035 0.0070 
39.5435 4.0000 3605.2115 0.4897 0.1838 -0.6397 3.0479 5.0000 8.2490 0.0061 
39.5287 4.0000 3595.9256 0.4894 0.1853 -0.6418 3.0513 5.0000 8.2516 0.0078 
39.5643 4.0000 3606.4675 0.4937 0.1869 -0.6440 3.0483 6.0000 8.2517 0.0072 
39.4972 4.0000 3586.4574 0.4913 0.1857 -0.6451 3.0532 6.0000 8.3656 0.0060 
39.5227 4.0000 3595.9253 0.4859 0.1840 -0.6365 3.0523 5.0000 8.3343 0.0078 
39.5697 4.0000 3607.9098 0.4989 0.1884 -0.6434 3.0489 6.0000 8.1757 0.0083 
39.4975 4.0000 3577.9152 0.4905 0.1891 -0.6442 3.0521 6.0000 8.2495 0.0064 
39.4782 4.0000 3570.7178 0.4920 0.1890 -0.6351 3.0503 6.0000 8.3040 0.0067 
39.5514 4.0000 3603.5262 0.4966 0.1877 -0.6452 3.0609 5.0000 8.1906 0.0063 
39.5416 4.0000 3595.5498 0.4933 0.1899 -0.6396 3.0555 5.0000 8.5332 0.0075 
39.5567 4.0000 3612.1264 0.4944 0.1897 -0.6318 3.0452 6.0000 8.4352 0.0071 
39.5110 4.0000 3584.3597 0.4906 0.1881 -0.6438 3.0435 6.0000 8.1799 0.0064 
39.5249 4.0000 3592.5993 0.4890 0.1835 -0.6370 3.0460 5.0000 8.4555 0.0062 
39.5530 4.0000 3600.9896 0.4957 0.1911 -0.6403 3.0691 6.0000 8.3860 0.0068 
39.5612 4.0000 3606.4524 0.4909 0.1864 -0.6415 3.0503 5.0000 8.1674 0.0066 
39.5356 4.0000 3602.6450 0.4887 0.1880 -0.6325 3.0523 5.0000 8.2872 0.0068 
39.5448 4.0000 3602.4972 0.4926 0.1880 -0.6403 3.0530 5.0000 7.6930 0.0068 
39.5356 4.0000 3599.6330 0.4950 0.1859 -0.6417 3.0522 5.0000 6.9528 0.0068 
