39.2893 16.5000 3499.8154 0.3123 0.1168 -0.5603 2.8374 5.0000 2.6935 0.0131 
39.3518 16.5000 3530.2467 0.3137 0.1183 -0.5613 2.8360 5.0000 2.9097 0.0097 
39.3796 16.5000 3546.5781 0.3142 0.1192 -0.5609 2.8372 5.0000 2.7742 0.0131 
39.4103 16.5000 3530.7057 0.3176 0.1166 -0.5676 2.8351 5.0000 2.5254 0.0106 
39.4250 16.5000 3557.3084 0.3161 0.1197 -0.5612 2.8355 5.0000 2.5193 0.0096 
39.3881 16.5000 3536.6562 0.3151 0.1176 -0.5670 2.8360 5.0000 2.4166 0.0096 
39.4255 16.5000 3558.0540 0.3156 0.1189 -0.5606 2.8386 5.0000 2.5385 0.0115 
39.3433 16.5000 3516.2699 0.3148 0.1193 -0.5630 2.8378 5.0000 2.6764 0.0122 
39.3528 16.5000 3524.6124 0.3132 0.1166 -0.5612 2.8369 5.0000 2.6182 0.0122 
39.3276 16.5000 3507.1375 0.3164 0.1187 -0.5669 2.8389 5.0000 2.6360 0.0096 
39.3902 16.5000 3547.7009 0.3162 0.1167 -0.5595 2.8293 5.0000 2.5759 0.0114 
39.4275 16.5000 3547.6262 0.3152 0.1173 -0.5628 2.8374 5.0000 2.5858 0.0114 
39.3584 16.5000 3521.2747 0.3160 0.1172 -0.5646 2.8373 5.0000 2.6275 0.0114 
39.3604 16.5000 3518.1871 0.3194 0.1182 -0.5728 2.8305 5.0000 2.7262 0.0105 
39.3569 16.5000 3523.0280 0.3166 0.1187 -0.5665 2.8399 5.0000 2.8459 0.0087 
39.3927 16.5000 3536.5665 0.3181 0.1202 -0.5632 2.8392 5.0000 2.7168 0.0105 
39.4628 16.5000 3570.7929 0.3163 0.1186 -0.5648 2.8309 5.0000 2.5895 0.0102 
39.3937 16.5000 3535.7599 0.3176 0.1179 -0.5655 2.8411 5.0000 2.5351 0.0114 
39.4048 16.5000 3543.0164 0.3161 0.1192 -0.5635 2.8361 5.0000 2.6958 0.0115 
39.3559 16.5000 3528.8277 0.3148 0.1169 -0.5606 2.8351 5.0000 2.6782 0.0120 
39.3513 16.5000 3518.3718 0.3164 0.1187 -0.5643 2.8378 5.0000 2.7114 0.0115 
39.3327 16.5000 3517.3201 0.3187 0.1195 -0.5664 2.8422 5.0000 2.5641 0.0123 
39.3533 16.5000 3518.4393 0.3158 0.1173 -0.5659 2.8345 5.0000 2.5324 0.0123 
39.3221 16.5000 3507.2898 0.3160 0.1210 -0.5673 2.8444 5.0000 2.5362 0.0109 
39.3660 16.5000 3531.5586 0.3152 0.1160 -0.5644 2.8296 5.0000 2.7149 0.0092 
39.3760 16.5000 3540.1049 0.3190 0.1187 -0.5633 2.8351 5.0000 2.6835 0.0092 
39.4416 16.5000 3565.8820 0.3147 0.1188 -0.5613 2.8343 5.0000 2.7151 0.0117 
39.3634 16.5000 3526.1508 0.3167 0.1184 -0.5651 2.8361 5.0000 2.7029 0.0106 
39.3443 16.5000 3524.4631 0.3151 0.1173 -0.5641 2.8352 5.0000 2.6199 0.0125 
39.3145 16.5000 3525.4815 0.3174 0.1166 -0.5638 2.8351 5.0000 2.5735 0.0106 
39.3887 16.5000 3528.3400 0.3154 0.1171 -0.5692 2.8350 5.0000 2.7079 0.0109 
39.4315 16.5000 3558.5130 0.3181 0.1197 -0.5614 2.8364 5.0000 2.7179 0.0101 
39.3776 16.5000 3527.4164 0.3170 0.1202 -0.5652 2.8402 5.0000 2.7542 0.0103 
39.4073 16.5000 3546.8252 0.3151 0.1169 -0.5643 2.8326 5.0000 2.5432 0.0099 
39.3997 16.5000 3536.4242 0.3160 0.1186 -0.5625 2.8418 5.0000 2.5515 0.0098 
39.4154 16.5000 3556.4494 0.3166 0.1193 -0.5570 2.8357 5.0000 2.5448 0.0094 
39.4179 16.5000 3562.5927 0.3159 0.1173 -0.5623 2.8321 5.0000 2.8189 0.0098 
39.4346 16.5000 3563.6494 0.3156 0.1192 -0.5584 2.8311 5.0000 2.8298 0.0100 
39.4179 16.5000 3555.0462 0.3180 0.1180 -0.5644 2.8341 5.0000 2.7789 0.0100 
39.4134 16.5000 3540.5317 0.3173 0.1187 -0.5641 2.8342 5.0000 2.5812 0.0104 
39.3654 16.5000 3535.2424 0.3150 0.1191 -0.5626 2.8355 5.0000 2.5850 0.0095 
39.3957 16.5000 3536.6038 0.3182 0.1198 -0.5641 2.8378 5.0000 2.6046 0.0095 
39.4310 16.5000 3558.6250 0.3133 0.1178 -0.5606 2.8342 5.0000 2.7096 0.0123 
39.3286 16.5000 3496.3612 0.3152 0.1202 -0.5638 2.8364 5.0000 2.6771 0.0100 
39.3206 16.5000 3506.4913 0.3178 0.1175 -0.5675 2.8329 5.0000 2.7897 0.0142 
39.4134 16.5000 3549.7150 0.3195 0.1176 -0.5615 2.8353 5.0000 2.5642 0.0107 
39.2474 16.5000 3473.4941 0.3153 0.1182 -0.5689 2.8401 5.0000 2.5513 0.0107 
39.3856 16.5000 3539.1546 0.3211 0.1198 -0.5645 2.8373 5.0000 2.5718 0.0124 
39.4230 16.5000 3551.5950 0.3167 0.1188 -0.5652 2.8369 5.0000 2.7622 0.0105 
39.3165 16.5000 3509.4164 0.3171 0.1162 -0.5652 2.8350 5.0000 2.7760 0.0114 
39.3922 16.5000 3532.0267 0.3175 0.1181 -0.5667 2.8388 5.0000 2.7731 0.0107 
39.3564 16.5000 3522.6346 0.3164 0.1177 -0.5631 2.8367 5.0000 2.5288 0.0119 
39.3846 16.5000 3529.9420 0.3167 0.1172 -0.5662 2.8321 5.0000 2.5175 0.0119 
39.3372 16.5000 3520.5680 0.3190 0.1189 -0.5675 2.8369 5.0000 2.5248 0.0108 
39.4164 16.5000 3562.3627 0.3199 0.1180 -0.5669 2.8289 5.0000 2.6950 0.0095 
39.3786 16.5000 3537.6585 0.3123 0.1160 -0.5639 2.8282 5.0000 2.6934 0.0095 
39.4295 16.5000 3548.5927 0.3165 0.1186 -0.5619 2.8290 5.0000 2.7019 0.0110 
39.3836 16.5000 3545.2923 0.3181 0.1170 -0.5684 2.8268 5.0000 2.5981 0.0114 
39.3735 16.5000 3522.4222 0.3169 0.1194 -0.5646 2.8415 5.0000 2.5921 0.0114 
39.3569 16.5000 3533.3145 0.3148 0.1194 -0.5562 2.8393 5.0000 2.5806 0.0115 
39.3912 16.5000 3545.7216 0.3164 0.1189 -0.5629 2.8383 5.0000 2.8104 0.0117 
39.3533 16.5000 3537.1521 0.3185 0.1205 -0.5642 2.8425 5.0000 2.8293 0.0122 
39.3463 16.5000 3520.0303 0.3176 0.1198 -0.5644 2.8403 5.0000 2.7761 0.0107 
39.3266 16.5000 3504.0666 0.3150 0.1181 -0.5647 2.8324 5.0000 2.5302 0.0096 
39.3861 16.5000 3545.1223 0.3214 0.1199 -0.5668 2.8349 5.0000 2.4774 0.0096 
39.4285 16.5000 3561.6989 0.3165 0.1178 -0.5612 2.8326 5.0000 2.5244 0.0099 
39.4386 16.5000 3563.6817 0.3181 0.1203 -0.5611 2.8335 5.0000 2.6659 0.0120 
39.4174 16.5000 3556.4933 0.3188 0.1178 -0.5679 2.8281 5.0000 2.6954 0.0120 
39.3357 16.5000 3527.5712 0.3186 0.1182 -0.5661 2.8334 5.0000 2.6575 0.0099 
39.3902 16.5000 3543.7438 0.3207 0.1209 -0.5617 2.8395 5.0000 2.5089 0.0103 
39.4149 16.5000 3566.9508 0.3149 0.1186 -0.5574 2.8336 5.0000 2.5249 0.0106 
39.3992 16.5000 3557.9375 0.3172 0.1199 -0.5591 2.8396 5.0000 2.5334 0.0108 
39.3897 16.5000 3545.3947 0.3196 0.1181 -0.5711 2.8324 5.0000 2.7179 0.0104 
39.3801 16.5000 3535.8578 0.3163 0.1173 -0.5663 2.8377 5.0000 2.7485 0.0115 
39.3952 16.5000 3526.2900 0.3180 0.1180 -0.5680 2.8409 5.0000 2.7841 0.0118 
39.3518 16.5000 3532.0757 0.3171 0.1184 -0.5630 2.8360 5.0000 2.4926 0.0110 
39.3412 16.5000 3517.2338 0.3174 0.1193 -0.5660 2.8398 5.0000 2.4822 0.0101 
39.3745 16.5000 3521.4446 0.3186 0.1208 -0.5651 2.8398 5.0000 2.5103 0.0118 
39.4078 16.5000 3546.3496 0.3161 0.1174 -0.5663 2.8366 5.0000 2.6774 0.0105 
39.3412 16.5000 3515.9248 0.3162 0.1181 -0.5663 2.8335 5.0000 2.6848 0.0092 
39.3927 16.5000 3539.3730 0.3174 0.1189 -0.5651 2.8371 5.0000 2.7007 0.0105 
39.4416 16.5000 3558.7405 0.3189 0.1198 -0.5587 2.8349 5.0000 2.5512 0.0113 
39.3932 16.5000 3524.8610 0.3162 0.1174 -0.5674 2.8388 5.0000 2.5335 0.0103 
39.3619 16.5000 3521.3468 0.3194 0.1184 -0.5722 2.8370 5.0000 2.5639 0.0085 
39.3987 16.5000 3546.5448 0.3204 0.1199 -0.5637 2.8375 5.0000 2.7973 0.0100 
39.4689 16.5000 3568.1483 0.3166 0.1178 -0.5627 2.8324 5.0000 2.7646 0.0100 
39.4134 16.5000 3555.9168 0.3176 0.1175 -0.5651 2.8297 5.0000 2.7953 0.0089 
39.3806 16.5000 3542.0232 0.3178 0.1186 -0.5667 2.8343 5.0000 2.5044 0.0104 
39.4552 16.5000 3570.1902 0.3148 0.1168 -0.5626 2.8328 5.0000 2.4972 0.0104 
39.3967 16.5000 3529.1112 0.3163 0.1190 -0.5634 2.8359 5.0000 2.5016 0.0121 
39.3417 16.5000 3530.9836 0.3182 0.1184 -0.5664 2.8336 5.0000 2.6572 0.0092 
39.3311 16.5000 3521.3095 0.3172 0.1188 -0.5649 2.8359 5.0000 2.6994 0.0109 
39.4436 16.5000 3561.8088 0.3177 0.1188 -0.5622 2.8294 5.0000 2.7241 0.0098 
39.3760 16.5000 3534.7869 0.3142 0.1161 -0.5646 2.8352 5.0000 2.5420 0.0122 
39.4189 16.5000 3546.5957 0.3174 0.1190 -0.5646 2.8382 5.0000 2.5749 0.0124 
39.3266 16.5000 3507.3165 0.3151 0.1183 -0.5625 2.8384 5.0000 2.5483 0.0115 
39.3165 16.5000 3502.5463 0.3196 0.1217 -0.5711 2.8452 5.0000 2.7087 0.0131 
39.3528 16.5000 3534.6754 0.3140 0.1159 -0.5624 2.8297 5.0000 2.7720 0.0110 
39.2913 16.5000 3492.0000 0.3146 0.1185 -0.5644 2.8436 5.0000 2.7417 0.0110 
39.3745 16.5000 3528.4383 0.3138 0.1183 -0.5610 2.8372 5.0000 2.3745 0.0110 
