39.2188 4.0000 3463.6639 0.3594 0.1452 -0.6019 2.7889 5.0000 1.6223 0.0149 
39.1520 4.0000 3446.6135 0.3590 0.1444 -0.6039 2.7913 5.0000 1.6298 0.0149 
39.2226 4.0000 3508.5164 0.3595 0.1441 -0.5923 2.7856 5.0000 1.6959 0.0149 
39.2484 4.0000 3492.5700 0.3636 0.1490 -0.5908 2.7921 5.0000 1.5815 0.0139 
39.2232 4.0000 3478.2024 0.3616 0.1459 -0.5931 2.7926 5.0000 1.5687 0.0139 
39.2591 4.0000 3496.5429 0.3630 0.1467 -0.5983 2.7943 5.0000 1.5482 0.0139 
39.2787 4.0000 3516.2989 0.3652 0.1490 -0.5949 2.7890 5.0000 1.6553 0.0128 
39.1765 4.0000 3445.1665 0.3598 0.1493 -0.5965 2.7944 5.0000 1.6541 0.0128 
39.3039 4.0000 3520.6671 0.3619 0.1466 -0.5937 2.7861 5.0000 1.6334 0.0128 
39.2320 4.0000 3501.3695 0.3634 0.1485 -0.5901 2.7992 5.0000 1.5429 0.0185 
39.1683 4.0000 3455.6702 0.3612 0.1463 -0.5975 2.7929 5.0000 1.5530 0.0185 
39.0845 4.0000 3413.2352 0.3660 0.1512 -0.6030 2.8021 5.0000 1.5319 0.0185 
39.1992 4.0000 3492.2591 0.3623 0.1452 -0.5955 2.7821 5.0000 1.5397 0.0152 
39.1003 4.0000 3442.7188 0.3605 0.1468 -0.5989 2.7926 5.0000 1.5419 0.0152 
39.2100 4.0000 3484.9552 0.3615 0.1462 -0.5896 2.7881 5.0000 1.5607 0.0152 
39.0290 4.0000 3396.0656 0.3577 0.1458 -0.6028 2.7930 5.0000 1.5789 0.0151 
39.2421 4.0000 3484.1318 0.3625 0.1461 -0.5976 2.7946 5.0000 1.6361 0.0144 
39.2131 4.0000 3466.5315 0.3643 0.1461 -0.6026 2.7798 5.0000 1.6011 0.0144 
39.2409 4.0000 3502.0889 0.3607 0.1482 -0.5911 2.7956 5.0000 1.6957 0.0171 
39.1942 4.0000 3476.7346 0.3638 0.1468 -0.6019 2.7925 5.0000 1.7137 0.0169 
39.1381 4.0000 3432.1236 0.3601 0.1482 -0.5980 2.7992 5.0000 1.7112 0.0169 
39.1450 4.0000 3430.1406 0.3602 0.1468 -0.5966 2.7956 5.0000 1.5477 0.0163 
39.1078 4.0000 3437.7579 0.3616 0.1477 -0.6018 2.7941 5.0000 1.5626 0.0170 
39.1683 4.0000 3440.5820 0.3654 0.1486 -0.6083 2.7977 5.0000 1.5554 0.0170 
39.1412 4.0000 3449.2579 0.3618 0.1472 -0.5961 2.7921 5.0000 1.5732 0.0165 
39.2875 4.0000 3506.3871 0.3658 0.1473 -0.6024 2.7842 5.0000 1.6593 0.0167 
39.1614 4.0000 3434.9861 0.3601 0.1501 -0.5984 2.7957 5.0000 1.5973 0.0164 
39.1633 4.0000 3460.5404 0.3658 0.1507 -0.5952 2.7938 5.0000 1.6380 0.0157 
39.1538 4.0000 3448.1822 0.3616 0.1470 -0.5969 2.7940 5.0000 1.6279 0.0145 
39.1917 4.0000 3462.8531 0.3643 0.1485 -0.6036 2.7985 5.0000 1.6256 0.0158 
39.2371 4.0000 3469.4281 0.3602 0.1462 -0.6053 2.8000 5.0000 1.5577 0.0170 
39.1879 4.0000 3464.0145 0.3594 0.1489 -0.5988 2.8016 5.0000 1.5496 0.0145 
39.1393 4.0000 3439.8720 0.3632 0.1484 -0.6023 2.7962 5.0000 1.5451 0.0139 
39.2364 4.0000 3467.0069 0.3610 0.1484 -0.5995 2.7881 5.0000 1.6085 0.0125 
39.2591 4.0000 3505.3020 0.3604 0.1471 -0.5920 2.7901 5.0000 1.5855 0.0147 
39.3159 4.0000 3521.7648 0.3616 0.1465 -0.5889 2.7889 5.0000 1.5780 0.0161 
39.2276 4.0000 3476.7465 0.3620 0.1484 -0.5975 2.7979 5.0000 1.7407 0.0156 
39.1740 4.0000 3451.4502 0.3612 0.1482 -0.5961 2.7998 5.0000 1.7481 0.0155 
39.1936 4.0000 3477.9054 0.3664 0.1482 -0.6000 2.7883 5.0000 1.7478 0.0157 
39.1967 4.0000 3456.1406 0.3580 0.1468 -0.5958 2.7954 5.0000 1.5690 0.0150 
39.1917 4.0000 3462.1715 0.3566 0.1469 -0.5904 2.7942 5.0000 1.5528 0.0163 
39.2163 4.0000 3464.9596 0.3622 0.1484 -0.5996 2.7963 5.0000 1.5508 0.0166 
39.1658 4.0000 3442.7560 0.3599 0.1484 -0.5989 2.8028 5.0000 1.5870 0.0154 
39.1551 4.0000 3447.9773 0.3595 0.1469 -0.5944 2.8007 5.0000 1.5675 0.0154 
39.2037 4.0000 3468.2289 0.3619 0.1453 -0.6059 2.7871 5.0000 1.5607 0.0154 
39.2011 4.0000 3469.6797 0.3628 0.1485 -0.5977 2.7969 5.0000 1.7418 0.0171 
39.1671 4.0000 3455.3197 0.3601 0.1496 -0.5974 2.7986 5.0000 1.6904 0.0171 
39.1356 4.0000 3443.5643 0.3620 0.1477 -0.5941 2.7920 5.0000 1.7031 0.0171 
39.1223 4.0000 3439.6753 0.3634 0.1474 -0.6029 2.7976 5.0000 1.5784 0.0157 
39.2907 4.0000 3499.0069 0.3589 0.1493 -0.5938 2.7933 5.0000 1.5918 0.0157 
39.1910 4.0000 3471.0473 0.3612 0.1483 -0.5940 2.7905 5.0000 1.5703 0.0157 
39.2219 4.0000 3491.7352 0.3622 0.1487 -0.5876 2.7892 5.0000 1.5738 0.0175 
39.3253 4.0000 3525.0719 0.3597 0.1474 -0.5897 2.7919 5.0000 1.5888 0.0175 
39.1217 4.0000 3433.8739 0.3619 0.1500 -0.5973 2.7940 5.0000 1.5701 0.0175 
39.2459 4.0000 3497.5612 0.3581 0.1436 -0.5941 2.7858 5.0000 1.5927 0.0152 
39.1248 4.0000 3441.7522 0.3580 0.1468 -0.5969 2.7965 5.0000 1.6083 0.0158 
39.2093 4.0000 3480.4464 0.3633 0.1495 -0.5932 2.7885 5.0000 1.6020 0.0158 
39.1885 4.0000 3451.7976 0.3607 0.1502 -0.5988 2.7944 5.0000 1.7307 0.0129 
39.3008 4.0000 3512.0214 0.3632 0.1444 -0.5975 2.7852 5.0000 1.7322 0.0181 
39.1564 4.0000 3463.1173 0.3604 0.1451 -0.5947 2.7916 5.0000 1.7344 0.0181 
39.0990 4.0000 3420.2850 0.3573 0.1472 -0.5955 2.8015 5.0000 1.5548 0.0153 
39.2081 4.0000 3484.6286 0.3646 0.1492 -0.5998 2.7944 5.0000 1.5707 0.0141 
39.2068 4.0000 3457.3108 0.3578 0.1455 -0.5983 2.7861 5.0000 1.5777 0.0141 
39.2541 4.0000 3481.8720 0.3610 0.1463 -0.6030 2.7927 5.0000 1.6062 0.0125 
39.1652 4.0000 3471.6873 0.3572 0.1441 -0.5943 2.7902 5.0000 1.6163 0.0157 
39.3134 4.0000 3505.5485 0.3633 0.1469 -0.5966 2.7878 5.0000 1.6438 0.0157 
39.1898 4.0000 3480.0271 0.3607 0.1494 -0.5916 2.7985 5.0000 1.6432 0.0140 
39.2402 4.0000 3480.0700 0.3596 0.1485 -0.5965 2.7936 5.0000 1.6538 0.0155 
39.2560 4.0000 3497.9105 0.3589 0.1441 -0.5976 2.7878 5.0000 1.6624 0.0175 
39.1992 4.0000 3446.1677 0.3624 0.1509 -0.5961 2.7992 5.0000 1.5361 0.0151 
39.1223 4.0000 3422.7238 0.3620 0.1476 -0.5993 2.7983 5.0000 1.5431 0.0178 
39.2125 4.0000 3467.4912 0.3591 0.1457 -0.5984 2.7880 5.0000 1.5465 0.0141 
39.1084 4.0000 3443.3701 0.3596 0.1458 -0.5950 2.7932 5.0000 1.5566 0.0169 
39.2535 4.0000 3479.1179 0.3600 0.1474 -0.5973 2.7915 5.0000 1.5691 0.0152 
39.1456 4.0000 3455.0303 0.3639 0.1484 -0.5999 2.7908 5.0000 1.6068 0.0149 
39.2112 4.0000 3474.1015 0.3594 0.1472 -0.5912 2.7960 5.0000 1.7447 0.0147 
39.2213 4.0000 3479.7535 0.3637 0.1483 -0.5986 2.7911 5.0000 1.7305 0.0178 
39.2276 4.0000 3479.0151 0.3581 0.1439 -0.5963 2.7876 5.0000 1.7167 0.0167 
39.1097 4.0000 3425.1223 0.3582 0.1463 -0.5984 2.7955 5.0000 1.5392 0.0139 
39.1538 4.0000 3450.2264 0.3637 0.1466 -0.6028 2.7902 5.0000 1.5358 0.0152 
39.2598 4.0000 3501.8890 0.3619 0.1473 -0.5895 2.7871 5.0000 1.5564 0.0132 
39.2087 4.0000 3475.8695 0.3628 0.1467 -0.6009 2.7866 5.0000 1.5210 0.0156 
39.2869 4.0000 3508.0851 0.3610 0.1499 -0.5937 2.7960 5.0000 1.5183 0.0157 
39.1955 4.0000 3456.2119 0.3600 0.1464 -0.5965 2.7920 5.0000 1.5355 0.0133 
39.1910 4.0000 3466.9426 0.3595 0.1467 -0.6003 2.7997 5.0000 1.6361 0.0171 
39.2825 4.0000 3504.8159 0.3625 0.1460 -0.6018 2.7903 5.0000 1.6499 0.0151 
39.1381 4.0000 3459.7856 0.3634 0.1450 -0.6002 2.7860 5.0000 1.6956 0.0166 
39.2150 4.0000 3461.6274 0.3613 0.1472 -0.5998 2.8000 5.0000 1.5700 0.0170 
39.1564 4.0000 3442.2837 0.3574 0.1437 -0.5964 2.7889 5.0000 1.5499 0.0165 
39.1406 4.0000 3464.2491 0.3595 0.1463 -0.5996 2.7963 5.0000 1.5530 0.0150 
39.1583 4.0000 3455.7793 0.3649 0.1462 -0.6061 2.7946 5.0000 1.5476 0.0151 
39.2156 4.0000 3482.7573 0.3611 0.1477 -0.5991 2.7933 5.0000 1.5433 0.0159 
39.2125 4.0000 3466.7825 0.3625 0.1471 -0.6010 2.7919 5.0000 1.5615 0.0167 
39.1810 4.0000 3465.9496 0.3661 0.1483 -0.6015 2.7877 5.0000 1.6191 0.0147 
39.1538 4.0000 3467.6709 0.3623 0.1472 -0.5998 2.7893 5.0000 1.5728 0.0147 
39.2289 4.0000 3479.0851 0.3586 0.1485 -0.5896 2.7928 5.0000 1.5997 0.0158 
39.2610 4.0000 3493.3953 0.3621 0.1471 -0.5961 2.7883 5.0000 1.7288 0.0157 
39.1866 4.0000 3460.4010 0.3559 0.1479 -0.5917 2.7969 5.0000 1.6971 0.0157 
39.1892 4.0000 3459.2201 0.3603 0.1436 -0.5970 2.7889 5.0000 1.7148 0.0150 
39.2156 4.0000 3479.4578 0.3625 0.1467 -0.5968 2.7898 5.0000 1.4782 0.0150 
