38.8995 16.5000 3385.3426 0.3754 0.1663 -0.5990 2.7129 5.0000 1.0390 0.0259 
38.9332 16.5000 3366.2236 0.3749 0.1650 -0.6042 2.7226 5.0000 0.9780 0.0224 
38.9248 16.5000 3379.8983 0.3724 0.1655 -0.5999 2.7217 5.0000 1.0114 0.0259 
38.7995 16.5000 3324.2606 0.3661 0.1636 -0.5960 2.7166 5.0000 0.8653 0.0186 
38.8987 16.5000 3362.9744 0.3717 0.1632 -0.6031 2.7108 5.0000 0.8702 0.0275 
39.0803 16.5000 3439.9126 0.3738 0.1629 -0.5989 2.7083 5.0000 0.8993 0.0246 
38.7390 16.5000 3305.3829 0.3728 0.1668 -0.6042 2.7219 5.0000 0.8554 0.0266 
38.8483 16.5000 3346.4338 0.3709 0.1643 -0.6013 2.7148 5.0000 0.8580 0.0239 
38.7743 16.5000 3304.3371 0.3723 0.1627 -0.6087 2.7240 5.0000 0.8531 0.0233 
38.8768 16.5000 3349.8302 0.3702 0.1640 -0.5977 2.7225 5.0000 0.8584 0.0248 
38.8995 16.5000 3375.8235 0.3712 0.1652 -0.5942 2.7151 5.0000 0.8605 0.0236 
38.8441 16.5000 3328.8314 0.3718 0.1615 -0.6126 2.7176 5.0000 0.8578 0.0244 
38.8878 16.5000 3350.5767 0.3697 0.1665 -0.5932 2.7226 5.0000 0.8566 0.0253 
38.8558 16.5000 3375.7697 0.3744 0.1651 -0.5966 2.7096 5.0000 0.8586 0.0239 
38.8230 16.5000 3323.9975 0.3722 0.1660 -0.6009 2.7234 5.0000 0.8587 0.0261 
38.8785 16.5000 3359.6015 0.3741 0.1629 -0.6032 2.7081 5.0000 0.8594 0.0236 
38.7936 16.5000 3309.3081 0.3721 0.1656 -0.6054 2.7237 5.0000 0.8631 0.0231 
38.8878 16.5000 3377.5074 0.3730 0.1669 -0.5906 2.7129 5.0000 0.8612 0.0206 
38.9088 16.5000 3342.6683 0.3754 0.1712 -0.5964 2.7291 5.0000 0.8699 0.0230 
39.0038 16.5000 3384.1900 0.3734 0.1643 -0.5984 2.7103 5.0000 0.8553 0.0257 
38.9113 16.5000 3362.7810 0.3744 0.1673 -0.6012 2.7172 5.0000 0.8600 0.0210 
38.8079 16.5000 3323.2013 0.3726 0.1681 -0.6037 2.7201 5.0000 0.8597 0.0234 
38.9887 16.5000 3397.2484 0.3748 0.1656 -0.6010 2.7182 5.0000 0.8546 0.0218 
38.8953 16.5000 3364.2287 0.3708 0.1662 -0.5917 2.7098 5.0000 0.8600 0.0238 
38.9584 16.5000 3396.1017 0.3745 0.1648 -0.5982 2.7094 5.0000 0.8681 0.0230 
38.8819 16.5000 3356.3556 0.3683 0.1651 -0.5957 2.7172 5.0000 0.8674 0.0230 
38.9113 16.5000 3365.9916 0.3708 0.1630 -0.5989 2.7207 5.0000 0.8659 0.0205 
38.9542 16.5000 3393.2837 0.3730 0.1638 -0.5936 2.7066 5.0000 0.8727 0.0213 
39.0071 16.5000 3424.5061 0.3722 0.1628 -0.5957 2.7053 5.0000 0.8625 0.0213 
38.9769 16.5000 3416.1623 0.3739 0.1624 -0.5977 2.7106 5.0000 0.8663 0.0230 
38.9239 16.5000 3359.3342 0.3729 0.1650 -0.6026 2.7121 5.0000 0.8676 0.0186 
38.9113 16.5000 3369.9563 0.3787 0.1660 -0.6051 2.7099 5.0000 0.8632 0.0186 
39.0786 16.5000 3446.4548 0.3731 0.1637 -0.5920 2.7104 5.0000 0.8579 0.0254 
38.8365 16.5000 3331.3787 0.3710 0.1643 -0.6003 2.7255 5.0000 0.8772 0.0241 
38.8205 16.5000 3328.4153 0.3679 0.1626 -0.5958 2.7126 5.0000 0.8726 0.0241 
38.8676 16.5000 3388.6187 0.3735 0.1605 -0.6020 2.7113 5.0000 0.8662 0.0209 
38.7179 16.5000 3286.2093 0.3750 0.1668 -0.6069 2.7238 5.0000 0.8684 0.0251 
38.9903 16.5000 3392.6003 0.3741 0.1643 -0.6012 2.7186 5.0000 0.8678 0.0251 
38.8323 16.5000 3351.8369 0.3765 0.1640 -0.6014 2.7158 5.0000 0.8568 0.0249 
38.9525 16.5000 3391.6494 0.3728 0.1670 -0.5979 2.7203 5.0000 0.8665 0.0240 
38.8398 16.5000 3341.2148 0.3760 0.1667 -0.5975 2.7214 5.0000 0.8629 0.0240 
38.8718 16.5000 3356.7255 0.3750 0.1652 -0.6004 2.7242 5.0000 0.8566 0.0226 
38.9273 16.5000 3389.2921 0.3714 0.1664 -0.5851 2.7137 5.0000 0.8700 0.0231 
38.8163 16.5000 3312.2144 0.3686 0.1655 -0.5989 2.7196 5.0000 0.8637 0.0231 
38.9054 16.5000 3359.0223 0.3680 0.1639 -0.5953 2.7211 5.0000 0.8602 0.0231 
38.8197 16.5000 3343.6553 0.3699 0.1650 -0.5980 2.7238 5.0000 0.8669 0.0229 
38.8987 16.5000 3372.0210 0.3693 0.1621 -0.5980 2.7163 5.0000 0.8732 0.0229 
38.9147 16.5000 3355.8655 0.3744 0.1669 -0.5961 2.7189 5.0000 0.8603 0.0229 
38.9348 16.5000 3379.6805 0.3709 0.1659 -0.5911 2.7182 5.0000 0.8649 0.0231 
38.9811 16.5000 3395.1265 0.3719 0.1655 -0.5978 2.7127 5.0000 0.8758 0.0231 
38.9063 16.5000 3379.3174 0.3726 0.1610 -0.6045 2.7053 5.0000 0.8662 0.0231 
38.8903 16.5000 3336.2270 0.3744 0.1633 -0.6140 2.7274 5.0000 0.8754 0.0236 
38.9340 16.5000 3376.0017 0.3722 0.1629 -0.6032 2.7073 5.0000 0.8843 0.0200 
38.8869 16.5000 3345.0315 0.3656 0.1652 -0.5908 2.7163 5.0000 0.8763 0.0236 
39.0240 16.5000 3418.9735 0.3766 0.1632 -0.6061 2.7110 5.0000 0.8557 0.0218 
38.8836 16.5000 3354.5851 0.3682 0.1633 -0.6010 2.7242 5.0000 0.8668 0.0202 
38.9575 16.5000 3372.7003 0.3673 0.1656 -0.5878 2.7155 5.0000 0.8737 0.0202 
39.0164 16.5000 3410.9012 0.3743 0.1633 -0.6023 2.7123 5.0000 0.8636 0.0202 
38.8398 16.5000 3341.0198 0.3731 0.1622 -0.6056 2.7159 5.0000 0.8683 0.0215 
39.0189 16.5000 3387.0921 0.3692 0.1609 -0.6044 2.7111 5.0000 0.8755 0.0215 
38.9693 16.5000 3374.9769 0.3723 0.1639 -0.5995 2.7149 5.0000 0.8592 0.0216 
38.8516 16.5000 3351.2156 0.3742 0.1626 -0.6091 2.7156 5.0000 0.8589 0.0209 
38.9660 16.5000 3375.3056 0.3701 0.1639 -0.6009 2.7171 5.0000 0.8659 0.0223 
38.9920 16.5000 3390.0925 0.3692 0.1681 -0.5863 2.7246 5.0000 0.8554 0.0222 
38.9357 16.5000 3360.7936 0.3740 0.1655 -0.6018 2.7291 5.0000 0.8539 0.0261 
38.9407 16.5000 3364.2766 0.3713 0.1635 -0.6031 2.7070 5.0000 0.8650 0.0242 
38.7945 16.5000 3331.6309 0.3714 0.1637 -0.5999 2.7220 5.0000 0.8574 0.0263 
38.8668 16.5000 3355.1459 0.3735 0.1622 -0.6050 2.7081 5.0000 0.8602 0.0219 
38.7860 16.5000 3318.5153 0.3708 0.1657 -0.6013 2.7134 5.0000 0.8638 0.0211 
38.9542 16.5000 3382.7163 0.3698 0.1621 -0.5930 2.7166 5.0000 0.8568 0.0214 
38.9819 16.5000 3391.6940 0.3732 0.1640 -0.5985 2.7164 5.0000 0.8559 0.0219 
38.9727 16.5000 3402.4952 0.3728 0.1598 -0.6029 2.7103 5.0000 0.8639 0.0220 
38.9542 16.5000 3385.4191 0.3763 0.1644 -0.6011 2.7166 5.0000 0.8640 0.0232 
38.9508 16.5000 3372.4002 0.3692 0.1646 -0.5951 2.7207 5.0000 0.8589 0.0237 
38.9021 16.5000 3362.1059 0.3660 0.1638 -0.5906 2.7130 5.0000 0.8640 0.0244 
38.8836 16.5000 3386.4405 0.3725 0.1622 -0.6003 2.7157 5.0000 0.8680 0.0245 
38.8592 16.5000 3356.6297 0.3742 0.1640 -0.6048 2.7133 5.0000 0.8683 0.0215 
38.8533 16.5000 3358.8071 0.3706 0.1659 -0.5929 2.7164 5.0000 0.8649 0.0270 
38.9685 16.5000 3398.2119 0.3729 0.1636 -0.5952 2.7151 5.0000 0.8570 0.0211 
38.7575 16.5000 3308.1244 0.3703 0.1653 -0.5985 2.7236 5.0000 0.8603 0.0218 
38.9819 16.5000 3380.3018 0.3729 0.1659 -0.5961 2.7178 5.0000 0.8676 0.0226 
38.9567 16.5000 3394.5910 0.3704 0.1646 -0.5940 2.7168 5.0000 0.8573 0.0211 
38.9273 16.5000 3395.4964 0.3763 0.1665 -0.5957 2.7182 5.0000 0.8580 0.0203 
38.9836 16.5000 3376.4414 0.3753 0.1678 -0.5979 2.7195 5.0000 0.8710 0.0216 
39.0147 16.5000 3418.1623 0.3776 0.1654 -0.5930 2.7075 5.0000 0.8657 0.0235 
38.9651 16.5000 3385.9454 0.3717 0.1629 -0.6019 2.7171 5.0000 0.8594 0.0237 
38.8903 16.5000 3355.9857 0.3698 0.1673 -0.5931 2.7220 5.0000 0.8641 0.0231 
38.8827 16.5000 3362.1530 0.3692 0.1598 -0.5991 2.7085 5.0000 0.8572 0.0248 
38.9088 16.5000 3363.2198 0.3754 0.1657 -0.6075 2.7215 5.0000 0.8576 0.0210 
38.8407 16.5000 3327.1904 0.3704 0.1637 -0.6047 2.7184 5.0000 0.8587 0.0226 
38.9861 16.5000 3387.2863 0.3736 0.1620 -0.6023 2.7055 5.0000 0.8619 0.0204 
38.9273 16.5000 3367.0652 0.3756 0.1631 -0.6059 2.7163 5.0000 0.8601 0.0259 
39.0097 16.5000 3414.0908 0.3730 0.1612 -0.5987 2.7109 5.0000 0.8748 0.0231 
38.7995 16.5000 3324.7163 0.3702 0.1643 -0.5988 2.7159 5.0000 0.8644 0.0194 
38.9079 16.5000 3353.7764 0.3703 0.1647 -0.5964 2.7206 5.0000 0.8610 0.0194 
39.0500 16.5000 3391.8596 0.3707 0.1626 -0.5997 2.7121 5.0000 0.8715 0.0247 
38.8836 16.5000 3363.5460 0.3684 0.1631 -0.5971 2.7237 5.0000 0.8654 0.0191 
38.8449 16.5000 3371.1257 0.3685 0.1589 -0.5906 2.7059 5.0000 0.8568 0.0191 
39.0584 16.5000 3409.3115 0.3745 0.1666 -0.5994 2.7207 5.0000 0.8705 0.0224 
38.9340 16.5000 3375.9865 0.3736 0.1655 -0.5983 2.7145 5.0000 0.8564 0.0224 
