39.6919 4.0000 3648.0408 0.2633 0.0760 -0.5204 3.0436 6.0000 22.7205 0.0028 
39.6971 4.0000 3650.3663 0.2670 0.0766 -0.5247 3.0403 6.0000 22.7207 0.0028 
39.6936 4.0000 3648.9861 0.2616 0.0753 -0.5202 3.0403 6.0000 22.7239 0.0028 
39.7049 4.0000 3653.1547 0.2685 0.0777 -0.5267 3.0415 6.0000 25.8766 0.0026 
39.7011 4.0000 3651.3218 0.2671 0.0772 -0.5268 3.0408 5.0000 25.4317 0.0027 
39.6974 4.0000 3649.7085 0.2684 0.0772 -0.5304 3.0413 6.0000 25.6317 0.0027 
39.7034 4.0000 3651.5345 0.2660 0.0774 -0.5205 3.0456 6.0000 23.3768 0.0021 
39.7129 4.0000 3654.7928 0.2677 0.0774 -0.5237 3.0426 6.0000 23.7698 0.0027 
39.7238 4.0000 3658.8153 0.2672 0.0770 -0.5222 3.0399 5.0000 23.9479 0.0027 
39.6986 4.0000 3649.1530 0.2659 0.0771 -0.5234 3.0425 6.0000 23.8387 0.0024 
39.6995 4.0000 3651.7673 0.2671 0.0768 -0.5236 3.0413 6.0000 23.6939 0.0028 
39.7106 4.0000 3655.5788 0.2671 0.0774 -0.5252 3.0414 5.0000 24.3710 0.0031 
39.6938 4.0000 3647.3960 0.2660 0.0770 -0.5255 3.0424 6.0000 26.0238 0.0023 
39.6831 4.0000 3644.2743 0.2678 0.0775 -0.5276 3.0438 6.0000 26.5709 0.0028 
39.7161 4.0000 3657.7734 0.2655 0.0772 -0.5237 3.0433 6.0000 26.5286 0.0025 
39.6965 4.0000 3649.7507 0.2655 0.0755 -0.5243 3.0391 6.0000 23.8803 0.0025 
39.7055 4.0000 3653.1263 0.2640 0.0761 -0.5217 3.0407 6.0000 24.1608 0.0032 
39.7047 4.0000 3652.8497 0.2657 0.0764 -0.5252 3.0442 6.0000 24.7066 0.0032 
39.6776 4.0000 3641.5826 0.2661 0.0771 -0.5272 3.0429 6.0000 23.7010 0.0024 
39.6786 4.0000 3643.0628 0.2648 0.0764 -0.5233 3.0412 6.0000 24.0225 0.0027 
39.7087 4.0000 3653.7285 0.2673 0.0769 -0.5235 3.0412 6.0000 24.1680 0.0025 
39.6999 4.0000 3651.7783 0.2686 0.0773 -0.5263 3.0417 6.0000 23.8331 0.0025 
39.7081 4.0000 3655.2028 0.2654 0.0760 -0.5245 3.0424 6.0000 23.7379 0.0026 
39.7051 4.0000 3652.7881 0.2661 0.0769 -0.5237 3.0439 6.0000 23.9973 0.0025 
39.7028 4.0000 3652.9708 0.2659 0.0766 -0.5233 3.0430 6.0000 24.1085 0.0023 
39.7058 4.0000 3652.9992 0.2660 0.0769 -0.5259 3.0425 6.0000 23.5948 0.0027 
39.7148 4.0000 3656.8852 0.2661 0.0772 -0.5251 3.0395 6.0000 23.9203 0.0025 
39.6992 4.0000 3648.8972 0.2651 0.0771 -0.5224 3.0432 6.0000 26.2175 0.0024 
39.7074 4.0000 3653.7066 0.2661 0.0771 -0.5205 3.0411 6.0000 26.0776 0.0027 
39.7098 4.0000 3655.2930 0.2654 0.0760 -0.5253 3.0429 6.0000 25.9970 0.0026 
39.7005 4.0000 3651.5599 0.2648 0.0765 -0.5239 3.0382 6.0000 23.8635 0.0027 
39.7032 4.0000 3652.8604 0.2662 0.0769 -0.5241 3.0429 6.0000 23.7027 0.0028 
39.6999 4.0000 3649.8008 0.2662 0.0774 -0.5233 3.0397 6.0000 23.7736 0.0024 
39.6959 4.0000 3649.5216 0.2656 0.0768 -0.5207 3.0399 6.0000 24.1439 0.0027 
39.7116 4.0000 3654.7879 0.2656 0.0760 -0.5262 3.0409 6.0000 23.5137 0.0027 
39.6995 4.0000 3650.1114 0.2649 0.0771 -0.5209 3.0408 6.0000 23.8827 0.0029 
39.7058 4.0000 3654.3661 0.2658 0.0772 -0.5224 3.0413 6.0000 24.0629 0.0028 
39.6889 4.0000 3646.5990 0.2665 0.0774 -0.5233 3.0418 6.0000 23.8588 0.0028 
39.6934 4.0000 3647.5317 0.2674 0.0771 -0.5294 3.0430 6.0000 23.6334 0.0019 
39.7041 4.0000 3653.7051 0.2657 0.0765 -0.5230 3.0439 6.0000 24.0262 0.0022 
39.7289 4.0000 3661.5380 0.2654 0.0763 -0.5233 3.0402 6.0000 24.0996 0.0022 
39.7167 4.0000 3655.9271 0.2641 0.0767 -0.5224 3.0427 6.0000 23.8580 0.0023 
39.7060 4.0000 3652.8140 0.2663 0.0758 -0.5259 3.0399 6.0000 24.1307 0.0024 
39.7140 4.0000 3655.5700 0.2647 0.0771 -0.5208 3.0435 6.0000 23.8988 0.0024 
39.7110 4.0000 3654.2043 0.2638 0.0771 -0.5192 3.0427 6.0000 23.8734 0.0026 
39.7081 4.0000 3653.7608 0.2661 0.0768 -0.5244 3.0436 6.0000 24.2653 0.0024 
39.7034 4.0000 3652.3279 0.2680 0.0773 -0.5277 3.0438 6.0000 23.9428 0.0023 
39.7135 4.0000 3656.7350 0.2655 0.0764 -0.5256 3.0399 6.0000 24.4150 0.0025 
39.7119 4.0000 3655.9517 0.2651 0.0765 -0.5224 3.0412 6.0000 24.0951 0.0031 
39.7079 4.0000 3653.2823 0.2680 0.0767 -0.5255 3.0443 6.0000 24.2425 0.0028 
39.6812 4.0000 3644.3165 0.2650 0.0764 -0.5215 3.0406 6.0000 24.2306 0.0024 
39.6929 4.0000 3649.3949 0.2660 0.0760 -0.5229 3.0414 6.0000 24.2890 0.0032 
39.7098 4.0000 3653.4515 0.2663 0.0768 -0.5240 3.0406 6.0000 24.0443 0.0032 
39.6795 4.0000 3643.2192 0.2651 0.0768 -0.5240 3.0423 6.0000 24.1747 0.0023 
39.7032 4.0000 3650.1919 0.2653 0.0758 -0.5221 3.0461 6.0000 26.5245 0.0027 
39.7154 4.0000 3656.0567 0.2653 0.0768 -0.5220 3.0450 6.0000 26.8374 0.0025 
39.6988 4.0000 3650.6774 0.2668 0.0768 -0.5269 3.0434 6.0000 26.2830 0.0026 
39.7066 4.0000 3653.2749 0.2665 0.0779 -0.5227 3.0424 6.0000 24.0379 0.0029 
39.7034 4.0000 3652.6852 0.2658 0.0773 -0.5243 3.0436 6.0000 24.3244 0.0023 
39.6913 4.0000 3646.8083 0.2653 0.0762 -0.5247 3.0433 6.0000 24.2918 0.0028 
39.7133 4.0000 3656.1475 0.2641 0.0762 -0.5235 3.0445 6.0000 24.1346 0.0028 
39.6929 4.0000 3646.6013 0.2663 0.0771 -0.5253 3.0464 6.0000 24.4084 0.0024 
39.6965 4.0000 3649.0603 0.2678 0.0770 -0.5249 3.0425 6.0000 23.9432 0.0029 
39.7091 4.0000 3654.5956 0.2648 0.0766 -0.5224 3.0443 6.0000 24.2361 0.0019 
39.6887 4.0000 3645.9720 0.2674 0.0775 -0.5270 3.0421 6.0000 24.2633 0.0024 
39.7301 4.0000 3661.6309 0.2665 0.0771 -0.5255 3.0459 6.0000 24.2222 0.0023 
39.7108 4.0000 3654.2781 0.2658 0.0776 -0.5234 3.0440 6.0000 24.4842 0.0027 
39.7144 4.0000 3656.6379 0.2673 0.0772 -0.5251 3.0396 6.0000 24.8621 0.0025 
39.6988 4.0000 3649.6816 0.2640 0.0765 -0.5251 3.0442 6.0000 24.5386 0.0025 
39.7083 4.0000 3653.9672 0.2659 0.0765 -0.5236 3.0430 6.0000 24.0392 0.0025 
39.7072 4.0000 3652.8499 0.2652 0.0760 -0.5227 3.0407 6.0000 24.4240 0.0027 
39.7083 4.0000 3653.6383 0.2641 0.0769 -0.5224 3.0425 6.0000 24.1703 0.0025 
39.6988 4.0000 3649.9697 0.2650 0.0771 -0.5202 3.0410 6.0000 24.3653 0.0023 
39.7077 4.0000 3654.0832 0.2646 0.0759 -0.5238 3.0417 6.0000 24.3872 0.0026 
39.7161 4.0000 3656.7928 0.2662 0.0773 -0.5241 3.0395 6.0000 23.9744 0.0026 
39.7032 4.0000 3652.1429 0.2635 0.0776 -0.5168 3.0444 6.0000 24.3960 0.0022 
39.7232 4.0000 3659.8176 0.2663 0.0769 -0.5232 3.0408 5.0000 24.3885 0.0027 
39.7173 4.0000 3657.5107 0.2651 0.0764 -0.5210 3.0423 6.0000 24.2754 0.0027 
39.6982 4.0000 3651.1511 0.2663 0.0769 -0.5214 3.0415 6.0000 24.0685 0.0027 
39.7064 4.0000 3653.1120 0.2653 0.0764 -0.5225 3.0410 6.0000 24.4673 0.0027 
39.6999 4.0000 3649.1169 0.2660 0.0764 -0.5272 3.0433 6.0000 24.2105 0.0027 
39.6982 4.0000 3650.6597 0.2654 0.0761 -0.5226 3.0398 6.0000 24.2378 0.0030 
39.6974 4.0000 3650.5105 0.2663 0.0770 -0.5222 3.0432 6.0000 24.1342 0.0028 
39.6850 4.0000 3644.7692 0.2657 0.0760 -0.5254 3.0397 6.0000 24.3150 0.0027 
39.6942 4.0000 3647.5015 0.2660 0.0777 -0.5228 3.0438 6.0000 24.4186 0.0028 
39.6992 4.0000 3650.3075 0.2659 0.0767 -0.5250 3.0431 6.0000 24.0560 0.0026 
39.6953 4.0000 3649.7665 0.2659 0.0768 -0.5251 3.0411 6.0000 24.4227 0.0026 
39.7032 4.0000 3652.7354 0.2662 0.0771 -0.5250 3.0428 6.0000 24.3154 0.0023 
39.7013 4.0000 3651.9517 0.2664 0.0764 -0.5236 3.0390 6.0000 24.1498 0.0028 
39.7129 4.0000 3656.1391 0.2658 0.0769 -0.5242 3.0437 6.0000 24.8145 0.0023 
39.6927 4.0000 3649.0979 0.2658 0.0764 -0.5242 3.0400 6.0000 24.4022 0.0018 
39.7125 4.0000 3655.6770 0.2658 0.0769 -0.5243 3.0426 6.0000 24.2408 0.0022 
39.7356 4.0000 3664.7833 0.2666 0.0765 -0.5229 3.0380 6.0000 24.8613 0.0025 
39.7169 4.0000 3656.6709 0.2636 0.0756 -0.5238 3.0414 6.0000 23.9269 0.0019 
39.7053 4.0000 3652.4485 0.2647 0.0757 -0.5258 3.0373 6.0000 24.2030 0.0025 
39.7301 4.0000 3662.0011 0.2672 0.0765 -0.5226 3.0408 6.0000 24.4005 0.0026 
39.7049 4.0000 3652.3710 0.2671 0.0773 -0.5232 3.0436 6.0000 23.9370 0.0025 
39.7016 4.0000 3651.0103 0.2659 0.0764 -0.5231 3.0422 6.0000 24.0213 0.0028 
39.7081 4.0000 3656.0082 0.2650 0.0767 -0.5229 3.0409 6.0000 23.8590 0.0028 
39.6934 4.0000 3649.3327 0.2648 0.0766 -0.5220 3.0428 6.0000 16.5526 0.0028 
