39.3863 4.0000 3538.8907 0.4694 0.1860 -0.6492 2.9589 5.0000 4.0903 0.0093 
39.4678 4.0000 3582.1164 0.4753 0.1850 -0.6447 2.9463 5.0000 4.0992 0.0093 
39.4018 4.0000 3549.0963 0.4654 0.1832 -0.6427 2.9533 5.0000 4.0165 0.0103 
39.4405 4.0000 3562.5124 0.4677 0.1840 -0.6488 2.9554 5.0000 3.9203 0.0095 
39.3918 4.0000 3552.8613 0.4656 0.1839 -0.6376 2.9498 5.0000 3.8690 0.0095 
39.4300 4.0000 3557.6183 0.4649 0.1837 -0.6417 2.9707 5.0000 3.8885 0.0095 
39.4754 4.0000 3570.3506 0.4727 0.1834 -0.6505 2.9603 5.0000 4.1731 0.0088 
39.4493 4.0000 3562.1728 0.4666 0.1849 -0.6441 2.9580 5.0000 4.2416 0.0099 
39.4582 4.0000 3570.7091 0.4756 0.1856 -0.6421 2.9587 5.0000 4.1389 0.0088 
39.4166 4.0000 3566.3434 0.4753 0.1832 -0.6403 2.9588 5.0000 4.2621 0.0103 
39.3522 4.0000 3540.6141 0.4694 0.1871 -0.6477 2.9612 5.0000 4.1525 0.0093 
39.4397 4.0000 3562.5237 0.4638 0.1819 -0.6453 2.9516 5.0000 4.1223 0.0093 
39.4018 4.0000 3556.7772 0.4702 0.1854 -0.6384 2.9549 5.0000 4.1714 0.0113 
39.4254 4.0000 3557.4926 0.4630 0.1836 -0.6411 2.9570 5.0000 4.2845 0.0100 
39.3594 4.0000 3533.7247 0.4758 0.1887 -0.6531 2.9649 5.0000 4.2585 0.0100 
39.4132 4.0000 3552.4855 0.4690 0.1832 -0.6483 2.9524 5.0000 3.9820 0.0091 
39.3686 4.0000 3534.5246 0.4631 0.1833 -0.6466 2.9605 5.0000 4.1957 0.0099 
39.4464 4.0000 3570.1660 0.4681 0.1850 -0.6444 2.9548 5.0000 4.1226 0.0099 
39.4170 4.0000 3562.8230 0.4687 0.1859 -0.6429 2.9601 5.0000 4.1019 0.0080 
39.3989 4.0000 3553.8974 0.4616 0.1791 -0.6414 2.9557 5.0000 4.0339 0.0104 
39.4880 4.0000 3583.4733 0.4677 0.1851 -0.6385 2.9623 5.0000 4.0272 0.0104 
39.3947 4.0000 3549.7654 0.4668 0.1850 -0.6410 2.9513 5.0000 4.2224 0.0086 
39.4569 4.0000 3574.6604 0.4673 0.1853 -0.6441 2.9583 5.0000 4.1460 0.0103 
39.4662 4.0000 3582.2169 0.4658 0.1863 -0.6291 2.9664 5.0000 4.2218 0.0098 
39.4014 4.0000 3538.7356 0.4682 0.1859 -0.6460 2.9604 5.0000 4.3058 0.0115 
39.4208 4.0000 3557.5540 0.4665 0.1816 -0.6340 2.9499 5.0000 4.2380 0.0107 
39.3527 4.0000 3536.5317 0.4655 0.1827 -0.6435 2.9535 6.0000 4.2706 0.0103 
39.3829 4.0000 3542.7575 0.4662 0.1805 -0.6473 2.9468 5.0000 4.2496 0.0103 
39.3993 4.0000 3550.1576 0.4696 0.1829 -0.6463 2.9570 5.0000 4.2564 0.0098 
39.4014 4.0000 3556.4182 0.4663 0.1828 -0.6447 2.9523 5.0000 4.2794 0.0078 
39.4199 4.0000 3555.8096 0.4688 0.1835 -0.6467 2.9476 5.0000 4.1929 0.0090 
39.4960 4.0000 3587.9500 0.4676 0.1847 -0.6340 2.9548 5.0000 4.1615 0.0095 
39.4489 4.0000 3571.4477 0.4677 0.1843 -0.6410 2.9577 5.0000 4.2228 0.0091 
39.4304 4.0000 3553.6171 0.4687 0.1845 -0.6460 2.9641 5.0000 4.0596 0.0103 
39.4451 4.0000 3557.2299 0.4667 0.1827 -0.6443 2.9585 5.0000 4.0356 0.0103 
39.3997 4.0000 3552.5616 0.4638 0.1825 -0.6376 2.9461 5.0000 3.9735 0.0111 
39.3867 4.0000 3544.9752 0.4674 0.1836 -0.6437 2.9557 5.0000 4.2707 0.0086 
39.3678 4.0000 3544.3169 0.4693 0.1862 -0.6405 2.9646 5.0000 4.2175 0.0086 
39.4670 4.0000 3567.4779 0.4581 0.1825 -0.6356 2.9549 5.0000 4.2643 0.0098 
39.4157 4.0000 3559.5271 0.4667 0.1842 -0.6454 2.9596 5.0000 4.1011 0.0100 
39.4208 4.0000 3548.6650 0.4684 0.1861 -0.6414 2.9697 5.0000 4.0356 0.0100 
39.4111 4.0000 3557.3615 0.4699 0.1847 -0.6428 2.9533 5.0000 4.1028 0.0107 
39.2745 4.0000 3497.2030 0.4651 0.1858 -0.6486 2.9720 5.0000 4.2698 0.0093 
39.3834 4.0000 3541.5797 0.4678 0.1848 -0.6437 2.9553 5.0000 4.2550 0.0093 
39.4384 4.0000 3558.4788 0.4631 0.1808 -0.6316 2.9542 5.0000 4.2296 0.0100 
39.4052 4.0000 3541.4716 0.4664 0.1812 -0.6501 2.9539 5.0000 3.9198 0.0095 
39.4128 4.0000 3556.8878 0.4732 0.1865 -0.6480 2.9560 5.0000 3.9510 0.0110 
39.4330 4.0000 3568.3665 0.4666 0.1823 -0.6449 2.9499 5.0000 3.9944 0.0084 
39.3745 4.0000 3526.5994 0.4729 0.1901 -0.6435 2.9674 5.0000 3.9518 0.0096 
39.4733 4.0000 3570.4157 0.4694 0.1863 -0.6423 2.9541 5.0000 3.9512 0.0090 
39.4275 4.0000 3565.8827 0.4680 0.1843 -0.6475 2.9551 5.0000 3.9676 0.0090 
39.4502 4.0000 3559.4758 0.4700 0.1863 -0.6481 2.9567 5.0000 4.1677 0.0104 
39.4489 4.0000 3568.3838 0.4722 0.1850 -0.6436 2.9478 5.0000 4.2768 0.0106 
39.3976 4.0000 3548.0202 0.4649 0.1830 -0.6441 2.9571 5.0000 4.2313 0.0101 
39.3880 4.0000 3551.5254 0.4639 0.1838 -0.6401 2.9557 5.0000 4.1246 0.0113 
39.4082 4.0000 3545.7264 0.4700 0.1844 -0.6459 2.9514 5.0000 4.1612 0.0117 
39.3628 4.0000 3538.9315 0.4692 0.1871 -0.6467 2.9556 5.0000 4.0856 0.0118 
39.3468 4.0000 3530.6831 0.4606 0.1813 -0.6408 2.9582 5.0000 3.9391 0.0080 
39.3422 4.0000 3532.0214 0.4676 0.1846 -0.6458 2.9611 5.0000 4.0941 0.0095 
39.4918 4.0000 3583.5237 0.4640 0.1810 -0.6398 2.9440 5.0000 4.1668 0.0123 
39.4300 4.0000 3545.7301 0.4715 0.1897 -0.6454 2.9594 5.0000 4.0599 0.0096 
39.3211 4.0000 3523.7692 0.4696 0.1879 -0.6455 2.9545 5.0000 4.0355 0.0085 
39.4283 4.0000 3558.7016 0.4699 0.1817 -0.6441 2.9524 5.0000 3.9858 0.0088 
39.4712 4.0000 3578.4166 0.4675 0.1832 -0.6450 2.9507 5.0000 4.0206 0.0101 
39.4590 4.0000 3574.6629 0.4699 0.1836 -0.6412 2.9617 5.0000 4.0349 0.0106 
39.4094 4.0000 3553.4813 0.4589 0.1798 -0.6328 2.9604 5.0000 4.1068 0.0110 
39.3871 4.0000 3544.7158 0.4695 0.1815 -0.6467 2.9491 5.0000 4.1440 0.0107 
39.3712 4.0000 3541.8878 0.4723 0.1850 -0.6542 2.9597 5.0000 4.0899 0.0112 
39.3846 4.0000 3554.4737 0.4652 0.1806 -0.6381 2.9641 5.0000 4.1526 0.0106 
39.3665 4.0000 3533.2329 0.4656 0.1851 -0.6409 2.9558 5.0000 4.1201 0.0098 
39.3897 4.0000 3537.0336 0.4664 0.1858 -0.6414 2.9655 5.0000 4.2101 0.0103 
39.4212 4.0000 3552.3573 0.4639 0.1825 -0.6437 2.9657 5.0000 4.1813 0.0102 
39.3993 4.0000 3537.6389 0.4656 0.1850 -0.6471 2.9635 5.0000 3.8939 0.0101 
39.4035 4.0000 3558.4456 0.4683 0.1817 -0.6475 2.9585 5.0000 3.9680 0.0112 
39.4073 4.0000 3565.5330 0.4721 0.1846 -0.6457 2.9511 5.0000 3.9972 0.0101 
39.3632 4.0000 3549.2472 0.4706 0.1841 -0.6400 2.9665 5.0000 4.1501 0.0089 
39.4069 4.0000 3555.1433 0.4723 0.1859 -0.6433 2.9556 5.0000 4.0814 0.0094 
39.4565 4.0000 3571.0567 0.4706 0.1867 -0.6420 2.9570 5.0000 4.1489 0.0096 
39.4359 4.0000 3555.3262 0.4683 0.1851 -0.6388 2.9489 5.0000 3.9951 0.0108 
39.4262 4.0000 3554.4061 0.4673 0.1841 -0.6514 2.9540 5.0000 4.0739 0.0109 
39.3787 4.0000 3546.4590 0.4646 0.1826 -0.6434 2.9557 5.0000 4.0655 0.0094 
39.3758 4.0000 3539.0240 0.4694 0.1824 -0.6457 2.9554 5.0000 4.1007 0.0101 
39.4367 4.0000 3568.7024 0.4707 0.1834 -0.6461 2.9608 5.0000 4.1482 0.0097 
39.4082 4.0000 3530.6545 0.4672 0.1832 -0.6512 2.9672 5.0000 4.1925 0.0099 
39.4216 4.0000 3557.2829 0.4659 0.1834 -0.6452 2.9567 5.0000 3.9753 0.0113 
39.4170 4.0000 3553.5540 0.4685 0.1818 -0.6452 2.9513 5.0000 4.0600 0.0094 
39.3628 4.0000 3547.0168 0.4675 0.1849 -0.6363 2.9578 5.0000 4.1825 0.0100 
39.4367 4.0000 3554.8125 0.4691 0.1856 -0.6449 2.9681 5.0000 4.0184 0.0130 
39.4115 4.0000 3540.9054 0.4679 0.1851 -0.6498 2.9634 5.0000 3.9731 0.0090 
39.2968 4.0000 3511.0656 0.4663 0.1845 -0.6497 2.9614 5.0000 3.9792 0.0104 
39.4515 4.0000 3572.2081 0.4692 0.1859 -0.6375 2.9569 5.0000 4.2416 0.0100 
39.3960 4.0000 3547.9941 0.4717 0.1869 -0.6409 2.9626 5.0000 4.2267 0.0104 
39.4119 4.0000 3545.8483 0.4695 0.1872 -0.6422 2.9673 5.0000 4.2095 0.0100 
39.3951 4.0000 3543.6919 0.4696 0.1856 -0.6444 2.9578 5.0000 4.1185 0.0106 
39.4115 4.0000 3558.9340 0.4697 0.1825 -0.6480 2.9620 5.0000 4.1372 0.0094 
39.3867 4.0000 3539.2551 0.4644 0.1862 -0.6401 2.9730 5.0000 4.2307 0.0086 
39.4342 4.0000 3560.3035 0.4684 0.1834 -0.6348 2.9450 5.0000 4.0493 0.0087 
39.4678 4.0000 3576.0231 0.4617 0.1812 -0.6343 2.9519 5.0000 4.1272 0.0106 
39.4620 4.0000 3579.1253 0.4731 0.1831 -0.6451 2.9529 5.0000 4.1900 0.0106 
39.3876 4.0000 3550.7827 0.4679 0.1845 -0.6455 2.9520 5.0000 3.6531 0.0106 
