31.0623 1.0000 3011.0078 0.2415 0.0665 -0.2972 3.4535 8.0000 23.3643 0.0008 
31.0681 1.0000 3013.3491 0.2413 0.0661 -0.2973 3.4552 8.0000 27.6181 0.0008 
31.0607 1.0000 3010.0029 0.2414 0.0660 -0.2975 3.4550 8.0000 26.7372 0.0009 
31.0599 1.0000 3009.8814 0.2397 0.0662 -0.2961 3.4553 8.0000 29.2471 0.0009 
31.0615 1.0000 3010.3435 0.2419 0.0663 -0.2984 3.4571 8.0000 27.3672 0.0009 
31.0628 1.0000 3011.3418 0.2412 0.0666 -0.2961 3.4553 7.0000 26.6049 0.0008 
31.0601 1.0000 3009.8353 0.2417 0.0661 -0.2983 3.4558 8.0000 29.1151 0.0009 
31.0575 1.0000 3008.9147 0.2402 0.0659 -0.2976 3.4568 9.0000 12.7392 0.0008 
31.0588 1.0000 3009.1319 0.2411 0.0660 -0.2974 3.4537 8.0000 9.4274 0.0009 
31.0632 1.0000 3010.9515 0.2398 0.0657 -0.2966 3.4544 8.0000 13.5669 0.0008 
31.0612 1.0000 3010.2383 0.2414 0.0653 -0.3001 3.4527 8.0000 13.2747 0.0009 
31.0585 1.0000 3008.8590 0.2417 0.0661 -0.2981 3.4542 8.0000 13.2323 0.0007 
31.0620 1.0000 3010.2420 0.2410 0.0661 -0.2961 3.4548 8.0000 9.2070 0.0007 
31.0574 1.0000 3008.7636 0.2411 0.0664 -0.2976 3.4552 8.0000 13.0844 0.0009 
31.0605 1.0000 3010.0244 0.2401 0.0662 -0.2949 3.4541 9.0000 12.2714 0.0009 
31.0580 1.0000 3009.0546 0.2386 0.0659 -0.2952 3.4545 8.0000 13.6914 0.0009 
31.0642 1.0000 3011.6061 0.2393 0.0661 -0.2956 3.4539 8.0000 13.5619 0.0009 
31.0606 1.0000 3010.1774 0.2406 0.0658 -0.2973 3.4519 8.0000 13.2873 0.0008 
31.0581 1.0000 3008.9752 0.2388 0.0649 -0.2962 3.4560 9.0000 9.3436 0.0011 
31.0635 1.0000 3011.3257 0.2395 0.0652 -0.2972 3.4530 8.0000 13.2862 0.0009 
31.0591 1.0000 3009.4581 0.2419 0.0668 -0.2967 3.4554 8.0000 10.6907 0.0008 
31.0589 1.0000 3009.3698 0.2416 0.0658 -0.2995 3.4518 9.0000 13.5760 0.0008 
31.0538 1.0000 3007.0775 0.2393 0.0665 -0.2938 3.4562 8.0000 13.5330 0.0008 
31.0586 1.0000 3009.5444 0.2413 0.0659 -0.2975 3.4557 8.0000 13.5719 0.0007 
31.0586 1.0000 3009.3353 0.2398 0.0655 -0.2965 3.4546 8.0000 10.9349 0.0009 
31.0628 1.0000 3010.9163 0.2423 0.0662 -0.2991 3.4540 8.0000 14.0333 0.0007 
31.0608 1.0000 3010.1865 0.2391 0.0651 -0.2978 3.4532 8.0000 14.1733 0.0009 
31.0632 1.0000 3011.3218 0.2405 0.0664 -0.2953 3.4554 8.0000 14.1868 0.0008 
31.0655 1.0000 3011.9623 0.2402 0.0652 -0.2974 3.4494 8.0000 9.6347 0.0010 
31.0632 1.0000 3011.3033 0.2409 0.0656 -0.2989 3.4524 8.0000 14.6102 0.0009 
31.0636 1.0000 3011.6856 0.2399 0.0660 -0.2955 3.4550 9.0000 14.1824 0.0010 
31.0618 1.0000 3010.2893 0.2416 0.0655 -0.2994 3.4534 8.0000 12.5129 0.0009 
31.0598 1.0000 3009.8748 0.2400 0.0665 -0.2961 3.4570 8.0000 13.8204 0.0009 
31.0596 1.0000 3009.7420 0.2404 0.0668 -0.2949 3.4562 7.0000 14.2761 0.0008 
31.0560 1.0000 3008.2275 0.2417 0.0663 -0.2986 3.4538 8.0000 14.0712 0.0009 
31.0578 1.0000 3008.6076 0.2399 0.0656 -0.2973 3.4540 8.0000 9.1876 0.0008 
31.0559 1.0000 3008.1295 0.2409 0.0666 -0.2965 3.4580 8.0000 13.1726 0.0008 
31.0564 1.0000 3008.5090 0.2358 0.0643 -0.2951 3.4505 8.0000 14.8100 0.0009 
31.0573 1.0000 3008.7874 0.2414 0.0672 -0.2959 3.4578 8.0000 13.4087 0.0009 
31.0619 1.0000 3010.4785 0.2399 0.0655 -0.2976 3.4559 8.0000 13.1979 0.0007 
31.0583 1.0000 3009.3301 0.2402 0.0659 -0.2968 3.4527 8.0000 9.2647 0.0008 
31.0628 1.0000 3010.9078 0.2398 0.0653 -0.2971 3.4524 8.0000 11.6039 0.0009 
31.0598 1.0000 3010.0278 0.2387 0.0658 -0.2959 3.4530 7.0000 11.6274 0.0007 
31.0586 1.0000 3009.2403 0.2400 0.0658 -0.2971 3.4523 7.0000 9.3765 0.0008 
31.0632 1.0000 3011.3269 0.2397 0.0653 -0.2979 3.4535 8.0000 13.7426 0.0008 
31.0657 1.0000 3012.4528 0.2402 0.0651 -0.2987 3.4540 8.0000 9.8694 0.0010 
31.0631 1.0000 3011.2163 0.2403 0.0657 -0.2973 3.4558 8.0000 13.2110 0.0008 
31.0596 1.0000 3009.3355 0.2396 0.0659 -0.2962 3.4566 9.0000 13.1831 0.0007 
31.0614 1.0000 3010.4010 0.2402 0.0657 -0.2975 3.4570 9.0000 13.2839 0.0010 
31.0636 1.0000 3010.7562 0.2398 0.0654 -0.2978 3.4585 8.0000 13.4797 0.0009 
31.0630 1.0000 3011.0033 0.2393 0.0650 -0.2978 3.4522 9.0000 13.6290 0.0008 
31.0570 1.0000 3008.6274 0.2391 0.0659 -0.2956 3.4543 8.0000 13.5053 0.0009 
31.0632 1.0000 3011.3609 0.2405 0.0660 -0.2983 3.4552 8.0000 13.2485 0.0009 
31.0662 1.0000 3012.6135 0.2395 0.0659 -0.2958 3.4534 9.0000 9.2248 0.0008 
31.0558 1.0000 3008.0176 0.2410 0.0659 -0.2976 3.4554 9.0000 13.2720 0.0010 
31.0586 1.0000 3009.3763 0.2403 0.0650 -0.2979 3.4540 8.0000 10.0613 0.0009 
31.0578 1.0000 3008.7367 0.2400 0.0668 -0.2952 3.4538 7.0000 11.7080 0.0007 
31.0613 1.0000 3010.1594 0.2393 0.0655 -0.2962 3.4538 8.0000 9.2660 0.0008 
31.0628 1.0000 3011.0630 0.2401 0.0656 -0.2960 3.4527 8.0000 13.7017 0.0009 
31.0596 1.0000 3009.7475 0.2398 0.0652 -0.2979 3.4539 8.0000 13.0788 0.0009 
31.0546 1.0000 3007.3217 0.2407 0.0660 -0.2986 3.4532 8.0000 13.3351 0.0009 
31.0578 1.0000 3009.3874 0.2396 0.0661 -0.2971 3.4539 8.0000 9.5096 0.0009 
31.0635 1.0000 3011.7561 0.2404 0.0656 -0.2966 3.4544 8.0000 14.2402 0.0009 
31.0609 1.0000 3010.2922 0.2385 0.0653 -0.2962 3.4537 8.0000 9.7196 0.0009 
31.0591 1.0000 3009.6726 0.2405 0.0659 -0.2974 3.4534 7.0000 10.2516 0.0010 
31.0601 1.0000 3009.7623 0.2415 0.0665 -0.2973 3.4531 8.0000 14.0640 0.0007 
31.0577 1.0000 3008.7569 0.2409 0.0648 -0.3003 3.4529 8.0000 13.6083 0.0007 
31.0578 1.0000 3009.1776 0.2384 0.0659 -0.2952 3.4578 8.0000 13.1585 0.0008 
31.0578 1.0000 3008.4692 0.2435 0.0664 -0.2999 3.4543 8.0000 16.9920 0.0009 
31.0592 1.0000 3009.6762 0.2380 0.0649 -0.2965 3.4519 8.0000 16.4965 0.0008 
31.0564 1.0000 3007.8479 0.2394 0.0653 -0.2966 3.4571 8.0000 13.2391 0.0008 
31.0643 1.0000 3011.9373 0.2402 0.0652 -0.2983 3.4550 9.0000 9.3877 0.0009 
31.0636 1.0000 3011.6250 0.2394 0.0655 -0.2967 3.4512 8.0000 13.4905 0.0010 
31.0606 1.0000 3009.8800 0.2388 0.0660 -0.2949 3.4559 8.0000 11.2070 0.0008 
31.0571 1.0000 3008.8723 0.2406 0.0661 -0.2976 3.4560 8.0000 13.0778 0.0009 
31.0615 1.0000 3010.3528 0.2410 0.0661 -0.2979 3.4540 7.0000 13.9988 0.0010 
31.0632 1.0000 3011.5029 0.2411 0.0658 -0.2993 3.4529 8.0000 13.0230 0.0007 
31.0591 1.0000 3009.5767 0.2408 0.0666 -0.2962 3.4534 8.0000 10.3997 0.0009 
31.0630 1.0000 3011.0837 0.2417 0.0660 -0.2980 3.4524 7.0000 12.7934 0.0009 
31.0569 1.0000 3008.2368 0.2405 0.0658 -0.2982 3.4571 7.0000 12.3030 0.0008 
31.0585 1.0000 3009.1090 0.2420 0.0663 -0.2995 3.4531 8.0000 13.0619 0.0007 
31.0567 1.0000 3008.3064 0.2388 0.0663 -0.2939 3.4586 8.0000 13.4692 0.0010 
31.0643 1.0000 3011.6002 0.2400 0.0663 -0.2958 3.4573 8.0000 13.2708 0.0009 
31.0596 1.0000 3009.6717 0.2405 0.0662 -0.2973 3.4572 8.0000 9.1611 0.0007 
31.0598 1.0000 3009.8564 0.2403 0.0659 -0.2966 3.4556 7.0000 13.5653 0.0008 
31.0612 1.0000 3010.3833 0.2396 0.0660 -0.2958 3.4540 8.0000 13.7754 0.0008 
31.0636 1.0000 3011.1053 0.2399 0.0657 -0.2968 3.4558 8.0000 13.3589 0.0010 
31.0565 1.0000 3008.1226 0.2381 0.0659 -0.2954 3.4559 8.0000 13.3128 0.0009 
31.0641 1.0000 3011.5489 0.2413 0.0652 -0.2993 3.4537 8.0000 13.6503 0.0009 
31.0577 1.0000 3008.7775 0.2412 0.0659 -0.2987 3.4556 8.0000 14.2468 0.0009 
31.0604 1.0000 3009.7743 0.2401 0.0662 -0.2952 3.4553 8.0000 14.0871 0.0009 
31.0609 1.0000 3010.0828 0.2398 0.0653 -0.2978 3.4536 8.0000 14.6669 0.0008 
31.0580 1.0000 3009.2819 0.2405 0.0655 -0.2983 3.4533 8.0000 13.2370 0.0008 
31.0567 1.0000 3008.3050 0.2402 0.0658 -0.2971 3.4540 7.0000 14.3747 0.0008 
31.0590 1.0000 3009.2745 0.2424 0.0656 -0.3001 3.4560 8.0000 13.2021 0.0008 
31.0586 1.0000 3009.0133 0.2414 0.0656 -0.2983 3.4543 8.0000 13.2915 0.0008 
31.0589 1.0000 3009.6610 0.2412 0.0655 -0.2983 3.4559 8.0000 11.5534 0.0008 
31.0614 1.0000 3010.6518 0.2425 0.0665 -0.2977 3.4541 8.0000 13.0584 0.0008 
31.0625 1.0000 3010.8401 0.2392 0.0655 -0.2968 3.4557 8.0000 9.2698 0.0008 
31.0615 1.0000 3010.3287 0.2409 0.0650 -0.2989 3.4516 8.0000 14.5334 0.0008 
