38.5750 4.0000 3251.4905 0.4251 0.2138 -0.6047 2.6222 5.0000 0.4226 0.0350 
38.4590 4.0000 3239.6091 0.4189 0.2119 -0.6052 2.6192 5.0000 0.4158 0.0350 
38.2863 4.0000 3186.9786 0.4278 0.2116 -0.6226 2.6174 5.0000 0.4159 0.0350 
38.4363 4.0000 3234.3279 0.4303 0.2100 -0.6203 2.6170 5.0000 0.4595 0.0345 
38.4956 4.0000 3254.8537 0.4284 0.2081 -0.6150 2.6135 5.0000 0.4306 0.0340 
38.4968 4.0000 3257.4943 0.4321 0.2135 -0.6220 2.6126 5.0000 0.4189 0.0340 
38.5322 4.0000 3254.0227 0.4264 0.2103 -0.6092 2.6019 5.0000 0.4767 0.0338 
38.4767 4.0000 3230.6797 0.4219 0.2061 -0.6187 2.6170 5.0000 0.5015 0.0329 
38.5044 4.0000 3240.6456 0.4275 0.2133 -0.6126 2.6240 5.0000 0.5229 0.0305 
38.5385 4.0000 3253.3266 0.4284 0.2115 -0.6139 2.6176 5.0000 0.3798 0.0345 
38.6267 4.0000 3314.4552 0.4364 0.2140 -0.6123 2.6200 5.0000 0.3801 0.0365 
38.4792 4.0000 3248.2030 0.4208 0.2009 -0.6204 2.6020 5.0000 0.3790 0.0301 
38.4048 4.0000 3233.4086 0.4238 0.2128 -0.6103 2.6157 5.0000 0.3803 0.0324 
38.6419 4.0000 3308.7327 0.4310 0.2066 -0.6243 2.6055 5.0000 0.3788 0.0346 
38.5574 4.0000 3301.6028 0.4259 0.2114 -0.5969 2.6059 5.0000 0.3755 0.0350 
38.4754 4.0000 3251.0101 0.4307 0.2108 -0.6082 2.6091 5.0000 0.3732 0.0319 
38.4603 4.0000 3243.9584 0.4342 0.2138 -0.6197 2.6215 5.0000 0.3813 0.0329 
38.5750 4.0000 3275.8499 0.4250 0.2085 -0.6078 2.6084 5.0000 0.3749 0.0284 
38.5397 4.0000 3256.8361 0.4198 0.2075 -0.6138 2.6173 5.0000 0.3756 0.0358 
38.7062 4.0000 3319.4628 0.4291 0.2093 -0.6201 2.6176 5.0000 0.3785 0.0350 
38.4288 4.0000 3237.5359 0.4188 0.2085 -0.6116 2.6121 5.0000 0.3725 0.0367 
38.4590 4.0000 3237.8285 0.4240 0.2110 -0.6180 2.6255 5.0000 0.3739 0.0303 
38.3985 4.0000 3235.4842 0.4239 0.2106 -0.6173 2.6115 5.0000 0.3789 0.0314 
38.6368 4.0000 3281.7894 0.4341 0.2103 -0.6201 2.6151 5.0000 0.3723 0.0359 
38.5939 4.0000 3271.7654 0.4318 0.2113 -0.6216 2.6059 5.0000 0.3758 0.0371 
38.4275 4.0000 3214.2900 0.4313 0.2149 -0.6186 2.6267 5.0000 0.3866 0.0361 
38.3808 4.0000 3220.1955 0.4225 0.2099 -0.6113 2.6144 5.0000 0.3757 0.0361 
38.4174 4.0000 3237.2068 0.4289 0.2109 -0.6115 2.6209 5.0000 0.4005 0.0357 
38.4136 4.0000 3202.0164 0.4234 0.2106 -0.6126 2.6109 5.0000 0.3806 0.0311 
38.4351 4.0000 3227.9054 0.4256 0.2095 -0.6217 2.6200 5.0000 0.3799 0.0333 
38.6053 4.0000 3277.6721 0.4260 0.2132 -0.6126 2.6225 5.0000 0.3942 0.0321 
38.5221 4.0000 3269.1211 0.4277 0.2107 -0.6080 2.6174 5.0000 0.4011 0.0343 
38.5662 4.0000 3259.8815 0.4261 0.2096 -0.6158 2.6126 5.0000 0.3956 0.0343 
38.4842 4.0000 3254.9584 0.4252 0.2087 -0.6137 2.6091 5.0000 0.4008 0.0305 
38.4552 4.0000 3261.4754 0.4305 0.2128 -0.5993 2.6162 5.0000 0.4035 0.0341 
38.6267 4.0000 3281.4023 0.4242 0.2077 -0.6148 2.6078 5.0000 0.3958 0.0341 
38.4943 4.0000 3244.6381 0.4244 0.2079 -0.6187 2.6170 5.0000 0.3869 0.0329 
38.3745 4.0000 3198.2522 0.4332 0.2132 -0.6220 2.6329 5.0000 0.3862 0.0348 
38.5372 4.0000 3260.6482 0.4285 0.2113 -0.6239 2.6247 5.0000 0.3886 0.0348 
38.4653 4.0000 3236.0996 0.4214 0.2061 -0.6042 2.6233 5.0000 0.3728 0.0300 
38.4603 4.0000 3227.2825 0.4317 0.2121 -0.6249 2.6211 5.0000 0.3822 0.0316 
38.6456 4.0000 3286.8752 0.4251 0.2127 -0.6010 2.6158 5.0000 0.3793 0.0316 
38.5851 4.0000 3291.0858 0.4377 0.2092 -0.6233 2.6038 5.0000 0.3752 0.0316 
38.5876 4.0000 3274.9874 0.4373 0.2144 -0.6350 2.6183 5.0000 0.3838 0.0346 
38.5851 4.0000 3308.1992 0.4303 0.2064 -0.6226 2.6010 5.0000 0.3806 0.0346 
38.4754 4.0000 3259.6759 0.4354 0.2139 -0.6229 2.6194 5.0000 0.3766 0.0359 
38.4754 4.0000 3253.7049 0.4243 0.2095 -0.6165 2.6179 5.0000 0.3784 0.0331 
38.4250 4.0000 3217.9937 0.4285 0.2100 -0.6178 2.6151 5.0000 0.3803 0.0331 
38.5322 4.0000 3288.9243 0.4280 0.2115 -0.6097 2.6154 5.0000 0.3742 0.0344 
38.5435 4.0000 3261.1198 0.4238 0.2144 -0.6075 2.6147 5.0000 0.3790 0.0369 
38.4830 4.0000 3256.6507 0.4228 0.2097 -0.6036 2.6123 5.0000 0.3786 0.0369 
38.3897 4.0000 3256.7970 0.4243 0.2055 -0.6078 2.6158 5.0000 0.3852 0.0365 
38.5271 4.0000 3267.3190 0.4361 0.2122 -0.6298 2.6250 5.0000 0.3958 0.0334 
38.4048 4.0000 3209.5448 0.4238 0.2085 -0.6212 2.6229 5.0000 0.4062 0.0334 
38.5183 4.0000 3236.7932 0.4256 0.2094 -0.6117 2.6062 5.0000 0.3906 0.0334 
38.3203 4.0000 3179.6280 0.4295 0.2109 -0.6317 2.6194 5.0000 0.3915 0.0324 
38.5183 4.0000 3280.6822 0.4234 0.2091 -0.6017 2.6004 5.0000 0.3913 0.0324 
38.5574 4.0000 3278.9496 0.4268 0.2097 -0.6134 2.6140 5.0000 0.4010 0.0337 
38.4578 4.0000 3216.8172 0.4288 0.2131 -0.6222 2.6243 5.0000 0.3991 0.0332 
38.5082 4.0000 3244.5738 0.4288 0.2097 -0.6261 2.6098 5.0000 0.3996 0.0332 
38.5284 4.0000 3274.8033 0.4367 0.2092 -0.6227 2.6224 5.0000 0.3911 0.0373 
38.4994 4.0000 3236.3985 0.4314 0.2158 -0.6164 2.6262 5.0000 0.3892 0.0309 
38.3733 4.0000 3200.5965 0.4237 0.2134 -0.6084 2.6232 5.0000 0.3865 0.0309 
38.6129 4.0000 3321.5069 0.4346 0.2092 -0.6173 2.6111 5.0000 0.3825 0.0298 
38.5788 4.0000 3277.8651 0.4241 0.2102 -0.6069 2.6228 5.0000 0.3777 0.0324 
38.6545 4.0000 3309.6078 0.4272 0.2060 -0.6188 2.6029 5.0000 0.3801 0.0324 
38.5561 4.0000 3244.1576 0.4314 0.2138 -0.6156 2.6164 5.0000 0.3779 0.0351 
38.4464 4.0000 3278.8613 0.4260 0.2079 -0.6036 2.6104 5.0000 0.3770 0.0338 
38.4565 4.0000 3239.0088 0.4216 0.2105 -0.6136 2.6180 5.0000 0.3771 0.0338 
38.5032 4.0000 3246.4439 0.4235 0.2102 -0.6088 2.6150 5.0000 0.3850 0.0336 
38.6179 4.0000 3304.6141 0.4317 0.2127 -0.6129 2.6137 5.0000 0.3758 0.0286 
38.5132 4.0000 3249.8764 0.4378 0.2130 -0.6467 2.6127 5.0000 0.3767 0.0356 
38.6974 4.0000 3335.3531 0.4295 0.2138 -0.5987 2.6055 5.0000 0.3773 0.0343 
38.4376 4.0000 3206.5082 0.4318 0.2123 -0.6196 2.6205 5.0000 0.3751 0.0372 
38.4842 4.0000 3240.3581 0.4226 0.2102 -0.6055 2.6110 5.0000 0.3743 0.0372 
38.3783 4.0000 3223.7982 0.4258 0.2095 -0.6126 2.6222 5.0000 0.3887 0.0371 
38.5284 4.0000 3264.1438 0.4309 0.2074 -0.6274 2.6136 5.0000 0.3892 0.0340 
38.3821 4.0000 3208.9395 0.4244 0.2088 -0.6149 2.6164 5.0000 0.3985 0.0366 
38.4968 4.0000 3245.0353 0.4267 0.2113 -0.6150 2.6234 5.0000 0.3891 0.0367 
38.3997 4.0000 3226.4414 0.4270 0.2131 -0.6158 2.6313 5.0000 0.4047 0.0316 
38.3972 4.0000 3235.0895 0.4241 0.2088 -0.6155 2.6176 5.0000 0.3987 0.0361 
38.5864 4.0000 3282.4805 0.4278 0.2070 -0.6208 2.6052 5.0000 0.4022 0.0301 
38.4199 4.0000 3213.5536 0.4258 0.2142 -0.6114 2.6141 5.0000 0.4005 0.0312 
38.6419 4.0000 3282.8802 0.4170 0.2124 -0.5932 2.6163 5.0000 0.4165 0.0372 
38.6028 4.0000 3331.0290 0.4357 0.2086 -0.6174 2.6021 5.0000 0.3971 0.0346 
38.3796 4.0000 3203.2610 0.4258 0.2133 -0.6151 2.6202 5.0000 0.3946 0.0335 
38.4754 4.0000 3230.6368 0.4214 0.2142 -0.6040 2.6172 5.0000 0.3876 0.0385 
38.5145 4.0000 3255.5851 0.4224 0.2134 -0.5990 2.6213 5.0000 0.3790 0.0330 
38.3317 4.0000 3206.7566 0.4382 0.2149 -0.6286 2.6167 5.0000 0.3770 0.0309 
38.5359 4.0000 3302.7692 0.4260 0.2088 -0.6102 2.5985 5.0000 0.3806 0.0321 
38.6129 4.0000 3305.0895 0.4295 0.2125 -0.6135 2.6073 5.0000 0.3857 0.0359 
38.5687 4.0000 3285.6961 0.4311 0.2111 -0.6175 2.6080 5.0000 0.3737 0.0329 
38.4250 4.0000 3260.0757 0.4282 0.2088 -0.6163 2.6055 5.0000 0.3737 0.0354 
38.5372 4.0000 3252.2951 0.4292 0.2067 -0.6369 2.6073 5.0000 0.3752 0.0312 
38.4464 4.0000 3202.8348 0.4295 0.2092 -0.6378 2.6216 5.0000 0.3747 0.0379 
38.6015 4.0000 3286.1564 0.4289 0.2093 -0.6156 2.6114 5.0000 0.3760 0.0339 
38.3506 4.0000 3216.1337 0.4257 0.2092 -0.6106 2.6190 5.0000 0.3769 0.0292 
38.5006 4.0000 3261.4489 0.4347 0.2144 -0.6150 2.6151 5.0000 0.3821 0.0302 
38.6772 4.0000 3316.4174 0.4308 0.2053 -0.6236 2.6024 5.0000 0.3733 0.0302 
38.6381 4.0000 3309.3165 0.4314 0.2157 -0.6173 2.6167 5.0000 0.3740 0.0302 
