39.6685 16.5000 3640.0964 0.2429 0.0755 -0.4965 2.9572 5.0000 10.9450 0.0034 
39.6665 16.5000 3639.2891 0.2412 0.0754 -0.4946 2.9605 5.0000 10.9237 0.0036 
39.6612 16.5000 3639.2921 0.2426 0.0748 -0.4959 2.9574 5.0000 10.7556 0.0036 
39.6696 16.5000 3638.9281 0.2402 0.0736 -0.4939 2.9598 5.0000 12.2512 0.0035 
39.6637 16.5000 3637.7540 0.2385 0.0747 -0.4886 2.9578 5.0000 12.3267 0.0034 
39.6674 16.5000 3640.7880 0.2408 0.0752 -0.4907 2.9592 5.0000 12.2172 0.0035 
39.6693 16.5000 3638.8015 0.2413 0.0751 -0.4941 2.9557 5.0000 11.9620 0.0036 
39.6690 16.5000 3639.4922 0.2417 0.0743 -0.4942 2.9572 6.0000 11.9379 0.0036 
39.6634 16.5000 3638.8474 0.2429 0.0742 -0.4958 2.9594 5.0000 12.0352 0.0038 
39.6542 16.5000 3633.5160 0.2397 0.0746 -0.4934 2.9556 6.0000 11.8703 0.0037 
39.6755 16.5000 3642.7493 0.2427 0.0744 -0.4931 2.9596 6.0000 11.6721 0.0037 
39.6592 16.5000 3636.7084 0.2429 0.0742 -0.4949 2.9593 5.0000 11.9074 0.0035 
39.6822 16.5000 3643.7542 0.2412 0.0743 -0.4961 2.9548 5.0000 11.7941 0.0032 
39.6654 16.5000 3638.4453 0.2410 0.0749 -0.4927 2.9594 5.0000 11.9251 0.0039 
39.6789 16.5000 3641.4230 0.2414 0.0740 -0.4933 2.9598 6.0000 11.9330 0.0037 
39.6511 16.5000 3633.3143 0.2396 0.0738 -0.4939 2.9574 5.0000 10.9626 0.0033 
39.6590 16.5000 3638.6599 0.2410 0.0740 -0.4912 2.9595 5.0000 11.1166 0.0036 
39.6758 16.5000 3643.6789 0.2406 0.0740 -0.4921 2.9557 5.0000 11.1965 0.0031 
39.6629 16.5000 3638.5280 0.2404 0.0739 -0.4903 2.9576 5.0000 11.8279 0.0033 
39.6814 16.5000 3641.5174 0.2384 0.0749 -0.4881 2.9585 5.0000 11.8900 0.0038 
39.6758 16.5000 3642.3461 0.2398 0.0730 -0.4924 2.9570 5.0000 12.1190 0.0034 
39.6559 16.5000 3634.7561 0.2397 0.0737 -0.4918 2.9549 6.0000 11.7487 0.0037 
39.6696 16.5000 3640.2183 0.2394 0.0738 -0.4941 2.9595 5.0000 11.8656 0.0038 
39.6587 16.5000 3636.9990 0.2414 0.0742 -0.4939 2.9585 6.0000 12.0967 0.0037 
39.6539 16.5000 3632.9051 0.2396 0.0749 -0.4912 2.9576 5.0000 11.9602 0.0040 
39.6590 16.5000 3636.7255 0.2378 0.0737 -0.4901 2.9600 6.0000 12.0365 0.0046 
39.6461 16.5000 3632.1945 0.2412 0.0741 -0.4946 2.9601 5.0000 12.2343 0.0042 
39.6248 16.5000 3623.3625 0.2400 0.0741 -0.4941 2.9597 5.0000 11.3482 0.0033 
39.6374 16.5000 3629.1901 0.2406 0.0742 -0.4932 2.9595 6.0000 11.1031 0.0035 
39.6747 16.5000 3642.4926 0.2421 0.0747 -0.4984 2.9599 5.0000 11.4455 0.0039 
39.6671 16.5000 3637.0764 0.2409 0.0746 -0.4928 2.9532 5.0000 11.8839 0.0041 
39.6531 16.5000 3634.1939 0.2429 0.0744 -0.4942 2.9572 5.0000 11.9775 0.0037 
39.6427 16.5000 3628.1362 0.2403 0.0745 -0.4968 2.9588 5.0000 12.1690 0.0038 
39.6576 16.5000 3636.2421 0.2406 0.0741 -0.4946 2.9616 6.0000 11.9712 0.0033 
39.6536 16.5000 3635.0167 0.2405 0.0742 -0.4930 2.9574 5.0000 11.9550 0.0038 
39.6747 16.5000 3639.1800 0.2391 0.0738 -0.4911 2.9599 5.0000 12.2921 0.0035 
39.6536 16.5000 3633.2868 0.2408 0.0746 -0.4942 2.9580 5.0000 13.6799 0.0037 
39.6668 16.5000 3638.0286 0.2405 0.0732 -0.4925 2.9567 5.0000 13.5966 0.0033 
39.6604 16.5000 3636.7575 0.2395 0.0740 -0.4940 2.9566 5.0000 14.0636 0.0034 
39.6761 16.5000 3641.8557 0.2402 0.0743 -0.4902 2.9564 5.0000 12.3456 0.0041 
39.6704 16.5000 3642.3965 0.2387 0.0737 -0.4881 2.9592 5.0000 12.4301 0.0030 
39.6424 16.5000 3627.3670 0.2399 0.0740 -0.4944 2.9586 5.0000 12.0879 0.0035 
39.6867 16.5000 3647.0733 0.2415 0.0734 -0.4935 2.9571 5.0000 11.1093 0.0034 
39.6671 16.5000 3638.2424 0.2385 0.0742 -0.4882 2.9597 5.0000 10.9300 0.0037 
39.6710 16.5000 3640.2830 0.2400 0.0750 -0.4898 2.9551 5.0000 11.3428 0.0038 
39.6576 16.5000 3635.6727 0.2374 0.0737 -0.4895 2.9604 5.0000 11.1726 0.0039 
39.6550 16.5000 3634.6333 0.2434 0.0745 -0.4979 2.9589 5.0000 10.9841 0.0039 
39.6517 16.5000 3633.3574 0.2408 0.0747 -0.4944 2.9576 6.0000 11.3209 0.0038 
39.6508 16.5000 3633.6130 0.2394 0.0741 -0.4916 2.9578 5.0000 11.8756 0.0043 
39.6545 16.5000 3634.2147 0.2405 0.0735 -0.4916 2.9572 6.0000 11.8480 0.0043 
39.6343 16.5000 3628.0154 0.2410 0.0741 -0.4952 2.9566 6.0000 11.9649 0.0033 
39.6665 16.5000 3638.9592 0.2407 0.0743 -0.4944 2.9615 6.0000 11.7734 0.0034 
39.6763 16.5000 3639.9857 0.2399 0.0742 -0.4918 2.9549 5.0000 11.7536 0.0034 
39.6696 16.5000 3638.4150 0.2395 0.0741 -0.4928 2.9552 6.0000 11.5497 0.0036 
39.6612 16.5000 3635.4449 0.2415 0.0744 -0.4946 2.9584 5.0000 12.1790 0.0039 
39.6648 16.5000 3637.6489 0.2422 0.0749 -0.4965 2.9602 6.0000 12.1064 0.0039 
39.6500 16.5000 3632.7740 0.2395 0.0739 -0.4894 2.9582 5.0000 12.1848 0.0031 
39.6413 16.5000 3629.1285 0.2407 0.0743 -0.4948 2.9573 5.0000 11.3785 0.0032 
39.6822 16.5000 3642.9035 0.2393 0.0746 -0.4884 2.9570 5.0000 11.4894 0.0032 
39.6789 16.5000 3644.5137 0.2391 0.0737 -0.4917 2.9547 5.0000 11.2736 0.0040 
39.6609 16.5000 3638.0703 0.2419 0.0746 -0.4919 2.9572 5.0000 11.1091 0.0031 
39.6464 16.5000 3631.0926 0.2389 0.0741 -0.4941 2.9550 5.0000 11.0674 0.0031 
39.6814 16.5000 3642.2093 0.2412 0.0739 -0.4940 2.9537 5.0000 11.0883 0.0032 
39.6405 16.5000 3629.0654 0.2396 0.0735 -0.4909 2.9549 5.0000 11.2186 0.0036 
39.6786 16.5000 3642.9668 0.2403 0.0737 -0.4955 2.9564 5.0000 11.1500 0.0036 
39.6623 16.5000 3637.1910 0.2409 0.0745 -0.4917 2.9549 5.0000 11.0496 0.0044 
39.6514 16.5000 3632.5649 0.2416 0.0744 -0.4934 2.9603 6.0000 11.4329 0.0038 
39.6301 16.5000 3622.2615 0.2419 0.0747 -0.4952 2.9573 5.0000 11.4858 0.0038 
39.6562 16.5000 3634.0577 0.2398 0.0733 -0.4960 2.9571 5.0000 11.4142 0.0042 
39.6545 16.5000 3633.9804 0.2407 0.0744 -0.4916 2.9543 5.0000 11.8732 0.0034 
39.6402 16.5000 3629.6724 0.2413 0.0744 -0.4964 2.9578 5.0000 11.9027 0.0034 
39.6710 16.5000 3640.9721 0.2382 0.0731 -0.4894 2.9550 5.0000 12.9030 0.0040 
39.6435 16.5000 3629.8520 0.2403 0.0754 -0.4916 2.9583 6.0000 15.3095 0.0040 
39.6472 16.5000 3630.4498 0.2402 0.0749 -0.4938 2.9567 5.0000 15.5183 0.0039 
39.6483 16.5000 3631.6060 0.2406 0.0742 -0.4947 2.9607 6.0000 15.4916 0.0030 
39.6522 16.5000 3634.1746 0.2397 0.0735 -0.4916 2.9563 5.0000 14.4699 0.0035 
39.6864 16.5000 3645.4566 0.2396 0.0746 -0.4916 2.9608 6.0000 14.6187 0.0031 
39.6682 16.5000 3638.0006 0.2382 0.0743 -0.4914 2.9566 5.0000 14.8549 0.0035 
39.6839 16.5000 3644.0081 0.2389 0.0733 -0.4908 2.9550 5.0000 14.6880 0.0029 
39.6685 16.5000 3639.3992 0.2390 0.0733 -0.4911 2.9563 5.0000 14.4091 0.0038 
39.6892 16.5000 3646.8292 0.2396 0.0736 -0.4914 2.9584 5.0000 14.6227 0.0039 
39.6550 16.5000 3636.1183 0.2396 0.0733 -0.4904 2.9542 5.0000 14.7021 0.0035 
39.6522 16.5000 3635.4519 0.2389 0.0739 -0.4906 2.9579 5.0000 14.3543 0.0035 
39.6654 16.5000 3638.3735 0.2400 0.0743 -0.4925 2.9571 5.0000 14.3893 0.0036 
39.6620 16.5000 3636.0855 0.2405 0.0741 -0.4927 2.9552 5.0000 14.3257 0.0035 
39.6637 16.5000 3637.6371 0.2389 0.0731 -0.4926 2.9534 6.0000 14.4067 0.0037 
39.6685 16.5000 3639.9501 0.2406 0.0738 -0.4945 2.9563 5.0000 14.3513 0.0040 
39.6587 16.5000 3634.9951 0.2396 0.0736 -0.4923 2.9590 5.0000 14.4941 0.0031 
39.6478 16.5000 3630.7533 0.2409 0.0744 -0.4938 2.9577 5.0000 14.5961 0.0035 
39.6822 16.5000 3644.4938 0.2402 0.0743 -0.4941 2.9620 5.0000 14.1126 0.0038 
39.6671 16.5000 3640.0687 0.2413 0.0734 -0.4939 2.9538 5.0000 12.0310 0.0022 
39.6556 16.5000 3633.1963 0.2411 0.0734 -0.4946 2.9616 6.0000 11.9498 0.0039 
39.7175 16.5000 3656.4195 0.2397 0.0739 -0.4922 2.9573 6.0000 11.7537 0.0039 
39.6528 16.5000 3634.9435 0.2412 0.0744 -0.4927 2.9557 5.0000 11.6869 0.0041 
39.6514 16.5000 3634.1065 0.2390 0.0735 -0.4932 2.9572 5.0000 11.6376 0.0032 
39.6427 16.5000 3629.7702 0.2414 0.0739 -0.4943 2.9561 5.0000 11.7583 0.0037 
39.6794 16.5000 3645.2266 0.2393 0.0734 -0.4891 2.9523 5.0000 11.8112 0.0034 
39.6598 16.5000 3636.7695 0.2422 0.0753 -0.4960 2.9617 6.0000 11.7947 0.0034 
39.6727 16.5000 3640.9256 0.2405 0.0740 -0.4925 2.9516 6.0000 11.2367 0.0039 
39.6511 16.5000 3631.9140 0.2410 0.0732 -0.4947 2.9536 5.0000 8.6151 0.0039 
