39.7911 16.5000 3677.8707 0.0360 0.0354 0.0065 2.9505 6.0000 15.0715 0.0004 
39.7907 16.5000 3677.6572 0.0362 0.0351 -0.0005 2.9501 6.0000 14.9870 0.0004 
39.7881 16.5000 3676.5351 0.0366 0.0348 -0.0102 2.9477 5.0000 16.2812 0.0004 
39.7884 16.5000 3677.0416 0.0365 0.0346 -0.0094 2.9469 5.0000 15.9522 0.0004 
39.7884 16.5000 3676.8653 0.0366 0.0353 -0.0067 2.9467 6.0000 15.7678 0.0004 
39.7879 16.5000 3676.5828 0.0359 0.0353 0.0072 2.9488 5.0000 15.7521 0.0004 
39.7888 16.5000 3677.1631 0.0367 0.0351 -0.0080 2.9467 5.0000 14.9425 0.0004 
39.7888 16.5000 3676.6833 0.0365 0.0352 -0.0046 2.9478 5.0000 15.3127 0.0004 
39.7898 16.5000 3677.4676 0.0355 0.0350 0.0113 2.9482 6.0000 14.7913 0.0004 
39.7898 16.5000 3677.8941 0.0369 0.0350 -0.0126 2.9475 5.0000 14.7353 0.0004 
39.7911 16.5000 3677.2837 0.0360 0.0351 0.0026 2.9468 6.0000 15.3127 0.0004 
39.7904 16.5000 3677.8400 0.0366 0.0357 0.0026 2.9463 6.0000 14.9532 0.0004 
39.7879 16.5000 3676.5604 0.0366 0.0351 -0.0063 2.9478 5.0000 14.9760 0.0004 
39.7900 16.5000 3677.3709 0.0364 0.0353 -0.0013 2.9491 6.0000 14.9029 0.0004 
39.7886 16.5000 3676.8236 0.0361 0.0350 0.0000 2.9501 6.0000 14.9353 0.0004 
39.7888 16.5000 3676.9105 0.0367 0.0350 -0.0094 2.9475 6.0000 15.0738 0.0004 
39.7895 16.5000 3677.1838 0.0367 0.0351 -0.0084 2.9491 5.0000 15.2068 0.0004 
39.7911 16.5000 3678.3272 0.0363 0.0352 0.0015 2.9481 5.0000 14.9928 0.0004 
39.7861 16.5000 3675.8209 0.0360 0.0349 0.0002 2.9486 5.0000 15.2143 0.0004 
39.7893 16.5000 3676.8458 0.0364 0.0350 -0.0055 2.9480 5.0000 15.2663 0.0004 
39.7918 16.5000 3678.4911 0.0368 0.0353 -0.0068 2.9472 6.0000 14.9008 0.0004 
39.7884 16.5000 3677.1040 0.0381 0.0352 -0.0242 2.9471 5.0000 15.0044 0.0005 
39.7875 16.5000 3675.5660 0.0369 0.0352 -0.0106 2.9486 5.0000 14.7380 0.0004 
39.7914 16.5000 3678.0108 0.0378 0.0350 -0.0234 2.9490 6.0000 15.0173 0.0004 
39.7884 16.5000 3676.4647 0.0372 0.0354 -0.0108 2.9460 6.0000 14.7008 0.0004 
39.7911 16.5000 3677.5841 0.0367 0.0348 -0.0100 2.9460 5.0000 14.7093 0.0004 
39.7879 16.5000 3676.6842 0.0365 0.0354 -0.0015 2.9481 5.0000 15.0308 0.0004 
39.7907 16.5000 3677.1026 0.0367 0.0347 -0.0117 2.9471 6.0000 14.8686 0.0004 
39.7902 16.5000 3676.6988 0.0361 0.0351 0.0021 2.9489 5.0000 14.9681 0.0004 
39.7888 16.5000 3676.7940 0.0369 0.0357 -0.0056 2.9491 5.0000 14.9066 0.0004 
39.7886 16.5000 3676.6672 0.0362 0.0354 0.0013 2.9483 5.0000 15.0515 0.0004 
39.7888 16.5000 3676.9121 0.0358 0.0351 0.0064 2.9486 6.0000 15.0138 0.0004 
39.7895 16.5000 3677.2374 0.0357 0.0349 0.0064 2.9481 6.0000 15.0070 0.0004 
39.7879 16.5000 3675.6146 0.0367 0.0351 -0.0086 2.9503 6.0000 15.0980 0.0003 
39.7927 16.5000 3678.7878 0.0363 0.0350 -0.0031 2.9483 6.0000 15.0715 0.0004 
39.7888 16.5000 3676.3889 0.0365 0.0350 -0.0088 2.9489 5.0000 15.2283 0.0004 
39.7884 16.5000 3676.7892 0.0368 0.0354 -0.0046 2.9486 5.0000 14.7876 0.0004 
39.7888 16.5000 3676.6885 0.0372 0.0354 -0.0128 2.9487 5.0000 14.8191 0.0004 
39.7881 16.5000 3676.5143 0.0367 0.0350 -0.0100 2.9476 5.0000 14.9977 0.0004 
39.7891 16.5000 3676.6200 0.0368 0.0353 -0.0059 2.9496 5.0000 14.9554 0.0004 
39.7900 16.5000 3677.3759 0.0363 0.0353 0.0007 2.9495 6.0000 14.9949 0.0004 
39.7898 16.5000 3677.1494 0.0368 0.0350 -0.0088 2.9481 5.0000 15.0930 0.0004 
39.7888 16.5000 3676.7296 0.0354 0.0349 0.0110 2.9494 5.0000 15.6291 0.0005 
39.7877 16.5000 3676.3824 0.0366 0.0350 -0.0086 2.9488 6.0000 15.3510 0.0004 
39.7898 16.5000 3677.1326 0.0371 0.0351 -0.0133 2.9487 6.0000 14.8493 0.0004 
39.7909 16.5000 3677.8345 0.0364 0.0352 -0.0027 2.9489 5.0000 14.8209 0.0004 
39.7884 16.5000 3676.8392 0.0369 0.0354 -0.0086 2.9484 6.0000 14.9446 0.0004 
39.7900 16.5000 3677.0586 0.0365 0.0350 -0.0066 2.9494 6.0000 15.1035 0.0004 
39.7907 16.5000 3677.4312 0.0356 0.0349 0.0077 2.9503 6.0000 14.8186 0.0004 
39.7902 16.5000 3677.7955 0.0361 0.0346 -0.0037 2.9493 6.0000 14.9151 0.0004 
39.7879 16.5000 3676.7039 0.0370 0.0349 -0.0129 2.9477 5.0000 15.1355 0.0004 
39.7895 16.5000 3677.6786 0.0354 0.0351 0.0128 2.9494 6.0000 15.0090 0.0004 
39.7879 16.5000 3676.3084 0.0370 0.0356 -0.0086 2.9483 5.0000 15.1975 0.0004 
39.7909 16.5000 3678.0814 0.0368 0.0353 -0.0079 2.9479 6.0000 15.0864 0.0004 
39.7881 16.5000 3676.3620 0.0361 0.0352 0.0029 2.9481 5.0000 15.1822 0.0004 
39.7886 16.5000 3676.5549 0.0367 0.0351 -0.0095 2.9476 6.0000 15.3584 0.0004 
39.7888 16.5000 3675.5655 0.0362 0.0351 -0.0009 2.9480 6.0000 15.0815 0.0004 
39.7904 16.5000 3677.4493 0.0370 0.0354 -0.0092 2.9475 6.0000 14.7236 0.0004 
39.7888 16.5000 3676.9543 0.0363 0.0350 -0.0019 2.9494 6.0000 15.0990 0.0004 
39.7886 16.5000 3676.6910 0.0366 0.0350 -0.0078 2.9474 6.0000 15.1549 0.0004 
39.7900 16.5000 3677.4463 0.0359 0.0353 0.0075 2.9482 6.0000 14.8771 0.0004 
39.7900 16.5000 3677.5414 0.0361 0.0354 0.0038 2.9487 6.0000 15.1947 0.0005 
39.7872 16.5000 3675.6522 0.0371 0.0349 -0.0150 2.9490 6.0000 15.3557 0.0004 
39.7891 16.5000 3677.1384 0.0364 0.0351 -0.0046 2.9482 5.0000 15.2630 0.0004 
39.7891 16.5000 3677.4332 0.0363 0.0354 0.0038 2.9484 5.0000 14.9223 0.0004 
39.7898 16.5000 3677.4181 0.0364 0.0352 -0.0032 2.9501 5.0000 14.7720 0.0004 
39.7900 16.5000 3676.8442 0.0365 0.0352 -0.0041 2.9484 5.0000 15.0883 0.0004 
39.7893 16.5000 3676.3870 0.0376 0.0348 -0.0224 2.9485 6.0000 14.8785 0.0004 
39.7893 16.5000 3677.1221 0.0362 0.0352 -0.0010 2.9491 5.0000 15.0809 0.0004 
39.7895 16.5000 3676.4563 0.0359 0.0351 0.0046 2.9480 6.0000 14.8928 0.0004 
39.7891 16.5000 3677.1242 0.0357 0.0353 0.0091 2.9477 6.0000 14.7588 0.0004 
39.7902 16.5000 3677.7384 0.0377 0.0355 -0.0158 2.9493 6.0000 15.2491 0.0004 
39.7881 16.5000 3675.8893 0.0357 0.0350 0.0073 2.9491 6.0000 14.7945 0.0004 
39.7891 16.5000 3676.8245 0.0367 0.0350 -0.0084 2.9477 5.0000 15.2563 0.0004 
39.7898 16.5000 3676.8889 0.0376 0.0355 -0.0149 2.9474 6.0000 15.2704 0.0004 
39.7893 16.5000 3676.8580 0.0368 0.0353 -0.0081 2.9486 6.0000 15.4752 0.0004 
39.7888 16.5000 3676.8855 0.0360 0.0354 0.0070 2.9480 6.0000 15.5328 0.0004 
39.7884 16.5000 3676.4129 0.0362 0.0354 0.0035 2.9498 6.0000 15.4845 0.0004 
39.7884 16.5000 3676.3492 0.0373 0.0353 -0.0151 2.9485 6.0000 15.4795 0.0004 
39.7902 16.5000 3677.0645 0.0353 0.0349 0.0142 2.9482 5.0000 15.3995 0.0004 
39.7902 16.5000 3677.5346 0.0367 0.0352 -0.0055 2.9490 5.0000 15.2839 0.0004 
39.7884 16.5000 3676.5551 0.0365 0.0351 -0.0069 2.9467 5.0000 15.2980 0.0004 
39.7900 16.5000 3677.0462 0.0361 0.0353 0.0008 2.9490 5.0000 15.5607 0.0004 
39.7884 16.5000 3676.8027 0.0369 0.0354 -0.0069 2.9485 5.0000 15.3700 0.0004 
39.7907 16.5000 3677.5591 0.0365 0.0352 -0.0059 2.9472 5.0000 15.1159 0.0004 
39.7893 16.5000 3677.2759 0.0369 0.0351 -0.0120 2.9465 5.0000 15.2433 0.0004 
39.7895 16.5000 3676.9563 0.0372 0.0352 -0.0112 2.9489 5.0000 15.3805 0.0004 
39.7886 16.5000 3676.6995 0.0367 0.0351 -0.0075 2.9476 6.0000 15.2364 0.0005 
39.7872 16.5000 3676.2091 0.0368 0.0354 -0.0075 2.9474 5.0000 15.1779 0.0004 
39.7886 16.5000 3676.1029 0.0361 0.0348 -0.0026 2.9495 6.0000 14.9181 0.0004 
39.7900 16.5000 3677.0434 0.0369 0.0351 -0.0104 2.9491 6.0000 14.9935 0.0004 
39.7907 16.5000 3677.0650 0.0366 0.0348 -0.0101 2.9486 5.0000 15.3543 0.0004 
39.7893 16.5000 3676.8568 0.0356 0.0352 0.0100 2.9500 5.0000 15.3094 0.0004 
39.7898 16.5000 3676.2497 0.0370 0.0351 -0.0121 2.9500 6.0000 15.3378 0.0004 
39.7907 16.5000 3678.2249 0.0365 0.0351 -0.0046 2.9481 5.0000 15.3498 0.0005 
39.7870 16.5000 3675.0113 0.0369 0.0354 -0.0082 2.9493 6.0000 15.2030 0.0004 
39.7909 16.5000 3677.4683 0.0366 0.0355 -0.0024 2.9467 6.0000 15.4238 0.0004 
39.7895 16.5000 3676.9407 0.0364 0.0351 -0.0014 2.9498 5.0000 15.1057 0.0004 
39.7902 16.5000 3677.4286 0.0361 0.0349 -0.0013 2.9498 6.0000 15.1478 0.0004 
39.7914 16.5000 3678.5163 0.0360 0.0354 0.0048 2.9490 6.0000 15.0415 0.0004 
