39.6909 16.5000 3640.3209 0.1437 0.0528 -0.3412 2.9184 6.0000 12.1189 0.0027 
39.6988 16.5000 3641.2305 0.1406 0.0525 -0.3396 2.9156 5.0000 11.9982 0.0027 
39.6805 16.5000 3633.9196 0.1447 0.0527 -0.3471 2.9182 5.0000 11.8619 0.0027 
39.7094 16.5000 3647.6769 0.1432 0.0520 -0.3408 2.9172 5.0000 11.6543 0.0028 
39.7063 16.5000 3646.4926 0.1409 0.0523 -0.3381 2.9162 5.0000 11.7948 0.0026 
39.6931 16.5000 3639.6528 0.1469 0.0528 -0.3511 2.9189 5.0000 11.6611 0.0028 
39.7044 16.5000 3645.3975 0.1411 0.0526 -0.3421 2.9184 5.0000 11.6762 0.0026 
39.6803 16.5000 3630.7877 0.1423 0.0523 -0.3429 2.9170 6.0000 11.9798 0.0029 
39.7027 16.5000 3644.1348 0.1427 0.0522 -0.3406 2.9170 6.0000 12.1093 0.0029 
39.6917 16.5000 3637.2955 0.1430 0.0519 -0.3424 2.9173 6.0000 11.7934 0.0033 
39.6895 16.5000 3638.1707 0.1443 0.0522 -0.3459 2.9167 5.0000 11.9901 0.0028 
39.6763 16.5000 3629.4796 0.1412 0.0518 -0.3397 2.9181 5.0000 12.0226 0.0028 
39.6937 16.5000 3639.2577 0.1424 0.0526 -0.3420 2.9180 5.0000 11.7444 0.0025 
39.6797 16.5000 3632.5195 0.1458 0.0517 -0.3495 2.9194 5.0000 12.1521 0.0028 
39.7074 16.5000 3643.5020 0.1398 0.0523 -0.3358 2.9164 5.0000 12.0938 0.0028 
39.6954 16.5000 3639.7781 0.1438 0.0528 -0.3458 2.9201 6.0000 12.7465 0.0031 
39.7083 16.5000 3643.4359 0.1455 0.0520 -0.3461 2.9178 5.0000 13.3001 0.0029 
39.6831 16.5000 3634.1920 0.1442 0.0521 -0.3411 2.9183 6.0000 13.0893 0.0029 
39.6895 16.5000 3638.2814 0.1453 0.0527 -0.3470 2.9186 5.0000 12.1392 0.0028 
39.7074 16.5000 3641.9568 0.1421 0.0523 -0.3416 2.9169 5.0000 12.4375 0.0028 
39.6951 16.5000 3640.2718 0.1404 0.0525 -0.3365 2.9184 5.0000 12.6253 0.0028 
39.6965 16.5000 3638.9864 0.1437 0.0523 -0.3439 2.9147 6.0000 12.3842 0.0029 
39.7010 16.5000 3643.1548 0.1416 0.0525 -0.3398 2.9188 5.0000 12.3824 0.0029 
39.6920 16.5000 3641.1276 0.1427 0.0521 -0.3442 2.9159 5.0000 12.3613 0.0029 
39.6889 16.5000 3640.8911 0.1449 0.0528 -0.3445 2.9185 5.0000 12.3010 0.0025 
39.6923 16.5000 3641.1812 0.1431 0.0519 -0.3439 2.9169 5.0000 12.3214 0.0025 
39.7058 16.5000 3646.0395 0.1423 0.0527 -0.3436 2.9163 5.0000 12.5164 0.0024 
39.7083 16.5000 3646.3682 0.1428 0.0527 -0.3443 2.9166 5.0000 12.5285 0.0024 
39.7088 16.5000 3643.9207 0.1425 0.0524 -0.3439 2.9182 5.0000 12.4115 0.0025 
39.7086 16.5000 3646.4932 0.1423 0.0518 -0.3408 2.9190 5.0000 12.5242 0.0027 
39.7052 16.5000 3642.4770 0.1434 0.0526 -0.3411 2.9176 5.0000 13.1120 0.0024 
39.6976 16.5000 3640.2749 0.1451 0.0523 -0.3461 2.9202 6.0000 13.1109 0.0027 
39.7108 16.5000 3645.8411 0.1446 0.0525 -0.3460 2.9189 5.0000 13.2545 0.0026 
39.6999 16.5000 3641.4805 0.1433 0.0524 -0.3439 2.9176 5.0000 12.2116 0.0030 
39.7013 16.5000 3644.2699 0.1432 0.0522 -0.3422 2.9168 5.0000 11.9811 0.0028 
39.6859 16.5000 3636.4215 0.1430 0.0522 -0.3427 2.9181 5.0000 12.4474 0.0029 
39.6943 16.5000 3639.2885 0.1419 0.0520 -0.3425 2.9163 5.0000 12.1192 0.0029 
39.6917 16.5000 3640.6109 0.1413 0.0517 -0.3434 2.9168 5.0000 12.1111 0.0030 
39.6889 16.5000 3638.9043 0.1412 0.0521 -0.3416 2.9167 6.0000 12.1912 0.0027 
39.6881 16.5000 3636.1513 0.1454 0.0524 -0.3465 2.9212 6.0000 12.9061 0.0028 
39.6976 16.5000 3642.5282 0.1398 0.0519 -0.3439 2.9181 5.0000 12.7955 0.0033 
39.6943 16.5000 3639.9238 0.1422 0.0522 -0.3436 2.9192 5.0000 12.8633 0.0025 
39.6747 16.5000 3633.8548 0.1422 0.0523 -0.3412 2.9208 5.0000 12.1821 0.0029 
39.7055 16.5000 3644.5397 0.1444 0.0520 -0.3455 2.9173 5.0000 12.1285 0.0028 
39.6920 16.5000 3639.6576 0.1432 0.0518 -0.3428 2.9157 5.0000 12.5471 0.0029 
39.6929 16.5000 3640.3721 0.1449 0.0522 -0.3449 2.9192 5.0000 12.2419 0.0027 
39.6926 16.5000 3634.2651 0.1447 0.0520 -0.3496 2.9191 6.0000 12.2668 0.0027 
39.6979 16.5000 3643.3832 0.1450 0.0523 -0.3445 2.9177 5.0000 12.2772 0.0028 
39.6968 16.5000 3641.6965 0.1435 0.0519 -0.3436 2.9180 6.0000 12.2655 0.0030 
39.6954 16.5000 3638.5249 0.1455 0.0523 -0.3448 2.9196 5.0000 12.2024 0.0024 
39.6881 16.5000 3640.3422 0.1446 0.0524 -0.3432 2.9164 5.0000 12.3116 0.0028 
39.7086 16.5000 3646.5983 0.1431 0.0522 -0.3400 2.9172 5.0000 12.2150 0.0033 
39.6929 16.5000 3639.2568 0.1433 0.0521 -0.3411 2.9178 5.0000 12.3610 0.0023 
39.6738 16.5000 3630.6356 0.1428 0.0523 -0.3406 2.9193 5.0000 12.3820 0.0027 
39.7161 16.5000 3648.5089 0.1409 0.0521 -0.3395 2.9207 5.0000 12.2054 0.0028 
39.7002 16.5000 3641.7635 0.1434 0.0525 -0.3417 2.9178 5.0000 12.2928 0.0027 
39.6940 16.5000 3639.4558 0.1444 0.0524 -0.3442 2.9185 6.0000 12.3742 0.0026 
39.7004 16.5000 3642.5050 0.1444 0.0520 -0.3471 2.9171 6.0000 12.3326 0.0027 
39.7030 16.5000 3645.5385 0.1429 0.0522 -0.3429 2.9187 6.0000 12.4428 0.0027 
39.6990 16.5000 3639.4771 0.1461 0.0526 -0.3490 2.9208 6.0000 12.2935 0.0026 
39.7002 16.5000 3643.3978 0.1434 0.0523 -0.3437 2.9157 5.0000 12.4180 0.0027 
39.7024 16.5000 3645.5808 0.1428 0.0520 -0.3440 2.9153 5.0000 12.1283 0.0029 
39.6982 16.5000 3641.4575 0.1457 0.0525 -0.3463 2.9179 5.0000 12.1645 0.0027 
39.6923 16.5000 3636.9416 0.1439 0.0527 -0.3460 2.9189 5.0000 12.2139 0.0027 
39.6979 16.5000 3641.5654 0.1421 0.0528 -0.3402 2.9177 6.0000 12.2594 0.0026 
39.6988 16.5000 3643.5883 0.1440 0.0525 -0.3461 2.9172 6.0000 12.5707 0.0028 
39.7027 16.5000 3644.5067 0.1431 0.0521 -0.3423 2.9179 5.0000 12.3308 0.0024 
39.6954 16.5000 3638.1603 0.1446 0.0523 -0.3450 2.9192 5.0000 12.2971 0.0029 
39.7122 16.5000 3648.8791 0.1424 0.0522 -0.3426 2.9192 6.0000 12.5987 0.0026 
39.6917 16.5000 3637.9266 0.1430 0.0520 -0.3431 2.9181 5.0000 12.5472 0.0028 
39.7041 16.5000 3642.8146 0.1441 0.0526 -0.3442 2.9170 5.0000 12.2185 0.0030 
39.6951 16.5000 3640.2029 0.1435 0.0519 -0.3446 2.9168 6.0000 12.4271 0.0028 
39.6878 16.5000 3634.4985 0.1443 0.0519 -0.3480 2.9195 5.0000 12.4353 0.0028 
39.6931 16.5000 3639.0618 0.1427 0.0522 -0.3447 2.9161 5.0000 12.3330 0.0034 
39.6951 16.5000 3640.2718 0.1441 0.0525 -0.3456 2.9192 5.0000 12.5366 0.0025 
39.6707 16.5000 3626.8852 0.1428 0.0521 -0.3451 2.9200 5.0000 12.1469 0.0024 
39.7046 16.5000 3643.0262 0.1422 0.0521 -0.3429 2.9160 6.0000 12.2402 0.0029 
39.7088 16.5000 3643.6337 0.1433 0.0523 -0.3439 2.9158 5.0000 12.4747 0.0025 
39.6895 16.5000 3638.4257 0.1429 0.0519 -0.3442 2.9171 5.0000 12.0646 0.0026 
39.7055 16.5000 3645.8279 0.1440 0.0526 -0.3429 2.9196 5.0000 12.1620 0.0028 
39.7038 16.5000 3645.7999 0.1426 0.0528 -0.3421 2.9192 6.0000 12.4797 0.0027 
39.6929 16.5000 3637.9185 0.1455 0.0525 -0.3477 2.9185 5.0000 12.2722 0.0026 
39.6976 16.5000 3642.3472 0.1445 0.0530 -0.3439 2.9178 5.0000 12.1910 0.0028 
39.7018 16.5000 3641.2972 0.1442 0.0516 -0.3440 2.9178 5.0000 12.5596 0.0026 
39.6934 16.5000 3637.8548 0.1459 0.0525 -0.3455 2.9183 5.0000 12.1657 0.0031 
39.7018 16.5000 3641.4440 0.1437 0.0527 -0.3433 2.9183 5.0000 12.0788 0.0024 
39.6845 16.5000 3635.3992 0.1458 0.0521 -0.3477 2.9178 5.0000 12.4791 0.0027 
39.7100 16.5000 3647.7901 0.1444 0.0527 -0.3424 2.9185 5.0000 12.1236 0.0025 
39.6974 16.5000 3641.8425 0.1433 0.0522 -0.3434 2.9174 5.0000 12.0816 0.0023 
39.7063 16.5000 3644.6406 0.1429 0.0525 -0.3388 2.9166 5.0000 12.5591 0.0024 
39.7147 16.5000 3650.7838 0.1445 0.0528 -0.3436 2.9190 6.0000 12.2497 0.0026 
39.7119 16.5000 3649.1324 0.1410 0.0527 -0.3361 2.9194 5.0000 12.0566 0.0025 
39.7032 16.5000 3643.8980 0.1459 0.0521 -0.3463 2.9179 5.0000 12.4029 0.0031 
39.7080 16.5000 3646.0852 0.1438 0.0528 -0.3442 2.9185 5.0000 12.0842 0.0026 
39.6808 16.5000 3630.2432 0.1425 0.0523 -0.3393 2.9209 5.0000 12.2601 0.0030 
39.7016 16.5000 3642.2273 0.1458 0.0527 -0.3490 2.9190 6.0000 12.5880 0.0029 
39.6881 16.5000 3637.7904 0.1429 0.0522 -0.3437 2.9169 5.0000 12.2050 0.0031 
39.6926 16.5000 3638.8382 0.1432 0.0522 -0.3440 2.9173 5.0000 12.3011 0.0029 
39.6828 16.5000 3638.7925 0.1448 0.0522 -0.3442 2.9195 5.0000 11.2925 0.0029 
39.6898 16.5000 3634.5778 0.1431 0.0521 -0.3454 2.9189 6.0000 9.5254 0.0029 
