31.0479 1.0000 3005.5480 0.3747 0.1341 -0.2748 3.5399 9.0000 23.5701 0.0013 
31.0557 1.0000 3008.9546 0.3734 0.1323 -0.2770 3.5323 8.0000 23.4166 0.0010 
31.0391 1.0000 3001.9569 0.3731 0.1330 -0.2778 3.5349 8.0000 21.6131 0.0010 
31.0500 1.0000 3007.0861 0.3719 0.1344 -0.2730 3.5402 8.0000 21.1724 0.0013 
31.0541 1.0000 3007.7824 0.3762 0.1324 -0.2822 3.5330 8.0000 21.5142 0.0011 
31.0586 1.0000 3009.6986 0.3736 0.1350 -0.2735 3.5400 8.0000 24.4028 0.0010 
31.0523 1.0000 3007.1329 0.3763 0.1350 -0.2740 3.5378 8.0000 24.5353 0.0011 
31.0453 1.0000 3005.2459 0.3734 0.1317 -0.2780 3.5324 8.0000 11.6371 0.0012 
31.0449 1.0000 3003.6928 0.3740 0.1318 -0.2776 3.5375 8.0000 11.6189 0.0008 
31.0521 1.0000 3007.3592 0.3768 0.1324 -0.2814 3.5382 8.0000 7.8529 0.0009 
31.0552 1.0000 3008.5778 0.3722 0.1319 -0.2779 3.5382 8.0000 11.2531 0.0014 
31.0556 1.0000 3008.6476 0.3745 0.1330 -0.2778 3.5393 8.0000 11.1311 0.0014 
31.0561 1.0000 3008.8642 0.3755 0.1320 -0.2800 3.5333 8.0000 11.5136 0.0011 
31.0583 1.0000 3009.8234 0.3735 0.1325 -0.2771 3.5371 8.0000 11.3720 0.0010 
31.0498 1.0000 3006.1944 0.3749 0.1320 -0.2805 3.5314 8.0000 7.8390 0.0014 
31.0614 1.0000 3010.9998 0.3756 0.1326 -0.2800 3.5351 8.0000 11.6166 0.0012 
31.0548 1.0000 3008.1506 0.3737 0.1329 -0.2765 3.5342 8.0000 11.3361 0.0011 
31.0442 1.0000 3003.7583 0.3744 0.1337 -0.2763 3.5368 8.0000 7.7805 0.0011 
31.0423 1.0000 3003.4667 0.3763 0.1341 -0.2769 3.5338 8.0000 11.6467 0.0010 
31.0511 1.0000 3007.0079 0.3731 0.1310 -0.2791 3.5304 9.0000 11.3038 0.0010 
31.0440 1.0000 3004.1766 0.3719 0.1313 -0.2780 3.5332 9.0000 11.6700 0.0010 
31.0520 1.0000 3007.0971 0.3729 0.1313 -0.2790 3.5386 8.0000 11.4133 0.0012 
31.0485 1.0000 3006.0985 0.3736 0.1348 -0.2757 3.5373 9.0000 7.6918 0.0009 
31.0534 1.0000 3007.8694 0.3709 0.1333 -0.2739 3.5358 8.0000 11.5686 0.0013 
31.0547 1.0000 3007.7274 0.3743 0.1328 -0.2780 3.5365 8.0000 11.3782 0.0013 
31.0556 1.0000 3008.5936 0.3745 0.1314 -0.2801 3.5385 8.0000 12.6600 0.0013 
31.0554 1.0000 3008.6130 0.3732 0.1316 -0.2783 3.5344 7.0000 11.3010 0.0011 
31.0587 1.0000 3010.4502 0.3759 0.1327 -0.2802 3.5368 8.0000 11.5107 0.0012 
31.0495 1.0000 3006.1165 0.3759 0.1341 -0.2768 3.5382 8.0000 7.8945 0.0013 
31.0475 1.0000 3004.9603 0.3757 0.1343 -0.2749 3.5385 8.0000 11.7599 0.0013 
31.0468 1.0000 3005.0599 0.3755 0.1339 -0.2766 3.5376 8.0000 11.5250 0.0011 
31.0467 1.0000 3004.8773 0.3722 0.1330 -0.2756 3.5382 8.0000 11.6578 0.0011 
31.0476 1.0000 3005.3210 0.3732 0.1323 -0.2759 3.5337 8.0000 11.5958 0.0013 
31.0526 1.0000 3007.3720 0.3732 0.1342 -0.2730 3.5334 9.0000 11.4227 0.0010 
31.0487 1.0000 3005.6946 0.3746 0.1331 -0.2770 3.5320 8.0000 11.2403 0.0012 
31.0477 1.0000 3005.6004 0.3738 0.1319 -0.2787 3.5390 8.0000 12.0545 0.0010 
31.0517 1.0000 3007.0936 0.3733 0.1335 -0.2762 3.5362 8.0000 8.0262 0.0009 
31.0518 1.0000 3007.6009 0.3771 0.1354 -0.2764 3.5413 8.0000 8.1174 0.0013 
31.0449 1.0000 3003.6409 0.3751 0.1335 -0.2766 3.5404 8.0000 12.5811 0.0012 
31.0495 1.0000 3006.1134 0.3736 0.1318 -0.2783 3.5359 9.0000 12.1488 0.0011 
31.0545 1.0000 3007.9696 0.3751 0.1331 -0.2785 3.5367 9.0000 8.0821 0.0012 
31.0547 1.0000 3008.5282 0.3750 0.1326 -0.2774 3.5341 9.0000 12.2801 0.0012 
31.0594 1.0000 3009.6797 0.3745 0.1328 -0.2767 3.5346 9.0000 12.5855 0.0012 
31.0451 1.0000 3004.3197 0.3729 0.1314 -0.2785 3.5398 8.0000 11.7311 0.0013 
31.0504 1.0000 3006.6779 0.3732 0.1329 -0.2764 3.5339 9.0000 11.6604 0.0009 
31.0481 1.0000 3004.9850 0.3731 0.1334 -0.2743 3.5360 8.0000 7.7622 0.0012 
31.0522 1.0000 3007.1187 0.3760 0.1331 -0.2785 3.5389 8.0000 12.6233 0.0013 
31.0493 1.0000 3005.4500 0.3753 0.1334 -0.2779 3.5396 8.0000 11.2951 0.0013 
31.0501 1.0000 3007.1813 0.3739 0.1330 -0.2777 3.5379 8.0000 12.2543 0.0010 
31.0449 1.0000 3003.7587 0.3716 0.1332 -0.2738 3.5384 8.0000 8.1695 0.0012 
31.0495 1.0000 3005.6595 0.3725 0.1341 -0.2740 3.5382 8.0000 12.4345 0.0012 
31.0580 1.0000 3009.5266 0.3718 0.1326 -0.2748 3.5349 8.0000 11.2872 0.0011 
31.0493 1.0000 3005.5328 0.3718 0.1309 -0.2773 3.5329 8.0000 12.2530 0.0013 
31.0453 1.0000 3004.5886 0.3733 0.1334 -0.2766 3.5383 8.0000 8.1263 0.0012 
31.0473 1.0000 3005.6120 0.3724 0.1326 -0.2757 3.5323 8.0000 12.6468 0.0012 
31.0543 1.0000 3008.0771 0.3742 0.1328 -0.2792 3.5340 8.0000 12.0758 0.0015 
31.0523 1.0000 3007.5395 0.3742 0.1307 -0.2822 3.5305 9.0000 12.2579 0.0010 
31.0494 1.0000 3006.3754 0.3744 0.1325 -0.2773 3.5331 8.0000 7.7614 0.0011 
31.0475 1.0000 3005.1416 0.3747 0.1331 -0.2770 3.5398 9.0000 11.7158 0.0012 
31.0486 1.0000 3006.4129 0.3746 0.1329 -0.2763 3.5317 8.0000 11.6027 0.0012 
31.0399 1.0000 3001.4382 0.3773 0.1336 -0.2812 3.5332 8.0000 11.5612 0.0009 
31.0480 1.0000 3005.2396 0.3732 0.1315 -0.2805 3.5391 8.0000 7.9130 0.0010 
31.0525 1.0000 3007.0568 0.3730 0.1325 -0.2786 3.5321 9.0000 11.3279 0.0011 
31.0569 1.0000 3009.3967 0.3740 0.1330 -0.2772 3.5368 8.0000 11.3242 0.0012 
31.0504 1.0000 3007.2109 0.3727 0.1294 -0.2810 3.5289 8.0000 12.4167 0.0012 
31.0540 1.0000 3007.8298 0.3745 0.1311 -0.2802 3.5355 8.0000 12.1918 0.0011 
31.0495 1.0000 3006.1765 0.3751 0.1333 -0.2776 3.5386 8.0000 8.1413 0.0012 
31.0578 1.0000 3009.0753 0.3753 0.1313 -0.2801 3.5342 8.0000 12.4997 0.0011 
31.0509 1.0000 3006.2336 0.3732 0.1350 -0.2740 3.5384 8.0000 12.0359 0.0012 
31.0508 1.0000 3006.3593 0.3758 0.1336 -0.2767 3.5383 8.0000 7.6494 0.0012 
31.0495 1.0000 3006.3025 0.3735 0.1327 -0.2768 3.5361 8.0000 11.6226 0.0012 
31.0494 1.0000 3006.0371 0.3742 0.1316 -0.2797 3.5366 8.0000 11.2687 0.0013 
31.0495 1.0000 3006.0568 0.3746 0.1333 -0.2762 3.5447 9.0000 11.4838 0.0011 
31.0530 1.0000 3007.7838 0.3709 0.1298 -0.2785 3.5316 9.0000 7.9146 0.0011 
31.0532 1.0000 3007.0506 0.3738 0.1319 -0.2781 3.5394 8.0000 11.2969 0.0010 
31.0501 1.0000 3006.7821 0.3749 0.1341 -0.2765 3.5383 8.0000 11.4845 0.0012 
31.0480 1.0000 3005.8399 0.3722 0.1311 -0.2782 3.5332 8.0000 11.2224 0.0013 
31.0533 1.0000 3007.3059 0.3720 0.1315 -0.2761 3.5346 8.0000 11.7443 0.0012 
31.0458 1.0000 3004.8712 0.3736 0.1312 -0.2796 3.5303 8.0000 7.6842 0.0010 
31.0525 1.0000 3007.5199 0.3738 0.1319 -0.2793 3.5310 8.0000 11.3090 0.0010 
31.0542 1.0000 3008.5700 0.3756 0.1334 -0.2770 3.5346 8.0000 11.5559 0.0012 
31.0493 1.0000 3006.6875 0.3765 0.1344 -0.2765 3.5410 8.0000 11.3498 0.0013 
31.0484 1.0000 3005.0882 0.3726 0.1318 -0.2782 3.5370 10.0000 7.9094 0.0012 
31.0466 1.0000 3004.2957 0.3724 0.1298 -0.2806 3.5353 8.0000 11.5937 0.0012 
31.0551 1.0000 3008.1585 0.3754 0.1352 -0.2755 3.5432 9.0000 11.3436 0.0012 
31.0549 1.0000 3008.2590 0.3734 0.1325 -0.2768 3.5349 8.0000 11.5223 0.0011 
31.0506 1.0000 3006.1667 0.3737 0.1324 -0.2780 3.5358 8.0000 11.2996 0.0013 
31.0501 1.0000 3006.4217 0.3739 0.1327 -0.2756 3.5310 8.0000 11.3777 0.0011 
31.0461 1.0000 3004.8843 0.3757 0.1350 -0.2729 3.5416 8.0000 11.4652 0.0013 
31.0507 1.0000 3006.4234 0.3719 0.1321 -0.2753 3.5327 8.0000 8.0919 0.0010 
31.0477 1.0000 3005.9149 0.3771 0.1345 -0.2770 3.5372 9.0000 15.5583 0.0010 
31.0515 1.0000 3007.1498 0.3751 0.1323 -0.2804 3.5379 8.0000 15.5584 0.0010 
31.0563 1.0000 3008.6815 0.3730 0.1303 -0.2805 3.5300 9.0000 12.4991 0.0012 
31.0452 1.0000 3004.2203 0.3736 0.1331 -0.2774 3.5361 8.0000 11.9726 0.0012 
31.0456 1.0000 3004.7722 0.3767 0.1326 -0.2802 3.5330 8.0000 12.4815 0.0012 
31.0538 1.0000 3008.0734 0.3741 0.1327 -0.2777 3.5394 8.0000 7.9453 0.0012 
31.0560 1.0000 3008.7636 0.3733 0.1326 -0.2774 3.5330 8.0000 11.2802 0.0012 
31.0453 1.0000 3004.1605 0.3732 0.1317 -0.2790 3.5342 8.0000 13.1558 0.0012 
31.0506 1.0000 3006.1603 0.3732 0.1327 -0.2749 3.5381 9.0000 12.7724 0.0012 
31.0493 1.0000 3005.9573 0.3757 0.1330 -0.2784 3.5379 8.0000 7.8872 0.0012 
