31.0532 1.0000 3007.6381 0.3601 0.1253 -0.2823 3.5257 8.0000 22.3332 0.0011 
31.0561 1.0000 3009.4236 0.3603 0.1237 -0.2834 3.5228 9.0000 23.1715 0.0009 
31.0518 1.0000 3007.2335 0.3585 0.1252 -0.2817 3.5258 8.0000 24.9351 0.0009 
31.0469 1.0000 3004.9472 0.3592 0.1236 -0.2843 3.5279 8.0000 20.5436 0.0013 
31.0592 1.0000 3010.0065 0.3606 0.1269 -0.2781 3.5271 9.0000 23.4512 0.0013 
31.0563 1.0000 3008.5983 0.3610 0.1262 -0.2814 3.5284 8.0000 24.3329 0.0011 
31.0520 1.0000 3007.2449 0.3599 0.1235 -0.2854 3.5217 8.0000 24.2984 0.0012 
31.0537 1.0000 3008.1183 0.3576 0.1238 -0.2814 3.5240 8.0000 12.6868 0.0009 
31.0451 1.0000 3003.9295 0.3596 0.1245 -0.2828 3.5251 8.0000 10.5877 0.0012 
31.0547 1.0000 3008.1815 0.3579 0.1241 -0.2802 3.5220 8.0000 16.6472 0.0011 
31.0484 1.0000 3005.2572 0.3596 0.1239 -0.2833 3.5267 8.0000 16.1429 0.0012 
31.0581 1.0000 3010.2069 0.3609 0.1245 -0.2834 3.5257 8.0000 12.1205 0.0010 
31.0548 1.0000 3007.8383 0.3563 0.1235 -0.2780 3.5291 8.0000 13.9339 0.0014 
31.0495 1.0000 3006.2064 0.3586 0.1235 -0.2830 3.5220 8.0000 13.0657 0.0012 
31.0522 1.0000 3007.3406 0.3582 0.1257 -0.2798 3.5257 8.0000 8.2466 0.0015 
31.0592 1.0000 3010.4951 0.3606 0.1233 -0.2845 3.5217 9.0000 12.7637 0.0011 
31.0498 1.0000 3005.5484 0.3601 0.1247 -0.2813 3.5273 8.0000 11.8131 0.0013 
31.0555 1.0000 3008.7257 0.3585 0.1254 -0.2793 3.5248 8.0000 11.5649 0.0008 
31.0507 1.0000 3006.5831 0.3602 0.1257 -0.2798 3.5251 8.0000 7.9923 0.0010 
31.0431 1.0000 3002.7270 0.3578 0.1240 -0.2814 3.5201 8.0000 11.4194 0.0012 
31.0520 1.0000 3006.8445 0.3587 0.1226 -0.2849 3.5212 8.0000 11.5187 0.0012 
31.0460 1.0000 3004.7566 0.3596 0.1236 -0.2833 3.5249 9.0000 11.1870 0.0013 
31.0404 1.0000 3002.4943 0.3589 0.1252 -0.2812 3.5280 8.0000 7.9463 0.0011 
31.0542 1.0000 3008.2566 0.3588 0.1228 -0.2847 3.5243 8.0000 11.6569 0.0011 
31.0604 1.0000 3010.3549 0.3626 0.1247 -0.2849 3.5284 8.0000 8.3100 0.0013 
31.0507 1.0000 3006.4230 0.3597 0.1256 -0.2819 3.5301 8.0000 11.3684 0.0011 
31.0489 1.0000 3005.2560 0.3595 0.1256 -0.2793 3.5271 8.0000 11.9515 0.0009 
31.0455 1.0000 3004.4632 0.3620 0.1278 -0.2796 3.5304 8.0000 12.2344 0.0011 
31.0520 1.0000 3007.5325 0.3577 0.1236 -0.2833 3.5225 8.0000 12.7550 0.0010 
31.0538 1.0000 3008.6795 0.3586 0.1244 -0.2811 3.5281 8.0000 12.4399 0.0013 
31.0453 1.0000 3003.7000 0.3580 0.1235 -0.2830 3.5248 8.0000 12.8141 0.0010 
31.0599 1.0000 3010.7669 0.3565 0.1229 -0.2831 3.5266 8.0000 10.9130 0.0010 
31.0531 1.0000 3007.1135 0.3591 0.1243 -0.2798 3.5230 8.0000 12.4968 0.0011 
31.0533 1.0000 3007.4585 0.3587 0.1249 -0.2800 3.5267 9.0000 12.7346 0.0011 
31.0542 1.0000 3007.7303 0.3588 0.1258 -0.2804 3.5296 8.0000 12.2261 0.0010 
31.0458 1.0000 3004.6461 0.3597 0.1251 -0.2823 3.5299 9.0000 8.6856 0.0010 
31.0564 1.0000 3009.1633 0.3584 0.1241 -0.2830 3.5244 8.0000 12.6044 0.0010 
31.0563 1.0000 3008.4828 0.3578 0.1226 -0.2833 3.5247 8.0000 8.2703 0.0010 
31.0516 1.0000 3007.3038 0.3610 0.1261 -0.2806 3.5253 7.0000 12.6728 0.0010 
31.0514 1.0000 3006.9157 0.3592 0.1234 -0.2832 3.5178 9.0000 12.3021 0.0010 
31.0549 1.0000 3008.0280 0.3632 0.1260 -0.2831 3.5252 8.0000 8.1671 0.0010 
31.0561 1.0000 3008.5287 0.3593 0.1255 -0.2799 3.5294 9.0000 12.2224 0.0011 
31.0548 1.0000 3007.9926 0.3622 0.1246 -0.2843 3.5196 8.0000 12.5251 0.0012 
31.0549 1.0000 3008.2400 0.3575 0.1238 -0.2814 3.5234 8.0000 8.2562 0.0011 
31.0553 1.0000 3008.2019 0.3609 0.1250 -0.2840 3.5283 8.0000 8.4585 0.0013 
31.0544 1.0000 3007.8893 0.3579 0.1245 -0.2803 3.5234 9.0000 12.3155 0.0013 
31.0551 1.0000 3008.6227 0.3596 0.1244 -0.2820 3.5275 8.0000 12.8342 0.0010 
31.0533 1.0000 3007.6386 0.3582 0.1258 -0.2790 3.5316 9.0000 12.5589 0.0011 
31.0501 1.0000 3006.0168 0.3581 0.1232 -0.2843 3.5233 8.0000 12.2536 0.0012 
31.0511 1.0000 3005.8795 0.3604 0.1257 -0.2811 3.5241 8.0000 11.4673 0.0010 
31.0462 1.0000 3004.9650 0.3607 0.1260 -0.2808 3.5269 8.0000 9.8293 0.0010 
31.0449 1.0000 3004.2959 0.3585 0.1242 -0.2823 3.5250 9.0000 11.7695 0.0014 
31.0525 1.0000 3007.4735 0.3612 0.1249 -0.2846 3.5285 7.0000 11.4712 0.0010 
31.0540 1.0000 3007.9127 0.3570 0.1233 -0.2802 3.5263 8.0000 11.4341 0.0011 
31.0501 1.0000 3005.7734 0.3587 0.1236 -0.2836 3.5221 7.0000 11.7347 0.0011 
31.0551 1.0000 3008.3657 0.3581 0.1232 -0.2840 3.5220 8.0000 11.4205 0.0011 
31.0554 1.0000 3008.9993 0.3586 0.1239 -0.2814 3.5246 8.0000 12.4974 0.0011 
31.0529 1.0000 3007.5846 0.3574 0.1230 -0.2824 3.5261 9.0000 12.3817 0.0012 
31.0419 1.0000 3002.5599 0.3582 0.1218 -0.2847 3.5257 8.0000 12.9574 0.0013 
31.0554 1.0000 3008.3777 0.3539 0.1208 -0.2819 3.5196 7.0000 12.8302 0.0010 
31.0528 1.0000 3007.7016 0.3584 0.1246 -0.2820 3.5253 8.0000 12.3576 0.0014 
31.0518 1.0000 3006.4237 0.3594 0.1259 -0.2819 3.5274 8.0000 12.4633 0.0009 
31.0525 1.0000 3007.1741 0.3581 0.1243 -0.2804 3.5257 8.0000 12.4061 0.0013 
31.0492 1.0000 3006.1733 0.3595 0.1268 -0.2783 3.5274 7.0000 10.5565 0.0013 
31.0449 1.0000 3003.6364 0.3602 0.1260 -0.2781 3.5249 10.0000 12.7502 0.0012 
31.0430 1.0000 3003.5426 0.3601 0.1261 -0.2788 3.5291 8.0000 7.9491 0.0012 
31.0546 1.0000 3007.5931 0.3578 0.1232 -0.2828 3.5234 8.0000 7.8578 0.0010 
31.0598 1.0000 3010.4405 0.3567 0.1235 -0.2817 3.5218 8.0000 11.7210 0.0011 
31.0473 1.0000 3004.7114 0.3597 0.1233 -0.2845 3.5250 8.0000 11.4479 0.0009 
31.0477 1.0000 3005.3605 0.3586 0.1244 -0.2820 3.5288 8.0000 11.3936 0.0010 
31.0500 1.0000 3005.8794 0.3609 0.1237 -0.2853 3.5218 8.0000 11.6536 0.0012 
31.0491 1.0000 3005.9123 0.3600 0.1239 -0.2826 3.5244 8.0000 7.9272 0.0011 
31.0541 1.0000 3008.2131 0.3584 0.1240 -0.2818 3.5260 8.0000 11.7500 0.0012 
31.0539 1.0000 3008.2364 0.3573 0.1226 -0.2824 3.5257 8.0000 11.5602 0.0010 
31.0587 1.0000 3010.3775 0.3575 0.1249 -0.2794 3.5259 8.0000 8.2012 0.0012 
31.0546 1.0000 3008.4861 0.3559 0.1216 -0.2852 3.5219 8.0000 12.6566 0.0012 
31.0496 1.0000 3006.1180 0.3576 0.1236 -0.2825 3.5229 8.0000 12.6153 0.0012 
31.0532 1.0000 3007.9719 0.3584 0.1233 -0.2839 3.5251 8.0000 7.8810 0.0013 
31.0507 1.0000 3006.8209 0.3598 0.1244 -0.2824 3.5234 9.0000 11.4860 0.0012 
31.0507 1.0000 3006.8356 0.3609 0.1254 -0.2829 3.5289 8.0000 11.8829 0.0012 
31.0560 1.0000 3008.9208 0.3591 0.1240 -0.2828 3.5302 9.0000 11.4622 0.0012 
31.0486 1.0000 3005.5526 0.3578 0.1249 -0.2819 3.5262 8.0000 11.5569 0.0009 
31.0497 1.0000 3006.6869 0.3585 0.1263 -0.2763 3.5280 8.0000 11.7842 0.0011 
31.0493 1.0000 3006.2458 0.3583 0.1249 -0.2785 3.5287 9.0000 11.9111 0.0010 
31.0460 1.0000 3004.1737 0.3606 0.1238 -0.2845 3.5233 9.0000 7.8316 0.0012 
31.0508 1.0000 3006.3764 0.3565 0.1223 -0.2837 3.5211 8.0000 11.6953 0.0010 
31.0572 1.0000 3009.3427 0.3584 0.1255 -0.2787 3.5301 9.0000 11.9161 0.0011 
31.0484 1.0000 3005.2365 0.3590 0.1241 -0.2820 3.5322 8.0000 11.5589 0.0010 
31.0522 1.0000 3007.2153 0.3611 0.1251 -0.2828 3.5280 9.0000 7.9187 0.0012 
31.0556 1.0000 3008.9568 0.3608 0.1261 -0.2806 3.5262 8.0000 11.8752 0.0010 
31.0451 1.0000 3004.2061 0.3585 0.1245 -0.2821 3.5260 8.0000 16.1559 0.0014 
31.0487 1.0000 3006.1031 0.3599 0.1244 -0.2836 3.5251 8.0000 16.0752 0.0011 
31.0513 1.0000 3006.6747 0.3570 0.1223 -0.2841 3.5251 8.0000 11.7307 0.0010 
31.0489 1.0000 3006.2890 0.3593 0.1246 -0.2810 3.5245 8.0000 8.0070 0.0010 
31.0545 1.0000 3008.1553 0.3581 0.1238 -0.2823 3.5220 9.0000 7.9199 0.0010 
31.0541 1.0000 3008.2326 0.3603 0.1263 -0.2813 3.5214 8.0000 11.4274 0.0010 
31.0547 1.0000 3008.5944 0.3600 0.1267 -0.2785 3.5267 9.0000 11.7697 0.0010 
31.0428 1.0000 3002.7794 0.3588 0.1246 -0.2816 3.5215 9.0000 8.2313 0.0010 
31.0528 1.0000 3007.0229 0.3582 0.1246 -0.2810 3.5243 9.0000 12.2546 0.0010 
31.0548 1.0000 3008.7524 0.3569 0.1231 -0.2829 3.5246 8.0000 12.3905 0.0010 
