39.4634 4.0000 3576.0504 0.4659 0.1738 -0.6402 3.0405 6.0000 8.1748 0.0062 
39.5479 4.0000 3602.3796 0.4681 0.1744 -0.6338 3.0497 5.0000 8.0611 0.0068 
39.5378 4.0000 3594.2371 0.4721 0.1779 -0.6386 3.0426 6.0000 8.1489 0.0068 
39.5618 4.0000 3605.4776 0.4680 0.1753 -0.6337 3.0314 5.0000 7.5350 0.0063 
39.5495 4.0000 3602.1482 0.4722 0.1739 -0.6393 3.0365 5.0000 7.5863 0.0073 
39.5564 4.0000 3599.6974 0.4743 0.1762 -0.6439 3.0366 5.0000 7.8868 0.0062 
39.5167 4.0000 3592.5643 0.4655 0.1732 -0.6369 3.0393 6.0000 8.2602 0.0064 
39.5615 4.0000 3606.6469 0.4692 0.1789 -0.6297 3.0354 5.0000 8.3590 0.0063 
39.5545 4.0000 3606.3956 0.4726 0.1786 -0.6318 3.0460 6.0000 8.6253 0.0068 
39.5561 4.0000 3607.4013 0.4648 0.1725 -0.6318 3.0334 5.0000 8.3714 0.0072 
39.5381 4.0000 3595.0880 0.4722 0.1765 -0.6370 3.0446 5.0000 8.4073 0.0066 
39.5218 4.0000 3582.1334 0.4674 0.1752 -0.6391 3.0512 6.0000 8.3998 0.0072 
39.5429 4.0000 3593.5104 0.4666 0.1752 -0.6353 3.0365 5.0000 7.9754 0.0076 
39.5218 4.0000 3592.0536 0.4644 0.1713 -0.6346 3.0449 5.0000 7.9385 0.0070 
39.5054 4.0000 3586.7062 0.4679 0.1741 -0.6357 3.0415 5.0000 8.0922 0.0069 
39.5296 4.0000 3589.9010 0.4721 0.1780 -0.6400 3.0428 5.0000 8.1611 0.0057 
39.5322 4.0000 3602.1397 0.4693 0.1743 -0.6379 3.0372 6.0000 8.2005 0.0080 
39.5817 4.0000 3611.7219 0.4683 0.1731 -0.6427 3.0352 5.0000 8.3938 0.0072 
39.4909 4.0000 3578.8194 0.4654 0.1735 -0.6381 3.0448 5.0000 8.4373 0.0069 
39.5227 4.0000 3587.1428 0.4693 0.1755 -0.6439 3.0410 6.0000 8.5534 0.0067 
39.5315 4.0000 3600.9401 0.4685 0.1754 -0.6320 3.0542 6.0000 8.4040 0.0061 
39.5397 4.0000 3602.0530 0.4690 0.1760 -0.6406 3.0357 6.0000 7.9524 0.0068 
39.5653 4.0000 3607.5615 0.4706 0.1748 -0.6381 3.0340 6.0000 8.0293 0.0068 
39.5353 4.0000 3598.8928 0.4643 0.1746 -0.6309 3.0426 6.0000 8.0924 0.0069 
39.5350 4.0000 3596.4716 0.4675 0.1724 -0.6362 3.0245 6.0000 8.0360 0.0066 
39.5322 4.0000 3596.9713 0.4658 0.1709 -0.6402 3.0299 5.0000 8.0555 0.0073 
39.5467 4.0000 3602.5195 0.4678 0.1716 -0.6408 3.0368 5.0000 8.2250 0.0073 
39.5170 4.0000 3590.7863 0.4679 0.1784 -0.6368 3.0416 6.0000 8.0198 0.0057 
39.5167 4.0000 3587.1409 0.4662 0.1751 -0.6369 3.0312 5.0000 8.0462 0.0083 
39.5791 4.0000 3614.3909 0.4664 0.1712 -0.6409 3.0386 6.0000 8.1321 0.0055 
39.4770 4.0000 3574.9196 0.4708 0.1775 -0.6375 3.0395 5.0000 7.9811 0.0064 
39.5898 4.0000 3615.1532 0.4678 0.1751 -0.6290 3.0352 5.0000 8.2184 0.0058 
39.5508 4.0000 3599.7446 0.4728 0.1785 -0.6356 3.0470 6.0000 8.2213 0.0065 
39.5750 4.0000 3614.9259 0.4700 0.1780 -0.6362 3.0479 6.0000 7.9792 0.0063 
39.5489 4.0000 3602.0095 0.4664 0.1756 -0.6381 3.0331 5.0000 8.1983 0.0071 
39.5580 4.0000 3599.7951 0.4688 0.1771 -0.6396 3.0428 5.0000 8.2082 0.0081 
39.5236 4.0000 3592.4549 0.4685 0.1734 -0.6384 3.0396 5.0000 8.5240 0.0061 
39.4858 4.0000 3579.7298 0.4703 0.1758 -0.6441 3.0375 5.0000 8.8467 0.0078 
39.5627 4.0000 3606.5432 0.4671 0.1741 -0.6339 3.0331 6.0000 8.6180 0.0073 
39.4965 4.0000 3579.7352 0.4681 0.1788 -0.6275 3.0479 6.0000 8.1054 0.0065 
39.5183 4.0000 3587.3714 0.4686 0.1795 -0.6319 3.0536 5.0000 8.3006 0.0059 
39.5470 4.0000 3603.0013 0.4724 0.1750 -0.6430 3.0391 5.0000 8.2735 0.0074 
39.5738 4.0000 3612.8890 0.4714 0.1761 -0.6374 3.0388 5.0000 8.0440 0.0073 
39.5117 4.0000 3590.5154 0.4699 0.1762 -0.6447 3.0379 6.0000 8.1881 0.0073 
39.5183 4.0000 3591.6989 0.4698 0.1767 -0.6350 3.0428 5.0000 8.3132 0.0068 
39.5180 4.0000 3588.1122 0.4675 0.1732 -0.6368 3.0363 6.0000 8.1812 0.0070 
39.5350 4.0000 3604.2226 0.4675 0.1762 -0.6315 3.0377 6.0000 8.2890 0.0072 
39.5287 4.0000 3590.7434 0.4682 0.1754 -0.6332 3.0410 5.0000 8.2493 0.0064 
39.5221 4.0000 3594.5593 0.4681 0.1723 -0.6365 3.0358 6.0000 8.0511 0.0065 
39.5545 4.0000 3601.8938 0.4640 0.1690 -0.6403 3.0336 5.0000 8.2794 0.0075 
39.5495 4.0000 3603.2040 0.4663 0.1726 -0.6307 3.0344 5.0000 8.3890 0.0069 
39.5088 4.0000 3588.9511 0.4719 0.1763 -0.6388 3.0439 6.0000 8.2493 0.0057 
39.5322 4.0000 3598.5463 0.4670 0.1736 -0.6327 3.0233 6.0000 8.0750 0.0063 
39.5791 4.0000 3608.7260 0.4704 0.1743 -0.6438 3.0350 6.0000 8.3416 0.0074 
39.5571 4.0000 3603.9278 0.4685 0.1724 -0.6370 3.0352 5.0000 8.0926 0.0078 
39.5145 4.0000 3586.9256 0.4663 0.1733 -0.6383 3.0361 5.0000 8.1256 0.0078 
39.4991 4.0000 3576.3953 0.4653 0.1729 -0.6372 3.0350 5.0000 8.4984 0.0062 
39.4978 4.0000 3581.8162 0.4685 0.1787 -0.6350 3.0412 6.0000 8.7175 0.0069 
39.5593 4.0000 3601.5451 0.4691 0.1765 -0.6347 3.0378 6.0000 8.6662 0.0069 
39.5328 4.0000 3603.3827 0.4716 0.1779 -0.6308 3.0345 6.0000 8.6362 0.0090 
39.5344 4.0000 3593.9262 0.4642 0.1739 -0.6354 3.0452 5.0000 8.1305 0.0078 
39.4524 4.0000 3569.7078 0.4733 0.1797 -0.6390 3.0482 6.0000 8.2855 0.0079 
39.4962 4.0000 3584.6261 0.4675 0.1763 -0.6377 3.0368 5.0000 8.3264 0.0067 
39.4924 4.0000 3576.4877 0.4712 0.1755 -0.6373 3.0453 5.0000 8.0818 0.0065 
39.5413 4.0000 3595.9823 0.4630 0.1697 -0.6420 3.0436 5.0000 8.2195 0.0068 
39.5495 4.0000 3603.9675 0.4668 0.1740 -0.6358 3.0350 5.0000 8.1303 0.0070 
39.5356 4.0000 3591.3875 0.4725 0.1751 -0.6464 3.0510 5.0000 8.0013 0.0072 
39.5306 4.0000 3599.0104 0.4745 0.1756 -0.6426 3.0373 5.0000 8.0719 0.0080 
39.5227 4.0000 3592.6337 0.4679 0.1743 -0.6308 3.0355 6.0000 8.1096 0.0070 
39.4890 4.0000 3572.8370 0.4697 0.1756 -0.6429 3.0450 5.0000 8.1502 0.0068 
39.5303 4.0000 3594.9130 0.4699 0.1780 -0.6355 3.0419 5.0000 8.2390 0.0061 
39.5369 4.0000 3596.2859 0.4696 0.1727 -0.6376 3.0342 5.0000 8.0801 0.0060 
39.5659 4.0000 3609.8531 0.4643 0.1722 -0.6338 3.0374 6.0000 8.4735 0.0072 
39.5700 4.0000 3610.0678 0.4674 0.1757 -0.6315 3.0431 6.0000 8.6923 0.0066 
39.5199 4.0000 3593.1624 0.4685 0.1727 -0.6416 3.0354 5.0000 8.7877 0.0076 
39.5463 4.0000 3597.3720 0.4678 0.1751 -0.6379 3.0424 5.0000 8.3805 0.0067 
39.5038 4.0000 3588.9764 0.4628 0.1742 -0.6277 3.0307 5.0000 8.3381 0.0068 
39.5422 4.0000 3596.0895 0.4689 0.1715 -0.6422 3.0385 5.0000 8.1104 0.0077 
39.5385 4.0000 3599.5864 0.4713 0.1799 -0.6297 3.0358 5.0000 8.1171 0.0065 
39.5013 4.0000 3580.6876 0.4672 0.1759 -0.6378 3.0468 5.0000 7.9417 0.0076 
39.5476 4.0000 3604.4297 0.4711 0.1761 -0.6343 3.0353 6.0000 8.0805 0.0070 
39.5069 4.0000 3586.5202 0.4675 0.1765 -0.6367 3.0403 5.0000 8.0718 0.0065 
39.5309 4.0000 3599.9593 0.4701 0.1734 -0.6418 3.0388 6.0000 8.2122 0.0060 
39.5470 4.0000 3602.7544 0.4647 0.1714 -0.6306 3.0297 5.0000 8.3569 0.0072 
39.5675 4.0000 3605.2213 0.4689 0.1769 -0.6342 3.0384 6.0000 8.1114 0.0064 
39.5221 4.0000 3584.7743 0.4673 0.1748 -0.6402 3.0398 6.0000 8.2396 0.0077 
39.5526 4.0000 3607.5643 0.4738 0.1776 -0.6344 3.0300 6.0000 8.1679 0.0073 
39.5019 4.0000 3585.3225 0.4681 0.1754 -0.6386 3.0443 5.0000 8.1208 0.0063 
39.5164 4.0000 3586.0892 0.4722 0.1772 -0.6398 3.0377 6.0000 8.2475 0.0077 
39.5564 4.0000 3605.4448 0.4705 0.1760 -0.6426 3.0411 5.0000 8.1979 0.0077 
39.5032 4.0000 3583.8881 0.4683 0.1753 -0.6391 3.0359 5.0000 8.2677 0.0084 
39.5006 4.0000 3576.4786 0.4709 0.1772 -0.6431 3.0338 5.0000 8.2679 0.0072 
39.4748 4.0000 3573.7172 0.4669 0.1717 -0.6398 3.0405 6.0000 8.2868 0.0073 
39.5199 4.0000 3586.9114 0.4665 0.1749 -0.6372 3.0364 5.0000 8.1317 0.0075 
39.5189 4.0000 3593.5243 0.4703 0.1795 -0.6347 3.0455 5.0000 8.3470 0.0065 
39.5076 4.0000 3587.2125 0.4718 0.1776 -0.6450 3.0357 5.0000 8.1350 0.0066 
39.5492 4.0000 3599.6189 0.4692 0.1747 -0.6358 3.0368 6.0000 8.2114 0.0075 
39.5445 4.0000 3602.5549 0.4685 0.1758 -0.6323 3.0389 6.0000 8.3203 0.0068 
39.5091 4.0000 3586.0968 0.4722 0.1772 -0.6460 3.0445 6.0000 7.9795 0.0068 
39.5369 4.0000 3598.6914 0.4687 0.1744 -0.6388 3.0353 5.0000 7.1231 0.0068 
