39.4519 4.0000 3575.7129 0.4875 0.1951 -0.6395 2.9705 5.0000 4.0332 0.0090 
39.3951 4.0000 3542.7764 0.4920 0.1984 -0.6502 2.9706 5.0000 3.9338 0.0104 
39.3775 4.0000 3548.9781 0.4896 0.1976 -0.6387 2.9715 5.0000 4.0969 0.0096 
39.4506 4.0000 3570.5969 0.4963 0.1993 -0.6453 2.9625 5.0000 3.7123 0.0110 
39.4279 4.0000 3548.5511 0.4886 0.1949 -0.6462 2.9710 5.0000 3.7567 0.0105 
39.3745 4.0000 3548.5107 0.4904 0.1981 -0.6473 2.9638 5.0000 3.7841 0.0127 
39.3939 4.0000 3560.2509 0.4863 0.1937 -0.6500 2.9582 5.0000 3.9807 0.0099 
39.3047 4.0000 3519.0454 0.4840 0.1913 -0.6442 2.9718 5.0000 3.9578 0.0091 
39.4170 4.0000 3568.3459 0.4895 0.1934 -0.6427 2.9703 5.0000 4.0247 0.0081 
39.4456 4.0000 3563.7928 0.4950 0.1979 -0.6515 2.9699 5.0000 3.9945 0.0104 
39.4876 4.0000 3581.7272 0.4906 0.1972 -0.6382 2.9593 5.0000 3.9376 0.0087 
39.3947 4.0000 3549.1143 0.4865 0.1927 -0.6478 2.9690 5.0000 3.9790 0.0111 
39.4624 4.0000 3569.4481 0.4831 0.1945 -0.6455 2.9647 5.0000 4.0929 0.0100 
39.3682 4.0000 3537.2207 0.4884 0.1950 -0.6459 2.9664 5.0000 4.1087 0.0117 
39.4115 4.0000 3559.1681 0.4908 0.1935 -0.6511 2.9699 5.0000 4.1669 0.0096 
39.3464 4.0000 3533.9016 0.4844 0.1921 -0.6493 2.9645 5.0000 3.8645 0.0102 
39.4275 4.0000 3556.8916 0.4904 0.1971 -0.6463 2.9698 5.0000 3.8752 0.0079 
39.4048 4.0000 3549.7638 0.4899 0.1932 -0.6432 2.9725 5.0000 3.8559 0.0098 
39.4956 4.0000 3589.7789 0.4861 0.1942 -0.6416 2.9611 5.0000 4.0522 0.0093 
39.4187 4.0000 3557.1946 0.4909 0.1943 -0.6512 2.9677 5.0000 4.0515 0.0094 
39.4405 4.0000 3570.2711 0.4879 0.1946 -0.6453 2.9641 5.0000 4.0101 0.0108 
39.4363 4.0000 3563.6246 0.4905 0.1988 -0.6383 2.9677 5.0000 4.1010 0.0107 
39.3804 4.0000 3546.6003 0.4933 0.1980 -0.6430 2.9690 5.0000 4.1225 0.0103 
39.3842 4.0000 3535.0475 0.4954 0.1959 -0.6496 2.9651 5.0000 4.2083 0.0103 
39.3997 4.0000 3538.6700 0.4903 0.1991 -0.6456 2.9791 5.0000 3.9894 0.0107 
39.4014 4.0000 3555.9525 0.4913 0.1957 -0.6474 2.9670 5.0000 3.9943 0.0096 
39.3825 4.0000 3552.6633 0.4874 0.1922 -0.6420 2.9673 5.0000 4.0305 0.0081 
39.4262 4.0000 3565.6768 0.4913 0.1954 -0.6473 2.9688 5.0000 3.8955 0.0099 
39.4863 4.0000 3590.1892 0.4895 0.1966 -0.6459 2.9682 5.0000 3.9310 0.0099 
39.4161 4.0000 3541.7373 0.4906 0.1986 -0.6427 2.9747 6.0000 3.9588 0.0100 
39.4166 4.0000 3566.1185 0.4923 0.1962 -0.6488 2.9571 5.0000 4.0781 0.0098 
39.4124 4.0000 3552.5149 0.4905 0.1939 -0.6588 2.9558 5.0000 4.1306 0.0087 
39.4187 4.0000 3564.4451 0.4811 0.1922 -0.6473 2.9569 5.0000 4.0194 0.0099 
39.4636 4.0000 3571.9760 0.4935 0.1985 -0.6434 2.9719 5.0000 4.1245 0.0119 
39.4157 4.0000 3553.2812 0.4925 0.1989 -0.6442 2.9662 5.0000 4.3078 0.0104 
39.3380 4.0000 3532.0269 0.4883 0.1951 -0.6520 2.9702 5.0000 4.1227 0.0104 
39.3972 4.0000 3538.2720 0.4884 0.1954 -0.6472 2.9731 5.0000 4.0861 0.0097 
39.3749 4.0000 3534.3064 0.4898 0.1991 -0.6467 2.9808 5.0000 4.1140 0.0100 
39.4241 4.0000 3552.4678 0.4911 0.1958 -0.6430 2.9849 5.0000 4.1770 0.0101 
39.4111 4.0000 3549.2770 0.4854 0.1922 -0.6476 2.9637 5.0000 4.0599 0.0114 
39.4077 4.0000 3556.4023 0.4885 0.1977 -0.6451 2.9619 5.0000 4.1166 0.0115 
39.3581 4.0000 3530.5397 0.4957 0.1983 -0.6565 2.9810 5.0000 4.1553 0.0097 
39.3544 4.0000 3542.3686 0.4960 0.1977 -0.6532 2.9733 5.0000 4.0947 0.0106 
39.4229 4.0000 3549.6230 0.4856 0.1942 -0.6418 2.9690 5.0000 4.0423 0.0107 
39.3871 4.0000 3549.9306 0.4839 0.1960 -0.6422 2.9625 5.0000 4.0344 0.0101 
39.3859 4.0000 3548.0265 0.4900 0.2002 -0.6501 2.9610 5.0000 4.1793 0.0097 
39.4073 4.0000 3544.6696 0.4955 0.1962 -0.6624 2.9749 5.0000 4.2039 0.0094 
39.4245 4.0000 3564.0101 0.4890 0.1956 -0.6446 2.9616 5.0000 4.1770 0.0114 
39.4351 4.0000 3569.8470 0.4884 0.1936 -0.6487 2.9627 5.0000 4.0499 0.0105 
39.3586 4.0000 3538.2980 0.4933 0.1994 -0.6459 2.9700 5.0000 4.1898 0.0107 
39.3934 4.0000 3541.7268 0.4890 0.1962 -0.6470 2.9710 5.0000 4.2043 0.0110 
39.3838 4.0000 3549.3266 0.4871 0.1962 -0.6486 2.9687 5.0000 4.2317 0.0096 
39.3720 4.0000 3546.5889 0.4836 0.1929 -0.6508 2.9633 5.0000 4.2689 0.0109 
39.4271 4.0000 3558.1530 0.4940 0.1919 -0.6505 2.9666 5.0000 4.2922 0.0104 
39.3762 4.0000 3529.8289 0.4862 0.1954 -0.6525 2.9701 5.0000 3.9749 0.0109 
39.3960 4.0000 3550.1942 0.4898 0.1953 -0.6486 2.9672 5.0000 4.2504 0.0107 
39.3779 4.0000 3543.2051 0.4906 0.1950 -0.6537 2.9741 5.0000 4.2810 0.0116 
39.3863 4.0000 3557.8533 0.4863 0.1929 -0.6417 2.9624 5.0000 4.0927 0.0109 
39.3476 4.0000 3511.7533 0.4891 0.1997 -0.6526 2.9671 5.0000 4.1430 0.0090 
39.3775 4.0000 3546.6574 0.4941 0.1969 -0.6524 2.9703 5.0000 4.1708 0.0083 
39.4493 4.0000 3564.3880 0.4868 0.1947 -0.6539 2.9707 5.0000 4.3102 0.0090 
39.4775 4.0000 3581.8020 0.4946 0.1982 -0.6409 2.9681 5.0000 4.3568 0.0099 
39.4506 4.0000 3558.1358 0.4919 0.1931 -0.6536 2.9713 5.0000 4.3525 0.0111 
39.4161 4.0000 3563.9008 0.4830 0.1967 -0.6413 2.9766 5.0000 4.1363 0.0101 
39.3703 4.0000 3535.1833 0.4879 0.1936 -0.6504 2.9659 5.0000 4.1842 0.0114 
39.4082 4.0000 3556.5603 0.4909 0.1972 -0.6478 2.9774 5.0000 4.3318 0.0103 
39.3560 4.0000 3528.9130 0.4931 0.2003 -0.6532 2.9679 5.0000 4.3456 0.0123 
39.4006 4.0000 3541.4056 0.4882 0.1965 -0.6431 2.9756 5.0000 4.3098 0.0094 
39.3207 4.0000 3524.0475 0.4928 0.1986 -0.6489 2.9827 5.0000 4.2909 0.0093 
39.4367 4.0000 3569.4254 0.4921 0.1977 -0.6439 2.9716 5.0000 3.9997 0.0117 
39.4397 4.0000 3555.2257 0.4902 0.1969 -0.6518 2.9771 5.0000 4.1883 0.0115 
39.3438 4.0000 3529.5023 0.4871 0.1996 -0.6410 2.9723 5.0000 4.2071 0.0105 
39.3539 4.0000 3526.3195 0.4919 0.1957 -0.6500 2.9675 5.0000 4.0212 0.0099 
39.3918 4.0000 3547.8911 0.4861 0.1943 -0.6494 2.9683 5.0000 3.9595 0.0099 
39.4153 4.0000 3571.4838 0.4875 0.1939 -0.6370 2.9579 5.0000 3.9978 0.0099 
39.4161 4.0000 3551.0723 0.4937 0.1971 -0.6510 2.9821 5.0000 4.2346 0.0094 
39.4153 4.0000 3559.5250 0.4848 0.1933 -0.6438 2.9686 5.0000 4.1208 0.0106 
39.4338 4.0000 3560.4157 0.4930 0.1971 -0.6491 2.9710 5.0000 4.1023 0.0104 
39.3888 4.0000 3544.4258 0.4862 0.1958 -0.6385 2.9721 5.0000 4.0433 0.0108 
39.3960 4.0000 3545.6843 0.4959 0.1998 -0.6482 2.9706 5.0000 4.1486 0.0108 
39.3813 4.0000 3553.1795 0.4876 0.1912 -0.6559 2.9661 5.0000 4.1004 0.0105 
39.3821 4.0000 3541.1946 0.4894 0.1931 -0.6503 2.9606 5.0000 3.9464 0.0122 
39.3926 4.0000 3536.2917 0.4856 0.1954 -0.6441 2.9762 5.0000 4.1684 0.0115 
39.3241 4.0000 3524.1211 0.4928 0.1992 -0.6515 2.9711 5.0000 4.1108 0.0113 
39.3514 4.0000 3534.7470 0.4916 0.1974 -0.6492 2.9860 5.0000 3.9921 0.0104 
39.3602 4.0000 3519.8937 0.4894 0.1966 -0.6471 2.9694 5.0000 3.8956 0.0098 
39.3955 4.0000 3531.6377 0.4916 0.1996 -0.6513 2.9737 5.0000 4.0003 0.0109 
39.4212 4.0000 3540.6398 0.4917 0.1983 -0.6492 2.9723 5.0000 4.0257 0.0102 
39.3758 4.0000 3544.8697 0.4831 0.1937 -0.6407 2.9691 5.0000 3.9555 0.0111 
39.4040 4.0000 3551.9588 0.4879 0.1944 -0.6520 2.9626 5.0000 3.9697 0.0105 
39.3703 4.0000 3535.7520 0.4912 0.1974 -0.6523 2.9788 5.0000 4.2062 0.0104 
39.3930 4.0000 3541.7318 0.4937 0.1942 -0.6573 2.9686 5.0000 4.1900 0.0098 
39.3960 4.0000 3546.8579 0.4930 0.1975 -0.6565 2.9734 5.0000 4.1548 0.0083 
39.4187 4.0000 3560.3010 0.4904 0.1948 -0.6492 2.9629 5.0000 4.1193 0.0104 
39.4767 4.0000 3569.6894 0.4959 0.1981 -0.6506 2.9728 5.0000 4.0599 0.0082 
39.3976 4.0000 3527.4678 0.4857 0.1966 -0.6425 2.9783 5.0000 4.0492 0.0109 
39.4813 4.0000 3583.5893 0.4856 0.1932 -0.6446 2.9689 5.0000 3.9132 0.0121 
39.3783 4.0000 3543.1190 0.4912 0.1967 -0.6461 2.9718 5.0000 4.0934 0.0107 
39.3283 4.0000 3517.3581 0.4948 0.1975 -0.6573 2.9742 5.0000 4.1728 0.0107 
39.3825 4.0000 3542.6335 0.4923 0.1978 -0.6497 2.9841 5.0000 3.8211 0.0107 
