31.0694 1.0000 3013.9258 0.2435 0.0676 -0.2961 3.4592 8.0000 28.9867 0.0007 
31.0554 1.0000 3007.7807 0.2441 0.0679 -0.2960 3.4580 9.0000 28.2314 0.0008 
31.0597 1.0000 3009.7340 0.2443 0.0668 -0.2987 3.4565 8.0000 28.1683 0.0011 
31.0632 1.0000 3011.2076 0.2458 0.0677 -0.2987 3.4610 8.0000 27.8894 0.0008 
31.0614 1.0000 3010.4885 0.2448 0.0677 -0.2981 3.4574 8.0000 20.7239 0.0006 
31.0596 1.0000 3010.1695 0.2439 0.0675 -0.2969 3.4550 8.0000 28.7204 0.0008 
31.0633 1.0000 3011.1900 0.2437 0.0673 -0.2968 3.4535 8.0000 28.2523 0.0011 
31.0516 1.0000 3006.3619 0.2457 0.0672 -0.3004 3.4551 8.0000 9.2007 0.0008 
31.0567 1.0000 3008.1212 0.2450 0.0670 -0.2998 3.4592 8.0000 17.9933 0.0008 
31.0618 1.0000 3010.8981 0.2433 0.0666 -0.2986 3.4543 7.0000 17.0540 0.0009 
31.0618 1.0000 3010.5475 0.2441 0.0674 -0.2979 3.4584 9.0000 18.5018 0.0010 
31.0637 1.0000 3011.5827 0.2414 0.0660 -0.2974 3.4545 8.0000 18.0913 0.0009 
31.0620 1.0000 3010.6006 0.2455 0.0666 -0.3013 3.4544 7.0000 13.1769 0.0008 
31.0606 1.0000 3009.9335 0.2445 0.0670 -0.2990 3.4590 8.0000 9.1986 0.0008 
31.0588 1.0000 3009.4712 0.2454 0.0678 -0.2976 3.4571 8.0000 14.4082 0.0009 
31.0614 1.0000 3010.6806 0.2419 0.0660 -0.2998 3.4543 8.0000 14.2980 0.0008 
31.0573 1.0000 3008.6966 0.2442 0.0675 -0.2978 3.4552 8.0000 13.4504 0.0009 
31.0568 1.0000 3008.4208 0.2452 0.0674 -0.2987 3.4539 8.0000 13.5026 0.0008 
31.0599 1.0000 3009.5864 0.2413 0.0664 -0.2965 3.4546 8.0000 13.7099 0.0009 
31.0619 1.0000 3010.8248 0.2421 0.0663 -0.2977 3.4541 8.0000 14.1980 0.0009 
31.0579 1.0000 3008.6673 0.2432 0.0675 -0.2965 3.4560 8.0000 14.0810 0.0008 
31.0623 1.0000 3011.1589 0.2431 0.0673 -0.2970 3.4585 8.0000 12.2657 0.0009 
31.0574 1.0000 3008.4040 0.2433 0.0678 -0.2965 3.4560 8.0000 14.2633 0.0009 
31.0625 1.0000 3010.8790 0.2426 0.0672 -0.2966 3.4550 8.0000 12.3063 0.0008 
31.0585 1.0000 3009.6078 0.2419 0.0674 -0.2955 3.4552 8.0000 13.5003 0.0008 
31.0629 1.0000 3011.0871 0.2421 0.0673 -0.2958 3.4579 8.0000 18.4706 0.0008 
31.0607 1.0000 3009.9545 0.2427 0.0661 -0.2992 3.4546 8.0000 18.4664 0.0010 
31.0617 1.0000 3010.5598 0.2437 0.0671 -0.2980 3.4562 8.0000 14.1500 0.0010 
31.0596 1.0000 3010.0942 0.2437 0.0675 -0.2976 3.4588 9.0000 9.8890 0.0009 
31.0596 1.0000 3009.8643 0.2442 0.0672 -0.2987 3.4565 8.0000 14.1107 0.0007 
31.0604 1.0000 3009.9689 0.2428 0.0674 -0.2956 3.4562 8.0000 14.4617 0.0007 
31.0558 1.0000 3007.6212 0.2434 0.0670 -0.2977 3.4560 8.0000 14.2226 0.0009 
31.0638 1.0000 3011.7013 0.2443 0.0673 -0.2972 3.4562 8.0000 14.7485 0.0009 
31.0626 1.0000 3010.6886 0.2425 0.0667 -0.2976 3.4531 7.0000 11.8850 0.0009 
31.0650 1.0000 3011.6050 0.2448 0.0676 -0.2976 3.4566 7.0000 13.1479 0.0010 
31.0581 1.0000 3009.1241 0.2432 0.0671 -0.2969 3.4541 8.0000 13.5003 0.0009 
31.0649 1.0000 3011.9088 0.2445 0.0677 -0.2972 3.4557 8.0000 13.6272 0.0009 
31.0594 1.0000 3009.6519 0.2441 0.0675 -0.2981 3.4578 8.0000 11.5209 0.0008 
31.0597 1.0000 3009.5362 0.2448 0.0673 -0.2986 3.4571 8.0000 13.3706 0.0009 
31.0584 1.0000 3009.0780 0.2453 0.0678 -0.2991 3.4579 8.0000 13.4998 0.0008 
31.0565 1.0000 3008.1895 0.2430 0.0668 -0.2974 3.4571 8.0000 13.1886 0.0007 
31.0598 1.0000 3009.9744 0.2445 0.0673 -0.2980 3.4567 8.0000 13.2059 0.0008 
31.0578 1.0000 3008.4883 0.2452 0.0677 -0.2987 3.4570 7.0000 9.5892 0.0011 
31.0629 1.0000 3011.3882 0.2413 0.0664 -0.2952 3.4567 8.0000 13.5642 0.0007 
31.0587 1.0000 3009.2888 0.2433 0.0668 -0.2987 3.4567 7.0000 13.4405 0.0009 
31.0624 1.0000 3010.9936 0.2433 0.0666 -0.2990 3.4559 8.0000 9.1926 0.0007 
31.0658 1.0000 3012.2290 0.2427 0.0673 -0.2951 3.4561 8.0000 13.4947 0.0008 
31.0630 1.0000 3011.0506 0.2417 0.0681 -0.2935 3.4559 8.0000 13.2374 0.0007 
31.0532 1.0000 3006.8305 0.2447 0.0678 -0.2971 3.4578 8.0000 13.1229 0.0008 
31.0641 1.0000 3011.7039 0.2442 0.0669 -0.2983 3.4583 8.0000 12.8179 0.0010 
31.0644 1.0000 3011.4747 0.2440 0.0675 -0.2966 3.4536 7.0000 13.1351 0.0009 
31.0600 1.0000 3010.1609 0.2420 0.0665 -0.2979 3.4564 8.0000 13.4959 0.0010 
31.0603 1.0000 3010.1993 0.2422 0.0666 -0.2976 3.4557 9.0000 13.6144 0.0009 
31.0655 1.0000 3012.1489 0.2446 0.0669 -0.2989 3.4519 8.0000 13.1621 0.0010 
31.0626 1.0000 3010.9799 0.2438 0.0664 -0.2991 3.4547 8.0000 13.6510 0.0009 
31.0578 1.0000 3008.3945 0.2438 0.0671 -0.2984 3.4563 8.0000 13.7210 0.0007 
31.0564 1.0000 3008.5492 0.2423 0.0675 -0.2953 3.4567 9.0000 9.6614 0.0010 
31.0569 1.0000 3008.2408 0.2433 0.0671 -0.2974 3.4536 8.0000 13.5746 0.0007 
31.0594 1.0000 3009.8301 0.2444 0.0670 -0.2981 3.4547 8.0000 10.9306 0.0008 
31.0566 1.0000 3008.3258 0.2437 0.0672 -0.2979 3.4573 8.0000 9.1742 0.0009 
31.0599 1.0000 3009.7999 0.2446 0.0672 -0.2995 3.4560 8.0000 13.2212 0.0008 
31.0633 1.0000 3011.6806 0.2428 0.0665 -0.2989 3.4580 8.0000 13.5846 0.0007 
31.0636 1.0000 3011.3491 0.2436 0.0675 -0.2970 3.4554 8.0000 12.5672 0.0010 
31.0553 1.0000 3007.8646 0.2430 0.0667 -0.2979 3.4548 8.0000 13.2116 0.0006 
31.0572 1.0000 3008.6058 0.2454 0.0685 -0.2977 3.4578 8.0000 12.6671 0.0010 
31.0619 1.0000 3010.5035 0.2422 0.0674 -0.2953 3.4537 9.0000 13.5547 0.0007 
31.0631 1.0000 3011.3438 0.2441 0.0676 -0.2975 3.4543 8.0000 13.5302 0.0010 
31.0638 1.0000 3011.5719 0.2438 0.0669 -0.2993 3.4544 8.0000 9.2773 0.0008 
31.0560 1.0000 3008.2562 0.2451 0.0675 -0.2988 3.4562 8.0000 9.1289 0.0009 
31.0665 1.0000 3012.3159 0.2424 0.0671 -0.2954 3.4547 7.0000 14.2141 0.0010 
31.0565 1.0000 3008.2977 0.2431 0.0675 -0.2960 3.4567 8.0000 13.3956 0.0007 
31.0654 1.0000 3011.9724 0.2422 0.0665 -0.2972 3.4541 8.0000 13.1403 0.0008 
31.0556 1.0000 3007.5212 0.2438 0.0677 -0.2978 3.4538 8.0000 9.1920 0.0009 
31.0560 1.0000 3008.0298 0.2435 0.0672 -0.2965 3.4548 8.0000 13.6750 0.0009 
31.0597 1.0000 3009.9102 0.2460 0.0672 -0.3014 3.4565 7.0000 13.1075 0.0008 
31.0618 1.0000 3010.9415 0.2421 0.0667 -0.2967 3.4566 9.0000 9.1833 0.0007 
31.0638 1.0000 3011.5310 0.2454 0.0675 -0.2990 3.4558 8.0000 13.0393 0.0007 
31.0608 1.0000 3010.6370 0.2439 0.0669 -0.2987 3.4553 8.0000 12.1389 0.0008 
31.0582 1.0000 3009.0206 0.2412 0.0667 -0.2976 3.4557 8.0000 13.1255 0.0010 
31.0656 1.0000 3012.1345 0.2444 0.0672 -0.2976 3.4571 8.0000 9.3336 0.0008 
31.0623 1.0000 3011.2379 0.2432 0.0672 -0.2971 3.4569 8.0000 13.4528 0.0008 
31.0592 1.0000 3009.4711 0.2423 0.0668 -0.2967 3.4574 9.0000 13.4807 0.0009 
31.0636 1.0000 3011.1676 0.2436 0.0669 -0.2976 3.4542 7.0000 13.6900 0.0006 
31.0626 1.0000 3010.7207 0.2436 0.0673 -0.2983 3.4561 7.0000 13.4046 0.0009 
31.0556 1.0000 3008.1045 0.2437 0.0678 -0.2959 3.4569 8.0000 9.4079 0.0009 
31.0622 1.0000 3010.6701 0.2435 0.0669 -0.2984 3.4568 8.0000 14.1701 0.0009 
31.0589 1.0000 3009.2757 0.2437 0.0682 -0.2957 3.4589 8.0000 13.2321 0.0010 
31.0611 1.0000 3010.3424 0.2428 0.0673 -0.2961 3.4550 8.0000 13.1593 0.0009 
31.0599 1.0000 3009.4150 0.2432 0.0673 -0.2969 3.4550 8.0000 13.5018 0.0009 
31.0636 1.0000 3011.5666 0.2438 0.0672 -0.2973 3.4584 8.0000 17.3791 0.0007 
31.0677 1.0000 3013.3693 0.2430 0.0664 -0.2992 3.4538 8.0000 17.2284 0.0009 
31.0600 1.0000 3009.6120 0.2421 0.0672 -0.2962 3.4558 8.0000 13.1986 0.0007 
31.0557 1.0000 3007.7308 0.2438 0.0669 -0.2985 3.4576 8.0000 13.3966 0.0008 
31.0596 1.0000 3009.7573 0.2421 0.0674 -0.2965 3.4557 8.0000 9.2231 0.0008 
31.0642 1.0000 3011.6001 0.2432 0.0678 -0.2965 3.4554 8.0000 19.0083 0.0008 
31.0597 1.0000 3010.0134 0.2438 0.0664 -0.3001 3.4527 8.0000 18.9987 0.0008 
31.0635 1.0000 3011.2665 0.2441 0.0674 -0.2978 3.4557 8.0000 13.1398 0.0008 
31.0637 1.0000 3011.3578 0.2432 0.0671 -0.2972 3.4519 8.0000 9.3082 0.0008 
31.0608 1.0000 3010.2349 0.2441 0.0675 -0.2973 3.4588 8.0000 13.0881 0.0008 
31.0611 1.0000 3010.0424 0.2432 0.0682 -0.2949 3.4581 7.0000 13.2482 0.0008 
