39.7125 4.0000 3649.6000 0.1484 0.0507 -0.3610 2.9475 5.0000 11.6798 0.0023 
39.7231 4.0000 3653.5047 0.1507 0.0512 -0.3612 2.9459 6.0000 11.6908 0.0023 
39.7069 4.0000 3645.3306 0.1510 0.0509 -0.3640 2.9494 6.0000 11.6586 0.0019 
39.7289 4.0000 3658.0810 0.1518 0.0511 -0.3608 2.9459 6.0000 11.7961 0.0019 
39.7150 4.0000 3650.0744 0.1492 0.0501 -0.3603 2.9464 5.0000 11.8854 0.0022 
39.7188 4.0000 3650.4169 0.1462 0.0506 -0.3547 2.9447 6.0000 11.9762 0.0022 
39.7158 4.0000 3650.8752 0.1492 0.0504 -0.3619 2.9456 5.0000 11.6853 0.0019 
39.7301 4.0000 3655.9142 0.1474 0.0506 -0.3582 2.9447 6.0000 11.8652 0.0026 
39.7029 4.0000 3642.8865 0.1480 0.0502 -0.3584 2.9468 6.0000 12.0516 0.0025 
39.7057 4.0000 3646.6406 0.1490 0.0507 -0.3625 2.9458 5.0000 12.1973 0.0025 
39.7084 4.0000 3647.6588 0.1497 0.0509 -0.3607 2.9446 6.0000 11.8349 0.0027 
39.7004 4.0000 3643.5284 0.1496 0.0503 -0.3589 2.9478 5.0000 11.8318 0.0025 
39.7084 4.0000 3647.6262 0.1499 0.0511 -0.3604 2.9447 6.0000 11.9693 0.0021 
39.7211 4.0000 3653.6134 0.1490 0.0500 -0.3601 2.9465 6.0000 11.9426 0.0024 
39.7112 4.0000 3648.7188 0.1496 0.0508 -0.3584 2.9457 5.0000 11.8064 0.0024 
39.7092 4.0000 3647.4520 0.1494 0.0503 -0.3607 2.9442 5.0000 11.8212 0.0025 
39.7074 4.0000 3644.4303 0.1511 0.0502 -0.3653 2.9445 6.0000 11.7206 0.0022 
39.7198 4.0000 3650.8000 0.1495 0.0507 -0.3600 2.9473 5.0000 11.9033 0.0024 
39.7102 4.0000 3647.1826 0.1516 0.0506 -0.3641 2.9449 5.0000 11.8958 0.0026 
39.7039 4.0000 3647.3067 0.1490 0.0503 -0.3594 2.9450 5.0000 12.0095 0.0022 
39.7183 4.0000 3649.4658 0.1493 0.0505 -0.3599 2.9469 6.0000 11.8274 0.0029 
39.6918 4.0000 3637.7142 0.1495 0.0502 -0.3609 2.9448 5.0000 11.9488 0.0024 
39.7107 4.0000 3649.9929 0.1490 0.0510 -0.3612 2.9436 6.0000 11.8972 0.0024 
39.7092 4.0000 3647.1498 0.1501 0.0504 -0.3596 2.9454 5.0000 12.0540 0.0020 
39.7274 4.0000 3655.7758 0.1477 0.0503 -0.3564 2.9467 5.0000 12.1111 0.0024 
39.7105 4.0000 3646.5607 0.1502 0.0506 -0.3628 2.9455 6.0000 12.1905 0.0024 
39.7117 4.0000 3647.7796 0.1495 0.0501 -0.3633 2.9452 6.0000 12.1328 0.0025 
39.7072 4.0000 3646.5839 0.1519 0.0508 -0.3615 2.9482 6.0000 12.2425 0.0022 
39.7165 4.0000 3653.8923 0.1506 0.0506 -0.3625 2.9438 6.0000 12.0600 0.0022 
39.7183 4.0000 3653.5574 0.1502 0.0506 -0.3610 2.9469 5.0000 12.1502 0.0021 
39.7216 4.0000 3654.0620 0.1498 0.0508 -0.3604 2.9449 6.0000 12.3047 0.0025 
39.7072 4.0000 3646.8267 0.1489 0.0506 -0.3579 2.9478 5.0000 12.2258 0.0028 
39.6963 4.0000 3643.0224 0.1508 0.0506 -0.3616 2.9436 6.0000 12.4300 0.0023 
39.7150 4.0000 3647.8429 0.1480 0.0501 -0.3593 2.9469 5.0000 12.1155 0.0020 
39.7279 4.0000 3656.1440 0.1520 0.0503 -0.3656 2.9473 5.0000 12.2143 0.0022 
39.7198 4.0000 3650.6310 0.1502 0.0511 -0.3616 2.9476 5.0000 11.9420 0.0022 
39.7178 4.0000 3654.9175 0.1504 0.0508 -0.3597 2.9460 5.0000 12.2506 0.0027 
39.6986 4.0000 3640.3768 0.1472 0.0502 -0.3590 2.9472 6.0000 12.1742 0.0021 
39.7223 4.0000 3649.7352 0.1489 0.0505 -0.3572 2.9464 5.0000 12.3932 0.0021 
39.7221 4.0000 3654.0520 0.1488 0.0502 -0.3595 2.9465 6.0000 12.2146 0.0021 
39.7223 4.0000 3653.4875 0.1503 0.0506 -0.3621 2.9471 5.0000 12.4679 0.0028 
39.6958 4.0000 3641.6116 0.1498 0.0506 -0.3639 2.9458 5.0000 12.4594 0.0021 
39.7223 4.0000 3654.1894 0.1503 0.0504 -0.3597 2.9459 6.0000 12.2643 0.0022 
39.7193 4.0000 3652.7238 0.1499 0.0506 -0.3624 2.9499 6.0000 12.1436 0.0019 
39.7289 4.0000 3657.8217 0.1459 0.0506 -0.3521 2.9462 6.0000 12.6692 0.0025 
39.7059 4.0000 3644.2552 0.1512 0.0505 -0.3648 2.9475 5.0000 12.6214 0.0028 
39.6931 4.0000 3641.2232 0.1491 0.0501 -0.3618 2.9442 6.0000 12.5347 0.0027 
39.6994 4.0000 3639.7904 0.1492 0.0501 -0.3603 2.9459 5.0000 12.7212 0.0024 
39.7107 4.0000 3649.3047 0.1505 0.0503 -0.3637 2.9472 6.0000 12.2254 0.0024 
39.7105 4.0000 3650.7201 0.1498 0.0504 -0.3620 2.9470 5.0000 12.2619 0.0023 
39.7142 4.0000 3652.5665 0.1496 0.0509 -0.3614 2.9457 5.0000 12.6290 0.0025 
39.7067 4.0000 3647.2081 0.1481 0.0499 -0.3619 2.9458 5.0000 12.5883 0.0026 
39.7039 4.0000 3644.9632 0.1507 0.0507 -0.3610 2.9461 6.0000 12.4593 0.0020 
39.7266 4.0000 3657.1745 0.1479 0.0502 -0.3593 2.9476 5.0000 12.2697 0.0023 
39.7145 4.0000 3649.7533 0.1495 0.0504 -0.3614 2.9470 6.0000 12.4449 0.0025 
39.7082 4.0000 3645.7248 0.1503 0.0505 -0.3623 2.9445 6.0000 12.5265 0.0021 
39.7241 4.0000 3653.9781 0.1503 0.0508 -0.3595 2.9440 5.0000 11.9144 0.0024 
39.7117 4.0000 3645.7828 0.1499 0.0501 -0.3621 2.9467 5.0000 11.9828 0.0017 
39.7372 4.0000 3661.8071 0.1472 0.0509 -0.3539 2.9486 5.0000 11.8443 0.0025 
39.7047 4.0000 3643.4449 0.1494 0.0507 -0.3612 2.9464 5.0000 12.0490 0.0024 
39.7095 4.0000 3649.5422 0.1482 0.0508 -0.3594 2.9489 6.0000 12.2959 0.0026 
39.7042 4.0000 3644.9074 0.1500 0.0508 -0.3619 2.9457 5.0000 12.4726 0.0024 
39.7105 4.0000 3647.6757 0.1486 0.0506 -0.3597 2.9442 5.0000 12.3212 0.0020 
39.7261 4.0000 3655.5266 0.1498 0.0510 -0.3602 2.9479 5.0000 12.3236 0.0025 
39.7077 4.0000 3648.1677 0.1505 0.0507 -0.3626 2.9465 5.0000 12.2962 0.0027 
39.7001 4.0000 3645.2409 0.1479 0.0505 -0.3579 2.9475 5.0000 12.3048 0.0026 
39.7014 4.0000 3644.0875 0.1494 0.0507 -0.3609 2.9456 5.0000 12.1078 0.0021 
39.7233 4.0000 3654.6124 0.1500 0.0505 -0.3603 2.9439 6.0000 12.3206 0.0024 
39.7117 4.0000 3649.3498 0.1484 0.0507 -0.3581 2.9477 6.0000 12.2688 0.0027 
39.6984 4.0000 3641.4961 0.1493 0.0504 -0.3612 2.9464 6.0000 12.2803 0.0025 
39.7062 4.0000 3646.5622 0.1519 0.0504 -0.3637 2.9458 6.0000 12.0605 0.0023 
39.7153 4.0000 3648.5188 0.1500 0.0503 -0.3615 2.9439 6.0000 12.1658 0.0026 
39.7006 4.0000 3642.4270 0.1488 0.0501 -0.3593 2.9469 5.0000 12.4425 0.0021 
39.7218 4.0000 3654.1107 0.1503 0.0507 -0.3602 2.9460 6.0000 12.7150 0.0023 
39.7130 4.0000 3647.8744 0.1481 0.0500 -0.3580 2.9442 6.0000 12.2070 0.0025 
39.7069 4.0000 3646.0121 0.1513 0.0505 -0.3645 2.9448 5.0000 12.3882 0.0024 
39.7090 4.0000 3647.0590 0.1495 0.0502 -0.3619 2.9455 5.0000 12.3351 0.0024 
39.7117 4.0000 3648.2184 0.1513 0.0504 -0.3628 2.9458 5.0000 12.2271 0.0026 
39.7026 4.0000 3646.4398 0.1489 0.0504 -0.3610 2.9475 6.0000 12.5831 0.0027 
39.6996 4.0000 3643.8126 0.1516 0.0506 -0.3674 2.9456 5.0000 12.5391 0.0023 
39.7148 4.0000 3653.0537 0.1488 0.0503 -0.3610 2.9456 5.0000 12.3834 0.0024 
39.7115 4.0000 3647.7962 0.1493 0.0504 -0.3577 2.9464 6.0000 12.3385 0.0020 
39.7264 4.0000 3657.6625 0.1488 0.0502 -0.3599 2.9465 5.0000 11.9482 0.0022 
39.7190 4.0000 3652.7127 0.1498 0.0508 -0.3634 2.9443 6.0000 12.2170 0.0026 
39.7006 4.0000 3643.1544 0.1476 0.0504 -0.3567 2.9454 6.0000 11.9820 0.0023 
39.7158 4.0000 3651.1584 0.1466 0.0506 -0.3570 2.9437 6.0000 12.3032 0.0023 
39.7140 4.0000 3649.0177 0.1522 0.0504 -0.3657 2.9446 6.0000 12.2716 0.0025 
39.7059 4.0000 3648.4071 0.1489 0.0502 -0.3611 2.9445 5.0000 12.3156 0.0022 
39.7201 4.0000 3654.0126 0.1496 0.0512 -0.3606 2.9483 6.0000 12.2520 0.0027 
39.6989 4.0000 3640.3997 0.1509 0.0504 -0.3635 2.9464 6.0000 12.5758 0.0021 
39.7231 4.0000 3653.5596 0.1498 0.0508 -0.3572 2.9469 5.0000 12.6976 0.0028 
39.6928 4.0000 3639.3276 0.1504 0.0512 -0.3619 2.9470 6.0000 12.7024 0.0030 
39.6860 4.0000 3639.8880 0.1484 0.0505 -0.3601 2.9475 5.0000 12.1795 0.0021 
39.7211 4.0000 3653.4593 0.1512 0.0508 -0.3629 2.9454 5.0000 12.3101 0.0025 
39.7052 4.0000 3645.0588 0.1502 0.0503 -0.3612 2.9477 5.0000 12.5909 0.0030 
39.6855 4.0000 3638.1541 0.1485 0.0503 -0.3604 2.9446 5.0000 12.6378 0.0022 
39.7203 4.0000 3653.2522 0.1509 0.0508 -0.3646 2.9459 5.0000 12.9639 0.0027 
39.6986 4.0000 3644.8335 0.1499 0.0507 -0.3584 2.9477 6.0000 12.8294 0.0027 
39.6968 4.0000 3640.6963 0.1490 0.0503 -0.3598 2.9462 6.0000 12.4323 0.0021 
39.7211 4.0000 3652.9715 0.1495 0.0506 -0.3599 2.9439 6.0000 11.9420 0.0021 
