39.3323 4.0000 3502.9842 0.2462 0.1030 -0.4702 2.7479 5.0000 1.8843 0.0120 
39.3298 4.0000 3499.8991 0.2475 0.1037 -0.4725 2.7467 5.0000 1.8103 0.0120 
39.3979 4.0000 3525.5845 0.2507 0.1039 -0.4724 2.7428 5.0000 1.8248 0.0120 
39.2837 4.0000 3487.5372 0.2505 0.1045 -0.4776 2.7470 5.0000 1.5459 0.0118 
39.3329 4.0000 3506.9237 0.2544 0.1046 -0.4795 2.7442 5.0000 1.5518 0.0118 
39.3405 4.0000 3519.0158 0.2521 0.1034 -0.4778 2.7447 5.0000 1.5466 0.0106 
39.3871 4.0000 3532.6917 0.2544 0.1039 -0.4766 2.7470 5.0000 1.5760 0.0122 
39.3449 4.0000 3517.0662 0.2526 0.1034 -0.4789 2.7438 5.0000 1.5690 0.0122 
39.3266 4.0000 3511.0605 0.2532 0.1042 -0.4803 2.7495 5.0000 1.6423 0.0094 
39.2793 4.0000 3475.7554 0.2512 0.1048 -0.4777 2.7484 5.0000 1.6257 0.0114 
39.4369 4.0000 3549.2900 0.2549 0.1037 -0.4794 2.7429 5.0000 1.6469 0.0114 
39.3588 4.0000 3529.4124 0.2504 0.1032 -0.4749 2.7424 5.0000 1.6505 0.0110 
39.3392 4.0000 3504.9016 0.2550 0.1045 -0.4877 2.7488 5.0000 1.5340 0.0119 
39.3745 4.0000 3511.6122 0.2513 0.1048 -0.4721 2.7506 5.0000 1.5330 0.0119 
39.3361 4.0000 3504.7963 0.2533 0.1045 -0.4793 2.7441 5.0000 1.5409 0.0126 
39.3695 4.0000 3525.5668 0.2515 0.1033 -0.4782 2.7449 5.0000 1.5592 0.0120 
39.3115 4.0000 3498.0391 0.2539 0.1052 -0.4808 2.7506 5.0000 1.5436 0.0120 
39.3354 4.0000 3507.4092 0.2518 0.1041 -0.4783 2.7471 5.0000 1.5635 0.0100 
39.3380 4.0000 3500.3064 0.2508 0.1042 -0.4740 2.7461 5.0000 1.7299 0.0111 
39.4130 4.0000 3531.8197 0.2533 0.1052 -0.4793 2.7463 5.0000 1.6948 0.0111 
39.3689 4.0000 3530.1179 0.2539 0.1045 -0.4788 2.7467 5.0000 1.7297 0.0123 
39.3531 4.0000 3520.9256 0.2511 0.1040 -0.4757 2.7475 5.0000 1.6135 0.0122 
39.3203 4.0000 3497.2226 0.2489 0.1015 -0.4771 2.7436 5.0000 1.6052 0.0122 
39.3241 4.0000 3495.2888 0.2524 0.1023 -0.4802 2.7412 5.0000 1.5565 0.0115 
39.2963 4.0000 3499.2282 0.2520 0.1054 -0.4791 2.7498 5.0000 1.5580 0.0101 
39.3531 4.0000 3513.7913 0.2532 0.1041 -0.4812 2.7450 5.0000 1.5563 0.0101 
39.4086 4.0000 3533.7484 0.2532 0.1040 -0.4736 2.7459 5.0000 1.5556 0.0150 
39.3380 4.0000 3502.8657 0.2524 0.1049 -0.4771 2.7492 5.0000 1.6352 0.0116 
39.2182 4.0000 3459.5549 0.2509 0.1045 -0.4778 2.7479 5.0000 1.6431 0.0116 
39.3493 4.0000 3513.5958 0.2562 0.1036 -0.4870 2.7441 5.0000 1.6333 0.0124 
39.2554 4.0000 3471.2295 0.2536 0.1034 -0.4849 2.7474 5.0000 1.6317 0.0122 
39.3197 4.0000 3498.6513 0.2509 0.1047 -0.4771 2.7475 5.0000 1.6708 0.0122 
39.3241 4.0000 3498.0643 0.2511 0.1024 -0.4838 2.7448 5.0000 1.6349 0.0119 
39.3235 4.0000 3496.5498 0.2506 0.1042 -0.4759 2.7473 5.0000 1.5443 0.0136 
39.3373 4.0000 3517.1450 0.2537 0.1062 -0.4793 2.7532 5.0000 1.5403 0.0136 
39.2705 4.0000 3485.6368 0.2519 0.1049 -0.4744 2.7457 5.0000 1.5449 0.0108 
39.3354 4.0000 3512.6765 0.2528 0.1040 -0.4779 2.7454 5.0000 1.5962 0.0110 
39.3789 4.0000 3524.2724 0.2536 0.1060 -0.4746 2.7438 5.0000 1.6114 0.0126 
39.3733 4.0000 3529.4161 0.2538 0.1044 -0.4736 2.7450 5.0000 1.6250 0.0129 
39.3108 4.0000 3490.6450 0.2510 0.1029 -0.4812 2.7495 5.0000 1.7220 0.0131 
39.2982 4.0000 3490.9975 0.2524 0.1021 -0.4853 2.7428 5.0000 1.7134 0.0125 
39.2913 4.0000 3483.0271 0.2520 0.1038 -0.4780 2.7522 5.0000 1.7123 0.0128 
39.3146 4.0000 3494.0706 0.2503 0.1043 -0.4765 2.7438 5.0000 1.5459 0.0120 
39.3045 4.0000 3489.9685 0.2531 0.1043 -0.4813 2.7453 5.0000 1.5368 0.0120 
39.3342 4.0000 3502.7661 0.2517 0.1034 -0.4781 2.7449 5.0000 1.5457 0.0111 
39.3127 4.0000 3506.8758 0.2539 0.1040 -0.4787 2.7483 5.0000 1.5501 0.0123 
39.3707 4.0000 3520.7648 0.2531 0.1047 -0.4767 2.7461 5.0000 1.6223 0.0103 
39.3228 4.0000 3500.4464 0.2508 0.1036 -0.4758 2.7475 5.0000 1.5633 0.0103 
39.4004 4.0000 3544.5624 0.2537 0.1042 -0.4798 2.7513 5.0000 1.6215 0.0126 
39.3531 4.0000 3510.8373 0.2508 0.1042 -0.4753 2.7490 5.0000 1.6209 0.0102 
39.3096 4.0000 3494.7282 0.2525 0.1041 -0.4803 2.7492 5.0000 1.6502 0.0097 
39.4023 4.0000 3528.3008 0.2510 0.1040 -0.4713 2.7508 5.0000 1.5408 0.0124 
39.4231 4.0000 3550.1419 0.2522 0.1037 -0.4743 2.7417 5.0000 1.5459 0.0126 
39.3178 4.0000 3499.7125 0.2531 0.1019 -0.4833 2.7443 5.0000 1.5589 0.0129 
39.3121 4.0000 3495.7837 0.2523 0.1037 -0.4774 2.7464 5.0000 1.5227 0.0139 
39.2989 4.0000 3492.8247 0.2540 0.1048 -0.4785 2.7526 5.0000 1.5246 0.0116 
39.2604 4.0000 3471.8323 0.2505 0.1041 -0.4807 2.7503 5.0000 1.5452 0.0109 
39.3499 4.0000 3509.3607 0.2518 0.1031 -0.4798 2.7465 5.0000 1.5674 0.0131 
39.3758 4.0000 3524.0656 0.2529 0.1045 -0.4783 2.7454 5.0000 1.6163 0.0118 
39.2900 4.0000 3489.1974 0.2537 0.1038 -0.4824 2.7522 5.0000 1.6458 0.0113 
39.3405 4.0000 3513.7497 0.2530 0.1038 -0.4747 2.7477 5.0000 1.6998 0.0126 
39.3613 4.0000 3518.9508 0.2526 0.1035 -0.4777 2.7454 5.0000 1.6974 0.0129 
39.3121 4.0000 3492.8443 0.2533 0.1026 -0.4846 2.7474 5.0000 1.6445 0.0128 
39.3001 4.0000 3499.0939 0.2533 0.1043 -0.4776 2.7484 5.0000 1.5485 0.0132 
39.3014 4.0000 3488.9426 0.2498 0.1035 -0.4781 2.7460 5.0000 1.5476 0.0129 
39.2881 4.0000 3493.0731 0.2534 0.1033 -0.4739 2.7440 5.0000 1.5617 0.0126 
39.2976 4.0000 3487.1646 0.2505 0.1048 -0.4751 2.7509 5.0000 1.5789 0.0123 
39.3102 4.0000 3493.2491 0.2493 0.1036 -0.4749 2.7479 5.0000 1.5752 0.0139 
39.3216 4.0000 3496.5996 0.2517 0.1032 -0.4802 2.7479 5.0000 1.6452 0.0118 
39.2604 4.0000 3478.0523 0.2522 0.1042 -0.4777 2.7511 5.0000 1.6510 0.0124 
39.3398 4.0000 3507.3733 0.2523 0.1040 -0.4787 2.7487 5.0000 1.6319 0.0124 
39.3165 4.0000 3498.6110 0.2517 0.1036 -0.4786 2.7521 5.0000 1.6358 0.0137 
39.3172 4.0000 3484.9811 0.2507 0.1042 -0.4792 2.7462 5.0000 1.5678 0.0114 
39.2680 4.0000 3485.5921 0.2527 0.1046 -0.4820 2.7455 5.0000 1.5463 0.0109 
39.3569 4.0000 3512.4489 0.2520 0.1033 -0.4790 2.7488 5.0000 1.5718 0.0120 
39.3777 4.0000 3513.9180 0.2535 0.1050 -0.4801 2.7498 5.0000 1.6039 0.0134 
39.3323 4.0000 3503.6696 0.2518 0.1037 -0.4750 2.7406 5.0000 1.5906 0.0123 
39.2799 4.0000 3485.6438 0.2535 0.1070 -0.4768 2.7530 5.0000 1.6164 0.0117 
39.3235 4.0000 3514.4092 0.2522 0.1045 -0.4749 2.7442 5.0000 1.7405 0.0124 
39.3468 4.0000 3511.7314 0.2535 0.1030 -0.4821 2.7443 5.0000 1.7078 0.0122 
39.3190 4.0000 3498.7825 0.2553 0.1036 -0.4864 2.7467 5.0000 1.7254 0.0128 
39.3260 4.0000 3507.3121 0.2518 0.1036 -0.4823 2.7448 5.0000 1.5517 0.0121 
39.3020 4.0000 3484.6879 0.2503 0.1034 -0.4789 2.7496 5.0000 1.5401 0.0149 
39.3298 4.0000 3512.7642 0.2503 0.1041 -0.4686 2.7449 5.0000 1.5560 0.0129 
39.2207 4.0000 3465.5113 0.2514 0.1044 -0.4767 2.7528 5.0000 1.5517 0.0114 
39.2989 4.0000 3488.6387 0.2500 0.1050 -0.4720 2.7467 5.0000 1.5406 0.0122 
39.3588 4.0000 3518.8462 0.2521 0.1035 -0.4775 2.7486 5.0000 1.5622 0.0121 
39.3272 4.0000 3508.7150 0.2523 0.1028 -0.4780 2.7467 5.0000 1.6914 0.0125 
39.3304 4.0000 3503.0612 0.2536 0.1047 -0.4800 2.7471 5.0000 1.6590 0.0125 
39.3127 4.0000 3508.8676 0.2524 0.1054 -0.4738 2.7521 5.0000 1.6762 0.0115 
39.3588 4.0000 3518.5473 0.2546 0.1032 -0.4824 2.7456 5.0000 1.5728 0.0102 
39.3550 4.0000 3506.6425 0.2523 0.1050 -0.4747 2.7498 5.0000 1.5609 0.0102 
39.4054 4.0000 3528.6728 0.2515 0.1017 -0.4808 2.7456 5.0000 1.5594 0.0145 
39.3367 4.0000 3513.3020 0.2492 0.1034 -0.4738 2.7466 5.0000 1.5955 0.0128 
39.2377 4.0000 3471.5372 0.2548 0.1047 -0.4827 2.7527 5.0000 1.5718 0.0128 
39.3020 4.0000 3498.1671 0.2520 0.1033 -0.4776 2.7475 5.0000 1.5674 0.0126 
39.3663 4.0000 3520.1412 0.2510 0.1048 -0.4738 2.7466 5.0000 1.6242 0.0124 
39.3096 4.0000 3494.4357 0.2530 0.1058 -0.4786 2.7509 5.0000 1.6256 0.0124 
39.3178 4.0000 3501.6406 0.2525 0.1040 -0.4818 2.7477 5.0000 1.6773 0.0112 
39.3632 4.0000 3509.0113 0.2518 0.1041 -0.4788 2.7451 5.0000 1.6214 0.0112 
