39.4826 16.5000 3577.6429 0.4482 0.1679 -0.6414 2.9924 5.0000 5.7345 0.0089 
39.4545 16.5000 3566.4251 0.4504 0.1679 -0.6404 2.9904 6.0000 5.6065 0.0079 
39.4920 16.5000 3587.9978 0.4452 0.1636 -0.6347 2.9839 5.0000 5.6882 0.0089 
39.4545 16.5000 3570.5916 0.4485 0.1669 -0.6332 2.9866 6.0000 5.4559 0.0085 
39.4952 16.5000 3577.3789 0.4531 0.1717 -0.6413 2.9937 5.0000 5.4569 0.0086 
39.4722 16.5000 3577.0802 0.4464 0.1690 -0.6333 2.9857 5.0000 5.5413 0.0078 
39.4650 16.5000 3574.7804 0.4463 0.1669 -0.6348 2.9873 5.0000 5.6843 0.0081 
39.4967 16.5000 3579.9236 0.4455 0.1657 -0.6350 2.9925 5.0000 5.4819 0.0070 
39.5284 16.5000 3599.6415 0.4475 0.1684 -0.6351 2.9971 5.0000 5.5990 0.0071 
39.4873 16.5000 3576.5156 0.4475 0.1686 -0.6365 2.9950 5.0000 5.8554 0.0084 
39.5262 16.5000 3590.6121 0.4484 0.1696 -0.6336 2.9909 5.0000 5.8043 0.0084 
39.4754 16.5000 3575.3396 0.4474 0.1692 -0.6360 2.9955 5.0000 5.9633 0.0098 
39.4866 16.5000 3578.2818 0.4436 0.1704 -0.6262 2.9899 5.0000 5.7057 0.0069 
39.4196 16.5000 3550.6161 0.4456 0.1671 -0.6382 2.9952 5.0000 5.7405 0.0066 
39.5316 16.5000 3600.2490 0.4552 0.1708 -0.6371 2.9966 5.0000 5.7894 0.0079 
39.5467 16.5000 3604.0209 0.4455 0.1677 -0.6345 2.9870 5.0000 5.5881 0.0081 
39.4923 16.5000 3584.3841 0.4498 0.1681 -0.6365 2.9950 5.0000 5.5882 0.0091 
39.4841 16.5000 3575.6801 0.4467 0.1717 -0.6271 2.9979 5.0000 5.6938 0.0089 
39.4480 16.5000 3557.9953 0.4480 0.1667 -0.6420 2.9956 5.0000 5.7113 0.0079 
39.4534 16.5000 3572.5970 0.4504 0.1713 -0.6340 3.0003 5.0000 5.6980 0.0071 
39.4949 16.5000 3573.8559 0.4516 0.1722 -0.6353 2.9904 5.0000 5.8225 0.0088 
39.5244 16.5000 3597.8944 0.4431 0.1662 -0.6304 2.9901 5.0000 5.7920 0.0088 
39.4603 16.5000 3565.0067 0.4439 0.1711 -0.6283 2.9974 5.0000 5.7543 0.0088 
39.4570 16.5000 3575.2830 0.4452 0.1685 -0.6302 2.9896 5.0000 5.7718 0.0083 
39.5086 16.5000 3586.8568 0.4516 0.1688 -0.6357 2.9922 5.0000 5.9100 0.0093 
39.4794 16.5000 3581.2063 0.4467 0.1642 -0.6329 2.9803 5.0000 5.9558 0.0086 
39.4379 16.5000 3567.4415 0.4445 0.1669 -0.6390 2.9882 5.0000 5.8302 0.0092 
39.4678 16.5000 3573.2210 0.4415 0.1655 -0.6298 2.9833 5.0000 5.7457 0.0083 
39.4419 16.5000 3553.6177 0.4460 0.1669 -0.6380 2.9933 5.0000 5.6866 0.0083 
39.4765 16.5000 3569.2535 0.4453 0.1682 -0.6326 2.9933 5.0000 5.8114 0.0073 
39.4394 16.5000 3547.1508 0.4552 0.1744 -0.6343 2.9983 5.0000 5.7578 0.0084 
39.5176 16.5000 3591.7611 0.4497 0.1687 -0.6300 2.9871 5.0000 5.8010 0.0077 
39.4740 16.5000 3573.5730 0.4497 0.1681 -0.6328 2.9923 5.0000 5.8122 0.0088 
39.5032 16.5000 3582.9742 0.4466 0.1650 -0.6393 2.9900 5.0000 5.6914 0.0083 
39.4581 16.5000 3566.0749 0.4481 0.1681 -0.6333 2.9963 5.0000 5.6969 0.0089 
39.4769 16.5000 3578.5304 0.4484 0.1675 -0.6335 2.9930 5.0000 5.7630 0.0067 
39.4552 16.5000 3570.0436 0.4509 0.1692 -0.6331 2.9883 5.0000 5.9621 0.0086 
39.5406 16.5000 3607.0946 0.4488 0.1715 -0.6267 2.9908 5.0000 5.9760 0.0078 
39.4653 16.5000 3571.6112 0.4467 0.1673 -0.6391 2.9941 5.0000 6.0490 0.0073 
39.4970 16.5000 3586.2587 0.4497 0.1677 -0.6332 2.9853 5.0000 5.8082 0.0100 
39.5161 16.5000 3595.2596 0.4468 0.1644 -0.6357 2.9894 5.0000 5.8484 0.0073 
39.4098 16.5000 3551.0809 0.4506 0.1698 -0.6433 2.9894 5.0000 5.9154 0.0087 
39.5154 16.5000 3593.6887 0.4525 0.1702 -0.6345 2.9918 6.0000 5.7262 0.0093 
39.4606 16.5000 3577.9442 0.4458 0.1686 -0.6316 2.9883 5.0000 5.7968 0.0076 
39.4383 16.5000 3556.0796 0.4518 0.1695 -0.6397 2.9965 5.0000 5.7439 0.0087 
39.5064 16.5000 3585.7748 0.4467 0.1670 -0.6414 2.9915 5.0000 5.7514 0.0082 
39.4642 16.5000 3577.0654 0.4453 0.1690 -0.6279 2.9885 5.0000 5.7324 0.0095 
39.4812 16.5000 3573.9452 0.4481 0.1674 -0.6346 2.9829 5.0000 5.7324 0.0076 
39.4304 16.5000 3560.8917 0.4485 0.1727 -0.6327 2.9934 6.0000 5.7005 0.0077 
39.5071 16.5000 3583.4397 0.4477 0.1657 -0.6433 2.9876 5.0000 5.7169 0.0088 
39.4999 16.5000 3589.8883 0.4526 0.1691 -0.6422 2.9927 5.0000 5.6849 0.0081 
39.4570 16.5000 3561.6087 0.4457 0.1676 -0.6321 2.9941 5.0000 5.7868 0.0092 
39.4866 16.5000 3575.9240 0.4496 0.1685 -0.6383 2.9918 5.0000 5.7598 0.0077 
39.4444 16.5000 3565.1684 0.4541 0.1702 -0.6441 2.9860 5.0000 5.7392 0.0070 
39.5003 16.5000 3591.2571 0.4480 0.1688 -0.6325 2.9876 5.0000 5.7776 0.0089 
39.5309 16.5000 3585.9723 0.4460 0.1699 -0.6343 2.9951 5.0000 5.9196 0.0085 
39.4549 16.5000 3567.3554 0.4446 0.1680 -0.6311 2.9823 5.0000 5.7721 0.0070 
39.4714 16.5000 3571.6130 0.4465 0.1656 -0.6363 2.9913 6.0000 5.7332 0.0087 
39.5291 16.5000 3590.3538 0.4510 0.1703 -0.6335 2.9894 5.0000 5.7927 0.0087 
39.4642 16.5000 3565.4480 0.4469 0.1704 -0.6291 2.9902 5.0000 5.7548 0.0085 
39.4617 16.5000 3570.5451 0.4469 0.1700 -0.6349 2.9921 5.0000 5.9749 0.0075 
39.4718 16.5000 3582.3855 0.4494 0.1681 -0.6297 2.9891 5.0000 6.1655 0.0081 
39.5082 16.5000 3591.1338 0.4493 0.1688 -0.6355 2.9830 5.0000 5.9451 0.0077 
39.4844 16.5000 3578.6269 0.4505 0.1704 -0.6281 2.9908 5.0000 5.9470 0.0081 
39.5010 16.5000 3586.9605 0.4486 0.1651 -0.6348 2.9901 6.0000 6.0201 0.0087 
39.4869 16.5000 3578.1578 0.4435 0.1681 -0.6305 2.9822 5.0000 6.1072 0.0071 
39.4642 16.5000 3564.7191 0.4470 0.1677 -0.6398 2.9924 5.0000 5.6328 0.0089 
39.5266 16.5000 3592.7220 0.4501 0.1706 -0.6413 2.9856 5.0000 5.7973 0.0065 
39.4552 16.5000 3561.0395 0.4449 0.1710 -0.6342 2.9982 5.0000 5.8045 0.0088 
39.5471 16.5000 3599.8292 0.4457 0.1650 -0.6299 2.9911 5.0000 5.7995 0.0086 
39.4596 16.5000 3567.4289 0.4494 0.1682 -0.6376 2.9941 5.0000 6.0136 0.0088 
39.4671 16.5000 3578.6597 0.4491 0.1688 -0.6374 2.9873 5.0000 5.8493 0.0072 
39.4578 16.5000 3570.6615 0.4478 0.1672 -0.6359 2.9849 5.0000 5.7226 0.0080 
39.5212 16.5000 3592.6273 0.4469 0.1657 -0.6346 2.9832 5.0000 5.7149 0.0080 
39.4887 16.5000 3582.3707 0.4513 0.1694 -0.6351 2.9927 5.0000 5.7450 0.0078 
39.4909 16.5000 3576.8208 0.4431 0.1665 -0.6370 2.9878 5.0000 5.8421 0.0069 
39.4974 16.5000 3583.5637 0.4475 0.1680 -0.6391 2.9940 5.0000 5.9072 0.0077 
39.5331 16.5000 3594.2097 0.4451 0.1650 -0.6384 2.9844 5.0000 5.9436 0.0075 
39.5035 16.5000 3581.7359 0.4494 0.1698 -0.6344 3.0012 5.0000 5.8424 0.0079 
39.5082 16.5000 3588.5087 0.4457 0.1654 -0.6341 2.9937 5.0000 6.0940 0.0079 
39.4920 16.5000 3572.6323 0.4508 0.1695 -0.6395 2.9947 5.0000 5.9509 0.0086 
39.4941 16.5000 3584.6060 0.4518 0.1686 -0.6442 2.9843 5.0000 5.6935 0.0069 
39.4653 16.5000 3568.5113 0.4493 0.1665 -0.6369 2.9879 5.0000 5.7670 0.0076 
39.5327 16.5000 3598.5109 0.4488 0.1656 -0.6350 2.9887 6.0000 5.5413 0.0078 
39.4977 16.5000 3580.8161 0.4471 0.1661 -0.6436 2.9858 5.0000 5.6417 0.0071 
39.5050 16.5000 3585.7795 0.4410 0.1638 -0.6337 2.9778 5.0000 5.6186 0.0094 
39.5248 16.5000 3596.6136 0.4464 0.1646 -0.6340 2.9891 5.0000 5.9176 0.0092 
39.4333 16.5000 3546.5282 0.4489 0.1699 -0.6340 2.9940 5.0000 5.9426 0.0086 
39.4426 16.5000 3564.9206 0.4496 0.1704 -0.6364 2.9981 5.0000 5.8233 0.0087 
39.4678 16.5000 3572.0746 0.4478 0.1669 -0.6377 2.9862 5.0000 5.7871 0.0102 
39.4614 16.5000 3580.2331 0.4492 0.1696 -0.6353 2.9953 5.0000 5.7146 0.0080 
39.4044 16.5000 3552.7062 0.4477 0.1704 -0.6350 2.9957 5.0000 5.8387 0.0092 
39.4902 16.5000 3583.2452 0.4481 0.1638 -0.6378 2.9816 5.0000 5.9757 0.0077 
39.4423 16.5000 3560.6975 0.4481 0.1666 -0.6364 2.9947 5.0000 6.0318 0.0087 
39.5017 16.5000 3593.6570 0.4489 0.1691 -0.6342 2.9928 5.0000 5.8524 0.0079 
39.4624 16.5000 3571.1497 0.4481 0.1675 -0.6435 2.9866 5.0000 6.1503 0.0075 
39.4952 16.5000 3579.1605 0.4528 0.1699 -0.6346 2.9889 5.0000 5.7620 0.0097 
39.5104 16.5000 3587.6040 0.4464 0.1687 -0.6339 2.9906 5.0000 5.6956 0.0087 
39.4221 16.5000 3555.3749 0.4493 0.1672 -0.6373 2.9931 5.0000 5.7608 0.0087 
39.4624 16.5000 3566.1809 0.4512 0.1698 -0.6372 2.9908 5.0000 5.0192 0.0087 
