39.6965 4.0000 3650.5498 0.2923 0.0866 -0.5445 3.0539 6.0000 24.9010 0.0028 
39.6976 4.0000 3649.8691 0.2939 0.0858 -0.5458 3.0520 6.0000 24.3481 0.0033 
39.6734 4.0000 3639.9292 0.2920 0.0861 -0.5485 3.0543 6.0000 24.2871 0.0033 
39.6807 4.0000 3644.3066 0.2939 0.0876 -0.5484 3.0574 6.0000 26.9983 0.0023 
39.6961 4.0000 3649.5385 0.2971 0.0875 -0.5517 3.0536 6.0000 27.1232 0.0023 
39.7140 4.0000 3656.7877 0.2942 0.0868 -0.5468 3.0544 6.0000 26.5196 0.0023 
39.6759 4.0000 3643.6591 0.2945 0.0882 -0.5480 3.0611 6.0000 27.8015 0.0032 
39.6997 4.0000 3652.3159 0.2937 0.0876 -0.5479 3.0576 6.0000 27.8382 0.0032 
39.6795 4.0000 3643.9266 0.2966 0.0878 -0.5506 3.0617 6.0000 27.9127 0.0032 
39.6936 4.0000 3649.8266 0.2948 0.0884 -0.5483 3.0575 6.0000 29.3277 0.0028 
39.7110 4.0000 3656.9889 0.2932 0.0872 -0.5474 3.0534 6.0000 29.4937 0.0031 
39.6946 4.0000 3646.8581 0.2942 0.0882 -0.5498 3.0599 6.0000 29.8120 0.0023 
39.6845 4.0000 3646.2116 0.2948 0.0870 -0.5496 3.0525 6.0000 29.9771 0.0029 
39.7131 4.0000 3657.4031 0.2980 0.0887 -0.5508 3.0532 6.0000 30.0588 0.0027 
39.6902 4.0000 3648.2406 0.2947 0.0875 -0.5492 3.0523 6.0000 29.8129 0.0027 
39.6976 4.0000 3649.5881 0.2944 0.0875 -0.5466 3.0576 6.0000 29.0546 0.0028 
39.7211 4.0000 3660.2497 0.2941 0.0875 -0.5479 3.0559 6.0000 29.2768 0.0027 
39.6959 4.0000 3649.6314 0.2965 0.0873 -0.5535 3.0531 6.0000 29.0563 0.0027 
39.6974 4.0000 3649.6786 0.2926 0.0878 -0.5455 3.0561 6.0000 28.6742 0.0029 
39.6656 4.0000 3639.0504 0.2952 0.0881 -0.5472 3.0538 6.0000 28.6535 0.0032 
39.6894 4.0000 3648.2219 0.2939 0.0876 -0.5456 3.0526 6.0000 28.6426 0.0032 
39.6793 4.0000 3645.2984 0.2955 0.0876 -0.5494 3.0533 6.0000 29.7678 0.0026 
39.7026 4.0000 3652.0944 0.2922 0.0869 -0.5441 3.0552 5.0000 29.8699 0.0032 
39.7013 4.0000 3653.0315 0.2918 0.0863 -0.5443 3.0588 6.0000 30.3356 0.0034 
39.6793 4.0000 3644.1412 0.2928 0.0869 -0.5484 3.0586 6.0000 29.9158 0.0035 
39.6728 4.0000 3641.2671 0.2959 0.0879 -0.5485 3.0527 6.0000 30.7054 0.0027 
39.6677 4.0000 3639.5773 0.2941 0.0872 -0.5471 3.0533 6.0000 30.4388 0.0027 
39.6974 4.0000 3650.7636 0.2925 0.0881 -0.5457 3.0556 6.0000 30.1474 0.0027 
39.7205 4.0000 3658.6473 0.2946 0.0860 -0.5528 3.0536 6.0000 30.1698 0.0030 
39.6988 4.0000 3650.7739 0.2946 0.0867 -0.5483 3.0537 6.0000 30.2720 0.0030 
39.6858 4.0000 3646.4973 0.2927 0.0875 -0.5462 3.0571 6.0000 29.1332 0.0027 
39.6770 4.0000 3644.2215 0.2958 0.0876 -0.5514 3.0570 6.0000 29.4792 0.0027 
39.7005 4.0000 3651.1364 0.2938 0.0874 -0.5483 3.0560 6.0000 29.7619 0.0032 
39.6990 4.0000 3652.4832 0.2951 0.0869 -0.5487 3.0496 6.0000 28.5999 0.0022 
39.6784 4.0000 3643.3394 0.2955 0.0872 -0.5527 3.0595 6.0000 29.0377 0.0029 
39.7186 4.0000 3658.1704 0.2958 0.0866 -0.5503 3.0523 5.0000 28.7236 0.0029 
39.6900 4.0000 3647.9796 0.2974 0.0896 -0.5498 3.0590 6.0000 30.0245 0.0025 
39.7005 4.0000 3651.7879 0.2948 0.0873 -0.5505 3.0594 6.0000 30.9185 0.0022 
39.7047 4.0000 3652.6658 0.2958 0.0869 -0.5538 3.0544 6.0000 30.5599 0.0022 
39.7165 4.0000 3657.1505 0.2943 0.0869 -0.5472 3.0547 6.0000 29.9864 0.0032 
39.6961 4.0000 3650.2459 0.2938 0.0879 -0.5470 3.0572 6.0000 30.4018 0.0028 
39.6793 4.0000 3644.6356 0.2949 0.0865 -0.5493 3.0506 6.0000 30.4860 0.0028 
39.6965 4.0000 3650.4674 0.2966 0.0878 -0.5509 3.0533 6.0000 30.1935 0.0028 
39.6822 4.0000 3648.1406 0.2923 0.0882 -0.5429 3.0568 6.0000 30.5288 0.0025 
39.6965 4.0000 3648.1358 0.2949 0.0876 -0.5491 3.0554 6.0000 30.4652 0.0025 
39.7062 4.0000 3652.8548 0.2942 0.0870 -0.5462 3.0569 6.0000 29.3351 0.0027 
39.6837 4.0000 3645.0694 0.2919 0.0871 -0.5463 3.0536 6.0000 29.6151 0.0031 
39.6969 4.0000 3650.6330 0.2931 0.0866 -0.5469 3.0550 6.0000 29.7621 0.0031 
39.6812 4.0000 3643.3001 0.2959 0.0876 -0.5500 3.0554 6.0000 29.0898 0.0029 
39.7016 4.0000 3650.9674 0.2944 0.0864 -0.5461 3.0519 6.0000 29.3046 0.0029 
39.6889 4.0000 3647.6095 0.2950 0.0880 -0.5485 3.0538 6.0000 29.2367 0.0029 
39.6913 4.0000 3648.2678 0.2944 0.0861 -0.5500 3.0525 6.0000 28.8792 0.0032 
39.7095 4.0000 3654.0704 0.2955 0.0869 -0.5510 3.0570 6.0000 29.5157 0.0031 
39.6801 4.0000 3643.7911 0.2957 0.0874 -0.5518 3.0535 6.0000 29.1810 0.0031 
39.6822 4.0000 3644.3705 0.2939 0.0883 -0.5488 3.0580 6.0000 29.3073 0.0025 
39.6957 4.0000 3648.7234 0.2930 0.0872 -0.5454 3.0575 6.0000 29.4507 0.0033 
39.7070 4.0000 3655.1377 0.2945 0.0876 -0.5473 3.0580 6.0000 29.4486 0.0033 
39.6736 4.0000 3642.0357 0.2955 0.0871 -0.5520 3.0547 6.0000 30.6054 0.0026 
39.6936 4.0000 3649.4283 0.2939 0.0868 -0.5491 3.0568 6.0000 30.5085 0.0028 
39.7026 4.0000 3653.0946 0.2947 0.0870 -0.5470 3.0537 6.0000 30.9051 0.0025 
39.6944 4.0000 3650.5063 0.2916 0.0870 -0.5442 3.0506 6.0000 30.5637 0.0028 
39.7049 4.0000 3652.7833 0.2950 0.0870 -0.5512 3.0533 6.0000 30.1127 0.0025 
39.6944 4.0000 3648.2026 0.2948 0.0878 -0.5475 3.0587 6.0000 30.4501 0.0032 
39.7068 4.0000 3652.3335 0.2944 0.0862 -0.5494 3.0520 6.0000 29.0696 0.0031 
39.6780 4.0000 3642.4758 0.2927 0.0865 -0.5478 3.0547 6.0000 28.9541 0.0026 
39.6847 4.0000 3645.9191 0.2953 0.0879 -0.5494 3.0562 6.0000 28.7939 0.0028 
39.7039 4.0000 3653.8069 0.2951 0.0874 -0.5495 3.0570 6.0000 28.8253 0.0025 
39.6959 4.0000 3648.8760 0.2930 0.0860 -0.5471 3.0518 6.0000 29.3504 0.0030 
39.7072 4.0000 3655.0298 0.2935 0.0887 -0.5475 3.0581 6.0000 29.2530 0.0027 
39.6873 4.0000 3648.4245 0.2957 0.0878 -0.5498 3.0551 6.0000 29.3767 0.0027 
39.6986 4.0000 3650.7177 0.2933 0.0868 -0.5515 3.0506 6.0000 29.0414 0.0031 
39.6967 4.0000 3650.0876 0.2960 0.0868 -0.5483 3.0586 6.0000 29.1936 0.0029 
39.6828 4.0000 3645.3525 0.2953 0.0882 -0.5499 3.0592 6.0000 28.9339 0.0034 
39.6908 4.0000 3647.7829 0.2940 0.0867 -0.5480 3.0583 6.0000 29.1122 0.0033 
39.6717 4.0000 3641.0507 0.2954 0.0872 -0.5505 3.0550 6.0000 29.0158 0.0027 
39.6755 4.0000 3643.0998 0.2943 0.0872 -0.5484 3.0558 6.0000 29.5038 0.0029 
39.7001 4.0000 3650.7091 0.2952 0.0862 -0.5506 3.0552 6.0000 28.7696 0.0030 
39.6917 4.0000 3648.1589 0.2953 0.0871 -0.5502 3.0520 6.0000 29.4308 0.0027 
39.6871 4.0000 3647.3888 0.2945 0.0874 -0.5491 3.0588 6.0000 29.0161 0.0028 
39.6971 4.0000 3649.5843 0.2939 0.0869 -0.5525 3.0577 6.0000 29.1403 0.0033 
39.6948 4.0000 3648.8552 0.2953 0.0869 -0.5505 3.0552 6.0000 29.4037 0.0029 
39.6768 4.0000 3642.4460 0.2945 0.0877 -0.5507 3.0562 6.0000 29.7611 0.0025 
39.6889 4.0000 3648.1702 0.2947 0.0879 -0.5467 3.0584 6.0000 29.2564 0.0032 
39.7074 4.0000 3654.0425 0.2929 0.0876 -0.5436 3.0578 6.0000 29.5760 0.0027 
39.6793 4.0000 3643.2844 0.2970 0.0882 -0.5493 3.0550 6.0000 29.1448 0.0031 
39.6986 4.0000 3649.2480 0.2950 0.0872 -0.5497 3.0543 6.0000 29.0330 0.0028 
39.6826 4.0000 3645.7114 0.2955 0.0886 -0.5478 3.0577 6.0000 29.3517 0.0023 
39.6963 4.0000 3649.4891 0.2957 0.0879 -0.5461 3.0527 5.0000 29.2883 0.0029 
39.7150 4.0000 3656.8365 0.2951 0.0871 -0.5481 3.0554 6.0000 29.4183 0.0023 
39.6919 4.0000 3648.5727 0.2942 0.0867 -0.5509 3.0538 6.0000 29.4263 0.0028 
39.7156 4.0000 3658.4393 0.2946 0.0874 -0.5483 3.0519 6.0000 29.3458 0.0028 
39.6940 4.0000 3649.5723 0.2947 0.0866 -0.5509 3.0563 6.0000 29.3964 0.0031 
39.6948 4.0000 3649.6690 0.2946 0.0874 -0.5475 3.0519 6.0000 29.3600 0.0029 
39.6847 4.0000 3644.9382 0.2948 0.0870 -0.5511 3.0540 6.0000 29.4109 0.0026 
39.6904 4.0000 3646.1145 0.2958 0.0880 -0.5498 3.0578 6.0000 29.7894 0.0029 
39.7028 4.0000 3651.9515 0.2932 0.0869 -0.5493 3.0571 6.0000 29.5747 0.0033 
39.6910 4.0000 3648.8354 0.2934 0.0870 -0.5463 3.0552 6.0000 29.3799 0.0027 
39.6761 4.0000 3642.5244 0.2929 0.0878 -0.5475 3.0580 6.0000 29.6987 0.0031 
39.6971 4.0000 3650.3012 0.2936 0.0869 -0.5476 3.0533 6.0000 29.3248 0.0031 
39.6824 4.0000 3645.2364 0.2949 0.0880 -0.5474 3.0575 6.0000 19.9548 0.0031 
