31.0595 1.0000 3009.9095 0.2783 0.0823 -0.2984 3.4726 8.0000 27.6790 0.0009 
31.0553 1.0000 3007.8533 0.2766 0.0816 -0.2983 3.4723 9.0000 27.4354 0.0009 
31.0541 1.0000 3007.7294 0.2748 0.0819 -0.2956 3.4751 9.0000 26.3849 0.0010 
31.0535 1.0000 3006.8663 0.2758 0.0815 -0.2975 3.4718 8.0000 26.8750 0.0009 
31.0574 1.0000 3009.0350 0.2780 0.0821 -0.3008 3.4736 8.0000 26.6657 0.0009 
31.0580 1.0000 3009.3194 0.2770 0.0825 -0.2986 3.4772 8.0000 23.0764 0.0009 
31.0529 1.0000 3006.5619 0.2781 0.0822 -0.2997 3.4746 9.0000 22.4069 0.0010 
31.0581 1.0000 3009.2770 0.2752 0.0818 -0.2959 3.4739 8.0000 11.7225 0.0009 
31.0522 1.0000 3006.5520 0.2772 0.0823 -0.2980 3.4757 8.0000 14.5044 0.0008 
31.0559 1.0000 3008.5667 0.2760 0.0824 -0.2956 3.4722 8.0000 14.2167 0.0011 
31.0576 1.0000 3009.2288 0.2753 0.0823 -0.2962 3.4735 8.0000 12.9286 0.0009 
31.0587 1.0000 3009.5551 0.2771 0.0828 -0.2970 3.4737 8.0000 12.5717 0.0009 
31.0541 1.0000 3007.6440 0.2778 0.0841 -0.2940 3.4755 8.0000 12.0415 0.0011 
31.0585 1.0000 3008.8324 0.2769 0.0831 -0.2956 3.4743 7.0000 12.5264 0.0011 
31.0610 1.0000 3010.3761 0.2771 0.0822 -0.2982 3.4732 8.0000 13.0105 0.0011 
31.0525 1.0000 3006.6004 0.2760 0.0831 -0.2954 3.4774 8.0000 12.1732 0.0009 
31.0597 1.0000 3010.3118 0.2784 0.0827 -0.2988 3.4751 8.0000 13.0438 0.0011 
31.0560 1.0000 3008.2521 0.2764 0.0830 -0.2977 3.4758 8.0000 14.6405 0.0011 
31.0522 1.0000 3006.8154 0.2779 0.0823 -0.2980 3.4721 8.0000 10.6956 0.0009 
31.0540 1.0000 3007.3888 0.2771 0.0820 -0.2979 3.4759 9.0000 16.4880 0.0010 
31.0528 1.0000 3006.9308 0.2755 0.0808 -0.3001 3.4716 7.0000 15.9617 0.0009 
31.0529 1.0000 3007.1124 0.2788 0.0831 -0.2992 3.4757 8.0000 13.0244 0.0009 
31.0583 1.0000 3009.1817 0.2766 0.0819 -0.2985 3.4729 8.0000 13.2459 0.0008 
31.0563 1.0000 3008.1377 0.2765 0.0833 -0.2954 3.4740 9.0000 13.6182 0.0008 
31.0591 1.0000 3009.4718 0.2760 0.0825 -0.2965 3.4726 9.0000 11.1480 0.0010 
31.0517 1.0000 3006.2087 0.2767 0.0822 -0.2968 3.4766 8.0000 9.1140 0.0012 
31.0571 1.0000 3008.4947 0.2773 0.0828 -0.2971 3.4734 9.0000 12.7490 0.0008 
31.0601 1.0000 3010.0304 0.2769 0.0813 -0.2997 3.4726 8.0000 13.2525 0.0009 
31.0627 1.0000 3011.1801 0.2767 0.0824 -0.2963 3.4772 8.0000 9.3352 0.0010 
31.0564 1.0000 3008.3845 0.2761 0.0820 -0.2983 3.4785 8.0000 9.8385 0.0010 
31.0602 1.0000 3010.1204 0.2764 0.0825 -0.2957 3.4773 9.0000 12.8554 0.0011 
31.0480 1.0000 3005.2688 0.2754 0.0817 -0.2969 3.4735 8.0000 8.9866 0.0011 
31.0620 1.0000 3010.9422 0.2762 0.0831 -0.2947 3.4757 7.0000 12.8257 0.0011 
31.0595 1.0000 3010.0915 0.2778 0.0831 -0.2965 3.4757 8.0000 10.5283 0.0011 
31.0542 1.0000 3007.6111 0.2761 0.0821 -0.2964 3.4744 8.0000 12.6296 0.0010 
31.0533 1.0000 3007.0042 0.2779 0.0831 -0.2975 3.4757 8.0000 8.9421 0.0010 
31.0549 1.0000 3007.6592 0.2771 0.0812 -0.2994 3.4745 8.0000 11.5110 0.0007 
31.0531 1.0000 3007.1493 0.2764 0.0834 -0.2956 3.4758 7.0000 11.3413 0.0010 
31.0520 1.0000 3006.7574 0.2774 0.0825 -0.2979 3.4741 8.0000 13.7551 0.0010 
31.0528 1.0000 3006.9329 0.2764 0.0829 -0.2962 3.4763 8.0000 11.5629 0.0010 
31.0542 1.0000 3007.4060 0.2772 0.0819 -0.2983 3.4728 8.0000 13.4530 0.0009 
31.0560 1.0000 3008.0842 0.2775 0.0826 -0.2971 3.4729 8.0000 13.4443 0.0010 
31.0654 1.0000 3012.5243 0.2765 0.0828 -0.2955 3.4777 8.0000 8.8222 0.0009 
31.0567 1.0000 3009.2694 0.2765 0.0827 -0.2973 3.4757 8.0000 8.7774 0.0009 
31.0547 1.0000 3007.8859 0.2785 0.0836 -0.2967 3.4769 8.0000 12.7968 0.0009 
31.0543 1.0000 3007.2731 0.2772 0.0828 -0.2976 3.4758 9.0000 12.6472 0.0009 
31.0583 1.0000 3009.2813 0.2761 0.0822 -0.2969 3.4768 8.0000 12.4625 0.0010 
31.0544 1.0000 3007.9408 0.2770 0.0833 -0.2962 3.4742 8.0000 8.8684 0.0010 
31.0593 1.0000 3009.8092 0.2751 0.0824 -0.2960 3.4746 8.0000 13.1373 0.0010 
31.0572 1.0000 3008.9876 0.2767 0.0821 -0.2973 3.4740 9.0000 13.9239 0.0010 
31.0586 1.0000 3009.2517 0.2789 0.0828 -0.2999 3.4744 8.0000 13.8515 0.0007 
31.0601 1.0000 3010.1971 0.2787 0.0830 -0.2985 3.4769 8.0000 12.5755 0.0011 
31.0542 1.0000 3007.4306 0.2756 0.0823 -0.2962 3.4750 8.0000 12.7904 0.0009 
31.0566 1.0000 3008.5071 0.2761 0.0813 -0.2992 3.4712 8.0000 12.5501 0.0009 
31.0564 1.0000 3008.4563 0.2785 0.0839 -0.2960 3.4761 9.0000 12.4629 0.0011 
31.0550 1.0000 3008.1464 0.2776 0.0829 -0.2965 3.4750 8.0000 12.7115 0.0008 
31.0648 1.0000 3011.7428 0.2760 0.0826 -0.2955 3.4749 8.0000 13.0880 0.0008 
31.0587 1.0000 3009.3332 0.2773 0.0818 -0.3004 3.4734 8.0000 13.1361 0.0010 
31.0525 1.0000 3006.5287 0.2760 0.0812 -0.2996 3.4751 8.0000 12.6468 0.0009 
31.0582 1.0000 3009.7159 0.2751 0.0819 -0.2970 3.4738 8.0000 8.8362 0.0012 
31.0528 1.0000 3007.1614 0.2785 0.0827 -0.3001 3.4752 8.0000 9.0965 0.0007 
31.0606 1.0000 3010.3953 0.2763 0.0824 -0.2979 3.4752 8.0000 13.8973 0.0010 
31.0618 1.0000 3011.2544 0.2760 0.0820 -0.2982 3.4733 8.0000 12.6385 0.0010 
31.0559 1.0000 3008.3098 0.2771 0.0820 -0.2987 3.4755 8.0000 12.4826 0.0008 
31.0595 1.0000 3009.8140 0.2775 0.0820 -0.2996 3.4705 8.0000 8.6833 0.0008 
31.0507 1.0000 3006.1424 0.2768 0.0823 -0.2989 3.4756 8.0000 12.5702 0.0008 
31.0643 1.0000 3011.9569 0.2767 0.0827 -0.2951 3.4738 8.0000 12.9289 0.0009 
31.0545 1.0000 3008.2343 0.2754 0.0828 -0.2937 3.4732 8.0000 12.4661 0.0012 
31.0547 1.0000 3008.3016 0.2758 0.0810 -0.3001 3.4730 8.0000 12.7392 0.0009 
31.0612 1.0000 3010.8403 0.2776 0.0828 -0.2981 3.4739 8.0000 12.5528 0.0010 
31.0611 1.0000 3010.3820 0.2761 0.0825 -0.2961 3.4765 8.0000 13.1139 0.0009 
31.0579 1.0000 3008.7731 0.2762 0.0818 -0.2970 3.4753 9.0000 12.9464 0.0008 
31.0629 1.0000 3011.0310 0.2751 0.0814 -0.2973 3.4735 8.0000 12.7596 0.0009 
31.0498 1.0000 3005.5614 0.2774 0.0832 -0.2967 3.4748 8.0000 12.4817 0.0009 
31.0553 1.0000 3008.2019 0.2775 0.0837 -0.2966 3.4763 8.0000 13.0505 0.0010 
31.0598 1.0000 3009.9717 0.2779 0.0837 -0.2957 3.4779 8.0000 12.8640 0.0009 
31.0577 1.0000 3009.3569 0.2766 0.0824 -0.2978 3.4747 8.0000 13.2645 0.0009 
31.0664 1.0000 3012.8703 0.2787 0.0832 -0.2976 3.4772 8.0000 14.7888 0.0010 
31.0625 1.0000 3010.7583 0.2741 0.0802 -0.2988 3.4767 8.0000 12.6357 0.0010 
31.0601 1.0000 3010.3261 0.2779 0.0826 -0.2975 3.4745 8.0000 12.5510 0.0009 
31.0557 1.0000 3007.8908 0.2779 0.0816 -0.3002 3.4716 8.0000 13.3866 0.0008 
31.0582 1.0000 3009.3922 0.2770 0.0830 -0.2957 3.4734 8.0000 13.5854 0.0008 
31.0596 1.0000 3009.8618 0.2772 0.0820 -0.2983 3.4724 8.0000 13.1343 0.0009 
31.0573 1.0000 3009.0251 0.2752 0.0821 -0.2967 3.4753 8.0000 12.6005 0.0011 
31.0559 1.0000 3008.4132 0.2773 0.0829 -0.2974 3.4710 8.0000 14.0199 0.0009 
31.0554 1.0000 3008.1945 0.2767 0.0826 -0.2957 3.4739 8.0000 8.9614 0.0012 
31.0617 1.0000 3010.7426 0.2754 0.0815 -0.2974 3.4717 7.0000 13.8670 0.0011 
31.0610 1.0000 3010.1241 0.2768 0.0818 -0.2983 3.4737 9.0000 12.6182 0.0009 
31.0581 1.0000 3009.4703 0.2760 0.0820 -0.2982 3.4736 8.0000 13.5740 0.0009 
31.0534 1.0000 3006.8941 0.2745 0.0817 -0.2956 3.4757 8.0000 13.3405 0.0009 
31.0479 1.0000 3004.4491 0.2771 0.0829 -0.2967 3.4762 8.0000 13.4550 0.0009 
31.0597 1.0000 3009.8719 0.2768 0.0821 -0.2974 3.4762 9.0000 13.1839 0.0010 
31.0533 1.0000 3006.8909 0.2764 0.0821 -0.2973 3.4759 8.0000 12.6436 0.0008 
31.0587 1.0000 3010.0364 0.2762 0.0821 -0.2988 3.4702 8.0000 12.6410 0.0008 
31.0575 1.0000 3008.8834 0.2770 0.0822 -0.2980 3.4700 8.0000 12.4454 0.0008 
31.0596 1.0000 3010.4038 0.2751 0.0820 -0.2961 3.4768 8.0000 12.6559 0.0008 
31.0585 1.0000 3008.8044 0.2766 0.0817 -0.2991 3.4738 8.0000 12.8322 0.0008 
31.0541 1.0000 3007.3596 0.2760 0.0820 -0.2976 3.4763 8.0000 8.7179 0.0008 
31.0608 1.0000 3010.0246 0.2776 0.0816 -0.2996 3.4718 8.0000 13.8054 0.0008 
31.0624 1.0000 3011.3257 0.2766 0.0829 -0.2956 3.4751 11.0000 11.2688 0.0008 
