39.7030 16.5000 3652.1017 0.2910 0.0856 -0.5442 3.0753 6.0000 27.7576 0.0022 
39.7121 16.5000 3655.1440 0.2910 0.0853 -0.5420 3.0758 6.0000 28.2612 0.0028 
39.7175 16.5000 3656.9359 0.2937 0.0857 -0.5478 3.0751 6.0000 27.5075 0.0022 
39.7255 16.5000 3660.6024 0.2910 0.0842 -0.5436 3.0704 6.0000 28.2275 0.0023 
39.6937 16.5000 3648.8823 0.2932 0.0858 -0.5463 3.0752 6.0000 28.4882 0.0027 
39.7160 16.5000 3657.8698 0.2911 0.0856 -0.5440 3.0734 6.0000 28.9168 0.0024 
39.6985 16.5000 3651.0042 0.2924 0.0854 -0.5440 3.0746 6.0000 28.2028 0.0023 
39.7123 16.5000 3655.1307 0.2926 0.0852 -0.5449 3.0722 6.0000 29.1658 0.0029 
39.7160 16.5000 3655.8698 0.2924 0.0857 -0.5457 3.0765 6.0000 29.3497 0.0026 
39.6911 16.5000 3647.0088 0.2899 0.0840 -0.5489 3.0782 6.0000 28.8530 0.0028 
39.7008 16.5000 3649.5136 0.2916 0.0846 -0.5459 3.0700 6.0000 29.1522 0.0026 
39.6931 16.5000 3647.7658 0.2930 0.0858 -0.5465 3.0704 6.0000 29.3599 0.0021 
39.7039 16.5000 3653.7806 0.2932 0.0854 -0.5460 3.0754 6.0000 29.1147 0.0021 
39.7216 16.5000 3658.4835 0.2902 0.0841 -0.5465 3.0733 6.0000 29.1291 0.0023 
39.7222 16.5000 3659.1565 0.2934 0.0853 -0.5477 3.0767 6.0000 29.3995 0.0030 
39.7131 16.5000 3654.6980 0.2924 0.0858 -0.5465 3.0769 6.0000 29.1041 0.0025 
39.6878 16.5000 3646.5479 0.2935 0.0854 -0.5483 3.0739 6.0000 29.4061 0.0025 
39.7069 16.5000 3651.9030 0.2912 0.0849 -0.5445 3.0732 6.0000 29.5265 0.0023 
39.7067 16.5000 3653.6611 0.2939 0.0861 -0.5507 3.0769 6.0000 32.0254 0.0025 
39.7129 16.5000 3656.3352 0.2890 0.0844 -0.5442 3.0729 6.0000 32.0274 0.0024 
39.7061 16.5000 3653.9596 0.2905 0.0850 -0.5442 3.0750 6.0000 32.6341 0.0025 
39.7088 16.5000 3654.3888 0.2899 0.0844 -0.5483 3.0731 6.0000 32.3404 0.0024 
39.7055 16.5000 3653.0311 0.2920 0.0853 -0.5461 3.0759 6.0000 32.1066 0.0027 
39.7088 16.5000 3651.9649 0.2924 0.0848 -0.5448 3.0746 6.0000 32.2950 0.0025 
39.6979 16.5000 3649.6521 0.2897 0.0835 -0.5461 3.0757 6.0000 32.4139 0.0033 
39.7069 16.5000 3652.7617 0.2921 0.0843 -0.5494 3.0742 6.0000 32.1813 0.0031 
39.6729 16.5000 3641.4246 0.2927 0.0858 -0.5479 3.0790 6.0000 32.0035 0.0027 
39.6844 16.5000 3644.2582 0.2934 0.0859 -0.5466 3.0741 6.0000 29.0915 0.0029 
39.6968 16.5000 3648.8243 0.2908 0.0847 -0.5453 3.0763 6.0000 29.7725 0.0031 
39.6906 16.5000 3646.9555 0.2924 0.0853 -0.5485 3.0754 6.0000 29.1643 0.0023 
39.6836 16.5000 3644.2190 0.2934 0.0857 -0.5477 3.0726 6.0000 30.1056 0.0022 
39.7135 16.5000 3655.4025 0.2926 0.0851 -0.5463 3.0723 6.0000 30.4820 0.0020 
39.7171 16.5000 3657.7581 0.2926 0.0849 -0.5435 3.0740 6.0000 30.3748 0.0025 
39.7257 16.5000 3661.3747 0.2948 0.0861 -0.5462 3.0745 6.0000 29.3574 0.0028 
39.7078 16.5000 3653.7478 0.2926 0.0845 -0.5489 3.0746 6.0000 29.4792 0.0024 
39.6960 16.5000 3648.6945 0.2922 0.0848 -0.5499 3.0754 6.0000 29.1078 0.0024 
39.7102 16.5000 3655.2944 0.2905 0.0842 -0.5468 3.0730 6.0000 29.3555 0.0024 
39.7098 16.5000 3654.3762 0.2930 0.0862 -0.5467 3.0771 6.0000 29.8744 0.0021 
39.7092 16.5000 3653.6558 0.2905 0.0856 -0.5425 3.0769 6.0000 29.3788 0.0028 
39.7228 16.5000 3660.4115 0.2905 0.0846 -0.5448 3.0753 6.0000 29.4366 0.0027 
39.6927 16.5000 3647.9756 0.2931 0.0846 -0.5503 3.0734 6.0000 29.4055 0.0024 
39.6972 16.5000 3650.3331 0.2921 0.0862 -0.5443 3.0742 6.0000 29.4038 0.0024 
39.7098 16.5000 3655.0744 0.2908 0.0845 -0.5444 3.0744 6.0000 31.8072 0.0029 
39.7094 16.5000 3654.6480 0.2911 0.0844 -0.5442 3.0766 6.0000 31.7805 0.0024 
39.6911 16.5000 3647.3076 0.2922 0.0854 -0.5468 3.0765 6.0000 31.8435 0.0032 
39.7094 16.5000 3653.5346 0.2930 0.0846 -0.5473 3.0700 6.0000 32.4218 0.0033 
39.6783 16.5000 3643.1367 0.2919 0.0852 -0.5476 3.0771 6.0000 32.8917 0.0030 
39.6754 16.5000 3642.0908 0.2921 0.0844 -0.5471 3.0737 6.0000 32.6164 0.0033 
39.6871 16.5000 3646.7588 0.2920 0.0850 -0.5476 3.0782 6.0000 32.5217 0.0032 
39.6737 16.5000 3637.6605 0.2924 0.0852 -0.5499 3.0786 6.0000 32.3485 0.0023 
39.6799 16.5000 3643.1021 0.2956 0.0851 -0.5503 3.0734 6.0000 32.0751 0.0023 
39.7146 16.5000 3656.1397 0.2912 0.0851 -0.5465 3.0731 6.0000 29.0249 0.0028 
39.7005 16.5000 3652.8532 0.2933 0.0853 -0.5464 3.0721 6.0000 29.7368 0.0029 
39.6929 16.5000 3648.8899 0.2942 0.0858 -0.5510 3.0752 6.0000 29.4744 0.0029 
39.6894 16.5000 3646.7062 0.2919 0.0841 -0.5470 3.0744 6.0000 28.9227 0.0027 
39.6987 16.5000 3651.0226 0.2896 0.0863 -0.5409 3.0760 6.0000 29.3302 0.0023 
39.7117 16.5000 3655.7695 0.2911 0.0847 -0.5478 3.0721 6.0000 29.3874 0.0023 
39.7162 16.5000 3657.0282 0.2917 0.0848 -0.5481 3.0765 6.0000 29.1233 0.0028 
39.6917 16.5000 3648.4811 0.2913 0.0856 -0.5426 3.0745 6.0000 29.5093 0.0028 
39.6954 16.5000 3649.5703 0.2933 0.0850 -0.5483 3.0705 6.0000 29.6739 0.0028 
39.6966 16.5000 3649.5078 0.2917 0.0850 -0.5452 3.0734 6.0000 29.5214 0.0018 
39.7125 16.5000 3655.3414 0.2914 0.0855 -0.5447 3.0751 6.0000 29.2479 0.0021 
39.7362 16.5000 3664.3585 0.2930 0.0851 -0.5467 3.0735 6.0000 29.2669 0.0021 
39.7220 16.5000 3659.6725 0.2907 0.0851 -0.5453 3.0747 6.0000 32.2478 0.0021 
39.6917 16.5000 3647.9713 0.2919 0.0845 -0.5479 3.0739 6.0000 32.4987 0.0023 
39.7237 16.5000 3659.3763 0.2928 0.0854 -0.5463 3.0756 6.0000 32.4340 0.0023 
39.7162 16.5000 3658.0733 0.2953 0.0870 -0.5436 3.0741 6.0000 29.6862 0.0030 
39.6960 16.5000 3650.1172 0.2930 0.0858 -0.5471 3.0760 6.0000 29.3251 0.0025 
39.6882 16.5000 3647.6671 0.2909 0.0848 -0.5471 3.0748 6.0000 29.4344 0.0025 
39.7047 16.5000 3651.5008 0.2958 0.0863 -0.5488 3.0751 6.0000 29.4244 0.0023 
39.7125 16.5000 3654.9062 0.2897 0.0842 -0.5444 3.0755 6.0000 29.2273 0.0024 
39.7136 16.5000 3656.0753 0.2936 0.0863 -0.5438 3.0770 6.0000 29.3262 0.0022 
39.7100 16.5000 3654.1183 0.2932 0.0846 -0.5479 3.0751 6.0000 29.4269 0.0021 
39.7199 16.5000 3658.4955 0.2914 0.0858 -0.5451 3.0750 6.0000 29.3283 0.0025 
39.7243 16.5000 3660.6773 0.2917 0.0846 -0.5438 3.0754 6.0000 29.3706 0.0026 
39.7076 16.5000 3652.1284 0.2902 0.0850 -0.5457 3.0743 6.0000 29.4900 0.0023 
39.7039 16.5000 3653.0393 0.2931 0.0852 -0.5472 3.0733 6.0000 29.3737 0.0021 
39.7144 16.5000 3655.3935 0.2923 0.0859 -0.5485 3.0772 6.0000 29.2603 0.0024 
39.7237 16.5000 3660.0029 0.2904 0.0844 -0.5435 3.0725 6.0000 29.5775 0.0021 
39.7088 16.5000 3656.2652 0.2919 0.0836 -0.5472 3.0720 6.0000 29.3442 0.0028 
39.7208 16.5000 3658.4524 0.2926 0.0838 -0.5494 3.0725 6.0000 29.3240 0.0028 
39.6946 16.5000 3647.9565 0.2914 0.0857 -0.5459 3.0776 6.0000 29.1119 0.0025 
39.6915 16.5000 3648.0190 0.2924 0.0854 -0.5462 3.0731 6.0000 28.9553 0.0026 
39.7078 16.5000 3652.9124 0.2922 0.0854 -0.5463 3.0716 6.0000 29.6689 0.0028 
39.7008 16.5000 3651.4550 0.2919 0.0834 -0.5474 3.0709 6.0000 29.2162 0.0022 
39.6962 16.5000 3650.3399 0.2907 0.0841 -0.5466 3.0752 6.0000 29.2616 0.0018 
39.7169 16.5000 3656.9079 0.2928 0.0850 -0.5475 3.0727 6.0000 29.4134 0.0026 
39.7362 16.5000 3662.8736 0.2918 0.0845 -0.5492 3.0741 6.0000 29.1812 0.0018 
39.7039 16.5000 3652.3880 0.2904 0.0847 -0.5473 3.0739 6.0000 29.1828 0.0027 
39.7344 16.5000 3662.9407 0.2922 0.0840 -0.5468 3.0727 6.0000 29.5336 0.0021 
39.7005 16.5000 3652.4565 0.2911 0.0844 -0.5438 3.0738 6.0000 29.2356 0.0020 
39.7235 16.5000 3659.0589 0.2935 0.0843 -0.5498 3.0746 6.0000 29.2535 0.0024 
39.7278 16.5000 3661.1293 0.2890 0.0835 -0.5450 3.0743 6.0000 29.3249 0.0021 
39.7123 16.5000 3656.6181 0.2945 0.0860 -0.5490 3.0794 6.0000 29.3739 0.0027 
39.7210 16.5000 3658.7993 0.2908 0.0842 -0.5450 3.0698 6.0000 29.4479 0.0028 
39.6977 16.5000 3650.2406 0.2935 0.0851 -0.5466 3.0722 6.0000 29.1091 0.0021 
39.6960 16.5000 3648.6775 0.2921 0.0845 -0.5474 3.0752 6.0000 29.2100 0.0026 
39.7226 16.5000 3659.6145 0.2931 0.0850 -0.5465 3.0735 6.0000 29.2790 0.0026 
39.7045 16.5000 3652.8682 0.2923 0.0854 -0.5439 3.0762 6.0000 29.0653 0.0026 
39.7041 16.5000 3651.5978 0.2926 0.0848 -0.5500 3.0720 6.0000 19.7996 0.0026 
