39.6015 4.0000 3619.6431 0.4801 0.1762 -0.6322 3.0989 6.0000 11.7799 0.0049 
39.6098 4.0000 3619.3042 0.4788 0.1762 -0.6304 3.1134 6.0000 11.9166 0.0046 
39.6240 4.0000 3625.1791 0.4822 0.1780 -0.6399 3.1060 6.0000 12.2999 0.0048 
39.6161 4.0000 3627.1803 0.4822 0.1760 -0.6437 3.1073 6.0000 12.2363 0.0048 
39.5665 4.0000 3611.5218 0.4764 0.1717 -0.6391 3.1034 6.0000 12.3117 0.0046 
39.6230 4.0000 3625.5284 0.4828 0.1756 -0.6363 3.1101 6.0000 12.4090 0.0054 
39.5929 4.0000 3619.3362 0.4793 0.1769 -0.6342 3.1103 6.0000 12.6655 0.0049 
39.6126 4.0000 3621.3087 0.4802 0.1777 -0.6312 3.1168 6.0000 12.6416 0.0054 
39.5927 4.0000 3617.3907 0.4779 0.1751 -0.6390 3.1003 6.0000 12.6974 0.0044 
39.6333 4.0000 3632.5660 0.4725 0.1725 -0.6282 3.1035 6.0000 12.9259 0.0050 
39.6078 4.0000 3619.2124 0.4783 0.1743 -0.6285 3.1124 6.0000 13.1600 0.0060 
39.6101 4.0000 3627.1705 0.4781 0.1791 -0.6300 3.1107 6.0000 12.6187 0.0049 
39.5692 4.0000 3608.2265 0.4792 0.1750 -0.6365 3.1098 6.0000 12.9369 0.0057 
39.5793 4.0000 3611.2878 0.4834 0.1787 -0.6382 3.1056 6.0000 12.8054 0.0057 
39.6025 4.0000 3617.3480 0.4793 0.1744 -0.6377 3.1074 6.0000 13.3907 0.0062 
39.5538 4.0000 3598.6525 0.4809 0.1796 -0.6345 3.1101 6.0000 12.6698 0.0064 
39.5594 4.0000 3598.4794 0.4774 0.1737 -0.6368 3.1060 6.0000 13.3023 0.0052 
39.5987 4.0000 3618.9195 0.4785 0.1765 -0.6373 3.1125 6.0000 12.8706 0.0060 
39.5665 4.0000 3606.6063 0.4802 0.1733 -0.6419 3.1059 6.0000 13.1413 0.0051 
39.6028 4.0000 3616.0812 0.4771 0.1749 -0.6333 3.1076 6.0000 12.9325 0.0051 
39.5803 4.0000 3608.6492 0.4801 0.1735 -0.6376 3.1139 6.0000 13.0287 0.0050 
39.6083 4.0000 3623.1228 0.4786 0.1735 -0.6355 3.0933 6.0000 12.9644 0.0050 
39.5879 4.0000 3615.1917 0.4769 0.1723 -0.6400 3.1004 6.0000 12.7458 0.0054 
39.5927 4.0000 3618.3665 0.4829 0.1784 -0.6370 3.1119 6.0000 12.7514 0.0054 
39.6363 4.0000 3631.3289 0.4775 0.1720 -0.6351 3.1055 6.0000 12.8028 0.0048 
39.6169 4.0000 3624.4953 0.4793 0.1742 -0.6334 3.1008 6.0000 13.0230 0.0050 
39.6068 4.0000 3618.1163 0.4835 0.1773 -0.6435 3.1094 6.0000 12.9095 0.0048 
39.6149 4.0000 3626.8315 0.4765 0.1739 -0.6350 3.1012 6.0000 12.9021 0.0048 
39.6166 4.0000 3623.0232 0.4810 0.1767 -0.6308 3.1103 6.0000 12.5496 0.0054 
39.5917 4.0000 3612.3339 0.4748 0.1724 -0.6332 3.1019 6.0000 12.8297 0.0057 
39.5788 4.0000 3610.7894 0.4783 0.1766 -0.6341 3.1111 6.0000 12.9007 0.0052 
39.5997 4.0000 3616.7024 0.4747 0.1709 -0.6404 3.1019 6.0000 12.4753 0.0052 
39.5987 4.0000 3619.5718 0.4792 0.1760 -0.6338 3.1059 6.0000 12.7897 0.0053 
39.5962 4.0000 3614.8086 0.4795 0.1739 -0.6408 3.1097 6.0000 12.8508 0.0049 
39.6136 4.0000 3623.5733 0.4761 0.1753 -0.6331 3.1011 6.0000 13.0916 0.0048 
39.6154 4.0000 3620.2325 0.4828 0.1771 -0.6424 3.1127 6.0000 13.0528 0.0048 
39.6136 4.0000 3624.9480 0.4772 0.1730 -0.6336 3.1056 6.0000 12.7600 0.0053 
39.5942 4.0000 3617.0507 0.4763 0.1747 -0.6372 3.1100 6.0000 12.7227 0.0053 
39.6035 4.0000 3621.7458 0.4809 0.1735 -0.6406 3.1101 6.0000 12.8795 0.0062 
39.5594 4.0000 3600.5382 0.4814 0.1760 -0.6406 3.1021 6.0000 12.8693 0.0062 
39.6240 4.0000 3631.5619 0.4827 0.1783 -0.6284 3.1099 6.0000 12.9366 0.0061 
39.5662 4.0000 3605.8472 0.4836 0.1776 -0.6423 3.1100 6.0000 12.8850 0.0061 
39.6023 4.0000 3620.1965 0.4803 0.1757 -0.6376 3.1117 6.0000 13.1514 0.0039 
39.6058 4.0000 3618.7067 0.4778 0.1742 -0.6375 3.1027 6.0000 12.7376 0.0050 
39.6522 4.0000 3639.1594 0.4792 0.1758 -0.6335 3.1079 6.0000 12.5087 0.0066 
39.5448 4.0000 3600.3221 0.4764 0.1721 -0.6412 3.1025 6.0000 12.9627 0.0056 
39.5834 4.0000 3611.0643 0.4820 0.1793 -0.6345 3.1055 6.0000 13.1076 0.0045 
39.6275 4.0000 3629.9556 0.4795 0.1746 -0.6350 3.1002 6.0000 12.8034 0.0048 
39.6141 4.0000 3625.1602 0.4773 0.1750 -0.6339 3.1144 6.0000 13.2122 0.0045 
39.6270 4.0000 3627.0729 0.4775 0.1746 -0.6329 3.0991 6.0000 12.5409 0.0045 
39.5985 4.0000 3621.7284 0.4793 0.1754 -0.6377 3.1031 6.0000 13.0468 0.0050 
39.6061 4.0000 3617.5518 0.4796 0.1750 -0.6350 3.1014 6.0000 12.8697 0.0050 
39.6068 4.0000 3620.8963 0.4780 0.1739 -0.6385 3.1102 6.0000 12.9035 0.0063 
39.5460 4.0000 3600.5541 0.4799 0.1757 -0.6384 3.1028 6.0000 12.6728 0.0066 
39.5564 4.0000 3601.0217 0.4829 0.1799 -0.6409 3.1188 6.0000 12.7144 0.0051 
39.6023 4.0000 3621.5950 0.4823 0.1761 -0.6343 3.0983 6.0000 12.9456 0.0045 
39.6272 4.0000 3632.0093 0.4840 0.1771 -0.6432 3.1083 6.0000 13.2672 0.0048 
39.5839 4.0000 3613.4605 0.4748 0.1710 -0.6412 3.1070 6.0000 12.6471 0.0056 
39.6146 4.0000 3626.1738 0.4791 0.1731 -0.6387 3.1085 6.0000 12.7614 0.0051 
39.6038 4.0000 3622.5584 0.4809 0.1761 -0.6318 3.1159 6.0000 12.9900 0.0056 
39.5839 4.0000 3612.9884 0.4807 0.1743 -0.6453 3.1006 6.0000 12.4246 0.0058 
39.5781 4.0000 3613.1246 0.4779 0.1711 -0.6363 3.0935 6.0000 13.0238 0.0045 
39.6285 4.0000 3627.9828 0.4814 0.1775 -0.6346 3.1056 6.0000 12.5815 0.0056 
39.5823 4.0000 3611.8343 0.4777 0.1759 -0.6336 3.1083 6.0000 13.1410 0.0050 
39.6071 4.0000 3621.8066 0.4784 0.1768 -0.6342 3.1023 6.0000 13.1114 0.0054 
39.5917 4.0000 3614.3057 0.4751 0.1709 -0.6361 3.1067 6.0000 13.3262 0.0049 
39.6129 4.0000 3622.3952 0.4765 0.1768 -0.6326 3.0970 6.0000 13.2628 0.0042 
39.6398 4.0000 3631.4580 0.4800 0.1776 -0.6338 3.1073 6.0000 13.2957 0.0056 
39.5849 4.0000 3612.4651 0.4815 0.1746 -0.6356 3.1040 6.0000 13.2041 0.0056 
39.5851 4.0000 3617.0106 0.4739 0.1741 -0.6301 3.1114 6.0000 13.4871 0.0063 
39.5561 4.0000 3602.3634 0.4794 0.1725 -0.6400 3.1026 6.0000 13.3062 0.0050 
39.6076 4.0000 3619.7221 0.4775 0.1727 -0.6356 3.1116 5.0000 13.0505 0.0050 
39.6096 4.0000 3622.4974 0.4819 0.1754 -0.6407 3.1066 6.0000 13.4342 0.0052 
39.6000 4.0000 3618.7420 0.4818 0.1729 -0.6402 3.1023 6.0000 13.4616 0.0048 
39.6156 4.0000 3627.6888 0.4810 0.1761 -0.6363 3.1065 6.0000 13.4715 0.0047 
39.6212 4.0000 3627.3047 0.4813 0.1770 -0.6345 3.1104 6.0000 13.3142 0.0048 
39.6151 4.0000 3628.3483 0.4764 0.1753 -0.6319 3.1059 6.0000 13.2486 0.0058 
39.5755 4.0000 3605.4560 0.4738 0.1726 -0.6358 3.1128 6.0000 13.1055 0.0055 
39.5897 4.0000 3614.1904 0.4761 0.1739 -0.6313 3.1100 6.0000 13.0649 0.0048 
39.6174 4.0000 3625.0199 0.4838 0.1770 -0.6383 3.1048 6.0000 12.7546 0.0060 
39.5672 4.0000 3605.6270 0.4774 0.1753 -0.6398 3.1076 6.0000 12.6605 0.0051 
39.6025 4.0000 3621.5465 0.4775 0.1739 -0.6344 3.1052 6.0000 13.0312 0.0050 
39.6061 4.0000 3616.8363 0.4761 0.1761 -0.6318 3.1040 6.0000 13.0610 0.0049 
39.6103 4.0000 3624.9622 0.4791 0.1751 -0.6393 3.1024 6.0000 13.3344 0.0050 
39.6068 4.0000 3621.2661 0.4805 0.1758 -0.6383 3.1093 6.0000 12.5684 0.0054 
39.5902 4.0000 3617.9922 0.4784 0.1741 -0.6341 3.1113 6.0000 13.3650 0.0059 
39.5707 4.0000 3605.6996 0.4769 0.1763 -0.6347 3.1075 6.0000 13.3399 0.0048 
39.6164 4.0000 3626.4469 0.4788 0.1764 -0.6343 3.1111 6.0000 12.8149 0.0058 
39.5778 4.0000 3608.8005 0.4766 0.1735 -0.6358 3.1117 6.0000 12.9768 0.0047 
39.6184 4.0000 3623.4159 0.4829 0.1784 -0.6395 3.0977 6.0000 13.3697 0.0050 
39.6058 4.0000 3623.5145 0.4821 0.1766 -0.6384 3.1021 6.0000 13.3053 0.0054 
39.5909 4.0000 3612.0984 0.4846 0.1783 -0.6427 3.1127 6.0000 13.5959 0.0058 
39.5768 4.0000 3610.4416 0.4754 0.1732 -0.6318 3.1043 6.0000 12.9096 0.0059 
39.5728 4.0000 3607.0711 0.4756 0.1739 -0.6386 3.1059 6.0000 13.5079 0.0046 
39.6235 4.0000 3625.4615 0.4792 0.1780 -0.6368 3.1103 6.0000 13.2480 0.0051 
39.6048 4.0000 3622.2222 0.4769 0.1734 -0.6394 3.1064 6.0000 13.1919 0.0056 
39.5836 4.0000 3611.9902 0.4796 0.1763 -0.6386 3.1017 6.0000 13.2809 0.0054 
39.5909 4.0000 3617.5032 0.4796 0.1753 -0.6383 3.1093 6.0000 13.0719 0.0059 
39.5718 4.0000 3609.9818 0.4805 0.1751 -0.6394 3.1098 6.0000 13.0159 0.0048 
39.6146 4.0000 3620.9781 0.4814 0.1775 -0.6376 3.1072 6.0000 12.3582 0.0048 
