39.6810 4.0000 3643.8890 0.2419 0.0724 -0.4984 2.9829 6.0000 11.8953 0.0026 
39.7019 4.0000 3653.1753 0.2432 0.0724 -0.4983 2.9840 6.0000 12.1577 0.0031 
39.6840 4.0000 3645.6482 0.2411 0.0733 -0.4943 2.9882 5.0000 11.8583 0.0037 
39.6583 4.0000 3634.5811 0.2416 0.0728 -0.4958 2.9876 6.0000 12.4418 0.0029 
39.6908 4.0000 3646.6837 0.2421 0.0726 -0.4959 2.9858 6.0000 12.1924 0.0034 
39.6704 4.0000 3639.0003 0.2429 0.0729 -0.4998 2.9861 6.0000 12.2064 0.0031 
39.6820 4.0000 3644.9869 0.2411 0.0712 -0.4972 2.9851 6.0000 12.5627 0.0032 
39.6777 4.0000 3643.0416 0.2439 0.0730 -0.4975 2.9887 5.0000 12.7817 0.0033 
39.6754 4.0000 3643.2459 0.2397 0.0715 -0.4940 2.9841 5.0000 12.6700 0.0026 
39.7011 4.0000 3650.9518 0.2414 0.0724 -0.4942 2.9828 6.0000 12.3752 0.0027 
39.6981 4.0000 3650.8633 0.2414 0.0716 -0.4956 2.9845 5.0000 12.4173 0.0029 
39.6890 4.0000 3647.8040 0.2434 0.0726 -0.4972 2.9865 5.0000 13.1249 0.0027 
39.6974 4.0000 3650.9763 0.2412 0.0725 -0.4973 2.9830 5.0000 12.8218 0.0028 
39.6956 4.0000 3651.1284 0.2409 0.0719 -0.4980 2.9823 5.0000 13.0795 0.0035 
39.6681 4.0000 3638.8462 0.2418 0.0733 -0.4967 2.9857 5.0000 12.9311 0.0028 
39.6938 4.0000 3648.5687 0.2429 0.0719 -0.4988 2.9853 6.0000 12.9320 0.0022 
39.7190 4.0000 3658.3750 0.2431 0.0721 -0.4973 2.9821 6.0000 12.8645 0.0032 
39.6805 4.0000 3643.4484 0.2419 0.0723 -0.4987 2.9833 6.0000 13.0252 0.0030 
39.6863 4.0000 3646.0615 0.2424 0.0718 -0.4960 2.9815 5.0000 12.7658 0.0033 
39.6759 4.0000 3642.2825 0.2422 0.0724 -0.4988 2.9856 5.0000 12.8764 0.0030 
39.6875 4.0000 3647.8903 0.2395 0.0710 -0.4944 2.9820 6.0000 13.2550 0.0031 
39.6832 4.0000 3643.7513 0.2421 0.0722 -0.4990 2.9889 6.0000 13.2860 0.0027 
39.7001 4.0000 3652.7064 0.2424 0.0717 -0.4970 2.9839 6.0000 13.2487 0.0033 
39.6764 4.0000 3641.1440 0.2403 0.0712 -0.4934 2.9807 5.0000 13.2646 0.0033 
39.6757 4.0000 3641.6550 0.2369 0.0710 -0.4909 2.9854 6.0000 13.1538 0.0034 
39.6694 4.0000 3639.2656 0.2414 0.0721 -0.4943 2.9825 5.0000 13.3118 0.0030 
39.6855 4.0000 3646.3503 0.2402 0.0722 -0.4932 2.9849 6.0000 13.4915 0.0028 
39.6941 4.0000 3647.2890 0.2425 0.0730 -0.4956 2.9876 6.0000 13.1545 0.0026 
39.7019 4.0000 3650.8404 0.2425 0.0723 -0.4961 2.9824 5.0000 13.2627 0.0032 
39.6807 4.0000 3642.9485 0.2410 0.0719 -0.4953 2.9847 5.0000 13.2778 0.0033 
39.6736 4.0000 3638.7881 0.2413 0.0726 -0.4963 2.9887 5.0000 12.9798 0.0030 
39.6850 4.0000 3646.4620 0.2390 0.0722 -0.4939 2.9874 6.0000 13.3882 0.0031 
39.6817 4.0000 3643.9410 0.2407 0.0712 -0.4953 2.9822 6.0000 12.8510 0.0030 
39.6855 4.0000 3644.7218 0.2406 0.0719 -0.4963 2.9826 6.0000 12.9823 0.0027 
39.6981 4.0000 3651.9332 0.2413 0.0714 -0.4992 2.9824 6.0000 13.1036 0.0033 
39.6752 4.0000 3642.5917 0.2424 0.0720 -0.4972 2.9859 5.0000 13.2561 0.0028 
39.6951 4.0000 3649.0921 0.2410 0.0713 -0.4944 2.9817 5.0000 12.9153 0.0028 
39.6951 4.0000 3648.4615 0.2419 0.0722 -0.4953 2.9835 5.0000 13.1701 0.0031 
39.6822 4.0000 3645.2658 0.2431 0.0728 -0.4960 2.9853 6.0000 12.9265 0.0029 
39.6900 4.0000 3646.4941 0.2416 0.0717 -0.4969 2.9848 5.0000 13.3901 0.0038 
39.6542 4.0000 3632.8855 0.2417 0.0722 -0.4990 2.9845 5.0000 13.0250 0.0035 
39.6681 4.0000 3640.1367 0.2431 0.0724 -0.5017 2.9881 6.0000 13.2641 0.0031 
39.6845 4.0000 3646.5887 0.2411 0.0721 -0.4967 2.9859 6.0000 13.2145 0.0031 
39.6817 4.0000 3643.7362 0.2420 0.0709 -0.4984 2.9801 5.0000 13.2072 0.0032 
39.6799 4.0000 3643.7259 0.2409 0.0715 -0.4973 2.9843 6.0000 12.9465 0.0034 
39.6729 4.0000 3643.0414 0.2416 0.0728 -0.4976 2.9849 5.0000 13.2721 0.0031 
39.6832 4.0000 3645.7871 0.2405 0.0717 -0.4957 2.9865 5.0000 12.9731 0.0026 
39.7039 4.0000 3653.6895 0.2424 0.0719 -0.4989 2.9815 5.0000 13.1484 0.0033 
39.6762 4.0000 3641.7533 0.2403 0.0723 -0.4958 2.9843 6.0000 13.1397 0.0033 
39.6764 4.0000 3641.6522 0.2397 0.0721 -0.4948 2.9881 5.0000 12.9828 0.0031 
39.6842 4.0000 3645.5029 0.2413 0.0719 -0.4960 2.9856 5.0000 13.3626 0.0031 
39.6812 4.0000 3641.5309 0.2420 0.0723 -0.4977 2.9852 6.0000 13.1586 0.0036 
39.6631 4.0000 3639.5660 0.2419 0.0728 -0.4977 2.9878 6.0000 13.2142 0.0033 
39.6764 4.0000 3642.4371 0.2423 0.0721 -0.4966 2.9865 6.0000 13.3337 0.0032 
39.6807 4.0000 3645.8691 0.2413 0.0719 -0.4950 2.9850 5.0000 13.1527 0.0028 
39.6948 4.0000 3648.2189 0.2418 0.0721 -0.4963 2.9836 5.0000 13.1659 0.0028 
39.6966 4.0000 3649.1322 0.2411 0.0718 -0.4959 2.9855 5.0000 13.2029 0.0032 
39.6805 4.0000 3643.9193 0.2401 0.0727 -0.4935 2.9841 5.0000 12.9724 0.0028 
39.6951 4.0000 3649.7385 0.2416 0.0725 -0.4970 2.9870 6.0000 13.2127 0.0031 
39.6840 4.0000 3646.1786 0.2413 0.0725 -0.4982 2.9856 6.0000 12.7993 0.0027 
39.6991 4.0000 3651.0535 0.2406 0.0717 -0.4943 2.9848 6.0000 12.9812 0.0038 
39.6567 4.0000 3633.9410 0.2416 0.0734 -0.4954 2.9870 5.0000 12.7358 0.0031 
39.6810 4.0000 3645.1190 0.2428 0.0719 -0.4955 2.9792 6.0000 13.0994 0.0037 
39.6593 4.0000 3635.6628 0.2421 0.0727 -0.4969 2.9858 5.0000 13.1089 0.0028 
39.6941 4.0000 3647.5637 0.2429 0.0718 -0.4999 2.9878 6.0000 13.5500 0.0026 
39.7006 4.0000 3651.7410 0.2412 0.0717 -0.4986 2.9815 5.0000 12.8499 0.0033 
39.6757 4.0000 3642.4144 0.2431 0.0725 -0.4977 2.9864 5.0000 13.0685 0.0027 
39.7004 4.0000 3651.3165 0.2397 0.0716 -0.4935 2.9832 6.0000 13.5885 0.0032 
39.6789 4.0000 3643.3281 0.2425 0.0719 -0.5000 2.9839 6.0000 12.9254 0.0029 
39.6913 4.0000 3647.1813 0.2402 0.0717 -0.4947 2.9807 5.0000 13.2764 0.0038 
39.6542 4.0000 3632.4676 0.2392 0.0717 -0.4953 2.9857 6.0000 13.0397 0.0030 
39.6860 4.0000 3646.9977 0.2401 0.0714 -0.4943 2.9824 5.0000 13.0945 0.0036 
39.6638 4.0000 3637.4018 0.2418 0.0724 -0.4970 2.9824 5.0000 13.4926 0.0031 
39.6820 4.0000 3644.1634 0.2407 0.0724 -0.4970 2.9842 6.0000 13.2218 0.0027 
39.7001 4.0000 3650.2267 0.2419 0.0721 -0.4945 2.9812 6.0000 12.9529 0.0034 
39.6704 4.0000 3639.0020 0.2424 0.0720 -0.4995 2.9872 6.0000 13.2019 0.0034 
39.6724 4.0000 3640.0214 0.2416 0.0720 -0.4963 2.9849 5.0000 13.0247 0.0028 
39.6938 4.0000 3650.3485 0.2434 0.0729 -0.4981 2.9838 5.0000 13.0190 0.0028 
39.6966 4.0000 3648.3178 0.2422 0.0716 -0.4966 2.9854 6.0000 13.1859 0.0028 
39.6936 4.0000 3650.1095 0.2407 0.0719 -0.4932 2.9821 6.0000 13.4792 0.0035 
39.6678 4.0000 3639.0199 0.2415 0.0713 -0.4969 2.9852 5.0000 13.0078 0.0030 
39.6852 4.0000 3646.8116 0.2412 0.0722 -0.4950 2.9836 5.0000 13.0505 0.0031 
39.6820 4.0000 3646.4119 0.2399 0.0719 -0.4954 2.9857 6.0000 13.3057 0.0029 
39.6905 4.0000 3647.3450 0.2427 0.0722 -0.4950 2.9828 5.0000 13.2642 0.0024 
39.7097 4.0000 3653.6956 0.2420 0.0723 -0.4963 2.9846 5.0000 13.0399 0.0029 
39.6926 4.0000 3648.9945 0.2427 0.0729 -0.4984 2.9846 5.0000 13.1661 0.0033 
39.6736 4.0000 3640.2043 0.2416 0.0719 -0.4996 2.9818 6.0000 13.0367 0.0033 
39.6744 4.0000 3640.5897 0.2415 0.0721 -0.4979 2.9895 6.0000 13.0928 0.0029 
39.6918 4.0000 3650.2194 0.2433 0.0713 -0.4992 2.9801 5.0000 13.3323 0.0032 
39.6789 4.0000 3642.8214 0.2408 0.0715 -0.4964 2.9833 6.0000 12.9781 0.0028 
39.6928 4.0000 3646.1892 0.2407 0.0733 -0.4974 2.9868 6.0000 12.8962 0.0031 
39.6837 4.0000 3645.8560 0.2416 0.0720 -0.4980 2.9856 6.0000 13.4041 0.0033 
39.6736 4.0000 3643.1808 0.2426 0.0723 -0.4977 2.9868 5.0000 13.0487 0.0030 
39.6850 4.0000 3644.4968 0.2411 0.0714 -0.4949 2.9834 5.0000 13.2466 0.0026 
39.7034 4.0000 3653.2323 0.2432 0.0719 -0.4954 2.9847 6.0000 13.0374 0.0038 
39.6560 4.0000 3636.3294 0.2394 0.0728 -0.4936 2.9824 5.0000 13.3274 0.0026 
39.7021 4.0000 3653.7533 0.2425 0.0722 -0.4984 2.9827 6.0000 13.3278 0.0031 
39.6837 4.0000 3643.9082 0.2421 0.0713 -0.4985 2.9803 6.0000 13.3882 0.0034 
39.6699 4.0000 3639.9329 0.2414 0.0714 -0.4939 2.9876 6.0000 13.0260 0.0032 
39.6799 4.0000 3643.8734 0.2405 0.0720 -0.4975 2.9841 6.0000 12.3139 0.0032 
