39.6032 16.5000 3618.7796 0.3206 0.1026 -0.5700 2.9913 6.0000 10.7888 0.0041 
39.6433 16.5000 3635.3176 0.3218 0.1035 -0.5655 2.9913 6.0000 10.7022 0.0041 
39.6029 16.5000 3615.1786 0.3248 0.1039 -0.5703 2.9915 5.0000 10.7366 0.0041 
39.6197 16.5000 3624.5826 0.3240 0.1042 -0.5731 2.9990 5.0000 10.8356 0.0049 
39.6043 16.5000 3621.2994 0.3228 0.1044 -0.5692 2.9980 5.0000 10.9046 0.0049 
39.6110 16.5000 3622.1550 0.3249 0.1054 -0.5688 2.9976 6.0000 11.0550 0.0045 
39.6489 16.5000 3634.3074 0.3240 0.1038 -0.5733 2.9917 6.0000 10.9700 0.0042 
39.6262 16.5000 3625.2420 0.3199 0.1031 -0.5693 2.9952 5.0000 10.9842 0.0042 
39.6405 16.5000 3630.6737 0.3226 0.1051 -0.5673 2.9950 5.0000 11.2079 0.0053 
39.6430 16.5000 3631.5427 0.3213 0.1035 -0.5723 2.9979 5.0000 11.1300 0.0050 
39.5942 16.5000 3613.1862 0.3214 0.1038 -0.5695 2.9924 6.0000 11.1588 0.0050 
39.6074 16.5000 3616.4363 0.3212 0.1035 -0.5683 2.9969 6.0000 11.1922 0.0043 
39.6267 16.5000 3626.7093 0.3201 0.1038 -0.5700 2.9981 5.0000 11.2164 0.0049 
39.6371 16.5000 3631.6758 0.3266 0.1039 -0.5770 2.9904 5.0000 11.1177 0.0049 
39.6122 16.5000 3621.2871 0.3215 0.1037 -0.5684 2.9941 6.0000 11.3654 0.0047 
39.6133 16.5000 3622.0020 0.3224 0.1062 -0.5686 3.0021 5.0000 12.2986 0.0043 
39.6206 16.5000 3626.9746 0.3229 0.1038 -0.5719 2.9973 5.0000 12.1363 0.0043 
39.6340 16.5000 3628.0056 0.3224 0.1029 -0.5712 2.9915 6.0000 11.9434 0.0053 
39.6444 16.5000 3632.5851 0.3227 0.1037 -0.5720 2.9936 5.0000 11.1176 0.0053 
39.5970 16.5000 3613.7271 0.3233 0.1042 -0.5714 2.9951 5.0000 11.3554 0.0052 
39.5973 16.5000 3616.5305 0.3233 0.1036 -0.5718 2.9959 6.0000 11.1607 0.0053 
39.5984 16.5000 3612.3590 0.3210 0.1030 -0.5684 2.9984 6.0000 11.0751 0.0049 
39.5951 16.5000 3614.4585 0.3244 0.1046 -0.5738 2.9937 5.0000 11.2938 0.0045 
39.6136 16.5000 3621.7512 0.3235 0.1046 -0.5715 2.9985 5.0000 11.3067 0.0049 
39.6267 16.5000 3626.8087 0.3221 0.1040 -0.5724 2.9917 5.0000 11.1185 0.0042 
39.6113 16.5000 3619.5743 0.3275 0.1050 -0.5754 2.9972 5.0000 11.3771 0.0045 
39.6377 16.5000 3633.1627 0.3210 0.1043 -0.5615 2.9948 5.0000 11.3780 0.0047 
39.6284 16.5000 3629.1405 0.3241 0.1044 -0.5719 2.9893 6.0000 11.4403 0.0054 
39.6194 16.5000 3622.8141 0.3226 0.1030 -0.5749 2.9935 5.0000 11.5982 0.0051 
39.5917 16.5000 3611.5567 0.3230 0.1026 -0.5699 2.9973 5.0000 11.3428 0.0051 
39.6038 16.5000 3617.9832 0.3205 0.1032 -0.5712 2.9929 5.0000 11.0007 0.0044 
39.6245 16.5000 3625.2165 0.3258 0.1049 -0.5728 3.0032 6.0000 11.2645 0.0045 
39.6309 16.5000 3626.0460 0.3273 0.1050 -0.5775 2.9958 5.0000 11.3851 0.0045 
39.6262 16.5000 3627.0890 0.3231 0.1047 -0.5688 2.9953 5.0000 11.1709 0.0047 
39.6029 16.5000 3614.5795 0.3223 0.1030 -0.5775 2.9993 5.0000 11.3287 0.0050 
39.6214 16.5000 3622.0546 0.3226 0.1045 -0.5705 2.9955 5.0000 11.4820 0.0039 
39.6080 16.5000 3620.1169 0.3228 0.1030 -0.5732 2.9948 6.0000 11.2227 0.0045 
39.6517 16.5000 3633.1520 0.3231 0.1023 -0.5755 2.9954 5.0000 11.3196 0.0051 
39.6290 16.5000 3629.1447 0.3250 0.1050 -0.5711 2.9992 5.0000 11.3342 0.0046 
39.6021 16.5000 3617.7338 0.3240 0.1046 -0.5710 2.9974 5.0000 11.2410 0.0047 
39.6253 16.5000 3626.8796 0.3208 0.1031 -0.5687 2.9924 5.0000 11.2558 0.0043 
39.6211 16.5000 3621.4463 0.3234 0.1045 -0.5715 2.9949 6.0000 11.1132 0.0046 
39.6371 16.5000 3629.6281 0.3200 0.1039 -0.5689 3.0020 5.0000 11.6399 0.0051 
39.6225 16.5000 3626.5128 0.3244 0.1056 -0.5708 2.9949 5.0000 11.7488 0.0044 
39.6026 16.5000 3617.8537 0.3239 0.1028 -0.5732 2.9933 5.0000 11.5534 0.0044 
39.6295 16.5000 3627.8050 0.3223 0.1037 -0.5693 2.9998 6.0000 11.4956 0.0045 
39.6074 16.5000 3618.4548 0.3250 0.1053 -0.5756 2.9971 5.0000 11.6899 0.0044 
39.6276 16.5000 3628.0771 0.3242 0.1043 -0.5698 2.9919 5.0000 11.7614 0.0044 
39.6315 16.5000 3629.1433 0.3240 0.1031 -0.5758 2.9948 5.0000 11.3133 0.0046 
39.6290 16.5000 3628.0345 0.3220 0.1043 -0.5689 2.9937 5.0000 11.3423 0.0045 
39.6248 16.5000 3628.8743 0.3205 0.1026 -0.5694 2.9971 5.0000 11.4288 0.0046 
39.6290 16.5000 3625.7988 0.3229 0.1045 -0.5695 2.9975 6.0000 11.3200 0.0048 
39.6223 16.5000 3621.7750 0.3213 0.1048 -0.5731 3.0009 5.0000 11.3529 0.0043 
39.6155 16.5000 3622.3976 0.3225 0.1039 -0.5690 2.9923 5.0000 11.4579 0.0051 
39.6371 16.5000 3632.0600 0.3234 0.1039 -0.5705 2.9943 5.0000 11.1472 0.0040 
39.6052 16.5000 3619.9602 0.3227 0.1048 -0.5714 2.9969 5.0000 11.2073 0.0050 
39.6458 16.5000 3633.0139 0.3240 0.1038 -0.5709 2.9946 6.0000 11.0356 0.0050 
39.6096 16.5000 3620.2942 0.3244 0.1050 -0.5715 2.9946 5.0000 11.0663 0.0053 
39.6180 16.5000 3624.1934 0.3249 0.1062 -0.5718 2.9987 5.0000 11.2473 0.0042 
39.5956 16.5000 3615.4499 0.3185 0.1021 -0.5707 2.9926 5.0000 11.3000 0.0051 
39.6407 16.5000 3630.7247 0.3237 0.1034 -0.5760 2.9919 6.0000 11.1041 0.0047 
39.6043 16.5000 3619.1489 0.3237 0.1042 -0.5701 2.9954 5.0000 11.1790 0.0048 
39.6194 16.5000 3623.9591 0.3248 0.1061 -0.5696 2.9956 5.0000 11.2210 0.0047 
39.6172 16.5000 3623.6295 0.3264 0.1046 -0.5707 3.0012 6.0000 11.2304 0.0046 
39.6200 16.5000 3621.0203 0.3235 0.1025 -0.5722 2.9915 6.0000 11.2376 0.0047 
39.6217 16.5000 3622.6866 0.3237 0.1034 -0.5725 2.9936 6.0000 11.2166 0.0044 
39.6183 16.5000 3622.6322 0.3249 0.1040 -0.5717 2.9942 5.0000 11.2566 0.0060 
39.6295 16.5000 3627.9566 0.3222 0.1037 -0.5718 2.9977 6.0000 11.3195 0.0057 
39.5673 16.5000 3605.1299 0.3239 0.1050 -0.5756 3.0011 5.0000 11.4084 0.0055 
39.5808 16.5000 3609.2944 0.3234 0.1056 -0.5698 3.0003 5.0000 11.2036 0.0043 
39.5869 16.5000 3611.0573 0.3226 0.1049 -0.5719 2.9942 6.0000 11.1244 0.0048 
39.6343 16.5000 3628.0048 0.3222 0.1040 -0.5695 2.9988 5.0000 11.4377 0.0058 
39.6138 16.5000 3622.7597 0.3229 0.1036 -0.5714 2.9940 5.0000 11.1171 0.0045 
39.5757 16.5000 3610.3458 0.3202 0.1039 -0.5703 2.9952 5.0000 10.9869 0.0052 
39.6276 16.5000 3627.5858 0.3218 0.1038 -0.5694 2.9918 5.0000 11.2862 0.0048 
39.6015 16.5000 3617.5404 0.3205 0.1018 -0.5745 2.9941 5.0000 11.1770 0.0042 
39.6150 16.5000 3622.6482 0.3215 0.1045 -0.5717 2.9965 5.0000 11.1709 0.0058 
39.6374 16.5000 3632.2794 0.3207 0.1036 -0.5702 2.9968 6.0000 11.3324 0.0037 
39.5777 16.5000 3606.3850 0.3242 0.1046 -0.5707 3.0003 6.0000 11.1121 0.0044 
39.6601 16.5000 3638.6723 0.3245 0.1037 -0.5726 2.9923 5.0000 11.2569 0.0046 
39.6295 16.5000 3625.0806 0.3228 0.1049 -0.5694 2.9995 5.0000 11.5458 0.0059 
39.6225 16.5000 3624.9270 0.3210 0.1022 -0.5696 2.9937 5.0000 12.2180 0.0055 
39.5712 16.5000 3606.4851 0.3257 0.1046 -0.5734 3.0002 6.0000 12.2237 0.0044 
39.5864 16.5000 3611.1002 0.3213 0.1035 -0.5717 2.9979 5.0000 12.1365 0.0046 
39.6329 16.5000 3629.3126 0.3251 0.1053 -0.5749 2.9973 5.0000 11.4243 0.0046 
39.6217 16.5000 3621.1215 0.3234 0.1030 -0.5748 2.9973 6.0000 11.4568 0.0050 
39.6220 16.5000 3624.9755 0.3202 0.1034 -0.5695 2.9913 6.0000 11.6140 0.0047 
39.6088 16.5000 3619.7013 0.3235 0.1034 -0.5740 2.9901 6.0000 11.6822 0.0052 
39.6178 16.5000 3621.7058 0.3245 0.1035 -0.5755 2.9974 5.0000 11.0840 0.0042 
39.5984 16.5000 3616.3181 0.3208 0.1037 -0.5707 2.9976 5.0000 11.3610 0.0044 
39.6399 16.5000 3631.4028 0.3230 0.1045 -0.5661 2.9921 6.0000 11.3553 0.0045 
39.6329 16.5000 3626.9603 0.3207 0.1019 -0.5709 2.9911 6.0000 11.0280 0.0048 
39.6262 16.5000 3621.4998 0.3234 0.1040 -0.5711 2.9961 5.0000 11.1839 0.0057 
39.6164 16.5000 3623.9717 0.3221 0.1031 -0.5705 2.9959 6.0000 11.3213 0.0051 
39.5788 16.5000 3608.7782 0.3259 0.1057 -0.5743 2.9961 5.0000 11.1592 0.0044 
39.6024 16.5000 3619.5343 0.3255 0.1036 -0.5672 2.9914 5.0000 11.2565 0.0047 
39.6321 16.5000 3628.7804 0.3247 0.1034 -0.5706 2.9986 5.0000 11.1424 0.0052 
39.6206 16.5000 3624.6308 0.3245 0.1048 -0.5739 2.9971 5.0000 10.9755 0.0049 
39.6004 16.5000 3619.8291 0.3259 0.1052 -0.5738 2.9969 5.0000 10.8195 0.0049 
39.6105 16.5000 3620.0311 0.3239 0.1053 -0.5723 2.9974 5.0000 8.5573 0.0049 
