39.3594 16.5000 3521.0704 0.3453 0.1317 -0.5911 2.8456 5.0000 2.8339 0.0110 
39.3715 16.5000 3546.3874 0.3488 0.1306 -0.5930 2.8458 5.0000 2.9685 0.0102 
39.4018 16.5000 3542.1095 0.3475 0.1317 -0.5903 2.8480 5.0000 2.8748 0.0110 
39.3251 16.5000 3518.1190 0.3471 0.1324 -0.5858 2.8463 5.0000 2.4159 0.0103 
39.4058 16.5000 3546.5892 0.3464 0.1317 -0.5895 2.8486 5.0000 2.5259 0.0118 
39.3997 16.5000 3550.2204 0.3485 0.1312 -0.5923 2.8502 5.0000 2.4342 0.0118 
39.3397 16.5000 3516.6668 0.3444 0.1315 -0.5832 2.8491 5.0000 2.6782 0.0101 
39.4088 16.5000 3550.1352 0.3496 0.1343 -0.5856 2.8499 5.0000 2.6973 0.0096 
39.2893 16.5000 3499.4769 0.3449 0.1321 -0.5881 2.8448 5.0000 2.7016 0.0096 
39.4275 16.5000 3563.3074 0.3475 0.1321 -0.5886 2.8509 5.0000 2.5295 0.0115 
39.3624 16.5000 3529.6005 0.3512 0.1332 -0.5914 2.8549 5.0000 2.5834 0.0126 
39.3528 16.5000 3516.9372 0.3467 0.1340 -0.5895 2.8518 5.0000 2.5825 0.0126 
39.3120 16.5000 3499.9284 0.3462 0.1319 -0.5893 2.8539 5.0000 2.7658 0.0113 
39.4108 16.5000 3545.8330 0.3460 0.1315 -0.5873 2.8532 5.0000 2.7683 0.0102 
39.3629 16.5000 3531.5001 0.3466 0.1295 -0.5889 2.8474 5.0000 2.8359 0.0117 
39.4058 16.5000 3552.4212 0.3499 0.1336 -0.5859 2.8422 5.0000 2.4843 0.0112 
39.3443 16.5000 3528.5110 0.3497 0.1318 -0.5948 2.8466 5.0000 2.5082 0.0132 
39.3654 16.5000 3521.3957 0.3483 0.1327 -0.5898 2.8509 5.0000 2.5192 0.0128 
39.2868 16.5000 3502.9619 0.3447 0.1323 -0.5889 2.8488 5.0000 2.6831 0.0121 
39.3019 16.5000 3503.3019 0.3476 0.1335 -0.5933 2.8480 5.0000 2.6410 0.0113 
39.3301 16.5000 3527.8880 0.3468 0.1311 -0.5914 2.8492 5.0000 2.6450 0.0115 
39.3599 16.5000 3523.0512 0.3489 0.1313 -0.5933 2.8486 5.0000 2.5155 0.0109 
39.3513 16.5000 3524.7677 0.3478 0.1306 -0.5934 2.8486 5.0000 2.5393 0.0101 
39.3765 16.5000 3526.0454 0.3463 0.1337 -0.5878 2.8520 5.0000 2.5747 0.0132 
39.4078 16.5000 3538.0172 0.3478 0.1320 -0.5906 2.8536 5.0000 2.8033 0.0118 
39.2878 16.5000 3504.2078 0.3486 0.1339 -0.5849 2.8459 5.0000 2.7860 0.0112 
39.3402 16.5000 3533.5607 0.3470 0.1320 -0.5862 2.8477 5.0000 2.7759 0.0119 
39.3649 16.5000 3533.0063 0.3501 0.1312 -0.5961 2.8437 5.0000 2.5003 0.0122 
39.3382 16.5000 3521.4406 0.3503 0.1323 -0.5935 2.8505 5.0000 2.5592 0.0104 
39.3241 16.5000 3509.1803 0.3473 0.1325 -0.5897 2.8509 5.0000 2.5621 0.0099 
39.3967 16.5000 3539.2439 0.3483 0.1327 -0.5892 2.8485 5.0000 2.7120 0.0109 
39.4174 16.5000 3543.5627 0.3471 0.1306 -0.5872 2.8494 5.0000 2.6770 0.0121 
39.3760 16.5000 3530.6371 0.3482 0.1328 -0.5901 2.8520 5.0000 2.6880 0.0124 
39.3306 16.5000 3524.4928 0.3488 0.1325 -0.5888 2.8500 5.0000 2.5600 0.0110 
39.3195 16.5000 3518.0328 0.3495 0.1303 -0.5967 2.8497 5.0000 2.5558 0.0099 
39.3710 16.5000 3539.2197 0.3458 0.1310 -0.5868 2.8516 5.0000 2.5514 0.0134 
39.4174 16.5000 3560.1826 0.3485 0.1299 -0.5848 2.8438 5.0000 2.8748 0.0103 
39.2777 16.5000 3494.6921 0.3482 0.1322 -0.5952 2.8552 5.0000 2.7761 0.0120 
39.3997 16.5000 3554.3607 0.3452 0.1309 -0.5829 2.8500 5.0000 2.7915 0.0118 
39.3357 16.5000 3520.7198 0.3475 0.1335 -0.5905 2.8505 5.0000 2.5640 0.0108 
39.3407 16.5000 3526.5569 0.3439 0.1335 -0.5852 2.8538 5.0000 2.5355 0.0108 
39.3816 16.5000 3550.5750 0.3492 0.1312 -0.5903 2.8465 5.0000 2.5463 0.0120 
39.3821 16.5000 3551.8149 0.3465 0.1285 -0.5871 2.8452 5.0000 2.6467 0.0118 
39.3342 16.5000 3526.8797 0.3472 0.1303 -0.5903 2.8535 5.0000 2.6587 0.0092 
39.3427 16.5000 3512.0560 0.3484 0.1314 -0.5952 2.8496 5.0000 2.6309 0.0116 
39.4421 16.5000 3554.3687 0.3486 0.1299 -0.5936 2.8415 5.0000 2.5330 0.0121 
39.3488 16.5000 3535.4966 0.3488 0.1313 -0.5890 2.8413 5.0000 2.5355 0.0107 
39.3286 16.5000 3519.7201 0.3484 0.1312 -0.5906 2.8445 5.0000 2.5047 0.0119 
39.3826 16.5000 3540.0050 0.3463 0.1289 -0.5896 2.8426 5.0000 2.7897 0.0118 
39.3367 16.5000 3519.0729 0.3463 0.1321 -0.5861 2.8559 5.0000 2.7906 0.0102 
39.3427 16.5000 3519.6232 0.3472 0.1326 -0.5901 2.8454 5.0000 2.7881 0.0113 
39.4028 16.5000 3547.8023 0.3481 0.1317 -0.5897 2.8477 5.0000 2.5535 0.0124 
39.3599 16.5000 3536.7733 0.3488 0.1299 -0.5866 2.8463 5.0000 2.5620 0.0107 
39.3165 16.5000 3506.5019 0.3482 0.1326 -0.5959 2.8509 5.0000 2.5298 0.0107 
39.3861 16.5000 3545.2177 0.3492 0.1329 -0.5859 2.8519 5.0000 2.6702 0.0124 
39.3972 16.5000 3537.5945 0.3456 0.1306 -0.5928 2.8499 5.0000 2.6800 0.0115 
39.3170 16.5000 3508.8434 0.3451 0.1311 -0.5869 2.8491 5.0000 2.6516 0.0115 
39.3513 16.5000 3527.2373 0.3469 0.1321 -0.5934 2.8499 5.0000 2.5470 0.0123 
39.3881 16.5000 3551.4381 0.3450 0.1301 -0.5873 2.8474 5.0000 2.5500 0.0084 
39.3206 16.5000 3511.5652 0.3456 0.1313 -0.5862 2.8527 5.0000 2.5817 0.0117 
39.4734 16.5000 3581.2313 0.3484 0.1307 -0.5863 2.8412 5.0000 2.7955 0.0121 
39.3453 16.5000 3520.0893 0.3466 0.1327 -0.5908 2.8473 5.0000 2.7374 0.0124 
39.3306 16.5000 3539.1586 0.3492 0.1319 -0.5874 2.8456 5.0000 2.7256 0.0124 
39.3170 16.5000 3521.0482 0.3484 0.1325 -0.5874 2.8547 5.0000 2.5481 0.0120 
39.3483 16.5000 3516.6083 0.3474 0.1343 -0.5930 2.8470 5.0000 2.5939 0.0117 
39.3322 16.5000 3521.7912 0.3469 0.1326 -0.5892 2.8506 5.0000 2.5546 0.0117 
39.3473 16.5000 3504.8494 0.3481 0.1311 -0.5933 2.8465 5.0000 2.6588 0.0121 
39.3347 16.5000 3523.1339 0.3490 0.1342 -0.5872 2.8524 5.0000 2.6431 0.0116 
39.3301 16.5000 3525.4850 0.3467 0.1325 -0.5863 2.8538 5.0000 2.6069 0.0116 
39.3508 16.5000 3528.9115 0.3474 0.1327 -0.5908 2.8512 5.0000 2.4938 0.0096 
39.3710 16.5000 3538.4388 0.3441 0.1317 -0.5842 2.8522 5.0000 2.5467 0.0118 
39.4275 16.5000 3559.7871 0.3466 0.1321 -0.5908 2.8549 5.0000 2.5481 0.0118 
39.3422 16.5000 3523.4078 0.3495 0.1339 -0.5922 2.8517 5.0000 2.7770 0.0110 
39.3594 16.5000 3521.8593 0.3479 0.1320 -0.5938 2.8469 5.0000 2.7527 0.0101 
39.3710 16.5000 3522.4358 0.3478 0.1314 -0.5920 2.8545 5.0000 2.7915 0.0107 
39.4073 16.5000 3559.0562 0.3477 0.1300 -0.5883 2.8470 5.0000 2.5755 0.0115 
39.3856 16.5000 3544.8747 0.3501 0.1338 -0.5902 2.8445 5.0000 2.5577 0.0100 
39.3513 16.5000 3537.0941 0.3501 0.1327 -0.5915 2.8435 5.0000 2.5936 0.0122 
39.4129 16.5000 3540.8863 0.3442 0.1320 -0.5863 2.8491 5.0000 2.6557 0.0107 
39.3266 16.5000 3519.8270 0.3473 0.1317 -0.5876 2.8523 5.0000 2.6194 0.0113 
39.3836 16.5000 3549.9657 0.3477 0.1319 -0.5874 2.8527 5.0000 2.6511 0.0107 
39.3594 16.5000 3540.1544 0.3514 0.1327 -0.5916 2.8503 5.0000 2.5194 0.0121 
39.3826 16.5000 3547.3987 0.3483 0.1322 -0.5870 2.8518 5.0000 2.5605 0.0112 
39.3306 16.5000 3520.5090 0.3495 0.1326 -0.5908 2.8456 5.0000 2.5323 0.0111 
39.3654 16.5000 3548.2643 0.3439 0.1295 -0.5868 2.8442 5.0000 2.7178 0.0099 
39.3675 16.5000 3529.0285 0.3484 0.1320 -0.5915 2.8521 5.0000 2.7356 0.0118 
39.4144 16.5000 3552.2139 0.3460 0.1307 -0.5882 2.8458 5.0000 2.7550 0.0114 
39.3427 16.5000 3525.4492 0.3525 0.1327 -0.5964 2.8508 5.0000 2.5762 0.0126 
39.3574 16.5000 3535.6974 0.3457 0.1325 -0.5867 2.8465 5.0000 2.5438 0.0112 
39.3110 16.5000 3505.5501 0.3481 0.1331 -0.5932 2.8569 5.0000 2.6519 0.0119 
39.3654 16.5000 3523.9561 0.3452 0.1338 -0.5857 2.8523 5.0000 2.6509 0.0104 
39.3382 16.5000 3535.1919 0.3506 0.1297 -0.5912 2.8409 5.0000 2.6280 0.0126 
39.3952 16.5000 3557.9016 0.3517 0.1324 -0.5882 2.8431 5.0000 2.6610 0.0108 
39.3095 16.5000 3505.4230 0.3469 0.1326 -0.5890 2.8477 5.0000 2.6074 0.0119 
39.3791 16.5000 3542.6129 0.3498 0.1304 -0.5919 2.8499 5.0000 2.5543 0.0119 
39.3372 16.5000 3515.3967 0.3469 0.1314 -0.5907 2.8440 5.0000 2.5923 0.0102 
39.2479 16.5000 3477.1032 0.3457 0.1317 -0.5941 2.8520 5.0000 2.8305 0.0088 
39.4043 16.5000 3560.4222 0.3446 0.1283 -0.5832 2.8417 5.0000 2.8295 0.0088 
39.4603 16.5000 3559.0149 0.3467 0.1321 -0.5854 2.8502 5.0000 2.7299 0.0139 
39.2595 16.5000 3487.0164 0.3499 0.1357 -0.5972 2.8573 5.0000 2.3814 0.0139 
