39.5006 4.0000 3588.7831 0.3982 0.1405 -0.6132 2.9919 5.0000 7.8226 0.0066 
39.5801 4.0000 3612.0132 0.4001 0.1395 -0.6113 2.9992 6.0000 7.9995 0.0076 
39.5457 4.0000 3594.5016 0.3961 0.1380 -0.6196 2.9994 5.0000 7.9340 0.0076 
39.5069 4.0000 3583.1788 0.3986 0.1412 -0.6172 3.0059 5.0000 8.1435 0.0060 
39.5271 4.0000 3597.2037 0.3976 0.1379 -0.6168 2.9940 5.0000 8.2258 0.0079 
39.5665 4.0000 3602.4511 0.3941 0.1389 -0.6161 3.0003 5.0000 8.1988 0.0079 
39.4950 4.0000 3572.8380 0.3977 0.1397 -0.6203 3.0020 5.0000 7.8058 0.0054 
39.5117 4.0000 3587.2377 0.3964 0.1395 -0.6135 2.9997 5.0000 8.0108 0.0071 
39.5911 4.0000 3611.4978 0.3944 0.1365 -0.6199 3.0012 6.0000 7.9799 0.0071 
39.5233 4.0000 3590.7538 0.3961 0.1385 -0.6179 3.0004 5.0000 8.3742 0.0056 
39.5561 4.0000 3602.5306 0.3973 0.1392 -0.6204 2.9983 5.0000 8.3540 0.0069 
39.5842 4.0000 3608.0608 0.3999 0.1393 -0.6156 2.9983 5.0000 8.4945 0.0068 
39.5322 4.0000 3592.7645 0.3954 0.1411 -0.6127 3.0066 5.0000 7.8940 0.0069 
39.5366 4.0000 3599.1970 0.3974 0.1405 -0.6103 2.9993 5.0000 8.4188 0.0055 
39.5344 4.0000 3595.1974 0.3941 0.1370 -0.6124 3.0035 5.0000 8.2955 0.0055 
39.5895 4.0000 3616.6047 0.4010 0.1397 -0.6173 2.9974 5.0000 8.0993 0.0061 
39.5252 4.0000 3592.3480 0.3948 0.1378 -0.6151 2.9960 5.0000 8.1679 0.0080 
39.5627 4.0000 3607.9887 0.3934 0.1389 -0.6152 2.9980 5.0000 8.0007 0.0069 
39.5344 4.0000 3588.8733 0.3994 0.1423 -0.6152 3.0110 5.0000 7.9979 0.0076 
39.4909 4.0000 3582.5233 0.3984 0.1418 -0.6188 3.0034 5.0000 8.1495 0.0064 
39.5073 4.0000 3585.6308 0.3985 0.1397 -0.6157 3.0029 5.0000 8.3061 0.0056 
39.5526 4.0000 3603.4924 0.3980 0.1411 -0.6155 3.0037 5.0000 8.2146 0.0062 
39.5826 4.0000 3611.4953 0.3994 0.1378 -0.6228 3.0004 5.0000 8.3360 0.0064 
39.5586 4.0000 3596.7834 0.4007 0.1416 -0.6199 2.9936 5.0000 8.2751 0.0071 
39.5511 4.0000 3600.4234 0.3968 0.1391 -0.6185 3.0012 5.0000 8.0279 0.0060 
39.5255 4.0000 3586.8291 0.3996 0.1410 -0.6160 2.9951 5.0000 8.2408 0.0061 
39.5700 4.0000 3606.2632 0.3955 0.1403 -0.6077 2.9989 5.0000 8.2226 0.0061 
39.5662 4.0000 3603.0473 0.4010 0.1388 -0.6216 3.0032 5.0000 8.1411 0.0066 
39.5631 4.0000 3602.4836 0.3957 0.1406 -0.6157 3.0033 5.0000 8.1709 0.0066 
39.5448 4.0000 3600.0353 0.3992 0.1399 -0.6117 2.9961 5.0000 8.3016 0.0063 
39.5432 4.0000 3597.7264 0.4010 0.1416 -0.6128 3.0017 5.0000 7.9768 0.0057 
39.5558 4.0000 3607.7295 0.4017 0.1409 -0.6156 3.0035 5.0000 8.2719 0.0059 
39.5813 4.0000 3612.9899 0.3999 0.1405 -0.6116 3.0029 5.0000 8.3011 0.0050 
39.5719 4.0000 3612.3843 0.3983 0.1373 -0.6138 2.9977 5.0000 8.2377 0.0056 
39.6069 4.0000 3623.3780 0.3994 0.1392 -0.6193 2.9986 5.0000 8.3886 0.0066 
39.5823 4.0000 3602.6425 0.3996 0.1419 -0.6174 2.9989 6.0000 8.3904 0.0057 
39.5451 4.0000 3603.3083 0.3956 0.1382 -0.6120 2.9982 5.0000 8.2598 0.0061 
39.5791 4.0000 3612.8881 0.3974 0.1399 -0.6165 3.0070 5.0000 8.3316 0.0066 
39.5637 4.0000 3608.8001 0.3992 0.1404 -0.6100 2.9923 5.0000 8.4597 0.0062 
39.5435 4.0000 3603.3947 0.3992 0.1397 -0.6184 2.9973 5.0000 8.5511 0.0060 
39.5593 4.0000 3599.9420 0.3971 0.1389 -0.6135 3.0006 6.0000 8.6145 0.0054 
39.5690 4.0000 3607.3231 0.4019 0.1412 -0.6218 3.0076 6.0000 8.8817 0.0050 
39.5908 4.0000 3615.3405 0.3972 0.1395 -0.6160 3.0073 5.0000 8.3069 0.0055 
39.6097 4.0000 3623.0602 0.3977 0.1376 -0.6138 2.9936 5.0000 8.4053 0.0069 
39.5880 4.0000 3617.2311 0.4010 0.1402 -0.6192 2.9975 5.0000 8.4093 0.0063 
39.5318 4.0000 3594.9732 0.3973 0.1380 -0.6208 3.0021 5.0000 8.1334 0.0069 
39.5564 4.0000 3604.2475 0.4019 0.1405 -0.6180 3.0050 5.0000 8.3303 0.0073 
39.5315 4.0000 3596.3625 0.3953 0.1405 -0.6149 3.0061 6.0000 8.5718 0.0074 
39.5170 4.0000 3589.6040 0.3995 0.1417 -0.6170 3.0018 6.0000 8.2618 0.0065 
39.5136 4.0000 3583.2743 0.3940 0.1397 -0.6130 3.0093 5.0000 8.3314 0.0069 
39.5485 4.0000 3602.2096 0.3974 0.1392 -0.6098 3.0045 6.0000 8.3991 0.0062 
39.5328 4.0000 3593.9981 0.3991 0.1408 -0.6166 3.0038 6.0000 8.3089 0.0059 
39.5590 4.0000 3605.7702 0.3963 0.1360 -0.6172 2.9963 5.0000 8.4603 0.0068 
39.5725 4.0000 3607.7853 0.3963 0.1412 -0.6130 2.9975 6.0000 8.4506 0.0062 
39.5369 4.0000 3591.0684 0.4015 0.1427 -0.6149 3.0056 5.0000 8.0807 0.0070 
39.5621 4.0000 3603.5716 0.3955 0.1378 -0.6174 3.0024 5.0000 8.4727 0.0055 
39.5277 4.0000 3586.0009 0.3978 0.1412 -0.6156 3.0050 6.0000 8.5133 0.0063 
39.5867 4.0000 3616.2844 0.3996 0.1384 -0.6197 2.9992 5.0000 8.4343 0.0065 
39.5558 4.0000 3600.7301 0.3972 0.1431 -0.6102 2.9966 5.0000 8.4841 0.0068 
39.5482 4.0000 3602.0224 0.3976 0.1381 -0.6171 2.9953 5.0000 8.4553 0.0066 
39.5369 4.0000 3590.4549 0.3957 0.1402 -0.6117 3.0021 5.0000 8.6873 0.0072 
39.5460 4.0000 3601.0353 0.4010 0.1400 -0.6184 2.9970 5.0000 8.7797 0.0063 
39.5199 4.0000 3594.2998 0.4002 0.1398 -0.6209 2.9974 6.0000 8.6568 0.0062 
39.5564 4.0000 3607.0227 0.3972 0.1381 -0.6138 2.9957 5.0000 8.3971 0.0068 
39.5593 4.0000 3605.0312 0.4008 0.1406 -0.6184 2.9960 5.0000 8.7222 0.0070 
39.5381 4.0000 3595.5091 0.3954 0.1356 -0.6205 3.0023 5.0000 8.9531 0.0058 
39.5293 4.0000 3596.2364 0.3964 0.1377 -0.6164 3.0066 5.0000 8.7081 0.0062 
39.5753 4.0000 3612.9382 0.3971 0.1364 -0.6180 2.9949 5.0000 8.5649 0.0065 
39.5602 4.0000 3600.8212 0.4019 0.1423 -0.6203 3.0013 5.0000 8.4605 0.0075 
39.5492 4.0000 3603.0530 0.4030 0.1407 -0.6145 2.9959 5.0000 8.3426 0.0062 
39.5082 4.0000 3580.4253 0.4013 0.1387 -0.6213 2.9979 5.0000 8.4795 0.0071 
39.5615 4.0000 3605.7364 0.4044 0.1438 -0.6149 3.0083 5.0000 8.4370 0.0057 
39.5233 4.0000 3593.7724 0.4013 0.1400 -0.6189 3.0058 5.0000 8.4399 0.0065 
39.5794 4.0000 3611.2910 0.3988 0.1395 -0.6156 2.9999 5.0000 8.5718 0.0071 
39.5492 4.0000 3595.6081 0.4017 0.1414 -0.6172 2.9935 5.0000 8.3565 0.0063 
39.5236 4.0000 3589.4609 0.3955 0.1395 -0.6112 3.0046 5.0000 8.3704 0.0059 
39.5577 4.0000 3600.9666 0.3979 0.1386 -0.6149 2.9967 5.0000 8.5896 0.0058 
39.5706 4.0000 3608.8638 0.3975 0.1377 -0.6168 2.9928 5.0000 8.5268 0.0064 
39.5757 4.0000 3614.2216 0.4026 0.1380 -0.6222 2.9989 5.0000 8.7969 0.0067 
39.5545 4.0000 3606.1955 0.3985 0.1408 -0.6094 2.9971 5.0000 9.0344 0.0066 
39.5416 4.0000 3600.1548 0.3995 0.1388 -0.6179 3.0021 5.0000 9.0197 0.0072 
39.5432 4.0000 3604.7995 0.3947 0.1380 -0.6154 2.9998 5.0000 8.5361 0.0074 
39.5199 4.0000 3583.3276 0.3957 0.1386 -0.6167 2.9971 5.0000 8.4773 0.0064 
39.5145 4.0000 3594.0312 0.4029 0.1418 -0.6120 2.9975 5.0000 8.4728 0.0059 
39.5539 4.0000 3605.4565 0.3965 0.1390 -0.6086 2.9936 5.0000 8.7342 0.0066 
39.5731 4.0000 3606.4083 0.4003 0.1391 -0.6190 3.0005 5.0000 9.0114 0.0059 
39.5460 4.0000 3595.5832 0.3989 0.1409 -0.6128 3.0079 5.0000 8.8598 0.0064 
39.5741 4.0000 3605.7361 0.3970 0.1371 -0.6205 2.9971 5.0000 8.9045 0.0054 
39.5520 4.0000 3601.5334 0.3985 0.1393 -0.6164 3.0007 5.0000 8.8803 0.0073 
39.5921 4.0000 3620.0098 0.3977 0.1406 -0.6090 2.9989 5.0000 8.9821 0.0067 
39.5192 4.0000 3587.5911 0.3945 0.1378 -0.6139 3.0008 6.0000 8.5922 0.0082 
39.5397 4.0000 3596.6992 0.4016 0.1420 -0.6197 3.0050 5.0000 8.5593 0.0061 
39.4811 4.0000 3571.8071 0.3971 0.1381 -0.6189 3.0070 5.0000 8.4879 0.0065 
39.5631 4.0000 3604.1040 0.3986 0.1403 -0.6170 2.9993 5.0000 8.6298 0.0056 
39.5473 4.0000 3599.8714 0.4024 0.1409 -0.6197 2.9980 6.0000 8.8950 0.0072 
39.5858 4.0000 3614.7402 0.3972 0.1393 -0.6128 2.9990 6.0000 8.9810 0.0063 
39.5218 4.0000 3590.2160 0.3999 0.1407 -0.6170 2.9951 5.0000 8.9736 0.0062 
39.5564 4.0000 3603.1330 0.4028 0.1395 -0.6194 2.9973 5.0000 9.0317 0.0058 
39.5596 4.0000 3604.3676 0.4029 0.1419 -0.6154 3.0025 6.0000 8.8121 0.0058 
39.5757 4.0000 3612.1050 0.3972 0.1377 -0.6186 2.9985 6.0000 7.8226 0.0058 
