39.6736 4.0000 3643.4912 0.3401 0.1062 -0.5809 3.0803 6.0000 27.3486 0.0033 
39.6696 4.0000 3640.0586 0.3441 0.1067 -0.5859 3.0824 6.0000 27.7501 0.0033 
39.6656 4.0000 3640.2577 0.3427 0.1088 -0.5779 3.0810 6.0000 27.4268 0.0033 
39.6736 4.0000 3641.4664 0.3441 0.1086 -0.5825 3.0772 6.0000 27.7695 0.0033 
39.6730 4.0000 3641.4103 0.3418 0.1076 -0.5807 3.0822 6.0000 27.4700 0.0033 
39.6738 4.0000 3644.0576 0.3438 0.1082 -0.5832 3.0813 6.0000 27.7901 0.0032 
39.6702 4.0000 3643.4617 0.3406 0.1067 -0.5791 3.0799 6.0000 28.3671 0.0034 
39.6774 4.0000 3644.4498 0.3456 0.1072 -0.5826 3.0774 6.0000 28.6707 0.0034 
39.6719 4.0000 3639.7711 0.3412 0.1056 -0.5845 3.0826 6.0000 28.2668 0.0034 
39.6721 4.0000 3640.5738 0.3444 0.1064 -0.5858 3.0804 6.0000 28.2131 0.0030 
39.6433 4.0000 3632.3346 0.3402 0.1074 -0.5803 3.0794 6.0000 28.4969 0.0031 
39.6864 4.0000 3648.7745 0.3394 0.1046 -0.5819 3.0719 6.0000 28.5109 0.0031 
39.6831 4.0000 3645.1143 0.3418 0.1073 -0.5793 3.0798 6.0000 28.1692 0.0032 
39.6742 4.0000 3641.6797 0.3439 0.1084 -0.5826 3.0805 6.0000 28.3201 0.0028 
39.6772 4.0000 3643.4243 0.3417 0.1068 -0.5816 3.0794 6.0000 28.9346 0.0033 
39.6940 4.0000 3650.0109 0.3439 0.1075 -0.5798 3.0822 6.0000 28.3502 0.0031 
39.6738 4.0000 3641.0721 0.3429 0.1062 -0.5832 3.0809 6.0000 29.0001 0.0036 
39.6824 4.0000 3647.2499 0.3421 0.1066 -0.5826 3.0788 6.0000 28.8131 0.0034 
39.6641 4.0000 3636.7535 0.3408 0.1060 -0.5821 3.0773 6.0000 28.5393 0.0031 
39.6721 4.0000 3640.7037 0.3433 0.1067 -0.5859 3.0784 6.0000 28.8445 0.0031 
39.6843 4.0000 3646.4269 0.3419 0.1063 -0.5806 3.0758 6.0000 28.7044 0.0032 
39.6843 4.0000 3647.0246 0.3418 0.1064 -0.5821 3.0828 6.0000 28.7564 0.0028 
39.6776 4.0000 3644.6246 0.3465 0.1083 -0.5832 3.0774 6.0000 28.9593 0.0033 
39.6953 4.0000 3649.9933 0.3425 0.1061 -0.5818 3.0798 6.0000 28.8263 0.0033 
39.6757 4.0000 3643.4548 0.3434 0.1066 -0.5862 3.0760 6.0000 28.6124 0.0042 
39.6736 4.0000 3643.9571 0.3411 0.1063 -0.5822 3.0796 6.0000 29.0144 0.0031 
39.6412 4.0000 3631.0183 0.3420 0.1069 -0.5799 3.0793 6.0000 28.9516 0.0031 
39.6824 4.0000 3645.2636 0.3447 0.1066 -0.5856 3.0807 6.0000 28.7641 0.0035 
39.6717 4.0000 3643.1341 0.3412 0.1066 -0.5800 3.0820 6.0000 28.6953 0.0036 
39.6658 4.0000 3640.2312 0.3438 0.1062 -0.5868 3.0778 6.0000 29.0706 0.0032 
39.6623 4.0000 3639.0969 0.3436 0.1052 -0.5861 3.0802 6.0000 30.2453 0.0031 
39.6780 4.0000 3646.1639 0.3416 0.1059 -0.5796 3.0766 6.0000 30.1725 0.0035 
39.6828 4.0000 3646.1055 0.3416 0.1059 -0.5825 3.0830 6.0000 30.2343 0.0039 
39.6677 4.0000 3640.7589 0.3448 0.1074 -0.5828 3.0799 6.0000 30.5194 0.0029 
39.6511 4.0000 3634.8388 0.3394 0.1059 -0.5807 3.0783 6.0000 30.3211 0.0034 
39.6889 4.0000 3646.9365 0.3421 0.1056 -0.5852 3.0803 6.0000 30.1895 0.0037 
39.6707 4.0000 3639.0452 0.3446 0.1080 -0.5839 3.0852 6.0000 29.1305 0.0029 
39.6610 4.0000 3637.2102 0.3422 0.1072 -0.5836 3.0811 6.0000 28.7424 0.0035 
39.6892 4.0000 3647.4491 0.3435 0.1070 -0.5797 3.0758 6.0000 29.3479 0.0038 
39.6671 4.0000 3639.7961 0.3453 0.1066 -0.5813 3.0800 6.0000 28.9995 0.0028 
39.6534 4.0000 3636.7024 0.3403 0.1079 -0.5726 3.0787 6.0000 28.9522 0.0029 
39.6942 4.0000 3649.4807 0.3420 0.1059 -0.5798 3.0777 6.0000 29.2688 0.0035 
39.6887 4.0000 3649.4704 0.3436 0.1079 -0.5815 3.0812 6.0000 28.9493 0.0030 
39.6677 4.0000 3639.8937 0.3436 0.1068 -0.5806 3.0790 6.0000 28.9567 0.0029 
39.6858 4.0000 3646.6931 0.3446 0.1069 -0.5825 3.0790 6.0000 28.8365 0.0033 
39.6917 4.0000 3648.8462 0.3436 0.1069 -0.5792 3.0746 6.0000 28.9997 0.0026 
39.6759 4.0000 3642.5124 0.3416 0.1063 -0.5823 3.0816 6.0000 28.8941 0.0029 
39.7030 4.0000 3654.1889 0.3427 0.1059 -0.5812 3.0756 6.0000 28.6546 0.0038 
39.6913 4.0000 3648.0799 0.3423 0.1078 -0.5779 3.0804 6.0000 29.1121 0.0034 
39.6559 4.0000 3636.4006 0.3448 0.1082 -0.5858 3.0836 6.0000 28.7474 0.0040 
39.6692 4.0000 3641.2144 0.3423 0.1052 -0.5833 3.0789 6.0000 28.9603 0.0037 
39.6488 4.0000 3633.0811 0.3454 0.1092 -0.5793 3.0831 6.0000 29.0420 0.0033 
39.6610 4.0000 3637.5076 0.3424 0.1071 -0.5833 3.0803 6.0000 29.0943 0.0029 
39.6751 4.0000 3641.4981 0.3416 0.1057 -0.5825 3.0761 6.0000 28.8678 0.0033 
39.6910 4.0000 3649.1559 0.3427 0.1075 -0.5785 3.0809 6.0000 28.7028 0.0033 
39.6755 4.0000 3644.3934 0.3430 0.1062 -0.5843 3.0830 6.0000 29.1731 0.0037 
39.6744 4.0000 3643.3350 0.3426 0.1066 -0.5824 3.0761 6.0000 29.1529 0.0033 
39.6608 4.0000 3637.1221 0.3443 0.1064 -0.5818 3.0808 6.0000 29.1100 0.0030 
39.6742 4.0000 3645.3607 0.3443 0.1070 -0.5827 3.0790 6.0000 29.0462 0.0031 
39.6856 4.0000 3646.1755 0.3446 0.1063 -0.5874 3.0804 6.0000 28.8160 0.0026 
39.6828 4.0000 3646.7198 0.3442 0.1089 -0.5824 3.0785 6.0000 29.4393 0.0033 
39.7013 4.0000 3650.3047 0.3443 0.1067 -0.5852 3.0811 6.0000 28.7505 0.0036 
39.6740 4.0000 3644.4823 0.3418 0.1069 -0.5809 3.0782 6.0000 29.5822 0.0031 
39.6620 4.0000 3637.8329 0.3421 0.1064 -0.5820 3.0800 6.0000 28.9918 0.0037 
39.6824 4.0000 3643.2881 0.3432 0.1082 -0.5800 3.0800 6.0000 29.2577 0.0035 
39.6580 4.0000 3637.4819 0.3425 0.1063 -0.5818 3.0786 6.0000 29.1407 0.0038 
39.6679 4.0000 3638.3209 0.3413 0.1069 -0.5813 3.0820 6.0000 29.0596 0.0030 
39.6553 4.0000 3636.2560 0.3458 0.1088 -0.5867 3.0842 6.0000 29.0579 0.0027 
39.6856 4.0000 3647.3329 0.3442 0.1103 -0.5768 3.0825 6.0000 28.9014 0.0036 
39.6978 4.0000 3648.7747 0.3452 0.1074 -0.5882 3.0764 6.0000 28.9783 0.0035 
39.6620 4.0000 3638.1164 0.3437 0.1069 -0.5839 3.0789 6.0000 29.0468 0.0037 
39.6660 4.0000 3640.5395 0.3421 0.1076 -0.5787 3.0818 6.0000 28.7461 0.0033 
39.6589 4.0000 3638.2642 0.3448 0.1083 -0.5843 3.0814 6.0000 29.2471 0.0030 
39.6757 4.0000 3642.4800 0.3449 0.1072 -0.5865 3.0786 6.0000 28.8609 0.0029 
39.6854 4.0000 3646.2161 0.3410 0.1042 -0.5838 3.0772 6.0000 29.0522 0.0035 
39.6917 4.0000 3651.2119 0.3397 0.1055 -0.5807 3.0754 6.0000 28.9434 0.0029 
39.6656 4.0000 3639.2493 0.3423 0.1063 -0.5821 3.0824 6.0000 29.2703 0.0040 
39.6900 4.0000 3648.8050 0.3454 0.1072 -0.5853 3.0789 6.0000 29.6835 0.0036 
39.6454 4.0000 3630.4624 0.3417 0.1067 -0.5819 3.0840 6.0000 29.2870 0.0038 
39.6648 4.0000 3640.1566 0.3424 0.1062 -0.5817 3.0789 6.0000 28.8281 0.0029 
39.6549 4.0000 3635.9908 0.3417 0.1059 -0.5825 3.0785 6.0000 28.8829 0.0031 
39.6889 4.0000 3647.5406 0.3415 0.1077 -0.5793 3.0799 6.0000 28.7512 0.0034 
39.6826 4.0000 3646.2308 0.3444 0.1079 -0.5870 3.0820 6.0000 28.9421 0.0032 
39.6694 4.0000 3643.0391 0.3449 0.1085 -0.5831 3.0781 6.0000 28.9530 0.0031 
39.6803 4.0000 3643.1963 0.3425 0.1090 -0.5792 3.0827 6.0000 28.6708 0.0034 
39.6812 4.0000 3646.4443 0.3445 0.1054 -0.5864 3.0758 6.0000 28.8804 0.0032 
39.6709 4.0000 3642.7648 0.3440 0.1071 -0.5816 3.0790 6.0000 29.2090 0.0032 
39.6791 4.0000 3643.5641 0.3431 0.1083 -0.5804 3.0781 6.0000 29.2988 0.0034 
39.6770 4.0000 3645.7463 0.3414 0.1057 -0.5788 3.0769 6.0000 29.0596 0.0033 
39.6715 4.0000 3639.9321 0.3424 0.1068 -0.5820 3.0835 6.0000 29.3107 0.0033 
39.6768 4.0000 3642.5860 0.3430 0.1069 -0.5829 3.0800 6.0000 28.8655 0.0036 
39.6761 4.0000 3643.3897 0.3404 0.1071 -0.5777 3.0786 6.0000 29.4513 0.0033 
39.6629 4.0000 3641.6467 0.3444 0.1068 -0.5822 3.0789 6.0000 29.4296 0.0035 
39.6749 4.0000 3642.1194 0.3426 0.1067 -0.5808 3.0772 6.0000 29.2393 0.0031 
39.6662 4.0000 3639.1068 0.3407 0.1054 -0.5838 3.0772 6.0000 28.7865 0.0032 
39.6835 4.0000 3644.7810 0.3440 0.1069 -0.5863 3.0799 5.0000 29.1758 0.0035 
39.6786 4.0000 3643.7594 0.3422 0.1063 -0.5836 3.0809 6.0000 28.9419 0.0029 
39.6683 4.0000 3639.7619 0.3446 0.1071 -0.5866 3.0784 6.0000 29.2453 0.0030 
39.6925 4.0000 3650.1583 0.3401 0.1057 -0.5797 3.0780 6.0000 28.6813 0.0030 
39.6881 4.0000 3647.7896 0.3392 0.1052 -0.5803 3.0750 6.0000 19.7888 0.0030 
