39.0206 16.5000 3445.4073 0.4930 0.2289 -0.6326 2.7562 5.0000 1.0209 0.0267 
38.8852 16.5000 3391.2434 0.4960 0.2325 -0.6413 2.7706 5.0000 0.9614 0.0237 
38.8693 16.5000 3373.6057 0.5006 0.2341 -0.6460 2.7852 5.0000 1.0208 0.0267 
38.7709 16.5000 3323.8159 0.5022 0.2362 -0.6515 2.7813 5.0000 0.9111 0.0236 
38.9063 16.5000 3385.8117 0.4939 0.2331 -0.6389 2.7636 5.0000 0.8748 0.0286 
38.8886 16.5000 3373.5132 0.5016 0.2331 -0.6488 2.7805 5.0000 0.8722 0.0236 
38.6995 16.5000 3290.0462 0.5072 0.2422 -0.6539 2.7881 5.0000 0.8548 0.0269 
38.7675 16.5000 3353.4847 0.4970 0.2354 -0.6337 2.7694 5.0000 0.8598 0.0220 
38.7642 16.5000 3337.9790 0.4931 0.2329 -0.6451 2.7678 5.0000 0.8692 0.0220 
38.9475 16.5000 3405.0046 0.5044 0.2344 -0.6476 2.7663 5.0000 0.8559 0.0241 
38.8659 16.5000 3378.3506 0.4989 0.2292 -0.6488 2.7805 5.0000 0.8868 0.0232 
38.8676 16.5000 3348.2127 0.5068 0.2387 -0.6567 2.7862 5.0000 0.8741 0.0232 
38.9037 16.5000 3378.5280 0.5038 0.2360 -0.6496 2.7659 5.0000 0.8635 0.0260 
38.9449 16.5000 3388.8247 0.4948 0.2328 -0.6398 2.7660 5.0000 0.8660 0.0213 
38.7978 16.5000 3325.4981 0.4900 0.2308 -0.6487 2.7758 5.0000 0.8603 0.0213 
38.9752 16.5000 3428.8003 0.5090 0.2316 -0.6561 2.7611 5.0000 0.8561 0.0235 
39.0013 16.5000 3405.0912 0.4913 0.2306 -0.6404 2.7689 5.0000 0.8585 0.0227 
38.8920 16.5000 3379.4594 0.4893 0.2334 -0.6267 2.7728 5.0000 0.8582 0.0227 
38.9239 16.5000 3406.4666 0.4983 0.2265 -0.6451 2.7555 5.0000 0.8581 0.0237 
38.7970 16.5000 3354.0588 0.4972 0.2332 -0.6420 2.7625 5.0000 0.8620 0.0209 
38.8861 16.5000 3377.9681 0.4989 0.2321 -0.6446 2.7772 5.0000 0.8633 0.0209 
38.9912 16.5000 3396.6927 0.4917 0.2267 -0.6428 2.7579 5.0000 0.8640 0.0189 
38.8743 16.5000 3377.3106 0.4931 0.2295 -0.6378 2.7683 5.0000 0.8558 0.0279 
39.0677 16.5000 3434.3052 0.5053 0.2321 -0.6548 2.7790 5.0000 0.8648 0.0279 
38.7255 16.5000 3296.8415 0.4961 0.2293 -0.6456 2.7733 5.0000 0.8576 0.0228 
38.6759 16.5000 3309.7427 0.4948 0.2343 -0.6433 2.7886 5.0000 0.8666 0.0256 
38.9189 16.5000 3385.2947 0.4970 0.2298 -0.6402 2.7612 5.0000 0.8686 0.0256 
38.8129 16.5000 3362.8314 0.4952 0.2352 -0.6409 2.7594 5.0000 0.8663 0.0230 
38.9374 16.5000 3416.1059 0.4956 0.2308 -0.6379 2.7714 5.0000 0.8543 0.0200 
38.9096 16.5000 3399.9042 0.5005 0.2347 -0.6303 2.7706 5.0000 0.8601 0.0200 
39.0248 16.5000 3432.4103 0.4962 0.2251 -0.6393 2.7456 5.0000 0.8568 0.0197 
39.0256 16.5000 3415.1106 0.4913 0.2286 -0.6379 2.7625 5.0000 0.8565 0.0224 
39.0383 16.5000 3436.6356 0.4959 0.2280 -0.6353 2.7599 5.0000 0.8579 0.0224 
38.9332 16.5000 3393.1156 0.4977 0.2317 -0.6326 2.7738 5.0000 0.8601 0.0236 
38.9323 16.5000 3388.8651 0.4921 0.2275 -0.6396 2.7585 5.0000 0.8492 0.0204 
38.8894 16.5000 3380.6070 0.5077 0.2358 -0.6591 2.7761 5.0000 0.8540 0.0221 
39.0105 16.5000 3440.3918 0.4975 0.2319 -0.6294 2.7726 5.0000 0.8589 0.0223 
38.9458 16.5000 3383.2585 0.4989 0.2323 -0.6496 2.7731 5.0000 0.8562 0.0228 
38.9382 16.5000 3403.0727 0.4959 0.2303 -0.6453 2.7650 5.0000 0.8614 0.0278 
38.9197 16.5000 3408.9853 0.5031 0.2387 -0.6338 2.7903 5.0000 0.8592 0.0192 
38.7280 16.5000 3298.5666 0.4881 0.2287 -0.6455 2.7666 5.0000 0.8568 0.0264 
39.0542 16.5000 3441.9554 0.5046 0.2310 -0.6516 2.7690 5.0000 0.8612 0.0215 
38.7827 16.5000 3337.3628 0.4935 0.2301 -0.6461 2.7809 5.0000 0.8571 0.0228 
38.9668 16.5000 3392.4506 0.4899 0.2333 -0.6233 2.7626 5.0000 0.8595 0.0266 
38.9189 16.5000 3406.1791 0.5014 0.2334 -0.6429 2.7761 5.0000 0.8571 0.0204 
38.7726 16.5000 3317.1106 0.4936 0.2269 -0.6546 2.7738 5.0000 0.8587 0.0220 
39.0105 16.5000 3447.4451 0.4872 0.2223 -0.6318 2.7642 5.0000 0.8592 0.0231 
38.9475 16.5000 3425.8966 0.4998 0.2333 -0.6373 2.7668 5.0000 0.8520 0.0232 
38.9079 16.5000 3398.7179 0.5043 0.2315 -0.6510 2.7666 5.0000 0.8583 0.0207 
38.9046 16.5000 3431.7150 0.4948 0.2260 -0.6301 2.7577 5.0000 0.8561 0.0196 
38.9979 16.5000 3417.6915 0.4956 0.2263 -0.6443 2.7602 5.0000 0.8608 0.0217 
39.0408 16.5000 3430.7196 0.5052 0.2349 -0.6484 2.7619 5.0000 0.8717 0.0217 
38.9609 16.5000 3424.9777 0.4920 0.2260 -0.6368 2.7647 5.0000 0.8667 0.0223 
38.9592 16.5000 3393.5158 0.5014 0.2388 -0.6385 2.7772 5.0000 0.8597 0.0164 
38.9365 16.5000 3392.9130 0.4979 0.2332 -0.6403 2.7790 5.0000 0.8605 0.0258 
39.1635 16.5000 3473.5881 0.5001 0.2304 -0.6308 2.7723 5.0000 0.8692 0.0280 
38.8037 16.5000 3364.7264 0.5000 0.2341 -0.6423 2.7698 5.0000 0.8574 0.0280 
38.7230 16.5000 3307.8092 0.4976 0.2366 -0.6396 2.7826 5.0000 0.8615 0.0228 
38.8541 16.5000 3392.4262 0.5016 0.2312 -0.6504 2.7612 5.0000 0.8615 0.0237 
38.9189 16.5000 3381.3426 0.4932 0.2259 -0.6405 2.7656 5.0000 0.8578 0.0237 
38.8852 16.5000 3356.3901 0.4934 0.2369 -0.6360 2.7798 5.0000 0.8544 0.0239 
38.7398 16.5000 3331.7335 0.4975 0.2306 -0.6514 2.7641 5.0000 0.8609 0.0241 
38.8760 16.5000 3353.9647 0.4936 0.2336 -0.6445 2.7650 5.0000 0.8582 0.0241 
38.8684 16.5000 3357.3527 0.4990 0.2367 -0.6500 2.7763 5.0000 0.8597 0.0215 
38.8272 16.5000 3361.2467 0.4971 0.2329 -0.6489 2.7762 5.0000 0.8632 0.0269 
38.9685 16.5000 3394.2715 0.4963 0.2331 -0.6427 2.7737 5.0000 0.8676 0.0269 
38.7642 16.5000 3337.9571 0.4942 0.2300 -0.6438 2.7692 5.0000 0.8520 0.0264 
38.8247 16.5000 3345.0727 0.4908 0.2288 -0.6454 2.7683 5.0000 0.8592 0.0278 
38.7802 16.5000 3333.6570 0.4918 0.2329 -0.6395 2.7700 5.0000 0.8604 0.0278 
38.7280 16.5000 3306.4195 0.4936 0.2351 -0.6402 2.7777 5.0000 0.8515 0.0265 
38.6835 16.5000 3294.0269 0.5064 0.2402 -0.6510 2.8011 5.0000 0.8633 0.0208 
38.7785 16.5000 3331.4628 0.4976 0.2312 -0.6512 2.7818 5.0000 0.8568 0.0208 
38.9937 16.5000 3418.5380 0.4986 0.2254 -0.6553 2.7714 5.0000 0.8593 0.0240 
38.8802 16.5000 3354.6616 0.4927 0.2339 -0.6479 2.7772 5.0000 0.8648 0.0240 
38.8735 16.5000 3387.5519 0.4865 0.2258 -0.6468 2.7572 5.0000 0.8611 0.0240 
38.8735 16.5000 3399.1803 0.5059 0.2316 -0.6515 2.7455 5.0000 0.8619 0.0260 
38.8289 16.5000 3353.9016 0.4925 0.2299 -0.6377 2.7731 5.0000 0.8727 0.0248 
38.7978 16.5000 3352.4935 0.4934 0.2312 -0.6369 2.7749 5.0000 0.8763 0.0248 
38.8432 16.5000 3358.5431 0.4936 0.2329 -0.6378 2.7747 5.0000 0.8528 0.0218 
39.0416 16.5000 3428.1665 0.4929 0.2287 -0.6342 2.7631 5.0000 0.8669 0.0220 
38.9584 16.5000 3393.0525 0.4934 0.2267 -0.6400 2.7833 5.0000 0.8699 0.0220 
38.9491 16.5000 3410.7575 0.4882 0.2269 -0.6336 2.7583 5.0000 0.8542 0.0235 
39.0374 16.5000 3422.5675 0.4898 0.2265 -0.6369 2.7606 5.0000 0.8635 0.0214 
38.8911 16.5000 3383.4460 0.4999 0.2344 -0.6541 2.7713 5.0000 0.8657 0.0214 
38.9727 16.5000 3392.7583 0.4983 0.2341 -0.6364 2.7618 5.0000 0.8557 0.0226 
38.8794 16.5000 3384.5347 0.4920 0.2322 -0.6309 2.7748 5.0000 0.8641 0.0266 
38.9248 16.5000 3422.0177 0.4964 0.2271 -0.6336 2.7503 5.0000 0.8562 0.0266 
38.7726 16.5000 3316.3480 0.4922 0.2347 -0.6487 2.7829 5.0000 0.8554 0.0211 
38.9500 16.5000 3411.4821 0.5016 0.2286 -0.6412 2.7582 5.0000 0.8616 0.0223 
38.9819 16.5000 3387.5309 0.5010 0.2314 -0.6434 2.7647 5.0000 0.8646 0.0223 
38.9365 16.5000 3395.5477 0.4977 0.2239 -0.6378 2.7619 5.0000 0.8576 0.0262 
38.9971 16.5000 3448.1883 0.4965 0.2309 -0.6307 2.7529 5.0000 0.8717 0.0208 
38.7911 16.5000 3312.4388 0.4907 0.2295 -0.6492 2.7681 5.0000 0.8680 0.0208 
38.9937 16.5000 3422.4405 0.4993 0.2303 -0.6423 2.7593 5.0000 0.8532 0.0215 
38.9575 16.5000 3408.2135 0.4882 0.2252 -0.6469 2.7578 5.0000 0.8637 0.0254 
38.9676 16.5000 3406.3934 0.4940 0.2223 -0.6564 2.7537 5.0000 0.8627 0.0254 
38.8188 16.5000 3324.1135 0.4920 0.2378 -0.6332 2.7703 5.0000 0.8524 0.0267 
38.8281 16.5000 3373.5906 0.4970 0.2308 -0.6465 2.7676 5.0000 0.8592 0.0263 
38.7709 16.5000 3343.0046 0.4866 0.2252 -0.6370 2.7476 5.0000 0.8625 0.0263 
38.7852 16.5000 3352.1740 0.4882 0.2309 -0.6327 2.7635 5.0000 0.8459 0.0263 
