39.6986 4.0000 3648.5122 0.1821 0.0562 -0.4145 2.9618 6.0000 14.3906 0.0027 
39.6936 4.0000 3643.2277 0.1819 0.0571 -0.4171 2.9598 5.0000 14.4591 0.0027 
39.6979 4.0000 3645.5770 0.1831 0.0568 -0.4168 2.9578 5.0000 13.9732 0.0030 
39.6860 4.0000 3641.4277 0.1834 0.0571 -0.4187 2.9573 6.0000 13.7672 0.0030 
39.7135 4.0000 3654.4487 0.1808 0.0568 -0.4161 2.9598 5.0000 14.1644 0.0022 
39.7170 4.0000 3655.1977 0.1807 0.0565 -0.4141 2.9570 5.0000 14.1773 0.0022 
39.7067 4.0000 3648.0552 0.1845 0.0571 -0.4192 2.9614 6.0000 14.4377 0.0023 
39.7137 4.0000 3654.5271 0.1821 0.0562 -0.4162 2.9583 5.0000 14.3379 0.0023 
39.6999 4.0000 3647.2537 0.1809 0.0567 -0.4144 2.9601 6.0000 14.6485 0.0020 
39.7248 4.0000 3658.1279 0.1804 0.0569 -0.4126 2.9567 5.0000 14.6038 0.0020 
39.7185 4.0000 3656.1919 0.1828 0.0565 -0.4154 2.9594 5.0000 14.7493 0.0021 
39.7208 4.0000 3655.3322 0.1849 0.0565 -0.4182 2.9598 5.0000 14.5410 0.0021 
39.7102 4.0000 3653.1874 0.1836 0.0570 -0.4177 2.9589 5.0000 14.5236 0.0023 
39.7137 4.0000 3654.7695 0.1833 0.0567 -0.4164 2.9589 6.0000 14.5758 0.0023 
39.7001 4.0000 3647.9596 0.1823 0.0570 -0.4150 2.9603 6.0000 14.5921 0.0018 
39.7342 4.0000 3661.4426 0.1836 0.0565 -0.4180 2.9564 5.0000 14.8237 0.0024 
39.7100 4.0000 3652.3450 0.1834 0.0570 -0.4177 2.9562 6.0000 15.1557 0.0024 
39.7120 4.0000 3651.8419 0.1846 0.0566 -0.4192 2.9578 6.0000 15.2968 0.0023 
39.7137 4.0000 3654.0668 0.1824 0.0563 -0.4167 2.9558 5.0000 14.4150 0.0022 
39.7188 4.0000 3657.2994 0.1827 0.0558 -0.4166 2.9577 6.0000 14.4218 0.0029 
39.6900 4.0000 3641.5566 0.1812 0.0562 -0.4166 2.9591 6.0000 14.4937 0.0027 
39.7004 4.0000 3646.3369 0.1840 0.0564 -0.4199 2.9580 5.0000 14.6993 0.0023 
39.7158 4.0000 3655.7672 0.1817 0.0564 -0.4133 2.9595 5.0000 14.6244 0.0025 
39.7072 4.0000 3650.7781 0.1826 0.0565 -0.4163 2.9593 5.0000 14.6491 0.0027 
39.6979 4.0000 3650.1130 0.1818 0.0567 -0.4117 2.9569 5.0000 14.6568 0.0022 
39.7183 4.0000 3656.0373 0.1823 0.0565 -0.4172 2.9582 5.0000 14.9637 0.0022 
39.7170 4.0000 3656.4726 0.1814 0.0566 -0.4143 2.9564 5.0000 14.6851 0.0025 
39.7062 4.0000 3652.8464 0.1823 0.0565 -0.4160 2.9582 6.0000 15.2314 0.0023 
39.7155 4.0000 3652.5246 0.1834 0.0572 -0.4185 2.9596 6.0000 14.9843 0.0019 
39.7296 4.0000 3660.1077 0.1814 0.0568 -0.4113 2.9581 6.0000 14.8575 0.0022 
39.7175 4.0000 3655.9985 0.1821 0.0567 -0.4165 2.9569 6.0000 15.0434 0.0022 
39.7185 4.0000 3656.9470 0.1833 0.0568 -0.4180 2.9635 6.0000 15.0248 0.0022 
39.7165 4.0000 3655.2845 0.1831 0.0567 -0.4183 2.9581 5.0000 15.0965 0.0029 
39.6893 4.0000 3640.4850 0.1833 0.0570 -0.4158 2.9601 5.0000 14.9941 0.0028 
39.6951 4.0000 3645.5657 0.1826 0.0571 -0.4169 2.9598 6.0000 14.7106 0.0025 
39.7062 4.0000 3650.5410 0.1841 0.0565 -0.4181 2.9593 5.0000 14.7043 0.0023 
39.7142 4.0000 3653.4668 0.1833 0.0566 -0.4159 2.9607 5.0000 15.1941 0.0026 
39.7042 4.0000 3650.9102 0.1832 0.0565 -0.4189 2.9550 6.0000 15.2619 0.0025 
39.7052 4.0000 3651.0777 0.1841 0.0563 -0.4186 2.9574 6.0000 15.2868 0.0024 
39.7102 4.0000 3653.5952 0.1831 0.0569 -0.4157 2.9582 6.0000 15.7478 0.0020 
39.7246 4.0000 3658.9412 0.1812 0.0564 -0.4108 2.9577 6.0000 15.1814 0.0028 
39.6961 4.0000 3643.8224 0.1841 0.0572 -0.4198 2.9580 5.0000 15.4283 0.0024 
39.7095 4.0000 3650.8651 0.1833 0.0571 -0.4187 2.9619 5.0000 15.2518 0.0025 
39.7079 4.0000 3652.0885 0.1834 0.0570 -0.4166 2.9571 6.0000 15.1997 0.0024 
39.7095 4.0000 3647.2880 0.1812 0.0569 -0.4150 2.9583 6.0000 15.2565 0.0024 
39.7100 4.0000 3650.4497 0.1840 0.0564 -0.4188 2.9597 6.0000 14.7332 0.0028 
39.6956 4.0000 3647.8933 0.1832 0.0571 -0.4165 2.9592 5.0000 14.9612 0.0023 
39.7140 4.0000 3652.4358 0.1820 0.0569 -0.4186 2.9583 5.0000 14.8026 0.0025 
39.7074 4.0000 3652.5359 0.1812 0.0565 -0.4148 2.9588 6.0000 15.3460 0.0023 
39.7155 4.0000 3654.7730 0.1830 0.0569 -0.4161 2.9601 6.0000 15.1037 0.0019 
39.7304 4.0000 3660.0598 0.1825 0.0568 -0.4172 2.9592 5.0000 15.4085 0.0026 
39.7011 4.0000 3650.6013 0.1808 0.0569 -0.4129 2.9588 6.0000 15.3079 0.0025 
39.7062 4.0000 3649.4151 0.1827 0.0567 -0.4183 2.9589 6.0000 15.4739 0.0026 
39.7026 4.0000 3648.5786 0.1817 0.0565 -0.4164 2.9606 6.0000 15.2726 0.0022 
39.7175 4.0000 3655.6873 0.1822 0.0563 -0.4156 2.9579 5.0000 14.8505 0.0024 
39.7097 4.0000 3653.3208 0.1823 0.0554 -0.4182 2.9604 6.0000 14.7354 0.0024 
39.7107 4.0000 3652.1266 0.1812 0.0564 -0.4173 2.9568 6.0000 14.9596 0.0030 
39.6865 4.0000 3639.9947 0.1819 0.0563 -0.4172 2.9588 6.0000 15.0700 0.0023 
39.7163 4.0000 3656.4837 0.1825 0.0566 -0.4156 2.9602 6.0000 14.5924 0.0024 
39.7100 4.0000 3653.3329 0.1851 0.0572 -0.4185 2.9578 5.0000 14.6588 0.0025 
39.7079 4.0000 3652.8035 0.1832 0.0567 -0.4157 2.9600 6.0000 14.9144 0.0029 
39.6890 4.0000 3644.7690 0.1828 0.0570 -0.4167 2.9586 6.0000 14.7650 0.0026 
39.7021 4.0000 3648.5352 0.1840 0.0567 -0.4205 2.9596 6.0000 14.3939 0.0026 
39.7019 4.0000 3651.1488 0.1837 0.0567 -0.4154 2.9586 6.0000 14.4279 0.0025 
39.7074 4.0000 3648.4646 0.1837 0.0567 -0.4203 2.9577 6.0000 14.8342 0.0026 
39.7019 4.0000 3650.6139 0.1841 0.0570 -0.4171 2.9590 5.0000 14.7766 0.0026 
39.7039 4.0000 3650.9750 0.1815 0.0559 -0.4157 2.9593 5.0000 14.6737 0.0021 
39.7243 4.0000 3659.2512 0.1830 0.0569 -0.4163 2.9585 5.0000 14.5488 0.0025 
39.7057 4.0000 3651.6736 0.1812 0.0565 -0.4134 2.9592 5.0000 14.9165 0.0023 
39.7148 4.0000 3653.7783 0.1817 0.0566 -0.4165 2.9605 6.0000 14.8988 0.0030 
39.6878 4.0000 3640.8156 0.1817 0.0573 -0.4158 2.9599 6.0000 14.8543 0.0024 
39.7122 4.0000 3654.7904 0.1817 0.0565 -0.4144 2.9588 6.0000 14.6919 0.0022 
39.7173 4.0000 3654.0144 0.1833 0.0563 -0.4194 2.9605 6.0000 15.0114 0.0022 
39.7198 4.0000 3657.4421 0.1827 0.0569 -0.4157 2.9571 6.0000 15.2279 0.0025 
39.7067 4.0000 3650.7957 0.1836 0.0566 -0.4173 2.9593 6.0000 14.9541 0.0026 
39.7037 4.0000 3651.3438 0.1832 0.0570 -0.4185 2.9577 5.0000 15.0782 0.0025 
39.7062 4.0000 3651.3811 0.1819 0.0569 -0.4150 2.9590 6.0000 14.9429 0.0024 
39.7097 4.0000 3653.6615 0.1841 0.0572 -0.4165 2.9605 5.0000 14.5518 0.0018 
39.7339 4.0000 3661.4106 0.1824 0.0561 -0.4160 2.9548 6.0000 15.0144 0.0025 
39.7054 4.0000 3651.7170 0.1842 0.0567 -0.4169 2.9616 6.0000 15.0590 0.0025 
39.7059 4.0000 3649.9183 0.1840 0.0569 -0.4188 2.9585 5.0000 15.0926 0.0023 
39.7125 4.0000 3650.6550 0.1854 0.0565 -0.4206 2.9582 5.0000 14.9412 0.0026 
39.7026 4.0000 3650.0797 0.1825 0.0569 -0.4158 2.9591 6.0000 14.8021 0.0025 
39.7074 4.0000 3650.4984 0.1836 0.0567 -0.4185 2.9587 6.0000 14.7569 0.0027 
39.6994 4.0000 3649.2923 0.1814 0.0561 -0.4137 2.9586 6.0000 14.9971 0.0024 
39.7117 4.0000 3653.4953 0.1839 0.0569 -0.4167 2.9606 6.0000 15.1318 0.0027 
39.6976 4.0000 3649.0840 0.1838 0.0572 -0.4156 2.9544 5.0000 14.6545 0.0021 
39.7233 4.0000 3658.3617 0.1849 0.0564 -0.4193 2.9555 6.0000 14.9308 0.0019 
39.7309 4.0000 3661.7352 0.1806 0.0566 -0.4134 2.9588 6.0000 14.4874 0.0023 
39.7158 4.0000 3656.2870 0.1837 0.0568 -0.4165 2.9591 5.0000 14.6210 0.0026 
39.7042 4.0000 3651.2245 0.1823 0.0567 -0.4135 2.9583 6.0000 14.7943 0.0025 
39.7057 4.0000 3652.0091 0.1816 0.0570 -0.4155 2.9587 6.0000 14.8875 0.0024 
39.7102 4.0000 3649.3364 0.1828 0.0570 -0.4159 2.9588 6.0000 14.4333 0.0024 
39.7117 4.0000 3650.5990 0.1829 0.0565 -0.4169 2.9607 5.0000 14.6905 0.0025 
39.7057 4.0000 3652.1317 0.1828 0.0572 -0.4161 2.9600 6.0000 14.9519 0.0024 
39.7110 4.0000 3651.1296 0.1824 0.0568 -0.4178 2.9604 5.0000 15.2827 0.0023 
39.7125 4.0000 3654.1380 0.1818 0.0568 -0.4129 2.9586 6.0000 14.8269 0.0026 
39.7026 4.0000 3647.8910 0.1846 0.0569 -0.4188 2.9632 5.0000 14.6351 0.0020 
39.7253 4.0000 3659.1856 0.1816 0.0566 -0.4147 2.9585 6.0000 15.0101 0.0026 
39.7019 4.0000 3649.0716 0.1818 0.0568 -0.4157 2.9604 6.0000 14.8178 0.0026 
