39.5242 4.0000 3589.5431 0.3086 0.1093 -0.5567 2.8764 5.0000 4.1362 0.0071 
39.4847 4.0000 3574.4687 0.3095 0.1091 -0.5601 2.8776 5.0000 4.2241 0.0071 
39.4325 4.0000 3550.6864 0.3080 0.1084 -0.5588 2.8799 5.0000 4.1455 0.0071 
39.4430 4.0000 3556.9496 0.3081 0.1076 -0.5638 2.8819 5.0000 4.1641 0.0088 
39.5065 4.0000 3586.5485 0.3107 0.1101 -0.5593 2.8803 5.0000 4.0562 0.0082 
39.4813 4.0000 3575.2875 0.3092 0.1097 -0.5576 2.8823 5.0000 4.0748 0.0088 
39.4599 4.0000 3553.2148 0.3092 0.1108 -0.5593 2.8863 5.0000 3.9523 0.0077 
39.4645 4.0000 3569.6440 0.3088 0.1090 -0.5612 2.8863 5.0000 4.0045 0.0085 
39.5015 4.0000 3584.8146 0.3062 0.1066 -0.5595 2.8798 5.0000 3.9654 0.0085 
39.4691 4.0000 3572.8453 0.3079 0.1082 -0.5595 2.8836 5.0000 3.9931 0.0081 
39.4624 4.0000 3564.6305 0.3097 0.1092 -0.5620 2.8845 5.0000 4.0809 0.0083 
39.4851 4.0000 3576.8087 0.3098 0.1080 -0.5611 2.8775 5.0000 4.0537 0.0083 
39.4796 4.0000 3560.6255 0.3093 0.1082 -0.5617 2.8798 5.0000 4.1644 0.0076 
39.4384 4.0000 3560.8810 0.3086 0.1084 -0.5602 2.8773 5.0000 4.2234 0.0089 
39.5065 4.0000 3586.4859 0.3106 0.1098 -0.5569 2.8834 5.0000 4.1801 0.0089 
39.4544 4.0000 3553.5973 0.3065 0.1086 -0.5551 2.8864 5.0000 4.0598 0.0079 
39.4977 4.0000 3584.6414 0.3105 0.1096 -0.5593 2.8815 5.0000 4.0976 0.0080 
39.4952 4.0000 3576.7974 0.3061 0.1067 -0.5591 2.8765 5.0000 4.1572 0.0071 
39.4905 4.0000 3580.0441 0.3086 0.1083 -0.5576 2.8849 5.0000 3.9111 0.0079 
39.5263 4.0000 3591.0887 0.3078 0.1091 -0.5563 2.8818 5.0000 4.1583 0.0070 
39.4947 4.0000 3576.5649 0.3071 0.1081 -0.5583 2.8807 5.0000 4.2049 0.0076 
39.5275 4.0000 3586.1358 0.3068 0.1072 -0.5573 2.8793 5.0000 4.1552 0.0097 
39.5053 4.0000 3587.2921 0.3104 0.1099 -0.5606 2.8807 5.0000 4.1244 0.0081 
39.4245 4.0000 3548.3270 0.3084 0.1076 -0.5595 2.8843 5.0000 4.0828 0.0078 
39.4847 4.0000 3578.8474 0.3099 0.1089 -0.5632 2.8847 5.0000 3.9602 0.0090 
39.4981 4.0000 3576.8878 0.3087 0.1076 -0.5643 2.8783 5.0000 4.0742 0.0079 
39.4502 4.0000 3568.9357 0.3112 0.1120 -0.5593 2.8875 5.0000 4.0254 0.0079 
39.4952 4.0000 3577.9096 0.3090 0.1099 -0.5565 2.8835 5.0000 4.3715 0.0090 
39.5078 4.0000 3577.6881 0.3099 0.1095 -0.5617 2.8860 5.0000 4.4846 0.0075 
39.4506 4.0000 3562.5317 0.3088 0.1098 -0.5554 2.8801 5.0000 4.4942 0.0075 
39.5082 4.0000 3587.4926 0.3049 0.1084 -0.5528 2.8825 5.0000 4.2496 0.0082 
39.4750 4.0000 3564.0891 0.3071 0.1089 -0.5613 2.8851 5.0000 4.3042 0.0068 
39.4813 4.0000 3573.3531 0.3061 0.1082 -0.5618 2.8809 5.0000 4.2924 0.0068 
39.5385 4.0000 3593.6507 0.3065 0.1085 -0.5578 2.8825 5.0000 3.9453 0.0067 
39.4557 4.0000 3548.2472 0.3061 0.1093 -0.5581 2.8852 5.0000 4.2698 0.0075 
39.5401 4.0000 3599.4561 0.3094 0.1086 -0.5551 2.8771 5.0000 4.2305 0.0075 
39.5082 4.0000 3584.3829 0.3080 0.1087 -0.5626 2.8822 5.0000 4.2516 0.0086 
39.4758 4.0000 3567.4279 0.3095 0.1106 -0.5635 2.8835 5.0000 4.2719 0.0065 
39.4649 4.0000 3556.1244 0.3099 0.1093 -0.5639 2.8815 5.0000 4.1983 0.0065 
39.5494 4.0000 3596.1744 0.3112 0.1096 -0.5631 2.8821 5.0000 4.1159 0.0094 
39.4569 4.0000 3552.5137 0.3064 0.1092 -0.5594 2.8867 5.0000 4.0758 0.0090 
39.4359 4.0000 3550.2299 0.3085 0.1097 -0.5595 2.8853 5.0000 4.1567 0.0094 
39.4523 4.0000 3566.9210 0.3118 0.1096 -0.5592 2.8778 5.0000 4.3059 0.0087 
39.4351 4.0000 3551.3190 0.3084 0.1088 -0.5657 2.8797 5.0000 4.2666 0.0081 
39.4615 4.0000 3565.9197 0.3057 0.1079 -0.5556 2.8824 5.0000 4.2320 0.0084 
39.4872 4.0000 3577.7226 0.3106 0.1089 -0.5631 2.8807 5.0000 4.2041 0.0086 
39.4729 4.0000 3575.3632 0.3072 0.1067 -0.5561 2.8793 5.0000 4.1026 0.0080 
39.4683 4.0000 3571.8588 0.3092 0.1084 -0.5606 2.8821 5.0000 4.1825 0.0079 
39.4918 4.0000 3577.3981 0.3085 0.1100 -0.5597 2.8833 5.0000 3.9453 0.0086 
39.4931 4.0000 3574.3464 0.3092 0.1088 -0.5636 2.8850 5.0000 3.9613 0.0073 
39.4670 4.0000 3569.4809 0.3097 0.1085 -0.5602 2.8771 5.0000 4.2298 0.0087 
39.5183 4.0000 3588.7722 0.3099 0.1097 -0.5592 2.8822 5.0000 4.1284 0.0083 
39.4611 4.0000 3571.1084 0.3071 0.1072 -0.5586 2.8817 5.0000 4.0758 0.0086 
39.4771 4.0000 3575.3262 0.3111 0.1084 -0.5642 2.8818 5.0000 4.0538 0.0077 
39.4683 4.0000 3568.5069 0.3072 0.1100 -0.5538 2.8853 5.0000 4.1900 0.0090 
39.5015 4.0000 3576.6444 0.3082 0.1078 -0.5592 2.8839 5.0000 4.1986 0.0079 
39.4493 4.0000 3559.0437 0.3095 0.1085 -0.5599 2.8811 5.0000 4.1963 0.0067 
39.4947 4.0000 3572.2140 0.3090 0.1089 -0.5616 2.8819 5.0000 4.3785 0.0078 
39.5401 4.0000 3598.5889 0.3086 0.1075 -0.5616 2.8792 5.0000 4.2835 0.0094 
39.4968 4.0000 3588.6541 0.3093 0.1084 -0.5582 2.8767 5.0000 4.3779 0.0076 
39.4334 4.0000 3555.9050 0.3080 0.1079 -0.5608 2.8796 5.0000 4.1299 0.0095 
39.5048 4.0000 3586.8625 0.3101 0.1092 -0.5583 2.8805 5.0000 4.1812 0.0093 
39.4325 4.0000 3554.2858 0.3103 0.1106 -0.5634 2.8882 5.0000 4.1902 0.0098 
39.4405 4.0000 3561.9323 0.3076 0.1072 -0.5610 2.8819 5.0000 3.8484 0.0089 
39.4182 4.0000 3552.9147 0.3088 0.1102 -0.5595 2.8863 5.0000 3.9661 0.0074 
39.4527 4.0000 3558.9966 0.3076 0.1077 -0.5590 2.8772 5.0000 4.2711 0.0079 
39.5124 4.0000 3585.9176 0.3049 0.1076 -0.5550 2.8844 5.0000 4.1270 0.0082 
39.4926 4.0000 3570.5313 0.3065 0.1098 -0.5565 2.8830 5.0000 4.0937 0.0070 
39.4817 4.0000 3576.9836 0.3091 0.1103 -0.5564 2.8805 5.0000 3.9444 0.0072 
39.5301 4.0000 3599.2589 0.3068 0.1092 -0.5537 2.8804 5.0000 4.0243 0.0089 
39.5225 4.0000 3584.9399 0.3089 0.1084 -0.5601 2.8753 5.0000 4.0896 0.0087 
39.4557 4.0000 3553.7171 0.3073 0.1073 -0.5570 2.8784 5.0000 4.1202 0.0075 
39.4636 4.0000 3557.7377 0.3077 0.1098 -0.5627 2.8816 5.0000 4.2004 0.0086 
39.5103 4.0000 3581.6145 0.3107 0.1085 -0.5662 2.8784 5.0000 4.2082 0.0084 
39.4674 4.0000 3573.9454 0.3076 0.1079 -0.5584 2.8833 5.0000 4.2277 0.0085 
39.4741 4.0000 3567.8932 0.3075 0.1068 -0.5605 2.8796 5.0000 3.9856 0.0075 
39.4699 4.0000 3571.7890 0.3065 0.1083 -0.5545 2.8829 5.0000 4.1761 0.0076 
39.5082 4.0000 3589.0290 0.3069 0.1073 -0.5598 2.8790 5.0000 4.1914 0.0065 
39.5074 4.0000 3582.2623 0.3089 0.1090 -0.5601 2.8843 5.0000 3.9944 0.0083 
39.5469 4.0000 3593.8701 0.3079 0.1087 -0.5593 2.8819 5.0000 3.9789 0.0065 
39.4771 4.0000 3566.1555 0.3116 0.1093 -0.5586 2.8833 5.0000 4.0900 0.0074 
39.5469 4.0000 3598.7516 0.3080 0.1077 -0.5587 2.8741 5.0000 4.2672 0.0071 
39.5141 4.0000 3587.3607 0.3081 0.1080 -0.5624 2.8831 5.0000 4.2485 0.0091 
39.5233 4.0000 3592.2346 0.3073 0.1080 -0.5581 2.8813 5.0000 4.2054 0.0076 
39.4481 4.0000 3560.2665 0.3077 0.1107 -0.5587 2.8869 5.0000 4.0899 0.0063 
39.5053 4.0000 3581.8045 0.3065 0.1076 -0.5543 2.8822 5.0000 4.3078 0.0089 
39.5557 4.0000 3602.9306 0.3105 0.1088 -0.5590 2.8763 5.0000 4.2085 0.0074 
39.4527 4.0000 3561.3552 0.3111 0.1085 -0.5621 2.8846 5.0000 4.0737 0.0073 
39.5120 4.0000 3582.8251 0.3135 0.1078 -0.5646 2.8760 5.0000 4.2691 0.0082 
39.5166 4.0000 3582.9176 0.3089 0.1089 -0.5579 2.8799 5.0000 4.2510 0.0087 
39.4813 4.0000 3574.3964 0.3074 0.1106 -0.5559 2.8860 5.0000 4.1687 0.0079 
39.4632 4.0000 3558.0946 0.3090 0.1094 -0.5619 2.8870 5.0000 4.1656 0.0087 
39.4931 4.0000 3581.6225 0.3092 0.1094 -0.5575 2.8845 5.0000 4.2010 0.0092 
39.4624 4.0000 3561.5431 0.3099 0.1108 -0.5628 2.8827 5.0000 3.9536 0.0060 
39.4447 4.0000 3553.8083 0.3095 0.1078 -0.5653 2.8789 5.0000 3.8623 0.0074 
39.5666 4.0000 3607.0063 0.3075 0.1098 -0.5560 2.8776 5.0000 3.9685 0.0087 
39.5145 4.0000 3584.6015 0.3106 0.1073 -0.5612 2.8793 5.0000 4.1239 0.0073 
39.4636 4.0000 3556.8180 0.3097 0.1099 -0.5599 2.8824 5.0000 4.0865 0.0089 
39.5158 4.0000 3583.4241 0.3085 0.1099 -0.5609 2.8845 5.0000 4.0199 0.0089 
39.4536 4.0000 3558.5343 0.3108 0.1107 -0.5626 2.8870 5.0000 3.7602 0.0089 
