39.2175 4.0000 3469.2226 0.3130 0.1275 -0.5509 2.7713 5.0000 1.6979 0.0151 
39.2333 4.0000 3466.0858 0.3182 0.1275 -0.5605 2.7727 5.0000 1.6366 0.0146 
39.2207 4.0000 3474.0189 0.3136 0.1255 -0.5527 2.7727 5.0000 1.6568 0.0146 
39.2150 4.0000 3484.9023 0.3170 0.1261 -0.5629 2.7705 5.0000 1.6132 0.0165 
39.1841 4.0000 3457.9174 0.3164 0.1291 -0.5575 2.7762 5.0000 1.6476 0.0158 
39.1608 4.0000 3446.4584 0.3163 0.1280 -0.5615 2.7778 5.0000 1.6511 0.0158 
39.1866 4.0000 3464.2390 0.3147 0.1272 -0.5579 2.7734 5.0000 1.5147 0.0144 
39.2484 4.0000 3489.1248 0.3158 0.1254 -0.5590 2.7750 5.0000 1.5057 0.0146 
39.2402 4.0000 3488.9552 0.3141 0.1249 -0.5547 2.7742 5.0000 1.5174 0.0143 
39.2327 4.0000 3488.1828 0.3145 0.1263 -0.5532 2.7695 5.0000 1.5058 0.0141 
39.2427 4.0000 3476.8947 0.3171 0.1278 -0.5604 2.7742 5.0000 1.5056 0.0141 
39.2509 4.0000 3477.9458 0.3153 0.1271 -0.5554 2.7745 5.0000 1.5268 0.0123 
39.2522 4.0000 3481.6122 0.3153 0.1260 -0.5595 2.7703 5.0000 1.5517 0.0162 
39.3235 4.0000 3509.4786 0.3151 0.1287 -0.5523 2.7754 5.0000 1.5698 0.0151 
39.1715 4.0000 3448.3897 0.3133 0.1295 -0.5492 2.7794 5.0000 1.5976 0.0143 
39.2131 4.0000 3471.8644 0.3155 0.1279 -0.5616 2.7719 5.0000 1.6711 0.0155 
39.2453 4.0000 3495.3619 0.3131 0.1249 -0.5577 2.7743 5.0000 1.6920 0.0152 
39.1974 4.0000 3462.6475 0.3144 0.1271 -0.5577 2.7769 5.0000 1.6948 0.0131 
39.2081 4.0000 3467.7119 0.3132 0.1266 -0.5586 2.7751 5.0000 1.5147 0.0154 
39.2919 4.0000 3495.5763 0.3134 0.1267 -0.5542 2.7743 5.0000 1.5113 0.0163 
39.2030 4.0000 3469.1236 0.3131 0.1258 -0.5595 2.7729 5.0000 1.5276 0.0148 
39.1683 4.0000 3464.3020 0.3136 0.1261 -0.5579 2.7775 5.0000 1.5555 0.0142 
39.2270 4.0000 3470.9369 0.3151 0.1272 -0.5589 2.7744 5.0000 1.5663 0.0141 
39.2472 4.0000 3482.9496 0.3150 0.1240 -0.5587 2.7695 5.0000 1.6054 0.0143 
39.2541 4.0000 3507.1847 0.3153 0.1272 -0.5474 2.7719 5.0000 1.6294 0.0137 
39.2446 4.0000 3472.8052 0.3146 0.1272 -0.5566 2.7743 5.0000 1.6359 0.0134 
39.2692 4.0000 3485.7320 0.3168 0.1283 -0.5570 2.7817 5.0000 1.6287 0.0126 
39.2781 4.0000 3498.8607 0.3155 0.1280 -0.5564 2.7778 5.0000 1.5448 0.0150 
39.3096 4.0000 3497.5706 0.3143 0.1261 -0.5547 2.7709 5.0000 1.5403 0.0145 
39.2156 4.0000 3473.7219 0.3152 0.1273 -0.5571 2.7682 5.0000 1.5403 0.0131 
39.2377 4.0000 3483.9653 0.3141 0.1270 -0.5496 2.7778 5.0000 1.5385 0.0114 
39.2907 4.0000 3494.7339 0.3154 0.1269 -0.5555 2.7755 5.0000 1.5460 0.0136 
39.3575 4.0000 3534.6400 0.3147 0.1262 -0.5557 2.7700 5.0000 1.5506 0.0121 
39.2705 4.0000 3486.0221 0.3167 0.1283 -0.5567 2.7806 5.0000 1.7277 0.0155 
39.3304 4.0000 3515.4048 0.3148 0.1255 -0.5590 2.7702 5.0000 1.7704 0.0151 
39.1980 4.0000 3464.1627 0.3156 0.1283 -0.5600 2.7764 5.0000 1.7579 0.0155 
39.2119 4.0000 3464.4344 0.3134 0.1257 -0.5554 2.7697 5.0000 1.5834 0.0122 
39.1999 4.0000 3470.3291 0.3143 0.1262 -0.5553 2.7719 5.0000 1.5505 0.0153 
39.3253 4.0000 3504.0410 0.3198 0.1274 -0.5620 2.7746 5.0000 1.5517 0.0107 
39.2068 4.0000 3476.4729 0.3153 0.1268 -0.5563 2.7772 5.0000 1.5407 0.0160 
39.3834 4.0000 3537.7074 0.3148 0.1276 -0.5525 2.7755 5.0000 1.5461 0.0156 
39.1791 4.0000 3446.5895 0.3125 0.1259 -0.5580 2.7744 5.0000 1.5449 0.0171 
39.1948 4.0000 3467.9584 0.3159 0.1275 -0.5618 2.7825 5.0000 1.6123 0.0125 
39.1356 4.0000 3440.8890 0.3131 0.1278 -0.5540 2.7843 5.0000 1.6082 0.0154 
39.3159 4.0000 3503.0788 0.3139 0.1276 -0.5537 2.7701 5.0000 1.6111 0.0152 
39.2024 4.0000 3471.5794 0.3126 0.1257 -0.5564 2.7707 5.0000 1.6529 0.0160 
39.2087 4.0000 3472.0731 0.3162 0.1252 -0.5636 2.7723 5.0000 1.6257 0.0169 
39.1791 4.0000 3450.5542 0.3139 0.1257 -0.5592 2.7775 5.0000 1.6523 0.0163 
39.1450 4.0000 3438.7743 0.3129 0.1263 -0.5602 2.7773 5.0000 1.5566 0.0141 
39.1658 4.0000 3457.2396 0.3124 0.1277 -0.5574 2.7782 5.0000 1.5463 0.0150 
39.2541 4.0000 3486.5485 0.3148 0.1298 -0.5522 2.7696 5.0000 1.5625 0.0154 
39.2169 4.0000 3480.4426 0.3166 0.1283 -0.5585 2.7744 5.0000 1.6038 0.0142 
39.2018 4.0000 3461.5776 0.3153 0.1276 -0.5588 2.7795 5.0000 1.6404 0.0152 
39.2491 4.0000 3495.9451 0.3123 0.1253 -0.5481 2.7779 5.0000 1.6031 0.0151 
39.2112 4.0000 3458.1028 0.3172 0.1273 -0.5590 2.7734 5.0000 1.7238 0.0119 
39.2144 4.0000 3466.9931 0.3104 0.1248 -0.5540 2.7763 5.0000 1.7181 0.0123 
39.3373 4.0000 3524.7831 0.3148 0.1251 -0.5557 2.7683 5.0000 1.7304 0.0164 
39.3209 4.0000 3515.0069 0.3155 0.1278 -0.5501 2.7740 5.0000 1.5678 0.0154 
39.1652 4.0000 3463.7535 0.3150 0.1252 -0.5596 2.7714 5.0000 1.5373 0.0119 
39.2018 4.0000 3472.1507 0.3140 0.1253 -0.5613 2.7712 5.0000 1.5478 0.0142 
39.3367 4.0000 3509.7604 0.3156 0.1260 -0.5598 2.7676 5.0000 1.5751 0.0143 
39.2484 4.0000 3510.7667 0.3171 0.1288 -0.5518 2.7758 5.0000 1.5786 0.0119 
39.2459 4.0000 3490.4861 0.3143 0.1243 -0.5548 2.7703 5.0000 1.5805 0.0165 
39.3392 4.0000 3513.6261 0.3178 0.1274 -0.5576 2.7688 5.0000 1.6815 0.0150 
39.1595 4.0000 3464.5246 0.3153 0.1288 -0.5558 2.7770 5.0000 1.6426 0.0150 
39.2194 4.0000 3476.3291 0.3153 0.1266 -0.5612 2.7711 5.0000 1.6347 0.0131 
39.2491 4.0000 3488.1608 0.3149 0.1273 -0.5580 2.7764 5.0000 1.5577 0.0138 
39.2894 4.0000 3494.5738 0.3146 0.1255 -0.5582 2.7725 5.0000 1.5507 0.0138 
39.2654 4.0000 3499.1053 0.3182 0.1282 -0.5575 2.7768 5.0000 1.5553 0.0149 
39.1702 4.0000 3451.7749 0.3171 0.1270 -0.5642 2.7801 5.0000 1.5645 0.0165 
39.2201 4.0000 3467.6261 0.3149 0.1266 -0.5590 2.7720 5.0000 1.5932 0.0141 
39.1583 4.0000 3445.1368 0.3154 0.1274 -0.5602 2.7777 5.0000 1.5633 0.0174 
39.2516 4.0000 3490.7188 0.3110 0.1256 -0.5550 2.7719 5.0000 1.7585 0.0148 
39.1248 4.0000 3434.4760 0.3155 0.1279 -0.5636 2.7811 5.0000 1.7453 0.0148 
39.2245 4.0000 3477.8424 0.3144 0.1263 -0.5575 2.7731 5.0000 1.8044 0.0162 
39.2377 4.0000 3483.0706 0.3193 0.1270 -0.5621 2.7698 5.0000 1.6473 0.0150 
39.1696 4.0000 3458.9748 0.3145 0.1252 -0.5621 2.7690 5.0000 1.6394 0.0150 
39.2163 4.0000 3469.4987 0.3123 0.1257 -0.5534 2.7743 5.0000 1.5878 0.0148 
39.2573 4.0000 3505.9458 0.3103 0.1250 -0.5492 2.7742 5.0000 1.5765 0.0138 
39.2238 4.0000 3470.7459 0.3163 0.1271 -0.5584 2.7747 5.0000 1.5787 0.0138 
39.2623 4.0000 3501.4325 0.3164 0.1265 -0.5510 2.7735 5.0000 1.5712 0.0143 
39.2497 4.0000 3471.8657 0.3171 0.1286 -0.5604 2.7800 5.0000 1.5906 0.0165 
39.2434 4.0000 3478.1696 0.3161 0.1288 -0.5613 2.7722 5.0000 1.6122 0.0163 
39.1602 4.0000 3437.1047 0.3136 0.1279 -0.5585 2.7813 5.0000 1.6184 0.0159 
39.1665 4.0000 3450.7547 0.3157 0.1265 -0.5592 2.7766 5.0000 1.6275 0.0131 
39.1835 4.0000 3451.3462 0.3129 0.1278 -0.5529 2.7876 5.0000 1.6446 0.0139 
39.2894 4.0000 3515.9420 0.3159 0.1237 -0.5591 2.7654 5.0000 1.6221 0.0157 
39.2591 4.0000 3492.4559 0.3131 0.1253 -0.5542 2.7704 5.0000 1.5537 0.0167 
39.1898 4.0000 3460.1280 0.3169 0.1261 -0.5620 2.7780 5.0000 1.5560 0.0151 
39.1507 4.0000 3443.0820 0.3137 0.1274 -0.5538 2.7838 5.0000 1.5745 0.0140 
39.2137 4.0000 3469.8417 0.3157 0.1267 -0.5569 2.7701 5.0000 1.5821 0.0148 
39.2579 4.0000 3491.1362 0.3151 0.1253 -0.5585 2.7783 5.0000 1.5900 0.0150 
39.2238 4.0000 3474.9262 0.3137 0.1274 -0.5566 2.7784 5.0000 1.5624 0.0130 
39.2188 4.0000 3463.7371 0.3152 0.1239 -0.5628 2.7740 5.0000 1.7263 0.0108 
39.2945 4.0000 3511.2699 0.3137 0.1241 -0.5511 2.7689 5.0000 1.7276 0.0179 
39.3821 4.0000 3536.9615 0.3152 0.1270 -0.5534 2.7681 5.0000 1.7206 0.0126 
39.1072 4.0000 3427.7257 0.3131 0.1261 -0.5582 2.7770 5.0000 1.5522 0.0145 
39.3096 4.0000 3508.8783 0.3161 0.1261 -0.5563 2.7700 5.0000 1.5707 0.0140 
39.2358 4.0000 3482.1639 0.3130 0.1266 -0.5532 2.7752 5.0000 1.5593 0.0140 
39.2554 4.0000 3488.0908 0.3166 0.1256 -0.5620 2.7733 5.0000 1.4941 0.0140 
