39.5009 4.0000 3591.9760 0.4932 0.1868 -0.6447 3.0382 6.0000 7.7116 0.0073 
39.4972 4.0000 3581.3389 0.4872 0.1857 -0.6364 3.0474 5.0000 7.8884 0.0084 
39.5180 4.0000 3590.1939 0.4939 0.1900 -0.6412 3.0553 6.0000 7.8838 0.0084 
39.4748 4.0000 3563.7166 0.4917 0.1880 -0.6505 3.0630 5.0000 7.8130 0.0078 
39.5126 4.0000 3594.3282 0.4924 0.1864 -0.6426 3.0523 6.0000 7.8850 0.0049 
39.4991 4.0000 3578.6747 0.4886 0.1849 -0.6431 3.0509 5.0000 7.7676 0.0062 
39.5618 4.0000 3609.5136 0.4965 0.1918 -0.6414 3.0519 6.0000 7.7620 0.0088 
39.6129 4.0000 3631.9218 0.4894 0.1833 -0.6326 3.0439 5.0000 7.9293 0.0069 
39.4568 4.0000 3564.3260 0.4910 0.1867 -0.6413 3.0564 5.0000 7.9464 0.0064 
39.5331 4.0000 3594.1390 0.4880 0.1872 -0.6367 3.0482 5.0000 7.9873 0.0066 
39.5508 4.0000 3606.9559 0.4913 0.1880 -0.6363 3.0567 6.0000 8.1001 0.0078 
39.5438 4.0000 3597.9953 0.4944 0.1859 -0.6477 3.0479 6.0000 8.0918 0.0081 
39.4994 4.0000 3571.8685 0.4883 0.1893 -0.6366 3.0472 5.0000 8.1498 0.0068 
39.4852 4.0000 3576.7951 0.4872 0.1862 -0.6385 3.0456 5.0000 8.0424 0.0078 
39.5363 4.0000 3598.4013 0.4939 0.1902 -0.6386 3.0627 5.0000 8.0900 0.0061 
39.4984 4.0000 3580.5467 0.4961 0.1903 -0.6423 3.0511 5.0000 8.0455 0.0070 
39.5656 4.0000 3609.4905 0.4942 0.1876 -0.6435 3.0488 5.0000 7.9618 0.0070 
39.5290 4.0000 3597.7169 0.4859 0.1850 -0.6394 3.0396 5.0000 8.2007 0.0084 
39.5281 4.0000 3598.5624 0.4881 0.1838 -0.6412 3.0491 6.0000 8.0477 0.0057 
39.4726 4.0000 3569.9010 0.4872 0.1869 -0.6447 3.0546 5.0000 8.0979 0.0068 
39.5804 4.0000 3619.4773 0.4899 0.1854 -0.6392 3.0453 6.0000 7.9422 0.0072 
39.5375 4.0000 3602.0189 0.4934 0.1886 -0.6452 3.0551 5.0000 8.4974 0.0057 
39.5224 4.0000 3590.6507 0.4856 0.1860 -0.6368 3.0604 5.0000 8.6092 0.0075 
39.5791 4.0000 3616.4745 0.4888 0.1889 -0.6363 3.0533 6.0000 8.8373 0.0070 
39.5076 4.0000 3587.7601 0.4907 0.1862 -0.6412 3.0580 6.0000 8.2810 0.0076 
39.5287 4.0000 3594.6069 0.4900 0.1849 -0.6376 3.0447 5.0000 8.3159 0.0062 
39.5050 4.0000 3583.3597 0.4930 0.1880 -0.6422 3.0544 6.0000 8.2265 0.0069 
39.5608 4.0000 3602.5482 0.4940 0.1901 -0.6427 3.0559 6.0000 8.3804 0.0077 
39.5340 4.0000 3595.3591 0.4913 0.1848 -0.6355 3.0477 5.0000 8.3290 0.0065 
39.5009 4.0000 3584.6926 0.4937 0.1875 -0.6432 3.0450 5.0000 8.2621 0.0067 
39.5504 4.0000 3598.7456 0.4858 0.1845 -0.6363 3.0507 6.0000 8.0850 0.0076 
39.5407 4.0000 3600.7399 0.4890 0.1880 -0.6374 3.0550 5.0000 8.1241 0.0061 
39.5038 4.0000 3585.8064 0.4851 0.1832 -0.6439 3.0483 5.0000 8.2419 0.0075 
39.5646 4.0000 3607.9020 0.4838 0.1847 -0.6363 3.0457 5.0000 8.2718 0.0069 
39.5104 4.0000 3591.2055 0.4927 0.1906 -0.6413 3.0512 6.0000 8.3372 0.0059 
39.5322 4.0000 3600.1759 0.4893 0.1848 -0.6421 3.0433 6.0000 8.2104 0.0085 
39.5712 4.0000 3609.6892 0.4965 0.1893 -0.6479 3.0562 6.0000 8.4457 0.0057 
39.4716 4.0000 3578.7535 0.4904 0.1870 -0.6391 3.0513 6.0000 8.4017 0.0061 
39.5817 4.0000 3616.2380 0.4879 0.1874 -0.6365 3.0477 5.0000 8.3074 0.0066 
39.5640 4.0000 3604.9152 0.4902 0.1835 -0.6456 3.0479 6.0000 8.6237 0.0087 
39.5429 4.0000 3598.9735 0.4948 0.1901 -0.6423 3.0551 5.0000 8.7983 0.0068 
39.4622 4.0000 3570.7888 0.4899 0.1882 -0.6484 3.0577 6.0000 8.8051 0.0065 
39.5350 4.0000 3592.9187 0.4871 0.1849 -0.6420 3.0438 6.0000 8.4970 0.0071 
39.5470 4.0000 3597.9726 0.4873 0.1858 -0.6407 3.0494 5.0000 8.5020 0.0067 
39.5252 4.0000 3596.0385 0.4844 0.1859 -0.6351 3.0540 5.0000 8.5966 0.0088 
39.5400 4.0000 3601.2973 0.4883 0.1843 -0.6390 3.0495 6.0000 8.1435 0.0067 
39.4596 4.0000 3562.0971 0.4868 0.1856 -0.6398 3.0518 5.0000 8.2648 0.0073 
39.5422 4.0000 3587.6507 0.4930 0.1862 -0.6496 3.0563 5.0000 8.2587 0.0075 
39.5173 4.0000 3587.9603 0.4915 0.1880 -0.6449 3.0567 6.0000 8.6818 0.0071 
39.5095 4.0000 3588.4644 0.4905 0.1887 -0.6343 3.0597 6.0000 8.6921 0.0073 
39.5268 4.0000 3593.9020 0.4896 0.1824 -0.6452 3.0434 5.0000 8.6831 0.0076 
39.5186 4.0000 3591.3389 0.4895 0.1870 -0.6417 3.0538 6.0000 8.2429 0.0074 
39.5044 4.0000 3593.5230 0.4893 0.1837 -0.6432 3.0428 6.0000 8.1582 0.0064 
39.5126 4.0000 3591.2323 0.4880 0.1858 -0.6342 3.0644 6.0000 8.1477 0.0075 
39.5526 4.0000 3604.4716 0.4937 0.1852 -0.6493 3.0451 6.0000 8.0793 0.0068 
39.5095 4.0000 3587.7197 0.4929 0.1858 -0.6507 3.0550 5.0000 8.3194 0.0075 
39.5359 4.0000 3594.7298 0.4922 0.1873 -0.6469 3.0535 5.0000 8.1941 0.0070 
39.5082 4.0000 3587.6277 0.4871 0.1862 -0.6398 3.0492 6.0000 8.5861 0.0082 
39.5299 4.0000 3592.6267 0.4974 0.1879 -0.6540 3.0524 6.0000 8.9091 0.0079 
39.4833 4.0000 3572.5177 0.4916 0.1863 -0.6520 3.0542 6.0000 8.8126 0.0079 
39.4956 4.0000 3578.5785 0.4893 0.1878 -0.6460 3.0552 5.0000 8.7894 0.0067 
39.5296 4.0000 3594.3588 0.4882 0.1853 -0.6381 3.0491 6.0000 8.8921 0.0070 
39.5407 4.0000 3599.4934 0.4886 0.1864 -0.6377 3.0527 6.0000 8.6802 0.0060 
39.5675 4.0000 3606.6343 0.4939 0.1901 -0.6393 3.0609 6.0000 8.8284 0.0082 
39.5296 4.0000 3599.0602 0.4955 0.1908 -0.6429 3.0512 6.0000 8.7299 0.0074 
39.4808 4.0000 3577.9581 0.4882 0.1854 -0.6380 3.0591 6.0000 8.7629 0.0066 
39.5136 4.0000 3593.1642 0.4894 0.1837 -0.6490 3.0464 5.0000 8.1243 0.0069 
39.5448 4.0000 3605.2232 0.4900 0.1840 -0.6436 3.0474 6.0000 8.1878 0.0069 
39.5334 4.0000 3600.1586 0.4874 0.1872 -0.6350 3.0474 6.0000 8.3673 0.0067 
39.5312 4.0000 3593.2913 0.4933 0.1864 -0.6428 3.0541 5.0000 8.6570 0.0076 
39.5394 4.0000 3597.5098 0.4892 0.1901 -0.6356 3.0496 6.0000 8.6670 0.0082 
39.5038 4.0000 3588.2550 0.4896 0.1877 -0.6413 3.0522 6.0000 8.6962 0.0070 
39.4801 4.0000 3578.2210 0.4912 0.1870 -0.6455 3.0549 6.0000 8.1615 0.0068 
39.5293 4.0000 3597.4697 0.4929 0.1908 -0.6413 3.0547 6.0000 8.1576 0.0066 
39.5353 4.0000 3591.8433 0.4928 0.1889 -0.6466 3.0541 6.0000 8.3565 0.0062 
39.5445 4.0000 3598.8219 0.4929 0.1890 -0.6471 3.0501 5.0000 8.2010 0.0078 
39.5586 4.0000 3604.6488 0.4928 0.1872 -0.6511 3.0449 5.0000 8.3228 0.0068 
39.4978 4.0000 3588.4092 0.4883 0.1822 -0.6333 3.0548 5.0000 8.1701 0.0071 
39.5378 4.0000 3596.2393 0.4856 0.1837 -0.6380 3.0490 5.0000 8.2913 0.0065 
39.5233 4.0000 3593.9474 0.4880 0.1845 -0.6434 3.0481 6.0000 8.3434 0.0074 
39.5473 4.0000 3601.0479 0.4899 0.1868 -0.6427 3.0489 6.0000 8.2501 0.0065 
39.5120 4.0000 3597.0785 0.4901 0.1839 -0.6399 3.0519 5.0000 8.3369 0.0071 
39.5495 4.0000 3604.7525 0.4859 0.1816 -0.6432 3.0438 5.0000 8.4283 0.0051 
39.5246 4.0000 3594.2103 0.4908 0.1864 -0.6494 3.0522 5.0000 8.3271 0.0063 
39.6050 4.0000 3625.8143 0.4934 0.1886 -0.6417 3.0415 5.0000 8.7486 0.0066 
39.5567 4.0000 3605.5870 0.4899 0.1846 -0.6388 3.0437 5.0000 8.8144 0.0070 
39.5432 4.0000 3604.1239 0.4941 0.1878 -0.6472 3.0547 6.0000 8.9146 0.0068 
39.5299 4.0000 3597.1220 0.4888 0.1888 -0.6314 3.0536 6.0000 8.8534 0.0067 
39.5353 4.0000 3600.4590 0.4913 0.1880 -0.6405 3.0488 5.0000 8.8308 0.0065 
39.5394 4.0000 3601.4767 0.4862 0.1847 -0.6342 3.0508 6.0000 8.8455 0.0071 
39.5482 4.0000 3604.2919 0.4937 0.1874 -0.6443 3.0477 6.0000 8.8218 0.0063 
39.5268 4.0000 3596.0388 0.4881 0.1861 -0.6396 3.0499 6.0000 8.9440 0.0065 
39.5571 4.0000 3602.7960 0.4892 0.1870 -0.6427 3.0520 6.0000 8.8310 0.0076 
39.5473 4.0000 3603.1740 0.4898 0.1872 -0.6398 3.0586 5.0000 8.3794 0.0073 
39.5069 4.0000 3588.2667 0.4918 0.1878 -0.6388 3.0598 6.0000 8.3231 0.0072 
39.5173 4.0000 3591.6781 0.4927 0.1885 -0.6432 3.0533 5.0000 8.2333 0.0075 
39.5208 4.0000 3596.9732 0.4925 0.1892 -0.6384 3.0449 5.0000 8.1685 0.0069 
39.5101 4.0000 3587.4183 0.4906 0.1856 -0.6354 3.0481 5.0000 8.3296 0.0056 
39.5325 4.0000 3587.5366 0.4891 0.1862 -0.6425 3.0422 6.0000 8.3503 0.0056 
39.5851 4.0000 3612.0013 0.4885 0.1843 -0.6366 3.0527 6.0000 6.7217 0.0056 
