39.4685 4.0000 3553.4823 0.2158 0.0941 -0.4147 2.7263 5.0000 1.7155 0.0085 
39.4773 4.0000 3553.2062 0.2138 0.0934 -0.4127 2.7258 5.0000 1.8218 0.0080 
39.4073 4.0000 3524.1772 0.2170 0.0939 -0.4180 2.7302 5.0000 1.7116 0.0085 
39.4124 4.0000 3534.6330 0.2183 0.0956 -0.4182 2.7326 5.0000 1.5823 0.0072 
39.4887 4.0000 3555.8033 0.2158 0.0963 -0.4094 2.7318 5.0000 1.5817 0.0072 
39.5214 4.0000 3577.1721 0.2161 0.0945 -0.4143 2.7265 5.0000 1.5517 0.0072 
39.4508 4.0000 3535.5076 0.2191 0.0946 -0.4208 2.7311 5.0000 1.6837 0.0094 
39.4836 4.0000 3559.2762 0.2177 0.0953 -0.4162 2.7290 5.0000 1.7030 0.0094 
39.4351 4.0000 3542.3405 0.2173 0.0956 -0.4165 2.7309 5.0000 1.6976 0.0082 
39.4830 4.0000 3557.7976 0.2165 0.0950 -0.4143 2.7248 5.0000 1.5676 0.0082 
39.4458 4.0000 3543.2478 0.2129 0.0934 -0.4159 2.7260 5.0000 1.5868 0.0082 
39.4811 4.0000 3559.2390 0.2174 0.0951 -0.4175 2.7335 5.0000 1.5541 0.0106 
39.3865 4.0000 3517.2888 0.2163 0.0960 -0.4162 2.7293 5.0000 1.5583 0.0086 
39.4319 4.0000 3541.3279 0.2177 0.0943 -0.4216 2.7306 5.0000 1.6031 0.0086 
39.4666 4.0000 3548.0151 0.2209 0.0955 -0.4232 2.7292 5.0000 1.5795 0.0086 
39.4672 4.0000 3552.2680 0.2190 0.0950 -0.4175 2.7306 5.0000 1.6125 0.0112 
39.5025 4.0000 3566.9805 0.2184 0.0952 -0.4216 2.7303 5.0000 1.6656 0.0093 
39.3651 4.0000 3511.6879 0.2170 0.0944 -0.4233 2.7309 5.0000 1.6687 0.0093 
39.4401 4.0000 3531.6759 0.2140 0.0943 -0.4133 2.7319 5.0000 1.7212 0.0089 
39.4666 4.0000 3546.0649 0.2166 0.0948 -0.4165 2.7296 5.0000 1.7388 0.0083 
39.4546 4.0000 3543.3020 0.2188 0.0953 -0.4179 2.7269 5.0000 1.7355 0.0083 
39.4779 4.0000 3557.8758 0.2188 0.0961 -0.4197 2.7294 5.0000 1.5586 0.0082 
39.4565 4.0000 3548.6999 0.2149 0.0954 -0.4124 2.7283 5.0000 1.5810 0.0086 
39.4823 4.0000 3559.1520 0.2187 0.0944 -0.4191 2.7282 5.0000 1.5744 0.0086 
39.4647 4.0000 3544.2074 0.2174 0.0941 -0.4189 2.7271 5.0000 1.5929 0.0088 
39.4250 4.0000 3539.5448 0.2186 0.0942 -0.4216 2.7264 5.0000 1.6641 0.0079 
39.4571 4.0000 3545.8878 0.2184 0.0944 -0.4212 2.7287 5.0000 1.6280 0.0079 
39.4950 4.0000 3555.7932 0.2147 0.0945 -0.4116 2.7304 5.0000 1.6565 0.0072 
39.4754 4.0000 3553.7087 0.2177 0.0958 -0.4184 2.7280 5.0000 1.6416 0.0078 
39.5202 4.0000 3569.4199 0.2155 0.0954 -0.4083 2.7280 5.0000 1.6438 0.0078 
39.4981 4.0000 3560.4142 0.2191 0.0963 -0.4181 2.7294 5.0000 1.5491 0.0095 
39.4994 4.0000 3560.7610 0.2202 0.0952 -0.4222 2.7268 5.0000 1.5754 0.0093 
39.4294 4.0000 3537.7856 0.2178 0.0952 -0.4126 2.7303 5.0000 1.5745 0.0093 
39.4407 4.0000 3539.5839 0.2133 0.0946 -0.4157 2.7284 5.0000 1.5979 0.0084 
39.4420 4.0000 3543.6898 0.2189 0.0955 -0.4171 2.7293 5.0000 1.6012 0.0085 
39.4729 4.0000 3555.1683 0.2186 0.0953 -0.4168 2.7295 5.0000 1.5995 0.0085 
39.4685 4.0000 3550.1999 0.2165 0.0942 -0.4189 2.7268 5.0000 1.7608 0.0087 
39.4332 4.0000 3544.1198 0.2155 0.0948 -0.4158 2.7259 5.0000 1.7763 0.0089 
39.4634 4.0000 3549.0277 0.2171 0.0955 -0.4152 2.7265 5.0000 1.7557 0.0089 
39.4552 4.0000 3544.2642 0.2188 0.0966 -0.4218 2.7315 5.0000 1.5685 0.0095 
39.4950 4.0000 3559.4023 0.2168 0.0940 -0.4186 2.7265 5.0000 1.6026 0.0090 
39.4313 4.0000 3534.5107 0.2144 0.0939 -0.4138 2.7306 5.0000 1.6018 0.0090 
39.4502 4.0000 3549.5668 0.2166 0.0938 -0.4146 2.7274 5.0000 1.5594 0.0093 
39.4376 4.0000 3540.3947 0.2165 0.0939 -0.4169 2.7261 5.0000 1.6036 0.0078 
39.4407 4.0000 3545.6564 0.2166 0.0950 -0.4120 2.7258 5.0000 1.6014 0.0078 
39.4962 4.0000 3558.9300 0.2162 0.0950 -0.4180 2.7286 5.0000 1.7177 0.0090 
39.4660 4.0000 3550.6671 0.2137 0.0948 -0.4139 2.7284 5.0000 1.7030 0.0098 
39.4515 4.0000 3538.9111 0.2149 0.0951 -0.4151 2.7309 5.0000 1.7161 0.0098 
39.4180 4.0000 3533.3764 0.2175 0.0955 -0.4183 2.7265 5.0000 1.5850 0.0084 
39.4546 4.0000 3550.8430 0.2157 0.0941 -0.4179 2.7295 5.0000 1.5907 0.0076 
39.4754 4.0000 3548.2339 0.2169 0.0955 -0.4201 2.7258 5.0000 1.5956 0.0076 
39.5050 4.0000 3563.3253 0.2190 0.0958 -0.4180 2.7295 5.0000 1.5830 0.0085 
39.4950 4.0000 3563.6280 0.2175 0.0967 -0.4152 2.7294 5.0000 1.6106 0.0092 
39.4710 4.0000 3549.8972 0.2156 0.0951 -0.4095 2.7288 5.0000 1.6086 0.0092 
39.4439 4.0000 3546.0448 0.2178 0.0944 -0.4162 2.7319 5.0000 1.6026 0.0083 
39.4634 4.0000 3554.1343 0.2166 0.0963 -0.4128 2.7326 5.0000 1.8444 0.0085 
39.4798 4.0000 3554.2774 0.2212 0.0965 -0.4230 2.7295 5.0000 1.7637 0.0085 
39.4691 4.0000 3550.4710 0.2193 0.0956 -0.4193 2.7275 5.0000 1.7153 0.0092 
39.4603 4.0000 3550.0032 0.2168 0.0946 -0.4176 2.7275 5.0000 1.6203 0.0091 
39.4439 4.0000 3541.7844 0.2131 0.0943 -0.4133 2.7311 5.0000 1.5857 0.0091 
39.4483 4.0000 3544.2736 0.2168 0.0952 -0.4161 2.7262 5.0000 1.5718 0.0093 
39.4527 4.0000 3547.3279 0.2131 0.0940 -0.4116 2.7321 5.0000 1.5966 0.0090 
39.4395 4.0000 3543.1564 0.2158 0.0951 -0.4160 2.7294 5.0000 1.5928 0.0090 
39.4508 4.0000 3538.6551 0.2154 0.0953 -0.4127 2.7307 5.0000 1.6194 0.0087 
39.4439 4.0000 3539.5731 0.2163 0.0939 -0.4194 2.7280 5.0000 1.6442 0.0072 
39.4628 4.0000 3541.7055 0.2164 0.0946 -0.4143 2.7331 5.0000 1.6516 0.0072 
39.5227 4.0000 3570.1765 0.2178 0.0956 -0.4161 2.7279 5.0000 1.6476 0.0095 
39.4823 4.0000 3551.3865 0.2175 0.0951 -0.4198 2.7270 5.0000 1.6707 0.0084 
39.4319 4.0000 3538.6633 0.2193 0.0951 -0.4237 2.7313 5.0000 1.6652 0.0084 
39.4735 4.0000 3561.9546 0.2178 0.0949 -0.4149 2.7296 5.0000 1.5624 0.0079 
39.4678 4.0000 3547.2692 0.2172 0.0952 -0.4147 2.7307 5.0000 1.5897 0.0097 
39.4931 4.0000 3554.9073 0.2168 0.0959 -0.4187 2.7306 5.0000 1.5864 0.0097 
39.4231 4.0000 3534.6538 0.2170 0.0953 -0.4137 2.7322 5.0000 1.5819 0.0090 
39.4603 4.0000 3542.5593 0.2166 0.0963 -0.4137 2.7314 5.0000 1.6171 0.0079 
39.4515 4.0000 3546.9313 0.2153 0.0944 -0.4141 2.7303 5.0000 1.6191 0.0079 
39.4937 4.0000 3559.3096 0.2190 0.0939 -0.4202 2.7267 5.0000 1.7405 0.0091 
39.4710 4.0000 3552.3417 0.2177 0.0947 -0.4183 2.7287 5.0000 1.7596 0.0080 
39.4451 4.0000 3540.2736 0.2152 0.0953 -0.4169 2.7310 5.0000 1.7569 0.0080 
39.4880 4.0000 3558.3644 0.2176 0.0963 -0.4146 2.7300 5.0000 1.5581 0.0078 
39.4956 4.0000 3558.5252 0.2154 0.0966 -0.4095 2.7330 5.0000 1.5938 0.0090 
39.4968 4.0000 3557.1305 0.2174 0.0957 -0.4176 2.7312 5.0000 1.5925 0.0090 
39.4508 4.0000 3545.1860 0.2150 0.0954 -0.4094 2.7303 5.0000 1.5682 0.0094 
39.4142 4.0000 3529.3096 0.2164 0.0953 -0.4187 2.7317 5.0000 1.6216 0.0087 
39.4344 4.0000 3542.6639 0.2148 0.0936 -0.4105 2.7292 5.0000 1.6374 0.0087 
39.4622 4.0000 3551.9136 0.2147 0.0940 -0.4177 2.7271 5.0000 1.6978 0.0100 
39.5006 4.0000 3564.0921 0.2171 0.0951 -0.4156 2.7301 5.0000 1.6651 0.0078 
39.4130 4.0000 3536.4363 0.2142 0.0944 -0.4124 2.7255 5.0000 1.6791 0.0078 
39.4987 4.0000 3560.9685 0.2153 0.0940 -0.4144 2.7289 5.0000 1.5645 0.0085 
39.5088 4.0000 3563.9527 0.2184 0.0954 -0.4166 2.7272 5.0000 1.5766 0.0086 
39.4697 4.0000 3549.4975 0.2152 0.0958 -0.4138 2.7333 5.0000 1.5761 0.0086 
39.4660 4.0000 3558.3020 0.2175 0.0950 -0.4173 2.7270 5.0000 1.5586 0.0100 
39.4710 4.0000 3544.0845 0.2166 0.0951 -0.4162 2.7343 5.0000 1.5962 0.0089 
39.4111 4.0000 3528.5246 0.2169 0.0941 -0.4199 2.7286 5.0000 1.5889 0.0089 
39.4565 4.0000 3549.6602 0.2177 0.0946 -0.4230 2.7305 5.0000 1.6246 0.0091 
39.4849 4.0000 3560.9092 0.2175 0.0954 -0.4146 2.7284 5.0000 1.7532 0.0079 
39.4464 4.0000 3540.9180 0.2143 0.0934 -0.4144 2.7256 5.0000 1.7784 0.0079 
39.4937 4.0000 3558.3172 0.2157 0.0940 -0.4198 2.7249 5.0000 1.7350 0.0086 
39.4735 4.0000 3553.9735 0.2176 0.0964 -0.4153 2.7304 5.0000 1.5743 0.0090 
39.4672 4.0000 3546.4836 0.2173 0.0957 -0.4163 2.7304 5.0000 1.5613 0.0090 
39.4521 4.0000 3545.3802 0.2205 0.0954 -0.4201 2.7269 5.0000 1.5213 0.0090 
