39.5934 16.5000 3619.1288 0.3705 0.1254 -0.5966 3.0165 6.0000 10.6304 0.0052 
39.5612 16.5000 3600.0311 0.3733 0.1267 -0.6047 3.0198 5.0000 10.4561 0.0048 
39.6172 16.5000 3619.6581 0.3727 0.1257 -0.6041 3.0228 6.0000 10.7706 0.0055 
39.6001 16.5000 3616.9382 0.3701 0.1227 -0.6072 3.0172 5.0000 10.8099 0.0049 
39.5892 16.5000 3614.4170 0.3708 0.1247 -0.6032 3.0192 5.0000 10.8458 0.0049 
39.6119 16.5000 3621.2011 0.3705 0.1261 -0.5939 3.0188 6.0000 10.7365 0.0049 
39.6108 16.5000 3622.5675 0.3736 0.1248 -0.6065 3.0157 6.0000 11.4235 0.0058 
39.6270 16.5000 3629.5239 0.3735 0.1244 -0.6056 3.0144 5.0000 11.6034 0.0051 
39.5760 16.5000 3610.8701 0.3713 0.1244 -0.5997 3.0179 6.0000 11.6550 0.0051 
39.6054 16.5000 3618.2715 0.3734 0.1271 -0.6024 3.0179 5.0000 11.0148 0.0064 
39.6133 16.5000 3620.5223 0.3733 0.1276 -0.6021 3.0256 6.0000 11.1966 0.0052 
39.5536 16.5000 3604.7353 0.3729 0.1252 -0.6072 3.0189 6.0000 11.1009 0.0052 
39.6001 16.5000 3617.7761 0.3749 0.1267 -0.6024 3.0163 5.0000 11.0874 0.0051 
39.5861 16.5000 3613.1142 0.3746 0.1250 -0.6088 3.0213 6.0000 11.3285 0.0050 
39.6040 16.5000 3619.5107 0.3728 0.1255 -0.6052 3.0230 6.0000 11.4170 0.0050 
39.6096 16.5000 3623.6920 0.3718 0.1262 -0.5974 3.0157 5.0000 11.2603 0.0066 
39.5920 16.5000 3612.8194 0.3739 0.1241 -0.6058 3.0177 5.0000 11.2419 0.0049 
39.5446 16.5000 3596.6451 0.3685 0.1242 -0.6041 3.0194 6.0000 11.2403 0.0049 
39.6122 16.5000 3621.7758 0.3725 0.1235 -0.6071 3.0103 6.0000 11.1289 0.0058 
39.5965 16.5000 3619.0853 0.3746 0.1258 -0.6040 3.0187 5.0000 11.2230 0.0058 
39.5757 16.5000 3609.7307 0.3708 0.1244 -0.6026 3.0188 5.0000 11.3659 0.0050 
39.5749 16.5000 3609.8408 0.3752 0.1246 -0.6101 3.0243 6.0000 11.1747 0.0056 
39.6060 16.5000 3620.7911 0.3732 0.1249 -0.6067 3.0215 6.0000 11.1362 0.0047 
39.5827 16.5000 3610.2303 0.3743 0.1277 -0.6031 3.0220 6.0000 11.2806 0.0062 
39.6208 16.5000 3625.1845 0.3711 0.1245 -0.5985 3.0225 5.0000 11.1273 0.0050 
39.5623 16.5000 3604.1113 0.3714 0.1236 -0.6037 3.0176 5.0000 11.2858 0.0054 
39.6066 16.5000 3618.8900 0.3759 0.1261 -0.6061 3.0216 5.0000 11.4995 0.0050 
39.5937 16.5000 3616.5930 0.3729 0.1243 -0.6033 3.0169 6.0000 11.3096 0.0052 
39.6074 16.5000 3617.3950 0.3690 0.1249 -0.5993 3.0250 6.0000 11.3984 0.0049 
39.5998 16.5000 3617.2927 0.3749 0.1245 -0.6092 3.0159 5.0000 11.3357 0.0052 
39.6110 16.5000 3618.3497 0.3713 0.1263 -0.5988 3.0211 5.0000 11.1594 0.0055 
39.5998 16.5000 3619.3829 0.3699 0.1245 -0.5997 3.0192 5.0000 11.3260 0.0048 
39.5895 16.5000 3613.6707 0.3692 0.1244 -0.5977 3.0178 5.0000 11.3222 0.0051 
39.6155 16.5000 3621.5651 0.3725 0.1228 -0.6027 3.0087 5.0000 11.0552 0.0055 
39.6043 16.5000 3620.7544 0.3730 0.1234 -0.6070 3.0149 6.0000 11.3422 0.0055 
39.5869 16.5000 3614.8017 0.3739 0.1273 -0.5955 3.0180 6.0000 11.3605 0.0048 
39.5869 16.5000 3610.7886 0.3730 0.1253 -0.6004 3.0232 6.0000 11.1996 0.0050 
39.6138 16.5000 3622.8987 0.3770 0.1268 -0.6058 3.0145 5.0000 11.4332 0.0049 
39.6091 16.5000 3619.3560 0.3721 0.1249 -0.6014 3.0255 6.0000 11.2723 0.0046 
39.6116 16.5000 3622.7813 0.3726 0.1261 -0.5979 3.0195 6.0000 11.2120 0.0058 
39.6231 16.5000 3627.8666 0.3717 0.1264 -0.5963 3.0202 5.0000 11.4480 0.0051 
39.5760 16.5000 3604.9847 0.3724 0.1253 -0.6015 3.0207 6.0000 11.4655 0.0054 
39.6057 16.5000 3619.2198 0.3695 0.1245 -0.5996 3.0143 5.0000 11.0333 0.0054 
39.5928 16.5000 3613.6015 0.3705 0.1235 -0.6049 3.0147 6.0000 11.1043 0.0051 
39.5925 16.5000 3613.3871 0.3729 0.1267 -0.6014 3.0185 6.0000 11.3048 0.0050 
39.6040 16.5000 3620.9570 0.3704 0.1252 -0.5995 3.0245 5.0000 11.1789 0.0054 
39.6096 16.5000 3622.6885 0.3727 0.1255 -0.5969 3.0183 5.0000 11.2672 0.0048 
39.5937 16.5000 3611.7823 0.3732 0.1258 -0.6047 3.0170 5.0000 11.4306 0.0053 
39.6164 16.5000 3623.1851 0.3720 0.1248 -0.6022 3.0122 6.0000 11.0635 0.0051 
39.5951 16.5000 3616.7552 0.3703 0.1230 -0.6028 3.0163 6.0000 11.1038 0.0057 
39.6029 16.5000 3618.8665 0.3748 0.1278 -0.5984 3.0169 6.0000 11.3023 0.0053 
39.5811 16.5000 3610.8878 0.3732 0.1261 -0.6026 3.0237 5.0000 11.4456 0.0061 
39.5976 16.5000 3618.2881 0.3729 0.1240 -0.5999 3.0195 6.0000 11.2152 0.0056 
39.5648 16.5000 3606.6031 0.3759 0.1261 -0.6037 3.0170 5.0000 11.2197 0.0047 
39.5830 16.5000 3609.4816 0.3719 0.1260 -0.6057 3.0243 5.0000 11.0959 0.0047 
39.6203 16.5000 3625.5911 0.3727 0.1232 -0.6045 3.0186 5.0000 10.9982 0.0053 
39.6189 16.5000 3624.7418 0.3733 0.1276 -0.5982 3.0216 5.0000 11.2448 0.0055 
39.5976 16.5000 3617.0766 0.3729 0.1246 -0.6052 3.0201 5.0000 11.1112 0.0061 
39.5892 16.5000 3615.1013 0.3705 0.1248 -0.5965 3.0152 5.0000 11.1259 0.0054 
39.5651 16.5000 3605.2815 0.3727 0.1261 -0.6024 3.0239 6.0000 11.1088 0.0061 
39.5911 16.5000 3616.2870 0.3739 0.1248 -0.6018 3.0221 6.0000 11.0631 0.0049 
39.5654 16.5000 3603.4443 0.3783 0.1286 -0.6082 3.0201 6.0000 11.0660 0.0054 
39.6105 16.5000 3621.7290 0.3745 0.1233 -0.6073 3.0159 6.0000 11.1214 0.0063 
39.5937 16.5000 3614.5748 0.3735 0.1261 -0.5997 3.0171 6.0000 11.0520 0.0045 
39.5567 16.5000 3599.9383 0.3707 0.1247 -0.6008 3.0212 5.0000 11.0811 0.0064 
39.6256 16.5000 3624.0776 0.3777 0.1281 -0.6053 3.0241 5.0000 11.2889 0.0058 
39.5536 16.5000 3599.6763 0.3711 0.1249 -0.6007 3.0205 6.0000 11.0142 0.0059 
39.5780 16.5000 3613.2966 0.3759 0.1273 -0.6018 3.0190 5.0000 11.1092 0.0043 
39.5715 16.5000 3607.0279 0.3742 0.1247 -0.6079 3.0191 5.0000 11.3015 0.0050 
39.6371 16.5000 3630.3817 0.3759 0.1243 -0.6059 3.0181 5.0000 11.1131 0.0055 
39.6077 16.5000 3620.3015 0.3743 0.1272 -0.6010 3.0196 5.0000 11.0822 0.0049 
39.5867 16.5000 3615.0130 0.3753 0.1254 -0.6078 3.0213 6.0000 11.1761 0.0055 
39.6105 16.5000 3622.7392 0.3675 0.1218 -0.5978 3.0147 6.0000 11.2292 0.0055 
39.5897 16.5000 3613.7876 0.3703 0.1240 -0.6018 3.0159 5.0000 11.1924 0.0049 
39.5895 16.5000 3615.4376 0.3718 0.1265 -0.6033 3.0176 6.0000 11.2079 0.0046 
39.6130 16.5000 3622.0541 0.3748 0.1254 -0.6007 3.0126 6.0000 11.2193 0.0047 
39.6217 16.5000 3624.6899 0.3714 0.1251 -0.6040 3.0143 5.0000 11.1529 0.0047 
39.6192 16.5000 3624.7541 0.3733 0.1254 -0.5979 3.0175 6.0000 11.3941 0.0050 
39.6197 16.5000 3625.5780 0.3745 0.1264 -0.6001 3.0170 6.0000 11.4466 0.0049 
39.6088 16.5000 3617.3319 0.3700 0.1226 -0.6023 3.0174 5.0000 11.2739 0.0057 
39.6124 16.5000 3622.5016 0.3706 0.1262 -0.5986 3.0208 5.0000 11.5659 0.0057 
39.5808 16.5000 3610.7121 0.3776 0.1291 -0.5999 3.0191 5.0000 11.3275 0.0053 
39.5816 16.5000 3612.3461 0.3710 0.1259 -0.5994 3.0186 6.0000 11.3794 0.0055 
39.5973 16.5000 3616.4705 0.3699 0.1245 -0.6031 3.0180 5.0000 11.6549 0.0040 
39.5867 16.5000 3613.7540 0.3746 0.1267 -0.6086 3.0219 6.0000 11.5960 0.0057 
39.6480 16.5000 3634.6860 0.3729 0.1252 -0.5994 3.0114 5.0000 11.5914 0.0049 
39.5813 16.5000 3612.8782 0.3727 0.1273 -0.5983 3.0209 5.0000 11.4528 0.0050 
39.6099 16.5000 3621.4622 0.3726 0.1238 -0.6027 3.0188 5.0000 11.3433 0.0046 
39.6063 16.5000 3620.5560 0.3716 0.1250 -0.5979 3.0233 6.0000 11.3718 0.0046 
39.6251 16.5000 3627.6214 0.3693 0.1236 -0.5965 3.0250 5.0000 11.4389 0.0068 
39.6248 16.5000 3629.5687 0.3709 0.1259 -0.5948 3.0189 6.0000 11.2895 0.0058 
39.5379 16.5000 3596.2147 0.3744 0.1269 -0.6040 3.0167 6.0000 11.4138 0.0046 
39.5766 16.5000 3607.2879 0.3719 0.1252 -0.6005 3.0260 5.0000 11.4876 0.0044 
39.6248 16.5000 3627.3067 0.3715 0.1231 -0.5968 3.0110 6.0000 11.2953 0.0057 
39.6304 16.5000 3628.8917 0.3730 0.1241 -0.6034 3.0162 6.0000 11.4491 0.0053 
39.5819 16.5000 3615.2092 0.3715 0.1275 -0.5994 3.0213 5.0000 11.4622 0.0055 
39.5956 16.5000 3616.8813 0.3765 0.1266 -0.6033 3.0170 5.0000 11.3126 0.0056 
39.5886 16.5000 3617.6696 0.3728 0.1274 -0.5974 3.0214 5.0000 11.4639 0.0055 
39.5836 16.5000 3613.4625 0.3761 0.1252 -0.6092 3.0168 6.0000 11.0913 0.0055 
39.5897 16.5000 3613.0573 0.3767 0.1283 -0.6046 3.0222 6.0000 8.9815 0.0055 
