39.6885 4.0000 3646.7323 0.3904 0.1283 -0.5997 3.1449 6.0000 35.4371 0.0030 
39.7105 4.0000 3655.4482 0.3904 0.1242 -0.6024 3.1408 6.0000 35.4637 0.0030 
39.6775 4.0000 3642.1856 0.3908 0.1258 -0.6021 3.1404 6.0000 36.0302 0.0031 
39.6970 4.0000 3652.2144 0.3921 0.1250 -0.6106 3.1428 6.0000 36.4053 0.0033 
39.6822 4.0000 3646.4116 0.3894 0.1249 -0.6062 3.1400 6.0000 36.9022 0.0027 
39.6736 4.0000 3640.5963 0.3915 0.1268 -0.6040 3.1498 6.0000 36.5521 0.0027 
39.6974 4.0000 3649.9872 0.3919 0.1270 -0.6074 3.1461 6.0000 37.0053 0.0032 
39.6738 4.0000 3641.6399 0.3956 0.1277 -0.6102 3.1495 6.0000 36.9506 0.0030 
39.6802 4.0000 3645.6523 0.3941 0.1262 -0.6061 3.1419 6.0000 36.6254 0.0030 
39.6860 4.0000 3644.9766 0.3905 0.1257 -0.6040 3.1445 6.0000 36.6357 0.0028 
39.7056 4.0000 3653.4583 0.3914 0.1248 -0.6052 3.1467 6.0000 37.9630 0.0028 
39.6945 4.0000 3649.4657 0.3920 0.1248 -0.6093 3.1480 6.0000 36.5698 0.0027 
39.6995 4.0000 3653.1011 0.3925 0.1267 -0.6036 3.1479 6.0000 37.4963 0.0030 
39.6930 4.0000 3649.6948 0.3888 0.1248 -0.6000 3.1424 6.0000 37.7582 0.0025 
39.6869 4.0000 3648.5493 0.3936 0.1280 -0.6055 3.1455 6.0000 37.2733 0.0029 
39.7056 4.0000 3653.1366 0.3910 0.1269 -0.6009 3.1473 6.0000 36.4957 0.0034 
39.6901 4.0000 3649.1432 0.3952 0.1261 -0.6081 3.1450 6.0000 37.8303 0.0029 
39.6729 4.0000 3642.1274 0.3901 0.1272 -0.6070 3.1458 6.0000 37.4984 0.0029 
39.6909 4.0000 3648.4192 0.3936 0.1278 -0.6031 3.1461 6.0000 40.2849 0.0029 
39.6918 4.0000 3648.8636 0.3933 0.1284 -0.6070 3.1459 6.0000 41.2960 0.0027 
39.6914 4.0000 3645.5738 0.3873 0.1257 -0.5970 3.1406 6.0000 40.9939 0.0027 
39.6992 4.0000 3651.9757 0.3920 0.1261 -0.6014 3.1411 6.0000 37.0220 0.0029 
39.7020 4.0000 3651.8038 0.3930 0.1262 -0.6069 3.1427 6.0000 38.0669 0.0033 
39.6910 4.0000 3649.4266 0.3935 0.1263 -0.6066 3.1405 6.0000 37.4965 0.0024 
39.7098 4.0000 3655.3961 0.3903 0.1256 -0.6021 3.1424 6.0000 36.9411 0.0025 
39.6748 4.0000 3642.3354 0.3883 0.1248 -0.6007 3.1480 6.0000 37.7891 0.0030 
39.7060 4.0000 3654.3154 0.3920 0.1261 -0.6031 3.1409 6.0000 38.3369 0.0032 
39.6880 4.0000 3646.9377 0.3928 0.1257 -0.6082 3.1370 6.0000 37.3156 0.0029 
39.6790 4.0000 3644.4696 0.3946 0.1265 -0.6076 3.1425 6.0000 37.8118 0.0030 
39.6921 4.0000 3648.2457 0.3886 0.1271 -0.6009 3.1489 6.0000 38.0569 0.0031 
39.6880 4.0000 3649.8813 0.3924 0.1261 -0.6058 3.1450 6.0000 38.1112 0.0028 
39.6835 4.0000 3645.2239 0.3898 0.1270 -0.6006 3.1438 6.0000 37.1394 0.0034 
39.6930 4.0000 3647.5284 0.3914 0.1263 -0.6058 3.1440 6.0000 38.3487 0.0031 
39.6700 4.0000 3643.5071 0.3915 0.1264 -0.6039 3.1397 6.0000 38.8028 0.0026 
39.6835 4.0000 3645.0641 0.3932 0.1272 -0.6044 3.1447 6.0000 37.6150 0.0028 
39.7020 4.0000 3652.7343 0.3921 0.1259 -0.6035 3.1446 6.0000 37.5370 0.0029 
39.6961 4.0000 3650.4441 0.3904 0.1276 -0.6020 3.1459 6.0000 37.9636 0.0030 
39.6905 4.0000 3647.9011 0.3914 0.1256 -0.6052 3.1399 6.0000 37.0555 0.0030 
39.6860 4.0000 3646.6860 0.3942 0.1280 -0.6019 3.1406 6.0000 38.1378 0.0030 
39.6851 4.0000 3647.3156 0.3921 0.1252 -0.6068 3.1442 6.0000 38.3994 0.0030 
39.6880 4.0000 3647.2025 0.3921 0.1258 -0.6033 3.1468 6.0000 38.6557 0.0033 
39.6876 4.0000 3650.1675 0.3906 0.1257 -0.6078 3.1442 6.0000 38.2990 0.0030 
39.6756 4.0000 3644.3219 0.3927 0.1266 -0.6055 3.1471 6.0000 38.9057 0.0027 
39.6876 4.0000 3647.9377 0.3944 0.1263 -0.6085 3.1457 6.0000 36.7673 0.0027 
39.6979 4.0000 3650.8770 0.3910 0.1246 -0.6069 3.1401 6.0000 37.6821 0.0030 
39.6912 4.0000 3649.0868 0.3900 0.1240 -0.6070 3.1381 6.0000 38.1732 0.0028 
39.6876 4.0000 3647.5080 0.3903 0.1255 -0.6053 3.1402 6.0000 37.5741 0.0030 
39.6871 4.0000 3649.9234 0.3899 0.1259 -0.6033 3.1456 6.0000 37.3698 0.0031 
39.6932 4.0000 3652.5626 0.3911 0.1259 -0.6033 3.1450 6.0000 37.5188 0.0031 
39.6842 4.0000 3645.5228 0.3897 0.1260 -0.5990 3.1451 6.0000 38.7555 0.0027 
39.6824 4.0000 3644.7058 0.3901 0.1261 -0.6019 3.1429 6.0000 37.9434 0.0031 
39.6975 4.0000 3651.8480 0.3906 0.1264 -0.6024 3.1442 6.0000 38.0913 0.0024 
39.6840 4.0000 3646.2135 0.3902 0.1256 -0.6039 3.1407 6.0000 37.9455 0.0031 
39.7105 4.0000 3656.1746 0.3923 0.1266 -0.6029 3.1430 6.0000 37.8594 0.0032 
39.6815 4.0000 3645.4835 0.3931 0.1273 -0.6049 3.1448 6.0000 37.8924 0.0024 
39.6786 4.0000 3644.6350 0.3916 0.1268 -0.6034 3.1441 6.0000 37.2065 0.0022 
39.7109 4.0000 3656.1765 0.3893 0.1246 -0.6043 3.1453 6.0000 37.1634 0.0035 
39.7193 4.0000 3660.1257 0.3921 0.1263 -0.6050 3.1404 6.0000 38.0759 0.0025 
39.6673 4.0000 3641.4943 0.3924 0.1275 -0.6051 3.1464 6.0000 37.1785 0.0025 
39.7082 4.0000 3654.9714 0.3914 0.1276 -0.6024 3.1463 6.0000 37.0905 0.0028 
39.6856 4.0000 3646.8856 0.3917 0.1269 -0.6014 3.1410 6.0000 37.7512 0.0032 
39.6966 4.0000 3650.8224 0.3916 0.1265 -0.6039 3.1434 6.0000 37.8620 0.0032 
39.6806 4.0000 3644.3754 0.3883 0.1270 -0.5994 3.1450 6.0000 36.9863 0.0030 
39.6885 4.0000 3647.6323 0.3915 0.1258 -0.6041 3.1484 6.0000 37.6593 0.0029 
39.6878 4.0000 3645.6858 0.3916 0.1254 -0.6074 3.1426 6.0000 37.2379 0.0029 
39.6912 4.0000 3646.8937 0.3917 0.1240 -0.6072 3.1453 6.0000 37.6233 0.0029 
39.7083 4.0000 3654.6736 0.3923 0.1264 -0.6000 3.1466 6.0000 37.2285 0.0033 
39.6903 4.0000 3649.1720 0.3909 0.1260 -0.6040 3.1423 6.0000 37.9719 0.0030 
39.6768 4.0000 3644.8888 0.3910 0.1264 -0.6045 3.1462 6.0000 37.7863 0.0033 
39.6862 4.0000 3647.0404 0.3912 0.1251 -0.6045 3.1448 6.0000 37.2482 0.0028 
39.6752 4.0000 3640.6453 0.3898 0.1257 -0.6045 3.1472 6.0000 38.0624 0.0030 
39.6948 4.0000 3651.4381 0.3896 0.1251 -0.6052 3.1448 6.0000 38.2590 0.0024 
39.6858 4.0000 3648.3381 0.3904 0.1268 -0.6010 3.1458 6.0000 37.7712 0.0029 
39.7092 4.0000 3654.3817 0.3923 0.1267 -0.6072 3.1466 6.0000 38.2591 0.0026 
39.6912 4.0000 3650.9301 0.3921 0.1252 -0.6033 3.1429 6.0000 37.5290 0.0029 
39.7017 4.0000 3651.5156 0.3902 0.1254 -0.6049 3.1379 6.0000 38.2329 0.0031 
39.6901 4.0000 3647.2236 0.3931 0.1255 -0.6074 3.1431 6.0000 37.8051 0.0026 
39.6820 4.0000 3644.3455 0.3894 0.1250 -0.6033 3.1464 6.0000 38.0319 0.0023 
39.7042 4.0000 3652.1773 0.3919 0.1270 -0.6045 3.1412 6.0000 38.1255 0.0028 
39.7132 4.0000 3656.5177 0.3905 0.1253 -0.6068 3.1438 6.0000 37.3078 0.0027 
39.6946 4.0000 3650.3187 0.3905 0.1247 -0.6054 3.1411 6.0000 37.6587 0.0031 
39.6983 4.0000 3650.4850 0.3918 0.1256 -0.6060 3.1439 6.0000 37.2802 0.0037 
39.6822 4.0000 3645.5554 0.3899 0.1239 -0.6087 3.1425 6.0000 37.8777 0.0026 
39.6602 4.0000 3637.7372 0.3928 0.1279 -0.6052 3.1483 6.0000 37.8045 0.0027 
39.7008 4.0000 3651.8739 0.3910 0.1244 -0.6051 3.1444 6.0000 37.9126 0.0023 
39.6990 4.0000 3651.6775 0.3921 0.1282 -0.6065 3.1432 6.0000 37.4831 0.0037 
39.7127 4.0000 3656.5208 0.3915 0.1258 -0.6034 3.1408 6.0000 37.6071 0.0029 
39.6608 4.0000 3636.5504 0.3941 0.1256 -0.6072 3.1445 6.0000 37.7368 0.0026 
39.6919 4.0000 3646.5835 0.3931 0.1280 -0.6031 3.1412 6.0000 37.4622 0.0028 
39.7019 4.0000 3652.6010 0.3957 0.1279 -0.6065 3.1441 6.0000 38.1714 0.0031 
39.6963 4.0000 3649.7903 0.3914 0.1269 -0.5992 3.1402 6.0000 41.0241 0.0029 
39.6826 4.0000 3644.7966 0.3941 0.1278 -0.6046 3.1445 6.0000 41.6711 0.0031 
39.6905 4.0000 3650.1139 0.3915 0.1258 -0.6032 3.1426 6.0000 40.9913 0.0026 
39.6817 4.0000 3645.6714 0.3942 0.1285 -0.6028 3.1408 6.0000 37.5931 0.0033 
39.7024 4.0000 3651.9557 0.3916 0.1255 -0.6045 3.1418 6.0000 38.0970 0.0027 
39.6747 4.0000 3641.4913 0.3925 0.1271 -0.5995 3.1430 6.0000 37.9228 0.0029 
39.6988 4.0000 3650.9292 0.3930 0.1259 -0.6066 3.1429 6.0000 37.5203 0.0029 
39.6891 4.0000 3648.4242 0.3914 0.1285 -0.5985 3.1468 6.0000 37.6845 0.0030 
39.6892 4.0000 3646.7195 0.3909 0.1258 -0.6048 3.1455 6.0000 37.9839 0.0030 
39.6885 4.0000 3647.1877 0.3898 0.1262 -0.6036 3.1444 6.0000 24.3388 0.0030 
