39.3296 16.5000 3520.9866 0.3561 0.1355 -0.5959 2.8512 5.0000 2.9941 0.0136 
39.3528 16.5000 3530.8242 0.3556 0.1356 -0.5961 2.8518 5.0000 2.9000 0.0115 
39.3861 16.5000 3540.1503 0.3583 0.1355 -0.5985 2.8541 5.0000 2.8831 0.0115 
39.3095 16.5000 3519.9869 0.3580 0.1367 -0.5983 2.8529 5.0000 2.4397 0.0122 
39.2711 16.5000 3488.4499 0.3553 0.1388 -0.5933 2.8630 5.0000 2.4569 0.0122 
39.3276 16.5000 3517.5097 0.3524 0.1335 -0.6039 2.8461 5.0000 2.4378 0.0115 
39.3720 16.5000 3534.1054 0.3562 0.1345 -0.5947 2.8439 5.0000 2.6139 0.0108 
39.3533 16.5000 3534.6562 0.3572 0.1355 -0.5938 2.8487 5.0000 2.6127 0.0108 
39.3806 16.5000 3540.7435 0.3586 0.1345 -0.6019 2.8572 5.0000 2.6345 0.0146 
39.3508 16.5000 3533.2469 0.3529 0.1337 -0.6008 2.8533 5.0000 2.4497 0.0124 
39.2313 16.5000 3473.7190 0.3552 0.1361 -0.6000 2.8557 5.0000 2.4601 0.0124 
39.3170 16.5000 3504.4182 0.3572 0.1368 -0.5992 2.8549 5.0000 2.4983 0.0097 
39.3448 16.5000 3516.1342 0.3531 0.1346 -0.5900 2.8562 5.0000 2.7171 0.0134 
39.4230 16.5000 3570.9826 0.3536 0.1328 -0.5942 2.8393 5.0000 2.7269 0.0134 
39.2802 16.5000 3492.7117 0.3566 0.1362 -0.6048 2.8510 5.0000 2.8678 0.0104 
39.4058 16.5000 3534.6235 0.3564 0.1377 -0.5973 2.8561 5.0000 2.4539 0.0122 
39.3952 16.5000 3536.6966 0.3534 0.1321 -0.5933 2.8525 5.0000 2.4698 0.0111 
39.3266 16.5000 3516.3470 0.3524 0.1351 -0.5925 2.8593 5.0000 2.4678 0.0127 
39.3690 16.5000 3540.1821 0.3577 0.1360 -0.5962 2.8512 5.0000 2.6531 0.0113 
39.3069 16.5000 3525.1945 0.3580 0.1358 -0.6016 2.8505 5.0000 2.6349 0.0113 
39.3614 16.5000 3539.0426 0.3572 0.1347 -0.5970 2.8512 5.0000 2.6759 0.0115 
39.2888 16.5000 3512.2381 0.3561 0.1377 -0.5948 2.8575 5.0000 2.5229 0.0126 
39.3549 16.5000 3533.3967 0.3561 0.1354 -0.5930 2.8522 5.0000 2.5225 0.0126 
39.3115 16.5000 3504.5599 0.3565 0.1360 -0.5973 2.8520 5.0000 2.5454 0.0100 
39.4038 16.5000 3553.5480 0.3621 0.1368 -0.5996 2.8539 5.0000 2.7798 0.0128 
39.4113 16.5000 3557.9354 0.3557 0.1368 -0.5892 2.8562 5.0000 2.8227 0.0105 
39.3009 16.5000 3517.3337 0.3584 0.1357 -0.5970 2.8579 5.0000 2.8315 0.0111 
39.3932 16.5000 3544.3269 0.3603 0.1356 -0.6035 2.8538 5.0000 2.5274 0.0115 
39.3670 16.5000 3539.8689 0.3581 0.1382 -0.5952 2.8500 5.0000 2.5402 0.0115 
39.3533 16.5000 3537.8880 0.3561 0.1376 -0.5936 2.8499 5.0000 2.5324 0.0118 
39.3538 16.5000 3510.2542 0.3555 0.1356 -0.6016 2.8487 5.0000 2.6850 0.0114 
39.3427 16.5000 3529.5032 0.3559 0.1373 -0.5958 2.8543 5.0000 2.6689 0.0117 
39.3564 16.5000 3530.9503 0.3554 0.1359 -0.5907 2.8589 5.0000 2.7154 0.0098 
39.3458 16.5000 3539.8648 0.3567 0.1348 -0.5899 2.8498 5.0000 2.5345 0.0133 
39.4184 16.5000 3552.8166 0.3553 0.1349 -0.5905 2.8519 5.0000 2.5534 0.0109 
39.2832 16.5000 3504.6835 0.3541 0.1354 -0.5940 2.8557 5.0000 2.5636 0.0100 
39.3781 16.5000 3539.6747 0.3545 0.1333 -0.5938 2.8503 5.0000 2.8079 0.0107 
39.4098 16.5000 3548.6300 0.3552 0.1333 -0.6013 2.8488 5.0000 2.8362 0.0110 
39.3841 16.5000 3547.5395 0.3563 0.1372 -0.5923 2.8495 5.0000 2.9144 0.0109 
39.3715 16.5000 3541.3372 0.3573 0.1367 -0.5902 2.8498 5.0000 2.5474 0.0113 
39.3760 16.5000 3526.0797 0.3559 0.1342 -0.6001 2.8447 5.0000 2.5710 0.0115 
39.3624 16.5000 3533.0936 0.3602 0.1367 -0.5998 2.8539 5.0000 2.6126 0.0106 
39.3513 16.5000 3531.3538 0.3575 0.1363 -0.5964 2.8529 5.0000 2.6896 0.0104 
39.3902 16.5000 3544.2613 0.3588 0.1355 -0.5988 2.8501 5.0000 2.6985 0.0096 
39.3977 16.5000 3540.4146 0.3573 0.1341 -0.6025 2.8477 5.0000 2.6549 0.0109 
39.4285 16.5000 3568.6013 0.3570 0.1358 -0.5955 2.8470 5.0000 2.4922 0.0114 
39.3765 16.5000 3533.9622 0.3573 0.1357 -0.5992 2.8513 5.0000 2.5099 0.0130 
39.3554 16.5000 3534.0116 0.3556 0.1361 -0.5974 2.8524 5.0000 2.5433 0.0113 
39.2963 16.5000 3510.8948 0.3559 0.1370 -0.5961 2.8577 5.0000 2.8309 0.0119 
39.3619 16.5000 3529.8446 0.3553 0.1354 -0.5925 2.8534 5.0000 2.8534 0.0122 
39.3377 16.5000 3530.6557 0.3576 0.1362 -0.6014 2.8553 5.0000 2.8157 0.0113 
39.3266 16.5000 3521.0426 0.3594 0.1374 -0.5957 2.8541 5.0000 2.5444 0.0122 
39.3629 16.5000 3540.8948 0.3527 0.1332 -0.5938 2.8523 5.0000 2.5496 0.0118 
39.3256 16.5000 3519.4240 0.3627 0.1371 -0.6002 2.8539 5.0000 2.5879 0.0109 
39.3433 16.5000 3528.8651 0.3600 0.1366 -0.5960 2.8554 5.0000 2.6969 0.0112 
39.3781 16.5000 3535.0855 0.3527 0.1360 -0.5917 2.8561 5.0000 2.7314 0.0112 
39.3649 16.5000 3523.4134 0.3573 0.1365 -0.6006 2.8534 5.0000 2.6953 0.0110 
39.3649 16.5000 3532.7526 0.3560 0.1346 -0.5914 2.8489 5.0000 2.5806 0.0127 
39.3720 16.5000 3539.7019 0.3528 0.1342 -0.5942 2.8496 5.0000 2.6062 0.0113 
39.3064 16.5000 3509.1465 0.3576 0.1371 -0.5948 2.8560 5.0000 2.6114 0.0115 
39.3614 16.5000 3533.6762 0.3542 0.1358 -0.5882 2.8480 5.0000 2.8811 0.0105 
39.3549 16.5000 3513.8381 0.3555 0.1348 -0.6006 2.8503 5.0000 2.8325 0.0115 
39.3932 16.5000 3544.1922 0.3544 0.1361 -0.5937 2.8530 5.0000 2.7845 0.0101 
39.3513 16.5000 3523.0956 0.3550 0.1365 -0.5921 2.8578 5.0000 2.5444 0.0117 
39.4063 16.5000 3552.6749 0.3565 0.1354 -0.5888 2.8544 5.0000 2.5242 0.0112 
39.3438 16.5000 3522.1301 0.3574 0.1362 -0.5983 2.8555 5.0000 2.6133 0.0122 
39.3654 16.5000 3540.0731 0.3559 0.1349 -0.5920 2.8487 5.0000 2.7105 0.0110 
39.3276 16.5000 3519.1612 0.3528 0.1352 -0.5949 2.8569 5.0000 2.6645 0.0111 
39.3720 16.5000 3527.8951 0.3539 0.1355 -0.5961 2.8526 5.0000 2.6895 0.0115 
39.3695 16.5000 3549.5939 0.3573 0.1335 -0.5948 2.8453 5.0000 2.5545 0.0101 
39.3513 16.5000 3533.0769 0.3559 0.1371 -0.5898 2.8489 5.0000 2.5497 0.0114 
39.4083 16.5000 3558.9811 0.3558 0.1354 -0.5986 2.8505 5.0000 2.6424 0.0122 
39.3589 16.5000 3532.6209 0.3527 0.1370 -0.5864 2.8552 5.0000 2.7926 0.0123 
39.3266 16.5000 3509.6298 0.3565 0.1387 -0.5965 2.8600 5.0000 2.8214 0.0120 
39.3236 16.5000 3526.2598 0.3539 0.1359 -0.5920 2.8603 5.0000 2.7880 0.0110 
39.3347 16.5000 3526.7253 0.3529 0.1332 -0.5934 2.8502 5.0000 2.5107 0.0118 
39.3740 16.5000 3532.6462 0.3595 0.1377 -0.5942 2.8554 5.0000 2.5566 0.0113 
39.3407 16.5000 3525.2610 0.3536 0.1329 -0.6024 2.8562 5.0000 2.5786 0.0144 
39.3604 16.5000 3517.1062 0.3532 0.1341 -0.5995 2.8497 5.0000 2.6484 0.0143 
39.2393 16.5000 3474.6209 0.3559 0.1362 -0.5980 2.8587 5.0000 2.6493 0.0102 
39.2434 16.5000 3469.5985 0.3561 0.1366 -0.6010 2.8539 5.0000 2.6068 0.0115 
39.4053 16.5000 3547.1072 0.3552 0.1361 -0.5923 2.8466 5.0000 2.5331 0.0118 
39.3544 16.5000 3529.6192 0.3595 0.1353 -0.6015 2.8524 5.0000 2.5397 0.0127 
39.3412 16.5000 3523.6671 0.3525 0.1347 -0.5923 2.8557 5.0000 2.6012 0.0113 
39.3084 16.5000 3510.3839 0.3569 0.1362 -0.6006 2.8551 5.0000 2.8059 0.0117 
39.3604 16.5000 3535.7559 0.3544 0.1338 -0.5947 2.8528 5.0000 2.8120 0.0126 
39.3458 16.5000 3519.9137 0.3583 0.1371 -0.6012 2.8537 5.0000 2.7400 0.0120 
39.3090 16.5000 3514.2931 0.3504 0.1318 -0.5918 2.8504 5.0000 2.5404 0.0098 
39.3322 16.5000 3516.9397 0.3569 0.1349 -0.5979 2.8540 5.0000 2.5632 0.0125 
39.4179 16.5000 3555.1607 0.3600 0.1367 -0.5919 2.8518 5.0000 2.5924 0.0117 
39.3125 16.5000 3511.5072 0.3527 0.1327 -0.5940 2.8550 5.0000 2.7328 0.0122 
39.3438 16.5000 3522.4050 0.3570 0.1353 -0.5993 2.8534 5.0000 2.6979 0.0089 
39.3251 16.5000 3520.2547 0.3564 0.1320 -0.5988 2.8486 5.0000 2.6671 0.0106 
39.4542 16.5000 3573.2439 0.3553 0.1341 -0.5957 2.8468 5.0000 2.5061 0.0126 
39.3892 16.5000 3539.9798 0.3538 0.1350 -0.5921 2.8513 5.0000 2.5330 0.0105 
39.3095 16.5000 3507.9485 0.3553 0.1353 -0.5963 2.8490 5.0000 2.5648 0.0121 
39.3917 16.5000 3540.2825 0.3541 0.1355 -0.5958 2.8539 5.0000 2.7702 0.0115 
39.3301 16.5000 3508.6910 0.3553 0.1343 -0.5970 2.8501 5.0000 2.7570 0.0106 
39.3513 16.5000 3522.5342 0.3546 0.1351 -0.5955 2.8567 5.0000 2.6658 0.0106 
39.3902 16.5000 3536.7168 0.3554 0.1342 -0.5942 2.8548 5.0000 2.3767 0.0106 
