31.0429 1.0000 3002.6796 0.3178 0.1030 -0.2907 3.4967 9.0000 17.9822 0.0010 
31.0558 1.0000 3008.9150 0.3193 0.1032 -0.2908 3.4975 7.0000 25.9940 0.0009 
31.0538 1.0000 3007.5164 0.3176 0.1018 -0.2936 3.4987 8.0000 26.4841 0.0011 
31.0593 1.0000 3010.0356 0.3174 0.1024 -0.2918 3.4978 8.0000 25.4898 0.0010 
31.0571 1.0000 3009.3084 0.3180 0.1035 -0.2904 3.4979 8.0000 24.9161 0.0008 
31.0524 1.0000 3006.8663 0.3163 0.1024 -0.2906 3.4973 8.0000 24.4755 0.0009 
31.0510 1.0000 3006.5417 0.3189 0.1025 -0.2924 3.5016 8.0000 24.7127 0.0010 
31.0606 1.0000 3010.8075 0.3202 0.1040 -0.2910 3.5000 9.0000 8.5940 0.0010 
31.0578 1.0000 3009.1379 0.3189 0.1044 -0.2896 3.4993 8.0000 12.6566 0.0009 
31.0565 1.0000 3008.7087 0.3178 0.1026 -0.2906 3.5003 8.0000 8.5819 0.0010 
31.0555 1.0000 3008.2841 0.3170 0.1027 -0.2901 3.4987 7.0000 12.2017 0.0011 
31.0589 1.0000 3009.5793 0.3182 0.1027 -0.2925 3.4992 8.0000 11.9848 0.0010 
31.0540 1.0000 3007.9240 0.3187 0.1026 -0.2926 3.4997 9.0000 12.2855 0.0010 
31.0542 1.0000 3008.2484 0.3199 0.1038 -0.2908 3.5022 8.0000 11.8677 0.0009 
31.0547 1.0000 3007.7989 0.3181 0.1034 -0.2909 3.5009 8.0000 12.4447 0.0011 
31.0593 1.0000 3009.9618 0.3158 0.1023 -0.2905 3.5008 8.0000 12.7442 0.0011 
31.0516 1.0000 3006.7384 0.3210 0.1030 -0.2943 3.4965 8.0000 11.9718 0.0011 
31.0569 1.0000 3008.6842 0.3186 0.1037 -0.2922 3.4987 9.0000 8.3622 0.0008 
31.0587 1.0000 3009.4971 0.3169 0.1015 -0.2941 3.4947 8.0000 11.9893 0.0014 
31.0517 1.0000 3006.6838 0.3187 0.1020 -0.2939 3.4987 8.0000 12.4059 0.0012 
31.0520 1.0000 3006.9685 0.3180 0.1033 -0.2914 3.5052 8.0000 12.1666 0.0012 
31.0527 1.0000 3006.9199 0.3188 0.1028 -0.2915 3.4975 7.0000 11.8731 0.0010 
31.0533 1.0000 3007.7589 0.3173 0.1031 -0.2903 3.4953 8.0000 8.2718 0.0009 
31.0618 1.0000 3010.8614 0.3191 0.1032 -0.2923 3.5009 8.0000 12.2329 0.0010 
31.0435 1.0000 3003.0842 0.3161 0.1018 -0.2915 3.4958 8.0000 11.9831 0.0010 
31.0507 1.0000 3006.1230 0.3187 0.1030 -0.2924 3.4987 8.0000 12.6391 0.0010 
31.0618 1.0000 3011.4115 0.3168 0.1019 -0.2918 3.4979 9.0000 13.2881 0.0012 
31.0540 1.0000 3008.1309 0.3179 0.1030 -0.2921 3.4976 8.0000 12.8283 0.0011 
31.0588 1.0000 3010.0834 0.3158 0.1021 -0.2902 3.4978 8.0000 12.0040 0.0010 
31.0566 1.0000 3008.6788 0.3195 0.1042 -0.2896 3.5013 8.0000 8.4316 0.0009 
31.0555 1.0000 3008.1344 0.3189 0.1038 -0.2916 3.4994 8.0000 12.4287 0.0008 
31.0549 1.0000 3008.6044 0.3188 0.1021 -0.2914 3.4977 8.0000 12.8294 0.0011 
31.0496 1.0000 3006.1296 0.3178 0.1031 -0.2898 3.4961 8.0000 13.0209 0.0011 
31.0529 1.0000 3007.0503 0.3189 0.1036 -0.2911 3.5019 8.0000 12.6467 0.0008 
31.0574 1.0000 3008.9748 0.3168 0.1021 -0.2908 3.4979 8.0000 11.9407 0.0011 
31.0563 1.0000 3008.6565 0.3178 0.1021 -0.2918 3.4953 8.0000 8.4247 0.0011 
31.0523 1.0000 3006.9874 0.3182 0.1031 -0.2912 3.5010 8.0000 11.9178 0.0010 
31.0604 1.0000 3010.2460 0.3185 0.1030 -0.2909 3.5002 8.0000 12.4343 0.0009 
31.0526 1.0000 3006.9874 0.3190 0.1021 -0.2939 3.4988 8.0000 12.2759 0.0011 
31.0538 1.0000 3007.7377 0.3202 0.1032 -0.2922 3.5008 8.0000 12.1482 0.0011 
31.0526 1.0000 3006.7719 0.3181 0.1031 -0.2922 3.4992 8.0000 13.3335 0.0010 
31.0538 1.0000 3007.2060 0.3168 0.1037 -0.2903 3.5042 8.0000 12.1164 0.0009 
31.0555 1.0000 3008.0429 0.3194 0.1025 -0.2940 3.4989 8.0000 12.0113 0.0010 
31.0571 1.0000 3008.8038 0.3193 0.1032 -0.2910 3.4994 8.0000 11.9885 0.0010 
31.0596 1.0000 3010.4525 0.3162 0.1029 -0.2898 3.4972 9.0000 11.9113 0.0009 
31.0531 1.0000 3007.7143 0.3175 0.1035 -0.2901 3.5016 8.0000 8.3222 0.0012 
31.0533 1.0000 3006.9471 0.3177 0.1019 -0.2931 3.4985 8.0000 12.3040 0.0008 
31.0544 1.0000 3007.9752 0.3170 0.1026 -0.2922 3.4939 8.0000 11.4442 0.0010 
31.0568 1.0000 3009.0159 0.3166 0.1014 -0.2922 3.4964 9.0000 12.4084 0.0011 
31.0543 1.0000 3007.9245 0.3190 0.1021 -0.2939 3.4964 8.0000 12.0067 0.0014 
31.0567 1.0000 3009.0946 0.3185 0.1025 -0.2928 3.4987 8.0000 12.3526 0.0011 
31.0592 1.0000 3009.8176 0.3177 0.1024 -0.2939 3.4978 8.0000 8.2243 0.0010 
31.0493 1.0000 3005.3550 0.3196 0.1025 -0.2938 3.4969 8.0000 12.0433 0.0014 
31.0604 1.0000 3010.0877 0.3174 0.1027 -0.2912 3.4947 8.0000 12.4231 0.0011 
31.0518 1.0000 3006.7642 0.3176 0.1035 -0.2897 3.4976 8.0000 11.9251 0.0009 
31.0542 1.0000 3008.1805 0.3175 0.1025 -0.2921 3.4958 8.0000 12.1743 0.0011 
31.0438 1.0000 3002.6864 0.3174 0.1027 -0.2921 3.4935 8.0000 9.3418 0.0008 
31.0533 1.0000 3007.0300 0.3165 0.1030 -0.2896 3.4989 8.0000 13.0112 0.0008 
31.0530 1.0000 3007.2211 0.3186 0.1026 -0.2931 3.4976 8.0000 13.2348 0.0013 
31.0596 1.0000 3010.3398 0.3195 0.1037 -0.2915 3.4966 8.0000 8.5673 0.0012 
31.0431 1.0000 3002.4087 0.3197 0.1023 -0.2958 3.5004 8.0000 13.0723 0.0008 
31.0627 1.0000 3011.5569 0.3168 0.1020 -0.2921 3.4970 8.0000 12.8348 0.0008 
31.0519 1.0000 3006.8122 0.3196 0.1034 -0.2923 3.4967 8.0000 12.1774 0.0011 
31.0605 1.0000 3010.7484 0.3182 0.1030 -0.2901 3.5020 7.0000 12.3696 0.0011 
31.0471 1.0000 3004.5747 0.3180 0.1044 -0.2880 3.5007 8.0000 11.7654 0.0011 
31.0497 1.0000 3005.2457 0.3176 0.1010 -0.2957 3.4972 8.0000 12.2872 0.0008 
31.0609 1.0000 3010.3180 0.3182 0.1024 -0.2934 3.5008 7.0000 12.2521 0.0010 
31.0604 1.0000 3010.8186 0.3187 0.1048 -0.2891 3.5042 8.0000 11.8232 0.0011 
31.0536 1.0000 3008.0118 0.3194 0.1042 -0.2894 3.4966 8.0000 11.9298 0.0007 
31.0533 1.0000 3007.6237 0.3185 0.1030 -0.2908 3.4993 9.0000 8.3840 0.0010 
31.0510 1.0000 3006.4643 0.3179 0.1024 -0.2938 3.4967 8.0000 12.2990 0.0009 
31.0509 1.0000 3006.1922 0.3170 0.1026 -0.2908 3.4985 8.0000 11.9437 0.0010 
31.0563 1.0000 3008.3317 0.3178 0.1019 -0.2928 3.4977 8.0000 8.3073 0.0011 
31.0622 1.0000 3011.7527 0.3186 0.1031 -0.2905 3.4946 8.0000 12.2122 0.0012 
31.0560 1.0000 3008.6426 0.3176 0.1024 -0.2913 3.5012 8.0000 12.1699 0.0010 
31.0641 1.0000 3011.7470 0.3174 0.1029 -0.2899 3.4974 7.0000 12.4356 0.0011 
31.0509 1.0000 3006.2469 0.3178 0.1039 -0.2883 3.4991 8.0000 11.8528 0.0012 
31.0587 1.0000 3009.8373 0.3180 0.1024 -0.2920 3.4953 8.0000 12.1632 0.0010 
31.0487 1.0000 3005.4685 0.3197 0.1035 -0.2918 3.5004 8.0000 12.2743 0.0009 
31.0542 1.0000 3007.3109 0.3174 0.1034 -0.2896 3.4972 8.0000 10.0685 0.0009 
31.0560 1.0000 3008.5069 0.3184 0.1032 -0.2904 3.5004 7.0000 11.9049 0.0009 
31.0512 1.0000 3006.3770 0.3178 0.1027 -0.2920 3.4980 7.0000 12.2248 0.0010 
31.0505 1.0000 3006.4910 0.3196 0.1041 -0.2909 3.4979 8.0000 8.3769 0.0008 
31.0554 1.0000 3008.2773 0.3174 0.1022 -0.2923 3.4997 8.0000 12.8149 0.0009 
31.0585 1.0000 3009.7357 0.3180 0.1030 -0.2909 3.4988 8.0000 8.3001 0.0010 
31.0587 1.0000 3009.6359 0.3179 0.1020 -0.2918 3.4974 9.0000 12.4762 0.0010 
31.0592 1.0000 3010.1125 0.3205 0.1034 -0.2932 3.4998 8.0000 12.2134 0.0009 
31.0605 1.0000 3010.5369 0.3183 0.1028 -0.2910 3.4961 7.0000 12.8035 0.0011 
31.0547 1.0000 3008.0568 0.3181 0.1035 -0.2899 3.5015 9.0000 12.2181 0.0010 
31.0540 1.0000 3007.7524 0.3177 0.1023 -0.2914 3.4987 8.0000 12.3731 0.0012 
31.0595 1.0000 3010.2380 0.3196 0.1025 -0.2929 3.5007 8.0000 11.8451 0.0011 
31.0550 1.0000 3007.8263 0.3211 0.1044 -0.2920 3.4997 9.0000 12.2648 0.0010 
31.0583 1.0000 3009.6098 0.3182 0.1042 -0.2878 3.4981 8.0000 12.9545 0.0009 
31.0505 1.0000 3005.8050 0.3189 0.1037 -0.2899 3.4987 8.0000 13.4217 0.0009 
31.0569 1.0000 3009.0024 0.3181 0.1018 -0.2932 3.4957 8.0000 9.8595 0.0012 
31.0515 1.0000 3006.0708 0.3180 0.1012 -0.2959 3.4978 8.0000 11.8699 0.0009 
31.0511 1.0000 3006.0518 0.3172 0.1028 -0.2903 3.4980 8.0000 11.9861 0.0009 
31.0551 1.0000 3008.0881 0.3189 0.1022 -0.2933 3.4980 8.0000 11.8870 0.0009 
31.0495 1.0000 3005.8417 0.3189 0.1022 -0.2940 3.4963 9.0000 12.2688 0.0009 
31.0583 1.0000 3009.8703 0.3183 0.1035 -0.2909 3.4978 8.0000 12.2675 0.0009 
