39.7577 4.0000 3670.2025 0.2162 0.0585 -0.4707 3.0565 6.0000 37.6861 0.0021 
39.7242 4.0000 3658.6372 0.2164 0.0583 -0.4715 3.0588 6.0000 38.0985 0.0021 
39.7393 4.0000 3663.7736 0.2130 0.0579 -0.4657 3.0590 6.0000 38.0037 0.0021 
39.7280 4.0000 3659.2691 0.2146 0.0576 -0.4705 3.0567 6.0000 38.0689 0.0015 
39.7409 4.0000 3664.6040 0.2130 0.0576 -0.4670 3.0556 6.0000 38.9719 0.0015 
39.7453 4.0000 3666.5120 0.2149 0.0579 -0.4695 3.0547 6.0000 39.0366 0.0015 
39.7458 4.0000 3666.3918 0.2141 0.0571 -0.4699 3.0560 6.0000 35.2601 0.0014 
39.7530 4.0000 3668.9782 0.2136 0.0576 -0.4659 3.0561 6.0000 35.8321 0.0014 
39.7492 4.0000 3667.7773 0.2128 0.0582 -0.4663 3.0577 6.0000 36.3896 0.0016 
39.7496 4.0000 3668.7078 0.2138 0.0579 -0.4658 3.0549 6.0000 36.9527 0.0018 
39.7438 4.0000 3666.3956 0.2136 0.0579 -0.4670 3.0560 6.0000 37.4463 0.0015 
39.7341 4.0000 3663.5170 0.2132 0.0577 -0.4677 3.0561 6.0000 38.0365 0.0016 
39.7467 4.0000 3667.6440 0.2140 0.0580 -0.4679 3.0556 6.0000 35.4581 0.0012 
39.7404 4.0000 3665.0488 0.2122 0.0575 -0.4656 3.0561 6.0000 35.9945 0.0016 
39.7575 4.0000 3671.0638 0.2117 0.0576 -0.4632 3.0578 6.0000 36.1850 0.0015 
39.7408 4.0000 3663.5295 0.2141 0.0574 -0.4692 3.0547 6.0000 37.5540 0.0017 
39.7460 4.0000 3665.8707 0.2142 0.0577 -0.4697 3.0551 6.0000 37.9737 0.0015 
39.7390 4.0000 3664.5062 0.2124 0.0574 -0.4688 3.0550 6.0000 37.9271 0.0018 
39.7478 4.0000 3667.3877 0.2137 0.0575 -0.4679 3.0563 6.0000 36.8760 0.0021 
39.7359 4.0000 3662.9669 0.2139 0.0575 -0.4676 3.0561 6.0000 37.2877 0.0016 
39.7240 4.0000 3658.2630 0.2130 0.0572 -0.4692 3.0528 6.0000 37.0543 0.0015 
39.7417 4.0000 3665.0585 0.2120 0.0575 -0.4657 3.0560 6.0000 36.0188 0.0013 
39.7465 4.0000 3666.7391 0.2128 0.0576 -0.4692 3.0537 6.0000 36.7162 0.0017 
39.7552 4.0000 3668.9674 0.2129 0.0571 -0.4652 3.0556 6.0000 36.2832 0.0014 
39.7400 4.0000 3663.9391 0.2132 0.0574 -0.4687 3.0567 6.0000 39.2153 0.0017 
39.7509 4.0000 3668.4662 0.2111 0.0571 -0.4640 3.0557 6.0000 39.5832 0.0013 
39.7379 4.0000 3663.6873 0.2128 0.0580 -0.4682 3.0572 6.0000 39.4784 0.0015 
39.7555 4.0000 3669.8636 0.2124 0.0568 -0.4668 3.0551 6.0000 35.6914 0.0012 
39.7455 4.0000 3666.4635 0.2134 0.0574 -0.4683 3.0544 6.0000 36.0779 0.0017 
39.7566 4.0000 3670.8717 0.2142 0.0581 -0.4696 3.0558 6.0000 36.5624 0.0020 
39.7384 4.0000 3663.5430 0.2123 0.0576 -0.4657 3.0564 6.0000 38.9821 0.0017 
39.7249 4.0000 3658.0852 0.2137 0.0573 -0.4708 3.0554 6.0000 39.1130 0.0016 
39.7388 4.0000 3664.0187 0.2128 0.0572 -0.4683 3.0558 6.0000 39.5068 0.0016 
39.7409 4.0000 3663.5084 0.2128 0.0575 -0.4678 3.0562 6.0000 36.0571 0.0016 
39.7415 4.0000 3664.5484 0.2136 0.0573 -0.4678 3.0556 6.0000 36.5941 0.0016 
39.7442 4.0000 3666.1101 0.2136 0.0578 -0.4685 3.0577 6.0000 37.3822 0.0015 
39.7426 4.0000 3664.7757 0.2126 0.0576 -0.4673 3.0542 6.0000 39.5437 0.0018 
39.7464 4.0000 3666.8703 0.2131 0.0575 -0.4702 3.0559 6.0000 39.7344 0.0019 
39.7341 4.0000 3663.0488 0.2145 0.0578 -0.4707 3.0538 6.0000 40.2788 0.0017 
39.7310 4.0000 3662.4450 0.2121 0.0580 -0.4660 3.0585 6.0000 39.6881 0.0015 
39.7363 4.0000 3663.4968 0.2139 0.0573 -0.4693 3.0553 6.0000 39.3466 0.0015 
39.7456 4.0000 3667.0557 0.2114 0.0571 -0.4673 3.0573 6.0000 39.0611 0.0016 
39.7446 4.0000 3665.8571 0.2135 0.0576 -0.4674 3.0533 6.0000 35.9029 0.0017 
39.7415 4.0000 3664.3648 0.2112 0.0568 -0.4651 3.0539 6.0000 36.2955 0.0017 
39.7379 4.0000 3664.0258 0.2145 0.0570 -0.4705 3.0566 6.0000 36.4064 0.0015 
39.7364 4.0000 3663.0926 0.2132 0.0573 -0.4686 3.0546 6.0000 35.9365 0.0015 
39.7444 4.0000 3666.2032 0.2125 0.0569 -0.4706 3.0566 6.0000 36.1964 0.0014 
39.7458 4.0000 3666.4102 0.2134 0.0573 -0.4689 3.0541 6.0000 36.4499 0.0013 
39.7501 4.0000 3668.2108 0.2140 0.0578 -0.4706 3.0560 6.0000 36.3330 0.0016 
39.7532 4.0000 3669.2066 0.2129 0.0576 -0.4672 3.0542 6.0000 36.1440 0.0014 
39.7435 4.0000 3665.4026 0.2129 0.0577 -0.4698 3.0576 6.0000 36.5761 0.0013 
39.7491 4.0000 3667.6593 0.2146 0.0580 -0.4703 3.0559 6.0000 36.2126 0.0016 
39.7541 4.0000 3670.1879 0.2150 0.0576 -0.4716 3.0572 6.0000 36.2390 0.0022 
39.7424 4.0000 3665.8707 0.2121 0.0580 -0.4674 3.0582 6.0000 36.1976 0.0016 
39.7182 4.0000 3656.5500 0.2142 0.0576 -0.4711 3.0570 6.0000 36.3354 0.0018 
39.7417 4.0000 3664.5471 0.2132 0.0574 -0.4693 3.0536 6.0000 36.1141 0.0012 
39.7330 4.0000 3661.7017 0.2145 0.0583 -0.4709 3.0583 6.0000 36.2903 0.0014 
39.7573 4.0000 3670.8946 0.2123 0.0577 -0.4680 3.0548 6.0000 39.6150 0.0016 
39.7507 4.0000 3668.6440 0.2128 0.0570 -0.4689 3.0575 6.0000 39.0825 0.0016 
39.7426 4.0000 3665.3796 0.2137 0.0582 -0.4687 3.0577 6.0000 38.7676 0.0015 
39.7415 4.0000 3665.5250 0.2132 0.0574 -0.4683 3.0533 6.0000 36.1235 0.0012 
39.7478 4.0000 3666.9233 0.2136 0.0574 -0.4682 3.0554 6.0000 36.7947 0.0015 
39.7588 4.0000 3671.2482 0.2140 0.0572 -0.4702 3.0560 6.0000 37.7873 0.0014 
39.7447 4.0000 3666.7442 0.2128 0.0577 -0.4652 3.0567 6.0000 40.0956 0.0015 
39.7516 4.0000 3668.2472 0.2124 0.0575 -0.4678 3.0558 6.0000 40.1335 0.0017 
39.7453 4.0000 3666.0490 0.2135 0.0580 -0.4678 3.0551 6.0000 39.8069 0.0015 
39.7377 4.0000 3664.5790 0.2140 0.0581 -0.4680 3.0571 6.0000 37.0235 0.0018 
39.7467 4.0000 3667.4102 0.2148 0.0571 -0.4702 3.0542 6.0000 36.4633 0.0015 
39.7339 4.0000 3662.1470 0.2113 0.0574 -0.4658 3.0568 6.0000 36.4259 0.0016 
39.7473 4.0000 3666.9632 0.2137 0.0575 -0.4682 3.0556 6.0000 36.1579 0.0013 
39.7404 4.0000 3664.3425 0.2124 0.0575 -0.4668 3.0545 6.0000 36.2046 0.0018 
39.7536 4.0000 3668.7175 0.2126 0.0573 -0.4683 3.0582 6.0000 36.6262 0.0017 
39.7355 4.0000 3662.7154 0.2128 0.0579 -0.4654 3.0558 6.0000 35.9707 0.0016 
39.7388 4.0000 3664.6076 0.2136 0.0577 -0.4675 3.0554 6.0000 36.2277 0.0016 
39.7415 4.0000 3665.0349 0.2144 0.0575 -0.4702 3.0564 6.0000 36.6352 0.0014 
39.7436 4.0000 3665.8717 0.2127 0.0577 -0.4687 3.0553 6.0000 36.6773 0.0019 
39.7501 4.0000 3668.7934 0.2128 0.0572 -0.4692 3.0559 6.0000 36.3132 0.0016 
39.7319 4.0000 3662.0396 0.2136 0.0583 -0.4657 3.0565 6.0000 36.4026 0.0015 
39.7415 4.0000 3664.7930 0.2132 0.0576 -0.4682 3.0571 6.0000 36.0968 0.0015 
39.7482 4.0000 3667.6653 0.2139 0.0576 -0.4690 3.0576 6.0000 35.9760 0.0013 
39.7464 4.0000 3667.4732 0.2126 0.0573 -0.4658 3.0562 6.0000 36.8345 0.0014 
39.7537 4.0000 3669.2028 0.2137 0.0578 -0.4672 3.0568 6.0000 36.0862 0.0017 
39.7494 4.0000 3668.5576 0.2131 0.0578 -0.4662 3.0601 6.0000 36.2473 0.0014 
39.7379 4.0000 3663.5763 0.2118 0.0575 -0.4654 3.0576 6.0000 36.7066 0.0019 
39.7512 4.0000 3668.7716 0.2133 0.0579 -0.4685 3.0596 6.0000 36.0788 0.0012 
39.7301 4.0000 3660.5469 0.2131 0.0582 -0.4654 3.0566 6.0000 35.9775 0.0014 
39.7575 4.0000 3670.8247 0.2151 0.0577 -0.4710 3.0577 6.0000 36.7138 0.0015 
39.7489 4.0000 3668.0486 0.2142 0.0570 -0.4696 3.0564 6.0000 36.5126 0.0015 
39.7474 4.0000 3666.9573 0.2129 0.0577 -0.4676 3.0565 6.0000 36.4624 0.0013 
39.7476 4.0000 3667.3653 0.2135 0.0576 -0.4674 3.0558 6.0000 36.2047 0.0011 
39.7543 4.0000 3669.6496 0.2140 0.0574 -0.4691 3.0552 6.0000 36.1720 0.0019 
39.7633 4.0000 3673.4628 0.2111 0.0579 -0.4664 3.0576 6.0000 36.4552 0.0017 
39.7319 4.0000 3662.1883 0.2136 0.0576 -0.4672 3.0568 6.0000 37.0669 0.0017 
39.7391 4.0000 3663.3308 0.2111 0.0575 -0.4667 3.0570 6.0000 39.7281 0.0014 
39.7382 4.0000 3663.9822 0.2131 0.0574 -0.4691 3.0545 6.0000 39.9170 0.0016 
39.7516 4.0000 3669.3563 0.2117 0.0573 -0.4651 3.0574 6.0000 39.1750 0.0017 
39.7422 4.0000 3665.5069 0.2116 0.0575 -0.4669 3.0568 6.0000 36.9853 0.0016 
39.7400 4.0000 3664.3277 0.2140 0.0578 -0.4696 3.0572 6.0000 36.0995 0.0016 
39.7435 4.0000 3665.9924 0.2137 0.0573 -0.4701 3.0562 6.0000 35.6788 0.0016 
39.7431 4.0000 3665.9476 0.2143 0.0575 -0.4699 3.0546 6.0000 26.1452 0.0016 
