39.7512 4.0000 3668.2299 0.1661 0.0501 -0.3949 2.9952 6.0000 23.4577 0.0015 
39.7341 4.0000 3657.5576 0.1680 0.0502 -0.3985 2.9976 6.0000 23.8787 0.0015 
39.7453 4.0000 3665.2789 0.1683 0.0497 -0.4009 2.9982 6.0000 23.5294 0.0015 
39.7358 4.0000 3661.9174 0.1686 0.0505 -0.3991 2.9997 6.0000 22.9712 0.0014 
39.7404 4.0000 3664.5277 0.1673 0.0498 -0.3994 2.9990 6.0000 23.1382 0.0014 
39.7484 4.0000 3664.2667 0.1711 0.0504 -0.4058 3.0002 6.0000 23.3494 0.0015 
39.7461 4.0000 3666.2169 0.1668 0.0500 -0.3968 2.9979 6.0000 23.0038 0.0015 
39.7446 4.0000 3663.4502 0.1641 0.0497 -0.3968 2.9960 6.0000 23.6759 0.0018 
39.7446 4.0000 3664.9918 0.1670 0.0498 -0.3986 2.9965 6.0000 23.5544 0.0016 
39.7346 4.0000 3661.3731 0.1694 0.0498 -0.4035 2.9971 6.0000 23.3794 0.0018 
39.7434 4.0000 3665.1299 0.1663 0.0498 -0.3992 2.9985 6.0000 23.4303 0.0017 
39.7333 4.0000 3660.9477 0.1693 0.0500 -0.4012 2.9995 6.0000 23.7896 0.0017 
39.7364 4.0000 3662.2959 0.1692 0.0496 -0.4003 2.9976 6.0000 23.5154 0.0015 
39.7377 4.0000 3663.2135 0.1661 0.0499 -0.3975 3.0010 6.0000 23.6825 0.0017 
39.7467 4.0000 3664.8607 0.1676 0.0502 -0.3974 3.0002 6.0000 23.8291 0.0013 
39.7385 4.0000 3663.8394 0.1708 0.0501 -0.4023 2.9989 6.0000 23.6508 0.0017 
39.7528 4.0000 3667.9336 0.1691 0.0496 -0.4007 2.9972 6.0000 23.7063 0.0017 
39.7383 4.0000 3663.9294 0.1688 0.0493 -0.3985 2.9993 6.0000 23.7915 0.0015 
39.7394 4.0000 3660.5477 0.1678 0.0498 -0.3993 2.9986 6.0000 23.7666 0.0016 
39.7461 4.0000 3665.9865 0.1705 0.0493 -0.4028 2.9964 6.0000 23.8028 0.0016 
39.7404 4.0000 3663.7232 0.1665 0.0496 -0.3975 2.9963 6.0000 23.8921 0.0017 
39.7406 4.0000 3664.6784 0.1692 0.0496 -0.4026 2.9960 5.0000 23.6535 0.0014 
39.7394 4.0000 3663.8218 0.1665 0.0496 -0.3976 2.9981 6.0000 23.8064 0.0019 
39.7495 4.0000 3666.4607 0.1687 0.0494 -0.4000 2.9975 6.0000 23.8627 0.0018 
39.7316 4.0000 3660.1557 0.1676 0.0498 -0.3988 2.9990 6.0000 23.7178 0.0016 
39.7329 4.0000 3660.4323 0.1690 0.0497 -0.4009 2.9995 6.0000 23.9624 0.0016 
39.7411 4.0000 3663.7013 0.1676 0.0499 -0.4007 3.0004 6.0000 23.8691 0.0015 
39.7423 4.0000 3664.0198 0.1706 0.0503 -0.4011 2.9970 6.0000 23.8073 0.0011 
39.7453 4.0000 3665.7377 0.1697 0.0495 -0.4023 2.9972 6.0000 24.2444 0.0017 
39.7610 4.0000 3671.4636 0.1676 0.0496 -0.4014 2.9993 5.0000 24.1516 0.0016 
39.7373 4.0000 3662.6183 0.1692 0.0495 -0.4022 2.9981 6.0000 23.6387 0.0016 
39.7421 4.0000 3664.2116 0.1704 0.0496 -0.4027 2.9971 6.0000 23.8698 0.0015 
39.7404 4.0000 3663.4557 0.1686 0.0494 -0.4005 2.9990 6.0000 23.7203 0.0013 
39.7451 4.0000 3665.3615 0.1690 0.0497 -0.4011 2.9977 5.0000 23.5622 0.0015 
39.7526 4.0000 3668.3422 0.1687 0.0492 -0.4008 2.9955 6.0000 24.0632 0.0019 
39.7455 4.0000 3666.2009 0.1667 0.0496 -0.3997 2.9980 6.0000 24.0726 0.0019 
39.7303 4.0000 3660.3743 0.1670 0.0497 -0.3982 2.9972 6.0000 23.5413 0.0019 
39.7297 4.0000 3659.6538 0.1669 0.0500 -0.3984 2.9991 6.0000 24.0693 0.0017 
39.7308 4.0000 3660.0122 0.1682 0.0493 -0.3993 2.9963 6.0000 23.9094 0.0015 
39.7392 4.0000 3664.0153 0.1701 0.0497 -0.4026 2.9974 6.0000 23.5900 0.0016 
39.7457 4.0000 3664.5969 0.1692 0.0493 -0.4024 2.9987 6.0000 24.1922 0.0013 
39.7413 4.0000 3662.7520 0.1698 0.0500 -0.4017 2.9996 6.0000 23.9532 0.0015 
39.7541 4.0000 3668.9687 0.1688 0.0500 -0.4024 3.0007 6.0000 23.4866 0.0015 
39.7470 4.0000 3666.1721 0.1686 0.0494 -0.4007 2.9967 5.0000 23.8406 0.0017 
39.7478 4.0000 3665.6839 0.1677 0.0496 -0.4003 2.9982 6.0000 24.0392 0.0019 
39.7381 4.0000 3663.6709 0.1678 0.0498 -0.4000 2.9975 6.0000 23.5432 0.0017 
39.7312 4.0000 3659.1295 0.1674 0.0502 -0.3989 2.9987 5.0000 24.0223 0.0016 
39.7373 4.0000 3660.8251 0.1689 0.0504 -0.4016 2.9986 6.0000 24.3696 0.0015 
39.7411 4.0000 3664.3834 0.1682 0.0496 -0.4000 2.9979 5.0000 23.7833 0.0017 
39.7463 4.0000 3665.8014 0.1690 0.0499 -0.4003 2.9962 6.0000 24.0726 0.0016 
39.7398 4.0000 3662.5498 0.1677 0.0495 -0.3975 2.9978 6.0000 24.4024 0.0018 
39.7434 4.0000 3664.8728 0.1675 0.0489 -0.4012 2.9956 6.0000 24.2196 0.0014 
39.7329 4.0000 3659.3932 0.1673 0.0498 -0.3969 2.9972 6.0000 24.2030 0.0020 
39.7484 4.0000 3666.9657 0.1675 0.0499 -0.3980 2.9985 6.0000 24.4884 0.0015 
39.7280 4.0000 3659.5006 0.1693 0.0496 -0.4024 2.9994 6.0000 23.9952 0.0016 
39.7459 4.0000 3663.6402 0.1681 0.0499 -0.3975 2.9976 6.0000 24.1044 0.0015 
39.7436 4.0000 3664.7173 0.1694 0.0499 -0.4011 2.9970 6.0000 24.6574 0.0017 
39.7457 4.0000 3666.2993 0.1679 0.0497 -0.4000 2.9987 6.0000 23.8681 0.0015 
39.7379 4.0000 3663.2772 0.1696 0.0500 -0.3989 2.9980 5.0000 24.0740 0.0016 
39.7449 4.0000 3663.8981 0.1671 0.0492 -0.4002 2.9971 6.0000 24.5345 0.0015 
39.7436 4.0000 3664.4084 0.1684 0.0492 -0.4013 2.9993 6.0000 24.0612 0.0015 
39.7444 4.0000 3665.7350 0.1685 0.0497 -0.4005 2.9973 6.0000 23.9768 0.0017 
39.7472 4.0000 3666.0198 0.1675 0.0490 -0.3986 2.9955 6.0000 24.2384 0.0016 
39.7396 4.0000 3663.3096 0.1688 0.0499 -0.4011 2.9972 6.0000 23.8276 0.0014 
39.7421 4.0000 3664.3459 0.1684 0.0499 -0.4000 2.9983 5.0000 23.9424 0.0016 
39.7501 4.0000 3666.5063 0.1685 0.0500 -0.3992 2.9976 6.0000 24.2627 0.0016 
39.7417 4.0000 3661.6246 0.1690 0.0500 -0.4006 2.9970 6.0000 23.8441 0.0018 
39.7406 4.0000 3663.5912 0.1686 0.0495 -0.4021 2.9982 6.0000 24.5976 0.0017 
39.7352 4.0000 3660.3029 0.1678 0.0497 -0.4009 2.9974 6.0000 25.3093 0.0018 
39.7379 4.0000 3662.5746 0.1678 0.0497 -0.3998 2.9979 6.0000 26.2568 0.0018 
39.7358 4.0000 3662.4033 0.1691 0.0497 -0.4023 2.9988 6.0000 25.5531 0.0017 
39.7352 4.0000 3662.0244 0.1690 0.0496 -0.4014 2.9978 6.0000 25.7217 0.0015 
39.7377 4.0000 3661.9735 0.1681 0.0497 -0.4003 2.9986 6.0000 24.0117 0.0022 
39.7461 4.0000 3666.3285 0.1672 0.0497 -0.3989 2.9998 6.0000 24.4402 0.0017 
39.7179 4.0000 3654.1177 0.1686 0.0497 -0.4020 2.9998 6.0000 24.2992 0.0015 
39.7388 4.0000 3663.3607 0.1670 0.0492 -0.3965 2.9972 6.0000 23.7564 0.0014 
39.7446 4.0000 3666.3831 0.1687 0.0502 -0.4007 2.9991 6.0000 24.7973 0.0014 
39.7505 4.0000 3667.4725 0.1679 0.0500 -0.4023 2.9976 6.0000 24.8693 0.0017 
39.7512 4.0000 3668.0820 0.1674 0.0501 -0.4016 2.9980 6.0000 24.3678 0.0016 
39.7402 4.0000 3664.3050 0.1684 0.0499 -0.3990 2.9970 6.0000 24.6796 0.0012 
39.7425 4.0000 3664.4279 0.1677 0.0498 -0.3976 2.9962 6.0000 25.2501 0.0015 
39.7564 4.0000 3669.7661 0.1681 0.0495 -0.4000 2.9987 6.0000 24.8962 0.0017 
39.7461 4.0000 3665.9061 0.1682 0.0494 -0.3998 2.9958 6.0000 24.1332 0.0016 
39.7373 4.0000 3662.4487 0.1677 0.0495 -0.3985 2.9983 6.0000 24.2827 0.0015 
39.7421 4.0000 3663.9855 0.1690 0.0497 -0.4030 2.9992 5.0000 23.8022 0.0016 
39.7461 4.0000 3665.7430 0.1675 0.0497 -0.3985 2.9996 6.0000 24.0971 0.0018 
39.7413 4.0000 3663.0311 0.1702 0.0499 -0.4018 2.9976 6.0000 24.0847 0.0014 
39.7346 4.0000 3662.4079 0.1690 0.0498 -0.4016 2.9977 6.0000 23.6460 0.0017 
39.7491 4.0000 3667.5868 0.1670 0.0499 -0.3957 2.9971 6.0000 23.9524 0.0014 
39.7390 4.0000 3662.9256 0.1680 0.0499 -0.3978 2.9963 6.0000 24.3519 0.0018 
39.7518 4.0000 3668.0979 0.1694 0.0496 -0.4025 2.9981 6.0000 23.6605 0.0013 
39.7352 4.0000 3662.3268 0.1691 0.0501 -0.4013 3.0007 6.0000 24.0419 0.0016 
39.7547 4.0000 3669.8747 0.1672 0.0495 -0.3981 2.9970 6.0000 24.5134 0.0014 
39.7417 4.0000 3663.1316 0.1668 0.0499 -0.3986 3.0005 6.0000 23.7258 0.0018 
39.7499 4.0000 3668.0841 0.1697 0.0497 -0.4042 2.9985 6.0000 23.8984 0.0012 
39.7327 4.0000 3661.5311 0.1685 0.0498 -0.4009 2.9984 6.0000 24.2227 0.0018 
39.7562 4.0000 3669.6208 0.1677 0.0496 -0.4001 2.9969 6.0000 23.8278 0.0019 
39.7346 4.0000 3658.7907 0.1690 0.0494 -0.3996 2.9975 6.0000 24.1122 0.0012 
39.7293 4.0000 3659.5008 0.1669 0.0498 -0.3979 2.9998 6.0000 23.1957 0.0012 
39.7570 4.0000 3670.0496 0.1679 0.0492 -0.4004 2.9970 6.0000 19.3034 0.0012 
