39.4204 16.5000 3563.7705 0.4724 0.1918 -0.6419 2.9078 5.0000 2.8331 0.0098 
39.2615 16.5000 3502.1266 0.4705 0.1948 -0.6469 2.9113 5.0000 2.8762 0.0098 
39.3448 16.5000 3524.9433 0.4761 0.1967 -0.6473 2.9093 5.0000 2.8600 0.0098 
39.3402 16.5000 3529.1702 0.4728 0.1916 -0.6492 2.9127 5.0000 2.4398 0.0139 
39.2575 16.5000 3509.4603 0.4745 0.1966 -0.6426 2.9106 5.0000 2.4455 0.0139 
39.2600 16.5000 3498.7385 0.4723 0.1941 -0.6487 2.9088 5.0000 2.4265 0.0139 
39.2686 16.5000 3499.1435 0.4777 0.1946 -0.6558 2.9217 5.0000 2.6004 0.0117 
39.3044 16.5000 3511.6560 0.4743 0.1971 -0.6454 2.9090 5.0000 2.7029 0.0141 
39.3463 16.5000 3545.0149 0.4770 0.1941 -0.6468 2.9148 5.0000 2.6244 0.0126 
39.3100 16.5000 3512.3667 0.4721 0.1957 -0.6479 2.9036 5.0000 2.4526 0.0133 
39.2525 16.5000 3496.3047 0.4717 0.1925 -0.6503 2.9048 5.0000 2.4575 0.0134 
39.2852 16.5000 3502.5881 0.4669 0.1906 -0.6359 2.9092 5.0000 2.4371 0.0109 
39.2807 16.5000 3508.8716 0.4765 0.1965 -0.6500 2.9077 5.0000 2.7551 0.0123 
39.3776 16.5000 3555.5168 0.4795 0.1944 -0.6449 2.8981 5.0000 2.7411 0.0123 
39.3211 16.5000 3512.5644 0.4749 0.1997 -0.6402 2.9114 5.0000 2.7227 0.0123 
39.3236 16.5000 3490.1972 0.4690 0.1948 -0.6464 2.9176 5.0000 2.5025 0.0134 
39.2570 16.5000 3495.7216 0.4794 0.1993 -0.6528 2.9167 5.0000 2.4900 0.0134 
39.2797 16.5000 3489.7897 0.4753 0.1967 -0.6463 2.9089 5.0000 2.4869 0.0137 
39.2686 16.5000 3489.0860 0.4733 0.1974 -0.6496 2.9132 5.0000 2.6545 0.0149 
39.3317 16.5000 3526.8111 0.4696 0.1912 -0.6493 2.9056 5.0000 2.5821 0.0149 
39.2217 16.5000 3469.6984 0.4724 0.1976 -0.6530 2.9191 5.0000 2.6149 0.0146 
39.2313 16.5000 3480.1105 0.4763 0.1977 -0.6539 2.9172 5.0000 2.5144 0.0137 
39.3110 16.5000 3514.9760 0.4697 0.1927 -0.6498 2.9029 5.0000 2.5189 0.0137 
39.2661 16.5000 3518.6023 0.4777 0.1965 -0.6515 2.9104 5.0000 2.5086 0.0125 
39.3140 16.5000 3512.2351 0.4719 0.1950 -0.6464 2.9061 5.0000 2.7411 0.0125 
39.3120 16.5000 3502.1392 0.4710 0.1965 -0.6421 2.9193 5.0000 2.7788 0.0110 
39.3135 16.5000 3508.4045 0.4718 0.1940 -0.6401 2.9091 5.0000 2.7591 0.0110 
39.3725 16.5000 3527.5970 0.4744 0.1942 -0.6479 2.9086 5.0000 2.5094 0.0140 
39.2318 16.5000 3469.1960 0.4786 0.1977 -0.6566 2.9021 5.0000 2.4920 0.0123 
39.2570 16.5000 3514.9473 0.4715 0.1913 -0.6435 2.9028 5.0000 2.5099 0.0123 
39.3236 16.5000 3536.2139 0.4766 0.1947 -0.6517 2.9086 5.0000 2.6559 0.0127 
39.2726 16.5000 3500.3400 0.4746 0.1941 -0.6538 2.9026 5.0000 2.6572 0.0121 
39.3084 16.5000 3517.7881 0.4715 0.1962 -0.6414 2.9102 5.0000 2.6599 0.0121 
39.3296 16.5000 3530.3607 0.4720 0.1932 -0.6506 2.9113 5.0000 2.5133 0.0118 
39.2424 16.5000 3477.2550 0.4709 0.1942 -0.6499 2.9017 5.0000 2.5151 0.0136 
39.3407 16.5000 3529.8078 0.4658 0.1919 -0.6406 2.9053 5.0000 2.5596 0.0114 
39.2731 16.5000 3501.2106 0.4790 0.1983 -0.6469 2.9143 5.0000 2.7255 0.0145 
39.3569 16.5000 3525.4739 0.4718 0.1944 -0.6452 2.9058 5.0000 2.7163 0.0128 
39.2353 16.5000 3497.1238 0.4721 0.1919 -0.6459 2.9061 5.0000 2.7451 0.0127 
39.3029 16.5000 3497.6827 0.4737 0.1975 -0.6502 2.9090 5.0000 2.4889 0.0151 
39.3049 16.5000 3525.2530 0.4785 0.1954 -0.6559 2.9125 5.0000 2.4913 0.0109 
39.2131 16.5000 3470.3380 0.4735 0.1977 -0.6410 2.9097 5.0000 2.4866 0.0126 
39.3765 16.5000 3549.7130 0.4715 0.1907 -0.6381 2.9049 5.0000 2.6534 0.0129 
39.3095 16.5000 3529.6651 0.4670 0.1896 -0.6498 2.9035 5.0000 2.6783 0.0149 
39.2984 16.5000 3514.0262 0.4684 0.1937 -0.6434 2.9026 5.0000 2.6429 0.0135 
39.2222 16.5000 3493.5687 0.4745 0.1953 -0.6432 2.9174 5.0000 2.5164 0.0124 
39.2736 16.5000 3510.4116 0.4741 0.1941 -0.6507 2.9063 5.0000 2.5085 0.0117 
39.3165 16.5000 3515.1435 0.4786 0.1971 -0.6496 2.9163 5.0000 2.5040 0.0138 
39.3448 16.5000 3535.5763 0.4646 0.1904 -0.6345 2.8954 5.0000 2.6458 0.0116 
39.2636 16.5000 3489.5677 0.4769 0.1975 -0.6489 2.9101 5.0000 2.6928 0.0153 
39.3508 16.5000 3523.9531 0.4797 0.1964 -0.6471 2.9068 5.0000 2.8254 0.0123 
39.2076 16.5000 3480.4383 0.4737 0.1954 -0.6430 2.9079 5.0000 2.6329 0.0111 
39.3221 16.5000 3521.1647 0.4707 0.1971 -0.6399 2.9041 5.0000 2.5660 0.0122 
39.3670 16.5000 3537.4164 0.4757 0.1955 -0.6466 2.9011 5.0000 2.5370 0.0139 
39.3266 16.5000 3529.8366 0.4709 0.1898 -0.6518 2.9016 5.0000 2.7080 0.0118 
39.2590 16.5000 3510.5801 0.4750 0.1933 -0.6459 2.9141 5.0000 2.6952 0.0118 
39.3397 16.5000 3513.3120 0.4765 0.1972 -0.6448 2.9032 5.0000 2.7980 0.0134 
39.3554 16.5000 3526.0893 0.4757 0.2005 -0.6470 2.9100 5.0000 2.5626 0.0126 
39.2777 16.5000 3502.7491 0.4709 0.1962 -0.6445 2.9159 5.0000 2.5314 0.0126 
39.3095 16.5000 3525.7508 0.4690 0.1930 -0.6374 2.9095 5.0000 2.5158 0.0137 
39.3261 16.5000 3507.2257 0.4732 0.1977 -0.6514 2.9091 5.0000 2.6718 0.0124 
39.2696 16.5000 3505.8830 0.4766 0.1972 -0.6510 2.9052 5.0000 2.6530 0.0124 
39.3175 16.5000 3532.6507 0.4691 0.1938 -0.6409 2.9002 5.0000 2.7296 0.0112 
39.4119 16.5000 3551.6161 0.4726 0.1937 -0.6430 2.9085 5.0000 2.5391 0.0136 
39.3644 16.5000 3539.3513 0.4729 0.1970 -0.6426 2.9156 5.0000 2.5400 0.0136 
39.2731 16.5000 3514.2113 0.4723 0.1953 -0.6458 2.9011 5.0000 2.5221 0.0112 
39.2071 16.5000 3486.9100 0.4704 0.1944 -0.6414 2.9010 5.0000 2.8023 0.0128 
39.3665 16.5000 3541.0704 0.4703 0.1936 -0.6493 2.9069 5.0000 2.8637 0.0149 
39.3039 16.5000 3523.4699 0.4727 0.1956 -0.6434 2.9160 5.0000 2.8120 0.0137 
39.2217 16.5000 3494.8237 0.4718 0.1952 -0.6427 2.9015 5.0000 2.5815 0.0107 
39.2666 16.5000 3501.0245 0.4729 0.1956 -0.6509 2.9163 5.0000 2.5711 0.0105 
39.3856 16.5000 3537.1178 0.4702 0.1930 -0.6406 2.8992 5.0000 2.5928 0.0148 
39.3907 16.5000 3543.8421 0.4701 0.1911 -0.6417 2.8904 5.0000 2.7189 0.0149 
39.2262 16.5000 3482.6926 0.4687 0.1925 -0.6511 2.9061 5.0000 2.7808 0.0100 
39.2207 16.5000 3467.2963 0.4698 0.1967 -0.6476 2.9119 5.0000 2.7496 0.0138 
39.4103 16.5000 3557.9198 0.4742 0.1971 -0.6465 2.9161 5.0000 2.5543 0.0115 
39.2656 16.5000 3500.7354 0.4710 0.1972 -0.6435 2.9164 5.0000 2.5287 0.0133 
39.3533 16.5000 3545.2580 0.4729 0.1904 -0.6502 2.9007 5.0000 2.5352 0.0102 
39.2822 16.5000 3514.4217 0.4711 0.1912 -0.6492 2.9016 5.0000 2.7522 0.0108 
39.4033 16.5000 3554.0040 0.4716 0.1902 -0.6461 2.9023 5.0000 2.7832 0.0110 
39.3796 16.5000 3540.3990 0.4750 0.1945 -0.6472 2.8972 5.0000 2.7580 0.0150 
39.3735 16.5000 3552.0479 0.4738 0.1949 -0.6457 2.9084 5.0000 2.5061 0.0110 
39.2166 16.5000 3472.3158 0.4722 0.1967 -0.6410 2.9080 5.0000 2.4677 0.0132 
39.3710 16.5000 3530.4232 0.4794 0.1993 -0.6434 2.9103 5.0000 2.4999 0.0146 
39.2873 16.5000 3506.5090 0.4739 0.1929 -0.6467 2.9077 5.0000 2.6645 0.0117 
39.2343 16.5000 3479.2817 0.4738 0.1997 -0.6487 2.9143 5.0000 2.6293 0.0138 
39.3473 16.5000 3533.4169 0.4705 0.1918 -0.6441 2.8980 5.0000 2.6929 0.0111 
39.2636 16.5000 3476.7178 0.4682 0.1926 -0.6477 2.9127 5.0000 2.5426 0.0117 
39.3700 16.5000 3550.4858 0.4796 0.1979 -0.6468 2.9043 5.0000 2.5127 0.0117 
39.3473 16.5000 3534.4439 0.4708 0.1921 -0.6481 2.9035 5.0000 2.5159 0.0113 
39.3801 16.5000 3559.0462 0.4704 0.1926 -0.6350 2.9100 5.0000 2.7456 0.0120 
39.3594 16.5000 3543.7422 0.4737 0.1934 -0.6444 2.8997 5.0000 2.6544 0.0120 
39.3332 16.5000 3519.4527 0.4696 0.1937 -0.6446 2.9020 5.0000 2.7451 0.0129 
39.3100 16.5000 3514.9100 0.4680 0.1900 -0.6459 2.9034 5.0000 2.5681 0.0114 
39.2989 16.5000 3520.8071 0.4730 0.1934 -0.6464 2.9094 5.0000 2.5697 0.0111 
39.3564 16.5000 3540.2219 0.4764 0.1957 -0.6447 2.9035 5.0000 2.5001 0.0122 
39.3685 16.5000 3552.1170 0.4728 0.1942 -0.6356 2.9038 5.0000 2.6641 0.0126 
39.3241 16.5000 3526.3884 0.4741 0.1943 -0.6480 2.9182 5.0000 2.7118 0.0166 
39.3115 16.5000 3519.3957 0.4758 0.1966 -0.6429 2.9042 5.0000 2.6737 0.0166 
39.1571 16.5000 3464.2124 0.4739 0.2002 -0.6440 2.9196 5.0000 2.3492 0.0166 
