31.0645 1.0000 3011.4697 0.2177 0.0569 -0.2925 3.4429 8.0000 25.0697 0.0006 
31.0618 1.0000 3010.3475 0.2181 0.0560 -0.2952 3.4403 8.0000 30.3368 0.0009 
31.0574 1.0000 3008.5698 0.2182 0.0567 -0.2943 3.4411 8.0000 30.7213 0.0006 
31.0587 1.0000 3009.2158 0.2173 0.0561 -0.2940 3.4424 8.0000 27.8892 0.0009 
31.0628 1.0000 3010.8530 0.2168 0.0561 -0.2948 3.4415 8.0000 26.8463 0.0008 
31.0618 1.0000 3010.3530 0.2171 0.0566 -0.2925 3.4418 8.0000 28.8463 0.0010 
31.0708 1.0000 3014.5408 0.2176 0.0569 -0.2924 3.4438 8.0000 29.6324 0.0007 
31.0650 1.0000 3011.9849 0.2152 0.0564 -0.2909 3.4428 8.0000 9.5867 0.0009 
31.0669 1.0000 3012.7451 0.2171 0.0562 -0.2946 3.4398 10.0000 14.5167 0.0008 
31.0667 1.0000 3012.2855 0.2173 0.0560 -0.2937 3.4429 8.0000 14.1524 0.0009 
31.0555 1.0000 3007.5950 0.2174 0.0557 -0.2948 3.4429 8.0000 13.7039 0.0010 
31.0581 1.0000 3009.0814 0.2183 0.0558 -0.2966 3.4412 9.0000 9.6363 0.0007 
31.0615 1.0000 3010.4627 0.2171 0.0560 -0.2945 3.4420 8.0000 13.9116 0.0007 
31.0592 1.0000 3009.1895 0.2153 0.0568 -0.2906 3.4427 8.0000 14.5237 0.0007 
31.0639 1.0000 3011.1866 0.2150 0.0556 -0.2911 3.4445 8.0000 14.2476 0.0007 
31.0584 1.0000 3009.1549 0.2171 0.0564 -0.2939 3.4441 8.0000 9.6642 0.0008 
31.0653 1.0000 3011.9394 0.2161 0.0567 -0.2921 3.4454 9.0000 14.2855 0.0009 
31.0570 1.0000 3008.5634 0.2163 0.0565 -0.2930 3.4417 8.0000 9.8241 0.0006 
31.0619 1.0000 3010.4685 0.2180 0.0562 -0.2953 3.4446 8.0000 13.9765 0.0007 
31.0650 1.0000 3011.8352 0.2164 0.0564 -0.2936 3.4425 9.0000 13.8328 0.0007 
31.0618 1.0000 3010.0904 0.2164 0.0555 -0.2949 3.4416 7.0000 14.3083 0.0009 
31.0646 1.0000 3011.3846 0.2163 0.0557 -0.2935 3.4423 8.0000 15.2276 0.0007 
31.0681 1.0000 3013.2151 0.2174 0.0561 -0.2947 3.4400 7.0000 10.7305 0.0009 
31.0641 1.0000 3011.3542 0.2172 0.0559 -0.2954 3.4414 8.0000 14.1940 0.0007 
31.0601 1.0000 3009.7607 0.2178 0.0564 -0.2943 3.4410 8.0000 14.8008 0.0008 
31.0644 1.0000 3011.7071 0.2159 0.0560 -0.2926 3.4426 8.0000 14.0131 0.0007 
31.0594 1.0000 3009.2882 0.2164 0.0558 -0.2941 3.4425 8.0000 11.3380 0.0011 
31.0641 1.0000 3011.7898 0.2137 0.0552 -0.2915 3.4419 8.0000 13.7343 0.0007 
31.0584 1.0000 3008.9058 0.2174 0.0555 -0.2956 3.4417 8.0000 12.6935 0.0006 
31.0654 1.0000 3012.0679 0.2168 0.0559 -0.2947 3.4438 8.0000 9.6889 0.0007 
31.0636 1.0000 3011.2681 0.2170 0.0564 -0.2926 3.4414 8.0000 13.8407 0.0008 
31.0627 1.0000 3010.8100 0.2165 0.0553 -0.2951 3.4423 8.0000 13.9914 0.0008 
31.0511 1.0000 3005.8311 0.2166 0.0567 -0.2927 3.4409 7.0000 13.7712 0.0008 
31.0654 1.0000 3012.0350 0.2155 0.0555 -0.2930 3.4402 8.0000 14.1069 0.0006 
31.0685 1.0000 3013.0975 0.2170 0.0562 -0.2940 3.4427 8.0000 13.7089 0.0008 
31.0653 1.0000 3011.9402 0.2177 0.0563 -0.2945 3.4427 7.0000 10.5873 0.0007 
31.0602 1.0000 3009.7467 0.2155 0.0554 -0.2929 3.4414 8.0000 12.8343 0.0007 
31.0666 1.0000 3012.3965 0.2171 0.0563 -0.2934 3.4415 7.0000 14.0639 0.0007 
31.0620 1.0000 3010.7331 0.2168 0.0557 -0.2939 3.4409 8.0000 12.4695 0.0006 
31.0582 1.0000 3008.6778 0.2172 0.0562 -0.2949 3.4428 9.0000 12.3584 0.0009 
31.0605 1.0000 3009.7937 0.2186 0.0562 -0.2956 3.4408 8.0000 10.8087 0.0007 
31.0655 1.0000 3012.0999 0.2164 0.0561 -0.2930 3.4423 8.0000 14.0909 0.0008 
31.0657 1.0000 3012.2712 0.2158 0.0560 -0.2924 3.4456 8.0000 13.4715 0.0009 
31.0640 1.0000 3011.3226 0.2159 0.0565 -0.2926 3.4438 9.0000 12.5071 0.0010 
31.0665 1.0000 3012.8070 0.2174 0.0565 -0.2935 3.4420 8.0000 13.9973 0.0008 
31.0641 1.0000 3011.4406 0.2162 0.0560 -0.2925 3.4411 8.0000 11.9777 0.0007 
31.0579 1.0000 3008.7006 0.2175 0.0558 -0.2957 3.4399 8.0000 11.1276 0.0008 
31.0620 1.0000 3010.1672 0.2160 0.0560 -0.2932 3.4408 8.0000 11.5627 0.0007 
31.0596 1.0000 3009.4333 0.2179 0.0559 -0.2955 3.4443 7.0000 12.2139 0.0008 
31.0565 1.0000 3008.2408 0.2166 0.0557 -0.2947 3.4400 8.0000 14.1768 0.0008 
31.0618 1.0000 3010.2836 0.2167 0.0565 -0.2926 3.4424 9.0000 13.8058 0.0006 
31.0619 1.0000 3010.6458 0.2157 0.0556 -0.2927 3.4436 9.0000 13.8647 0.0008 
31.0645 1.0000 3011.8552 0.2172 0.0550 -0.2949 3.4388 8.0000 14.1898 0.0007 
31.0635 1.0000 3011.2271 0.2175 0.0568 -0.2939 3.4457 8.0000 13.7862 0.0008 
31.0632 1.0000 3011.2252 0.2167 0.0559 -0.2936 3.4408 8.0000 13.7136 0.0006 
31.0619 1.0000 3010.5593 0.2164 0.0565 -0.2925 3.4438 8.0000 10.7560 0.0007 
31.0676 1.0000 3012.7154 0.2165 0.0558 -0.2936 3.4396 8.0000 9.9694 0.0009 
31.0618 1.0000 3010.3388 0.2163 0.0562 -0.2932 3.4432 8.0000 13.9870 0.0009 
31.0611 1.0000 3010.2237 0.2157 0.0563 -0.2919 3.4434 8.0000 15.8186 0.0009 
31.0640 1.0000 3011.4267 0.2147 0.0558 -0.2918 3.4449 8.0000 12.9269 0.0008 
31.0670 1.0000 3012.9679 0.2174 0.0567 -0.2938 3.4431 8.0000 13.7676 0.0008 
31.0647 1.0000 3011.7792 0.2179 0.0560 -0.2948 3.4429 8.0000 13.7928 0.0007 
31.0588 1.0000 3009.1781 0.2159 0.0554 -0.2943 3.4402 8.0000 13.7038 0.0007 
31.0633 1.0000 3010.9796 0.2173 0.0559 -0.2955 3.4428 8.0000 9.7724 0.0006 
31.0596 1.0000 3009.4054 0.2173 0.0558 -0.2938 3.4431 8.0000 13.6937 0.0007 
31.0602 1.0000 3009.5503 0.2167 0.0559 -0.2940 3.4423 7.0000 16.8943 0.0008 
31.0599 1.0000 3009.5181 0.2121 0.0541 -0.2932 3.4387 8.0000 16.5817 0.0006 
31.0604 1.0000 3009.6279 0.2158 0.0555 -0.2939 3.4427 8.0000 13.3126 0.0009 
31.0656 1.0000 3012.1656 0.2161 0.0561 -0.2935 3.4407 8.0000 13.7620 0.0007 
31.0682 1.0000 3013.5569 0.2169 0.0560 -0.2949 3.4458 8.0000 9.5862 0.0009 
31.0654 1.0000 3012.1383 0.2156 0.0560 -0.2914 3.4406 7.0000 9.7639 0.0008 
31.0627 1.0000 3010.7760 0.2152 0.0560 -0.2921 3.4451 10.0000 14.0754 0.0010 
31.0670 1.0000 3012.7023 0.2161 0.0558 -0.2931 3.4433 8.0000 13.8508 0.0006 
31.0580 1.0000 3009.1881 0.2166 0.0561 -0.2948 3.4430 8.0000 9.6252 0.0008 
31.0645 1.0000 3011.6469 0.2166 0.0559 -0.2934 3.4417 7.0000 13.6277 0.0007 
31.0584 1.0000 3008.6350 0.2180 0.0567 -0.2941 3.4424 8.0000 10.7118 0.0006 
31.0625 1.0000 3010.6109 0.2166 0.0560 -0.2934 3.4441 8.0000 13.6281 0.0009 
31.0624 1.0000 3010.3332 0.2148 0.0560 -0.2904 3.4408 8.0000 14.0683 0.0005 
31.0691 1.0000 3013.6862 0.2162 0.0551 -0.2958 3.4417 7.0000 11.2996 0.0007 
31.0547 1.0000 3007.2686 0.2168 0.0559 -0.2948 3.4434 8.0000 14.1375 0.0005 
31.0679 1.0000 3013.3198 0.2165 0.0556 -0.2947 3.4425 8.0000 9.6058 0.0008 
31.0660 1.0000 3012.1235 0.2168 0.0562 -0.2933 3.4431 8.0000 12.8153 0.0007 
31.0583 1.0000 3008.7946 0.2165 0.0558 -0.2936 3.4423 8.0000 14.1094 0.0007 
31.0609 1.0000 3010.1248 0.2173 0.0563 -0.2947 3.4441 8.0000 13.6866 0.0005 
31.0650 1.0000 3011.9051 0.2156 0.0558 -0.2929 3.4420 8.0000 14.1814 0.0007 
31.0700 1.0000 3013.7814 0.2168 0.0558 -0.2942 3.4427 8.0000 11.0749 0.0007 
31.0599 1.0000 3009.6664 0.2176 0.0558 -0.2950 3.4414 8.0000 17.3271 0.0008 
31.0650 1.0000 3011.7707 0.2120 0.0541 -0.2936 3.4401 8.0000 16.5885 0.0007 
31.0654 1.0000 3012.0410 0.2159 0.0557 -0.2926 3.4397 7.0000 14.3139 0.0007 
31.0700 1.0000 3013.9650 0.2162 0.0560 -0.2933 3.4412 8.0000 13.9160 0.0007 
31.0651 1.0000 3012.0174 0.2167 0.0563 -0.2923 3.4445 8.0000 13.4449 0.0006 
31.0641 1.0000 3011.7493 0.2170 0.0561 -0.2938 3.4396 7.0000 9.9348 0.0007 
31.0636 1.0000 3011.0801 0.2159 0.0555 -0.2937 3.4439 9.0000 14.5931 0.0007 
31.0631 1.0000 3010.8809 0.2164 0.0570 -0.2915 3.4411 8.0000 14.1632 0.0007 
31.0654 1.0000 3011.9281 0.2170 0.0559 -0.2933 3.4428 8.0000 14.7425 0.0007 
31.0658 1.0000 3012.2027 0.2169 0.0556 -0.2939 3.4400 8.0000 14.7111 0.0007 
31.0664 1.0000 3012.8656 0.2172 0.0559 -0.2952 3.4418 7.0000 10.3374 0.0007 
31.0663 1.0000 3012.1799 0.2157 0.0566 -0.2915 3.4402 8.0000 13.9091 0.0007 
31.0659 1.0000 3012.0468 0.2163 0.0560 -0.2942 3.4445 8.0000 14.1950 0.0007 
31.0636 1.0000 3011.2895 0.2167 0.0557 -0.2943 3.4382 7.0000 9.4769 0.0007 
