39.6072 16.5000 3618.3357 0.4183 0.1432 -0.6208 3.0909 6.0000 15.5657 0.0046 
39.6325 16.5000 3623.3576 0.4183 0.1420 -0.6212 3.0959 6.0000 15.1093 0.0050 
39.6240 16.5000 3626.5477 0.4181 0.1422 -0.6168 3.0930 6.0000 15.4410 0.0043 
39.6341 16.5000 3627.8351 0.4168 0.1413 -0.6236 3.0969 6.0000 15.8379 0.0039 
39.6497 16.5000 3634.7532 0.4156 0.1401 -0.6201 3.0909 6.0000 16.6624 0.0046 
39.6251 16.5000 3627.4245 0.4158 0.1424 -0.6179 3.0941 6.0000 16.3917 0.0041 
39.6448 16.5000 3631.6659 0.4158 0.1411 -0.6183 3.0923 6.0000 16.1488 0.0042 
39.6377 16.5000 3632.5253 0.4165 0.1407 -0.6183 3.0951 6.0000 16.1751 0.0040 
39.6460 16.5000 3633.6001 0.4131 0.1406 -0.6174 3.0902 6.0000 16.3778 0.0036 
39.6641 16.5000 3638.6899 0.4145 0.1422 -0.6135 3.0962 6.0000 16.4262 0.0047 
39.6208 16.5000 3626.5615 0.4165 0.1439 -0.6127 3.1019 6.0000 16.2746 0.0042 
39.6409 16.5000 3632.6142 0.4190 0.1414 -0.6244 3.0938 6.0000 16.1753 0.0039 
39.6517 16.5000 3632.8580 0.4114 0.1383 -0.6197 3.0934 6.0000 16.5855 0.0044 
39.6309 16.5000 3627.8913 0.4193 0.1405 -0.6262 3.0969 6.0000 17.3206 0.0033 
39.6756 16.5000 3645.3397 0.4156 0.1399 -0.6147 3.0875 6.0000 16.9278 0.0042 
39.6382 16.5000 3631.6297 0.4173 0.1430 -0.6172 3.0947 6.0000 17.1982 0.0043 
39.6368 16.5000 3632.6262 0.4172 0.1426 -0.6192 3.0949 6.0000 16.9673 0.0048 
39.6166 16.5000 3624.0227 0.4177 0.1414 -0.6191 3.0948 6.0000 16.6453 0.0036 
39.6627 16.5000 3639.9037 0.4126 0.1394 -0.6141 3.0891 6.0000 17.0809 0.0041 
39.6419 16.5000 3631.7870 0.4154 0.1426 -0.6207 3.0983 6.0000 16.9166 0.0039 
39.6492 16.5000 3635.1856 0.4117 0.1383 -0.6172 3.0882 6.0000 16.7467 0.0042 
39.6398 16.5000 3629.4743 0.4155 0.1435 -0.6135 3.1035 6.0000 16.6154 0.0042 
39.6398 16.5000 3630.5278 0.4158 0.1413 -0.6157 3.0964 6.0000 16.6455 0.0039 
39.6508 16.5000 3636.6436 0.4133 0.1395 -0.6157 3.0901 6.0000 16.6378 0.0044 
39.6318 16.5000 3626.7055 0.4143 0.1384 -0.6229 3.0848 6.0000 16.7515 0.0044 
39.6306 16.5000 3628.8376 0.4148 0.1411 -0.6164 3.0937 6.0000 16.3393 0.0044 
39.6322 16.5000 3629.0622 0.4187 0.1426 -0.6188 3.1027 6.0000 16.8241 0.0042 
39.6389 16.5000 3631.9507 0.4149 0.1412 -0.6151 3.0970 6.0000 16.8894 0.0042 
39.6393 16.5000 3634.2300 0.4149 0.1408 -0.6173 3.0883 6.0000 16.6922 0.0038 
39.6536 16.5000 3636.4801 0.4120 0.1403 -0.6138 3.0960 6.0000 16.6929 0.0047 
39.6215 16.5000 3623.8936 0.4128 0.1407 -0.6187 3.0998 6.0000 16.6711 0.0047 
39.6212 16.5000 3625.1627 0.4156 0.1419 -0.6191 3.0952 6.0000 16.9862 0.0045 
39.6260 16.5000 3627.2062 0.4119 0.1405 -0.6120 3.0952 6.0000 16.6226 0.0050 
39.6082 16.5000 3621.1386 0.4123 0.1400 -0.6098 3.0989 6.0000 16.9715 0.0044 
39.6322 16.5000 3626.5773 0.4171 0.1420 -0.6185 3.0932 6.0000 16.9732 0.0039 
39.6499 16.5000 3635.6797 0.4176 0.1418 -0.6193 3.0922 6.0000 16.7296 0.0038 
39.6568 16.5000 3634.9086 0.4159 0.1406 -0.6211 3.0908 6.0000 17.1232 0.0044 
39.6315 16.5000 3623.8913 0.4130 0.1433 -0.6103 3.0953 6.0000 16.4077 0.0040 
39.6474 16.5000 3633.2085 0.4173 0.1428 -0.6203 3.0965 6.0000 16.7106 0.0047 
39.6203 16.5000 3625.7001 0.4167 0.1417 -0.6132 3.0968 6.0000 16.6185 0.0043 
39.6359 16.5000 3629.9039 0.4126 0.1395 -0.6178 3.0917 6.0000 16.8155 0.0040 
39.6462 16.5000 3633.2388 0.4180 0.1415 -0.6178 3.0923 6.0000 16.9657 0.0044 
39.6297 16.5000 3628.3162 0.4124 0.1412 -0.6126 3.0942 6.0000 16.1727 0.0043 
39.6350 16.5000 3629.6847 0.4189 0.1439 -0.6199 3.0964 6.0000 17.3206 0.0052 
39.6011 16.5000 3619.5843 0.4127 0.1418 -0.6147 3.0911 6.0000 17.0127 0.0043 
39.6338 16.5000 3631.0776 0.4132 0.1393 -0.6155 3.0926 6.0000 16.8364 0.0043 
39.6361 16.5000 3635.0175 0.4162 0.1402 -0.6204 3.0904 6.0000 17.4558 0.0039 
39.6510 16.5000 3637.1537 0.4140 0.1413 -0.6129 3.0952 6.0000 16.9547 0.0036 
39.6648 16.5000 3638.4968 0.4169 0.1408 -0.6202 3.0943 5.0000 16.5856 0.0048 
39.6166 16.5000 3624.1564 0.4182 0.1423 -0.6210 3.0963 6.0000 16.4970 0.0039 
39.6515 16.5000 3634.0782 0.4173 0.1412 -0.6174 3.0936 6.0000 16.4623 0.0039 
39.6531 16.5000 3639.9878 0.4191 0.1445 -0.6195 3.0955 6.0000 16.3262 0.0046 
39.6233 16.5000 3625.8808 0.4183 0.1427 -0.6209 3.0942 6.0000 16.7893 0.0044 
39.6332 16.5000 3630.3068 0.4155 0.1417 -0.6176 3.0938 6.0000 17.1216 0.0045 
39.6283 16.5000 3625.3665 0.4126 0.1405 -0.6117 3.0882 6.0000 16.9006 0.0044 
39.6325 16.5000 3629.1459 0.4133 0.1397 -0.6161 3.0986 6.0000 16.9986 0.0043 
39.6338 16.5000 3626.9419 0.4159 0.1404 -0.6204 3.0958 6.0000 16.8040 0.0043 
39.6364 16.5000 3629.3947 0.4144 0.1411 -0.6194 3.0968 6.0000 16.8241 0.0036 
39.6634 16.5000 3638.4602 0.4141 0.1412 -0.6197 3.0994 6.0000 16.2649 0.0044 
39.6313 16.5000 3629.8409 0.4176 0.1435 -0.6154 3.0964 6.0000 16.9593 0.0053 
39.5953 16.5000 3616.0979 0.4150 0.1440 -0.6102 3.0935 6.0000 16.8629 0.0046 
39.6221 16.5000 3627.4550 0.4186 0.1422 -0.6199 3.1014 6.0000 16.7984 0.0030 
39.6863 16.5000 3646.3522 0.4146 0.1414 -0.6204 3.1000 6.0000 17.1087 0.0035 
39.6675 16.5000 3642.9109 0.4143 0.1416 -0.6129 3.0943 6.0000 16.6685 0.0046 
39.6228 16.5000 3625.0304 0.4160 0.1426 -0.6181 3.0973 6.0000 17.4851 0.0047 
39.6199 16.5000 3622.5365 0.4140 0.1451 -0.6117 3.1015 6.0000 17.0636 0.0042 
39.6377 16.5000 3629.1379 0.4127 0.1412 -0.6152 3.0901 6.0000 16.8176 0.0038 
39.6565 16.5000 3637.2491 0.4149 0.1387 -0.6223 3.0900 6.0000 16.3913 0.0038 
39.6552 16.5000 3636.8158 0.4150 0.1421 -0.6127 3.0975 6.0000 16.7477 0.0056 
39.6531 16.5000 3634.5260 0.4172 0.1404 -0.6166 3.0916 6.0000 16.1604 0.0039 
39.5845 16.5000 3608.9850 0.4137 0.1410 -0.6154 3.0964 6.0000 16.4983 0.0035 
39.6680 16.5000 3640.7474 0.4162 0.1420 -0.6175 3.0889 6.0000 16.5532 0.0043 
39.6364 16.5000 3630.4595 0.4163 0.1398 -0.6172 3.0935 6.0000 16.3697 0.0042 
39.6405 16.5000 3631.4204 0.4132 0.1406 -0.6152 3.0965 6.0000 17.0708 0.0043 
39.6373 16.5000 3628.3801 0.4150 0.1408 -0.6152 3.0991 6.0000 16.4327 0.0035 
39.6664 16.5000 3641.3018 0.4147 0.1396 -0.6176 3.0975 6.0000 17.0174 0.0034 
39.6726 16.5000 3644.0424 0.4131 0.1419 -0.6139 3.0877 6.0000 16.9545 0.0049 
39.6118 16.5000 3621.0925 0.4152 0.1412 -0.6204 3.0964 6.0000 17.2171 0.0040 
39.6469 16.5000 3631.0471 0.4152 0.1425 -0.6139 3.0954 6.0000 16.6848 0.0044 
39.6334 16.5000 3628.6860 0.4148 0.1406 -0.6162 3.0919 6.0000 17.6838 0.0036 
39.6636 16.5000 3639.4786 0.4142 0.1391 -0.6207 3.0941 6.0000 16.8936 0.0041 
39.6446 16.5000 3632.8804 0.4148 0.1388 -0.6241 3.0918 6.0000 16.7899 0.0046 
39.6249 16.5000 3625.2243 0.4194 0.1427 -0.6189 3.0927 6.0000 16.7564 0.0046 
39.6247 16.5000 3627.8221 0.4166 0.1446 -0.6136 3.0977 6.0000 17.5282 0.0038 
39.6538 16.5000 3637.3518 0.4153 0.1420 -0.6180 3.0985 6.0000 17.0840 0.0048 
39.6164 16.5000 3622.9052 0.4154 0.1409 -0.6193 3.0971 6.0000 17.0413 0.0046 
39.6251 16.5000 3626.1788 0.4158 0.1404 -0.6208 3.0932 5.0000 17.1385 0.0043 
39.6336 16.5000 3629.9878 0.4172 0.1415 -0.6177 3.0927 6.0000 17.1277 0.0047 
39.6196 16.5000 3626.9100 0.4152 0.1397 -0.6206 3.0965 6.0000 17.4432 0.0041 
39.6416 16.5000 3630.1103 0.4142 0.1422 -0.6160 3.0898 6.0000 17.7524 0.0043 
39.6336 16.5000 3630.7273 0.4169 0.1418 -0.6201 3.0972 6.0000 17.2267 0.0041 
39.6442 16.5000 3633.6343 0.4125 0.1396 -0.6189 3.0989 6.0000 17.0836 0.0045 
39.6265 16.5000 3626.2809 0.4167 0.1445 -0.6147 3.0973 6.0000 17.0822 0.0041 
39.6419 16.5000 3632.3187 0.4144 0.1386 -0.6207 3.0901 6.0000 17.2638 0.0038 
39.6545 16.5000 3638.4386 0.4139 0.1400 -0.6137 3.0916 6.0000 17.2212 0.0041 
39.6423 16.5000 3634.3746 0.4160 0.1411 -0.6193 3.0944 6.0000 17.6102 0.0037 
39.6604 16.5000 3638.1300 0.4171 0.1421 -0.6123 3.0952 6.0000 17.5332 0.0044 
39.6311 16.5000 3631.1386 0.4159 0.1420 -0.6151 3.0948 6.0000 17.2287 0.0041 
39.6435 16.5000 3635.4355 0.4147 0.1436 -0.6153 3.0998 6.0000 17.0570 0.0042 
39.6400 16.5000 3628.4870 0.4147 0.1416 -0.6146 3.0987 6.0000 16.1941 0.0042 
