38.7600 16.5000 3301.4536 0.5220 0.2456 -0.6470 2.7912 5.0000 0.9951 0.0233 
38.9433 16.5000 3381.4309 0.5321 0.2495 -0.6532 2.7761 5.0000 0.9210 0.0240 
38.8718 16.5000 3357.5612 0.5198 0.2516 -0.6440 2.7924 5.0000 0.8963 0.0240 
38.9407 16.5000 3411.4325 0.5265 0.2497 -0.6347 2.7854 5.0000 0.8997 0.0302 
38.8987 16.5000 3395.8251 0.5284 0.2503 -0.6423 2.7794 5.0000 0.9191 0.0249 
38.6372 16.5000 3270.8735 0.5202 0.2499 -0.6562 2.7897 5.0000 0.8612 0.0249 
38.8373 16.5000 3347.5082 0.5196 0.2443 -0.6488 2.7979 5.0000 0.8424 0.0263 
38.8390 16.5000 3329.5839 0.5260 0.2492 -0.6504 2.7873 5.0000 0.8475 0.0228 
38.7869 16.5000 3341.8983 0.5151 0.2486 -0.6395 2.7906 5.0000 0.8382 0.0228 
38.9189 16.5000 3414.3556 0.5351 0.2523 -0.6478 2.7915 5.0000 0.8420 0.0284 
38.9357 16.5000 3382.7423 0.5128 0.2455 -0.6185 2.7885 5.0000 0.8468 0.0237 
38.7070 16.5000 3293.6267 0.5286 0.2571 -0.6446 2.7996 5.0000 0.8385 0.0237 
38.8844 16.5000 3406.3464 0.5330 0.2545 -0.6360 2.7851 5.0000 0.8502 0.0182 
38.7650 16.5000 3323.4594 0.5158 0.2448 -0.6445 2.7930 5.0000 0.8402 0.0251 
39.0954 16.5000 3465.9016 0.5252 0.2455 -0.6348 2.7808 5.0000 0.8498 0.0251 
38.8298 16.5000 3385.6208 0.5224 0.2468 -0.6396 2.7854 5.0000 0.8411 0.0218 
38.7760 16.5000 3317.4847 0.5325 0.2584 -0.6470 2.8034 5.0000 0.8395 0.0253 
38.9584 16.5000 3410.7911 0.5227 0.2466 -0.6436 2.7748 5.0000 0.8465 0.0253 
38.8247 16.5000 3340.1522 0.5160 0.2481 -0.6318 2.7947 5.0000 0.8440 0.0237 
38.6709 16.5000 3293.0122 0.5276 0.2506 -0.6493 2.7906 5.0000 0.8433 0.0243 
38.8836 16.5000 3355.9504 0.5092 0.2428 -0.6369 2.7850 5.0000 0.8462 0.0220 
38.8609 16.5000 3370.0504 0.5245 0.2472 -0.6443 2.7970 5.0000 0.8465 0.0218 
38.9500 16.5000 3422.8869 0.5246 0.2477 -0.6391 2.7795 5.0000 0.8455 0.0253 
38.9567 16.5000 3392.2783 0.5226 0.2495 -0.6487 2.7830 5.0000 0.8481 0.0238 
38.8247 16.5000 3326.3220 0.5172 0.2559 -0.6305 2.7947 5.0000 0.8424 0.0249 
38.8802 16.5000 3353.2963 0.5183 0.2479 -0.6475 2.7991 5.0000 0.8460 0.0235 
38.8382 16.5000 3326.5708 0.5190 0.2466 -0.6482 2.7904 5.0000 0.8516 0.0260 
38.8911 16.5000 3389.4292 0.5379 0.2554 -0.6441 2.7949 5.0000 0.8407 0.0241 
38.7970 16.5000 3357.8167 0.5145 0.2454 -0.6505 2.7878 5.0000 0.8329 0.0246 
38.8701 16.5000 3369.8142 0.5217 0.2539 -0.6342 2.7861 5.0000 0.8352 0.0224 
38.8483 16.5000 3351.8428 0.5287 0.2547 -0.6445 2.8021 5.0000 0.8465 0.0235 
38.9348 16.5000 3393.0685 0.5190 0.2478 -0.6370 2.7896 5.0000 0.8303 0.0235 
38.8920 16.5000 3391.9891 0.5188 0.2440 -0.6337 2.7785 5.0000 0.8334 0.0223 
38.8020 16.5000 3339.5881 0.5236 0.2441 -0.6531 2.7689 5.0000 0.8308 0.0193 
38.9365 16.5000 3388.4472 0.5274 0.2516 -0.6435 2.7785 5.0000 0.8286 0.0193 
39.0525 16.5000 3432.8155 0.5265 0.2491 -0.6392 2.7832 5.0000 0.8348 0.0220 
38.9786 16.5000 3415.6234 0.5305 0.2499 -0.6468 2.7678 5.0000 0.8336 0.0213 
38.9483 16.5000 3397.4989 0.5215 0.2527 -0.6287 2.7903 5.0000 0.8307 0.0213 
38.9760 16.5000 3434.4859 0.5206 0.2378 -0.6378 2.7694 5.0000 0.8291 0.0190 
38.6028 16.5000 3253.1433 0.5250 0.2549 -0.6455 2.8043 5.0000 0.8360 0.0270 
39.0652 16.5000 3461.3821 0.5293 0.2439 -0.6471 2.7742 5.0000 0.8381 0.0270 
38.7575 16.5000 3345.0147 0.5250 0.2463 -0.6489 2.7848 5.0000 0.8246 0.0270 
38.9046 16.5000 3366.8340 0.5335 0.2546 -0.6548 2.8043 5.0000 0.8445 0.0221 
38.7600 16.5000 3316.1169 0.5247 0.2549 -0.6397 2.7866 5.0000 0.8400 0.0221 
38.9466 16.5000 3422.7827 0.5150 0.2456 -0.6233 2.7675 5.0000 0.8365 0.0251 
38.6683 16.5000 3294.6314 0.5355 0.2561 -0.6581 2.7866 5.0000 0.8509 0.0232 
38.8298 16.5000 3340.7650 0.5234 0.2485 -0.6445 2.7896 5.0000 0.8437 0.0232 
38.9029 16.5000 3409.8680 0.5140 0.2397 -0.6402 2.7665 5.0000 0.8364 0.0232 
38.7423 16.5000 3303.8033 0.5291 0.2512 -0.6581 2.7887 5.0000 0.8600 0.0203 
38.7642 16.5000 3332.0925 0.5298 0.2509 -0.6549 2.7833 5.0000 0.8449 0.0203 
39.0147 16.5000 3435.1232 0.5268 0.2495 -0.6406 2.7786 5.0000 0.8388 0.0203 
38.8029 16.5000 3367.8058 0.5183 0.2475 -0.6291 2.7843 5.0000 0.8517 0.0263 
38.7860 16.5000 3359.4510 0.5301 0.2529 -0.6502 2.7895 5.0000 0.8487 0.0263 
38.7860 16.5000 3326.1833 0.5236 0.2528 -0.6426 2.7940 5.0000 0.8514 0.0263 
38.7726 16.5000 3342.9340 0.5254 0.2516 -0.6561 2.7811 5.0000 0.8407 0.0204 
38.8945 16.5000 3394.1362 0.5294 0.2480 -0.6454 2.7850 5.0000 0.8428 0.0204 
39.0113 16.5000 3423.9596 0.5189 0.2470 -0.6418 2.7656 5.0000 0.8572 0.0197 
39.0366 16.5000 3439.9327 0.5177 0.2461 -0.6354 2.7775 5.0000 0.8347 0.0267 
38.8474 16.5000 3341.6469 0.5220 0.2521 -0.6397 2.7896 5.0000 0.8412 0.0267 
38.7701 16.5000 3308.9718 0.5277 0.2555 -0.6480 2.8019 5.0000 0.8374 0.0245 
38.8533 16.5000 3373.6503 0.5237 0.2493 -0.6420 2.7866 5.0000 0.8444 0.0207 
38.9617 16.5000 3418.2219 0.5137 0.2453 -0.6372 2.7822 5.0000 0.8390 0.0207 
38.9996 16.5000 3436.5120 0.5217 0.2411 -0.6304 2.7743 5.0000 0.8460 0.0266 
38.7751 16.5000 3308.4767 0.5258 0.2535 -0.6522 2.7986 5.0000 0.8520 0.0257 
39.0559 16.5000 3445.4090 0.5212 0.2467 -0.6370 2.7800 5.0000 0.8426 0.0257 
38.8096 16.5000 3356.4321 0.5289 0.2567 -0.6393 2.8024 5.0000 0.8427 0.0257 
38.7936 16.5000 3376.1942 0.5291 0.2474 -0.6515 2.7740 5.0000 0.8539 0.0241 
39.0029 16.5000 3399.1223 0.5307 0.2509 -0.6424 2.7961 5.0000 0.8589 0.0241 
38.8693 16.5000 3373.9563 0.5316 0.2558 -0.6458 2.8018 5.0000 0.8474 0.0241 
38.7423 16.5000 3311.2114 0.5193 0.2477 -0.6504 2.7917 5.0000 0.8443 0.0288 
38.8197 16.5000 3344.9735 0.5228 0.2483 -0.6404 2.7851 5.0000 0.8544 0.0288 
38.6902 16.5000 3316.5498 0.5265 0.2519 -0.6488 2.7845 5.0000 0.8508 0.0252 
38.8281 16.5000 3348.0513 0.5161 0.2491 -0.6290 2.7950 5.0000 0.8294 0.0277 
39.0660 16.5000 3444.9147 0.5318 0.2497 -0.6487 2.7814 5.0000 0.8352 0.0241 
38.7339 16.5000 3329.6158 0.5327 0.2539 -0.6495 2.7941 5.0000 0.8379 0.0241 
38.8684 16.5000 3370.1959 0.5176 0.2437 -0.6404 2.7699 5.0000 0.8516 0.0305 
38.9601 16.5000 3413.3527 0.5277 0.2473 -0.6327 2.7855 5.0000 0.8488 0.0305 
38.6272 16.5000 3297.4821 0.5230 0.2539 -0.6437 2.7978 5.0000 0.8505 0.0246 
38.8491 16.5000 3347.1467 0.5149 0.2458 -0.6346 2.7926 5.0000 0.8342 0.0226 
38.8760 16.5000 3375.7671 0.5280 0.2501 -0.6440 2.7910 5.0000 0.8373 0.0253 
38.9264 16.5000 3367.8092 0.5230 0.2502 -0.6395 2.7915 5.0000 0.8415 0.0253 
38.8222 16.5000 3364.0706 0.5168 0.2492 -0.6279 2.7913 5.0000 0.8326 0.0238 
38.7978 16.5000 3313.1400 0.5352 0.2540 -0.6579 2.8035 5.0000 0.8357 0.0213 
38.8802 16.5000 3371.8537 0.5231 0.2525 -0.6247 2.7765 5.0000 0.8460 0.0209 
38.9752 16.5000 3424.0597 0.5167 0.2432 -0.6254 2.7652 5.0000 0.8431 0.0264 
38.9912 16.5000 3406.9138 0.5123 0.2423 -0.6335 2.7746 5.0000 0.8324 0.0264 
38.7835 16.5000 3359.9126 0.5368 0.2586 -0.6393 2.8074 5.0000 0.8326 0.0252 
38.9374 16.5000 3418.0967 0.5207 0.2465 -0.6363 2.7718 5.0000 0.8309 0.0265 
38.8289 16.5000 3375.3434 0.5227 0.2498 -0.6422 2.7705 5.0000 0.8326 0.0265 
38.7768 16.5000 3325.4763 0.5230 0.2494 -0.6516 2.7881 5.0000 0.8373 0.0211 
38.7238 16.5000 3302.3775 0.5216 0.2539 -0.6383 2.8001 5.0000 0.8295 0.0219 
38.9836 16.5000 3415.7301 0.5239 0.2448 -0.6413 2.7891 5.0000 0.8347 0.0238 
38.9542 16.5000 3401.0702 0.5290 0.2489 -0.6537 2.7956 5.0000 0.8416 0.0224 
38.8819 16.5000 3378.5137 0.5223 0.2486 -0.6485 2.7889 5.0000 0.8440 0.0212 
38.9323 16.5000 3395.2249 0.5280 0.2449 -0.6441 2.7725 5.0000 0.8424 0.0212 
38.9802 16.5000 3432.4826 0.5352 0.2541 -0.6449 2.7892 5.0000 0.8556 0.0212 
38.7810 16.5000 3332.5322 0.5279 0.2540 -0.6501 2.7899 5.0000 0.8411 0.0218 
38.9786 16.5000 3404.7373 0.5314 0.2514 -0.6517 2.7779 5.0000 0.8427 0.0223 
38.9584 16.5000 3407.1181 0.5149 0.2456 -0.6268 2.7760 5.0000 0.8467 0.0223 
38.9374 16.5000 3370.9786 0.5286 0.2537 -0.6353 2.7985 5.0000 0.8112 0.0223 
