39.0113 16.5000 3437.6805 0.5154 0.2394 -0.6359 2.7545 5.0000 0.9828 0.0313 
38.8491 16.5000 3346.7087 0.5163 0.2490 -0.6489 2.7850 5.0000 0.9039 0.0231 
38.9079 16.5000 3370.0437 0.5094 0.2474 -0.6258 2.7821 5.0000 0.9454 0.0266 
38.7751 16.5000 3380.0874 0.5151 0.2446 -0.6392 2.7848 5.0000 0.8699 0.0218 
38.5960 16.5000 3255.2972 0.5146 0.2465 -0.6557 2.7931 5.0000 0.8457 0.0218 
38.9567 16.5000 3399.5006 0.5057 0.2359 -0.6261 2.7707 5.0000 0.8622 0.0245 
38.8121 16.5000 3369.1316 0.5099 0.2435 -0.6327 2.7751 5.0000 0.8779 0.0300 
38.8525 16.5000 3371.6940 0.5105 0.2395 -0.6446 2.7778 5.0000 0.8371 0.0239 
38.8768 16.5000 3386.4203 0.5074 0.2401 -0.6389 2.7795 5.0000 0.8367 0.0260 
38.6482 16.5000 3282.9433 0.5121 0.2414 -0.6446 2.7985 5.0000 0.8390 0.0254 
38.7970 16.5000 3347.5696 0.5219 0.2465 -0.6468 2.7871 5.0000 0.8448 0.0167 
38.8180 16.5000 3336.1236 0.5165 0.2461 -0.6472 2.7688 5.0000 0.8340 0.0167 
39.1501 16.5000 3486.1488 0.5088 0.2345 -0.6415 2.7695 5.0000 0.8412 0.0260 
38.8651 16.5000 3387.8134 0.5051 0.2355 -0.6397 2.7722 5.0000 0.8428 0.0241 
38.7961 16.5000 3329.3459 0.5164 0.2495 -0.6415 2.7929 5.0000 0.8416 0.0241 
38.8684 16.5000 3408.3237 0.5224 0.2417 -0.6448 2.7652 5.0000 0.8346 0.0273 
38.7961 16.5000 3351.2173 0.5173 0.2448 -0.6382 2.7797 5.0000 0.8343 0.0242 
38.7482 16.5000 3313.7747 0.5128 0.2459 -0.6392 2.7950 5.0000 0.8347 0.0242 
38.8651 16.5000 3389.0113 0.5118 0.2418 -0.6289 2.7651 5.0000 0.8351 0.0248 
38.8298 16.5000 3344.3598 0.5096 0.2419 -0.6366 2.7805 5.0000 0.8391 0.0278 
38.8424 16.5000 3365.1988 0.5262 0.2453 -0.6579 2.7805 5.0000 0.8316 0.0278 
38.7297 16.5000 3302.8491 0.5327 0.2542 -0.6626 2.7942 5.0000 0.8366 0.0221 
38.8373 16.5000 3344.1715 0.5207 0.2463 -0.6629 2.7886 5.0000 0.8419 0.0183 
38.9466 16.5000 3373.2778 0.5139 0.2438 -0.6397 2.7968 5.0000 0.8317 0.0183 
39.0895 16.5000 3477.0206 0.5123 0.2367 -0.6370 2.7565 5.0000 0.8356 0.0242 
38.8457 16.5000 3373.9512 0.5039 0.2370 -0.6323 2.7484 5.0000 0.8401 0.0245 
38.8634 16.5000 3349.3039 0.5133 0.2478 -0.6343 2.7846 5.0000 0.8494 0.0245 
38.8550 16.5000 3384.2413 0.5195 0.2437 -0.6502 2.7785 5.0000 0.8437 0.0269 
38.8878 16.5000 3399.9378 0.5032 0.2395 -0.6289 2.7731 5.0000 0.8460 0.0248 
38.7642 16.5000 3336.8970 0.5118 0.2463 -0.6318 2.7850 5.0000 0.8392 0.0248 
38.8432 16.5000 3337.8504 0.5061 0.2427 -0.6483 2.7880 5.0000 0.8437 0.0262 
38.8903 16.5000 3374.1799 0.5209 0.2485 -0.6550 2.7727 5.0000 0.8863 0.0237 
38.7894 16.5000 3366.2001 0.5110 0.2428 -0.6455 2.7790 5.0000 0.8413 0.0261 
38.7936 16.5000 3373.0601 0.5214 0.2440 -0.6525 2.7833 5.0000 0.8505 0.0208 
38.8852 16.5000 3406.8609 0.5140 0.2385 -0.6482 2.7669 5.0000 0.8346 0.0273 
38.9954 16.5000 3424.8121 0.5169 0.2428 -0.6425 2.7819 5.0000 0.8514 0.0232 
38.7474 16.5000 3321.2022 0.5227 0.2479 -0.6560 2.7976 5.0000 0.8419 0.0236 
38.9021 16.5000 3387.7562 0.5182 0.2404 -0.6432 2.7810 5.0000 0.8414 0.0247 
38.8878 16.5000 3384.9617 0.5180 0.2425 -0.6450 2.7813 5.0000 0.8390 0.0259 
38.8474 16.5000 3393.0181 0.5101 0.2399 -0.6249 2.7771 5.0000 0.8337 0.0238 
38.7995 16.5000 3364.0504 0.5117 0.2461 -0.6294 2.7848 5.0000 0.8299 0.0236 
38.8794 16.5000 3386.4313 0.5210 0.2432 -0.6553 2.7763 5.0000 0.8333 0.0246 
38.8878 16.5000 3388.9626 0.5126 0.2405 -0.6419 2.7722 5.0000 0.8341 0.0217 
38.8508 16.5000 3366.6087 0.5157 0.2413 -0.6508 2.7674 5.0000 0.8311 0.0230 
38.9592 16.5000 3406.8247 0.5264 0.2454 -0.6536 2.7863 5.0000 0.8378 0.0237 
38.9113 16.5000 3432.4363 0.5222 0.2430 -0.6449 2.7721 5.0000 0.8437 0.0226 
38.8852 16.5000 3377.8873 0.5150 0.2419 -0.6453 2.7738 5.0000 0.8317 0.0226 
38.9248 16.5000 3368.3766 0.5044 0.2396 -0.6362 2.7761 5.0000 0.8432 0.0206 
38.9903 16.5000 3445.4813 0.5120 0.2400 -0.6304 2.7726 5.0000 0.8496 0.0260 
39.0013 16.5000 3425.9025 0.5246 0.2464 -0.6467 2.7741 5.0000 0.8443 0.0260 
38.7953 16.5000 3329.6183 0.5215 0.2478 -0.6358 2.7895 5.0000 0.8549 0.0226 
39.0357 16.5000 3438.2362 0.5108 0.2383 -0.6380 2.7659 5.0000 0.8639 0.0238 
38.9273 16.5000 3401.0584 0.5188 0.2444 -0.6447 2.7798 5.0000 0.8540 0.0238 
38.8819 16.5000 3387.0727 0.5090 0.2425 -0.6321 2.7675 5.0000 0.8526 0.0217 
38.7945 16.5000 3353.8403 0.5086 0.2391 -0.6411 2.7743 5.0000 0.8985 0.0227 
38.9601 16.5000 3405.4384 0.5107 0.2388 -0.6376 2.7773 5.0000 0.9065 0.0227 
38.9239 16.5000 3371.7755 0.5066 0.2417 -0.6318 2.7830 5.0000 0.9140 0.0271 
38.8457 16.5000 3362.2236 0.5213 0.2472 -0.6553 2.7898 5.0000 0.8530 0.0228 
38.7566 16.5000 3366.1665 0.5155 0.2477 -0.6346 2.7852 5.0000 0.8465 0.0228 
38.9180 16.5000 3369.7276 0.5195 0.2501 -0.6380 2.7808 5.0000 0.8403 0.0243 
38.8575 16.5000 3376.8878 0.5219 0.2466 -0.6356 2.7908 5.0000 0.8682 0.0221 
38.8617 16.5000 3372.1328 0.5124 0.2437 -0.6465 2.7736 5.0000 0.8529 0.0221 
38.9441 16.5000 3418.4203 0.5232 0.2457 -0.6347 2.7747 5.0000 0.8489 0.0217 
38.8188 16.5000 3357.8857 0.5253 0.2525 -0.6423 2.7986 5.0000 0.8440 0.0260 
38.9601 16.5000 3394.6843 0.5065 0.2433 -0.6354 2.7617 5.0000 0.8425 0.0260 
38.7953 16.5000 3354.2446 0.5142 0.2414 -0.6465 2.7764 5.0000 0.8435 0.0203 
38.9138 16.5000 3389.0139 0.5056 0.2443 -0.6302 2.7824 5.0000 0.8469 0.0228 
39.0139 16.5000 3404.9744 0.5152 0.2459 -0.6488 2.7737 5.0000 0.8431 0.0228 
38.9172 16.5000 3387.8167 0.5152 0.2435 -0.6436 2.7932 5.0000 0.8430 0.0250 
38.7684 16.5000 3334.3817 0.5148 0.2450 -0.6441 2.7867 5.0000 0.8525 0.0238 
38.8365 16.5000 3369.3770 0.5177 0.2446 -0.6519 2.7782 5.0000 0.8500 0.0238 
38.8794 16.5000 3375.5368 0.5050 0.2396 -0.6374 2.7692 5.0000 0.8384 0.0263 
38.7928 16.5000 3309.5065 0.5075 0.2420 -0.6488 2.7789 5.0000 0.8411 0.0234 
38.7860 16.5000 3328.9987 0.5095 0.2463 -0.6309 2.7830 5.0000 0.8545 0.0234 
38.8945 16.5000 3380.4632 0.5183 0.2425 -0.6438 2.7831 5.0000 0.8379 0.0207 
38.8146 16.5000 3374.6414 0.5078 0.2397 -0.6374 2.7652 5.0000 0.8350 0.0218 
38.9987 16.5000 3393.0786 0.5080 0.2441 -0.6466 2.7781 5.0000 0.8396 0.0227 
38.9575 16.5000 3402.7566 0.5083 0.2384 -0.6348 2.7725 5.0000 0.8486 0.0219 
38.9231 16.5000 3393.7402 0.5168 0.2438 -0.6530 2.7805 5.0000 0.8394 0.0284 
38.9542 16.5000 3428.8180 0.5229 0.2437 -0.6469 2.7711 5.0000 0.8435 0.0221 
38.7070 16.5000 3298.0084 0.5151 0.2498 -0.6452 2.7811 5.0000 0.8361 0.0186 
38.9441 16.5000 3389.3359 0.5165 0.2401 -0.6482 2.7715 5.0000 0.8470 0.0242 
39.0786 16.5000 3446.2051 0.5110 0.2403 -0.6317 2.7695 5.0000 0.8505 0.0268 
38.8634 16.5000 3379.2762 0.5169 0.2443 -0.6334 2.7658 5.0000 0.8516 0.0234 
38.7650 16.5000 3378.9096 0.5102 0.2407 -0.6247 2.7585 5.0000 0.8414 0.0204 
38.8962 16.5000 3365.9815 0.5193 0.2421 -0.6631 2.7719 5.0000 0.8499 0.0241 
39.0113 16.5000 3441.5191 0.5213 0.2440 -0.6457 2.7636 5.0000 0.8503 0.0206 
38.8701 16.5000 3358.3447 0.5144 0.2433 -0.6336 2.7781 5.0000 0.8540 0.0221 
39.0021 16.5000 3419.4620 0.5167 0.2407 -0.6565 2.7787 5.0000 0.8491 0.0202 
38.9466 16.5000 3421.7764 0.5132 0.2408 -0.6397 2.7726 5.0000 0.8459 0.0284 
39.0172 16.5000 3441.9992 0.5188 0.2403 -0.6542 2.7607 5.0000 0.8445 0.0211 
38.7053 16.5000 3319.8974 0.5136 0.2425 -0.6422 2.7910 5.0000 0.8469 0.0212 
38.9836 16.5000 3431.1736 0.5148 0.2391 -0.6499 2.7695 5.0000 0.8448 0.0205 
38.9802 16.5000 3439.8949 0.5129 0.2413 -0.6312 2.7743 5.0000 0.8451 0.0302 
39.0071 16.5000 3404.2724 0.5213 0.2440 -0.6666 2.7813 5.0000 0.8494 0.0283 
38.6389 16.5000 3270.2606 0.5122 0.2473 -0.6457 2.7972 5.0000 0.8431 0.0270 
38.7087 16.5000 3293.4275 0.5145 0.2477 -0.6436 2.7953 5.0000 0.8361 0.0254 
38.7608 16.5000 3341.1686 0.5030 0.2385 -0.6351 2.7677 5.0000 0.8345 0.0319 
38.8197 16.5000 3360.6053 0.5145 0.2448 -0.6410 2.7845 5.0000 0.8332 0.0319 
38.5759 16.5000 3251.9546 0.5152 0.2469 -0.6555 2.7824 5.0000 0.8100 0.0319 
