39.6054 16.5000 3618.8135 0.4974 0.1864 -0.6373 3.0858 6.0000 11.4609 0.0062 
39.5589 16.5000 3604.8583 0.5016 0.1869 -0.6402 3.0910 6.0000 11.3307 0.0062 
39.5679 16.5000 3607.7887 0.5027 0.1915 -0.6415 3.0834 6.0000 11.2835 0.0062 
39.5620 16.5000 3607.4264 0.5060 0.1929 -0.6446 3.0949 6.0000 11.3299 0.0060 
39.5760 16.5000 3613.1125 0.5030 0.1918 -0.6392 3.0760 6.0000 11.6130 0.0064 
39.5670 16.5000 3611.4813 0.5048 0.1950 -0.6367 3.0875 6.0000 11.6007 0.0048 
39.5522 16.5000 3604.8693 0.5039 0.1907 -0.6369 3.0924 5.0000 11.9225 0.0067 
39.6144 16.5000 3625.5015 0.5037 0.1906 -0.6319 3.0909 6.0000 11.8014 0.0063 
39.5393 16.5000 3599.2095 0.5029 0.1934 -0.6366 3.0922 6.0000 11.7488 0.0063 
39.5575 16.5000 3610.2884 0.5026 0.1902 -0.6390 3.0939 6.0000 12.1129 0.0063 
39.5435 16.5000 3600.0995 0.5076 0.1930 -0.6465 3.1010 6.0000 12.0428 0.0050 
39.5547 16.5000 3604.4862 0.5051 0.1911 -0.6485 3.0959 6.0000 12.2128 0.0063 
39.6066 16.5000 3619.5982 0.5076 0.1905 -0.6451 3.0866 6.0000 12.0372 0.0061 
39.5547 16.5000 3606.1264 0.5018 0.1895 -0.6434 3.0969 6.0000 12.0630 0.0059 
39.5631 16.5000 3602.5515 0.5050 0.1933 -0.6504 3.0997 6.0000 11.9079 0.0059 
39.5726 16.5000 3605.9025 0.5059 0.1914 -0.6489 3.0980 6.0000 12.1166 0.0075 
39.5825 16.5000 3613.5485 0.5007 0.1865 -0.6469 3.0821 5.0000 12.0323 0.0075 
39.5113 16.5000 3592.1942 0.5029 0.1905 -0.6410 3.0831 6.0000 12.0123 0.0069 
39.5323 16.5000 3595.7727 0.5048 0.1922 -0.6391 3.1019 6.0000 12.0596 0.0067 
39.5443 16.5000 3602.1040 0.4994 0.1879 -0.6386 3.0875 6.0000 12.0005 0.0067 
39.5410 16.5000 3598.5899 0.5057 0.1919 -0.6416 3.0879 6.0000 12.1140 0.0055 
39.6032 16.5000 3618.4576 0.5005 0.1892 -0.6441 3.0937 6.0000 12.2640 0.0060 
39.5886 16.5000 3614.8819 0.5050 0.1925 -0.6369 3.0920 6.0000 12.0474 0.0062 
39.5606 16.5000 3603.6920 0.5053 0.1916 -0.6394 3.0963 6.0000 12.0089 0.0060 
39.5665 16.5000 3609.0764 0.5059 0.1950 -0.6393 3.0993 6.0000 12.2567 0.0058 
39.5668 16.5000 3603.4620 0.5031 0.1923 -0.6400 3.0928 6.0000 12.0782 0.0058 
39.5757 16.5000 3611.1192 0.5015 0.1885 -0.6419 3.0885 6.0000 12.1615 0.0058 
39.5110 16.5000 3588.1976 0.5017 0.1904 -0.6432 3.1029 6.0000 12.1771 0.0061 
39.5923 16.5000 3614.6832 0.5049 0.1925 -0.6363 3.0972 5.0000 12.3207 0.0062 
39.5659 16.5000 3612.0737 0.5037 0.1926 -0.6317 3.0989 6.0000 12.1909 0.0062 
39.5614 16.5000 3607.4933 0.5053 0.1908 -0.6426 3.0968 6.0000 12.2495 0.0065 
39.5780 16.5000 3610.8614 0.5038 0.1871 -0.6509 3.0937 6.0000 12.0928 0.0065 
39.5505 16.5000 3597.4886 0.4999 0.1890 -0.6379 3.0933 6.0000 12.3689 0.0064 
39.5539 16.5000 3603.5875 0.5027 0.1919 -0.6385 3.0953 6.0000 12.1341 0.0061 
39.5480 16.5000 3601.5256 0.5047 0.1901 -0.6400 3.0876 6.0000 12.1252 0.0061 
39.5654 16.5000 3609.0629 0.5061 0.1930 -0.6411 3.0988 6.0000 12.2222 0.0052 
39.5654 16.5000 3605.4989 0.5055 0.1913 -0.6487 3.0956 6.0000 12.2411 0.0064 
39.5993 16.5000 3615.6668 0.5070 0.1915 -0.6483 3.0928 5.0000 12.2966 0.0064 
39.5516 16.5000 3606.2508 0.5071 0.1950 -0.6374 3.0934 6.0000 12.0419 0.0049 
39.5152 16.5000 3589.6080 0.4970 0.1878 -0.6388 3.0952 6.0000 12.2033 0.0057 
39.6119 16.5000 3627.2316 0.5043 0.1909 -0.6400 3.0962 6.0000 12.2221 0.0057 
39.5791 16.5000 3616.1917 0.5038 0.1902 -0.6439 3.0885 6.0000 12.1751 0.0055 
39.5872 16.5000 3614.4562 0.5086 0.1946 -0.6422 3.0924 6.0000 12.4470 0.0055 
39.5875 16.5000 3615.2058 0.5045 0.1912 -0.6409 3.0959 6.0000 12.4418 0.0055 
39.5861 16.5000 3615.4149 0.5075 0.1898 -0.6497 3.0918 6.0000 12.4359 0.0056 
39.5858 16.5000 3610.1872 0.4996 0.1894 -0.6424 3.0904 6.0000 12.3485 0.0061 
39.5755 16.5000 3616.7594 0.5022 0.1907 -0.6330 3.0940 6.0000 12.2284 0.0061 
39.5656 16.5000 3608.5487 0.5012 0.1868 -0.6433 3.0922 6.0000 12.1354 0.0061 
39.5295 16.5000 3598.2783 0.5100 0.1973 -0.6423 3.0925 6.0000 12.2632 0.0066 
39.5432 16.5000 3596.0754 0.5034 0.1927 -0.6379 3.0985 6.0000 12.3320 0.0066 
39.5438 16.5000 3596.9971 0.5018 0.1909 -0.6395 3.0908 6.0000 12.4030 0.0063 
39.5567 16.5000 3602.3780 0.5040 0.1944 -0.6376 3.0967 6.0000 12.2579 0.0062 
39.5396 16.5000 3599.7327 0.5053 0.1897 -0.6514 3.0951 6.0000 12.2319 0.0062 
39.5620 16.5000 3606.2452 0.5046 0.1955 -0.6353 3.0902 5.0000 12.2606 0.0057 
39.5359 16.5000 3590.8508 0.5103 0.1920 -0.6485 3.0918 5.0000 12.3690 0.0057 
39.5819 16.5000 3616.4683 0.5036 0.1873 -0.6521 3.0863 6.0000 12.2842 0.0057 
39.5797 16.5000 3614.9968 0.5024 0.1881 -0.6347 3.0874 6.0000 12.0801 0.0057 
39.5696 16.5000 3613.5508 0.5042 0.1894 -0.6413 3.0904 6.0000 12.0339 0.0067 
39.5928 16.5000 3615.1812 0.5023 0.1889 -0.6389 3.0884 6.0000 12.2063 0.0055 
39.5396 16.5000 3598.5703 0.5043 0.1916 -0.6435 3.0900 6.0000 12.3143 0.0066 
39.5900 16.5000 3615.0769 0.5005 0.1885 -0.6383 3.0997 6.0000 12.2421 0.0063 
39.5457 16.5000 3598.7664 0.5041 0.1940 -0.6413 3.0975 6.0000 11.8606 0.0065 
39.5480 16.5000 3605.3445 0.5049 0.1890 -0.6382 3.0868 6.0000 12.4815 0.0068 
39.5567 16.5000 3599.0413 0.5044 0.1915 -0.6405 3.0913 6.0000 12.0859 0.0062 
39.5373 16.5000 3599.6413 0.5074 0.1906 -0.6441 3.0991 5.0000 12.1230 0.0050 
39.5600 16.5000 3606.4924 0.5058 0.1937 -0.6361 3.0949 6.0000 12.5776 0.0059 
39.6068 16.5000 3619.2560 0.5046 0.1936 -0.6399 3.0938 6.0000 12.0601 0.0061 
39.5707 16.5000 3608.5815 0.5069 0.1899 -0.6434 3.0926 6.0000 12.4135 0.0063 
39.5626 16.5000 3605.4174 0.5050 0.1930 -0.6387 3.0950 6.0000 12.3175 0.0064 
39.5581 16.5000 3608.7297 0.5132 0.1945 -0.6472 3.0874 6.0000 12.1843 0.0057 
39.5528 16.5000 3600.3559 0.5007 0.1895 -0.6383 3.0985 6.0000 12.2470 0.0070 
39.5813 16.5000 3604.5930 0.5018 0.1929 -0.6282 3.1000 6.0000 12.2872 0.0048 
39.5275 16.5000 3597.5822 0.4992 0.1892 -0.6359 3.0910 6.0000 12.2706 0.0061 
39.6166 16.5000 3623.6979 0.5048 0.1921 -0.6407 3.0948 6.0000 12.2218 0.0065 
39.5659 16.5000 3608.6692 0.5051 0.1922 -0.6424 3.0957 6.0000 12.4788 0.0050 
39.5480 16.5000 3604.3565 0.5051 0.1902 -0.6438 3.0952 6.0000 12.3501 0.0056 
39.6077 16.5000 3625.9484 0.5051 0.1942 -0.6391 3.0951 6.0000 12.3134 0.0057 
39.5858 16.5000 3609.9353 0.5035 0.1924 -0.6367 3.0974 6.0000 12.8216 0.0062 
39.5819 16.5000 3609.9381 0.5012 0.1895 -0.6380 3.0966 6.0000 12.6590 0.0057 
39.5623 16.5000 3609.1596 0.5027 0.1872 -0.6435 3.0867 6.0000 12.5940 0.0082 
39.5788 16.5000 3612.9514 0.5103 0.1923 -0.6456 3.0902 6.0000 12.6945 0.0071 
39.4813 16.5000 3575.5018 0.4970 0.1880 -0.6358 3.0922 6.0000 12.3502 0.0055 
39.5236 16.5000 3590.2200 0.5074 0.1904 -0.6495 3.0852 6.0000 12.2058 0.0064 
39.5892 16.5000 3617.0657 0.5063 0.1902 -0.6416 3.0884 6.0000 12.4582 0.0063 
39.5539 16.5000 3602.8441 0.5011 0.1908 -0.6317 3.0762 6.0000 12.0954 0.0051 
39.5570 16.5000 3606.6134 0.5036 0.1894 -0.6416 3.0900 6.0000 12.5261 0.0059 
39.6049 16.5000 3619.9980 0.5087 0.1935 -0.6427 3.1004 6.0000 12.3890 0.0068 
39.5735 16.5000 3613.3028 0.5053 0.1918 -0.6418 3.0939 6.0000 12.4711 0.0069 
39.5385 16.5000 3596.7987 0.5000 0.1908 -0.6333 3.0973 6.0000 12.3495 0.0056 
39.5331 16.5000 3596.1844 0.4992 0.1857 -0.6439 3.0786 6.0000 12.4248 0.0068 
39.5825 16.5000 3614.4111 0.5013 0.1917 -0.6324 3.1014 6.0000 12.5487 0.0067 
39.5371 16.5000 3594.1040 0.5063 0.1947 -0.6396 3.0991 6.0000 12.2330 0.0053 
39.5399 16.5000 3591.4320 0.5050 0.1912 -0.6431 3.0917 6.0000 12.4139 0.0068 
39.5956 16.5000 3615.4496 0.5008 0.1868 -0.6404 3.0901 6.0000 12.5585 0.0059 
39.5371 16.5000 3600.8073 0.5032 0.1927 -0.6417 3.0923 6.0000 12.3226 0.0059 
39.5724 16.5000 3609.2148 0.5048 0.1908 -0.6407 3.0958 6.0000 12.3144 0.0060 
39.5584 16.5000 3597.4496 0.5069 0.1943 -0.6446 3.0973 6.0000 12.4425 0.0077 
39.5665 16.5000 3614.6577 0.5008 0.1873 -0.6392 3.0873 5.0000 12.5012 0.0061 
39.5006 16.5000 3581.9484 0.4990 0.1892 -0.6425 3.0948 6.0000 11.8202 0.0061 
39.5634 16.5000 3605.5452 0.5046 0.1917 -0.6328 3.0972 6.0000 8.7809 0.0061 
