38.4073 4.0000 3291.9483 0.5463 0.2770 -0.6227 2.6694 5.0000 0.4238 0.0387 
38.4111 4.0000 3228.5700 0.5377 0.2764 -0.6380 2.6735 5.0000 0.4014 0.0322 
38.5637 4.0000 3317.6784 0.5320 0.2789 -0.6034 2.6547 5.0000 0.4232 0.0387 
38.3228 4.0000 3176.8449 0.5552 0.2863 -0.6588 2.7014 5.0000 0.3813 0.0403 
38.2648 4.0000 3173.8525 0.5330 0.2748 -0.6371 2.6953 5.0000 0.4046 0.0345 
38.5448 4.0000 3308.1614 0.5385 0.2777 -0.6164 2.6490 5.0000 0.3999 0.0345 
38.4779 4.0000 3253.3266 0.5456 0.2817 -0.6216 2.6740 5.0000 0.4699 0.0269 
38.6595 4.0000 3361.8235 0.5380 0.2723 -0.6365 2.6403 5.0000 0.4309 0.0269 
38.7629 4.0000 3403.5498 0.5292 0.2684 -0.5982 2.6411 5.0000 0.4458 0.0350 
38.5183 4.0000 3279.9369 0.5427 0.2774 -0.6300 2.6662 5.0000 0.3759 0.0326 
38.4603 4.0000 3310.0593 0.5461 0.2774 -0.6433 2.6737 5.0000 0.3767 0.0326 
38.5473 4.0000 3280.7175 0.5474 0.2835 -0.6300 2.6684 5.0000 0.3738 0.0332 
38.7781 4.0000 3321.5019 0.5328 0.2720 -0.6282 2.6687 5.0000 0.3866 0.0309 
38.5259 4.0000 3289.3808 0.5364 0.2753 -0.6163 2.6567 5.0000 0.3771 0.0309 
38.6129 4.0000 3297.2913 0.5380 0.2757 -0.6200 2.6832 5.0000 0.3769 0.0315 
38.5902 4.0000 3299.6696 0.5352 0.2762 -0.6312 2.6625 5.0000 0.3745 0.0356 
38.7062 4.0000 3340.6381 0.5341 0.2714 -0.6187 2.6340 5.0000 0.3807 0.0313 
38.4388 4.0000 3227.6507 0.5526 0.2828 -0.6471 2.6818 5.0000 0.3737 0.0313 
38.5990 4.0000 3284.3153 0.5393 0.2763 -0.6162 2.6593 5.0000 0.3717 0.0320 
38.4388 4.0000 3329.6431 0.5246 0.2672 -0.5918 2.6452 5.0000 0.3753 0.0346 
38.5725 4.0000 3268.8424 0.5514 0.2791 -0.6364 2.6763 5.0000 0.3744 0.0346 
38.4729 4.0000 3288.6456 0.5285 0.2703 -0.6130 2.6392 5.0000 0.3713 0.0364 
38.6847 4.0000 3356.8600 0.5374 0.2726 -0.6210 2.6355 5.0000 0.3810 0.0307 
38.4061 4.0000 3236.0076 0.5394 0.2803 -0.6278 2.6734 5.0000 0.3740 0.0307 
38.6204 4.0000 3331.7301 0.5417 0.2736 -0.6268 2.6594 5.0000 0.3703 0.0395 
38.5864 4.0000 3296.7894 0.5507 0.2813 -0.6441 2.6551 5.0000 0.3761 0.0353 
38.2926 4.0000 3188.4641 0.5371 0.2794 -0.6250 2.6722 5.0000 0.3803 0.0353 
38.4502 4.0000 3244.9105 0.5380 0.2800 -0.6130 2.6697 5.0000 0.3804 0.0318 
38.3682 4.0000 3240.8184 0.5388 0.2771 -0.6257 2.6613 5.0000 0.3813 0.0340 
38.5776 4.0000 3283.4704 0.5423 0.2798 -0.6219 2.6627 5.0000 0.3778 0.0340 
38.4981 4.0000 3278.5309 0.5398 0.2772 -0.6327 2.6631 5.0000 0.3731 0.0289 
38.3720 4.0000 3263.5385 0.5439 0.2764 -0.6174 2.6756 5.0000 0.3747 0.0332 
38.6885 4.0000 3312.7806 0.5460 0.2794 -0.6449 2.6644 5.0000 0.3769 0.0332 
38.5271 4.0000 3294.4729 0.5481 0.2813 -0.6315 2.6554 5.0000 0.3719 0.0344 
38.6078 4.0000 3285.8815 0.5339 0.2750 -0.6113 2.6535 5.0000 0.3776 0.0350 
38.4805 4.0000 3260.6671 0.5314 0.2744 -0.6166 2.6545 5.0000 0.3734 0.0350 
38.4603 4.0000 3238.3922 0.5300 0.2704 -0.6232 2.6454 5.0000 0.3672 0.0328 
38.4237 4.0000 3230.1955 0.5267 0.2752 -0.6140 2.6654 5.0000 0.3755 0.0327 
38.5422 4.0000 3299.7554 0.5357 0.2736 -0.6225 2.6461 5.0000 0.3748 0.0327 
38.5460 4.0000 3286.0681 0.5359 0.2797 -0.6160 2.6689 5.0000 0.3699 0.0321 
38.5069 4.0000 3248.5952 0.5422 0.2851 -0.6216 2.6808 5.0000 0.3748 0.0375 
38.5687 4.0000 3324.0202 0.5513 0.2793 -0.6444 2.6515 5.0000 0.3760 0.0375 
38.3657 4.0000 3222.4086 0.5320 0.2799 -0.6276 2.6639 5.0000 0.3702 0.0372 
38.4363 4.0000 3277.9420 0.5454 0.2812 -0.6253 2.6677 5.0000 0.3741 0.0365 
38.3770 4.0000 3225.4716 0.5315 0.2721 -0.6339 2.6734 5.0000 0.3752 0.0365 
38.4048 4.0000 3252.1324 0.5544 0.2799 -0.6458 2.6673 5.0000 0.3719 0.0320 
38.5801 4.0000 3278.2610 0.5407 0.2788 -0.6196 2.6676 5.0000 0.3736 0.0336 
38.5700 4.0000 3287.2623 0.5249 0.2726 -0.6084 2.6607 5.0000 0.3753 0.0336 
38.5132 4.0000 3319.6103 0.5373 0.2708 -0.6163 2.6413 5.0000 0.3696 0.0311 
38.8525 4.0000 3401.7541 0.5533 0.2776 -0.6238 2.6465 5.0000 0.3735 0.0299 
38.6053 4.0000 3323.2207 0.5381 0.2764 -0.6416 2.6686 5.0000 0.3766 0.0299 
38.6494 4.0000 3334.5813 0.5462 0.2757 -0.6361 2.6630 5.0000 0.3817 0.0281 
38.4943 4.0000 3242.3266 0.5315 0.2766 -0.6090 2.6787 5.0000 0.3843 0.0351 
38.7163 4.0000 3343.9760 0.5294 0.2673 -0.6377 2.6536 5.0000 0.3815 0.0351 
38.4552 4.0000 3254.4666 0.5366 0.2794 -0.6237 2.6573 5.0000 0.3692 0.0344 
38.9054 4.0000 3402.8613 0.5401 0.2693 -0.6250 2.6338 5.0000 0.3747 0.0363 
38.4805 4.0000 3272.3153 0.5451 0.2812 -0.6351 2.6873 5.0000 0.3749 0.0363 
38.4124 4.0000 3246.1538 0.5354 0.2764 -0.6412 2.6460 5.0000 0.3690 0.0314 
38.6734 4.0000 3332.9369 0.5470 0.2772 -0.6433 2.6576 5.0000 0.3731 0.0310 
38.5927 4.0000 3277.6393 0.5369 0.2761 -0.6274 2.6601 5.0000 0.3728 0.0310 
38.6103 4.0000 3351.8398 0.5531 0.2780 -0.6393 2.6571 5.0000 0.3747 0.0422 
38.6469 4.0000 3340.8310 0.5449 0.2805 -0.6154 2.6528 5.0000 0.3745 0.0338 
38.1955 4.0000 3180.4426 0.5401 0.2808 -0.6275 2.6795 5.0000 0.3740 0.0338 
38.5057 4.0000 3248.5624 0.5317 0.2777 -0.6299 2.6752 5.0000 0.3705 0.0335 
38.5183 4.0000 3276.3468 0.5355 0.2754 -0.6272 2.6591 5.0000 0.3760 0.0358 
38.5158 4.0000 3289.1059 0.5226 0.2722 -0.6258 2.6591 5.0000 0.3743 0.0358 
38.4300 4.0000 3220.4666 0.5446 0.2806 -0.6310 2.6887 5.0000 0.3707 0.0352 
38.5422 4.0000 3309.9319 0.5489 0.2840 -0.6272 2.6656 5.0000 0.3757 0.0274 
38.4527 4.0000 3285.4489 0.5375 0.2682 -0.6526 2.6643 5.0000 0.3767 0.0274 
38.7453 4.0000 3350.9483 0.5448 0.2761 -0.6215 2.6566 5.0000 0.3734 0.0341 
38.5851 4.0000 3324.8600 0.5353 0.2769 -0.6065 2.6554 5.0000 0.3754 0.0300 
38.4943 4.0000 3288.3796 0.5371 0.2750 -0.6122 2.6640 5.0000 0.3854 0.0267 
38.6456 4.0000 3310.8146 0.5495 0.2818 -0.6284 2.6780 5.0000 0.3730 0.0275 
38.7718 4.0000 3376.6507 0.5321 0.2675 -0.6253 2.6450 5.0000 0.3726 0.0344 
38.7390 4.0000 3368.1589 0.5403 0.2712 -0.6280 2.6397 5.0000 0.3712 0.0365 
38.4830 4.0000 3290.8310 0.5493 0.2749 -0.6372 2.6478 5.0000 0.3810 0.0357 
38.4048 4.0000 3250.6192 0.5344 0.2781 -0.6171 2.6599 5.0000 0.3787 0.0288 
38.4325 4.0000 3270.1728 0.5331 0.2767 -0.6062 2.6567 5.0000 0.3884 0.0331 
38.6898 4.0000 3333.9609 0.5445 0.2779 -0.6170 2.6485 5.0000 0.3751 0.0348 
38.5309 4.0000 3320.2509 0.5412 0.2762 -0.6147 2.6615 5.0000 0.3710 0.0357 
38.4653 4.0000 3245.6166 0.5374 0.2766 -0.6248 2.6565 5.0000 0.3746 0.0316 
38.4338 4.0000 3258.7541 0.5327 0.2787 -0.6091 2.6657 5.0000 0.3735 0.0292 
38.5864 4.0000 3337.7150 0.5527 0.2845 -0.6244 2.6700 5.0000 0.3802 0.0353 
38.6747 4.0000 3319.8108 0.5414 0.2747 -0.6171 2.6542 5.0000 0.3877 0.0332 
38.4489 4.0000 3252.6948 0.5299 0.2726 -0.6174 2.6613 5.0000 0.3703 0.0385 
38.5259 4.0000 3264.4351 0.5430 0.2830 -0.6264 2.6705 5.0000 0.3756 0.0347 
38.3291 4.0000 3201.7579 0.5313 0.2749 -0.6331 2.6684 5.0000 0.3732 0.0294 
38.4691 4.0000 3262.1892 0.5425 0.2792 -0.6390 2.6731 5.0000 0.3725 0.0367 
38.6696 4.0000 3328.7125 0.5501 0.2763 -0.6551 2.6722 5.0000 0.3743 0.0374 
38.3985 4.0000 3230.0454 0.5441 0.2799 -0.6354 2.6729 5.0000 0.3726 0.0368 
38.3707 4.0000 3244.8335 0.5432 0.2808 -0.6195 2.6786 5.0000 0.3729 0.0337 
38.3922 4.0000 3213.2472 0.5450 0.2831 -0.6259 2.6948 5.0000 0.3719 0.0312 
38.5082 4.0000 3253.6520 0.5351 0.2770 -0.6301 2.6496 5.0000 0.3703 0.0309 
38.6028 4.0000 3323.2346 0.5470 0.2764 -0.6381 2.6496 5.0000 0.3728 0.0248 
38.6129 4.0000 3299.0984 0.5292 0.2777 -0.5932 2.6746 5.0000 0.3763 0.0345 
38.8436 4.0000 3393.2598 0.5329 0.2722 -0.6129 2.6345 5.0000 0.3918 0.0331 
38.4779 4.0000 3271.5624 0.5390 0.2733 -0.6240 2.6673 5.0000 0.3751 0.0407 
38.5322 4.0000 3313.0025 0.5300 0.2683 -0.6274 2.6571 5.0000 0.3738 0.0385 
38.2484 4.0000 3194.1311 0.5320 0.2743 -0.6274 2.6504 5.0000 0.3677 0.0385 
38.3291 4.0000 3203.0391 0.5349 0.2792 -0.6253 2.6853 5.0000 0.3721 0.0385 
