39.6904 16.5000 3648.9619 0.3675 0.1170 -0.5919 3.1130 7.0000 29.5203 0.0027 
39.7071 16.5000 3655.4294 0.3686 0.1168 -0.5939 3.1138 6.0000 29.4612 0.0027 
39.7001 16.5000 3652.4753 0.3667 0.1163 -0.5933 3.1147 6.0000 29.7191 0.0027 
39.6648 16.5000 3638.1020 0.3720 0.1169 -0.5991 3.1102 6.0000 31.7198 0.0028 
39.6696 16.5000 3640.3292 0.3620 0.1134 -0.5947 3.1099 6.0000 31.5592 0.0028 
39.6950 16.5000 3649.8983 0.3663 0.1165 -0.5892 3.1123 6.0000 31.9361 0.0029 
39.6890 16.5000 3648.5064 0.3688 0.1159 -0.5977 3.1085 6.0000 31.8964 0.0029 
39.6911 16.5000 3647.2806 0.3667 0.1156 -0.5942 3.1110 6.0000 32.0381 0.0029 
39.6911 16.5000 3650.0852 0.3705 0.1176 -0.5972 3.1094 6.0000 32.1383 0.0036 
39.6686 16.5000 3640.0178 0.3688 0.1170 -0.5957 3.1110 6.0000 28.9474 0.0033 
39.6632 16.5000 3637.1834 0.3663 0.1168 -0.5962 3.1119 6.0000 29.1613 0.0036 
39.6760 16.5000 3642.1418 0.3673 0.1156 -0.5963 3.1128 6.0000 29.3217 0.0030 
39.6646 16.5000 3640.1620 0.3698 0.1181 -0.5956 3.1120 6.0000 29.3154 0.0033 
39.6853 16.5000 3645.9232 0.3680 0.1163 -0.5978 3.1129 6.0000 29.1896 0.0033 
39.6745 16.5000 3642.4400 0.3660 0.1153 -0.5968 3.1136 6.0000 29.4013 0.0030 
39.6764 16.5000 3642.3298 0.3683 0.1174 -0.5948 3.1152 6.0000 29.4530 0.0024 
39.6884 16.5000 3648.1946 0.3700 0.1175 -0.5933 3.1137 6.0000 29.1690 0.0024 
39.7094 16.5000 3656.4590 0.3708 0.1185 -0.5921 3.1115 6.0000 29.3262 0.0029 
39.6774 16.5000 3643.2374 0.3659 0.1152 -0.5950 3.1139 6.0000 29.3347 0.0032 
39.6890 16.5000 3647.4715 0.3670 0.1160 -0.5945 3.1091 6.0000 29.4984 0.0032 
39.6785 16.5000 3644.5411 0.3709 0.1171 -0.5987 3.1100 6.0000 29.3661 0.0032 
39.6923 16.5000 3650.7527 0.3661 0.1149 -0.5947 3.1115 6.0000 29.7251 0.0030 
39.6783 16.5000 3643.1660 0.3682 0.1182 -0.5956 3.1148 6.0000 29.2888 0.0030 
39.6857 16.5000 3646.1030 0.3675 0.1152 -0.5959 3.1138 6.0000 29.6092 0.0033 
39.7148 16.5000 3656.6480 0.3678 0.1171 -0.5931 3.1086 6.0000 29.1524 0.0029 
39.6762 16.5000 3640.5519 0.3671 0.1170 -0.5958 3.1113 6.0000 29.3797 0.0030 
39.6906 16.5000 3649.0860 0.3661 0.1150 -0.5970 3.1097 6.0000 29.4130 0.0028 
39.6884 16.5000 3645.4287 0.3717 0.1188 -0.5952 3.1129 6.0000 29.2365 0.0028 
39.6931 16.5000 3648.7832 0.3708 0.1171 -0.5946 3.1161 6.0000 28.8618 0.0028 
39.6946 16.5000 3650.1226 0.3707 0.1176 -0.5991 3.1135 6.0000 29.1559 0.0037 
39.6477 16.5000 3633.5557 0.3678 0.1152 -0.5968 3.1112 6.0000 29.6120 0.0026 
39.6595 16.5000 3639.0971 0.3672 0.1147 -0.5974 3.1088 6.0000 29.6452 0.0026 
39.7028 16.5000 3651.9106 0.3700 0.1179 -0.5960 3.1149 6.0000 29.3528 0.0029 
39.6620 16.5000 3637.2244 0.3673 0.1166 -0.5978 3.1148 6.0000 29.8043 0.0033 
39.6923 16.5000 3650.0462 0.3670 0.1155 -0.5980 3.1093 6.0000 30.1539 0.0033 
39.6741 16.5000 3643.7422 0.3679 0.1156 -0.5943 3.1084 6.0000 29.6715 0.0029 
39.6756 16.5000 3641.7447 0.3668 0.1168 -0.5933 3.1184 6.0000 29.3990 0.0033 
39.6904 16.5000 3646.3158 0.3656 0.1148 -0.5945 3.1143 6.0000 29.5902 0.0040 
39.6756 16.5000 3642.4478 0.3690 0.1182 -0.5949 3.1133 6.0000 29.2789 0.0027 
39.6467 16.5000 3631.4159 0.3682 0.1165 -0.5971 3.1129 6.0000 29.6570 0.0030 
39.7005 16.5000 3650.4555 0.3721 0.1170 -0.6008 3.1135 6.0000 29.8594 0.0026 
39.6878 16.5000 3645.6372 0.3700 0.1168 -0.5954 3.1126 6.0000 29.6208 0.0026 
39.7010 16.5000 3653.0597 0.3695 0.1166 -0.5967 3.1154 6.0000 29.7974 0.0033 
39.7053 16.5000 3653.7524 0.3657 0.1171 -0.5863 3.1138 6.0000 29.5704 0.0034 
39.6750 16.5000 3643.3128 0.3673 0.1150 -0.5970 3.1084 6.0000 29.3460 0.0034 
39.6725 16.5000 3640.2274 0.3680 0.1154 -0.5976 3.1105 6.0000 32.9714 0.0033 
39.6822 16.5000 3645.4479 0.3673 0.1174 -0.5919 3.1147 6.0000 32.9412 0.0030 
39.6762 16.5000 3645.6411 0.3678 0.1174 -0.5926 3.1141 6.0000 32.6608 0.0030 
39.6851 16.5000 3646.3496 0.3673 0.1154 -0.5968 3.1054 6.0000 29.7333 0.0031 
39.6911 16.5000 3647.9329 0.3672 0.1158 -0.5976 3.1098 6.0000 29.2510 0.0031 
39.6822 16.5000 3644.7428 0.3652 0.1156 -0.5947 3.1103 6.0000 29.5785 0.0026 
39.7039 16.5000 3653.3249 0.3715 0.1178 -0.5953 3.1146 6.0000 29.8791 0.0036 
39.7030 16.5000 3651.2930 0.3704 0.1168 -0.5967 3.1081 6.0000 30.2904 0.0033 
39.6620 16.5000 3637.4405 0.3657 0.1163 -0.5959 3.1096 6.0000 30.0943 0.0033 
39.6745 16.5000 3645.0375 0.3669 0.1157 -0.5929 3.1085 6.0000 29.5408 0.0031 
39.6991 16.5000 3650.9739 0.3721 0.1175 -0.5985 3.1089 6.0000 29.9563 0.0035 
39.6830 16.5000 3646.8759 0.3682 0.1167 -0.5967 3.1124 6.0000 29.8285 0.0035 
39.6675 16.5000 3640.7491 0.3723 0.1180 -0.5984 3.1102 6.0000 29.6728 0.0028 
39.6518 16.5000 3633.1056 0.3707 0.1176 -0.5964 3.1147 6.0000 30.3332 0.0027 
39.6941 16.5000 3650.2177 0.3686 0.1162 -0.6010 3.1122 6.0000 30.5436 0.0027 
39.6995 16.5000 3651.2903 0.3682 0.1174 -0.5960 3.1172 6.0000 30.2231 0.0033 
39.6820 16.5000 3644.3550 0.3705 0.1179 -0.5930 3.1108 6.0000 29.9969 0.0027 
39.6737 16.5000 3643.1212 0.3691 0.1175 -0.5930 3.1118 6.0000 30.3885 0.0038 
39.6983 16.5000 3652.3863 0.3709 0.1160 -0.5986 3.1125 6.0000 29.7673 0.0032 
39.6562 16.5000 3636.6107 0.3676 0.1165 -0.5959 3.1107 6.0000 30.5189 0.0034 
39.6772 16.5000 3642.4823 0.3691 0.1167 -0.5966 3.1133 6.0000 30.6134 0.0041 
39.6708 16.5000 3642.0943 0.3723 0.1184 -0.5983 3.1143 6.0000 33.0114 0.0033 
39.6452 16.5000 3631.4347 0.3697 0.1175 -0.5978 3.1157 6.0000 32.7907 0.0030 
39.6731 16.5000 3642.3593 0.3669 0.1168 -0.5897 3.1163 6.0000 33.5047 0.0024 
39.6877 16.5000 3645.9220 0.3683 0.1144 -0.5991 3.1075 6.0000 30.1836 0.0025 
39.7115 16.5000 3656.1116 0.3695 0.1171 -0.5940 3.1079 6.0000 30.5426 0.0032 
39.7053 16.5000 3653.3274 0.3668 0.1160 -0.5940 3.1154 6.0000 31.0170 0.0027 
39.6781 16.5000 3644.5325 0.3709 0.1169 -0.5956 3.1073 6.0000 30.1154 0.0036 
39.6999 16.5000 3651.6496 0.3678 0.1170 -0.5937 3.1104 6.0000 29.9150 0.0028 
39.6626 16.5000 3639.3893 0.3691 0.1170 -0.5956 3.1175 6.0000 29.9202 0.0031 
39.6964 16.5000 3650.5713 0.3704 0.1171 -0.5976 3.1100 6.0000 32.4151 0.0030 
39.6840 16.5000 3646.1829 0.3687 0.1156 -0.5932 3.1076 6.0000 32.1770 0.0027 
39.6880 16.5000 3648.2582 0.3687 0.1180 -0.5937 3.1116 6.0000 32.1591 0.0028 
39.6987 16.5000 3652.2702 0.3681 0.1153 -0.5953 3.1085 6.0000 29.4571 0.0030 
39.6952 16.5000 3652.1703 0.3706 0.1166 -0.5982 3.1149 6.0000 29.5471 0.0033 
39.6863 16.5000 3647.6044 0.3669 0.1154 -0.5940 3.1144 6.0000 29.4076 0.0030 
39.6748 16.5000 3640.0109 0.3699 0.1175 -0.5983 3.1185 6.0000 29.9152 0.0031 
39.6853 16.5000 3646.0539 0.3659 0.1158 -0.5932 3.1141 6.0000 30.0274 0.0034 
39.6832 16.5000 3646.8754 0.3681 0.1147 -0.6001 3.1094 6.0000 29.9230 0.0028 
39.6692 16.5000 3640.9167 0.3689 0.1178 -0.5923 3.1136 6.0000 29.9014 0.0030 
39.6933 16.5000 3649.5744 0.3694 0.1172 -0.5943 3.1088 6.0000 29.4693 0.0030 
39.6886 16.5000 3647.2088 0.3716 0.1172 -0.5976 3.1144 6.0000 29.7271 0.0032 
39.6875 16.5000 3647.3840 0.3695 0.1185 -0.5933 3.1132 6.0000 30.5074 0.0035 
39.6778 16.5000 3643.4936 0.3682 0.1177 -0.5920 3.1088 6.0000 32.0593 0.0035 
39.6686 16.5000 3641.2069 0.3704 0.1188 -0.5957 3.1167 6.0000 35.2659 0.0032 
39.6686 16.5000 3642.7339 0.3688 0.1178 -0.5928 3.1127 6.0000 43.3323 0.0038 
39.6772 16.5000 3641.6110 0.3701 0.1170 -0.5973 3.1138 6.0000 43.9776 0.0029 
39.6537 16.5000 3636.6041 0.3672 0.1164 -0.5952 3.1098 6.0000 41.1196 0.0022 
39.6921 16.5000 3649.5720 0.3689 0.1166 -0.5981 3.1148 6.0000 31.8137 0.0033 
39.7202 16.5000 3659.8207 0.3700 0.1168 -0.5952 3.1134 6.0000 32.2248 0.0035 
39.6764 16.5000 3643.1093 0.3690 0.1173 -0.5939 3.1136 6.0000 31.9671 0.0035 
39.6665 16.5000 3639.9513 0.3698 0.1179 -0.5974 3.1117 6.0000 39.6036 0.0033 
39.6655 16.5000 3640.3603 0.3718 0.1186 -0.5965 3.1206 6.0000 41.1887 0.0033 
39.6768 16.5000 3641.3997 0.3649 0.1139 -0.5943 3.1055 6.0000 40.4421 0.0033 
39.6731 16.5000 3641.8176 0.3660 0.1155 -0.5937 3.1107 6.0000 24.1985 0.0033 
