39.6205 16.5000 3625.1682 0.5107 0.1895 -0.6458 3.1558 6.0000 15.2334 0.0050 
39.6059 16.5000 3618.4927 0.5033 0.1843 -0.6409 3.1444 6.0000 15.1773 0.0050 
39.5933 16.5000 3614.5546 0.5036 0.1853 -0.6411 3.1482 6.0000 15.4614 0.0052 
39.5992 16.5000 3615.7920 0.5014 0.1860 -0.6360 3.1450 6.0000 15.9544 0.0044 
39.6306 16.5000 3630.1071 0.5074 0.1884 -0.6381 3.1423 6.0000 16.3573 0.0051 
39.6029 16.5000 3615.7171 0.5037 0.1860 -0.6449 3.1545 6.0000 16.0780 0.0048 
39.6164 16.5000 3624.5496 0.5079 0.1873 -0.6351 3.1514 6.0000 15.8600 0.0050 
39.6079 16.5000 3621.0785 0.5052 0.1880 -0.6364 3.1471 6.0000 16.9593 0.0051 
39.6027 16.5000 3618.5794 0.5037 0.1894 -0.6331 3.1460 6.0000 16.2677 0.0046 
39.6238 16.5000 3625.8138 0.5098 0.1902 -0.6427 3.1592 6.0000 16.5407 0.0045 
39.6270 16.5000 3630.3308 0.5084 0.1876 -0.6452 3.1468 6.0000 16.8630 0.0044 
39.6306 16.5000 3631.4479 0.5061 0.1886 -0.6302 3.1516 6.0000 16.2903 0.0043 
39.6350 16.5000 3626.6917 0.5003 0.1842 -0.6311 3.1491 6.0000 16.8684 0.0057 
39.5788 16.5000 3609.7959 0.5056 0.1920 -0.6353 3.1572 6.0000 16.6342 0.0060 
39.5690 16.5000 3607.4069 0.5097 0.1916 -0.6396 3.1519 6.0000 16.6915 0.0047 
39.6205 16.5000 3628.2655 0.5052 0.1886 -0.6324 3.1461 6.0000 16.4656 0.0045 
39.6265 16.5000 3627.8212 0.5081 0.1890 -0.6367 3.1564 6.0000 16.2918 0.0044 
39.6304 16.5000 3629.8572 0.5049 0.1882 -0.6368 3.1473 6.0000 16.9947 0.0046 
39.6233 16.5000 3627.5320 0.5071 0.1915 -0.6310 3.1518 6.0000 16.7372 0.0041 
39.6435 16.5000 3631.0563 0.5021 0.1850 -0.6390 3.1496 6.0000 16.4741 0.0051 
39.6027 16.5000 3622.9284 0.5039 0.1884 -0.6362 3.1480 6.0000 16.7180 0.0048 
39.6164 16.5000 3621.5389 0.5046 0.1886 -0.6354 3.1507 6.0000 16.6847 0.0055 
39.5862 16.5000 3611.9608 0.5074 0.1833 -0.6463 3.1402 6.0000 16.4935 0.0045 
39.6286 16.5000 3630.4370 0.5074 0.1869 -0.6440 3.1474 6.0000 16.9784 0.0053 
39.5956 16.5000 3618.2715 0.5082 0.1859 -0.6447 3.1464 6.0000 16.8741 0.0045 
39.6272 16.5000 3629.7304 0.5098 0.1882 -0.6455 3.1583 6.0000 16.7757 0.0048 
39.6160 16.5000 3622.6651 0.5041 0.1847 -0.6381 3.1492 6.0000 16.9892 0.0048 
39.6176 16.5000 3621.7783 0.5039 0.1886 -0.6293 3.1476 6.0000 16.9169 0.0037 
39.6579 16.5000 3638.6140 0.5108 0.1908 -0.6399 3.1469 6.0000 16.9919 0.0052 
39.5992 16.5000 3618.5255 0.5028 0.1866 -0.6369 3.1468 6.0000 16.4328 0.0051 
39.6038 16.5000 3616.2449 0.5072 0.1879 -0.6415 3.1572 6.0000 16.7704 0.0048 
39.6146 16.5000 3623.4646 0.5108 0.1915 -0.6389 3.1497 6.0000 16.3914 0.0046 
39.6240 16.5000 3628.6938 0.5084 0.1907 -0.6375 3.1503 6.0000 16.9041 0.0047 
39.6180 16.5000 3628.8330 0.5003 0.1852 -0.6331 3.1333 6.0000 16.5264 0.0047 
39.6393 16.5000 3634.7103 0.5062 0.1854 -0.6397 3.1511 6.0000 16.6687 0.0037 
39.6579 16.5000 3638.7209 0.5023 0.1876 -0.6334 3.1407 6.0000 16.9729 0.0041 
39.6439 16.5000 3637.9376 0.4995 0.1831 -0.6326 3.1473 6.0000 16.8777 0.0045 
39.6274 16.5000 3631.8129 0.5073 0.1893 -0.6345 3.1558 6.0000 16.4214 0.0045 
39.6226 16.5000 3626.1596 0.5044 0.1843 -0.6453 3.1421 6.0000 16.7036 0.0040 
39.6467 16.5000 3633.3945 0.5045 0.1844 -0.6436 3.1477 6.0000 16.5634 0.0040 
39.6359 16.5000 3635.4169 0.5022 0.1854 -0.6348 3.1466 6.0000 16.6623 0.0043 
39.6169 16.5000 3623.2397 0.5116 0.1906 -0.6430 3.1594 6.0000 16.6112 0.0043 
39.6286 16.5000 3628.7007 0.5032 0.1847 -0.6401 3.1474 6.0000 16.7747 0.0046 
39.6228 16.5000 3627.0451 0.5019 0.1828 -0.6404 3.1376 6.0000 16.6280 0.0046 
39.6017 16.5000 3620.5959 0.5052 0.1883 -0.6343 3.1477 6.0000 16.7500 0.0050 
39.6061 16.5000 3621.9642 0.5040 0.1858 -0.6398 3.1410 6.0000 16.9491 0.0055 
39.5873 16.5000 3611.9927 0.5035 0.1877 -0.6337 3.1535 6.0000 16.7921 0.0050 
39.6256 16.5000 3627.7544 0.5068 0.1896 -0.6383 3.1591 6.0000 16.2362 0.0045 
39.6072 16.5000 3621.4247 0.5015 0.1861 -0.6340 3.1441 6.0000 16.4523 0.0047 
39.6215 16.5000 3627.7551 0.5090 0.1899 -0.6350 3.1466 6.0000 17.0331 0.0044 
39.6320 16.5000 3626.9506 0.5041 0.1883 -0.6361 3.1468 6.0000 16.5387 0.0045 
39.6279 16.5000 3625.8423 0.5046 0.1872 -0.6334 3.1413 6.0000 16.6681 0.0043 
39.6343 16.5000 3629.2028 0.5043 0.1872 -0.6324 3.1450 6.0000 16.5034 0.0048 
39.6171 16.5000 3626.3478 0.5038 0.1841 -0.6368 3.1412 6.0000 16.5531 0.0044 
39.6332 16.5000 3627.7648 0.5048 0.1862 -0.6357 3.1433 6.0000 17.0576 0.0047 
39.6210 16.5000 3627.2603 0.5062 0.1867 -0.6376 3.1480 6.0000 16.9078 0.0044 
39.6295 16.5000 3626.2281 0.5022 0.1864 -0.6375 3.1588 6.0000 16.5397 0.0046 
39.6249 16.5000 3623.4144 0.5063 0.1901 -0.6362 3.1553 6.0000 16.3990 0.0044 
39.6327 16.5000 3631.3369 0.5066 0.1846 -0.6445 3.1470 6.0000 16.5029 0.0049 
39.6118 16.5000 3619.2393 0.5085 0.1893 -0.6451 3.1495 6.0000 16.7079 0.0041 
39.6428 16.5000 3636.7718 0.5042 0.1874 -0.6358 3.1431 6.0000 17.4391 0.0038 
39.6561 16.5000 3639.0678 0.5070 0.1861 -0.6415 3.1471 6.0000 18.0426 0.0051 
39.6056 16.5000 3619.5866 0.5064 0.1885 -0.6439 3.1458 6.0000 17.2771 0.0041 
39.6442 16.5000 3631.9743 0.5049 0.1888 -0.6344 3.1543 6.0000 17.1589 0.0042 
39.6382 16.5000 3628.3930 0.5079 0.1887 -0.6377 3.1544 6.0000 17.3104 0.0045 
39.6286 16.5000 3629.6029 0.5040 0.1870 -0.6320 3.1516 6.0000 17.0444 0.0055 
39.5878 16.5000 3611.2842 0.5092 0.1920 -0.6390 3.1498 6.0000 17.5659 0.0048 
39.6146 16.5000 3625.6313 0.5111 0.1893 -0.6371 3.1522 6.0000 16.7510 0.0048 
39.6146 16.5000 3627.5935 0.5031 0.1882 -0.6337 3.1461 6.0000 17.0421 0.0047 
39.6203 16.5000 3626.2490 0.5079 0.1875 -0.6407 3.1492 6.0000 17.1270 0.0047 
39.6201 16.5000 3624.4228 0.5060 0.1889 -0.6349 3.1437 6.0000 17.1662 0.0051 
39.6045 16.5000 3616.9731 0.5066 0.1901 -0.6369 3.1600 6.0000 17.1659 0.0051 
39.6033 16.5000 3620.0910 0.5057 0.1848 -0.6381 3.1542 6.0000 17.1900 0.0056 
39.5852 16.5000 3611.2445 0.5087 0.1881 -0.6431 3.1545 6.0000 16.9606 0.0056 
39.5836 16.5000 3612.3820 0.5117 0.1889 -0.6476 3.1558 6.0000 16.8875 0.0042 
39.6407 16.5000 3628.9611 0.5020 0.1861 -0.6382 3.1353 6.0000 17.3004 0.0045 
39.6290 16.5000 3629.5914 0.5068 0.1883 -0.6400 3.1454 6.0000 17.4742 0.0046 
39.6254 16.5000 3627.2555 0.5045 0.1878 -0.6368 3.1533 6.0000 17.0992 0.0050 
39.6061 16.5000 3623.7155 0.5088 0.1873 -0.6403 3.1436 6.0000 16.9222 0.0048 
39.6146 16.5000 3618.7009 0.5106 0.1919 -0.6355 3.1563 6.0000 16.9408 0.0054 
39.5930 16.5000 3616.2703 0.5041 0.1876 -0.6309 3.1511 6.0000 17.4593 0.0047 
39.6391 16.5000 3630.9036 0.5088 0.1879 -0.6387 3.1462 6.0000 16.8491 0.0042 
39.6208 16.5000 3621.8473 0.5058 0.1864 -0.6415 3.1543 6.0000 17.1673 0.0049 
39.6105 16.5000 3623.8906 0.5078 0.1893 -0.6383 3.1495 6.0000 17.2077 0.0053 
39.5951 16.5000 3615.2936 0.5076 0.1885 -0.6404 3.1490 6.0000 16.4111 0.0056 
39.5855 16.5000 3615.3789 0.5057 0.1880 -0.6406 3.1538 6.0000 16.5683 0.0040 
39.6478 16.5000 3633.1696 0.5024 0.1855 -0.6309 3.1416 6.0000 17.1015 0.0047 
39.6180 16.5000 3625.3294 0.5079 0.1880 -0.6447 3.1577 6.0000 16.9392 0.0050 
39.6093 16.5000 3620.8935 0.5023 0.1896 -0.6295 3.1409 6.0000 16.4450 0.0050 
39.6093 16.5000 3619.8716 0.5037 0.1862 -0.6403 3.1467 6.0000 16.9432 0.0055 
39.5862 16.5000 3613.9392 0.5034 0.1861 -0.6367 3.1465 6.0000 16.8363 0.0047 
39.6199 16.5000 3626.2066 0.5068 0.1902 -0.6333 3.1557 6.0000 17.0004 0.0052 
39.5990 16.5000 3618.3801 0.5067 0.1872 -0.6425 3.1527 6.0000 16.3380 0.0041 
39.6423 16.5000 3633.9642 0.5067 0.1886 -0.6397 3.1480 6.0000 16.6667 0.0046 
39.6224 16.5000 3625.7090 0.5037 0.1848 -0.6385 3.1486 6.0000 17.0088 0.0053 
39.5942 16.5000 3616.2362 0.5051 0.1875 -0.6455 3.1510 6.0000 17.2963 0.0050 
39.6082 16.5000 3622.0828 0.5097 0.1913 -0.6387 3.1556 6.0000 16.8607 0.0039 
39.6524 16.5000 3635.8755 0.5060 0.1895 -0.6328 3.1395 6.0000 17.0080 0.0047 
39.6194 16.5000 3624.6592 0.5049 0.1887 -0.6374 3.1482 6.0000 17.5642 0.0039 
39.6506 16.5000 3636.9522 0.5009 0.1832 -0.6360 3.1432 6.0000 16.8678 0.0039 
