39.7943 4.0000 3680.0394 0.0261 0.0255 -0.0073 3.0388 6.0000 47.6650 0.0003 
39.7948 4.0000 3680.2659 0.0250 0.0254 0.0144 3.0385 6.0000 48.5218 0.0003 
39.7946 4.0000 3680.3555 0.0257 0.0254 -0.0032 3.0378 6.0000 48.2817 0.0003 
39.7956 4.0000 3680.6318 0.0255 0.0252 -0.0017 3.0379 6.0000 47.4042 0.0003 
39.7957 4.0000 3680.7295 0.0254 0.0254 0.0065 3.0385 6.0000 47.2481 0.0003 
39.7935 4.0000 3679.3963 0.0248 0.0253 0.0131 3.0398 6.0000 47.0540 0.0003 
39.7946 4.0000 3679.8841 0.0243 0.0255 0.0276 3.0379 6.0000 46.3666 0.0002 
39.7946 4.0000 3680.1288 0.0252 0.0256 0.0095 3.0382 6.0000 47.8175 0.0003 
39.7959 4.0000 3680.8285 0.0247 0.0254 0.0199 3.0384 6.0000 47.3514 0.0003 
39.7951 4.0000 3680.3444 0.0260 0.0255 -0.0061 3.0382 6.0000 47.3077 0.0003 
39.7967 4.0000 3681.1988 0.0249 0.0254 0.0139 3.0371 6.0000 47.0519 0.0003 
39.7948 4.0000 3680.3340 0.0248 0.0255 0.0165 3.0379 6.0000 46.9048 0.0003 
39.7941 4.0000 3679.3972 0.0254 0.0253 0.0019 3.0393 6.0000 47.4148 0.0003 
39.7949 4.0000 3680.1392 0.0253 0.0254 0.0038 3.0372 6.0000 46.8528 0.0002 
39.7954 4.0000 3680.6288 0.0259 0.0254 -0.0046 3.0368 6.0000 46.8887 0.0002 
39.7962 4.0000 3680.8931 0.0250 0.0255 0.0118 3.0381 6.0000 46.7726 0.0003 
39.7945 4.0000 3680.7826 0.0251 0.0254 0.0094 3.0379 6.0000 46.8778 0.0003 
39.7951 4.0000 3680.6554 0.0252 0.0253 0.0076 3.0374 6.0000 47.3100 0.0002 
39.7951 4.0000 3680.6014 0.0254 0.0255 0.0042 3.0383 6.0000 46.3162 0.0003 
39.7960 4.0000 3681.4464 0.0254 0.0254 0.0050 3.0379 6.0000 46.8031 0.0003 
39.7949 4.0000 3680.0667 0.0254 0.0257 0.0079 3.0373 6.0000 47.3267 0.0003 
39.7951 4.0000 3680.2959 0.0246 0.0256 0.0186 3.0373 6.0000 46.7711 0.0003 
39.7951 4.0000 3679.9338 0.0252 0.0254 0.0080 3.0370 6.0000 47.4664 0.0003 
39.7957 4.0000 3680.7480 0.0255 0.0255 0.0053 3.0381 6.0000 47.6296 0.0003 
39.7941 4.0000 3680.1286 0.0256 0.0256 0.0025 3.0389 6.0000 47.2432 0.0003 
39.7949 4.0000 3679.9819 0.0252 0.0255 0.0101 3.0368 6.0000 47.0633 0.0003 
39.7951 4.0000 3680.4633 0.0244 0.0256 0.0299 3.0393 6.0000 47.5256 0.0003 
39.7941 4.0000 3679.6428 0.0261 0.0257 -0.0052 3.0391 6.0000 47.4290 0.0003 
39.7945 4.0000 3680.1917 0.0250 0.0257 0.0159 3.0379 6.0000 47.5210 0.0003 
39.7957 4.0000 3681.4195 0.0245 0.0253 0.0226 3.0383 6.0000 46.8886 0.0002 
39.7933 4.0000 3679.3198 0.0250 0.0254 0.0113 3.0385 6.0000 47.7797 0.0003 
39.7959 4.0000 3681.0117 0.0256 0.0256 0.0030 3.0387 6.0000 47.6357 0.0003 
39.7951 4.0000 3680.2201 0.0255 0.0256 0.0040 3.0387 6.0000 46.7556 0.0003 
39.7956 4.0000 3680.6737 0.0252 0.0256 0.0112 3.0374 6.0000 47.6053 0.0003 
39.7943 4.0000 3679.8898 0.0247 0.0253 0.0171 3.0373 6.0000 47.1873 0.0002 
39.7946 4.0000 3680.2393 0.0256 0.0256 0.0041 3.0382 6.0000 47.2854 0.0003 
39.7959 4.0000 3680.9745 0.0257 0.0254 -0.0025 3.0381 6.0000 47.4342 0.0003 
39.7940 4.0000 3679.7464 0.0253 0.0257 0.0083 3.0374 6.0000 46.7496 0.0003 
39.7949 4.0000 3680.1925 0.0249 0.0254 0.0132 3.0375 6.0000 47.3053 0.0003 
39.7948 4.0000 3680.3447 0.0254 0.0256 0.0075 3.0383 6.0000 47.6160 0.0003 
39.7951 4.0000 3680.5282 0.0253 0.0256 0.0094 3.0374 6.0000 47.1614 0.0003 
39.7948 4.0000 3680.0028 0.0256 0.0251 -0.0021 3.0373 6.0000 47.1166 0.0003 
39.7951 4.0000 3680.4147 0.0253 0.0255 0.0060 3.0382 6.0000 47.5553 0.0003 
39.7956 4.0000 3680.9538 0.0254 0.0252 0.0007 3.0360 6.0000 47.3575 0.0003 
39.7954 4.0000 3680.2981 0.0244 0.0252 0.0233 3.0374 6.0000 47.1552 0.0003 
39.7962 4.0000 3680.8246 0.0252 0.0255 0.0080 3.0373 6.0000 47.3591 0.0003 
39.7949 4.0000 3680.1665 0.0250 0.0253 0.0123 3.0382 6.0000 47.5496 0.0003 
39.7948 4.0000 3680.1064 0.0255 0.0256 0.0056 3.0381 6.0000 46.8724 0.0003 
39.7935 4.0000 3679.6036 0.0257 0.0253 -0.0006 3.0375 6.0000 46.2939 0.0003 
39.7945 4.0000 3680.0202 0.0248 0.0254 0.0165 3.0373 6.0000 47.1225 0.0003 
39.7948 4.0000 3680.1854 0.0253 0.0254 0.0037 3.0373 6.0000 47.6833 0.0003 
39.7945 4.0000 3680.1215 0.0251 0.0255 0.0108 3.0379 6.0000 47.6241 0.0003 
39.7957 4.0000 3680.9292 0.0253 0.0255 0.0057 3.0371 6.0000 47.3992 0.0002 
39.7952 4.0000 3680.6614 0.0251 0.0254 0.0121 3.0366 6.0000 47.3069 0.0003 
39.7959 4.0000 3680.9276 0.0253 0.0253 0.0037 3.0377 6.0000 46.8248 0.0003 
39.7956 4.0000 3680.6958 0.0253 0.0255 0.0045 3.0369 6.0000 46.9099 0.0003 
39.7948 4.0000 3680.1999 0.0249 0.0253 0.0136 3.0387 6.0000 47.2194 0.0003 
39.7949 4.0000 3680.3514 0.0257 0.0257 0.0049 3.0391 6.0000 46.9008 0.0003 
39.7957 4.0000 3680.9276 0.0251 0.0256 0.0094 3.0378 6.0000 47.1702 0.0003 
39.7956 4.0000 3680.7544 0.0250 0.0255 0.0129 3.0380 6.0000 46.7453 0.0003 
39.7941 4.0000 3679.5363 0.0248 0.0253 0.0161 3.0401 6.0000 47.0923 0.0003 
39.7951 4.0000 3679.9732 0.0251 0.0254 0.0121 3.0389 6.0000 47.5440 0.0003 
39.7948 4.0000 3680.5203 0.0256 0.0255 0.0026 3.0373 6.0000 46.9377 0.0003 
39.7948 4.0000 3680.2924 0.0248 0.0255 0.0149 3.0376 6.0000 46.6416 0.0003 
39.7940 4.0000 3679.9065 0.0255 0.0254 0.0035 3.0373 6.0000 47.4902 0.0003 
39.7948 4.0000 3680.4718 0.0250 0.0255 0.0133 3.0375 6.0000 47.5725 0.0003 
39.7948 4.0000 3680.5459 0.0247 0.0254 0.0204 3.0364 6.0000 47.0267 0.0003 
39.7935 4.0000 3679.5615 0.0250 0.0254 0.0139 3.0386 6.0000 47.5573 0.0002 
39.7946 4.0000 3680.3265 0.0252 0.0256 0.0094 3.0387 6.0000 47.8321 0.0002 
39.7959 4.0000 3680.9401 0.0253 0.0255 0.0080 3.0391 6.0000 46.9374 0.0003 
39.7952 4.0000 3680.3666 0.0248 0.0255 0.0192 3.0401 6.0000 47.9215 0.0003 
39.7945 4.0000 3680.1830 0.0255 0.0256 0.0039 3.0381 6.0000 47.4191 0.0003 
39.7943 4.0000 3679.9102 0.0248 0.0253 0.0139 3.0388 6.0000 46.5709 0.0003 
39.7957 4.0000 3680.4707 0.0248 0.0252 0.0128 3.0369 6.0000 47.7511 0.0003 
39.7943 4.0000 3679.7338 0.0252 0.0254 0.0073 3.0377 6.0000 48.0890 0.0003 
39.7954 4.0000 3680.4554 0.0246 0.0256 0.0212 3.0394 6.0000 47.8135 0.0003 
39.7949 4.0000 3679.9912 0.0251 0.0255 0.0124 3.0386 6.0000 47.7075 0.0003 
39.7956 4.0000 3680.6606 0.0257 0.0253 -0.0033 3.0368 6.0000 47.4852 0.0003 
39.7946 4.0000 3680.1401 0.0255 0.0254 0.0009 3.0362 6.0000 46.9995 0.0003 
39.7948 4.0000 3679.8290 0.0253 0.0253 0.0040 3.0391 6.0000 47.8579 0.0003 
39.7945 4.0000 3680.1546 0.0255 0.0255 0.0034 3.0373 6.0000 47.8327 0.0003 
39.7951 4.0000 3680.6270 0.0257 0.0255 0.0008 3.0379 6.0000 46.6082 0.0003 
39.7935 4.0000 3679.6840 0.0249 0.0257 0.0205 3.0390 6.0000 47.9750 0.0003 
39.7949 4.0000 3680.0591 0.0253 0.0255 0.0076 3.0370 6.0000 47.8006 0.0003 
39.7954 4.0000 3680.3681 0.0252 0.0256 0.0107 3.0380 6.0000 46.9197 0.0003 
39.7943 4.0000 3679.9346 0.0251 0.0254 0.0078 3.0377 6.0000 47.6286 0.0003 
39.7948 4.0000 3679.9276 0.0254 0.0256 0.0062 3.0379 6.0000 47.7902 0.0003 
39.7949 4.0000 3680.3770 0.0256 0.0256 0.0009 3.0374 6.0000 47.1978 0.0003 
39.7960 4.0000 3681.0136 0.0248 0.0253 0.0126 3.0375 6.0000 47.2955 0.0003 
39.7932 4.0000 3679.3622 0.0251 0.0255 0.0105 3.0387 6.0000 48.1867 0.0003 
39.7954 4.0000 3679.7941 0.0250 0.0258 0.0165 3.0377 6.0000 47.2165 0.0003 
39.7938 4.0000 3679.7990 0.0249 0.0255 0.0164 3.0389 6.0000 47.6723 0.0003 
39.7952 4.0000 3680.3392 0.0260 0.0256 -0.0042 3.0385 6.0000 47.2221 0.0003 
39.7952 4.0000 3680.5367 0.0254 0.0257 0.0079 3.0377 6.0000 47.3204 0.0002 
39.7949 4.0000 3680.2427 0.0254 0.0254 0.0050 3.0378 5.0000 47.3532 0.0002 
39.7965 4.0000 3681.0949 0.0244 0.0254 0.0270 3.0374 6.0000 47.3161 0.0003 
39.7962 4.0000 3681.0660 0.0255 0.0256 0.0071 3.0381 6.0000 47.0308 0.0003 
39.7945 4.0000 3680.1784 0.0252 0.0255 0.0078 3.0388 6.0000 47.8676 0.0002 
39.7956 4.0000 3680.4139 0.0257 0.0256 0.0014 3.0372 6.0000 47.4941 0.0002 
39.7965 4.0000 3681.3679 0.0250 0.0256 0.0157 3.0378 6.0000 33.0544 0.0002 
