39.6130 16.5000 3621.5037 0.4107 0.1416 -0.6181 3.0310 6.0000 10.5496 0.0049 
39.5850 16.5000 3612.9029 0.4114 0.1418 -0.6248 3.0352 5.0000 10.5974 0.0049 
39.5934 16.5000 3613.2678 0.4132 0.1455 -0.6201 3.0386 6.0000 10.6829 0.0049 
39.5945 16.5000 3618.6608 0.4120 0.1447 -0.6167 3.0376 6.0000 10.7705 0.0061 
39.5923 16.5000 3616.9051 0.4090 0.1411 -0.6200 3.0406 5.0000 10.6636 0.0061 
39.5642 16.5000 3605.7612 0.4137 0.1433 -0.6234 3.0385 6.0000 10.8033 0.0044 
39.6088 16.5000 3623.1691 0.4147 0.1426 -0.6221 3.0368 5.0000 11.2963 0.0052 
39.6312 16.5000 3632.9102 0.4102 0.1425 -0.6123 3.0356 6.0000 11.5418 0.0050 
39.6010 16.5000 3620.5686 0.4102 0.1406 -0.6191 3.0350 6.0000 11.3078 0.0050 
39.6085 16.5000 3623.9554 0.4126 0.1449 -0.6186 3.0436 5.0000 11.2060 0.0054 
39.5942 16.5000 3622.4554 0.4165 0.1451 -0.6260 3.0362 6.0000 11.1727 0.0062 
39.5937 16.5000 3616.7527 0.4157 0.1449 -0.6181 3.0438 6.0000 11.4800 0.0061 
39.5623 16.5000 3608.2354 0.4124 0.1451 -0.6151 3.0414 6.0000 11.1605 0.0062 
39.5662 16.5000 3607.3521 0.4120 0.1451 -0.6156 3.0391 6.0000 11.0357 0.0062 
39.5612 16.5000 3606.2278 0.4100 0.1426 -0.6199 3.0380 6.0000 11.0345 0.0059 
39.5906 16.5000 3614.8796 0.4097 0.1437 -0.6169 3.0386 6.0000 11.2904 0.0056 
39.5732 16.5000 3610.6571 0.4118 0.1440 -0.6189 3.0425 6.0000 11.4873 0.0049 
39.5850 16.5000 3611.9737 0.4117 0.1449 -0.6181 3.0385 6.0000 11.3333 0.0055 
39.6119 16.5000 3621.3479 0.4143 0.1493 -0.6098 3.0448 5.0000 11.2631 0.0055 
39.5889 16.5000 3615.1688 0.4119 0.1432 -0.6148 3.0406 6.0000 11.2859 0.0048 
39.5886 16.5000 3611.7904 0.4146 0.1460 -0.6203 3.0412 6.0000 11.3095 0.0045 
39.6141 16.5000 3622.4573 0.4072 0.1420 -0.6142 3.0350 6.0000 10.8422 0.0050 
39.6276 16.5000 3626.2881 0.4103 0.1424 -0.6154 3.0422 6.0000 11.2383 0.0066 
39.6063 16.5000 3623.5575 0.4147 0.1454 -0.6187 3.0327 5.0000 11.1124 0.0066 
39.5466 16.5000 3598.2040 0.4094 0.1442 -0.6186 3.0399 6.0000 11.1152 0.0055 
39.5939 16.5000 3614.8766 0.4114 0.1446 -0.6088 3.0394 5.0000 11.1739 0.0049 
39.5864 16.5000 3612.0429 0.4077 0.1409 -0.6240 3.0420 5.0000 11.4111 0.0059 
39.6099 16.5000 3621.7363 0.4120 0.1433 -0.6144 3.0351 5.0000 11.0404 0.0054 
39.5704 16.5000 3609.6573 0.4099 0.1422 -0.6226 3.0349 6.0000 11.4110 0.0051 
39.5920 16.5000 3620.8006 0.4085 0.1400 -0.6209 3.0371 6.0000 11.2180 0.0056 
39.6024 16.5000 3620.4394 0.4113 0.1428 -0.6196 3.0413 6.0000 11.3227 0.0056 
39.5825 16.5000 3612.5067 0.4133 0.1469 -0.6174 3.0418 5.0000 11.4107 0.0052 
39.5827 16.5000 3611.9484 0.4167 0.1452 -0.6221 3.0383 5.0000 11.4898 0.0057 
39.5987 16.5000 3616.1732 0.4088 0.1394 -0.6195 3.0403 6.0000 11.1034 0.0052 
39.5811 16.5000 3614.2147 0.4095 0.1425 -0.6167 3.0364 5.0000 11.2901 0.0049 
39.5993 16.5000 3613.4395 0.4135 0.1444 -0.6236 3.0500 5.0000 11.2122 0.0051 
39.6119 16.5000 3626.2275 0.4120 0.1424 -0.6210 3.0364 5.0000 11.7915 0.0065 
39.6032 16.5000 3618.1141 0.4117 0.1402 -0.6198 3.0354 6.0000 12.1105 0.0055 
39.5477 16.5000 3596.4635 0.4113 0.1436 -0.6235 3.0410 6.0000 12.0657 0.0055 
39.5897 16.5000 3610.5201 0.4109 0.1404 -0.6231 3.0409 6.0000 10.8739 0.0054 
39.6094 16.5000 3619.3712 0.4147 0.1417 -0.6226 3.0393 5.0000 11.3936 0.0053 
39.5928 16.5000 3614.7320 0.4138 0.1439 -0.6222 3.0350 5.0000 11.3617 0.0053 
39.5953 16.5000 3619.9053 0.4104 0.1405 -0.6195 3.0348 6.0000 10.9667 0.0062 
39.5598 16.5000 3598.1003 0.4149 0.1449 -0.6187 3.0379 6.0000 11.5859 0.0056 
39.5612 16.5000 3603.2055 0.4118 0.1439 -0.6147 3.0320 6.0000 11.4886 0.0056 
39.5833 16.5000 3606.4573 0.4133 0.1450 -0.6205 3.0405 5.0000 10.9292 0.0058 
39.5861 16.5000 3615.2053 0.4149 0.1445 -0.6252 3.0379 6.0000 11.4615 0.0063 
39.5760 16.5000 3608.0221 0.4096 0.1434 -0.6155 3.0441 5.0000 11.3749 0.0063 
39.5556 16.5000 3601.8044 0.4107 0.1433 -0.6146 3.0430 6.0000 11.0493 0.0054 
39.5578 16.5000 3597.3698 0.4082 0.1423 -0.6190 3.0373 6.0000 11.2446 0.0051 
39.5928 16.5000 3616.7247 0.4133 0.1453 -0.6192 3.0381 6.0000 11.4560 0.0057 
39.6040 16.5000 3618.7210 0.4113 0.1434 -0.6186 3.0362 6.0000 11.1825 0.0064 
39.5802 16.5000 3609.4432 0.4133 0.1436 -0.6171 3.0436 6.0000 11.2730 0.0049 
39.5508 16.5000 3600.7465 0.4147 0.1463 -0.6204 3.0403 5.0000 11.3272 0.0061 
39.6113 16.5000 3623.5006 0.4108 0.1420 -0.6175 3.0429 5.0000 11.0677 0.0061 
39.5628 16.5000 3605.6046 0.4101 0.1411 -0.6218 3.0368 5.0000 11.5479 0.0056 
39.5626 16.5000 3607.0660 0.4158 0.1443 -0.6212 3.0389 5.0000 11.2242 0.0056 
39.5853 16.5000 3612.6625 0.4106 0.1423 -0.6247 3.0391 6.0000 11.6428 0.0055 
39.5805 16.5000 3609.7458 0.4091 0.1448 -0.6128 3.0360 6.0000 11.8725 0.0049 
39.5872 16.5000 3613.6648 0.4094 0.1429 -0.6141 3.0356 5.0000 11.9262 0.0049 
39.6110 16.5000 3625.3686 0.4107 0.1433 -0.6221 3.0404 5.0000 11.0957 0.0066 
39.6189 16.5000 3628.2034 0.4083 0.1407 -0.6152 3.0335 6.0000 11.3549 0.0057 
39.5455 16.5000 3596.8455 0.4118 0.1469 -0.6142 3.0428 6.0000 11.1819 0.0057 
39.5805 16.5000 3613.1372 0.4124 0.1438 -0.6205 3.0427 6.0000 11.3878 0.0055 
39.6080 16.5000 3620.3948 0.4116 0.1432 -0.6137 3.0347 6.0000 11.3468 0.0048 
39.5900 16.5000 3616.7364 0.4103 0.1428 -0.6169 3.0411 5.0000 11.4695 0.0055 
39.6158 16.5000 3626.0143 0.4122 0.1420 -0.6212 3.0345 5.0000 11.0750 0.0055 
39.5878 16.5000 3612.7039 0.4100 0.1431 -0.6172 3.0398 6.0000 11.2045 0.0059 
39.5886 16.5000 3612.7945 0.4115 0.1446 -0.6143 3.0345 5.0000 11.3632 0.0060 
39.5715 16.5000 3609.5172 0.4090 0.1422 -0.6152 3.0380 5.0000 11.5176 0.0056 
39.5668 16.5000 3604.7552 0.4092 0.1437 -0.6178 3.0411 6.0000 11.9302 0.0056 
39.5836 16.5000 3614.3769 0.4142 0.1458 -0.6214 3.0368 6.0000 12.0108 0.0064 
39.5847 16.5000 3614.2444 0.4112 0.1425 -0.6160 3.0350 5.0000 12.2302 0.0055 
39.5530 16.5000 3600.6414 0.4099 0.1440 -0.6221 3.0393 6.0000 12.2822 0.0051 
39.5867 16.5000 3617.4334 0.4148 0.1443 -0.6220 3.0373 5.0000 12.3752 0.0065 
39.6032 16.5000 3621.3521 0.4117 0.1434 -0.6195 3.0382 6.0000 11.5576 0.0048 
39.5494 16.5000 3598.1628 0.4141 0.1436 -0.6270 3.0432 6.0000 11.3603 0.0050 
39.6141 16.5000 3618.3237 0.4163 0.1423 -0.6260 3.0392 6.0000 11.2801 0.0056 
39.6077 16.5000 3620.2242 0.4119 0.1433 -0.6169 3.0450 6.0000 11.0367 0.0049 
39.5822 16.5000 3610.8914 0.4111 0.1427 -0.6187 3.0393 5.0000 11.1600 0.0060 
39.6133 16.5000 3626.7241 0.4143 0.1442 -0.6222 3.0351 5.0000 11.1964 0.0053 
39.5698 16.5000 3608.9449 0.4117 0.1429 -0.6212 3.0433 6.0000 11.2239 0.0055 
39.5951 16.5000 3619.5567 0.4127 0.1444 -0.6177 3.0486 5.0000 11.5690 0.0057 
39.5892 16.5000 3615.8279 0.4113 0.1417 -0.6227 3.0349 5.0000 11.6735 0.0053 
39.5791 16.5000 3609.6629 0.4108 0.1409 -0.6239 3.0340 5.0000 11.5676 0.0057 
39.5942 16.5000 3617.6676 0.4119 0.1420 -0.6184 3.0329 5.0000 11.4109 0.0047 
39.5808 16.5000 3605.0752 0.4085 0.1421 -0.6224 3.0420 5.0000 11.2506 0.0058 
39.6197 16.5000 3625.8108 0.4155 0.1436 -0.6245 3.0405 6.0000 11.2997 0.0051 
39.5760 16.5000 3606.5111 0.4130 0.1443 -0.6194 3.0458 6.0000 11.3610 0.0054 
39.6040 16.5000 3618.8869 0.4120 0.1426 -0.6256 3.0406 6.0000 11.3676 0.0061 
39.5928 16.5000 3619.7018 0.4148 0.1428 -0.6209 3.0314 6.0000 11.6206 0.0056 
39.5628 16.5000 3601.3457 0.4109 0.1444 -0.6178 3.0386 5.0000 11.7141 0.0055 
39.5822 16.5000 3612.7832 0.4096 0.1424 -0.6162 3.0366 5.0000 11.8438 0.0054 
39.5897 16.5000 3613.5124 0.4142 0.1454 -0.6146 3.0391 6.0000 11.4166 0.0056 
39.5903 16.5000 3616.8141 0.4108 0.1432 -0.6175 3.0341 6.0000 11.3924 0.0057 
39.5825 16.5000 3611.1307 0.4124 0.1445 -0.6217 3.0372 5.0000 11.2972 0.0047 
39.5802 16.5000 3607.7097 0.4125 0.1429 -0.6182 3.0452 6.0000 11.3166 0.0063 
39.6211 16.5000 3630.9208 0.4128 0.1433 -0.6150 3.0358 6.0000 11.4402 0.0053 
39.5567 16.5000 3599.5188 0.4112 0.1458 -0.6169 3.0443 6.0000 11.2007 0.0053 
39.5951 16.5000 3613.5242 0.4098 0.1425 -0.6238 3.0425 5.0000 9.8066 0.0053 
