38.8970 16.5000 3347.7722 0.4320 0.1954 -0.6341 2.7445 5.0000 0.9134 0.0240 
38.8743 16.5000 3351.6780 0.4300 0.1955 -0.6265 2.7549 5.0000 0.9808 0.0274 
38.8441 16.5000 3330.4582 0.4349 0.1948 -0.6426 2.7419 5.0000 1.0146 0.0218 
38.7457 16.5000 3316.8424 0.4324 0.1948 -0.6357 2.7412 5.0000 0.8855 0.0215 
38.9575 16.5000 3392.7449 0.4372 0.1990 -0.6242 2.7406 5.0000 0.8713 0.0283 
38.9693 16.5000 3409.5729 0.4332 0.1946 -0.6265 2.7391 5.0000 0.8634 0.0222 
38.7104 16.5000 3309.1526 0.4287 0.1952 -0.6291 2.7509 5.0000 0.8450 0.0259 
38.9407 16.5000 3413.8008 0.4378 0.1938 -0.6319 2.7281 5.0000 0.8586 0.0270 
38.7995 16.5000 3322.2909 0.4364 0.1977 -0.6366 2.7400 5.0000 0.8504 0.0270 
38.7575 16.5000 3306.4607 0.4304 0.1943 -0.6339 2.7397 5.0000 0.8547 0.0241 
38.9054 16.5000 3372.6431 0.4367 0.1962 -0.6356 2.7348 5.0000 0.8563 0.0240 
38.8684 16.5000 3336.5683 0.4295 0.1924 -0.6352 2.7442 5.0000 0.8569 0.0240 
38.8735 16.5000 3351.1232 0.4397 0.1980 -0.6458 2.7539 5.0000 0.8605 0.0274 
38.7987 16.5000 3340.2135 0.4338 0.1974 -0.6330 2.7477 5.0000 0.8603 0.0221 
38.7432 16.5000 3302.4153 0.4275 0.1953 -0.6323 2.7392 5.0000 0.8534 0.0221 
38.9441 16.5000 3397.9092 0.4221 0.1892 -0.6246 2.7244 5.0000 0.8546 0.0240 
38.8979 16.5000 3400.8836 0.4347 0.1938 -0.6347 2.7409 5.0000 0.8719 0.0224 
38.8726 16.5000 3374.8415 0.4379 0.1966 -0.6337 2.7459 5.0000 0.8599 0.0224 
38.9323 16.5000 3409.4140 0.4385 0.1964 -0.6346 2.7312 5.0000 0.8580 0.0234 
38.9231 16.5000 3365.8630 0.4277 0.1892 -0.6345 2.7313 5.0000 0.8680 0.0208 
38.8945 16.5000 3380.8062 0.4354 0.1977 -0.6266 2.7337 5.0000 0.8675 0.0208 
38.9954 16.5000 3404.3270 0.4337 0.1962 -0.6263 2.7407 5.0000 0.8577 0.0249 
38.8592 16.5000 3354.7037 0.4265 0.1954 -0.6292 2.7436 5.0000 0.8568 0.0234 
38.8373 16.5000 3332.7390 0.4353 0.1958 -0.6541 2.7455 5.0000 0.8714 0.0234 
38.8962 16.5000 3364.5414 0.4333 0.1969 -0.6248 2.7450 5.0000 0.8570 0.0209 
38.7524 16.5000 3302.3388 0.4296 0.1934 -0.6401 2.7463 5.0000 0.8638 0.0256 
38.9920 16.5000 3423.1063 0.4254 0.1921 -0.6157 2.7402 5.0000 0.8707 0.0256 
38.8129 16.5000 3347.7966 0.4374 0.1942 -0.6398 2.7358 5.0000 0.8674 0.0251 
38.9071 16.5000 3402.6566 0.4373 0.1953 -0.6296 2.7376 5.0000 0.8578 0.0233 
38.8298 16.5000 3350.6742 0.4332 0.1951 -0.6417 2.7457 5.0000 0.8697 0.0240 
38.8995 16.5000 3366.7936 0.4293 0.1908 -0.6273 2.7391 5.0000 0.8586 0.0185 
38.8743 16.5000 3347.6982 0.4335 0.1979 -0.6304 2.7441 5.0000 0.8613 0.0234 
39.0836 16.5000 3437.3073 0.4335 0.1929 -0.6300 2.7378 5.0000 0.8644 0.0229 
38.8945 16.5000 3343.1459 0.4337 0.2011 -0.6356 2.7442 5.0000 0.8589 0.0271 
38.9138 16.5000 3387.2804 0.4349 0.1960 -0.6249 2.7402 5.0000 0.8514 0.0201 
38.7558 16.5000 3304.2875 0.4279 0.1950 -0.6340 2.7416 5.0000 0.8520 0.0248 
39.0223 16.5000 3397.4250 0.4407 0.1961 -0.6406 2.7302 5.0000 0.8557 0.0238 
38.8432 16.5000 3335.5334 0.4358 0.1961 -0.6396 2.7415 5.0000 0.8544 0.0265 
38.8794 16.5000 3373.8470 0.4283 0.1932 -0.6251 2.7434 5.0000 0.8593 0.0200 
38.7768 16.5000 3322.7440 0.4289 0.1953 -0.6258 2.7452 5.0000 0.8584 0.0254 
39.0265 16.5000 3430.7205 0.4421 0.1981 -0.6370 2.7414 5.0000 0.8543 0.0206 
38.8214 16.5000 3350.6667 0.4298 0.1901 -0.6311 2.7379 5.0000 0.8592 0.0251 
39.0029 16.5000 3415.2350 0.4337 0.1946 -0.6270 2.7327 5.0000 0.8633 0.0224 
38.8314 16.5000 3331.6251 0.4266 0.1989 -0.6193 2.7445 5.0000 0.8570 0.0258 
38.9348 16.5000 3393.2938 0.4385 0.1996 -0.6297 2.7424 5.0000 0.8643 0.0285 
38.8054 16.5000 3326.1042 0.4296 0.1960 -0.6318 2.7363 5.0000 0.8583 0.0240 
38.7011 16.5000 3276.0067 0.4369 0.1995 -0.6410 2.7487 5.0000 0.8585 0.0212 
38.8718 16.5000 3330.9760 0.4309 0.1971 -0.6328 2.7512 5.0000 0.8676 0.0266 
38.9811 16.5000 3424.5439 0.4323 0.1945 -0.6195 2.7326 5.0000 0.8555 0.0220 
38.7760 16.5000 3314.9895 0.4345 0.1955 -0.6325 2.7431 5.0000 0.8607 0.0233 
38.9483 16.5000 3395.6587 0.4368 0.1977 -0.6287 2.7404 5.0000 0.8705 0.0208 
38.9012 16.5000 3397.1316 0.4319 0.1937 -0.6309 2.7377 5.0000 0.8602 0.0256 
38.9929 16.5000 3398.9668 0.4389 0.1954 -0.6383 2.7329 5.0000 0.8618 0.0245 
38.8104 16.5000 3335.4788 0.4323 0.1954 -0.6394 2.7286 5.0000 0.8557 0.0268 
38.8550 16.5000 3351.2678 0.4298 0.1943 -0.6295 2.7420 5.0000 0.8679 0.0229 
38.7650 16.5000 3340.4414 0.4343 0.1955 -0.6325 2.7314 5.0000 0.8551 0.0212 
38.9138 16.5000 3346.7053 0.4259 0.1967 -0.6216 2.7501 5.0000 0.8592 0.0212 
38.9777 16.5000 3391.6797 0.4361 0.1918 -0.6381 2.7374 5.0000 0.8572 0.0285 
38.9794 16.5000 3381.3527 0.4330 0.1970 -0.6260 2.7438 5.0000 0.8572 0.0221 
38.7028 16.5000 3311.5864 0.4352 0.1921 -0.6495 2.7371 5.0000 0.8547 0.0244 
38.9433 16.5000 3378.6986 0.4338 0.1948 -0.6384 2.7350 5.0000 0.8570 0.0248 
38.8558 16.5000 3351.2812 0.4285 0.1947 -0.6230 2.7378 5.0000 0.8531 0.0272 
38.8415 16.5000 3330.7852 0.4308 0.1922 -0.6379 2.7408 5.0000 0.8629 0.0271 
38.7499 16.5000 3312.9088 0.4239 0.1926 -0.6346 2.7476 5.0000 0.8531 0.0202 
38.7549 16.5000 3300.6583 0.4290 0.1963 -0.6314 2.7554 5.0000 0.8648 0.0243 
39.0164 16.5000 3399.6688 0.4298 0.1903 -0.6298 2.7350 5.0000 0.8646 0.0275 
38.8625 16.5000 3358.9702 0.4284 0.1957 -0.6286 2.7336 5.0000 0.8585 0.0221 
38.7406 16.5000 3284.7163 0.4270 0.1960 -0.6337 2.7494 5.0000 0.8628 0.0203 
38.9458 16.5000 3411.0324 0.4397 0.1970 -0.6303 2.7329 5.0000 0.8609 0.0254 
39.0130 16.5000 3408.0681 0.4331 0.1911 -0.6304 2.7402 5.0000 0.8590 0.0218 
38.8180 16.5000 3345.1467 0.4329 0.1957 -0.6354 2.7551 5.0000 0.8583 0.0260 
38.9567 16.5000 3410.1740 0.4362 0.1951 -0.6300 2.7355 5.0000 0.8623 0.0291 
38.7961 16.5000 3315.3165 0.4279 0.1902 -0.6410 2.7455 5.0000 0.8527 0.0248 
38.6810 16.5000 3273.6217 0.4301 0.2014 -0.6369 2.7553 5.0000 0.8561 0.0239 
38.8415 16.5000 3346.9357 0.4385 0.1993 -0.6307 2.7401 5.0000 0.8588 0.0237 
38.8760 16.5000 3354.6944 0.4344 0.1980 -0.6338 2.7377 5.0000 0.8819 0.0258 
38.8827 16.5000 3379.8983 0.4347 0.1944 -0.6311 2.7410 5.0000 0.8884 0.0198 
38.8029 16.5000 3316.2858 0.4360 0.2002 -0.6420 2.7442 5.0000 0.8712 0.0223 
39.0324 16.5000 3434.3573 0.4354 0.1920 -0.6311 2.7300 5.0000 0.8676 0.0233 
38.9382 16.5000 3363.7638 0.4229 0.1981 -0.6134 2.7425 5.0000 0.8644 0.0225 
38.8979 16.5000 3362.3220 0.4319 0.1947 -0.6373 2.7389 5.0000 0.8691 0.0229 
38.9298 16.5000 3387.1290 0.4353 0.1955 -0.6338 2.7274 5.0000 0.8618 0.0238 
38.9138 16.5000 3391.0374 0.4329 0.1899 -0.6278 2.7347 5.0000 0.8627 0.0229 
38.8802 16.5000 3351.1139 0.4376 0.1959 -0.6382 2.7372 5.0000 0.8743 0.0283 
38.9138 16.5000 3376.5557 0.4359 0.1937 -0.6360 2.7356 5.0000 0.8605 0.0267 
38.7104 16.5000 3287.3081 0.4318 0.1967 -0.6392 2.7531 5.0000 0.8587 0.0227 
38.7718 16.5000 3329.7394 0.4278 0.1953 -0.6185 2.7530 5.0000 0.8627 0.0188 
38.9222 16.5000 3361.1425 0.4302 0.1955 -0.6249 2.7377 5.0000 0.8579 0.0218 
39.0727 16.5000 3437.2156 0.4354 0.1936 -0.6270 2.7378 5.0000 0.8638 0.0231 
38.9550 16.5000 3378.5565 0.4309 0.1955 -0.6263 2.7394 5.0000 0.8689 0.0255 
38.9063 16.5000 3370.3539 0.4446 0.2002 -0.6452 2.7482 5.0000 0.8573 0.0264 
38.8155 16.5000 3351.8369 0.4307 0.1963 -0.6223 2.7497 5.0000 0.8655 0.0229 
38.7810 16.5000 3318.8138 0.4350 0.1933 -0.6355 2.7403 5.0000 0.8688 0.0204 
38.9155 16.5000 3374.9290 0.4328 0.1967 -0.6363 2.7385 5.0000 0.8542 0.0209 
39.0088 16.5000 3432.8155 0.4370 0.1940 -0.6278 2.7302 5.0000 0.8680 0.0266 
38.9903 16.5000 3414.0807 0.4365 0.1952 -0.6280 2.7345 5.0000 0.9049 0.0196 
38.7743 16.5000 3329.6931 0.4271 0.1959 -0.6343 2.7414 5.0000 0.9097 0.0267 
39.0399 16.5000 3414.9626 0.4341 0.1970 -0.6278 2.7375 5.0000 0.9025 0.0220 
38.7692 16.5000 3307.2585 0.4322 0.1950 -0.6420 2.7496 5.0000 0.8655 0.0220 
38.9475 16.5000 3429.9723 0.4400 0.1920 -0.6273 2.7273 5.0000 0.8493 0.0220 
