39.7354 16.5000 3663.2595 0.2086 0.0577 -0.4626 3.0334 6.0000 33.2818 0.0018 
39.7348 16.5000 3662.9679 0.2104 0.0591 -0.4604 3.0366 6.0000 33.0337 0.0018 
39.7499 16.5000 3667.5328 0.2097 0.0578 -0.4644 3.0341 6.0000 32.2253 0.0018 
39.7360 16.5000 3662.4231 0.2102 0.0579 -0.4648 3.0361 6.0000 32.3924 0.0018 
39.7338 16.5000 3662.1895 0.2102 0.0575 -0.4637 3.0366 6.0000 33.6497 0.0017 
39.7360 16.5000 3662.5545 0.2097 0.0581 -0.4632 3.0369 6.0000 33.5533 0.0017 
39.7395 16.5000 3664.3764 0.2116 0.0577 -0.4641 3.0344 6.0000 33.0463 0.0013 
39.7362 16.5000 3663.5456 0.2109 0.0577 -0.4642 3.0369 6.0000 33.7074 0.0015 
39.7556 16.5000 3670.4022 0.2080 0.0578 -0.4563 3.0361 6.0000 34.1271 0.0023 
39.7451 16.5000 3666.0722 0.2094 0.0577 -0.4599 3.0366 6.0000 33.6981 0.0015 
39.7140 16.5000 3654.7227 0.2121 0.0584 -0.4666 3.0380 6.0000 33.9932 0.0015 
39.7453 16.5000 3666.2528 0.2108 0.0579 -0.4620 3.0348 6.0000 34.5664 0.0019 
39.7445 16.5000 3665.8318 0.2091 0.0574 -0.4601 3.0345 6.0000 33.9249 0.0012 
39.7309 16.5000 3661.3807 0.2089 0.0581 -0.4610 3.0391 6.0000 33.6609 0.0019 
39.7589 16.5000 3672.0177 0.2093 0.0584 -0.4602 3.0336 6.0000 34.3666 0.0017 
39.7309 16.5000 3661.1786 0.2089 0.0577 -0.4593 3.0338 6.0000 33.8289 0.0017 
39.7377 16.5000 3664.4439 0.2096 0.0574 -0.4620 3.0362 6.0000 33.7217 0.0018 
39.7389 16.5000 3664.7529 0.2113 0.0578 -0.4656 3.0357 6.0000 34.2161 0.0018 
39.7336 16.5000 3662.7341 0.2093 0.0582 -0.4610 3.0365 6.0000 33.6727 0.0018 
39.7327 16.5000 3661.4925 0.2104 0.0576 -0.4627 3.0357 6.0000 33.8660 0.0022 
39.7346 16.5000 3662.0898 0.2107 0.0575 -0.4632 3.0359 6.0000 34.4510 0.0019 
39.7191 16.5000 3656.8276 0.2108 0.0583 -0.4639 3.0370 6.0000 33.7683 0.0016 
39.7290 16.5000 3660.5135 0.2095 0.0585 -0.4612 3.0350 6.0000 33.6706 0.0016 
39.7437 16.5000 3666.5993 0.2101 0.0584 -0.4623 3.0342 6.0000 34.4103 0.0018 
39.7433 16.5000 3665.9494 0.2106 0.0582 -0.4648 3.0365 6.0000 33.7508 0.0015 
39.7330 16.5000 3661.9653 0.2096 0.0582 -0.4610 3.0383 6.0000 34.2702 0.0015 
39.7447 16.5000 3666.5494 0.2107 0.0578 -0.4625 3.0390 6.0000 34.7506 0.0017 
39.7478 16.5000 3666.3979 0.2104 0.0585 -0.4639 3.0365 6.0000 34.1610 0.0017 
39.7369 16.5000 3664.3122 0.2102 0.0576 -0.4643 3.0350 6.0000 34.6208 0.0019 
39.7371 16.5000 3663.8481 0.2095 0.0581 -0.4611 3.0359 6.0000 35.0677 0.0016 
39.7319 16.5000 3661.3303 0.2107 0.0579 -0.4645 3.0364 6.0000 34.1287 0.0017 
39.7408 16.5000 3664.9821 0.2111 0.0578 -0.4622 3.0355 6.0000 34.1222 0.0018 
39.7383 16.5000 3664.7264 0.2092 0.0579 -0.4614 3.0398 6.0000 34.4562 0.0017 
39.7356 16.5000 3663.0711 0.2107 0.0584 -0.4629 3.0373 6.0000 33.8987 0.0017 
39.7365 16.5000 3664.0380 0.2086 0.0582 -0.4580 3.0379 6.0000 34.8152 0.0016 
39.7387 16.5000 3664.1187 0.2098 0.0578 -0.4645 3.0344 6.0000 35.8137 0.0019 
39.7408 16.5000 3664.3228 0.2114 0.0583 -0.4627 3.0359 6.0000 37.5660 0.0017 
39.7296 16.5000 3661.0005 0.2102 0.0583 -0.4634 3.0350 6.0000 37.2418 0.0020 
39.7398 16.5000 3664.0437 0.2087 0.0580 -0.4616 3.0365 6.0000 38.3314 0.0019 
39.7280 16.5000 3660.7655 0.2082 0.0575 -0.4619 3.0351 6.0000 37.9082 0.0016 
39.7317 16.5000 3661.5008 0.2103 0.0581 -0.4634 3.0371 6.0000 37.3013 0.0018 
39.7422 16.5000 3665.0787 0.2096 0.0577 -0.4631 3.0359 6.0000 36.6740 0.0014 
39.7348 16.5000 3662.5549 0.2094 0.0572 -0.4621 3.0367 6.0000 34.9173 0.0014 
39.7513 16.5000 3669.1652 0.2109 0.0581 -0.4634 3.0353 6.0000 34.9851 0.0018 
39.7499 16.5000 3667.7889 0.2089 0.0581 -0.4598 3.0366 6.0000 35.5676 0.0018 
39.7348 16.5000 3662.8418 0.2107 0.0576 -0.4640 3.0385 6.0000 37.2123 0.0016 
39.7348 16.5000 3662.6938 0.2099 0.0581 -0.4640 3.0355 6.0000 36.2493 0.0013 
39.7418 16.5000 3664.5822 0.2084 0.0573 -0.4615 3.0359 6.0000 36.2741 0.0015 
39.7542 16.5000 3669.5004 0.2111 0.0581 -0.4624 3.0353 6.0000 37.1079 0.0019 
39.7464 16.5000 3666.9326 0.2104 0.0582 -0.4614 3.0378 6.0000 36.9935 0.0018 
39.7313 16.5000 3661.1565 0.2122 0.0578 -0.4663 3.0369 6.0000 36.7029 0.0019 
39.7327 16.5000 3661.5988 0.2105 0.0584 -0.4657 3.0361 6.0000 35.5018 0.0021 
39.7298 16.5000 3661.8555 0.2092 0.0577 -0.4635 3.0362 6.0000 35.3220 0.0014 
39.7239 16.5000 3658.4701 0.2107 0.0584 -0.4621 3.0374 6.0000 36.9040 0.0019 
39.7497 16.5000 3668.4495 0.2106 0.0580 -0.4628 3.0333 6.0000 37.5020 0.0018 
39.7305 16.5000 3660.9568 0.2101 0.0578 -0.4619 3.0370 6.0000 38.3004 0.0018 
39.7350 16.5000 3662.7380 0.2106 0.0580 -0.4614 3.0334 6.0000 36.9971 0.0014 
39.7362 16.5000 3664.0031 0.2098 0.0577 -0.4640 3.0337 6.0000 36.4096 0.0021 
39.7490 16.5000 3668.0809 0.2111 0.0587 -0.4640 3.0396 6.0000 36.2125 0.0019 
39.7212 16.5000 3658.2970 0.2084 0.0577 -0.4615 3.0370 6.0000 37.1913 0.0019 
39.7284 16.5000 3660.1412 0.2110 0.0578 -0.4649 3.0327 6.0000 35.9033 0.0015 
39.7303 16.5000 3661.0113 0.2113 0.0582 -0.4678 3.0382 6.0000 37.1004 0.0021 
39.7476 16.5000 3667.8147 0.2089 0.0576 -0.4632 3.0340 6.0000 38.8425 0.0015 
39.7235 16.5000 3658.9076 0.2101 0.0582 -0.4619 3.0389 6.0000 38.5422 0.0013 
39.7445 16.5000 3666.3302 0.2094 0.0572 -0.4635 3.0336 6.0000 37.7331 0.0015 
39.7554 16.5000 3669.1481 0.2108 0.0578 -0.4660 3.0367 6.0000 36.9979 0.0015 
39.7480 16.5000 3667.2678 0.2099 0.0578 -0.4616 3.0341 6.0000 36.9500 0.0021 
39.7455 16.5000 3666.4070 0.2092 0.0581 -0.4630 3.0350 6.0000 36.5797 0.0016 
39.7241 16.5000 3657.6316 0.2113 0.0580 -0.4660 3.0350 6.0000 37.1036 0.0015 
39.7408 16.5000 3665.0113 0.2117 0.0580 -0.4646 3.0347 6.0000 41.1396 0.0015 
39.7455 16.5000 3666.4833 0.2101 0.0575 -0.4628 3.0355 6.0000 41.6472 0.0018 
39.7451 16.5000 3665.6002 0.2112 0.0578 -0.4607 3.0370 6.0000 42.7477 0.0021 
39.7336 16.5000 3662.4738 0.2083 0.0574 -0.4602 3.0367 6.0000 37.9597 0.0017 
39.7210 16.5000 3657.2187 0.2103 0.0584 -0.4633 3.0365 6.0000 37.5691 0.0015 
39.7369 16.5000 3663.1976 0.2105 0.0579 -0.4617 3.0369 6.0000 35.9353 0.0020 
39.7470 16.5000 3666.4538 0.2111 0.0579 -0.4633 3.0375 6.0000 35.6180 0.0017 
39.7272 16.5000 3659.9040 0.2115 0.0580 -0.4661 3.0355 6.0000 35.9017 0.0016 
39.7381 16.5000 3663.5028 0.2100 0.0584 -0.4621 3.0357 6.0000 34.9983 0.0014 
39.7418 16.5000 3665.0271 0.2097 0.0572 -0.4638 3.0334 6.0000 36.4200 0.0015 
39.7482 16.5000 3667.2463 0.2120 0.0577 -0.4640 3.0342 6.0000 36.1176 0.0016 
39.7466 16.5000 3666.7118 0.2108 0.0579 -0.4628 3.0387 6.0000 36.5252 0.0019 
39.7416 16.5000 3664.7128 0.2119 0.0585 -0.4632 3.0364 6.0000 34.5682 0.0018 
39.7319 16.5000 3662.1490 0.2123 0.0588 -0.4644 3.0389 6.0000 35.7219 0.0017 
39.7346 16.5000 3663.0102 0.2112 0.0582 -0.4623 3.0356 5.0000 36.7099 0.0016 
39.7365 16.5000 3662.6639 0.2094 0.0576 -0.4628 3.0377 6.0000 38.6150 0.0017 
39.7431 16.5000 3664.8754 0.2118 0.0577 -0.4676 3.0361 6.0000 38.0767 0.0016 
39.7400 16.5000 3664.8053 0.2106 0.0579 -0.4652 3.0350 6.0000 39.0962 0.0021 
39.7420 16.5000 3665.7071 0.2095 0.0582 -0.4622 3.0379 6.0000 37.9563 0.0017 
39.7206 16.5000 3657.8176 0.2102 0.0577 -0.4634 3.0341 6.0000 37.9347 0.0019 
39.7365 16.5000 3663.3982 0.2095 0.0581 -0.4624 3.0362 6.0000 38.5335 0.0012 
39.7299 16.5000 3661.1248 0.2115 0.0577 -0.4661 3.0352 6.0000 40.5831 0.0021 
39.7579 16.5000 3671.3109 0.2109 0.0576 -0.4618 3.0343 6.0000 40.6334 0.0017 
39.7214 16.5000 3658.5077 0.2090 0.0580 -0.4601 3.0363 6.0000 40.0796 0.0019 
39.7373 16.5000 3663.4595 0.2097 0.0576 -0.4624 3.0366 6.0000 41.8278 0.0018 
39.7305 16.5000 3660.1954 0.2103 0.0583 -0.4638 3.0348 6.0000 41.5254 0.0020 
39.7325 16.5000 3661.9049 0.2099 0.0584 -0.4633 3.0372 6.0000 40.3474 0.0018 
39.7276 16.5000 3660.3484 0.2096 0.0581 -0.4630 3.0383 6.0000 38.2742 0.0017 
39.7362 16.5000 3663.2195 0.2111 0.0582 -0.4646 3.0376 6.0000 37.6242 0.0015 
39.7396 16.5000 3664.6532 0.2096 0.0574 -0.4642 3.0350 6.0000 36.8953 0.0015 
39.7464 16.5000 3667.6327 0.2107 0.0576 -0.4666 3.0337 6.0000 31.8377 0.0015 
