31.0699 1.0000 3013.4302 0.1407 0.0333 -0.2509 3.4122 9.0000 31.6675 0.0005 
31.0679 1.0000 3012.5672 0.1415 0.0334 -0.2514 3.4103 7.0000 34.2631 0.0005 
31.0699 1.0000 3013.6581 0.1428 0.0334 -0.2528 3.4099 7.0000 35.7529 0.0006 
31.0711 1.0000 3013.8773 0.1431 0.0335 -0.2533 3.4119 8.0000 33.8432 0.0006 
31.0710 1.0000 3013.9892 0.1430 0.0335 -0.2531 3.4104 8.0000 33.2184 0.0005 
31.0694 1.0000 3013.1448 0.1432 0.0335 -0.2532 3.4117 8.0000 34.3752 0.0005 
31.0665 1.0000 3011.9663 0.1416 0.0333 -0.2509 3.4128 8.0000 25.3090 0.0005 
31.0705 1.0000 3013.5767 0.1415 0.0331 -0.2529 3.4120 8.0000 14.1958 0.0006 
31.0672 1.0000 3012.1411 0.1405 0.0331 -0.2514 3.4094 7.0000 16.7770 0.0005 
31.0679 1.0000 3012.6146 0.1412 0.0329 -0.2525 3.4094 8.0000 16.8452 0.0006 
31.0707 1.0000 3013.6983 0.1410 0.0329 -0.2511 3.4118 7.0000 17.2467 0.0005 
31.0701 1.0000 3013.3821 0.1414 0.0334 -0.2522 3.4115 8.0000 16.5365 0.0006 
31.0715 1.0000 3014.2516 0.1398 0.0328 -0.2507 3.4094 7.0000 18.3233 0.0005 
31.0714 1.0000 3013.9025 0.1396 0.0329 -0.2505 3.4118 8.0000 13.5489 0.0005 
31.0677 1.0000 3012.5871 0.1424 0.0333 -0.2535 3.4106 7.0000 17.3937 0.0006 
31.0685 1.0000 3012.9666 0.1409 0.0329 -0.2522 3.4125 8.0000 17.2126 0.0005 
31.0700 1.0000 3013.1783 0.1421 0.0329 -0.2536 3.4125 8.0000 15.6167 0.0005 
31.0708 1.0000 3014.1074 0.1405 0.0329 -0.2509 3.4121 8.0000 16.4963 0.0005 
31.0704 1.0000 3013.5316 0.1392 0.0330 -0.2495 3.4101 8.0000 18.7532 0.0007 
31.0716 1.0000 3014.0813 0.1373 0.0324 -0.2468 3.4106 9.0000 17.6189 0.0005 
31.0667 1.0000 3012.0540 0.1407 0.0333 -0.2509 3.4116 7.0000 15.7881 0.0004 
31.0700 1.0000 3013.4426 0.1421 0.0333 -0.2521 3.4099 8.0000 16.3555 0.0006 
31.0708 1.0000 3013.7494 0.1412 0.0332 -0.2534 3.4117 9.0000 16.3312 0.0005 
31.0654 1.0000 3011.3694 0.1420 0.0332 -0.2532 3.4099 8.0000 15.3558 0.0004 
31.0707 1.0000 3013.7547 0.1401 0.0332 -0.2510 3.4126 8.0000 11.0756 0.0004 
31.0687 1.0000 3012.7268 0.1419 0.0332 -0.2531 3.4118 7.0000 21.0236 0.0004 
31.0732 1.0000 3014.9443 0.1353 0.0319 -0.2472 3.4121 8.0000 20.3614 0.0006 
31.0698 1.0000 3013.3357 0.1406 0.0330 -0.2507 3.4097 8.0000 14.2508 0.0005 
31.0727 1.0000 3014.5518 0.1402 0.0332 -0.2508 3.4118 8.0000 16.3427 0.0005 
31.0686 1.0000 3012.7123 0.1419 0.0334 -0.2522 3.4113 7.0000 16.4300 0.0006 
31.0728 1.0000 3014.6612 0.1409 0.0331 -0.2524 3.4111 8.0000 16.4517 0.0006 
31.0680 1.0000 3012.6030 0.1410 0.0330 -0.2521 3.4123 8.0000 15.8245 0.0005 
31.0685 1.0000 3012.8975 0.1418 0.0328 -0.2533 3.4134 8.0000 15.8850 0.0006 
31.0696 1.0000 3013.0792 0.1410 0.0331 -0.2525 3.4120 8.0000 15.8659 0.0005 
31.0694 1.0000 3013.3109 0.1408 0.0330 -0.2523 3.4093 7.0000 15.7612 0.0004 
31.0710 1.0000 3013.9877 0.1414 0.0330 -0.2519 3.4119 7.0000 16.1964 0.0006 
31.0684 1.0000 3012.8135 0.1407 0.0331 -0.2522 3.4113 7.0000 16.2829 0.0005 
31.0705 1.0000 3013.4609 0.1409 0.0328 -0.2526 3.4109 8.0000 11.0953 0.0005 
31.0668 1.0000 3011.8292 0.1411 0.0331 -0.2517 3.4116 8.0000 16.7191 0.0005 
31.0715 1.0000 3014.0041 0.1416 0.0332 -0.2528 3.4126 7.0000 17.5078 0.0005 
31.0730 1.0000 3015.0004 0.1405 0.0331 -0.2510 3.4129 9.0000 16.8001 0.0006 
31.0696 1.0000 3012.9279 0.1424 0.0333 -0.2536 3.4131 7.0000 16.9696 0.0005 
31.0681 1.0000 3012.5163 0.1400 0.0332 -0.2505 3.4124 8.0000 16.5752 0.0005 
31.0706 1.0000 3013.5832 0.1405 0.0328 -0.2513 3.4110 8.0000 11.5238 0.0006 
31.0699 1.0000 3013.5537 0.1422 0.0329 -0.2524 3.4122 8.0000 17.3747 0.0006 
31.0687 1.0000 3012.9954 0.1409 0.0330 -0.2507 3.4105 8.0000 11.5286 0.0005 
31.0707 1.0000 3013.6246 0.1401 0.0330 -0.2516 3.4119 8.0000 11.2410 0.0005 
31.0710 1.0000 3013.9261 0.1406 0.0329 -0.2515 3.4114 8.0000 15.8729 0.0005 
31.0693 1.0000 3013.1919 0.1415 0.0330 -0.2525 3.4131 8.0000 15.9162 0.0006 
31.0699 1.0000 3013.5098 0.1420 0.0332 -0.2529 3.4123 8.0000 17.6158 0.0005 
31.0704 1.0000 3013.6301 0.1406 0.0331 -0.2515 3.4113 8.0000 16.3677 0.0005 
31.0667 1.0000 3012.0053 0.1406 0.0329 -0.2515 3.4106 8.0000 19.1901 0.0006 
31.0675 1.0000 3012.2546 0.1414 0.0330 -0.2525 3.4085 8.0000 18.6283 0.0006 
31.0724 1.0000 3014.8022 0.1421 0.0328 -0.2530 3.4118 7.0000 16.3638 0.0005 
31.0679 1.0000 3012.6066 0.1403 0.0332 -0.2504 3.4102 7.0000 13.1049 0.0005 
31.0703 1.0000 3013.6953 0.1420 0.0330 -0.2527 3.4108 8.0000 16.4793 0.0005 
31.0712 1.0000 3014.2322 0.1415 0.0332 -0.2521 3.4130 8.0000 15.3469 0.0005 
31.0706 1.0000 3013.8582 0.1419 0.0332 -0.2524 3.4105 8.0000 16.3950 0.0005 
31.0692 1.0000 3012.9761 0.1416 0.0330 -0.2522 3.4135 8.0000 13.5242 0.0006 
31.0672 1.0000 3012.1123 0.1408 0.0331 -0.2510 3.4129 8.0000 11.3413 0.0006 
31.0712 1.0000 3013.9574 0.1417 0.0332 -0.2523 3.4092 7.0000 15.8209 0.0005 
31.0717 1.0000 3014.4989 0.1398 0.0327 -0.2511 3.4132 8.0000 14.1856 0.0006 
31.0709 1.0000 3013.8666 0.1357 0.0321 -0.2458 3.4106 8.0000 18.5080 0.0005 
31.0694 1.0000 3013.0021 0.1415 0.0331 -0.2530 3.4095 9.0000 16.1696 0.0006 
31.0695 1.0000 3013.1196 0.1412 0.0330 -0.2526 3.4126 8.0000 16.2260 0.0005 
31.0685 1.0000 3012.7629 0.1385 0.0331 -0.2492 3.4099 8.0000 16.2137 0.0007 
31.0709 1.0000 3013.9092 0.1409 0.0329 -0.2526 3.4087 8.0000 16.2351 0.0005 
31.0674 1.0000 3012.1584 0.1411 0.0329 -0.2519 3.4122 8.0000 15.6885 0.0005 
31.0703 1.0000 3013.7027 0.1423 0.0331 -0.2532 3.4124 8.0000 16.4339 0.0008 
31.0670 1.0000 3011.9359 0.1400 0.0332 -0.2503 3.4118 8.0000 13.8078 0.0006 
31.0709 1.0000 3014.0040 0.1415 0.0329 -0.2523 3.4108 9.0000 17.4675 0.0006 
31.0657 1.0000 3011.7555 0.1406 0.0330 -0.2517 3.4123 8.0000 16.7155 0.0005 
31.0708 1.0000 3013.9410 0.1406 0.0330 -0.2505 3.4104 8.0000 16.6307 0.0006 
31.0703 1.0000 3013.7552 0.1412 0.0329 -0.2518 3.4122 8.0000 16.4199 0.0006 
31.0631 1.0000 3010.3373 0.1400 0.0329 -0.2509 3.4118 8.0000 15.5434 0.0006 
31.0674 1.0000 3012.2316 0.1420 0.0329 -0.2530 3.4096 8.0000 12.0051 0.0006 
31.0690 1.0000 3012.9377 0.1409 0.0330 -0.2520 3.4118 8.0000 15.6570 0.0005 
31.0711 1.0000 3013.9316 0.1394 0.0328 -0.2502 3.4104 7.0000 16.2169 0.0005 
31.0687 1.0000 3012.8627 0.1416 0.0330 -0.2530 3.4126 8.0000 16.3152 0.0007 
31.0690 1.0000 3013.0197 0.1406 0.0333 -0.2508 3.4117 8.0000 16.0379 0.0006 
31.0692 1.0000 3013.1261 0.1415 0.0330 -0.2527 3.4108 7.0000 15.7449 0.0007 
31.0719 1.0000 3014.2993 0.1408 0.0330 -0.2514 3.4120 8.0000 15.8868 0.0006 
31.0670 1.0000 3012.1776 0.1418 0.0334 -0.2525 3.4108 8.0000 15.6830 0.0006 
31.0696 1.0000 3013.2926 0.1409 0.0330 -0.2521 3.4100 8.0000 15.5214 0.0006 
31.0682 1.0000 3012.1757 0.1415 0.0333 -0.2517 3.4114 9.0000 16.3745 0.0006 
31.0650 1.0000 3010.6837 0.1407 0.0331 -0.2510 3.4113 7.0000 15.2439 0.0005 
31.0685 1.0000 3012.7132 0.1405 0.0329 -0.2516 3.4091 8.0000 13.1396 0.0005 
31.0694 1.0000 3013.4788 0.1380 0.0328 -0.2472 3.4105 8.0000 17.7765 0.0006 
31.0672 1.0000 3012.3073 0.1411 0.0332 -0.2517 3.4119 8.0000 15.8978 0.0004 
31.0673 1.0000 3012.3168 0.1407 0.0331 -0.2514 3.4098 8.0000 17.0268 0.0005 
31.0681 1.0000 3012.5514 0.1403 0.0330 -0.2507 3.4104 8.0000 16.7245 0.0007 
31.0672 1.0000 3012.1944 0.1411 0.0332 -0.2519 3.4112 8.0000 17.3474 0.0006 
31.0702 1.0000 3013.7386 0.1407 0.0330 -0.2512 3.4115 8.0000 17.4629 0.0005 
31.0702 1.0000 3013.5025 0.1417 0.0332 -0.2530 3.4112 8.0000 17.3276 0.0005 
31.0732 1.0000 3014.7848 0.1420 0.0329 -0.2536 3.4111 7.0000 14.1437 0.0005 
31.0712 1.0000 3014.0458 0.1416 0.0328 -0.2526 3.4121 8.0000 17.3721 0.0005 
31.0662 1.0000 3011.6820 0.1424 0.0333 -0.2523 3.4094 8.0000 16.7864 0.0005 
31.0681 1.0000 3012.4373 0.1411 0.0328 -0.2523 3.4110 8.0000 17.3243 0.0005 
31.0703 1.0000 3013.3951 0.1409 0.0330 -0.2522 3.4108 8.0000 16.5160 0.0005 
31.0706 1.0000 3013.6436 0.1411 0.0331 -0.2523 3.4115 9.0000 12.2543 0.0005 
