39.6348 16.5000 3630.9572 0.4939 0.1781 -0.6410 3.1398 6.0000 15.2756 0.0043 
39.6348 16.5000 3635.3413 0.4934 0.1845 -0.6268 3.1380 6.0000 15.3152 0.0043 
39.6244 16.5000 3625.4752 0.4971 0.1839 -0.6382 3.1425 6.0000 15.7092 0.0044 
39.6297 16.5000 3630.9281 0.4992 0.1819 -0.6378 3.1443 6.0000 16.1313 0.0050 
39.6066 16.5000 3617.8789 0.5033 0.1857 -0.6482 3.1423 6.0000 16.1056 0.0051 
39.6033 16.5000 3623.6391 0.4987 0.1813 -0.6421 3.1361 6.0000 16.3207 0.0047 
39.6194 16.5000 3622.9797 0.4973 0.1863 -0.6319 3.1512 6.0000 16.6000 0.0045 
39.6290 16.5000 3634.1401 0.4956 0.1826 -0.6269 3.1475 6.0000 16.3490 0.0043 
39.6341 16.5000 3633.2230 0.5041 0.1894 -0.6333 3.1514 6.0000 16.6336 0.0045 
39.6267 16.5000 3629.2837 0.4925 0.1810 -0.6339 3.1429 6.0000 17.1689 0.0037 
39.6591 16.5000 3639.5038 0.4950 0.1808 -0.6372 3.1446 6.0000 16.9666 0.0040 
39.6458 16.5000 3632.0268 0.4956 0.1793 -0.6391 3.1415 6.0000 16.5928 0.0062 
39.5605 16.5000 3602.8410 0.4920 0.1811 -0.6315 3.1375 6.0000 16.2841 0.0050 
39.6061 16.5000 3619.0657 0.4958 0.1814 -0.6431 3.1428 6.0000 16.8546 0.0044 
39.6325 16.5000 3632.2962 0.4991 0.1836 -0.6398 3.1409 6.0000 16.5968 0.0038 
39.6554 16.5000 3637.3174 0.5014 0.1879 -0.6369 3.1504 6.0000 17.0505 0.0043 
39.6359 16.5000 3631.8390 0.4944 0.1832 -0.6376 3.1458 6.0000 16.7787 0.0052 
39.6015 16.5000 3619.6325 0.4983 0.1840 -0.6392 3.1423 6.0000 16.9758 0.0049 
39.6121 16.5000 3617.2484 0.4968 0.1843 -0.6371 3.1483 6.0000 17.0666 0.0040 
39.6481 16.5000 3637.8851 0.4964 0.1810 -0.6381 3.1361 6.0000 16.6897 0.0033 
39.6742 16.5000 3644.9843 0.4985 0.1810 -0.6396 3.1411 6.0000 16.8420 0.0050 
39.6091 16.5000 3624.5131 0.4997 0.1848 -0.6373 3.1464 6.0000 16.6461 0.0053 
39.5958 16.5000 3616.0500 0.4973 0.1841 -0.6348 3.1487 6.0000 16.9122 0.0049 
39.6121 16.5000 3623.2230 0.4940 0.1844 -0.6306 3.1453 6.0000 16.6144 0.0046 
39.6249 16.5000 3630.7291 0.4951 0.1813 -0.6372 3.1398 6.0000 16.9452 0.0047 
39.6192 16.5000 3626.9295 0.4938 0.1832 -0.6332 3.1433 6.0000 16.1708 0.0054 
39.5905 16.5000 3617.2113 0.4981 0.1816 -0.6386 3.1396 6.0000 16.7407 0.0048 
39.6169 16.5000 3626.4512 0.4911 0.1814 -0.6295 3.1381 6.0000 16.8200 0.0051 
39.6040 16.5000 3623.2030 0.4954 0.1852 -0.6302 3.1346 6.0000 17.2097 0.0042 
39.6398 16.5000 3631.4889 0.4995 0.1871 -0.6382 3.1448 6.0000 17.3016 0.0054 
39.5937 16.5000 3616.8371 0.4979 0.1833 -0.6386 3.1420 6.0000 16.9538 0.0051 
39.6020 16.5000 3622.9868 0.4951 0.1820 -0.6358 3.1384 6.0000 16.6409 0.0051 
39.6332 16.5000 3626.0417 0.4894 0.1797 -0.6312 3.1368 6.0000 16.7622 0.0052 
39.6013 16.5000 3618.6617 0.4898 0.1784 -0.6313 3.1355 6.0000 16.8541 0.0052 
39.6341 16.5000 3626.7880 0.4963 0.1833 -0.6348 3.1520 6.0000 16.7646 0.0050 
39.6079 16.5000 3620.8614 0.4954 0.1823 -0.6352 3.1408 6.0000 16.7278 0.0050 
39.6270 16.5000 3624.7596 0.4944 0.1831 -0.6356 3.1426 6.0000 16.9480 0.0047 
39.6134 16.5000 3622.4913 0.4967 0.1823 -0.6406 3.1484 6.0000 16.7059 0.0049 
39.6180 16.5000 3625.7336 0.4944 0.1796 -0.6377 3.1360 6.0000 16.4131 0.0041 
39.6442 16.5000 3633.7760 0.4963 0.1839 -0.6308 3.1431 6.0000 16.7759 0.0035 
39.6653 16.5000 3641.2730 0.4887 0.1776 -0.6354 3.1342 6.0000 16.1178 0.0044 
39.6320 16.5000 3634.2297 0.5007 0.1845 -0.6352 3.1399 6.0000 17.1076 0.0045 
39.6258 16.5000 3625.6875 0.4975 0.1809 -0.6373 3.1511 6.0000 16.5430 0.0041 
39.6446 16.5000 3635.5832 0.4965 0.1840 -0.6269 3.1397 6.0000 16.3548 0.0050 
39.6091 16.5000 3620.7438 0.4946 0.1827 -0.6366 3.1397 6.0000 16.8590 0.0053 
39.5962 16.5000 3613.3259 0.4954 0.1845 -0.6331 3.1461 6.0000 16.6053 0.0036 
39.6618 16.5000 3640.1839 0.4982 0.1847 -0.6394 3.1423 6.0000 16.3351 0.0047 
39.6178 16.5000 3621.7496 0.4977 0.1818 -0.6399 3.1459 6.0000 16.7683 0.0056 
39.5839 16.5000 3609.3869 0.4983 0.1882 -0.6378 3.1493 6.0000 16.4983 0.0049 
39.6125 16.5000 3621.1248 0.4955 0.1844 -0.6380 3.1546 6.0000 16.3979 0.0044 
39.6297 16.5000 3625.8081 0.4929 0.1827 -0.6331 3.1433 6.0000 16.8880 0.0046 
39.6242 16.5000 3625.5809 0.4921 0.1837 -0.6252 3.1326 6.0000 16.5000 0.0049 
39.6127 16.5000 3619.6332 0.5011 0.1867 -0.6419 3.1558 6.0000 16.2651 0.0038 
39.6538 16.5000 3640.4620 0.4962 0.1833 -0.6302 3.1410 6.0000 16.7761 0.0048 
39.6155 16.5000 3624.1777 0.4940 0.1793 -0.6336 3.1355 6.0000 16.7650 0.0043 
39.6348 16.5000 3631.1274 0.4989 0.1846 -0.6384 3.1473 6.0000 16.3927 0.0043 
39.6341 16.5000 3631.3126 0.4952 0.1833 -0.6359 3.1396 6.0000 16.6573 0.0054 
39.5921 16.5000 3619.8255 0.4983 0.1853 -0.6373 3.1491 6.0000 16.8959 0.0049 
39.6111 16.5000 3625.6834 0.4938 0.1802 -0.6316 3.1418 6.0000 16.5768 0.0051 
39.6038 16.5000 3621.5763 0.4974 0.1836 -0.6362 3.1407 6.0000 16.7108 0.0043 
39.6341 16.5000 3628.5035 0.4959 0.1826 -0.6367 3.1420 6.0000 16.8384 0.0044 
39.6299 16.5000 3630.0981 0.4972 0.1831 -0.6374 3.1443 6.0000 16.6225 0.0044 
39.6311 16.5000 3628.8263 0.4982 0.1835 -0.6423 3.1568 6.0000 16.9433 0.0058 
39.5772 16.5000 3614.6984 0.4973 0.1839 -0.6351 3.1402 6.0000 16.6352 0.0037 
39.6581 16.5000 3638.9731 0.4977 0.1812 -0.6398 3.1466 6.0000 16.5957 0.0050 
39.6093 16.5000 3624.1078 0.4987 0.1823 -0.6406 3.1333 6.0000 16.9286 0.0041 
39.6428 16.5000 3632.6931 0.4946 0.1823 -0.6351 3.1446 6.0000 16.9343 0.0051 
39.6031 16.5000 3618.3581 0.4949 0.1821 -0.6367 3.1483 6.0000 16.6617 0.0042 
39.6405 16.5000 3634.1121 0.4976 0.1831 -0.6394 3.1490 6.0000 16.7310 0.0048 
39.6173 16.5000 3625.5621 0.4990 0.1816 -0.6433 3.1419 6.0000 16.7101 0.0051 
39.6052 16.5000 3616.9093 0.4994 0.1825 -0.6451 3.1415 6.0000 16.9228 0.0043 
39.6350 16.5000 3631.6795 0.4940 0.1807 -0.6351 3.1387 6.0000 16.5889 0.0058 
39.5754 16.5000 3607.7606 0.5001 0.1850 -0.6358 3.1419 6.0000 16.7964 0.0043 
39.6336 16.5000 3631.6240 0.4965 0.1828 -0.6377 3.1550 6.0000 16.5931 0.0045 
39.6265 16.5000 3628.5083 0.4971 0.1825 -0.6383 3.1537 6.0000 16.4648 0.0052 
39.6004 16.5000 3614.3409 0.4940 0.1793 -0.6415 3.1423 6.0000 16.6526 0.0045 
39.6272 16.5000 3629.0359 0.4937 0.1810 -0.6331 3.1416 6.0000 16.7368 0.0044 
39.6327 16.5000 3629.2918 0.4892 0.1778 -0.6345 3.1439 6.0000 16.8326 0.0048 
39.6141 16.5000 3622.7332 0.4971 0.1787 -0.6391 3.1399 6.0000 16.7092 0.0042 
39.6407 16.5000 3634.8832 0.4913 0.1781 -0.6354 3.1365 6.0000 17.1880 0.0040 
39.6483 16.5000 3635.3576 0.4911 0.1818 -0.6321 3.1465 6.0000 17.0188 0.0043 
39.6357 16.5000 3631.7689 0.4987 0.1848 -0.6359 3.1392 6.0000 16.7630 0.0041 
39.6430 16.5000 3630.4787 0.5029 0.1860 -0.6419 3.1599 6.0000 16.9891 0.0043 
39.6345 16.5000 3630.6938 0.4942 0.1829 -0.6317 3.1455 6.0000 16.6903 0.0046 
39.6233 16.5000 3626.9870 0.4934 0.1827 -0.6329 3.1424 6.0000 16.8190 0.0039 
39.6508 16.5000 3636.0821 0.4999 0.1851 -0.6375 3.1479 6.0000 17.1870 0.0052 
39.6008 16.5000 3617.2470 0.4985 0.1851 -0.6382 3.1440 6.0000 16.3213 0.0048 
39.6148 16.5000 3623.8620 0.4968 0.1822 -0.6327 3.1373 6.0000 16.8473 0.0041 
39.6444 16.5000 3635.8787 0.4909 0.1813 -0.6338 3.1363 6.0000 16.8722 0.0047 
39.6210 16.5000 3629.8106 0.5016 0.1866 -0.6402 3.1433 6.0000 16.5610 0.0049 
39.6105 16.5000 3625.6286 0.4941 0.1812 -0.6382 3.1405 6.0000 16.8629 0.0049 
39.6132 16.5000 3626.5514 0.4948 0.1853 -0.6293 3.1514 6.0000 16.8533 0.0053 
39.5958 16.5000 3616.3022 0.4936 0.1831 -0.6398 3.1440 6.0000 16.7241 0.0045 
39.6270 16.5000 3628.3602 0.4923 0.1825 -0.6289 3.1491 6.0000 16.3487 0.0044 
39.6318 16.5000 3629.2145 0.4983 0.1791 -0.6410 3.1440 6.0000 16.4026 0.0044 
39.6306 16.5000 3630.7832 0.4928 0.1799 -0.6317 3.1399 6.0000 16.7283 0.0040 
39.6481 16.5000 3636.4343 0.4968 0.1828 -0.6332 3.1482 6.0000 16.4041 0.0046 
39.6244 16.5000 3629.1345 0.4936 0.1787 -0.6394 3.1441 6.0000 16.7441 0.0052 
39.6004 16.5000 3619.0948 0.4927 0.1807 -0.6362 3.1393 6.0000 16.7833 0.0043 
39.6352 16.5000 3629.5229 0.4969 0.1831 -0.6376 3.1433 6.0000 16.4050 0.0043 
