39.6512 4.0000 3634.1201 0.3801 0.1261 -0.6018 3.0459 6.0000 12.0610 0.0040 
39.6454 4.0000 3630.6189 0.3812 0.1261 -0.6080 3.0499 6.0000 12.2911 0.0054 
39.5937 4.0000 3611.2603 0.3810 0.1275 -0.6012 3.0532 6.0000 12.0042 0.0042 
39.6386 4.0000 3629.1856 0.3823 0.1257 -0.6056 3.0499 6.0000 12.3960 0.0046 
39.6222 4.0000 3626.9844 0.3810 0.1269 -0.6061 3.0559 5.0000 12.7014 0.0039 
39.6512 4.0000 3635.0159 0.3796 0.1270 -0.6053 3.0526 5.0000 12.5227 0.0048 
39.6151 4.0000 3622.2222 0.3811 0.1267 -0.6057 3.0546 6.0000 12.9140 0.0038 
39.6550 4.0000 3638.9047 0.3798 0.1258 -0.6043 3.0481 6.0000 12.6495 0.0032 
39.6787 4.0000 3644.9170 0.3774 0.1242 -0.6036 3.0471 6.0000 13.0351 0.0041 
39.6449 4.0000 3630.2202 0.3793 0.1256 -0.6058 3.0505 6.0000 12.7632 0.0041 
39.5922 4.0000 3613.5259 0.3811 0.1261 -0.6057 3.0503 5.0000 12.9847 0.0044 
39.6245 4.0000 3626.0164 0.3805 0.1259 -0.6083 3.0435 6.0000 12.5228 0.0046 
39.6303 4.0000 3629.9919 0.3837 0.1274 -0.6016 3.0506 5.0000 12.7403 0.0043 
39.6363 4.0000 3628.3826 0.3818 0.1253 -0.6021 3.0498 5.0000 12.7026 0.0041 
39.6431 4.0000 3631.0734 0.3798 0.1269 -0.5984 3.0522 6.0000 13.0846 0.0041 
39.6431 4.0000 3633.5955 0.3805 0.1276 -0.6034 3.0472 6.0000 12.7545 0.0041 
39.6416 4.0000 3630.9049 0.3790 0.1252 -0.6063 3.0487 5.0000 12.9839 0.0042 
39.6187 4.0000 3621.1876 0.3832 0.1264 -0.6018 3.0493 6.0000 12.4232 0.0047 
39.6409 4.0000 3633.6774 0.3759 0.1265 -0.5953 3.0542 6.0000 12.8826 0.0045 
39.6290 4.0000 3628.1322 0.3791 0.1249 -0.6057 3.0489 5.0000 12.7588 0.0046 
39.6227 4.0000 3622.6318 0.3789 0.1282 -0.5976 3.0529 6.0000 12.5676 0.0052 
39.6005 4.0000 3616.9478 0.3847 0.1276 -0.6103 3.0549 5.0000 12.6899 0.0052 
39.5987 4.0000 3613.4467 0.3803 0.1273 -0.6044 3.0521 6.0000 12.5816 0.0039 
39.6522 4.0000 3637.8146 0.3801 0.1258 -0.6034 3.0456 6.0000 12.8655 0.0044 
39.6310 4.0000 3629.5564 0.3811 0.1268 -0.6044 3.0536 6.0000 12.5644 0.0051 
39.6038 4.0000 3618.4686 0.3805 0.1276 -0.6017 3.0517 6.0000 12.8674 0.0045 
39.6290 4.0000 3626.7369 0.3822 0.1280 -0.5996 3.0471 6.0000 13.1579 0.0040 
39.6467 4.0000 3633.0008 0.3796 0.1264 -0.5995 3.0451 6.0000 13.0456 0.0048 
39.6161 4.0000 3623.9743 0.3811 0.1276 -0.6053 3.0484 6.0000 12.7763 0.0050 
39.6066 4.0000 3622.0449 0.3831 0.1286 -0.6060 3.0524 6.0000 13.0602 0.0044 
39.6295 4.0000 3627.1195 0.3812 0.1282 -0.5981 3.0549 6.0000 13.0100 0.0048 
39.6141 4.0000 3619.6298 0.3820 0.1287 -0.6079 3.0530 6.0000 13.1578 0.0046 
39.6247 4.0000 3624.9559 0.3821 0.1268 -0.6012 3.0527 6.0000 13.1512 0.0040 
39.6472 4.0000 3633.9907 0.3798 0.1264 -0.6037 3.0512 6.0000 13.0585 0.0046 
39.6247 4.0000 3628.2149 0.3840 0.1264 -0.6107 3.0434 6.0000 12.9756 0.0047 
39.6179 4.0000 3624.4499 0.3818 0.1258 -0.6100 3.0484 6.0000 13.0287 0.0048 
39.6144 4.0000 3622.7947 0.3835 0.1282 -0.6010 3.0494 6.0000 13.1467 0.0051 
39.6030 4.0000 3618.7117 0.3835 0.1287 -0.6064 3.0479 6.0000 13.0891 0.0042 
39.6381 4.0000 3633.4830 0.3802 0.1278 -0.6022 3.0520 6.0000 12.9145 0.0042 
39.6388 4.0000 3630.7768 0.3796 0.1287 -0.5982 3.0532 6.0000 12.9236 0.0052 
39.5985 4.0000 3616.1851 0.3854 0.1273 -0.6098 3.0538 6.0000 12.8186 0.0041 
39.6421 4.0000 3631.1533 0.3778 0.1270 -0.5977 3.0508 6.0000 13.1164 0.0050 
39.6061 4.0000 3617.9067 0.3827 0.1263 -0.6055 3.0558 6.0000 13.0984 0.0045 
39.6272 4.0000 3626.7087 0.3830 0.1265 -0.6103 3.0521 6.0000 13.1727 0.0048 
39.6169 4.0000 3623.9602 0.3774 0.1247 -0.6017 3.0496 5.0000 13.1101 0.0046 
39.6245 4.0000 3624.0916 0.3761 0.1250 -0.6034 3.0534 6.0000 13.1892 0.0047 
39.6192 4.0000 3623.7501 0.3815 0.1280 -0.6043 3.0538 6.0000 13.0897 0.0048 
39.6164 4.0000 3623.8865 0.3823 0.1287 -0.5995 3.0485 5.0000 12.9899 0.0040 
39.6489 4.0000 3635.0504 0.3855 0.1291 -0.6041 3.0515 6.0000 13.0451 0.0043 
39.6366 4.0000 3628.8308 0.3813 0.1264 -0.6050 3.0519 6.0000 13.3870 0.0051 
39.6045 4.0000 3617.6204 0.3796 0.1269 -0.6044 3.0498 6.0000 13.1983 0.0051 
39.6053 4.0000 3622.0759 0.3835 0.1289 -0.6033 3.0504 6.0000 13.2133 0.0044 
39.6300 4.0000 3627.2910 0.3814 0.1265 -0.6048 3.0502 6.0000 12.9352 0.0053 
39.5962 4.0000 3616.1907 0.3783 0.1254 -0.6077 3.0528 6.0000 13.1004 0.0055 
39.5892 4.0000 3615.6325 0.3809 0.1261 -0.6091 3.0507 6.0000 12.8971 0.0056 
39.5844 4.0000 3611.3574 0.3760 0.1259 -0.6057 3.0525 6.0000 13.5647 0.0050 
39.6068 4.0000 3620.5518 0.3832 0.1286 -0.6009 3.0547 6.0000 13.3480 0.0046 
39.6247 4.0000 3629.1755 0.3802 0.1265 -0.6045 3.0487 6.0000 13.3081 0.0044 
39.6333 4.0000 3631.7634 0.3821 0.1260 -0.6083 3.0524 6.0000 13.2465 0.0050 
39.6096 4.0000 3619.4262 0.3807 0.1273 -0.6050 3.0489 6.0000 12.7532 0.0045 
39.6288 4.0000 3629.9276 0.3774 0.1254 -0.6040 3.0519 6.0000 12.8990 0.0045 
39.6272 4.0000 3627.3728 0.3818 0.1284 -0.6101 3.0575 6.0000 13.3056 0.0049 
39.6101 4.0000 3620.8668 0.3823 0.1266 -0.6055 3.0443 5.0000 13.0397 0.0044 
39.6328 4.0000 3629.1322 0.3827 0.1267 -0.6056 3.0517 6.0000 13.0573 0.0043 
39.6343 4.0000 3629.6270 0.3825 0.1271 -0.6065 3.0521 5.0000 13.0898 0.0042 
39.6396 4.0000 3631.6139 0.3806 0.1252 -0.6086 3.0512 6.0000 13.0711 0.0050 
39.6083 4.0000 3619.1294 0.3809 0.1257 -0.6025 3.0463 6.0000 13.2635 0.0045 
39.6288 4.0000 3627.4230 0.3775 0.1259 -0.5997 3.0547 6.0000 13.3677 0.0050 
39.6066 4.0000 3617.9057 0.3777 0.1232 -0.6085 3.0419 6.0000 13.2625 0.0045 
39.6280 4.0000 3624.0161 0.3808 0.1289 -0.6041 3.0553 5.0000 13.1945 0.0046 
39.6255 4.0000 3623.0252 0.3810 0.1263 -0.6086 3.0515 5.0000 13.1289 0.0057 
39.5806 4.0000 3610.2288 0.3797 0.1265 -0.6078 3.0535 6.0000 13.2622 0.0041 
39.6421 4.0000 3629.9226 0.3784 0.1259 -0.6008 3.0445 6.0000 13.1589 0.0040 
39.6482 4.0000 3635.2913 0.3784 0.1258 -0.6047 3.0488 6.0000 13.2619 0.0044 
39.6318 4.0000 3630.4628 0.3826 0.1300 -0.5987 3.0548 6.0000 13.1519 0.0038 
39.6540 4.0000 3638.3153 0.3775 0.1261 -0.6021 3.0519 5.0000 13.1394 0.0048 
39.6159 4.0000 3623.7685 0.3840 0.1276 -0.6095 3.0475 6.0000 13.5043 0.0045 
39.6265 4.0000 3628.7208 0.3781 0.1263 -0.5999 3.0540 6.0000 13.0344 0.0042 
39.6396 4.0000 3631.0946 0.3788 0.1245 -0.6046 3.0467 6.0000 13.5265 0.0050 
39.6096 4.0000 3622.1349 0.3807 0.1286 -0.6024 3.0536 6.0000 12.6761 0.0045 
39.6257 4.0000 3625.1352 0.3805 0.1272 -0.6010 3.0540 6.0000 13.3657 0.0045 
39.6270 4.0000 3627.7213 0.3799 0.1290 -0.5989 3.0557 6.0000 12.9628 0.0041 
39.6439 4.0000 3629.1776 0.3831 0.1275 -0.6090 3.0520 6.0000 12.8767 0.0049 
39.6134 4.0000 3624.2462 0.3814 0.1275 -0.6034 3.0482 6.0000 13.2089 0.0045 
39.6277 4.0000 3625.6805 0.3798 0.1267 -0.6014 3.0511 6.0000 12.9965 0.0055 
39.5876 4.0000 3612.8683 0.3829 0.1265 -0.6062 3.0496 6.0000 13.4221 0.0039 
39.6497 4.0000 3634.7937 0.3810 0.1268 -0.5999 3.0471 6.0000 12.7034 0.0043 
39.6348 4.0000 3626.5077 0.3793 0.1266 -0.6025 3.0524 6.0000 13.5758 0.0037 
39.6573 4.0000 3637.6545 0.3807 0.1266 -0.6017 3.0517 6.0000 12.8302 0.0042 
39.6404 4.0000 3633.3269 0.3786 0.1270 -0.6012 3.0543 5.0000 13.2403 0.0048 
39.6149 4.0000 3624.9823 0.3816 0.1275 -0.6049 3.0456 6.0000 12.9457 0.0047 
39.6182 4.0000 3622.7203 0.3796 0.1257 -0.6026 3.0507 6.0000 13.1040 0.0050 
39.6081 4.0000 3621.0494 0.3797 0.1257 -0.6036 3.0546 6.0000 13.2493 0.0047 
39.6214 4.0000 3621.1425 0.3798 0.1292 -0.6015 3.0604 6.0000 13.0093 0.0045 
39.6272 4.0000 3624.0984 0.3764 0.1241 -0.6037 3.0477 6.0000 13.1604 0.0048 
39.6149 4.0000 3624.0265 0.3803 0.1276 -0.6048 3.0539 6.0000 13.2711 0.0044 
39.6323 4.0000 3629.7707 0.3795 0.1253 -0.6057 3.0543 6.0000 12.9017 0.0052 
39.6003 4.0000 3618.3483 0.3811 0.1253 -0.6047 3.0445 6.0000 13.3950 0.0053 
39.5972 4.0000 3613.0272 0.3789 0.1252 -0.6082 3.0520 6.0000 12.9680 0.0048 
39.6169 4.0000 3623.4822 0.3782 0.1231 -0.6047 3.0475 6.0000 12.2005 0.0048 
