39.2068 4.0000 3459.6507 0.4593 0.1997 -0.6387 2.8418 5.0000 1.7492 0.0170 
39.0996 4.0000 3413.4130 0.4596 0.2010 -0.6480 2.8420 5.0000 1.6717 0.0153 
39.0895 4.0000 3434.9508 0.4609 0.2018 -0.6387 2.8373 5.0000 1.6661 0.0153 
39.1179 4.0000 3453.6160 0.4634 0.2030 -0.6319 2.8444 5.0000 1.7118 0.0143 
39.1406 4.0000 3432.8285 0.4634 0.2022 -0.6456 2.8416 5.0000 1.7173 0.0143 
39.2465 4.0000 3498.0542 0.4622 0.1981 -0.6422 2.8262 5.0000 1.6752 0.0163 
39.1658 4.0000 3477.7125 0.4694 0.1982 -0.6481 2.8360 5.0000 1.5286 0.0158 
39.1923 4.0000 3459.9672 0.4630 0.1986 -0.6551 2.8323 5.0000 1.5206 0.0158 
39.1860 4.0000 3444.4956 0.4595 0.2004 -0.6478 2.8441 5.0000 1.5102 0.0158 
39.0946 4.0000 3407.5555 0.4612 0.1998 -0.6503 2.8385 5.0000 1.5354 0.0158 
39.0832 4.0000 3440.0126 0.4666 0.2017 -0.6443 2.8383 5.0000 1.5184 0.0158 
39.1866 4.0000 3468.0240 0.4670 0.2019 -0.6483 2.8402 5.0000 1.5134 0.0158 
39.1583 4.0000 3444.2024 0.4635 0.2015 -0.6462 2.8477 5.0000 1.6042 0.0195 
39.0687 4.0000 3410.5832 0.4719 0.2060 -0.6494 2.8500 5.0000 1.6396 0.0195 
39.0460 4.0000 3419.7982 0.4653 0.2045 -0.6418 2.8484 5.0000 1.6070 0.0195 
39.2547 4.0000 3512.4880 0.4575 0.1919 -0.6351 2.8219 5.0000 1.6153 0.0150 
39.0498 4.0000 3437.9615 0.4585 0.2018 -0.6350 2.8463 5.0000 1.6072 0.0150 
39.2163 4.0000 3482.4653 0.4634 0.2005 -0.6411 2.8488 5.0000 1.5950 0.0150 
39.1305 4.0000 3456.5984 0.4626 0.1982 -0.6401 2.8420 5.0000 1.5347 0.0159 
39.1034 4.0000 3433.8884 0.4650 0.2040 -0.6577 2.8513 5.0000 1.5491 0.0159 
39.1835 4.0000 3488.5883 0.4651 0.1980 -0.6473 2.8277 5.0000 1.5443 0.0183 
39.0895 4.0000 3433.1148 0.4643 0.2024 -0.6416 2.8426 5.0000 1.5668 0.0177 
39.1261 4.0000 3447.9918 0.4717 0.2032 -0.6524 2.8442 5.0000 1.5821 0.0167 
39.1135 4.0000 3438.4666 0.4656 0.1995 -0.6475 2.8428 5.0000 1.6511 0.0173 
39.1501 4.0000 3460.9180 0.4654 0.2003 -0.6479 2.8390 5.0000 1.7216 0.0154 
39.1305 4.0000 3464.5416 0.4646 0.1981 -0.6502 2.8333 5.0000 1.7229 0.0180 
39.2011 4.0000 3498.7970 0.4647 0.1989 -0.6338 2.8304 5.0000 1.7270 0.0187 
39.1003 4.0000 3442.5227 0.4594 0.1979 -0.6340 2.8317 5.0000 1.5539 0.0170 
39.0744 4.0000 3409.7226 0.4659 0.2015 -0.6508 2.8454 5.0000 1.5373 0.0170 
39.1419 4.0000 3453.4338 0.4627 0.2011 -0.6404 2.8331 5.0000 1.5523 0.0168 
39.1280 4.0000 3452.0794 0.4572 0.1989 -0.6355 2.8387 5.0000 1.5797 0.0117 
39.1463 4.0000 3463.1942 0.4626 0.2009 -0.6418 2.8423 5.0000 1.5675 0.0117 
39.3443 4.0000 3544.7503 0.4610 0.1948 -0.6351 2.8269 5.0000 1.6233 0.0172 
39.2573 4.0000 3500.3304 0.4644 0.1993 -0.6448 2.8229 5.0000 1.6439 0.0170 
39.1337 4.0000 3456.5347 0.4615 0.1964 -0.6454 2.8336 5.0000 1.6176 0.0170 
39.1393 4.0000 3485.4105 0.4699 0.2012 -0.6407 2.8460 5.0000 1.6541 0.0169 
39.0990 4.0000 3432.4073 0.4658 0.1988 -0.6467 2.8384 5.0000 1.5411 0.0150 
39.1456 4.0000 3457.5712 0.4596 0.1982 -0.6405 2.8388 5.0000 1.5487 0.0150 
39.2169 4.0000 3514.8752 0.4597 0.1947 -0.6332 2.8271 5.0000 1.5460 0.0174 
39.0504 4.0000 3397.1999 0.4709 0.2033 -0.6587 2.8518 5.0000 1.5362 0.0162 
39.1255 4.0000 3436.7320 0.4633 0.2003 -0.6468 2.8406 5.0000 1.5437 0.0162 
39.1702 4.0000 3458.5227 0.4718 0.2042 -0.6449 2.8455 5.0000 1.5438 0.0152 
39.0902 4.0000 3446.7137 0.4625 0.2032 -0.6512 2.8488 5.0000 1.6473 0.0154 
39.2106 4.0000 3497.5214 0.4715 0.2046 -0.6399 2.8517 5.0000 1.6550 0.0154 
39.2030 4.0000 3463.6608 0.4679 0.2033 -0.6468 2.8423 5.0000 1.7660 0.0163 
39.1980 4.0000 3465.2629 0.4613 0.1978 -0.6395 2.8326 5.0000 1.6753 0.0180 
39.1690 4.0000 3465.7743 0.4646 0.2009 -0.6448 2.8331 5.0000 1.6236 0.0180 
39.1015 4.0000 3421.3443 0.4590 0.1960 -0.6507 2.8380 5.0000 1.5487 0.0154 
39.0971 4.0000 3442.1778 0.4670 0.2026 -0.6387 2.8370 5.0000 1.5486 0.0176 
39.2037 4.0000 3489.9515 0.4641 0.1994 -0.6397 2.8367 5.0000 1.5537 0.0176 
39.1166 4.0000 3453.7175 0.4654 0.2003 -0.6471 2.8380 5.0000 1.5627 0.0191 
39.1595 4.0000 3466.5158 0.4736 0.2051 -0.6459 2.8380 5.0000 1.6043 0.0137 
39.0605 4.0000 3441.0542 0.4561 0.1955 -0.6379 2.8348 5.0000 1.6062 0.0137 
39.2680 4.0000 3524.8247 0.4678 0.2016 -0.6359 2.8263 5.0000 1.6061 0.0163 
39.1557 4.0000 3442.8569 0.4605 0.1989 -0.6438 2.8318 5.0000 1.6139 0.0197 
39.1683 4.0000 3460.7919 0.4699 0.2024 -0.6520 2.8449 5.0000 1.6175 0.0197 
39.0385 4.0000 3445.0435 0.4693 0.2021 -0.6460 2.8273 5.0000 1.5943 0.0169 
39.0820 4.0000 3429.1595 0.4601 0.2023 -0.6400 2.8246 5.0000 1.5463 0.0158 
39.1431 4.0000 3485.9931 0.4638 0.1931 -0.6457 2.8301 5.0000 1.5446 0.0158 
39.1873 4.0000 3482.3077 0.4653 0.2005 -0.6400 2.8332 5.0000 1.5507 0.0160 
39.2484 4.0000 3497.4634 0.4680 0.2009 -0.6394 2.8305 5.0000 1.5629 0.0203 
39.1784 4.0000 3468.6267 0.4647 0.2025 -0.6450 2.8444 5.0000 1.5915 0.0210 
39.0132 4.0000 3387.2491 0.4672 0.2055 -0.6544 2.8450 5.0000 1.6280 0.0182 
38.9861 4.0000 3386.2409 0.4591 0.2040 -0.6344 2.8542 5.0000 1.7451 0.0201 
39.0946 4.0000 3449.0473 0.4663 0.1963 -0.6543 2.8255 5.0000 1.7092 0.0201 
39.0208 4.0000 3421.1980 0.4650 0.1990 -0.6511 2.8353 5.0000 1.7324 0.0173 
39.1103 4.0000 3436.4678 0.4658 0.2020 -0.6459 2.8480 5.0000 1.5481 0.0163 
39.1293 4.0000 3447.3960 0.4687 0.2054 -0.6458 2.8448 5.0000 1.5525 0.0163 
39.1671 4.0000 3447.5277 0.4702 0.2005 -0.6540 2.8412 5.0000 1.5447 0.0176 
39.1557 4.0000 3474.6078 0.4696 0.2010 -0.6486 2.8371 5.0000 1.5423 0.0189 
39.1166 4.0000 3462.9748 0.4649 0.2000 -0.6402 2.8396 5.0000 1.5620 0.0158 
39.0681 4.0000 3412.9117 0.4709 0.2088 -0.6458 2.8576 5.0000 1.5598 0.0161 
39.1885 4.0000 3456.3108 0.4638 0.2023 -0.6452 2.8422 5.0000 1.7234 0.0175 
39.1734 4.0000 3449.7459 0.4673 0.2026 -0.6393 2.8440 5.0000 1.6723 0.0175 
39.1223 4.0000 3459.2806 0.4619 0.1993 -0.6452 2.8292 5.0000 1.6432 0.0175 
39.1614 4.0000 3472.0637 0.4667 0.1971 -0.6490 2.8287 5.0000 1.5736 0.0188 
39.1223 4.0000 3438.1135 0.4608 0.1992 -0.6424 2.8409 5.0000 1.5752 0.0188 
39.0700 4.0000 3415.7219 0.4613 0.2015 -0.6501 2.8577 5.0000 1.5505 0.0153 
39.1589 4.0000 3468.6021 0.4749 0.2052 -0.6486 2.8348 5.0000 1.5557 0.0155 
39.2055 4.0000 3480.6450 0.4616 0.2004 -0.6374 2.8307 5.0000 1.5515 0.0155 
39.1974 4.0000 3484.4477 0.4643 0.1990 -0.6410 2.8364 5.0000 1.5378 0.0160 
39.0996 4.0000 3429.2793 0.4566 0.1961 -0.6431 2.8454 5.0000 1.6359 0.0158 
39.1772 4.0000 3453.4515 0.4648 0.2006 -0.6456 2.8390 5.0000 1.6184 0.0158 
39.1860 4.0000 3480.9269 0.4661 0.1985 -0.6413 2.8285 5.0000 1.6296 0.0177 
39.1356 4.0000 3463.3739 0.4666 0.2062 -0.6391 2.8388 5.0000 1.6988 0.0146 
39.1116 4.0000 3439.3373 0.4587 0.1986 -0.6438 2.8350 5.0000 1.7075 0.0146 
39.2314 4.0000 3484.0643 0.4701 0.2008 -0.6525 2.8380 5.0000 1.6547 0.0165 
39.1141 4.0000 3436.6929 0.4626 0.2060 -0.6380 2.8441 5.0000 1.5424 0.0149 
39.1583 4.0000 3481.7629 0.4678 0.2001 -0.6457 2.8350 5.0000 1.5432 0.0149 
39.2213 4.0000 3493.6419 0.4666 0.2019 -0.6424 2.8356 5.0000 1.5321 0.0195 
39.1456 4.0000 3441.1400 0.4570 0.2013 -0.6411 2.8459 5.0000 1.5833 0.0160 
39.0448 4.0000 3404.4092 0.4642 0.2005 -0.6506 2.8407 5.0000 1.5860 0.0160 
39.1784 4.0000 3458.6116 0.4651 0.2021 -0.6387 2.8349 5.0000 1.5772 0.0200 
39.2251 4.0000 3491.3922 0.4633 0.2034 -0.6288 2.8392 5.0000 1.6419 0.0170 
39.0271 4.0000 3400.7188 0.4612 0.2007 -0.6449 2.8500 5.0000 1.6482 0.0155 
39.1406 4.0000 3450.1507 0.4659 0.2030 -0.6374 2.8362 5.0000 1.6100 0.0158 
39.1999 4.0000 3481.9470 0.4660 0.1991 -0.6421 2.8282 5.0000 1.5499 0.0191 
39.1854 4.0000 3501.9905 0.4668 0.1987 -0.6410 2.8205 5.0000 1.5493 0.0191 
39.0593 4.0000 3436.7913 0.4626 0.2033 -0.6372 2.8366 5.0000 1.5346 0.0184 
39.0851 4.0000 3424.8852 0.4698 0.2069 -0.6406 2.8474 5.0000 1.4883 0.0184 
