39.7490 16.5000 3668.5712 0.3608 0.1083 -0.5854 3.2049 6.0000 69.1581 0.0014 
39.7471 16.5000 3667.4576 0.3609 0.1087 -0.5873 3.2105 6.0000 69.0480 0.0014 
39.7397 16.5000 3664.9024 0.3619 0.1093 -0.5869 3.2066 6.0000 68.8707 0.0014 
39.7408 16.5000 3665.0781 0.3602 0.1084 -0.5868 3.2043 6.0000 70.2662 0.0017 
39.7528 16.5000 3670.4528 0.3608 0.1089 -0.5882 3.2051 6.0000 70.6894 0.0016 
39.7365 16.5000 3663.4657 0.3627 0.1093 -0.5897 3.2052 6.0000 71.1245 0.0015 
39.7438 16.5000 3666.9383 0.3630 0.1096 -0.5875 3.2022 6.0000 71.2967 0.0017 
39.7458 16.5000 3666.7885 0.3627 0.1086 -0.5902 3.2051 6.0000 70.8950 0.0017 
39.7373 16.5000 3664.2726 0.3641 0.1106 -0.5909 3.2042 6.0000 71.4707 0.0016 
39.7356 16.5000 3664.2242 0.3631 0.1095 -0.5894 3.2034 6.0000 71.8567 0.0016 
39.7426 16.5000 3666.3994 0.3599 0.1090 -0.5859 3.2066 6.0000 70.9016 0.0018 
39.7337 16.5000 3662.5874 0.3631 0.1096 -0.5915 3.2091 6.0000 70.9886 0.0016 
39.7435 16.5000 3666.0956 0.3625 0.1096 -0.5877 3.2075 6.0000 70.5105 0.0016 
39.7360 16.5000 3663.3327 0.3634 0.1109 -0.5849 3.2096 6.0000 70.7682 0.0017 
39.7406 16.5000 3666.5136 0.3607 0.1085 -0.5900 3.2025 6.0000 70.2450 0.0017 
39.7401 16.5000 3664.9569 0.3615 0.1085 -0.5868 3.2085 6.0000 71.3341 0.0019 
39.7360 16.5000 3664.3648 0.3635 0.1096 -0.5859 3.2045 6.0000 70.6016 0.0019 
39.7287 16.5000 3659.9643 0.3632 0.1093 -0.5898 3.2053 6.0000 71.2399 0.0019 
39.7442 16.5000 3666.7984 0.3645 0.1095 -0.5896 3.2091 6.0000 71.1240 0.0018 
39.7289 16.5000 3660.8803 0.3618 0.1095 -0.5883 3.2068 6.0000 70.7481 0.0018 
39.7360 16.5000 3664.0457 0.3639 0.1099 -0.5897 3.2037 6.0000 71.8335 0.0014 
39.7534 16.5000 3670.5326 0.3615 0.1101 -0.5873 3.2103 6.0000 70.8331 0.0016 
39.7491 16.5000 3669.4647 0.3625 0.1110 -0.5851 3.2066 6.0000 71.9045 0.0017 
39.7420 16.5000 3664.1473 0.3644 0.1103 -0.5901 3.2046 6.0000 72.0414 0.0015 
39.7390 16.5000 3664.8020 0.3625 0.1098 -0.5879 3.2091 6.0000 70.9278 0.0017 
39.7447 16.5000 3667.6518 0.3644 0.1105 -0.5890 3.2050 6.0000 71.5304 0.0016 
39.7388 16.5000 3664.5272 0.3601 0.1087 -0.5865 3.2027 6.0000 71.9927 0.0018 
39.7430 16.5000 3666.7561 0.3623 0.1104 -0.5867 3.2152 6.0000 70.8599 0.0013 
39.7324 16.5000 3663.0614 0.3633 0.1107 -0.5886 3.2120 6.0000 72.1766 0.0015 
39.7528 16.5000 3670.4264 0.3614 0.1093 -0.5887 3.2057 6.0000 71.8662 0.0015 
39.7462 16.5000 3667.6870 0.3653 0.1088 -0.5947 3.2094 6.0000 70.6373 0.0016 
39.7447 16.5000 3666.0950 0.3632 0.1100 -0.5875 3.2096 6.0000 72.1240 0.0018 
39.7430 16.5000 3665.4470 0.3618 0.1103 -0.5863 3.2095 6.0000 72.3724 0.0016 
39.7327 16.5000 3661.6631 0.3602 0.1073 -0.5896 3.2046 6.0000 71.6868 0.0019 
39.7413 16.5000 3665.2760 0.3613 0.1087 -0.5882 3.2050 6.0000 73.1238 0.0015 
39.7287 16.5000 3661.1609 0.3634 0.1115 -0.5874 3.2099 6.0000 72.5575 0.0016 
39.7470 16.5000 3667.7161 0.3658 0.1104 -0.5900 3.2075 6.0000 71.4343 0.0016 
39.7409 16.5000 3665.5407 0.3601 0.1101 -0.5784 3.2020 6.0000 72.4168 0.0016 
39.7414 16.5000 3666.5120 0.3634 0.1108 -0.5846 3.2071 6.0000 72.7763 0.0020 
39.7438 16.5000 3667.3062 0.3666 0.1107 -0.5884 3.2033 6.0000 71.6045 0.0018 
39.7260 16.5000 3659.0635 0.3619 0.1098 -0.5889 3.2082 6.0000 72.4913 0.0021 
39.7362 16.5000 3662.6383 0.3610 0.1094 -0.5833 3.2082 6.0000 73.1626 0.0016 
39.7227 16.5000 3658.1598 0.3642 0.1110 -0.5906 3.2071 6.0000 71.4641 0.0015 
39.7408 16.5000 3665.5590 0.3617 0.1090 -0.5886 3.2066 6.0000 72.1282 0.0017 
39.7443 16.5000 3665.6047 0.3607 0.1083 -0.5852 3.2062 6.0000 73.4349 0.0020 
39.7385 16.5000 3665.3490 0.3606 0.1084 -0.5884 3.2055 6.0000 72.1202 0.0016 
39.7271 16.5000 3661.2211 0.3642 0.1098 -0.5884 3.2062 6.0000 71.9208 0.0017 
39.7438 16.5000 3666.7723 0.3620 0.1084 -0.5880 3.2036 6.0000 73.8117 0.0013 
39.7392 16.5000 3665.1234 0.3630 0.1094 -0.5888 3.2049 6.0000 71.3232 0.0020 
39.7540 16.5000 3670.1118 0.3636 0.1087 -0.5907 3.2025 6.0000 71.4163 0.0018 
39.7267 16.5000 3659.8406 0.3647 0.1096 -0.5932 3.2067 6.0000 72.8697 0.0015 
39.7328 16.5000 3662.0469 0.3631 0.1102 -0.5879 3.2078 6.0000 72.3774 0.0016 
39.7477 16.5000 3666.9146 0.3644 0.1103 -0.5887 3.2107 6.0000 72.1726 0.0015 
39.7427 16.5000 3665.4692 0.3626 0.1090 -0.5885 3.2042 6.0000 73.1273 0.0015 
39.7445 16.5000 3666.2258 0.3626 0.1092 -0.5878 3.2030 6.0000 72.1595 0.0016 
39.7447 16.5000 3666.2850 0.3633 0.1092 -0.5890 3.2038 6.0000 72.7260 0.0021 
39.7412 16.5000 3665.5955 0.3662 0.1106 -0.5908 3.2062 6.0000 73.2025 0.0017 
39.7236 16.5000 3658.6961 0.3610 0.1108 -0.5855 3.2080 6.0000 71.8571 0.0017 
39.7372 16.5000 3664.2825 0.3625 0.1095 -0.5892 3.2036 6.0000 71.7595 0.0018 
39.7368 16.5000 3664.2011 0.3610 0.1091 -0.5839 3.2005 6.0000 72.4405 0.0019 
39.7358 16.5000 3662.6637 0.3625 0.1109 -0.5847 3.2026 6.0000 72.2248 0.0018 
39.7317 16.5000 3662.7510 0.3629 0.1101 -0.5901 3.2055 6.0000 72.7881 0.0016 
39.7339 16.5000 3662.5965 0.3659 0.1086 -0.5921 3.2029 6.0000 73.1034 0.0020 
39.7429 16.5000 3666.2725 0.3639 0.1099 -0.5860 3.2065 6.0000 72.2803 0.0016 
39.7270 16.5000 3660.9973 0.3610 0.1091 -0.5883 3.2028 6.0000 72.7408 0.0015 
39.7418 16.5000 3665.5345 0.3617 0.1078 -0.5911 3.2098 6.0000 73.1146 0.0019 
39.7473 16.5000 3667.4040 0.3624 0.1094 -0.5899 3.2090 6.0000 72.0738 0.0016 
39.7297 16.5000 3661.3229 0.3618 0.1098 -0.5873 3.2076 6.0000 73.1634 0.0020 
39.7412 16.5000 3665.4505 0.3630 0.1093 -0.5904 3.2067 6.0000 73.7344 0.0013 
39.7264 16.5000 3660.2043 0.3642 0.1105 -0.5884 3.2055 6.0000 71.8795 0.0021 
39.7526 16.5000 3670.5819 0.3645 0.1100 -0.5884 3.2070 6.0000 72.5182 0.0016 
39.7227 16.5000 3658.4512 0.3634 0.1086 -0.5906 3.2077 6.0000 73.4456 0.0019 
39.7417 16.5000 3666.4538 0.3623 0.1091 -0.5894 3.2044 6.0000 72.0111 0.0020 
39.7320 16.5000 3661.8734 0.3635 0.1095 -0.5915 3.2069 6.0000 74.2879 0.0015 
39.7246 16.5000 3659.6379 0.3618 0.1096 -0.5852 3.2076 6.0000 74.7793 0.0018 
39.7475 16.5000 3668.3085 0.3619 0.1095 -0.5851 3.2077 6.0000 72.4447 0.0017 
39.7340 16.5000 3663.4351 0.3648 0.1102 -0.5905 3.2048 6.0000 72.5801 0.0019 
39.7365 16.5000 3663.7591 0.3665 0.1118 -0.5886 3.2089 6.0000 72.9808 0.0018 
39.7316 16.5000 3661.6582 0.3627 0.1097 -0.5861 3.2041 6.0000 72.0344 0.0017 
39.7341 16.5000 3662.5170 0.3630 0.1097 -0.5911 3.2069 6.0000 73.2361 0.0018 
39.7384 16.5000 3664.0608 0.3611 0.1101 -0.5841 3.2116 6.0000 73.9266 0.0016 
39.7331 16.5000 3662.6600 0.3599 0.1092 -0.5861 3.2087 6.0000 78.5493 0.0015 
39.7437 16.5000 3666.9237 0.3636 0.1095 -0.5891 3.2031 6.0000 79.5058 0.0018 
39.7443 16.5000 3666.9488 0.3640 0.1089 -0.5918 3.2080 6.0000 81.8435 0.0016 
39.7339 16.5000 3663.4094 0.3631 0.1105 -0.5869 3.2050 6.0000 81.7962 0.0017 
39.7412 16.5000 3665.8844 0.3638 0.1109 -0.5859 3.2086 6.0000 79.7806 0.0017 
39.7393 16.5000 3665.4556 0.3634 0.1101 -0.5878 3.2069 6.0000 80.4839 0.0014 
39.7388 16.5000 3663.8389 0.3653 0.1106 -0.5894 3.2081 6.0000 74.5866 0.0016 
39.7518 16.5000 3669.8131 0.3616 0.1090 -0.5847 3.2086 6.0000 74.3342 0.0016 
39.7410 16.5000 3663.9907 0.3615 0.1092 -0.5891 3.2100 6.0000 73.4587 0.0022 
39.7426 16.5000 3665.1917 0.3634 0.1100 -0.5870 3.2065 6.0000 72.8405 0.0016 
39.7193 16.5000 3658.1124 0.3639 0.1093 -0.5912 3.2045 6.0000 72.7798 0.0019 
39.7406 16.5000 3665.1003 0.3644 0.1122 -0.5819 3.2078 6.0000 72.6069 0.0016 
39.7292 16.5000 3662.3540 0.3636 0.1099 -0.5909 3.2078 6.0000 72.1506 0.0020 
39.7429 16.5000 3666.0730 0.3626 0.1097 -0.5880 3.2072 6.0000 72.2400 0.0020 
39.7272 16.5000 3660.2555 0.3611 0.1093 -0.5877 3.2056 6.0000 72.8204 0.0017 
39.7267 16.5000 3659.3776 0.3619 0.1094 -0.5890 3.2095 6.0000 71.6676 0.0019 
39.7385 16.5000 3664.6470 0.3631 0.1092 -0.5878 3.2052 6.0000 73.1945 0.0015 
39.7288 16.5000 3661.0577 0.3658 0.1097 -0.5937 3.2088 6.0000 70.4809 0.0015 
39.7461 16.5000 3667.2107 0.3653 0.1103 -0.5907 3.2060 6.0000 53.5113 0.0015 
