39.1690 4.0000 3423.4817 0.2881 0.1528 -0.4486 2.5511 5.0000 0.4448 0.0157 
39.1917 4.0000 3447.1904 0.2852 0.1512 -0.4474 2.5506 5.0000 0.4447 0.0157 
39.0694 4.0000 3406.1185 0.2852 0.1520 -0.4497 2.5561 5.0000 0.4401 0.0157 
39.0870 4.0000 3409.1690 0.2898 0.1528 -0.4616 2.5598 5.0000 0.4946 0.0184 
39.1337 4.0000 3429.5284 0.2891 0.1523 -0.4530 2.5493 5.0000 0.4422 0.0172 
39.0858 4.0000 3411.6646 0.2882 0.1503 -0.4566 2.5530 5.0000 0.5203 0.0184 
39.0870 4.0000 3403.4779 0.2925 0.1560 -0.4587 2.5559 5.0000 0.4810 0.0169 
39.1551 4.0000 3429.7945 0.2886 0.1527 -0.4577 2.5483 5.0000 0.4518 0.0169 
39.1450 4.0000 3432.4565 0.2859 0.1497 -0.4507 2.5523 5.0000 0.4556 0.0168 
39.0631 4.0000 3401.2484 0.2907 0.1540 -0.4613 2.5575 5.0000 0.3952 0.0161 
39.1463 4.0000 3425.5826 0.2939 0.1545 -0.4605 2.5499 5.0000 0.3891 0.0161 
39.1740 4.0000 3441.4111 0.2882 0.1513 -0.4569 2.5544 5.0000 0.3919 0.0168 
39.1488 4.0000 3443.5158 0.2864 0.1524 -0.4511 2.5545 5.0000 0.3929 0.0188 
39.1475 4.0000 3420.0441 0.2923 0.1508 -0.4692 2.5581 5.0000 0.3921 0.0188 
39.0706 4.0000 3404.0858 0.2890 0.1535 -0.4556 2.5554 5.0000 0.3899 0.0156 
39.1538 4.0000 3425.2068 0.2900 0.1527 -0.4619 2.5524 5.0000 0.3973 0.0182 
39.1929 4.0000 3445.8335 0.2928 0.1547 -0.4564 2.5516 5.0000 0.3904 0.0182 
39.0958 4.0000 3414.4691 0.2873 0.1518 -0.4517 2.5544 5.0000 0.3883 0.0189 
39.0668 4.0000 3392.9079 0.2865 0.1531 -0.4490 2.5542 5.0000 0.3942 0.0182 
39.1438 4.0000 3431.8865 0.2892 0.1528 -0.4597 2.5537 5.0000 0.3945 0.0182 
39.0946 4.0000 3408.0391 0.2860 0.1537 -0.4521 2.5542 5.0000 0.3890 0.0182 
39.1450 4.0000 3425.4905 0.2886 0.1550 -0.4494 2.5518 5.0000 0.3928 0.0159 
39.1135 4.0000 3419.7074 0.2905 0.1530 -0.4547 2.5537 5.0000 0.3966 0.0159 
39.1816 4.0000 3430.1765 0.2842 0.1531 -0.4464 2.5554 5.0000 0.3904 0.0159 
39.0353 4.0000 3395.0441 0.2881 0.1514 -0.4577 2.5565 5.0000 0.3910 0.0171 
39.0227 4.0000 3382.1185 0.2880 0.1510 -0.4652 2.5533 5.0000 0.3987 0.0171 
39.1362 4.0000 3424.4237 0.2899 0.1547 -0.4476 2.5546 5.0000 0.3945 0.0171 
39.1715 4.0000 3442.2396 0.2924 0.1532 -0.4676 2.5500 5.0000 0.4042 0.0175 
39.1602 4.0000 3433.6393 0.2899 0.1537 -0.4563 2.5560 5.0000 0.4075 0.0175 
39.1198 4.0000 3417.1160 0.2909 0.1529 -0.4597 2.5513 5.0000 0.4035 0.0171 
39.1362 4.0000 3433.7264 0.2905 0.1527 -0.4601 2.5539 5.0000 0.4106 0.0191 
39.1236 4.0000 3428.8890 0.2885 0.1546 -0.4538 2.5551 5.0000 0.4067 0.0191 
39.0593 4.0000 3387.9206 0.2892 0.1542 -0.4563 2.5563 5.0000 0.4216 0.0174 
39.1261 4.0000 3427.3846 0.2907 0.1539 -0.4609 2.5564 5.0000 0.4186 0.0190 
39.1362 4.0000 3434.7604 0.2878 0.1526 -0.4551 2.5573 5.0000 0.4178 0.0190 
39.0631 4.0000 3406.4288 0.2909 0.1542 -0.4541 2.5501 5.0000 0.4192 0.0160 
39.1803 4.0000 3434.4981 0.2937 0.1567 -0.4574 2.5480 5.0000 0.3999 0.0160 
39.1791 4.0000 3439.1992 0.2856 0.1525 -0.4404 2.5531 5.0000 0.4016 0.0160 
39.1803 4.0000 3448.7743 0.2955 0.1532 -0.4665 2.5471 5.0000 0.3935 0.0178 
39.1084 4.0000 3415.9937 0.2891 0.1540 -0.4552 2.5564 5.0000 0.3912 0.0162 
39.1274 4.0000 3425.7818 0.2879 0.1541 -0.4476 2.5527 5.0000 0.3954 0.0162 
39.1702 4.0000 3429.9483 0.2877 0.1505 -0.4507 2.5525 5.0000 0.3968 0.0193 
39.0517 4.0000 3398.9256 0.2858 0.1519 -0.4558 2.5571 5.0000 0.3905 0.0181 
39.0908 4.0000 3416.0593 0.2899 0.1530 -0.4526 2.5488 5.0000 0.3917 0.0181 
39.0996 4.0000 3425.2560 0.2892 0.1538 -0.4552 2.5555 5.0000 0.3926 0.0180 
39.1021 4.0000 3413.8260 0.2897 0.1533 -0.4564 2.5537 5.0000 0.3879 0.0173 
39.0605 4.0000 3397.0593 0.2912 0.1553 -0.4578 2.5585 5.0000 0.3903 0.0173 
39.1299 4.0000 3433.7024 0.2903 0.1524 -0.4557 2.5585 5.0000 0.3885 0.0180 
39.1021 4.0000 3413.8411 0.2943 0.1549 -0.4604 2.5509 5.0000 0.3881 0.0161 
39.0441 4.0000 3397.7213 0.2893 0.1551 -0.4421 2.5554 5.0000 0.3868 0.0161 
39.1753 4.0000 3433.5561 0.2949 0.1522 -0.4671 2.5484 5.0000 0.3906 0.0173 
39.1274 4.0000 3417.3745 0.2920 0.1538 -0.4547 2.5523 5.0000 0.4034 0.0183 
39.0845 4.0000 3421.7554 0.2887 0.1550 -0.4522 2.5528 5.0000 0.4011 0.0183 
39.0895 4.0000 3402.6910 0.2881 0.1511 -0.4604 2.5500 5.0000 0.4008 0.0169 
39.1450 4.0000 3425.6204 0.2908 0.1523 -0.4593 2.5537 5.0000 0.4044 0.0193 
39.1122 4.0000 3416.9142 0.2879 0.1519 -0.4598 2.5524 5.0000 0.4093 0.0193 
39.0517 4.0000 3391.3569 0.2867 0.1538 -0.4425 2.5598 5.0000 0.4120 0.0185 
39.0845 4.0000 3411.2144 0.2887 0.1538 -0.4589 2.5574 5.0000 0.4167 0.0193 
39.1084 4.0000 3408.6898 0.2943 0.1522 -0.4684 2.5527 5.0000 0.4182 0.0193 
39.0504 4.0000 3406.2724 0.2884 0.1513 -0.4705 2.5565 5.0000 0.4093 0.0178 
39.1097 4.0000 3419.6822 0.2841 0.1525 -0.4499 2.5545 5.0000 0.3925 0.0182 
39.1236 4.0000 3420.7453 0.2875 0.1541 -0.4486 2.5548 5.0000 0.4014 0.0199 
39.0933 4.0000 3406.2358 0.2880 0.1517 -0.4550 2.5499 5.0000 0.3958 0.0199 
39.0277 4.0000 3387.1551 0.2871 0.1515 -0.4599 2.5595 5.0000 0.3875 0.0173 
39.0542 4.0000 3398.9874 0.2915 0.1540 -0.4617 2.5537 5.0000 0.3933 0.0172 
39.1299 4.0000 3424.8134 0.2902 0.1510 -0.4585 2.5487 5.0000 0.3971 0.0172 
39.1311 4.0000 3421.2913 0.2888 0.1521 -0.4579 2.5581 5.0000 0.3882 0.0153 
39.1551 4.0000 3438.9823 0.2899 0.1538 -0.4531 2.5600 5.0000 0.3909 0.0207 
39.2055 4.0000 3449.6999 0.2894 0.1563 -0.4466 2.5566 5.0000 0.3918 0.0207 
39.0000 4.0000 3384.5044 0.2879 0.1501 -0.4622 2.5558 5.0000 0.3873 0.0196 
39.1425 4.0000 3416.1425 0.2898 0.1521 -0.4609 2.5542 5.0000 0.3921 0.0183 
39.0391 4.0000 3390.7806 0.2881 0.1507 -0.4589 2.5561 5.0000 0.3896 0.0183 
39.0908 4.0000 3407.8499 0.2847 0.1537 -0.4399 2.5570 5.0000 0.3871 0.0187 
39.1084 4.0000 3413.2547 0.2850 0.1537 -0.4400 2.5606 5.0000 0.3902 0.0144 
39.0744 4.0000 3402.7264 0.2911 0.1543 -0.4587 2.5515 5.0000 0.3929 0.0144 
39.2421 4.0000 3457.2308 0.2919 0.1553 -0.4610 2.5569 5.0000 0.4025 0.0173 
39.1236 4.0000 3418.5813 0.2904 0.1526 -0.4579 2.5519 5.0000 0.4073 0.0181 
39.1299 4.0000 3433.0694 0.2920 0.1539 -0.4590 2.5536 5.0000 0.4062 0.0181 
39.0984 4.0000 3421.3077 0.2918 0.1524 -0.4646 2.5534 5.0000 0.4027 0.0175 
39.1639 4.0000 3433.9243 0.2909 0.1548 -0.4537 2.5553 5.0000 0.4012 0.0159 
39.1211 4.0000 3418.8588 0.2898 0.1537 -0.4590 2.5548 5.0000 0.4198 0.0182 
39.1828 4.0000 3440.8121 0.2888 0.1521 -0.4565 2.5575 5.0000 0.4069 0.0180 
39.0946 4.0000 3412.4540 0.2930 0.1527 -0.4662 2.5554 5.0000 0.4120 0.0163 
39.1009 4.0000 3418.7642 0.2898 0.1514 -0.4629 2.5494 5.0000 0.4267 0.0185 
39.1665 4.0000 3434.4300 0.2905 0.1512 -0.4697 2.5533 5.0000 0.4081 0.0171 
39.0832 4.0000 3407.7201 0.2894 0.1546 -0.4551 2.5572 5.0000 0.4002 0.0182 
39.1375 4.0000 3425.0908 0.2896 0.1573 -0.4447 2.5554 5.0000 0.3981 0.0175 
39.0933 4.0000 3408.0555 0.2891 0.1528 -0.4573 2.5593 5.0000 0.3878 0.0172 
39.1198 4.0000 3411.8739 0.2885 0.1551 -0.4473 2.5511 5.0000 0.3908 0.0150 
39.1337 4.0000 3424.9798 0.2918 0.1527 -0.4684 2.5535 5.0000 0.3924 0.0184 
39.2182 4.0000 3455.4741 0.2905 0.1553 -0.4556 2.5528 5.0000 0.3942 0.0167 
39.0883 4.0000 3415.1450 0.2872 0.1508 -0.4591 2.5522 5.0000 0.3881 0.0175 
39.1538 4.0000 3434.2888 0.2918 0.1571 -0.4527 2.5569 5.0000 0.3920 0.0181 
39.1211 4.0000 3419.8083 0.2892 0.1534 -0.4576 2.5530 5.0000 0.3879 0.0165 
39.0996 4.0000 3415.4615 0.2886 0.1528 -0.4589 2.5526 5.0000 0.3892 0.0174 
39.1602 4.0000 3434.3518 0.2907 0.1527 -0.4645 2.5570 5.0000 0.3908 0.0194 
39.1261 4.0000 3418.7163 0.2899 0.1551 -0.4535 2.5585 5.0000 0.3956 0.0222 
39.0492 4.0000 3394.7617 0.2883 0.1508 -0.4639 2.5585 5.0000 0.3869 0.0183 
38.9395 4.0000 3371.5069 0.2902 0.1537 -0.4615 2.5536 5.0000 0.3921 0.0183 
39.0895 4.0000 3403.1299 0.2895 0.1523 -0.4578 2.5524 5.0000 0.3856 0.0183 
