39.3917 16.5000 3543.5259 0.2704 0.1005 -0.5145 2.8185 5.0000 2.9387 0.0099 
39.4436 16.5000 3555.2247 0.2715 0.1022 -0.5102 2.8205 5.0000 2.8239 0.0092 
39.3927 16.5000 3527.1410 0.2729 0.1017 -0.5228 2.8163 5.0000 2.8865 0.0092 
39.4139 16.5000 3540.2557 0.2767 0.1025 -0.5252 2.8175 5.0000 2.4636 0.0108 
39.3952 16.5000 3533.4103 0.2719 0.1024 -0.5176 2.8198 5.0000 2.4835 0.0108 
39.3811 16.5000 3538.0484 0.2753 0.1031 -0.5218 2.8175 5.0000 2.4646 0.0108 
39.3816 16.5000 3528.5629 0.2749 0.1012 -0.5264 2.8200 5.0000 2.7526 0.0118 
39.3337 16.5000 3518.0308 0.2743 0.1013 -0.5215 2.8141 5.0000 2.7645 0.0083 
39.3417 16.5000 3507.4991 0.2754 0.1037 -0.5276 2.8225 5.0000 2.7642 0.0083 
39.4764 16.5000 3568.2330 0.2752 0.1033 -0.5136 2.8156 5.0000 2.4854 0.0105 
39.3876 16.5000 3535.2858 0.2762 0.1030 -0.5230 2.8246 5.0000 2.4900 0.0108 
39.3917 16.5000 3532.4923 0.2788 0.1044 -0.5230 2.8225 5.0000 2.4883 0.0108 
39.3786 16.5000 3524.4555 0.2745 0.1030 -0.5252 2.8232 5.0000 2.6465 0.0087 
39.4315 16.5000 3557.4941 0.2755 0.1041 -0.5155 2.8224 5.0000 2.6703 0.0102 
39.4618 16.5000 3558.1861 0.2780 0.1036 -0.5254 2.8169 5.0000 2.6888 0.0102 
39.4033 16.5000 3537.0366 0.2748 0.1027 -0.5224 2.8205 5.0000 2.4893 0.0095 
39.4593 16.5000 3563.8895 0.2748 0.1023 -0.5210 2.8209 5.0000 2.5131 0.0099 
39.4295 16.5000 3537.6161 0.2754 0.1034 -0.5248 2.8237 5.0000 2.5141 0.0099 
39.4149 16.5000 3551.4421 0.2749 0.1035 -0.5153 2.8184 5.0000 2.7745 0.0099 
39.4134 16.5000 3537.1127 0.2727 0.1024 -0.5177 2.8164 5.0000 2.7954 0.0126 
39.4159 16.5000 3544.2784 0.2758 0.1033 -0.5225 2.8187 5.0000 2.8006 0.0126 
39.3105 16.5000 3502.7541 0.2755 0.1021 -0.5236 2.8166 5.0000 2.4791 0.0099 
39.4108 16.5000 3539.2388 0.2754 0.1043 -0.5163 2.8219 5.0000 2.4714 0.0095 
39.4169 16.5000 3534.0792 0.2741 0.1022 -0.5232 2.8158 5.0000 2.4996 0.0104 
39.4320 16.5000 3543.1470 0.2745 0.1024 -0.5248 2.8165 5.0000 2.6613 0.0096 
39.3972 16.5000 3536.0257 0.2753 0.1030 -0.5194 2.8167 5.0000 2.7644 0.0098 
39.4275 16.5000 3549.4219 0.2727 0.1040 -0.5165 2.8201 5.0000 2.7020 0.0098 
39.4179 16.5000 3546.9826 0.2748 0.1030 -0.5148 2.8165 5.0000 2.5162 0.0092 
39.4184 16.5000 3535.2454 0.2747 0.1023 -0.5194 2.8226 5.0000 2.5692 0.0110 
39.4441 16.5000 3561.2177 0.2759 0.1021 -0.5202 2.8132 5.0000 2.5932 0.0110 
39.3730 16.5000 3518.5190 0.2746 0.1032 -0.5220 2.8237 5.0000 2.8401 0.0092 
39.4230 16.5000 3541.2469 0.2739 0.1027 -0.5211 2.8153 5.0000 2.7923 0.0101 
39.4431 16.5000 3548.0161 0.2729 0.1016 -0.5207 2.8184 5.0000 2.8300 0.0102 
39.4078 16.5000 3543.3997 0.2760 0.1044 -0.5176 2.8252 5.0000 2.5270 0.0099 
39.4043 16.5000 3538.8631 0.2743 0.1016 -0.5197 2.8218 5.0000 2.5205 0.0106 
39.4139 16.5000 3545.8532 0.2735 0.1014 -0.5147 2.8161 5.0000 2.5282 0.0110 
39.3881 16.5000 3528.0474 0.2759 0.1026 -0.5238 2.8189 5.0000 2.6946 0.0091 
39.3740 16.5000 3541.6161 0.2729 0.1024 -0.5125 2.8191 5.0000 2.7241 0.0109 
39.4482 16.5000 3553.7130 0.2741 0.1008 -0.5192 2.8099 5.0000 2.6986 0.0109 
39.3765 16.5000 3523.1798 0.2734 0.1027 -0.5203 2.8191 5.0000 2.5630 0.0098 
39.4108 16.5000 3542.7627 0.2730 0.1018 -0.5176 2.8187 5.0000 2.5409 0.0109 
39.4194 16.5000 3549.1082 0.2733 0.1032 -0.5106 2.8195 5.0000 2.5375 0.0109 
39.3765 16.5000 3527.2807 0.2754 0.1048 -0.5227 2.8237 5.0000 2.8299 0.0095 
39.4098 16.5000 3550.4086 0.2761 0.1024 -0.5230 2.8161 5.0000 2.8048 0.0101 
39.4325 16.5000 3549.6444 0.2737 0.1037 -0.5149 2.8145 5.0000 2.8443 0.0096 
39.4068 16.5000 3545.2817 0.2742 0.1022 -0.5233 2.8141 5.0000 2.5268 0.0108 
39.4290 16.5000 3553.7069 0.2762 0.1031 -0.5211 2.8151 5.0000 2.5304 0.0109 
39.3806 16.5000 3527.3216 0.2728 0.1037 -0.5169 2.8213 5.0000 2.5222 0.0109 
39.3750 16.5000 3536.4827 0.2764 0.1020 -0.5213 2.8170 5.0000 2.6949 0.0092 
39.3765 16.5000 3530.8398 0.2742 0.1018 -0.5211 2.8190 5.0000 2.6681 0.0112 
39.4421 16.5000 3556.5084 0.2753 0.1031 -0.5178 2.8163 5.0000 2.6863 0.0099 
39.3639 16.5000 3525.6721 0.2744 0.1031 -0.5219 2.8215 5.0000 2.5260 0.0099 
39.4139 16.5000 3535.4931 0.2719 0.1023 -0.5197 2.8199 5.0000 2.5263 0.0118 
39.4154 16.5000 3548.9004 0.2748 0.1024 -0.5184 2.8181 5.0000 2.4958 0.0105 
39.3422 16.5000 3517.7639 0.2733 0.1033 -0.5203 2.8228 5.0000 2.7381 0.0092 
39.3927 16.5000 3536.5201 0.2762 0.1042 -0.5206 2.8186 5.0000 2.7241 0.0097 
39.4426 16.5000 3560.6189 0.2744 0.1009 -0.5199 2.8149 5.0000 2.7725 0.0091 
39.4240 16.5000 3543.7508 0.2746 0.1029 -0.5209 2.8164 5.0000 2.4862 0.0090 
39.4482 16.5000 3557.0209 0.2734 0.1018 -0.5180 2.8214 5.0000 2.5030 0.0099 
39.4492 16.5000 3566.5806 0.2754 0.1045 -0.5152 2.8194 5.0000 2.4924 0.0095 
39.4154 16.5000 3537.0290 0.2743 0.1030 -0.5167 2.8194 5.0000 2.7277 0.0096 
39.4295 16.5000 3542.1352 0.2751 0.1024 -0.5226 2.8150 5.0000 2.6744 0.0105 
39.4270 16.5000 3553.9243 0.2741 0.1033 -0.5147 2.8191 5.0000 2.7005 0.0090 
39.3937 16.5000 3524.4202 0.2749 0.1011 -0.5229 2.8158 5.0000 2.5035 0.0092 
39.4517 16.5000 3556.1211 0.2749 0.1027 -0.5176 2.8225 5.0000 2.5172 0.0094 
39.4446 16.5000 3559.0562 0.2757 0.1036 -0.5182 2.8174 5.0000 2.4955 0.0090 
39.4356 16.5000 3558.5942 0.2739 0.1027 -0.5138 2.8193 5.0000 2.7460 0.0118 
39.4517 16.5000 3551.2802 0.2769 0.1046 -0.5199 2.8203 5.0000 2.7275 0.0097 
39.3412 16.5000 3505.7407 0.2721 0.1014 -0.5223 2.8228 5.0000 2.7102 0.0091 
39.4224 16.5000 3552.8600 0.2763 0.1029 -0.5230 2.8135 5.0000 2.5358 0.0106 
39.4456 16.5000 3557.4416 0.2737 0.1016 -0.5175 2.8126 5.0000 2.5586 0.0086 
39.3892 16.5000 3527.2055 0.2763 0.1017 -0.5248 2.8164 5.0000 2.5403 0.0109 
39.4648 16.5000 3563.1279 0.2760 0.1019 -0.5211 2.8169 5.0000 2.6784 0.0107 
39.3781 16.5000 3518.3274 0.2759 0.1028 -0.5222 2.8244 5.0000 2.7112 0.0106 
39.3846 16.5000 3539.2570 0.2756 0.1031 -0.5182 2.8150 5.0000 2.7139 0.0103 
39.3897 16.5000 3538.5382 0.2728 0.1022 -0.5168 2.8198 5.0000 2.5381 0.0095 
39.4013 16.5000 3542.8580 0.2776 0.1029 -0.5216 2.8214 5.0000 2.5581 0.0088 
39.4295 16.5000 3558.6154 0.2768 0.1026 -0.5225 2.8214 5.0000 2.5642 0.0098 
39.4578 16.5000 3558.1629 0.2761 0.1033 -0.5224 2.8139 5.0000 2.8302 0.0106 
39.4214 16.5000 3543.3347 0.2753 0.1038 -0.5187 2.8204 5.0000 2.7895 0.0112 
39.3876 16.5000 3527.6686 0.2748 0.1038 -0.5205 2.8207 5.0000 2.8036 0.0096 
39.3644 16.5000 3515.3468 0.2727 0.1018 -0.5231 2.8194 5.0000 2.5115 0.0108 
39.4260 16.5000 3546.5140 0.2747 0.1005 -0.5210 2.8139 5.0000 2.5233 0.0100 
39.3801 16.5000 3523.3932 0.2740 0.1021 -0.5213 2.8242 5.0000 2.5245 0.0098 
39.4098 16.5000 3542.7213 0.2723 0.1026 -0.5183 2.8181 5.0000 2.6645 0.0102 
39.4189 16.5000 3543.6747 0.2755 0.1021 -0.5225 2.8178 5.0000 2.6935 0.0107 
39.4043 16.5000 3533.3670 0.2744 0.1024 -0.5173 2.8234 5.0000 2.7527 0.0101 
39.3861 16.5000 3535.3190 0.2780 0.1021 -0.5196 2.8172 5.0000 2.5198 0.0096 
39.4088 16.5000 3543.7770 0.2751 0.1029 -0.5167 2.8173 5.0000 2.5519 0.0095 
39.4280 16.5000 3537.4280 0.2724 0.1033 -0.5193 2.8209 5.0000 2.5130 0.0110 
39.4295 16.5000 3561.2979 0.2715 0.1011 -0.5192 2.8183 5.0000 2.7768 0.0093 
39.3740 16.5000 3518.3934 0.2739 0.1027 -0.5219 2.8186 5.0000 2.7817 0.0111 
39.4376 16.5000 3553.6762 0.2758 0.1016 -0.5205 2.8145 5.0000 2.7875 0.0083 
39.3695 16.5000 3527.4815 0.2741 0.1032 -0.5198 2.8229 5.0000 2.5667 0.0091 
39.4774 16.5000 3563.4709 0.2760 0.1018 -0.5202 2.8130 5.0000 2.6180 0.0110 
39.4487 16.5000 3550.8393 0.2755 0.1029 -0.5222 2.8190 5.0000 2.5963 0.0103 
39.3730 16.5000 3523.1667 0.2731 0.1013 -0.5234 2.8200 5.0000 2.7385 0.0074 
39.3997 16.5000 3539.8719 0.2730 0.1032 -0.5185 2.8209 5.0000 2.7401 0.0093 
39.5122 16.5000 3573.5253 0.2759 0.1022 -0.5227 2.8176 5.0000 2.7063 0.0093 
39.4391 16.5000 3559.6454 0.2767 0.0999 -0.5205 2.8165 5.0000 2.3859 0.0093 
