38.4590 15.5000 3294.3329 0.3985 0.2550 -0.4432 2.3775 4.0000 0.1381 0.0316 
38.5876 15.0000 3326.4061 0.4088 0.2583 -0.4461 2.3699 4.0000 0.1395 0.0316 
38.5296 15.5000 3332.1967 0.4052 0.2550 -0.4587 2.3713 4.0000 0.1412 0.0316 
38.4994 16.5000 3303.1980 0.3978 0.2579 -0.4223 2.3807 5.0000 0.1020 0.0351 
38.3884 16.5000 3285.9950 0.4019 0.2560 -0.4349 2.3815 4.0000 0.1044 0.0351 
38.4565 16.5000 3293.1324 0.3994 0.2621 -0.4212 2.3890 4.0000 0.1120 0.0351 
38.5826 16.0000 3334.8247 0.4050 0.2568 -0.4482 2.3770 4.0000 0.1373 0.0354 
38.5498 15.5000 3328.6406 0.4104 0.2574 -0.4509 2.3802 4.0000 0.1295 0.0354 
38.4439 16.0000 3291.9874 0.4038 0.2569 -0.4524 2.3820 4.0000 0.1448 0.0322 
38.5271 15.5000 3312.0025 0.4031 0.2550 -0.4491 2.3774 4.0000 0.1113 0.0342 
38.5649 16.5000 3326.5952 0.4018 0.2517 -0.4546 2.3704 4.0000 0.1515 0.0342 
38.4893 16.5000 3304.0277 0.4017 0.2584 -0.4193 2.3814 5.0000 0.1508 0.0324 
38.4893 16.5000 3312.1160 0.4092 0.2564 -0.4524 2.3730 4.0000 0.1346 0.0335 
38.5549 16.5000 3322.1816 0.3968 0.2554 -0.4371 2.3768 4.0000 0.1349 0.0289 
38.5170 16.5000 3315.2686 0.4030 0.2539 -0.4428 2.3766 4.0000 0.1363 0.0342 
38.6885 16.5000 3355.9647 0.4102 0.2571 -0.4591 2.3687 4.0000 0.1317 0.0296 
38.4893 16.0000 3303.7907 0.4066 0.2591 -0.4467 2.3741 4.0000 0.1048 0.0318 
38.6608 16.5000 3360.4666 0.4102 0.2549 -0.4584 2.3737 4.0000 0.1388 0.0324 
38.5776 16.5000 3334.4691 0.4010 0.2568 -0.4386 2.3720 4.0000 0.1063 0.0330 
38.5574 16.0000 3328.4313 0.4086 0.2599 -0.4396 2.3695 4.0000 0.1109 0.0364 
38.5347 16.5000 3323.1854 0.4015 0.2568 -0.4412 2.3826 4.0000 0.1073 0.0324 
38.4086 15.0000 3291.2963 0.4020 0.2542 -0.4492 2.3827 4.0000 0.1040 0.0325 
38.5574 16.5000 3322.4842 0.4068 0.2529 -0.4658 2.3669 4.0000 0.1036 0.0335 
38.5523 16.5000 3324.1892 0.4011 0.2576 -0.4359 2.3755 4.0000 0.1046 0.0310 
38.5145 16.5000 3306.0832 0.4027 0.2593 -0.4379 2.3807 4.0000 0.1036 0.0337 
38.6103 16.5000 3333.8815 0.4056 0.2574 -0.4459 2.3663 4.0000 0.1033 0.0341 
38.5069 15.0000 3325.5738 0.4039 0.2591 -0.4233 2.3757 4.0000 0.1081 0.0340 
38.4918 16.5000 3301.4729 0.4063 0.2546 -0.4461 2.3792 5.0000 0.1077 0.0336 
38.4968 16.5000 3302.4388 0.4003 0.2592 -0.4375 2.3869 5.0000 0.1068 0.0401 
38.5120 15.0000 3315.0820 0.4060 0.2514 -0.4733 2.3818 4.0000 0.1005 0.0305 
38.2699 16.5000 3252.2371 0.4039 0.2561 -0.4383 2.3816 4.0000 0.0987 0.0302 
38.6280 16.5000 3341.4830 0.4055 0.2555 -0.4649 2.3730 5.0000 0.0983 0.0330 
38.6381 16.5000 3348.0883 0.4062 0.2540 -0.4463 2.3665 4.0000 0.0988 0.0332 
38.5347 16.5000 3323.4805 0.4041 0.2595 -0.4374 2.3706 4.0000 0.0983 0.0321 
38.5271 16.5000 3318.6482 0.4038 0.2570 -0.4423 2.3743 4.0000 0.0985 0.0300 
38.5675 16.5000 3333.8361 0.4078 0.2575 -0.4534 2.3766 4.0000 0.0997 0.0293 
38.6482 16.5000 3347.4048 0.4061 0.2633 -0.4169 2.3755 4.0000 0.1002 0.0323 
38.6709 16.0000 3369.3972 0.4045 0.2555 -0.4480 2.3651 4.0000 0.0977 0.0326 
38.5599 16.0000 3317.5334 0.3997 0.2587 -0.4214 2.3760 4.0000 0.0979 0.0307 
38.5498 16.0000 3324.1463 0.4042 0.2582 -0.4454 2.3801 4.0000 0.0988 0.0266 
38.6204 15.0000 3344.5069 0.4108 0.2593 -0.4575 2.3743 4.0000 0.0972 0.0308 
38.7743 16.0000 3376.7718 0.4020 0.2552 -0.4290 2.3756 4.0000 0.1052 0.0312 
38.6154 16.5000 3344.8525 0.4038 0.2577 -0.4348 2.3744 4.0000 0.1092 0.0305 
38.6003 16.5000 3341.3947 0.4109 0.2599 -0.4543 2.3747 4.0000 0.1019 0.0305 
38.6280 16.5000 3337.6318 0.4073 0.2541 -0.4528 2.3815 4.0000 0.1211 0.0322 
38.5473 16.5000 3326.4086 0.4058 0.2557 -0.4488 2.3730 4.0000 0.1022 0.0329 
38.5624 16.5000 3334.6507 0.4067 0.2590 -0.4438 2.3736 4.0000 0.1024 0.0329 
38.5397 15.0000 3322.3253 0.4023 0.2532 -0.4503 2.3666 4.0000 0.1030 0.0310 
38.5649 16.5000 3335.3770 0.3996 0.2558 -0.4341 2.3725 4.0000 0.1023 0.0356 
38.6078 16.5000 3341.9395 0.4116 0.2558 -0.4551 2.3683 4.0000 0.1029 0.0356 
38.4363 16.5000 3305.6646 0.4012 0.2576 -0.4248 2.3815 4.0000 0.1070 0.0316 
38.4414 16.5000 3290.7415 0.4010 0.2537 -0.4537 2.3823 4.0000 0.1183 0.0324 
38.5876 16.5000 3343.6368 0.4085 0.2623 -0.4220 2.3761 4.0000 0.1103 0.0324 
38.5574 16.5000 3319.2736 0.4084 0.2577 -0.4439 2.3769 4.0000 0.0995 0.0367 
38.4161 14.5000 3282.2270 0.4064 0.2569 -0.4560 2.3688 4.0000 0.1006 0.0333 
38.3985 16.5000 3283.1274 0.4071 0.2567 -0.4545 2.3835 4.0000 0.1014 0.0333 
38.5246 16.5000 3310.3304 0.4036 0.2587 -0.4441 2.3792 4.0000 0.0982 0.0326 
38.3682 16.5000 3281.0240 0.4055 0.2554 -0.4594 2.3792 4.0000 0.1003 0.0313 
38.5473 16.5000 3321.9470 0.4044 0.2572 -0.4440 2.3734 4.0000 0.1011 0.0313 
38.5977 15.5000 3333.1148 0.4051 0.2525 -0.4646 2.3740 4.0000 0.0990 0.0322 
38.6255 16.0000 3341.8512 0.4065 0.2531 -0.4497 2.3636 4.0000 0.1013 0.0323 
38.5624 16.5000 3327.3720 0.4018 0.2562 -0.4359 2.3722 4.0000 0.1004 0.0323 
38.5599 16.5000 3319.1299 0.4062 0.2532 -0.4591 2.3720 4.0000 0.0995 0.0337 
38.5271 15.5000 3317.6646 0.4002 0.2553 -0.4481 2.3809 4.0000 0.1016 0.0287 
38.5069 15.0000 3308.7793 0.4007 0.2574 -0.4330 2.3753 4.0000 0.1034 0.0287 
38.6961 16.5000 3355.5485 0.4041 0.2562 -0.4416 2.3711 5.0000 0.1059 0.0364 
38.6154 16.5000 3337.7654 0.4087 0.2615 -0.4289 2.3708 4.0000 0.1069 0.0335 
38.4061 16.5000 3290.8827 0.4050 0.2507 -0.4570 2.3737 4.0000 0.1039 0.0335 
38.5145 16.5000 3320.8852 0.4031 0.2544 -0.4618 2.3812 4.0000 0.1049 0.0361 
38.5649 16.5000 3307.5158 0.4032 0.2563 -0.4377 2.3798 4.0000 0.1113 0.0292 
38.4187 15.0000 3299.6141 0.4015 0.2555 -0.4364 2.3815 4.0000 0.1120 0.0292 
38.6759 16.5000 3362.1135 0.4067 0.2557 -0.4552 2.3744 4.0000 0.1085 0.0356 
38.6255 16.5000 3342.4666 0.4108 0.2592 -0.4647 2.3754 4.0000 0.1081 0.0331 
38.4363 16.5000 3299.7705 0.4029 0.2547 -0.4488 2.3714 4.0000 0.1079 0.0331 
38.5322 16.5000 3320.5851 0.4057 0.2585 -0.4487 2.3745 4.0000 0.1021 0.0349 
38.5851 16.5000 3324.9937 0.4035 0.2521 -0.4551 2.3740 4.0000 0.1094 0.0331 
38.4641 15.0000 3306.5952 0.4043 0.2544 -0.4497 2.3741 4.0000 0.1104 0.0331 
38.5296 16.5000 3324.0908 0.4050 0.2576 -0.4468 2.3828 4.0000 0.1076 0.0300 
38.5347 16.5000 3323.2484 0.4099 0.2579 -0.4541 2.3662 4.0000 0.1064 0.0314 
38.6482 16.5000 3360.6532 0.4104 0.2570 -0.4502 2.3672 5.0000 0.1079 0.0314 
38.5927 14.5000 3324.5322 0.4101 0.2570 -0.4480 2.3766 5.0000 0.0995 0.0352 
38.5649 16.5000 3333.6545 0.4088 0.2623 -0.4281 2.3763 4.0000 0.1003 0.0356 
38.4515 15.0000 3292.4338 0.3963 0.2543 -0.4217 2.3803 4.0000 0.1003 0.0356 
38.4363 16.5000 3293.3821 0.4054 0.2505 -0.4610 2.3723 4.0000 0.1074 0.0342 
38.5145 16.5000 3317.4931 0.4065 0.2528 -0.4697 2.3684 4.0000 0.1044 0.0329 
38.4893 16.5000 3312.9004 0.4033 0.2602 -0.4194 2.3808 4.0000 0.1020 0.0329 
38.5397 16.5000 3324.9206 0.4048 0.2515 -0.4722 2.3751 4.0000 0.1037 0.0359 
38.5876 16.5000 3329.0820 0.4075 0.2526 -0.4698 2.3689 4.0000 0.1054 0.0299 
38.4262 15.5000 3296.0706 0.4045 0.2556 -0.4457 2.3876 4.0000 0.1075 0.0299 
38.6507 16.5000 3354.7692 0.4058 0.2536 -0.4520 2.3751 5.0000 0.1046 0.0360 
38.6507 16.0000 3343.9849 0.4011 0.2562 -0.4316 2.3799 4.0000 0.1070 0.0356 
38.4212 16.5000 3289.7352 0.3991 0.2549 -0.4346 2.3778 4.0000 0.1073 0.0356 
38.4388 16.0000 3301.8588 0.4028 0.2533 -0.4511 2.3777 4.0000 0.1050 0.0324 
38.5826 16.5000 3338.5498 0.4054 0.2525 -0.4528 2.3680 4.0000 0.1057 0.0356 
38.5549 16.5000 3323.4300 0.4064 0.2503 -0.4597 2.3643 4.0000 0.1165 0.0316 
38.4363 16.5000 3291.7175 0.4089 0.2609 -0.4441 2.3760 4.0000 0.1042 0.0340 
38.5876 16.5000 3343.6595 0.4052 0.2561 -0.4463 2.3694 4.0000 0.1020 0.0292 
38.4968 16.5000 3319.0668 0.4027 0.2483 -0.4635 2.3704 4.0000 0.1028 0.0357 
38.6759 16.5000 3356.7415 0.4109 0.2544 -0.4519 2.3690 4.0000 0.1107 0.0357 
38.4338 16.5000 3296.2724 0.4042 0.2606 -0.4367 2.3785 4.0000 0.1025 0.0357 
