39.0542 4.0000 3409.7623 0.3789 0.1581 -0.6106 2.8070 5.0000 1.6498 0.0157 
39.2301 4.0000 3477.0378 0.3815 0.1553 -0.6131 2.7947 5.0000 1.6187 0.0157 
39.1910 4.0000 3455.4697 0.3819 0.1561 -0.6195 2.7995 5.0000 1.6995 0.0162 
39.1488 4.0000 3441.0681 0.3826 0.1566 -0.6118 2.8038 5.0000 1.5536 0.0168 
39.1715 4.0000 3478.5574 0.3812 0.1554 -0.6089 2.7989 5.0000 1.5321 0.0168 
39.1475 4.0000 3455.4830 0.3848 0.1607 -0.6147 2.8034 5.0000 1.5915 0.0141 
39.2068 4.0000 3485.1740 0.3880 0.1576 -0.6151 2.7969 5.0000 1.6360 0.0158 
39.2509 4.0000 3496.9912 0.3844 0.1587 -0.6083 2.8021 5.0000 1.6221 0.0158 
39.1879 4.0000 3472.2245 0.3802 0.1563 -0.6092 2.8031 5.0000 1.6120 0.0161 
39.1665 4.0000 3465.1066 0.3852 0.1598 -0.6099 2.8021 5.0000 1.5498 0.0166 
39.1759 4.0000 3470.7642 0.3909 0.1611 -0.6194 2.7999 5.0000 1.5552 0.0166 
39.1557 4.0000 3462.5504 0.3827 0.1550 -0.6125 2.8047 5.0000 1.5321 0.0168 
39.1488 4.0000 3450.5662 0.3825 0.1577 -0.6104 2.7998 5.0000 1.5489 0.0154 
39.1463 4.0000 3440.0347 0.3869 0.1611 -0.6134 2.8119 5.0000 1.5570 0.0154 
39.2037 4.0000 3497.2358 0.3842 0.1582 -0.6089 2.8036 5.0000 1.5299 0.0159 
39.1810 4.0000 3482.8373 0.3855 0.1557 -0.6096 2.8021 5.0000 1.6229 0.0148 
39.1778 4.0000 3470.8380 0.3862 0.1584 -0.6087 2.8075 5.0000 1.6538 0.0148 
39.2264 4.0000 3480.5303 0.3855 0.1560 -0.6160 2.7998 5.0000 1.6562 0.0157 
39.1923 4.0000 3462.0246 0.3827 0.1552 -0.6103 2.7979 5.0000 1.6460 0.0162 
39.1166 4.0000 3460.5687 0.3840 0.1572 -0.6079 2.7931 5.0000 1.6447 0.0163 
39.1728 4.0000 3444.6324 0.3824 0.1607 -0.6091 2.8065 5.0000 1.6170 0.0163 
39.1677 4.0000 3480.1166 0.3869 0.1555 -0.6166 2.8026 5.0000 1.5446 0.0139 
39.2301 4.0000 3495.3720 0.3840 0.1577 -0.6090 2.8011 5.0000 1.5511 0.0183 
39.2585 4.0000 3495.2472 0.3812 0.1572 -0.6085 2.8016 5.0000 1.5440 0.0183 
39.0921 4.0000 3420.5675 0.3826 0.1568 -0.6174 2.8062 5.0000 1.5791 0.0152 
39.2301 4.0000 3485.6028 0.3877 0.1592 -0.6147 2.8051 5.0000 1.5995 0.0151 
39.2093 4.0000 3488.6318 0.3811 0.1551 -0.6111 2.7969 5.0000 1.6320 0.0153 
39.2137 4.0000 3490.9905 0.3855 0.1577 -0.6154 2.8006 5.0000 1.6410 0.0136 
39.2062 4.0000 3470.0700 0.3883 0.1570 -0.6174 2.7931 5.0000 1.6177 0.0165 
39.2705 4.0000 3502.9578 0.3866 0.1582 -0.6110 2.7943 5.0000 1.6384 0.0149 
39.1602 4.0000 3454.6778 0.3787 0.1590 -0.6026 2.8083 5.0000 1.5374 0.0132 
39.2219 4.0000 3477.1255 0.3865 0.1595 -0.6043 2.8033 5.0000 1.5519 0.0169 
39.2875 4.0000 3518.6072 0.3839 0.1556 -0.6126 2.7875 5.0000 1.5472 0.0175 
39.1431 4.0000 3445.0700 0.3854 0.1586 -0.6209 2.8022 5.0000 1.5750 0.0159 
39.1230 4.0000 3435.7188 0.3860 0.1581 -0.6139 2.8027 5.0000 1.5766 0.0173 
39.1810 4.0000 3450.7604 0.3825 0.1560 -0.6165 2.8010 5.0000 1.5773 0.0167 
39.1293 4.0000 3424.8682 0.3816 0.1553 -0.6192 2.8021 5.0000 1.7155 0.0155 
39.1526 4.0000 3444.9508 0.3828 0.1569 -0.6101 2.7969 5.0000 1.7119 0.0177 
39.1992 4.0000 3474.3436 0.3810 0.1568 -0.6046 2.8032 5.0000 1.7334 0.0165 
39.1154 4.0000 3432.9004 0.3813 0.1558 -0.6184 2.8007 5.0000 1.5410 0.0156 
39.1608 4.0000 3441.1772 0.3783 0.1568 -0.6100 2.8047 5.0000 1.5425 0.0177 
39.1955 4.0000 3469.1318 0.3887 0.1624 -0.6161 2.8060 5.0000 1.5513 0.0161 
39.1129 4.0000 3416.4105 0.3850 0.1585 -0.6184 2.8092 5.0000 1.6108 0.0147 
39.1759 4.0000 3470.4269 0.3804 0.1557 -0.6085 2.7964 5.0000 1.5553 0.0147 
39.2289 4.0000 3464.1444 0.3816 0.1569 -0.6134 2.7909 5.0000 1.5665 0.0136 
39.1690 4.0000 3459.9180 0.3842 0.1551 -0.6178 2.7991 5.0000 1.6555 0.0175 
39.2730 4.0000 3488.5498 0.3868 0.1598 -0.6122 2.7947 5.0000 1.6651 0.0175 
39.1230 4.0000 3445.6223 0.3843 0.1584 -0.6170 2.7973 5.0000 1.6519 0.0135 
39.2289 4.0000 3505.9281 0.3831 0.1547 -0.6113 2.7934 5.0000 1.5438 0.0162 
39.2768 4.0000 3504.4924 0.3826 0.1557 -0.6110 2.7937 5.0000 1.5499 0.0162 
39.1696 4.0000 3462.5864 0.3809 0.1537 -0.6130 2.7974 5.0000 1.5414 0.0164 
39.1116 4.0000 3454.6311 0.3858 0.1577 -0.6129 2.7930 5.0000 1.5448 0.0166 
39.1652 4.0000 3454.8235 0.3845 0.1569 -0.6174 2.8075 5.0000 1.5528 0.0166 
39.1545 4.0000 3462.3235 0.3789 0.1556 -0.6034 2.7981 5.0000 1.5541 0.0146 
39.1456 4.0000 3436.5107 0.3824 0.1573 -0.6169 2.7991 5.0000 1.5693 0.0156 
39.2339 4.0000 3465.8733 0.3808 0.1565 -0.6120 2.8028 5.0000 1.5809 0.0142 
39.1936 4.0000 3461.1450 0.3821 0.1573 -0.6165 2.8030 5.0000 1.6193 0.0177 
39.2472 4.0000 3494.1160 0.3837 0.1567 -0.6103 2.7918 5.0000 1.6919 0.0180 
39.1122 4.0000 3444.5933 0.3869 0.1601 -0.6151 2.8013 5.0000 1.7235 0.0163 
39.1028 4.0000 3443.9010 0.3821 0.1560 -0.6115 2.8097 5.0000 1.7049 0.0166 
39.1690 4.0000 3446.2604 0.3786 0.1554 -0.6116 2.7985 5.0000 1.5291 0.0152 
39.1564 4.0000 3485.4426 0.3849 0.1602 -0.6090 2.8066 5.0000 1.5259 0.0150 
39.2112 4.0000 3478.3815 0.3819 0.1591 -0.6033 2.8059 5.0000 1.5329 0.0162 
39.2156 4.0000 3481.6488 0.3830 0.1560 -0.6131 2.7957 5.0000 1.5861 0.0165 
39.1715 4.0000 3442.7989 0.3828 0.1563 -0.6121 2.8063 5.0000 1.6426 0.0161 
39.1595 4.0000 3457.4653 0.3844 0.1564 -0.6186 2.8029 5.0000 1.6001 0.0169 
39.1753 4.0000 3484.7692 0.3852 0.1590 -0.6127 2.8041 5.0000 1.6146 0.0184 
39.1425 4.0000 3444.7881 0.3849 0.1558 -0.6146 2.8037 5.0000 1.6133 0.0155 
39.0864 4.0000 3411.4414 0.3803 0.1583 -0.6160 2.8092 5.0000 1.6597 0.0155 
39.1999 4.0000 3493.4552 0.3794 0.1546 -0.6087 2.7992 5.0000 1.5437 0.0160 
39.1974 4.0000 3477.9811 0.3859 0.1565 -0.6067 2.7961 5.0000 1.5503 0.0180 
39.1803 4.0000 3458.2951 0.3848 0.1600 -0.6137 2.8041 5.0000 1.5573 0.0167 
39.1021 4.0000 3436.3745 0.3827 0.1576 -0.6150 2.8033 5.0000 1.5553 0.0158 
39.1507 4.0000 3459.5391 0.3874 0.1592 -0.6138 2.8072 5.0000 1.6223 0.0169 
39.1847 4.0000 3466.6135 0.3786 0.1554 -0.6036 2.8007 5.0000 1.5824 0.0147 
39.1425 4.0000 3446.3449 0.3902 0.1600 -0.6197 2.8069 5.0000 1.7405 0.0168 
39.2295 4.0000 3465.4786 0.3858 0.1587 -0.6137 2.7995 5.0000 1.7491 0.0158 
39.1482 4.0000 3455.6765 0.3852 0.1567 -0.6229 2.7949 5.0000 1.7456 0.0158 
39.1866 4.0000 3477.1898 0.3850 0.1574 -0.6067 2.8004 5.0000 1.5524 0.0175 
39.1885 4.0000 3473.5750 0.3871 0.1620 -0.6124 2.8027 5.0000 1.5354 0.0156 
39.1204 4.0000 3417.0618 0.3818 0.1581 -0.6208 2.7992 5.0000 1.5586 0.0159 
39.1948 4.0000 3478.0088 0.3861 0.1571 -0.6101 2.7944 5.0000 1.5321 0.0155 
39.1816 4.0000 3470.4407 0.3845 0.1580 -0.6129 2.8009 5.0000 1.5225 0.0149 
39.1974 4.0000 3467.9760 0.3841 0.1581 -0.6125 2.8088 5.0000 1.5475 0.0183 
39.2232 4.0000 3505.5448 0.3842 0.1574 -0.6056 2.7949 5.0000 1.5971 0.0160 
39.0902 4.0000 3437.8127 0.3838 0.1556 -0.6112 2.8020 5.0000 1.6747 0.0178 
39.1778 4.0000 3457.0303 0.3763 0.1556 -0.6014 2.8051 5.0000 1.6888 0.0177 
39.1078 4.0000 3415.4363 0.3823 0.1587 -0.6140 2.8090 5.0000 1.6257 0.0168 
39.1116 4.0000 3418.4288 0.3835 0.1573 -0.6199 2.8069 5.0000 1.5547 0.0144 
39.1475 4.0000 3438.9968 0.3818 0.1576 -0.6119 2.8043 5.0000 1.5673 0.0199 
39.2402 4.0000 3516.6936 0.3842 0.1532 -0.6067 2.7986 5.0000 1.5338 0.0156 
39.0277 4.0000 3398.1860 0.3784 0.1549 -0.6104 2.8025 5.0000 1.5455 0.0170 
39.1961 4.0000 3466.0492 0.3874 0.1578 -0.6161 2.7997 5.0000 1.5673 0.0146 
39.1393 4.0000 3455.4306 0.3823 0.1574 -0.6098 2.8034 5.0000 1.5726 0.0155 
39.2314 4.0000 3487.0385 0.3841 0.1569 -0.6121 2.7994 5.0000 1.6203 0.0169 
39.1986 4.0000 3469.7497 0.3853 0.1604 -0.6086 2.8089 5.0000 1.6070 0.0161 
39.1438 4.0000 3460.7566 0.3870 0.1601 -0.6192 2.8074 5.0000 1.7362 0.0159 
39.1740 4.0000 3463.5706 0.3854 0.1605 -0.6174 2.8033 5.0000 1.7057 0.0151 
39.1822 4.0000 3467.6015 0.3827 0.1587 -0.6100 2.8042 5.0000 1.7480 0.0151 
39.2125 4.0000 3476.6110 0.3865 0.1591 -0.6158 2.8049 5.0000 1.4944 0.0151 
