39.6211 16.5000 3621.5998 0.3422 0.1136 -0.5811 3.0092 5.0000 10.4540 0.0047 
39.6046 16.5000 3620.3239 0.3468 0.1144 -0.5856 3.0049 6.0000 10.4537 0.0047 
39.6301 16.5000 3626.0199 0.3473 0.1160 -0.5837 3.0092 6.0000 10.6168 0.0047 
39.6237 16.5000 3624.4470 0.3479 0.1166 -0.5902 3.0106 5.0000 10.7728 0.0045 
39.5662 16.5000 3606.1146 0.3489 0.1139 -0.5869 3.0007 5.0000 10.7654 0.0045 
39.6262 16.5000 3624.1603 0.3489 0.1148 -0.5898 3.0119 6.0000 10.7764 0.0045 
39.6197 16.5000 3623.7512 0.3479 0.1159 -0.5852 3.0073 5.0000 11.0610 0.0049 
39.6304 16.5000 3628.3265 0.3489 0.1138 -0.5918 3.0085 5.0000 11.0289 0.0049 
39.6116 16.5000 3621.9697 0.3514 0.1149 -0.5925 3.0062 6.0000 10.9986 0.0049 
39.6119 16.5000 3618.8920 0.3497 0.1159 -0.5883 3.0070 6.0000 10.9780 0.0048 
39.5900 16.5000 3613.7671 0.3483 0.1148 -0.5879 3.0115 5.0000 10.9217 0.0048 
39.6172 16.5000 3621.7385 0.3515 0.1147 -0.5958 3.0105 5.0000 11.2184 0.0057 
39.6223 16.5000 3624.5470 0.3497 0.1163 -0.5893 3.0064 5.0000 10.9422 0.0054 
39.5805 16.5000 3609.0881 0.3479 0.1163 -0.5849 3.0131 5.0000 10.9047 0.0054 
39.5917 16.5000 3615.0254 0.3507 0.1159 -0.5920 3.0076 5.0000 11.1050 0.0053 
39.6116 16.5000 3618.7087 0.3475 0.1138 -0.5880 3.0046 5.0000 10.9327 0.0060 
39.5973 16.5000 3616.0361 0.3464 0.1140 -0.5886 3.0124 6.0000 11.1094 0.0042 
39.5701 16.5000 3607.5514 0.3503 0.1150 -0.5900 3.0078 6.0000 11.1513 0.0048 
39.6410 16.5000 3631.4031 0.3448 0.1114 -0.5899 3.0040 5.0000 11.8653 0.0046 
39.6175 16.5000 3624.9945 0.3506 0.1151 -0.5890 3.0076 5.0000 11.8417 0.0055 
39.6242 16.5000 3624.4220 0.3498 0.1160 -0.5862 3.0049 5.0000 11.9288 0.0047 
39.5892 16.5000 3612.3450 0.3472 0.1138 -0.5902 3.0092 5.0000 11.1725 0.0047 
39.6200 16.5000 3625.1383 0.3476 0.1145 -0.5863 3.0097 5.0000 11.1639 0.0060 
39.6186 16.5000 3625.0621 0.3502 0.1152 -0.5873 3.0079 5.0000 11.2949 0.0046 
39.5696 16.5000 3609.2117 0.3491 0.1133 -0.5933 3.0042 5.0000 11.0099 0.0061 
39.6217 16.5000 3627.6335 0.3498 0.1146 -0.5890 3.0075 5.0000 11.1818 0.0044 
39.5654 16.5000 3604.4010 0.3516 0.1159 -0.5894 3.0080 5.0000 11.2909 0.0045 
39.6323 16.5000 3629.2916 0.3473 0.1140 -0.5824 3.0065 6.0000 11.1427 0.0052 
39.6287 16.5000 3629.2078 0.3520 0.1156 -0.5901 3.0082 6.0000 11.5276 0.0056 
39.5993 16.5000 3617.6421 0.3467 0.1135 -0.5870 3.0132 6.0000 11.3674 0.0051 
39.5847 16.5000 3611.9196 0.3499 0.1141 -0.5863 3.0076 6.0000 12.0089 0.0048 
39.6046 16.5000 3617.3692 0.3493 0.1149 -0.5856 3.0125 6.0000 12.1560 0.0047 
39.6164 16.5000 3621.9577 0.3482 0.1154 -0.5886 3.0107 6.0000 12.2074 0.0050 
39.6183 16.5000 3623.5169 0.3472 0.1143 -0.5862 3.0094 5.0000 11.4878 0.0051 
39.6094 16.5000 3622.6302 0.3500 0.1135 -0.5898 3.0046 5.0000 11.7173 0.0055 
39.6032 16.5000 3618.7832 0.3483 0.1140 -0.5871 3.0070 5.0000 11.8050 0.0059 
39.5889 16.5000 3609.7879 0.3526 0.1161 -0.5918 3.0058 5.0000 11.5266 0.0045 
39.5704 16.5000 3604.4142 0.3466 0.1155 -0.5884 3.0084 5.0000 11.4311 0.0051 
39.6293 16.5000 3626.5495 0.3496 0.1148 -0.5853 3.0056 5.0000 11.6775 0.0051 
39.6046 16.5000 3620.0339 0.3501 0.1161 -0.5868 3.0089 5.0000 11.4653 0.0048 
39.6021 16.5000 3616.8522 0.3527 0.1142 -0.5958 3.0033 5.0000 11.5089 0.0054 
39.6144 16.5000 3622.9954 0.3480 0.1150 -0.5871 3.0120 5.0000 11.6327 0.0056 
39.5934 16.5000 3613.6088 0.3483 0.1135 -0.5929 3.0096 6.0000 12.2741 0.0047 
39.5841 16.5000 3613.1403 0.3502 0.1146 -0.5920 3.0075 5.0000 12.2161 0.0055 
39.6178 16.5000 3624.7395 0.3493 0.1146 -0.5865 3.0086 5.0000 12.3789 0.0055 
39.5869 16.5000 3613.2885 0.3488 0.1158 -0.5887 3.0072 5.0000 12.1915 0.0053 
39.5875 16.5000 3612.2522 0.3494 0.1151 -0.5907 3.0085 5.0000 12.0242 0.0053 
39.5962 16.5000 3618.0199 0.3498 0.1148 -0.5866 3.0053 6.0000 12.2425 0.0049 
39.5970 16.5000 3614.3562 0.3505 0.1150 -0.5904 3.0089 6.0000 12.0568 0.0048 
39.6136 16.5000 3623.0366 0.3491 0.1139 -0.5913 3.0028 5.0000 12.2654 0.0051 
39.6150 16.5000 3621.8938 0.3478 0.1145 -0.5853 3.0085 5.0000 12.2842 0.0047 
39.6043 16.5000 3618.8048 0.3477 0.1150 -0.5901 3.0161 5.0000 11.1820 0.0044 
39.6203 16.5000 3627.7293 0.3490 0.1135 -0.5891 3.0046 5.0000 11.5828 0.0057 
39.6304 16.5000 3627.4791 0.3511 0.1161 -0.5895 3.0075 5.0000 11.5725 0.0047 
39.5791 16.5000 3610.6165 0.3523 0.1156 -0.5902 3.0060 6.0000 11.8127 0.0059 
39.6189 16.5000 3626.1415 0.3473 0.1133 -0.5936 3.0097 5.0000 11.8726 0.0052 
39.5704 16.5000 3603.7066 0.3486 0.1165 -0.5899 3.0101 5.0000 11.5116 0.0041 
39.6001 16.5000 3616.6378 0.3473 0.1145 -0.5890 3.0083 5.0000 11.4998 0.0052 
39.6427 16.5000 3629.6029 0.3509 0.1175 -0.5879 3.0111 5.0000 11.7322 0.0050 
39.6010 16.5000 3617.5712 0.3476 0.1151 -0.5849 3.0110 5.0000 11.6633 0.0046 
39.6071 16.5000 3618.8962 0.3502 0.1145 -0.5882 3.0088 5.0000 11.2104 0.0048 
39.6223 16.5000 3623.8969 0.3482 0.1149 -0.5898 3.0062 6.0000 11.1979 0.0048 
39.6169 16.5000 3621.1481 0.3519 0.1157 -0.5897 3.0038 5.0000 11.2211 0.0045 
39.6172 16.5000 3625.4415 0.3496 0.1149 -0.5906 3.0096 5.0000 11.0858 0.0056 
39.6273 16.5000 3629.1602 0.3488 0.1154 -0.5860 3.0085 5.0000 11.2268 0.0047 
39.5855 16.5000 3612.4018 0.3456 0.1142 -0.5879 3.0113 5.0000 11.1066 0.0050 
39.6200 16.5000 3624.9889 0.3505 0.1131 -0.5950 3.0043 5.0000 11.1025 0.0051 
39.6074 16.5000 3620.6260 0.3484 0.1147 -0.5866 3.0106 6.0000 11.2587 0.0048 
39.6049 16.5000 3617.5987 0.3477 0.1151 -0.5887 3.0084 5.0000 10.9714 0.0043 
39.6138 16.5000 3622.2805 0.3469 0.1136 -0.5897 2.9997 5.0000 11.1526 0.0043 
39.6340 16.5000 3629.3112 0.3490 0.1144 -0.5876 3.0040 5.0000 11.3539 0.0054 
39.6354 16.5000 3632.1174 0.3491 0.1157 -0.5831 3.0149 5.0000 11.0867 0.0053 
39.5911 16.5000 3615.4754 0.3500 0.1158 -0.5891 3.0102 5.0000 10.9964 0.0047 
39.5948 16.5000 3618.7908 0.3491 0.1159 -0.5884 3.0108 6.0000 11.5569 0.0044 
39.6192 16.5000 3624.9581 0.3457 0.1135 -0.5829 3.0023 5.0000 11.2158 0.0048 
39.6312 16.5000 3627.2706 0.3505 0.1165 -0.5895 3.0084 6.0000 11.2827 0.0055 
39.6169 16.5000 3621.4706 0.3477 0.1166 -0.5813 3.0124 5.0000 11.6856 0.0055 
39.5892 16.5000 3618.2875 0.3486 0.1143 -0.5880 3.0079 5.0000 11.3818 0.0055 
39.5889 16.5000 3613.3022 0.3508 0.1149 -0.5908 3.0093 5.0000 11.3117 0.0045 
39.6152 16.5000 3623.8854 0.3455 0.1144 -0.5827 3.0101 6.0000 11.3314 0.0051 
39.6270 16.5000 3629.6923 0.3483 0.1137 -0.5926 3.0041 5.0000 11.5854 0.0047 
39.6026 16.5000 3619.1369 0.3499 0.1158 -0.5884 3.0130 6.0000 11.3104 0.0050 
39.6183 16.5000 3623.1178 0.3517 0.1150 -0.5904 3.0066 6.0000 11.2764 0.0051 
39.6063 16.5000 3617.8523 0.3479 0.1133 -0.5871 3.0076 5.0000 11.5379 0.0052 
39.6046 16.5000 3619.2762 0.3509 0.1150 -0.5913 3.0088 6.0000 11.3896 0.0051 
39.6007 16.5000 3616.9971 0.3465 0.1141 -0.5842 3.0090 6.0000 11.2176 0.0047 
39.6057 16.5000 3619.5612 0.3498 0.1150 -0.5883 3.0102 5.0000 11.4336 0.0053 
39.6180 16.5000 3622.2780 0.3493 0.1147 -0.5887 3.0071 5.0000 11.2949 0.0050 
39.5962 16.5000 3619.0848 0.3466 0.1122 -0.5895 3.0036 5.0000 11.4529 0.0048 
39.6060 16.5000 3619.8442 0.3476 0.1143 -0.5857 3.0059 5.0000 11.3698 0.0050 
39.6166 16.5000 3622.6232 0.3480 0.1152 -0.5916 3.0094 6.0000 12.1243 0.0049 
39.6088 16.5000 3621.0778 0.3492 0.1135 -0.5902 3.0030 5.0000 12.4017 0.0058 
39.6116 16.5000 3621.0475 0.3492 0.1128 -0.5887 2.9990 5.0000 12.4471 0.0058 
39.5757 16.5000 3604.3119 0.3506 0.1150 -0.5948 3.0066 5.0000 12.1412 0.0063 
39.5774 16.5000 3609.2484 0.3487 0.1150 -0.5864 3.0026 5.0000 12.0204 0.0047 
39.5567 16.5000 3603.9350 0.3499 0.1145 -0.5926 3.0101 6.0000 12.1937 0.0053 
39.6206 16.5000 3624.4117 0.3501 0.1150 -0.5890 3.0019 5.0000 12.2444 0.0048 
39.5959 16.5000 3617.7739 0.3483 0.1143 -0.5868 3.0088 6.0000 11.9782 0.0051 
39.6175 16.5000 3624.3447 0.3502 0.1162 -0.5850 3.0059 6.0000 12.1191 0.0051 
39.6021 16.5000 3619.8666 0.3467 0.1128 -0.5922 3.0052 5.0000 9.2135 0.0051 
