39.4344 4.0000 3542.2106 0.2296 0.0993 -0.4330 2.7349 5.0000 1.6692 0.0092 
39.3291 4.0000 3502.8506 0.2283 0.0982 -0.4383 2.7339 5.0000 1.7575 0.0092 
39.4420 4.0000 3546.5397 0.2293 0.0990 -0.4392 2.7329 5.0000 1.6775 0.0092 
39.3878 4.0000 3518.5221 0.2305 0.0976 -0.4423 2.7392 5.0000 1.5819 0.0095 
39.3739 4.0000 3509.8569 0.2313 0.0983 -0.4411 2.7395 5.0000 1.5745 0.0095 
39.4313 4.0000 3545.1431 0.2304 0.0973 -0.4410 2.7383 5.0000 1.5505 0.0095 
39.4180 4.0000 3530.5340 0.2277 0.0986 -0.4394 2.7407 5.0000 1.6300 0.0110 
39.3802 4.0000 3516.6381 0.2321 0.0978 -0.4443 2.7368 5.0000 1.6215 0.0110 
39.3714 4.0000 3517.0965 0.2314 0.0981 -0.4451 2.7354 5.0000 1.6040 0.0110 
39.4180 4.0000 3532.2005 0.2277 0.0974 -0.4371 2.7372 5.0000 1.7412 0.0106 
39.3991 4.0000 3525.0851 0.2273 0.0976 -0.4413 2.7392 5.0000 1.7634 0.0106 
39.3884 4.0000 3522.7654 0.2315 0.0991 -0.4439 2.7378 5.0000 1.7100 0.0106 
39.4653 4.0000 3551.5139 0.2311 0.0987 -0.4397 2.7331 5.0000 1.6035 0.0091 
39.4426 4.0000 3547.4723 0.2335 0.0992 -0.4442 2.7389 5.0000 1.6109 0.0091 
39.4464 4.0000 3542.6223 0.2334 0.0994 -0.4465 2.7351 5.0000 1.5883 0.0091 
39.3783 4.0000 3507.3499 0.2294 0.0985 -0.4416 2.7380 5.0000 1.6316 0.0108 
39.3802 4.0000 3516.7856 0.2324 0.0987 -0.4431 2.7355 5.0000 1.6414 0.0108 
39.4174 4.0000 3538.5032 0.2329 0.0993 -0.4410 2.7386 5.0000 1.6359 0.0108 
39.3644 4.0000 3510.2881 0.2315 0.0978 -0.4463 2.7365 5.0000 1.6638 0.0105 
39.3947 4.0000 3531.8846 0.2334 0.0991 -0.4454 2.7401 5.0000 1.6720 0.0105 
39.3903 4.0000 3533.4546 0.2313 0.0994 -0.4400 2.7376 5.0000 1.6493 0.0105 
39.3821 4.0000 3521.0479 0.2314 0.0966 -0.4426 2.7371 5.0000 1.5863 0.0118 
39.3770 4.0000 3524.5813 0.2307 0.0978 -0.4404 2.7374 5.0000 1.5884 0.0118 
39.3411 4.0000 3508.0347 0.2315 0.0980 -0.4441 2.7349 5.0000 1.5840 0.0118 
39.4414 4.0000 3536.1274 0.2292 0.0988 -0.4372 2.7375 5.0000 1.6306 0.0093 
39.3689 4.0000 3508.7711 0.2304 0.0969 -0.4422 2.7359 5.0000 1.6435 0.0093 
39.4382 4.0000 3543.2049 0.2328 0.0985 -0.4466 2.7321 5.0000 1.6486 0.0093 
39.3695 4.0000 3516.2680 0.2302 0.0963 -0.4424 2.7366 5.0000 1.8322 0.0107 
39.3745 4.0000 3514.0687 0.2313 0.0980 -0.4473 2.7357 5.0000 1.8010 0.0107 
39.3834 4.0000 3521.9527 0.2331 0.0978 -0.4514 2.7364 5.0000 1.8061 0.0107 
39.4880 4.0000 3564.7415 0.2300 0.0977 -0.4357 2.7312 5.0000 1.5855 0.0110 
39.3815 4.0000 3524.3644 0.2280 0.0979 -0.4400 2.7344 5.0000 1.5997 0.0110 
39.3733 4.0000 3515.1986 0.2332 0.0989 -0.4472 2.7372 5.0000 1.5904 0.0110 
39.3525 4.0000 3507.3373 0.2287 0.0967 -0.4403 2.7360 5.0000 1.6118 0.0106 
39.4136 4.0000 3530.2774 0.2301 0.0977 -0.4371 2.7351 5.0000 1.6332 0.0106 
39.3890 4.0000 3516.0246 0.2339 0.0990 -0.4472 2.7370 5.0000 1.6247 0.0106 
39.3726 4.0000 3513.8474 0.2286 0.0983 -0.4397 2.7426 5.0000 1.6576 0.0116 
39.3455 4.0000 3507.4288 0.2335 0.0995 -0.4451 2.7412 5.0000 1.6747 0.0116 
39.3480 4.0000 3511.1343 0.2334 0.0984 -0.4475 2.7377 5.0000 1.6777 0.0116 
39.4061 4.0000 3519.2087 0.2311 0.0975 -0.4454 2.7386 5.0000 1.5617 0.0115 
39.3594 4.0000 3510.1274 0.2317 0.0989 -0.4457 2.7402 5.0000 1.5908 0.0114 
39.3550 4.0000 3507.7837 0.2278 0.0980 -0.4403 2.7332 5.0000 1.6147 0.0114 
39.3581 4.0000 3516.7427 0.2317 0.0995 -0.4443 2.7401 5.0000 1.5650 0.0106 
39.4578 4.0000 3555.2673 0.2329 0.0992 -0.4405 2.7319 5.0000 1.5852 0.0100 
39.3865 4.0000 3523.7957 0.2299 0.0990 -0.4398 2.7346 5.0000 1.5806 0.0100 
39.4105 4.0000 3531.5675 0.2303 0.0981 -0.4413 2.7350 5.0000 1.7328 0.0102 
39.3701 4.0000 3522.0876 0.2297 0.0971 -0.4407 2.7359 5.0000 1.7993 0.0099 
39.4023 4.0000 3526.2409 0.2283 0.0989 -0.4379 2.7360 5.0000 1.7870 0.0099 
39.4142 4.0000 3534.5939 0.2297 0.0988 -0.4432 2.7354 5.0000 1.6182 0.0102 
39.3279 4.0000 3497.8726 0.2281 0.0982 -0.4377 2.7398 5.0000 1.5968 0.0095 
39.4023 4.0000 3526.9773 0.2298 0.0972 -0.4414 2.7351 5.0000 1.5963 0.0095 
39.4294 4.0000 3535.1431 0.2324 0.0988 -0.4428 2.7373 5.0000 1.5667 0.0098 
39.3840 4.0000 3528.2926 0.2288 0.0973 -0.4380 2.7345 5.0000 1.6175 0.0092 
39.4206 4.0000 3537.2346 0.2290 0.0976 -0.4402 2.7345 5.0000 1.5932 0.0092 
39.4414 4.0000 3538.7251 0.2324 0.0973 -0.4449 2.7372 5.0000 1.6308 0.0108 
39.3714 4.0000 3513.4546 0.2304 0.0979 -0.4461 2.7343 5.0000 1.6569 0.0104 
39.3796 4.0000 3519.6160 0.2324 0.0992 -0.4459 2.7366 5.0000 1.6515 0.0104 
39.3966 4.0000 3531.9218 0.2317 0.0981 -0.4458 2.7366 5.0000 1.6244 0.0097 
39.4243 4.0000 3530.1923 0.2293 0.0976 -0.4382 2.7374 5.0000 1.6844 0.0093 
39.3890 4.0000 3525.1690 0.2314 0.0965 -0.4384 2.7336 5.0000 1.6698 0.0093 
39.4401 4.0000 3529.1564 0.2294 0.0963 -0.4446 2.7299 5.0000 1.5645 0.0105 
39.3890 4.0000 3528.0334 0.2323 0.0980 -0.4455 2.7355 5.0000 1.6076 0.0092 
39.3934 4.0000 3525.7289 0.2301 0.0977 -0.4389 2.7344 5.0000 1.5951 0.0092 
39.4439 4.0000 3543.5530 0.2317 0.0997 -0.4409 2.7362 5.0000 1.5806 0.0113 
39.3770 4.0000 3511.8600 0.2291 0.0991 -0.4381 2.7371 5.0000 1.6287 0.0103 
39.3607 4.0000 3510.1608 0.2292 0.0965 -0.4448 2.7353 5.0000 1.6427 0.0103 
39.4016 4.0000 3531.1690 0.2300 0.0977 -0.4438 2.7365 5.0000 1.7237 0.0106 
39.3506 4.0000 3499.5971 0.2280 0.0959 -0.4403 2.7345 5.0000 1.7728 0.0101 
39.3884 4.0000 3523.5643 0.2271 0.0985 -0.4365 2.7369 5.0000 1.7555 0.0101 
39.4073 4.0000 3529.2478 0.2303 0.0985 -0.4385 2.7398 5.0000 1.5610 0.0102 
39.4224 4.0000 3537.6400 0.2313 0.0987 -0.4405 2.7328 5.0000 1.5978 0.0111 
39.4023 4.0000 3523.1835 0.2296 0.0969 -0.4432 2.7360 5.0000 1.5969 0.0111 
39.3689 4.0000 3521.7837 0.2298 0.0977 -0.4401 2.7353 5.0000 1.5811 0.0112 
39.4168 4.0000 3533.0807 0.2314 0.0991 -0.4443 2.7380 5.0000 1.6270 0.0113 
39.3651 4.0000 3515.7623 0.2266 0.0953 -0.4397 2.7349 5.0000 1.6353 0.0113 
39.3625 4.0000 3506.7736 0.2288 0.0973 -0.4397 2.7356 5.0000 1.6983 0.0098 
39.3670 4.0000 3510.6179 0.2297 0.0976 -0.4423 2.7367 5.0000 1.6705 0.0111 
39.4212 4.0000 3529.4142 0.2288 0.0985 -0.4372 2.7368 5.0000 1.6851 0.0111 
39.3701 4.0000 3512.1110 0.2295 0.0991 -0.4425 2.7393 5.0000 1.5823 0.0102 
39.4262 4.0000 3541.2774 0.2302 0.0980 -0.4399 2.7348 5.0000 1.5930 0.0118 
39.4048 4.0000 3526.5340 0.2336 0.0987 -0.4452 2.7353 5.0000 1.5850 0.0118 
39.3405 4.0000 3503.7308 0.2294 0.0987 -0.4405 2.7387 5.0000 1.5803 0.0112 
39.3928 4.0000 3524.1759 0.2277 0.0979 -0.4351 2.7383 5.0000 1.6437 0.0100 
39.3663 4.0000 3515.4193 0.2324 0.0993 -0.4429 2.7401 5.0000 1.6604 0.0100 
39.4136 4.0000 3532.8777 0.2297 0.1000 -0.4337 2.7370 5.0000 1.6963 0.0099 
39.3241 4.0000 3494.4571 0.2310 0.0987 -0.4463 2.7394 5.0000 1.7816 0.0105 
39.4142 4.0000 3524.3462 0.2263 0.0973 -0.4355 2.7367 5.0000 1.7514 0.0105 
39.3941 4.0000 3524.2055 0.2288 0.0976 -0.4376 2.7361 5.0000 1.6556 0.0109 
39.3789 4.0000 3518.8934 0.2289 0.0988 -0.4356 2.7367 5.0000 1.5926 0.0108 
39.3770 4.0000 3523.4994 0.2308 0.0988 -0.4404 2.7392 5.0000 1.5988 0.0108 
39.3815 4.0000 3515.1721 0.2320 0.0978 -0.4457 2.7397 5.0000 1.5634 0.0103 
39.3947 4.0000 3523.1734 0.2287 0.0970 -0.4419 2.7322 5.0000 1.5880 0.0093 
39.4004 4.0000 3526.2295 0.2302 0.0973 -0.4451 2.7371 5.0000 1.6158 0.0093 
39.4407 4.0000 3539.4010 0.2313 0.0967 -0.4472 2.7353 5.0000 1.6209 0.0106 
39.4641 4.0000 3549.6835 0.2304 0.0976 -0.4419 2.7364 5.0000 1.8157 0.0105 
39.3890 4.0000 3523.8172 0.2236 0.0968 -0.4319 2.7332 5.0000 1.7711 0.0105 
39.3941 4.0000 3513.3178 0.2295 0.0975 -0.4419 2.7371 5.0000 1.7870 0.0107 
39.3884 4.0000 3527.1261 0.2317 0.0999 -0.4371 2.7427 5.0000 1.6014 0.0093 
39.3859 4.0000 3516.0113 0.2313 0.0984 -0.4387 2.7384 5.0000 1.5846 0.0093 
39.4395 4.0000 3540.8827 0.2316 0.0984 -0.4396 2.7348 5.0000 1.5366 0.0093 
