39.6965 4.0000 3649.1057 0.2383 0.0681 -0.4951 3.0307 6.0000 24.5160 0.0023 
39.7137 4.0000 3655.3272 0.2390 0.0676 -0.4962 3.0309 6.0000 24.4771 0.0023 
39.7150 4.0000 3656.4847 0.2393 0.0687 -0.4959 3.0283 6.0000 24.3614 0.0023 
39.7091 4.0000 3652.0166 0.2418 0.0692 -0.4979 3.0305 6.0000 23.4850 0.0027 
39.7066 4.0000 3653.2034 0.2411 0.0694 -0.4975 3.0332 6.0000 23.4441 0.0027 
39.6984 4.0000 3649.0931 0.2436 0.0692 -0.5022 3.0333 6.0000 23.6458 0.0027 
39.6875 4.0000 3645.6984 0.2388 0.0680 -0.4957 3.0297 6.0000 24.0329 0.0024 
39.7194 4.0000 3657.4304 0.2413 0.0684 -0.4997 3.0302 6.0000 23.7505 0.0024 
39.7123 4.0000 3655.2325 0.2438 0.0689 -0.5014 3.0314 6.0000 23.7909 0.0024 
39.7154 4.0000 3657.5691 0.2407 0.0679 -0.4990 3.0337 6.0000 23.3702 0.0026 
39.7177 4.0000 3656.8373 0.2413 0.0690 -0.4971 3.0299 6.0000 24.2674 0.0018 
39.7013 4.0000 3651.0841 0.2426 0.0694 -0.5010 3.0331 6.0000 24.2852 0.0018 
39.7341 4.0000 3664.0782 0.2405 0.0683 -0.5010 3.0322 6.0000 23.4867 0.0020 
39.7222 4.0000 3658.6904 0.2397 0.0679 -0.4957 3.0324 6.0000 23.9973 0.0027 
39.7245 4.0000 3658.6730 0.2401 0.0684 -0.4966 3.0299 6.0000 23.9589 0.0027 
39.6990 4.0000 3650.0843 0.2409 0.0689 -0.4966 3.0312 6.0000 23.7518 0.0027 
39.7274 4.0000 3661.8640 0.2399 0.0678 -0.4959 3.0298 6.0000 23.8961 0.0018 
39.6997 4.0000 3649.1183 0.2424 0.0690 -0.5004 3.0294 6.0000 24.0267 0.0018 
39.7327 4.0000 3661.7020 0.2402 0.0677 -0.4962 3.0265 6.0000 23.6420 0.0024 
39.7074 4.0000 3654.2497 0.2391 0.0678 -0.4964 3.0325 6.0000 23.9495 0.0022 
39.7089 4.0000 3652.1892 0.2396 0.0687 -0.4970 3.0326 6.0000 23.9507 0.0022 
39.7165 4.0000 3656.1868 0.2430 0.0683 -0.5006 3.0306 6.0000 23.6396 0.0021 
39.7142 4.0000 3655.1847 0.2401 0.0679 -0.4975 3.0291 6.0000 24.3609 0.0022 
39.7207 4.0000 3656.9052 0.2416 0.0690 -0.4994 3.0316 6.0000 24.1334 0.0022 
39.7182 4.0000 3656.6824 0.2388 0.0682 -0.4962 3.0299 6.0000 23.7274 0.0018 
39.7007 4.0000 3651.6538 0.2413 0.0693 -0.4986 3.0325 6.0000 24.4221 0.0023 
39.7356 4.0000 3663.3539 0.2406 0.0676 -0.4977 3.0276 6.0000 24.2196 0.0023 
39.7146 4.0000 3654.2047 0.2400 0.0676 -0.4959 3.0273 6.0000 24.0598 0.0025 
39.7297 4.0000 3662.2663 0.2405 0.0684 -0.4955 3.0302 5.0000 24.2083 0.0023 
39.7064 4.0000 3651.6675 0.2400 0.0685 -0.4966 3.0304 6.0000 24.1733 0.0023 
39.7163 4.0000 3656.5391 0.2403 0.0680 -0.4981 3.0286 6.0000 23.9019 0.0024 
39.7163 4.0000 3658.1066 0.2416 0.0683 -0.4968 3.0326 6.0000 24.2671 0.0022 
39.7087 4.0000 3654.7074 0.2425 0.0684 -0.4988 3.0286 6.0000 24.3399 0.0022 
39.7169 4.0000 3657.7371 0.2413 0.0686 -0.4992 3.0300 6.0000 23.6971 0.0022 
39.7158 4.0000 3656.3005 0.2400 0.0677 -0.4968 3.0285 6.0000 23.9974 0.0026 
39.7177 4.0000 3656.9233 0.2408 0.0684 -0.4982 3.0286 6.0000 24.1016 0.0026 
39.7011 4.0000 3651.3123 0.2406 0.0688 -0.4948 3.0288 6.0000 24.1163 0.0022 
39.7093 4.0000 3652.7253 0.2404 0.0684 -0.4990 3.0300 6.0000 23.9504 0.0027 
39.7169 4.0000 3656.5038 0.2395 0.0675 -0.4975 3.0282 6.0000 23.8165 0.0027 
39.7003 4.0000 3649.5567 0.2402 0.0679 -0.4984 3.0293 6.0000 23.8693 0.0022 
39.7098 4.0000 3654.1181 0.2402 0.0679 -0.4974 3.0283 6.0000 24.2110 0.0020 
39.7190 4.0000 3657.4136 0.2393 0.0688 -0.4973 3.0319 6.0000 24.0118 0.0020 
39.7278 4.0000 3660.6810 0.2385 0.0682 -0.4955 3.0329 6.0000 23.8525 0.0028 
39.7194 4.0000 3658.0565 0.2410 0.0687 -0.4981 3.0300 6.0000 24.0646 0.0022 
39.6957 4.0000 3649.1421 0.2399 0.0681 -0.4971 3.0311 6.0000 24.3918 0.0021 
39.7167 4.0000 3655.8531 0.2374 0.0675 -0.4947 3.0270 6.0000 23.8795 0.0025 
39.7240 4.0000 3659.7499 0.2418 0.0678 -0.4987 3.0268 6.0000 24.0759 0.0019 
39.7064 4.0000 3653.6383 0.2389 0.0688 -0.4984 3.0309 6.0000 24.1978 0.0026 
39.7297 4.0000 3660.2539 0.2418 0.0686 -0.5024 3.0314 6.0000 23.7850 0.0025 
39.7034 4.0000 3651.0137 0.2399 0.0682 -0.4964 3.0278 6.0000 23.9526 0.0020 
39.7070 4.0000 3652.1381 0.2415 0.0686 -0.5003 3.0313 6.0000 23.9649 0.0024 
39.7272 4.0000 3660.4147 0.2420 0.0678 -0.4983 3.0306 6.0000 24.1941 0.0025 
39.7104 4.0000 3654.5212 0.2399 0.0695 -0.4972 3.0314 6.0000 24.0444 0.0024 
39.7047 4.0000 3652.5593 0.2402 0.0680 -0.4981 3.0267 6.0000 24.0925 0.0030 
39.7095 4.0000 3654.0029 0.2397 0.0688 -0.4967 3.0326 6.0000 23.9223 0.0022 
39.6881 4.0000 3645.9182 0.2405 0.0680 -0.4988 3.0302 6.0000 23.8177 0.0022 
39.7190 4.0000 3656.9407 0.2386 0.0681 -0.4934 3.0301 6.0000 23.9520 0.0022 
39.7175 4.0000 3656.6606 0.2415 0.0680 -0.5019 3.0288 6.0000 24.2569 0.0023 
39.7194 4.0000 3656.5973 0.2399 0.0680 -0.4987 3.0295 6.0000 23.7499 0.0023 
39.7129 4.0000 3654.3794 0.2395 0.0674 -0.4961 3.0281 6.0000 24.1131 0.0023 
39.7144 4.0000 3655.2835 0.2388 0.0682 -0.4956 3.0307 6.0000 24.1970 0.0020 
39.7137 4.0000 3655.4334 0.2395 0.0675 -0.4973 3.0287 6.0000 24.0472 0.0020 
39.7245 4.0000 3659.0618 0.2397 0.0686 -0.4961 3.0287 6.0000 24.1119 0.0024 
39.7251 4.0000 3659.4481 0.2404 0.0686 -0.4971 3.0327 6.0000 24.0986 0.0021 
39.7116 4.0000 3655.1637 0.2386 0.0683 -0.4948 3.0289 6.0000 24.1004 0.0029 
39.7236 4.0000 3660.0040 0.2393 0.0682 -0.4971 3.0291 6.0000 24.3995 0.0022 
39.6908 4.0000 3647.2480 0.2399 0.0688 -0.4984 3.0290 6.0000 23.9527 0.0022 
39.7190 4.0000 3657.9712 0.2391 0.0677 -0.4961 3.0299 6.0000 24.2163 0.0026 
39.7203 4.0000 3657.8882 0.2411 0.0680 -0.4987 3.0283 6.0000 24.3300 0.0016 
39.7037 4.0000 3651.7713 0.2401 0.0684 -0.4965 3.0298 6.0000 23.8985 0.0021 
39.7411 4.0000 3665.8894 0.2431 0.0680 -0.4998 3.0270 6.0000 24.5173 0.0023 
39.7238 4.0000 3659.2745 0.2416 0.0684 -0.4989 3.0297 6.0000 24.4662 0.0025 
39.7133 4.0000 3654.4926 0.2377 0.0675 -0.4937 3.0288 6.0000 23.9906 0.0023 
39.7070 4.0000 3652.3462 0.2376 0.0675 -0.4945 3.0342 6.0000 24.3324 0.0025 
39.7131 4.0000 3655.3911 0.2415 0.0680 -0.4974 3.0300 6.0000 24.8079 0.0023 
39.7066 4.0000 3652.8512 0.2400 0.0676 -0.4982 3.0275 6.0000 24.0719 0.0021 
39.7137 4.0000 3655.7688 0.2393 0.0680 -0.4971 3.0319 6.0000 24.3658 0.0027 
39.7211 4.0000 3657.5427 0.2386 0.0675 -0.4960 3.0298 6.0000 24.8571 0.0024 
39.7001 4.0000 3651.1580 0.2392 0.0683 -0.4962 3.0292 6.0000 23.9770 0.0022 
39.7112 4.0000 3655.6814 0.2420 0.0689 -0.4969 3.0306 6.0000 23.9528 0.0022 
39.7184 4.0000 3656.6566 0.2383 0.0682 -0.4940 3.0312 6.0000 24.2686 0.0023 
39.7186 4.0000 3657.5883 0.2414 0.0683 -0.5008 3.0323 6.0000 23.9794 0.0027 
39.7150 4.0000 3655.2539 0.2405 0.0685 -0.4967 3.0290 6.0000 23.5498 0.0022 
39.7001 4.0000 3650.0944 0.2414 0.0684 -0.4984 3.0306 6.0000 24.2684 0.0028 
39.7171 4.0000 3657.3604 0.2396 0.0686 -0.4974 3.0328 6.0000 23.9091 0.0029 
39.6961 4.0000 3648.6702 0.2413 0.0671 -0.5026 3.0277 6.0000 23.6226 0.0028 
39.6910 4.0000 3646.2032 0.2413 0.0686 -0.4991 3.0304 6.0000 23.9952 0.0022 
39.6963 4.0000 3649.3411 0.2392 0.0681 -0.4978 3.0298 6.0000 23.7421 0.0018 
39.7167 4.0000 3656.2024 0.2407 0.0679 -0.4969 3.0298 6.0000 23.7461 0.0026 
39.7335 4.0000 3662.9155 0.2401 0.0686 -0.4964 3.0291 6.0000 24.1063 0.0023 
39.7039 4.0000 3652.0834 0.2394 0.0671 -0.4955 3.0259 6.0000 23.7833 0.0017 
39.7158 4.0000 3655.4470 0.2424 0.0689 -0.4989 3.0306 5.0000 23.9890 0.0031 
39.7381 4.0000 3664.5448 0.2402 0.0684 -0.4946 3.0297 6.0000 24.1523 0.0019 
39.6824 4.0000 3644.2213 0.2400 0.0682 -0.4974 3.0317 6.0000 23.6122 0.0023 
39.7285 4.0000 3660.4958 0.2383 0.0685 -0.4929 3.0336 6.0000 24.1626 0.0023 
39.7156 4.0000 3656.8462 0.2402 0.0679 -0.4979 3.0309 6.0000 24.1122 0.0024 
39.7148 4.0000 3656.0794 0.2388 0.0675 -0.4963 3.0296 6.0000 23.8897 0.0021 
39.7095 4.0000 3655.0834 0.2411 0.0685 -0.4974 3.0290 6.0000 23.7204 0.0024 
39.7222 4.0000 3659.1831 0.2388 0.0681 -0.4942 3.0318 6.0000 23.1690 0.0024 
39.7095 4.0000 3653.4384 0.2398 0.0679 -0.4968 3.0284 6.0000 17.9679 0.0024 
