39.5367 16.5000 3600.5862 0.4592 0.1741 -0.6339 3.0042 5.0000 5.6882 0.0103 
39.4841 16.5000 3587.3345 0.4648 0.1738 -0.6393 2.9920 5.0000 5.5699 0.0081 
39.4448 16.5000 3563.1439 0.4543 0.1733 -0.6349 3.0008 5.0000 5.5934 0.0081 
39.4005 16.5000 3547.3565 0.4600 0.1748 -0.6383 2.9906 5.0000 5.5290 0.0071 
39.4714 16.5000 3572.5862 0.4647 0.1754 -0.6398 2.9992 5.0000 5.4239 0.0075 
39.5093 16.5000 3586.5858 0.4608 0.1730 -0.6410 2.9945 5.0000 5.5517 0.0079 
39.5251 16.5000 3594.2400 0.4574 0.1732 -0.6343 2.9961 5.0000 5.8822 0.0101 
39.4938 16.5000 3577.9150 0.4570 0.1707 -0.6416 2.9908 5.0000 5.8904 0.0076 
39.4084 16.5000 3553.0769 0.4553 0.1726 -0.6352 2.9945 5.0000 5.9060 0.0098 
39.5071 16.5000 3585.9034 0.4608 0.1757 -0.6431 3.0001 5.0000 5.8786 0.0097 
39.4188 16.5000 3554.0040 0.4578 0.1754 -0.6355 2.9915 5.0000 5.8249 0.0097 
39.4235 16.5000 3559.6574 0.4582 0.1723 -0.6394 2.9926 5.0000 6.0507 0.0089 
39.4981 16.5000 3585.7536 0.4592 0.1743 -0.6374 3.0011 5.0000 5.9948 0.0092 
39.4556 16.5000 3567.5644 0.4612 0.1730 -0.6478 2.9939 5.0000 6.0346 0.0092 
39.4426 16.5000 3550.9505 0.4566 0.1748 -0.6414 3.0009 5.0000 5.8880 0.0107 
39.4729 16.5000 3569.5421 0.4642 0.1759 -0.6341 3.0037 5.0000 5.6549 0.0071 
39.3839 16.5000 3530.5833 0.4622 0.1780 -0.6415 3.0130 5.0000 5.7409 0.0088 
39.5255 16.5000 3601.0755 0.4597 0.1730 -0.6356 2.9888 5.0000 5.7196 0.0070 
39.4581 16.5000 3571.3198 0.4613 0.1760 -0.6418 2.9967 5.0000 5.7055 0.0083 
39.5295 16.5000 3596.0850 0.4563 0.1727 -0.6344 2.9967 5.0000 5.8541 0.0086 
39.4797 16.5000 3573.8339 0.4591 0.1718 -0.6464 2.9975 5.0000 5.7718 0.0078 
39.4664 16.5000 3567.2491 0.4587 0.1728 -0.6478 2.9861 5.0000 5.7173 0.0076 
39.4974 16.5000 3585.6152 0.4624 0.1771 -0.6383 3.0003 5.0000 5.8508 0.0073 
39.5057 16.5000 3587.3752 0.4573 0.1741 -0.6361 2.9915 5.0000 5.7767 0.0073 
39.5154 16.5000 3591.0290 0.4565 0.1710 -0.6371 2.9908 5.0000 5.7275 0.0077 
39.4981 16.5000 3586.3495 0.4639 0.1756 -0.6377 2.9958 6.0000 5.8004 0.0097 
39.5035 16.5000 3579.4675 0.4582 0.1746 -0.6366 2.9958 6.0000 5.7868 0.0097 
39.4228 16.5000 3557.9135 0.4554 0.1723 -0.6425 2.9946 5.0000 5.8602 0.0069 
39.5010 16.5000 3587.1072 0.4636 0.1752 -0.6370 2.9979 5.0000 5.9699 0.0084 
39.5334 16.5000 3600.8809 0.4583 0.1721 -0.6391 2.9840 5.0000 5.9161 0.0084 
39.4732 16.5000 3572.3228 0.4596 0.1763 -0.6330 3.0023 5.0000 6.0279 0.0086 
39.5172 16.5000 3597.2070 0.4613 0.1719 -0.6375 2.9952 5.0000 6.1300 0.0082 
39.4675 16.5000 3580.5422 0.4612 0.1754 -0.6360 2.9914 6.0000 6.1085 0.0082 
39.4808 16.5000 3582.7732 0.4620 0.1717 -0.6411 2.9996 5.0000 5.9311 0.0085 
39.5183 16.5000 3592.8766 0.4595 0.1736 -0.6352 3.0033 5.0000 6.1020 0.0094 
39.4696 16.5000 3570.0966 0.4613 0.1766 -0.6427 3.0063 5.0000 6.0099 0.0082 
39.4812 16.5000 3578.6622 0.4592 0.1721 -0.6384 2.9974 5.0000 6.2225 0.0090 
39.4365 16.5000 3563.0135 0.4629 0.1772 -0.6420 2.9990 5.0000 6.3220 0.0092 
39.4498 16.5000 3566.2598 0.4575 0.1734 -0.6366 2.9978 5.0000 6.2998 0.0092 
39.4430 16.5000 3563.5547 0.4586 0.1714 -0.6384 2.9994 5.0000 5.9226 0.0083 
39.4660 16.5000 3567.1173 0.4564 0.1757 -0.6321 3.0058 5.0000 5.7824 0.0070 
39.4779 16.5000 3587.3371 0.4591 0.1747 -0.6360 2.9921 5.0000 5.9559 0.0098 
39.5291 16.5000 3599.7276 0.4587 0.1735 -0.6380 2.9944 6.0000 5.9278 0.0081 
39.4206 16.5000 3548.5970 0.4584 0.1704 -0.6372 3.0046 5.0000 5.7821 0.0080 
39.4841 16.5000 3583.3817 0.4594 0.1715 -0.6404 2.9881 6.0000 5.9070 0.0073 
39.4891 16.5000 3584.0050 0.4597 0.1735 -0.6337 2.9980 6.0000 5.8966 0.0093 
39.5165 16.5000 3590.8002 0.4595 0.1758 -0.6368 2.9959 5.0000 5.8418 0.0080 
39.4408 16.5000 3561.2272 0.4618 0.1757 -0.6398 3.0067 5.0000 5.8740 0.0073 
39.4891 16.5000 3581.1180 0.4631 0.1762 -0.6399 2.9980 5.0000 5.8682 0.0079 
39.5165 16.5000 3586.5322 0.4581 0.1736 -0.6322 3.0008 5.0000 5.7370 0.0088 
39.4934 16.5000 3588.0382 0.4576 0.1711 -0.6413 2.9959 5.0000 5.8917 0.0094 
39.4581 16.5000 3560.6028 0.4564 0.1718 -0.6410 2.9982 5.0000 5.8512 0.0077 
39.4365 16.5000 3555.9867 0.4613 0.1754 -0.6465 3.0043 5.0000 5.8549 0.0096 
39.5010 16.5000 3579.1421 0.4608 0.1736 -0.6428 2.9995 5.0000 5.9225 0.0069 
39.4275 16.5000 3552.8179 0.4616 0.1730 -0.6474 3.0062 5.0000 6.1706 0.0085 
39.5320 16.5000 3597.1281 0.4606 0.1738 -0.6379 2.9977 5.0000 6.0161 0.0081 
39.4700 16.5000 3581.2693 0.4577 0.1722 -0.6397 2.9979 5.0000 6.0764 0.0093 
39.4866 16.5000 3588.3282 0.4624 0.1715 -0.6433 2.9853 5.0000 6.1417 0.0090 
39.4397 16.5000 3549.0805 0.4577 0.1736 -0.6421 2.9982 5.0000 5.8807 0.0090 
39.4505 16.5000 3554.2587 0.4614 0.1735 -0.6479 2.9958 5.0000 6.0105 0.0085 
39.5406 16.5000 3598.4010 0.4613 0.1718 -0.6332 2.9988 5.0000 6.1756 0.0090 
39.4711 16.5000 3574.8262 0.4590 0.1739 -0.6371 3.0011 5.0000 5.9766 0.0090 
39.4520 16.5000 3569.8606 0.4601 0.1744 -0.6381 2.9967 5.0000 6.0441 0.0084 
39.4520 16.5000 3565.6851 0.4615 0.1743 -0.6448 3.0030 6.0000 5.7663 0.0095 
39.4761 16.5000 3571.0589 0.4642 0.1766 -0.6381 2.9992 5.0000 5.7995 0.0079 
39.4304 16.5000 3558.5376 0.4581 0.1767 -0.6343 3.0046 5.0000 5.8094 0.0092 
39.4920 16.5000 3588.7599 0.4602 0.1726 -0.6353 2.9928 5.0000 6.0341 0.0073 
39.4415 16.5000 3563.6721 0.4624 0.1785 -0.6295 2.9999 6.0000 6.0999 0.0078 
39.5154 16.5000 3575.7363 0.4628 0.1772 -0.6435 3.0028 6.0000 6.1115 0.0087 
39.4981 16.5000 3583.1684 0.4609 0.1742 -0.6438 2.9986 5.0000 5.8934 0.0084 
39.4632 16.5000 3568.5246 0.4603 0.1749 -0.6390 2.9939 5.0000 5.9672 0.0080 
39.4758 16.5000 3568.8370 0.4575 0.1735 -0.6399 2.9917 5.0000 6.1810 0.0083 
39.4898 16.5000 3576.4158 0.4620 0.1742 -0.6361 3.0023 5.0000 5.8545 0.0065 
39.4797 16.5000 3575.7525 0.4577 0.1731 -0.6445 3.0017 5.0000 5.8554 0.0081 
39.5489 16.5000 3609.0823 0.4643 0.1736 -0.6388 2.9959 5.0000 6.0037 0.0086 
39.4877 16.5000 3583.7990 0.4638 0.1765 -0.6385 3.0023 5.0000 5.8567 0.0090 
39.4678 16.5000 3571.9856 0.4607 0.1782 -0.6370 2.9975 5.0000 5.8697 0.0081 
39.4516 16.5000 3569.7737 0.4612 0.1716 -0.6425 3.0074 5.0000 5.8324 0.0083 
39.4844 16.5000 3579.9600 0.4601 0.1772 -0.6355 2.9862 5.0000 5.8011 0.0081 
39.4794 16.5000 3578.1917 0.4616 0.1753 -0.6400 2.9968 5.0000 5.7864 0.0105 
39.4859 16.5000 3579.4361 0.4601 0.1736 -0.6405 2.9936 5.0000 5.7376 0.0087 
39.3925 16.5000 3552.5891 0.4617 0.1766 -0.6384 3.0002 6.0000 5.8178 0.0079 
39.4628 16.5000 3572.2508 0.4591 0.1746 -0.6387 2.9933 5.0000 5.8058 0.0078 
39.4938 16.5000 3581.3623 0.4602 0.1739 -0.6384 2.9867 5.0000 6.2190 0.0089 
39.4974 16.5000 3574.8550 0.4606 0.1736 -0.6459 3.0031 5.0000 5.7750 0.0064 
39.4560 16.5000 3564.5862 0.4601 0.1741 -0.6412 3.0041 5.0000 5.8132 0.0088 
39.5540 16.5000 3604.4641 0.4614 0.1746 -0.6430 2.9931 5.0000 5.8471 0.0088 
39.4603 16.5000 3566.9836 0.4637 0.1738 -0.6420 2.9943 5.0000 5.7618 0.0083 
39.4574 16.5000 3563.3583 0.4602 0.1770 -0.6364 2.9935 5.0000 5.8415 0.0088 
39.4797 16.5000 3581.8519 0.4557 0.1746 -0.6296 2.9928 5.0000 5.8027 0.0081 
39.4567 16.5000 3558.0731 0.4590 0.1724 -0.6413 2.9914 5.0000 5.9449 0.0076 
39.4841 16.5000 3587.2509 0.4616 0.1742 -0.6394 2.9936 5.0000 5.9556 0.0069 
39.5053 16.5000 3589.3929 0.4598 0.1741 -0.6395 3.0022 6.0000 6.0362 0.0087 
39.5313 16.5000 3587.5658 0.4595 0.1756 -0.6442 2.9997 5.0000 5.7653 0.0097 
39.4628 16.5000 3566.9018 0.4627 0.1749 -0.6478 2.9935 5.0000 5.8756 0.0074 
39.4253 16.5000 3555.1223 0.4611 0.1789 -0.6360 3.0082 6.0000 5.8025 0.0083 
39.5125 16.5000 3588.9678 0.4581 0.1728 -0.6368 2.9838 5.0000 5.7654 0.0076 
39.4769 16.5000 3577.9557 0.4586 0.1737 -0.6382 3.0014 5.0000 5.8794 0.0069 
39.5064 16.5000 3585.7273 0.4585 0.1757 -0.6337 2.9902 5.0000 5.5280 0.0069 
39.5313 16.5000 3598.6103 0.4585 0.1741 -0.6347 2.9997 5.0000 4.9177 0.0069 
