39.0752 16.5000 3425.1156 0.3055 0.1344 -0.5328 2.6870 5.0000 1.0048 0.0187 
39.0013 16.5000 3381.7125 0.3040 0.1369 -0.5303 2.6915 5.0000 0.9944 0.0187 
38.9760 16.5000 3390.3035 0.3031 0.1353 -0.5298 2.6908 5.0000 1.0266 0.0187 
39.0534 16.5000 3397.0071 0.3052 0.1358 -0.5325 2.6946 5.0000 0.8934 0.0230 
39.0391 16.5000 3392.7474 0.3031 0.1334 -0.5331 2.6956 5.0000 0.8768 0.0230 
38.9113 16.5000 3369.3367 0.3059 0.1379 -0.5332 2.6964 5.0000 0.8702 0.0230 
38.9222 16.5000 3353.6940 0.3042 0.1353 -0.5367 2.6961 5.0000 0.8712 0.0212 
39.0164 16.5000 3398.1967 0.3057 0.1345 -0.5331 2.6939 5.0000 0.8854 0.0212 
38.9794 16.5000 3394.1068 0.3050 0.1333 -0.5314 2.6937 5.0000 0.8717 0.0212 
38.9945 16.5000 3392.2741 0.3045 0.1350 -0.5387 2.6884 5.0000 0.8658 0.0181 
39.0273 16.5000 3394.9861 0.3086 0.1363 -0.5373 2.6908 5.0000 0.8761 0.0181 
39.0971 16.5000 3424.3640 0.3071 0.1364 -0.5381 2.6918 5.0000 0.8739 0.0181 
39.0727 16.5000 3411.4283 0.3034 0.1343 -0.5345 2.6875 5.0000 0.8632 0.0225 
38.9920 16.5000 3377.7427 0.3034 0.1341 -0.5316 2.6929 5.0000 0.8725 0.0201 
38.9315 16.5000 3361.3300 0.3094 0.1379 -0.5393 2.6961 5.0000 0.8812 0.0201 
39.0198 16.5000 3394.7381 0.3036 0.1363 -0.5333 2.6939 5.0000 0.8636 0.0199 
39.0879 16.5000 3429.4510 0.3087 0.1377 -0.5357 2.6868 5.0000 0.8708 0.0212 
39.0298 16.5000 3397.8041 0.3048 0.1361 -0.5290 2.6887 5.0000 0.8705 0.0212 
38.9777 16.5000 3383.0248 0.3024 0.1362 -0.5275 2.6947 5.0000 0.8623 0.0215 
39.1568 16.5000 3441.5015 0.3032 0.1350 -0.5264 2.6889 5.0000 0.8682 0.0195 
38.9676 16.5000 3381.4418 0.3069 0.1399 -0.5299 2.6958 5.0000 0.8724 0.0195 
39.0458 16.5000 3405.4300 0.3058 0.1375 -0.5291 2.6879 5.0000 0.8669 0.0226 
38.9887 16.5000 3402.8340 0.3032 0.1357 -0.5261 2.6886 5.0000 0.8679 0.0183 
38.9264 16.5000 3373.8352 0.3053 0.1350 -0.5326 2.6915 5.0000 0.8707 0.0183 
39.0895 16.5000 3417.8310 0.3050 0.1373 -0.5275 2.6878 5.0000 0.8626 0.0192 
39.0425 16.5000 3405.7133 0.3056 0.1339 -0.5329 2.6859 5.0000 0.8707 0.0228 
39.0559 16.5000 3393.8445 0.3042 0.1388 -0.5301 2.6951 5.0000 0.8747 0.0228 
38.9180 16.5000 3367.7285 0.3056 0.1389 -0.5297 2.6967 5.0000 0.8698 0.0215 
38.8903 16.5000 3355.2400 0.2982 0.1328 -0.5251 2.6921 5.0000 0.8672 0.0240 
38.9676 16.5000 3382.3430 0.3033 0.1343 -0.5317 2.6917 5.0000 0.8682 0.0240 
38.8726 16.5000 3364.2749 0.3025 0.1363 -0.5273 2.6966 5.0000 0.8600 0.0194 
39.1139 16.5000 3437.1206 0.3065 0.1356 -0.5276 2.6808 5.0000 0.8685 0.0213 
39.0500 16.5000 3407.8798 0.3037 0.1365 -0.5324 2.6882 5.0000 0.8714 0.0213 
38.9769 16.5000 3379.5107 0.3011 0.1337 -0.5317 2.6884 5.0000 0.8602 0.0208 
38.9155 16.5000 3361.8201 0.3029 0.1384 -0.5259 2.6932 5.0000 0.8605 0.0190 
38.9945 16.5000 3385.4124 0.3042 0.1362 -0.5289 2.6894 5.0000 0.8652 0.0190 
39.0626 16.5000 3416.0807 0.3051 0.1356 -0.5309 2.6904 5.0000 0.8645 0.0208 
39.0029 16.5000 3391.3913 0.3086 0.1379 -0.5383 2.6880 5.0000 0.8626 0.0220 
38.9945 16.5000 3383.8613 0.3021 0.1371 -0.5298 2.6896 5.0000 0.8656 0.0223 
38.9483 16.5000 3377.2905 0.3057 0.1360 -0.5313 2.6909 5.0000 0.8583 0.0197 
38.9382 16.5000 3361.4754 0.3002 0.1365 -0.5298 2.6999 5.0000 0.8607 0.0194 
39.0366 16.5000 3416.3119 0.3038 0.1359 -0.5313 2.6851 5.0000 0.8648 0.0214 
39.0483 16.5000 3403.2568 0.3047 0.1355 -0.5328 2.6925 5.0000 0.8647 0.0204 
38.9727 16.5000 3390.9685 0.3027 0.1351 -0.5285 2.6869 5.0000 0.8612 0.0212 
39.0105 16.5000 3399.3241 0.3029 0.1365 -0.5225 2.6926 5.0000 0.8656 0.0216 
38.9794 16.5000 3379.2047 0.2998 0.1354 -0.5267 2.6896 5.0000 0.8581 0.0171 
38.9660 16.5000 3380.2043 0.3034 0.1344 -0.5356 2.6837 5.0000 0.8663 0.0210 
39.1349 16.5000 3452.6826 0.3088 0.1390 -0.5267 2.6851 5.0000 0.8673 0.0179 
38.9870 16.5000 3388.2488 0.3012 0.1350 -0.5284 2.6847 5.0000 0.8618 0.0180 
39.1047 16.5000 3428.5641 0.3044 0.1370 -0.5269 2.6884 5.0000 0.8678 0.0182 
39.1013 16.5000 3415.4704 0.3043 0.1392 -0.5286 2.6940 5.0000 0.8798 0.0191 
39.0946 16.5000 3421.5612 0.3063 0.1329 -0.5400 2.6811 5.0000 0.8680 0.0206 
39.0601 16.5000 3412.5406 0.3039 0.1353 -0.5327 2.6865 5.0000 0.8667 0.0182 
39.0013 16.5000 3396.1908 0.3049 0.1365 -0.5311 2.6872 5.0000 0.8663 0.0200 
39.0929 16.5000 3415.5544 0.3047 0.1337 -0.5315 2.6903 5.0000 0.8609 0.0193 
39.0240 16.5000 3398.9752 0.3036 0.1361 -0.5277 2.6884 5.0000 0.8626 0.0208 
39.0525 16.5000 3403.6318 0.3091 0.1367 -0.5387 2.6825 5.0000 0.8674 0.0208 
38.9954 16.5000 3396.2564 0.3042 0.1337 -0.5358 2.6872 5.0000 0.8572 0.0203 
38.9962 16.5000 3392.5818 0.3013 0.1349 -0.5259 2.6869 5.0000 0.8610 0.0199 
39.0139 16.5000 3388.6507 0.3036 0.1371 -0.5350 2.6906 5.0000 0.8697 0.0188 
39.0298 16.5000 3393.4241 0.3037 0.1346 -0.5336 2.6860 5.0000 0.8664 0.0200 
39.0694 16.5000 3408.7238 0.3035 0.1352 -0.5288 2.6878 5.0000 0.8622 0.0191 
39.0248 16.5000 3398.0286 0.3020 0.1353 -0.5313 2.6918 5.0000 0.8676 0.0188 
39.0601 16.5000 3397.8798 0.3052 0.1363 -0.5342 2.6929 5.0000 0.8677 0.0182 
39.0702 16.5000 3417.7049 0.3055 0.1342 -0.5397 2.6856 5.0000 0.8668 0.0226 
39.0929 16.5000 3421.8193 0.3029 0.1340 -0.5302 2.6890 5.0000 0.8718 0.0225 
38.9256 16.5000 3357.0601 0.3032 0.1339 -0.5295 2.6938 5.0000 0.8625 0.0210 
38.9306 16.5000 3364.3413 0.3043 0.1360 -0.5347 2.6934 5.0000 0.8593 0.0170 
38.9853 16.5000 3410.4136 0.3073 0.1385 -0.5284 2.6859 5.0000 0.8699 0.0199 
39.1400 16.5000 3451.6217 0.3030 0.1335 -0.5301 2.6816 5.0000 0.8621 0.0220 
39.0273 16.5000 3411.0836 0.3047 0.1375 -0.5264 2.6956 5.0000 0.8641 0.0213 
38.9483 16.5000 3366.6658 0.3030 0.1362 -0.5332 2.6924 5.0000 0.8662 0.0217 
38.9752 16.5000 3392.2379 0.3062 0.1367 -0.5328 2.6871 5.0000 0.8642 0.0199 
38.9601 16.5000 3380.3287 0.3054 0.1365 -0.5376 2.6898 5.0000 0.8669 0.0223 
39.0298 16.5000 3398.4346 0.3053 0.1357 -0.5320 2.6846 5.0000 0.8701 0.0185 
38.9357 16.5000 3374.1513 0.3046 0.1365 -0.5348 2.6905 5.0000 0.8711 0.0188 
39.0811 16.5000 3420.9962 0.2983 0.1334 -0.5236 2.6901 5.0000 0.8757 0.0193 
39.0702 16.5000 3411.4636 0.3035 0.1366 -0.5280 2.6919 5.0000 0.8853 0.0196 
39.0534 16.5000 3399.3602 0.3023 0.1362 -0.5269 2.6883 5.0000 0.8743 0.0203 
39.0391 16.5000 3400.9996 0.3073 0.1385 -0.5346 2.6898 5.0000 0.8660 0.0202 
39.0130 16.5000 3395.6570 0.3036 0.1385 -0.5199 2.6912 5.0000 0.8644 0.0236 
39.0181 16.5000 3402.0656 0.3040 0.1381 -0.5325 2.6942 5.0000 0.8753 0.0175 
38.8878 16.5000 3357.9033 0.3032 0.1354 -0.5329 2.6924 5.0000 0.8677 0.0188 
39.1215 16.5000 3426.9786 0.3036 0.1403 -0.5151 2.6823 5.0000 0.8746 0.0174 
39.0702 16.5000 3407.9185 0.3049 0.1364 -0.5319 2.6924 5.0000 0.8691 0.0181 
39.1265 16.5000 3451.7108 0.3069 0.1379 -0.5286 2.6828 5.0000 0.8678 0.0214 
39.0971 16.5000 3426.3783 0.3060 0.1380 -0.5278 2.6876 5.0000 0.8631 0.0208 
38.9727 16.5000 3386.4767 0.3055 0.1350 -0.5403 2.6892 5.0000 0.8652 0.0197 
38.9929 16.5000 3390.6776 0.3004 0.1349 -0.5239 2.6894 5.0000 0.8675 0.0227 
39.0374 16.5000 3405.4031 0.3035 0.1349 -0.5276 2.6905 5.0000 0.8646 0.0216 
38.9222 16.5000 3357.3939 0.3054 0.1356 -0.5322 2.6859 5.0000 0.8732 0.0199 
38.9643 16.5000 3368.5473 0.3060 0.1374 -0.5292 2.6910 5.0000 0.8650 0.0189 
39.0273 16.5000 3387.4821 0.3033 0.1374 -0.5228 2.6905 5.0000 0.8636 0.0192 
39.0668 16.5000 3410.2589 0.3052 0.1338 -0.5364 2.6886 5.0000 0.8718 0.0196 
39.0576 16.5000 3428.3640 0.3016 0.1362 -0.5239 2.6825 5.0000 0.8737 0.0206 
39.0425 16.5000 3405.3115 0.3036 0.1372 -0.5272 2.6898 5.0000 0.8628 0.0205 
39.0021 16.5000 3383.7612 0.3028 0.1366 -0.5301 2.6922 5.0000 0.8642 0.0214 
39.0046 16.5000 3384.5187 0.3054 0.1354 -0.5324 2.6878 5.0000 0.8635 0.0142 
38.9710 16.5000 3379.1341 0.3063 0.1361 -0.5389 2.6902 5.0000 0.8705 0.0142 
39.2493 16.5000 3491.8100 0.3083 0.1398 -0.5199 2.6823 5.0000 0.8600 0.0142 
