38.5006 4.0000 3266.7806 0.5272 0.2650 -0.6298 2.6683 5.0000 0.4156 0.0384 
38.4073 4.0000 3239.1715 0.5248 0.2690 -0.6409 2.6623 5.0000 0.4108 0.0384 
38.3354 4.0000 3211.8462 0.5162 0.2665 -0.6198 2.6712 5.0000 0.4121 0.0384 
38.7011 4.0000 3369.9168 0.5164 0.2614 -0.6130 2.6393 5.0000 0.4243 0.0389 
38.4023 4.0000 3216.8966 0.5195 0.2659 -0.6372 2.6672 5.0000 0.3895 0.0365 
38.4035 4.0000 3228.8802 0.5273 0.2711 -0.6423 2.6792 5.0000 0.4000 0.0395 
38.2938 4.0000 3186.7037 0.5301 0.2723 -0.6451 2.6742 5.0000 0.4383 0.0321 
38.3140 4.0000 3163.9710 0.5241 0.2750 -0.6303 2.6940 5.0000 0.4316 0.0321 
38.5662 4.0000 3264.7503 0.5207 0.2637 -0.6442 2.6537 5.0000 0.4521 0.0317 
38.6608 4.0000 3331.2963 0.5250 0.2627 -0.6324 2.6436 5.0000 0.3798 0.0287 
38.5813 4.0000 3311.0366 0.5181 0.2624 -0.6324 2.6567 5.0000 0.3760 0.0287 
38.6948 4.0000 3354.0025 0.5253 0.2628 -0.6317 2.6405 5.0000 0.3783 0.0343 
38.2219 4.0000 3155.8184 0.5050 0.2685 -0.6063 2.6674 5.0000 0.3754 0.0356 
38.4842 4.0000 3256.3455 0.5226 0.2656 -0.6325 2.6579 5.0000 0.3781 0.0356 
38.4376 4.0000 3236.7604 0.5179 0.2642 -0.6161 2.6567 5.0000 0.3820 0.0305 
38.5902 4.0000 3299.0252 0.5235 0.2636 -0.6240 2.6495 5.0000 0.3751 0.0301 
38.6267 4.0000 3358.2598 0.5169 0.2608 -0.6218 2.6268 5.0000 0.3831 0.0271 
38.6444 4.0000 3342.3909 0.5139 0.2589 -0.6148 2.6504 5.0000 0.3844 0.0315 
38.7541 4.0000 3378.3153 0.5221 0.2623 -0.6209 2.6366 5.0000 0.3729 0.0323 
38.5902 4.0000 3313.6028 0.5245 0.2628 -0.6357 2.6308 5.0000 0.3718 0.0321 
38.5586 4.0000 3313.6406 0.5218 0.2621 -0.6340 2.6555 5.0000 0.3768 0.0288 
38.5687 4.0000 3293.5763 0.5234 0.2664 -0.6260 2.6412 5.0000 0.3700 0.0282 
38.6910 4.0000 3338.7251 0.5228 0.2638 -0.6196 2.6426 5.0000 0.3763 0.0347 
38.7137 4.0000 3387.8953 0.5350 0.2641 -0.6241 2.6300 5.0000 0.3736 0.0315 
38.4704 4.0000 3251.9660 0.5216 0.2602 -0.6332 2.6408 5.0000 0.3713 0.0393 
38.5889 4.0000 3251.0189 0.5294 0.2726 -0.6334 2.6780 5.0000 0.3775 0.0383 
38.3001 4.0000 3190.5851 0.5158 0.2651 -0.6303 2.6701 5.0000 0.3763 0.0242 
38.3367 4.0000 3237.1551 0.5202 0.2673 -0.6245 2.6580 5.0000 0.3861 0.0327 
38.8651 4.0000 3421.2736 0.5323 0.2658 -0.6313 2.6298 5.0000 0.3777 0.0305 
38.5435 4.0000 3269.8335 0.5227 0.2666 -0.6368 2.6625 5.0000 0.3738 0.0311 
38.6280 4.0000 3374.1879 0.5304 0.2615 -0.6304 2.6261 5.0000 0.3771 0.0377 
38.6066 4.0000 3332.2509 0.5145 0.2653 -0.5898 2.6558 5.0000 0.3763 0.0334 
38.3607 4.0000 3202.1702 0.5220 0.2706 -0.6222 2.6431 5.0000 0.3712 0.0326 
38.5195 4.0000 3264.5498 0.5141 0.2664 -0.6181 2.6563 5.0000 0.3715 0.0374 
38.5473 4.0000 3326.9420 0.5248 0.2624 -0.6176 2.6550 5.0000 0.3740 0.0343 
38.3707 4.0000 3243.0240 0.5175 0.2631 -0.6240 2.6583 5.0000 0.3724 0.0301 
38.4842 4.0000 3253.3871 0.5359 0.2689 -0.6561 2.6612 5.0000 0.3753 0.0343 
38.6431 4.0000 3321.6456 0.5117 0.2637 -0.6098 2.6482 5.0000 0.3871 0.0363 
38.4868 4.0000 3266.3745 0.5248 0.2698 -0.6329 2.6590 5.0000 0.3719 0.0304 
38.4098 4.0000 3233.5410 0.5192 0.2661 -0.6279 2.6483 5.0000 0.3730 0.0305 
38.6305 4.0000 3322.9218 0.5212 0.2660 -0.6251 2.6501 5.0000 0.3724 0.0371 
38.6280 4.0000 3299.3518 0.5298 0.2650 -0.6375 2.6497 5.0000 0.3725 0.0281 
38.3821 4.0000 3233.7995 0.5199 0.2676 -0.6110 2.6618 5.0000 0.3905 0.0379 
38.7188 4.0000 3364.8663 0.5124 0.2537 -0.6191 2.6270 5.0000 0.3710 0.0379 
38.3518 4.0000 3264.7175 0.5227 0.2595 -0.6391 2.6458 5.0000 0.3720 0.0283 
38.8146 4.0000 3402.1854 0.5257 0.2578 -0.6419 2.6311 5.0000 0.3792 0.0317 
38.7100 4.0000 3385.4741 0.5241 0.2613 -0.6199 2.6288 5.0000 0.3716 0.0317 
38.5813 4.0000 3324.6166 0.5202 0.2583 -0.6388 2.6334 5.0000 0.3725 0.0316 
38.5284 4.0000 3274.1564 0.5153 0.2628 -0.6307 2.6449 5.0000 0.3741 0.0298 
38.5864 4.0000 3301.6822 0.5208 0.2679 -0.6212 2.6607 5.0000 0.3753 0.0298 
38.6532 4.0000 3289.1879 0.5202 0.2676 -0.6325 2.6570 5.0000 0.3719 0.0301 
38.5158 4.0000 3282.1740 0.5315 0.2670 -0.6501 2.6586 5.0000 0.3903 0.0318 
38.6431 4.0000 3345.6545 0.5189 0.2583 -0.6117 2.6352 5.0000 0.3797 0.0318 
38.5801 4.0000 3363.6860 0.5285 0.2585 -0.6280 2.6241 5.0000 0.3737 0.0362 
38.4161 4.0000 3254.2699 0.5053 0.2569 -0.6050 2.6527 5.0000 0.3756 0.0321 
38.3758 4.0000 3221.3001 0.5325 0.2680 -0.6544 2.6682 5.0000 0.3776 0.0321 
38.5662 4.0000 3341.6898 0.5217 0.2576 -0.6223 2.6371 5.0000 0.3733 0.0321 
38.7364 4.0000 3355.1702 0.5184 0.2648 -0.6114 2.6450 5.0000 0.3776 0.0305 
38.2522 4.0000 3169.7793 0.5200 0.2697 -0.6293 2.6589 5.0000 0.3788 0.0305 
38.6293 4.0000 3318.2863 0.5264 0.2624 -0.6337 2.6282 5.0000 0.3732 0.0305 
38.5485 4.0000 3281.6053 0.5148 0.2632 -0.6189 2.6480 5.0000 0.3731 0.0388 
38.5208 4.0000 3294.9937 0.5266 0.2643 -0.6213 2.6392 5.0000 0.3778 0.0439 
38.3178 4.0000 3190.0580 0.5074 0.2628 -0.6216 2.6723 5.0000 0.3794 0.0439 
38.1324 4.0000 3164.8096 0.5081 0.2643 -0.6077 2.6708 5.0000 0.3694 0.0325 
38.4073 4.0000 3242.8512 0.5193 0.2636 -0.6386 2.6472 5.0000 0.3720 0.0310 
38.5536 4.0000 3272.0593 0.5258 0.2684 -0.6355 2.6637 5.0000 0.3847 0.0280 
38.6091 4.0000 3310.2131 0.5215 0.2621 -0.6310 2.6345 5.0000 0.3719 0.0352 
38.7226 4.0000 3379.6822 0.5164 0.2551 -0.6284 2.6216 5.0000 0.3690 0.0335 
38.4515 4.0000 3249.6608 0.5233 0.2618 -0.6442 2.6406 5.0000 0.3703 0.0351 
38.5158 4.0000 3292.4805 0.5198 0.2645 -0.6190 2.6414 5.0000 0.3762 0.0376 
38.4578 4.0000 3238.7503 0.5021 0.2640 -0.6074 2.6657 5.0000 0.3733 0.0376 
38.3644 4.0000 3240.8764 0.5315 0.2686 -0.6373 2.6669 5.0000 0.3784 0.0310 
38.4363 4.0000 3226.6330 0.5275 0.2661 -0.6406 2.6675 5.0000 0.3743 0.0318 
38.6103 4.0000 3315.9344 0.5165 0.2656 -0.6097 2.6673 5.0000 0.3751 0.0318 
38.5801 4.0000 3306.5624 0.5210 0.2617 -0.6301 2.6392 5.0000 0.3765 0.0295 
38.7705 4.0000 3335.4502 0.5333 0.2739 -0.6283 2.6470 5.0000 0.3832 0.0308 
38.6633 4.0000 3348.8979 0.5110 0.2567 -0.6225 2.6349 5.0000 0.3797 0.0308 
38.6154 4.0000 3317.3127 0.5229 0.2654 -0.6189 2.6459 5.0000 0.3895 0.0304 
38.7730 4.0000 3365.3190 0.5241 0.2595 -0.6283 2.6554 5.0000 0.3748 0.0308 
38.6330 4.0000 3310.3342 0.5178 0.2630 -0.6206 2.6442 5.0000 0.3722 0.0308 
38.6166 4.0000 3301.9004 0.5217 0.2630 -0.6348 2.6455 5.0000 0.3737 0.0338 
38.6242 4.0000 3312.5826 0.5176 0.2613 -0.6156 2.6452 5.0000 0.3769 0.0394 
38.5057 4.0000 3306.7718 0.5122 0.2564 -0.6142 2.6486 5.0000 0.3719 0.0394 
38.2976 4.0000 3206.5284 0.5103 0.2655 -0.6121 2.6628 5.0000 0.3892 0.0303 
38.4792 4.0000 3283.7276 0.5383 0.2660 -0.6575 2.6441 5.0000 0.3763 0.0333 
38.6356 4.0000 3335.0479 0.5216 0.2596 -0.6332 2.6463 5.0000 0.3750 0.0333 
38.5246 4.0000 3282.0744 0.5214 0.2616 -0.6308 2.6428 5.0000 0.3695 0.0346 
38.6633 4.0000 3357.9243 0.5188 0.2618 -0.6224 2.6383 5.0000 0.3731 0.0343 
38.4741 4.0000 3251.0542 0.5155 0.2661 -0.6216 2.6553 5.0000 0.3746 0.0343 
38.4868 4.0000 3256.1955 0.5230 0.2654 -0.6278 2.6389 5.0000 0.3700 0.0396 
38.4729 4.0000 3281.0378 0.5264 0.2659 -0.6295 2.6621 5.0000 0.3807 0.0434 
38.2900 4.0000 3226.9433 0.5064 0.2633 -0.6027 2.6555 5.0000 0.3757 0.0434 
38.1513 4.0000 3156.6784 0.5076 0.2705 -0.6152 2.6656 5.0000 0.3721 0.0272 
38.5460 4.0000 3266.9231 0.5118 0.2607 -0.6246 2.6351 5.0000 0.3748 0.0296 
38.7528 4.0000 3352.5334 0.5294 0.2648 -0.6432 2.6459 5.0000 0.3833 0.0296 
38.6620 4.0000 3316.4187 0.5200 0.2640 -0.6306 2.6462 5.0000 0.3827 0.0347 
38.4313 4.0000 3259.1412 0.5214 0.2681 -0.6272 2.6461 5.0000 0.3677 0.0379 
38.4691 4.0000 3263.4968 0.5169 0.2606 -0.6330 2.6392 5.0000 0.3699 0.0372 
38.3506 4.0000 3228.8310 0.5197 0.2710 -0.6219 2.6843 5.0000 0.3726 0.0372 
38.3783 4.0000 3210.0593 0.5153 0.2636 -0.6468 2.6650 5.0000 0.3705 0.0372 
