39.5141 4.0000 3590.3573 0.3298 0.1183 -0.5747 2.8919 5.0000 4.2599 0.0074 
39.5212 4.0000 3592.6974 0.3273 0.1171 -0.5728 2.8852 5.0000 4.2548 0.0074 
39.4435 4.0000 3554.9378 0.3298 0.1156 -0.5808 2.8904 5.0000 4.2528 0.0074 
39.4540 4.0000 3555.0454 0.3326 0.1183 -0.5817 2.8869 5.0000 3.8661 0.0072 
39.4288 4.0000 3554.3430 0.3333 0.1194 -0.5801 2.8926 5.0000 3.8902 0.0072 
39.5225 4.0000 3586.9752 0.3295 0.1197 -0.5725 2.8943 5.0000 3.8775 0.0072 
39.4451 4.0000 3561.2367 0.3314 0.1187 -0.5786 2.8973 5.0000 3.9188 0.0098 
39.4258 4.0000 3560.8642 0.3320 0.1183 -0.5800 2.8923 5.0000 3.9773 0.0098 
39.4199 4.0000 3549.5994 0.3311 0.1175 -0.5811 2.8890 5.0000 4.0009 0.0088 
39.4586 4.0000 3555.3119 0.3304 0.1181 -0.5772 2.8963 5.0000 4.1908 0.0084 
39.4330 4.0000 3561.4439 0.3330 0.1197 -0.5798 2.8928 5.0000 4.1911 0.0084 
39.4729 4.0000 3568.2459 0.3264 0.1173 -0.5788 2.8983 5.0000 4.2434 0.0081 
39.4531 4.0000 3560.7902 0.3303 0.1174 -0.5760 2.8853 5.0000 4.0953 0.0089 
39.4876 4.0000 3574.5696 0.3308 0.1189 -0.5783 2.8978 5.0000 4.0969 0.0079 
39.4557 4.0000 3570.1719 0.3295 0.1172 -0.5799 2.8923 5.0000 4.0874 0.0079 
39.4922 4.0000 3577.5065 0.3285 0.1173 -0.5757 2.8888 5.0000 3.9167 0.0097 
39.5128 4.0000 3592.9021 0.3316 0.1162 -0.5782 2.8885 5.0000 4.0318 0.0078 
39.4229 4.0000 3546.9449 0.3298 0.1180 -0.5787 2.8957 5.0000 3.9736 0.0078 
39.4989 4.0000 3578.6343 0.3301 0.1175 -0.5763 2.8993 5.0000 4.0229 0.0083 
39.4309 4.0000 3550.8802 0.3318 0.1201 -0.5782 2.8888 5.0000 4.0730 0.0083 
39.4779 4.0000 3571.5111 0.3270 0.1182 -0.5769 2.8931 5.0000 4.0190 0.0083 
39.4796 4.0000 3584.1114 0.3313 0.1184 -0.5791 2.8875 5.0000 4.1669 0.0083 
39.4540 4.0000 3565.2509 0.3279 0.1166 -0.5755 2.8860 5.0000 4.1899 0.0088 
39.4792 4.0000 3576.8008 0.3287 0.1168 -0.5791 2.8907 5.0000 4.2678 0.0085 
39.4603 4.0000 3573.9105 0.3300 0.1177 -0.5776 2.8934 5.0000 4.1537 0.0080 
39.4708 4.0000 3576.1723 0.3283 0.1153 -0.5797 2.8875 5.0000 4.1325 0.0080 
39.4905 4.0000 3581.6385 0.3304 0.1180 -0.5753 2.8862 5.0000 4.1854 0.0085 
39.4889 4.0000 3573.4451 0.3299 0.1168 -0.5822 2.8885 5.0000 4.1601 0.0080 
39.4699 4.0000 3569.6423 0.3320 0.1193 -0.5808 2.8942 5.0000 4.1699 0.0100 
39.4884 4.0000 3579.3632 0.3281 0.1167 -0.5740 2.8915 5.0000 4.2694 0.0064 
39.4132 4.0000 3540.9500 0.3261 0.1166 -0.5768 2.8944 5.0000 3.9051 0.0077 
39.5511 4.0000 3590.3707 0.3314 0.1186 -0.5761 2.8904 5.0000 3.8628 0.0077 
39.5006 4.0000 3570.1059 0.3286 0.1154 -0.5803 2.8840 5.0000 3.9312 0.0078 
39.5002 4.0000 3577.0240 0.3320 0.1179 -0.5795 2.8876 5.0000 4.2083 0.0090 
39.4964 4.0000 3576.0164 0.3322 0.1202 -0.5757 2.8917 5.0000 4.1709 0.0089 
39.4506 4.0000 3560.5519 0.3332 0.1187 -0.5806 2.8927 5.0000 4.1486 0.0089 
39.4544 4.0000 3564.1383 0.3317 0.1188 -0.5799 2.8911 5.0000 4.1783 0.0083 
39.4561 4.0000 3550.7171 0.3268 0.1169 -0.5769 2.8911 5.0000 4.1838 0.0084 
39.4796 4.0000 3573.9117 0.3315 0.1170 -0.5843 2.8907 5.0000 4.1807 0.0089 
39.4729 4.0000 3575.9702 0.3296 0.1177 -0.5763 2.8948 5.0000 4.1993 0.0086 
39.4536 4.0000 3557.9538 0.3272 0.1150 -0.5806 2.8881 5.0000 4.2000 0.0084 
39.4662 4.0000 3576.3094 0.3311 0.1197 -0.5747 2.8881 5.0000 4.2326 0.0089 
39.4733 4.0000 3572.2619 0.3293 0.1170 -0.5776 2.8897 5.0000 4.0802 0.0085 
39.4565 4.0000 3562.5691 0.3310 0.1177 -0.5792 2.8905 5.0000 4.1119 0.0094 
39.4695 4.0000 3569.4258 0.3315 0.1193 -0.5807 2.8954 5.0000 4.3169 0.0090 
39.4338 4.0000 3546.7041 0.3281 0.1173 -0.5803 2.8905 5.0000 4.0665 0.0094 
39.4515 4.0000 3567.0597 0.3323 0.1202 -0.5730 2.8983 5.0000 3.9949 0.0094 
39.4359 4.0000 3545.0122 0.3264 0.1182 -0.5732 2.8925 5.0000 4.0382 0.0082 
39.4779 4.0000 3570.4094 0.3294 0.1180 -0.5762 2.8986 5.0000 4.2515 0.0091 
39.4809 4.0000 3576.6091 0.3302 0.1189 -0.5755 2.8899 5.0000 4.2151 0.0091 
39.4481 4.0000 3559.6267 0.3308 0.1170 -0.5794 2.8904 5.0000 4.2028 0.0088 
39.5153 4.0000 3588.5998 0.3311 0.1184 -0.5738 2.8898 5.0000 4.1693 0.0082 
39.4599 4.0000 3561.3581 0.3295 0.1172 -0.5846 2.8912 5.0000 4.1837 0.0084 
39.4813 4.0000 3578.9067 0.3315 0.1187 -0.5799 2.8937 5.0000 4.2332 0.0099 
39.4725 4.0000 3573.2808 0.3319 0.1193 -0.5791 2.8940 5.0000 4.2501 0.0098 
39.4170 4.0000 3548.7175 0.3313 0.1185 -0.5816 2.8950 5.0000 4.2155 0.0098 
39.4212 4.0000 3546.6150 0.3301 0.1177 -0.5803 2.8883 5.0000 4.3334 0.0081 
39.4809 4.0000 3566.9420 0.3313 0.1185 -0.5827 2.8939 5.0000 3.9762 0.0091 
39.4851 4.0000 3579.1139 0.3270 0.1170 -0.5750 2.8922 5.0000 3.9668 0.0091 
39.4460 4.0000 3556.6511 0.3311 0.1198 -0.5751 2.8926 5.0000 4.1294 0.0077 
39.4346 4.0000 3557.9643 0.3298 0.1179 -0.5801 2.8897 5.0000 4.0106 0.0093 
39.5036 4.0000 3579.4220 0.3277 0.1159 -0.5750 2.8852 5.0000 3.9528 0.0093 
39.4380 4.0000 3561.3855 0.3300 0.1180 -0.5822 2.8987 5.0000 3.9370 0.0084 
39.4468 4.0000 3563.4111 0.3293 0.1172 -0.5801 2.8896 5.0000 4.1722 0.0075 
39.4746 4.0000 3569.7877 0.3338 0.1189 -0.5772 2.8927 5.0000 4.2115 0.0075 
39.5103 4.0000 3592.7243 0.3315 0.1158 -0.5766 2.8888 5.0000 4.0917 0.0074 
39.4388 4.0000 3557.0425 0.3303 0.1173 -0.5775 2.8949 5.0000 4.0005 0.0077 
39.5124 4.0000 3584.6103 0.3338 0.1182 -0.5825 2.8901 5.0000 4.0885 0.0085 
39.5036 4.0000 3590.4279 0.3309 0.1153 -0.5746 2.8894 5.0000 4.0895 0.0081 
39.4708 4.0000 3567.1917 0.3316 0.1168 -0.5811 2.8895 5.0000 4.0184 0.0084 
39.4847 4.0000 3576.9941 0.3312 0.1179 -0.5785 2.8904 5.0000 4.1577 0.0089 
39.4733 4.0000 3573.1812 0.3291 0.1175 -0.5749 2.8874 5.0000 4.2398 0.0065 
39.4527 4.0000 3570.6309 0.3312 0.1169 -0.5786 2.8891 5.0000 4.0008 0.0085 
39.5477 4.0000 3596.4077 0.3320 0.1183 -0.5783 2.8868 5.0000 3.9259 0.0090 
39.4699 4.0000 3566.8184 0.3318 0.1183 -0.5827 2.8895 5.0000 3.9946 0.0085 
39.4506 4.0000 3563.2261 0.3295 0.1181 -0.5788 2.8966 5.0000 4.0624 0.0082 
39.4699 4.0000 3570.0223 0.3308 0.1184 -0.5786 2.8936 5.0000 3.9763 0.0075 
39.4805 4.0000 3570.9975 0.3342 0.1191 -0.5789 2.8918 5.0000 4.0249 0.0088 
39.5095 4.0000 3591.2707 0.3316 0.1182 -0.5795 2.8934 5.0000 4.1254 0.0081 
39.4594 4.0000 3561.1429 0.3285 0.1182 -0.5751 2.8938 5.0000 4.1621 0.0085 
39.4842 4.0000 3579.2959 0.3303 0.1183 -0.5794 2.8967 5.0000 4.2342 0.0090 
39.4720 4.0000 3566.8983 0.3278 0.1179 -0.5757 2.8883 5.0000 3.9982 0.0090 
39.4493 4.0000 3560.5124 0.3263 0.1167 -0.5785 2.8944 5.0000 4.0915 0.0086 
39.4510 4.0000 3555.7663 0.3293 0.1194 -0.5767 2.9005 5.0000 4.0712 0.0079 
39.4666 4.0000 3565.6461 0.3327 0.1171 -0.5836 2.8913 5.0000 3.8024 0.0086 
39.4939 4.0000 3580.1396 0.3286 0.1158 -0.5750 2.8952 5.0000 3.9837 0.0071 
39.4662 4.0000 3568.0853 0.3312 0.1189 -0.5807 2.8950 5.0000 4.0525 0.0077 
39.5254 4.0000 3594.3485 0.3295 0.1175 -0.5732 2.8909 5.0000 4.0914 0.0096 
39.5006 4.0000 3588.2905 0.3303 0.1162 -0.5762 2.8892 5.0000 4.0769 0.0095 
39.4292 4.0000 3542.9029 0.3312 0.1195 -0.5785 2.8926 5.0000 3.8770 0.0073 
39.4300 4.0000 3564.9702 0.3299 0.1174 -0.5749 2.8884 5.0000 4.1244 0.0089 
39.5162 4.0000 3584.2984 0.3244 0.1156 -0.5757 2.8874 5.0000 4.0272 0.0088 
39.4565 4.0000 3570.7936 0.3306 0.1165 -0.5779 2.8867 5.0000 4.0471 0.0101 
39.4569 4.0000 3571.9857 0.3300 0.1181 -0.5801 2.8964 5.0000 4.2197 0.0080 
39.4094 4.0000 3542.7528 0.3318 0.1201 -0.5783 2.8930 5.0000 4.1256 0.0082 
39.4884 4.0000 3585.9319 0.3322 0.1175 -0.5780 2.8880 5.0000 4.0876 0.0099 
39.4830 4.0000 3568.6066 0.3276 0.1156 -0.5770 2.8905 5.0000 3.9189 0.0097 
39.4145 4.0000 3556.2106 0.3327 0.1171 -0.5799 2.8893 5.0000 3.8650 0.0083 
39.4233 4.0000 3549.1828 0.3287 0.1171 -0.5774 2.8950 5.0000 3.9308 0.0083 
39.4784 4.0000 3583.1240 0.3302 0.1182 -0.5786 2.8901 5.0000 3.5843 0.0083 
