39.6976 16.5000 3650.5988 0.4480 0.1513 -0.6215 3.2273 6.0000 53.4740 0.0020 
39.7160 16.5000 3655.7558 0.4445 0.1491 -0.6224 3.2197 6.0000 53.6061 0.0020 
39.7252 16.5000 3661.5977 0.4456 0.1501 -0.6152 3.2272 6.0000 53.7328 0.0020 
39.7065 16.5000 3652.8355 0.4475 0.1525 -0.6172 3.2275 6.0000 53.8387 0.0022 
39.7068 16.5000 3652.9817 0.4447 0.1509 -0.6169 3.2214 6.0000 54.4046 0.0023 
39.7166 16.5000 3658.2541 0.4447 0.1486 -0.6168 3.2214 6.0000 53.9330 0.0022 
39.7138 16.5000 3656.3504 0.4446 0.1477 -0.6203 3.2255 6.0000 53.4257 0.0025 
39.7024 16.5000 3652.0660 0.4428 0.1495 -0.6146 3.2277 6.0000 54.0114 0.0024 
39.7070 16.5000 3653.9546 0.4418 0.1463 -0.6195 3.2251 6.0000 54.8506 0.0026 
39.7107 16.5000 3654.3253 0.4465 0.1505 -0.6197 3.2364 6.0000 54.0614 0.0021 
39.7020 16.5000 3652.0132 0.4440 0.1504 -0.6186 3.2330 6.0000 54.9363 0.0022 
39.7209 16.5000 3659.4640 0.4458 0.1469 -0.6205 3.2253 6.0000 55.3637 0.0024 
39.7189 16.5000 3658.3724 0.4493 0.1497 -0.6253 3.2227 6.0000 54.8259 0.0026 
39.7110 16.5000 3655.9729 0.4471 0.1501 -0.6228 3.2287 6.0000 54.9328 0.0027 
39.7042 16.5000 3651.6616 0.4443 0.1485 -0.6216 3.2312 6.0000 55.2396 0.0022 
39.6972 16.5000 3649.2506 0.4454 0.1499 -0.6219 3.2253 6.0000 55.9965 0.0026 
39.7183 16.5000 3658.2978 0.4503 0.1507 -0.6262 3.2294 6.0000 54.8507 0.0025 
39.7040 16.5000 3652.8031 0.4391 0.1478 -0.6102 3.2269 6.0000 54.9221 0.0025 
39.7060 16.5000 3653.3716 0.4439 0.1487 -0.6186 3.2243 6.0000 55.5164 0.0021 
39.7070 16.5000 3651.5712 0.4472 0.1522 -0.6214 3.2251 6.0000 54.8979 0.0021 
39.7211 16.5000 3658.9407 0.4455 0.1464 -0.6257 3.2215 6.0000 54.7599 0.0021 
39.7092 16.5000 3653.3193 0.4487 0.1500 -0.6223 3.2212 6.0000 55.3635 0.0025 
39.7217 16.5000 3659.5141 0.4455 0.1494 -0.6177 3.2255 6.0000 55.3819 0.0025 
39.7064 16.5000 3655.6230 0.4447 0.1491 -0.6173 3.2260 6.0000 54.8359 0.0019 
39.7199 16.5000 3656.9324 0.4442 0.1487 -0.6169 3.2265 6.0000 55.3915 0.0024 
39.7319 16.5000 3662.1375 0.4460 0.1484 -0.6180 3.2302 6.0000 55.8848 0.0024 
39.7086 16.5000 3654.9910 0.4431 0.1470 -0.6226 3.2233 6.0000 55.1536 0.0024 
39.7109 16.5000 3656.4871 0.4505 0.1501 -0.6231 3.2240 6.0000 55.2811 0.0030 
39.7095 16.5000 3655.1432 0.4478 0.1504 -0.6231 3.2234 6.0000 55.1634 0.0031 
39.6870 16.5000 3648.0178 0.4492 0.1520 -0.6239 3.2241 6.0000 54.5746 0.0031 
39.6821 16.5000 3643.5910 0.4451 0.1495 -0.6195 3.2277 6.0000 54.8460 0.0021 
39.7245 16.5000 3660.9311 0.4417 0.1482 -0.6147 3.2260 6.0000 54.7192 0.0022 
39.7238 16.5000 3659.4687 0.4450 0.1495 -0.6183 3.2269 6.0000 55.4521 0.0026 
39.7177 16.5000 3658.6547 0.4437 0.1486 -0.6214 3.2235 6.0000 55.9798 0.0023 
39.7022 16.5000 3651.7316 0.4454 0.1497 -0.6201 3.2216 6.0000 55.1135 0.0022 
39.7203 16.5000 3658.5408 0.4412 0.1477 -0.6174 3.2263 6.0000 55.4425 0.0025 
39.7137 16.5000 3656.3267 0.4452 0.1489 -0.6167 3.2238 6.0000 55.5201 0.0025 
39.7068 16.5000 3653.3917 0.4457 0.1485 -0.6202 3.2245 6.0000 55.8373 0.0020 
39.7054 16.5000 3652.2543 0.4488 0.1515 -0.6190 3.2277 6.0000 55.4079 0.0020 
39.7281 16.5000 3661.8015 0.4439 0.1497 -0.6198 3.2287 6.0000 54.6443 0.0024 
39.7137 16.5000 3656.7959 0.4470 0.1507 -0.6213 3.2262 6.0000 55.5622 0.0023 
39.7116 16.5000 3656.0901 0.4448 0.1499 -0.6205 3.2256 6.0000 54.9824 0.0023 
39.7137 16.5000 3656.1254 0.4476 0.1494 -0.6209 3.2282 6.0000 55.0058 0.0021 
39.7313 16.5000 3662.3279 0.4490 0.1494 -0.6190 3.2209 6.0000 55.4529 0.0019 
39.7212 16.5000 3659.5374 0.4446 0.1494 -0.6160 3.2248 6.0000 55.4705 0.0021 
39.7318 16.5000 3662.6103 0.4483 0.1507 -0.6214 3.2249 6.0000 55.7500 0.0026 
39.7211 16.5000 3660.3231 0.4469 0.1509 -0.6188 3.2326 6.0000 55.2052 0.0026 
39.7036 16.5000 3653.0652 0.4457 0.1482 -0.6230 3.2250 6.0000 55.2876 0.0022 
39.7017 16.5000 3651.7150 0.4484 0.1492 -0.6236 3.2255 6.0000 55.5507 0.0029 
39.7198 16.5000 3658.9118 0.4457 0.1492 -0.6168 3.2191 6.0000 55.3451 0.0029 
39.6914 16.5000 3649.4414 0.4435 0.1489 -0.6161 3.2250 6.0000 55.6466 0.0028 
39.6923 16.5000 3648.9072 0.4453 0.1489 -0.6235 3.2254 6.0000 55.1882 0.0027 
39.6953 16.5000 3648.8039 0.4464 0.1497 -0.6213 3.2202 6.0000 56.1182 0.0024 
39.6974 16.5000 3647.5892 0.4443 0.1514 -0.6187 3.2316 6.0000 56.4720 0.0023 
39.7107 16.5000 3655.3766 0.4485 0.1498 -0.6214 3.2188 6.0000 55.2999 0.0022 
39.7129 16.5000 3655.4591 0.4454 0.1489 -0.6206 3.2264 6.0000 55.4268 0.0021 
39.7169 16.5000 3657.5612 0.4477 0.1504 -0.6221 3.2252 6.0000 55.1491 0.0027 
39.7211 16.5000 3658.6173 0.4449 0.1502 -0.6192 3.2245 6.0000 55.4960 0.0020 
39.6993 16.5000 3651.2521 0.4440 0.1492 -0.6202 3.2213 6.0000 55.1252 0.0028 
39.7263 16.5000 3660.7419 0.4441 0.1490 -0.6175 3.2269 6.0000 55.8128 0.0022 
39.6966 16.5000 3650.4755 0.4472 0.1497 -0.6234 3.2310 6.0000 56.5042 0.0031 
39.7203 16.5000 3658.0062 0.4460 0.1490 -0.6229 3.2215 6.0000 55.3650 0.0025 
39.6837 16.5000 3644.8330 0.4451 0.1483 -0.6234 3.2259 6.0000 55.9063 0.0026 
39.7057 16.5000 3654.7207 0.4487 0.1496 -0.6215 3.2268 6.0000 55.9925 0.0025 
39.7039 16.5000 3652.6286 0.4472 0.1503 -0.6215 3.2259 6.0000 55.4814 0.0025 
39.7049 16.5000 3654.2430 0.4483 0.1509 -0.6213 3.2321 6.0000 55.8559 0.0020 
39.7156 16.5000 3655.7985 0.4451 0.1486 -0.6210 3.2244 6.0000 55.6798 0.0028 
39.7245 16.5000 3660.3583 0.4411 0.1473 -0.6172 3.2216 6.0000 55.2650 0.0028 
39.6942 16.5000 3648.7464 0.4482 0.1515 -0.6187 3.2258 6.0000 55.7881 0.0025 
39.7120 16.5000 3655.9509 0.4428 0.1468 -0.6224 3.2243 6.0000 55.0357 0.0026 
39.7055 16.5000 3652.6866 0.4446 0.1498 -0.6183 3.2298 6.0000 56.1943 0.0023 
39.7028 16.5000 3653.1830 0.4463 0.1505 -0.6196 3.2259 6.0000 55.4787 0.0023 
39.7155 16.5000 3657.0275 0.4446 0.1490 -0.6214 3.2233 6.0000 55.1512 0.0021 
39.7143 16.5000 3658.4056 0.4459 0.1505 -0.6140 3.2319 6.0000 55.9203 0.0023 
39.7235 16.5000 3661.3825 0.4485 0.1502 -0.6205 3.2215 6.0000 55.5191 0.0028 
39.7125 16.5000 3656.8367 0.4460 0.1483 -0.6173 3.2216 6.0000 55.9865 0.0024 
39.6950 16.5000 3649.0183 0.4480 0.1505 -0.6216 3.2323 6.0000 55.4113 0.0023 
39.7098 16.5000 3655.6539 0.4457 0.1489 -0.6233 3.2244 6.0000 55.3542 0.0021 
39.7135 16.5000 3655.2339 0.4428 0.1479 -0.6187 3.2308 6.0000 55.8653 0.0023 
39.7226 16.5000 3658.9441 0.4449 0.1508 -0.6190 3.2303 6.0000 55.6720 0.0022 
39.7162 16.5000 3657.6591 0.4436 0.1486 -0.6171 3.2188 6.0000 55.3366 0.0025 
39.7184 16.5000 3657.5606 0.4449 0.1483 -0.6219 3.2283 6.0000 56.1128 0.0021 
39.7085 16.5000 3654.4946 0.4426 0.1467 -0.6205 3.2248 6.0000 55.5892 0.0024 
39.7242 16.5000 3660.0340 0.4439 0.1508 -0.6144 3.2247 6.0000 55.1054 0.0024 
39.7101 16.5000 3655.8040 0.4476 0.1475 -0.6243 3.2242 6.0000 61.8419 0.0026 
39.7100 16.5000 3654.9593 0.4426 0.1473 -0.6138 3.2298 6.0000 61.7236 0.0028 
39.7006 16.5000 3652.1961 0.4434 0.1460 -0.6221 3.2227 6.0000 61.5034 0.0025 
39.6948 16.5000 3649.6072 0.4483 0.1494 -0.6245 3.2278 6.0000 56.0348 0.0026 
39.7076 16.5000 3654.8137 0.4453 0.1493 -0.6168 3.2251 6.0000 55.9264 0.0025 
39.7030 16.5000 3651.4244 0.4461 0.1491 -0.6201 3.2215 6.0000 55.1395 0.0025 
39.7077 16.5000 3652.9984 0.4443 0.1490 -0.6204 3.2185 6.0000 55.6026 0.0021 
39.6974 16.5000 3649.9754 0.4447 0.1503 -0.6159 3.2246 6.0000 55.5082 0.0021 
39.7232 16.5000 3658.8884 0.4483 0.1505 -0.6204 3.2297 6.0000 55.5211 0.0025 
39.7180 16.5000 3659.6819 0.4440 0.1495 -0.6218 3.2225 6.0000 54.8856 0.0026 
39.7073 16.5000 3653.5405 0.4480 0.1505 -0.6217 3.2289 6.0000 55.1652 0.0024 
39.7006 16.5000 3651.0634 0.4466 0.1492 -0.6204 3.2270 6.0000 55.1436 0.0024 
39.7103 16.5000 3654.1662 0.4447 0.1497 -0.6224 3.2268 6.0000 54.7583 0.0026 
39.7031 16.5000 3652.8312 0.4429 0.1495 -0.6168 3.2288 6.0000 55.1224 0.0017 
39.7015 16.5000 3651.8444 0.4479 0.1500 -0.6224 3.2266 6.0000 56.0932 0.0017 
39.7398 16.5000 3665.8531 0.4445 0.1499 -0.6156 3.2241 6.0000 33.7580 0.0017 
