39.7769 16.5000 3671.1108 0.0890 0.0459 -0.2148 2.9068 6.0000 10.8541 0.0007 
39.7769 16.5000 3671.0346 0.0858 0.0464 -0.2083 2.9055 5.0000 10.5071 0.0007 
39.7761 16.5000 3670.6426 0.0830 0.0456 -0.2038 2.9036 5.0000 10.7300 0.0007 
39.7767 16.5000 3670.3489 0.0850 0.0457 -0.2118 2.9064 5.0000 10.4964 0.0007 
39.7739 16.5000 3668.0874 0.0827 0.0456 -0.2038 2.9057 5.0000 10.9321 0.0007 
39.7764 16.5000 3670.6496 0.0843 0.0455 -0.2113 2.9068 6.0000 10.7799 0.0007 
39.7795 16.5000 3671.3232 0.0893 0.0467 -0.2132 2.9058 5.0000 10.4382 0.0007 
39.7713 16.5000 3668.6232 0.0846 0.0456 -0.2062 2.9043 5.0000 10.7391 0.0007 
39.7783 16.5000 3671.4051 0.0834 0.0459 -0.2022 2.9055 5.0000 10.9186 0.0007 
39.7764 16.5000 3671.3869 0.0858 0.0452 -0.2127 2.9056 5.0000 10.5542 0.0009 
39.7775 16.5000 3670.6084 0.0868 0.0460 -0.2112 2.9074 6.0000 10.7417 0.0008 
39.7691 16.5000 3667.1136 0.0834 0.0453 -0.2053 2.9041 5.0000 10.7813 0.0008 
39.7753 16.5000 3669.4561 0.0874 0.0457 -0.2162 2.9053 6.0000 10.7431 0.0006 
39.7778 16.5000 3670.9648 0.0873 0.0459 -0.2113 2.9051 5.0000 10.7774 0.0006 
39.7806 16.5000 3672.0964 0.0857 0.0456 -0.2081 2.9075 6.0000 10.7139 0.0006 
39.7828 16.5000 3673.7626 0.0881 0.0458 -0.2144 2.9075 5.0000 10.6771 0.0008 
39.7769 16.5000 3670.2617 0.0888 0.0459 -0.2177 2.9068 5.0000 10.8509 0.0007 
39.7733 16.5000 3669.5909 0.0834 0.0461 -0.2051 2.9071 6.0000 10.7406 0.0007 
39.7786 16.5000 3671.9734 0.0861 0.0457 -0.2117 2.9041 5.0000 10.6747 0.0007 
39.7789 16.5000 3670.6938 0.0850 0.0464 -0.2058 2.9051 5.0000 10.8927 0.0007 
39.7775 16.5000 3670.7953 0.0830 0.0459 -0.2018 2.9046 6.0000 10.8203 0.0007 
39.7783 16.5000 3671.4227 0.0859 0.0459 -0.2087 2.9075 5.0000 10.6628 0.0007 
39.7761 16.5000 3670.1283 0.0873 0.0461 -0.2122 2.9075 5.0000 11.0409 0.0007 
39.7781 16.5000 3670.3147 0.0837 0.0461 -0.2020 2.9041 5.0000 11.1496 0.0007 
39.7764 16.5000 3670.3567 0.0865 0.0460 -0.2105 2.9067 6.0000 10.7044 0.0007 
39.7772 16.5000 3671.1554 0.0855 0.0458 -0.2079 2.9044 5.0000 11.0076 0.0007 
39.7783 16.5000 3671.7310 0.0838 0.0460 -0.2045 2.9056 5.0000 11.1832 0.0008 
39.7792 16.5000 3671.4802 0.0880 0.0456 -0.2188 2.9050 6.0000 10.7077 0.0007 
39.7744 16.5000 3669.1473 0.0847 0.0460 -0.2100 2.9060 5.0000 10.9139 0.0007 
39.7764 16.5000 3669.8251 0.0868 0.0452 -0.2132 2.9047 6.0000 10.9319 0.0008 
39.7769 16.5000 3670.9561 0.0894 0.0457 -0.2209 2.9072 5.0000 10.7856 0.0007 
39.7753 16.5000 3669.5253 0.0879 0.0456 -0.2148 2.9062 5.0000 11.0212 0.0006 
39.7772 16.5000 3670.1082 0.0868 0.0456 -0.2115 2.9065 5.0000 11.3098 0.0007 
39.7831 16.5000 3674.5456 0.0873 0.0449 -0.2170 2.9050 6.0000 10.9398 0.0008 
39.7786 16.5000 3671.6419 0.0856 0.0452 -0.2092 2.9041 5.0000 10.7993 0.0007 
39.7736 16.5000 3668.7544 0.0852 0.0455 -0.2113 2.9046 5.0000 10.8301 0.0007 
39.7786 16.5000 3671.5483 0.0866 0.0454 -0.2119 2.9074 6.0000 10.5596 0.0007 
39.7781 16.5000 3671.1341 0.0855 0.0455 -0.2114 2.9074 6.0000 11.1278 0.0008 
39.7767 16.5000 3669.6873 0.0853 0.0456 -0.2075 2.9051 6.0000 10.8904 0.0007 
39.7725 16.5000 3669.1512 0.0839 0.0458 -0.2059 2.9069 5.0000 11.3653 0.0008 
39.7772 16.5000 3671.3373 0.0890 0.0465 -0.2137 2.9043 5.0000 11.5228 0.0007 
39.7736 16.5000 3668.7081 0.0853 0.0454 -0.2098 2.9063 6.0000 11.4285 0.0007 
39.7769 16.5000 3670.2169 0.0836 0.0460 -0.2065 2.9049 6.0000 11.4535 0.0007 
39.7772 16.5000 3669.7520 0.0866 0.0456 -0.2141 2.9055 5.0000 11.3856 0.0007 
39.7795 16.5000 3671.5825 0.0867 0.0458 -0.2118 2.9073 5.0000 11.1803 0.0007 
39.7775 16.5000 3670.2309 0.0850 0.0458 -0.2098 2.9051 5.0000 11.2321 0.0007 
39.7755 16.5000 3669.3297 0.0840 0.0458 -0.2103 2.9050 5.0000 11.6271 0.0007 
39.7792 16.5000 3671.7814 0.0840 0.0461 -0.2042 2.9054 5.0000 11.5628 0.0007 
39.7767 16.5000 3669.6755 0.0839 0.0462 -0.2064 2.9069 5.0000 11.3083 0.0007 
39.7758 16.5000 3669.7845 0.0886 0.0457 -0.2183 2.9058 5.0000 11.5953 0.0006 
39.7795 16.5000 3671.6208 0.0852 0.0456 -0.2091 2.9048 5.0000 11.6913 0.0006 
39.7817 16.5000 3672.9236 0.0855 0.0463 -0.2093 2.9075 6.0000 11.0241 0.0007 
39.7800 16.5000 3672.3436 0.0870 0.0458 -0.2134 2.9063 6.0000 10.9745 0.0007 
39.7786 16.5000 3671.8789 0.0848 0.0461 -0.2068 2.9057 5.0000 11.0044 0.0007 
39.7769 16.5000 3670.0883 0.0853 0.0465 -0.2087 2.9062 5.0000 11.0812 0.0008 
39.7825 16.5000 3674.3441 0.0833 0.0462 -0.2021 2.9045 5.0000 11.4854 0.0007 
39.7739 16.5000 3669.0453 0.0837 0.0453 -0.2054 2.9060 5.0000 11.5595 0.0007 
39.7797 16.5000 3672.0070 0.0869 0.0459 -0.2132 2.9056 5.0000 11.0100 0.0007 
39.7761 16.5000 3670.5083 0.0893 0.0459 -0.2176 2.9052 5.0000 10.8415 0.0007 
39.7772 16.5000 3669.8226 0.0848 0.0458 -0.2105 2.9071 5.0000 11.1105 0.0008 
39.7778 16.5000 3671.4791 0.0822 0.0454 -0.2056 2.9067 6.0000 10.7818 0.0008 
39.7753 16.5000 3669.2322 0.0864 0.0456 -0.2109 2.9063 5.0000 11.1401 0.0007 
39.7747 16.5000 3668.5243 0.0868 0.0460 -0.2118 2.9074 5.0000 11.1929 0.0007 
39.7786 16.5000 3669.9120 0.0850 0.0458 -0.2082 2.9060 6.0000 11.3250 0.0006 
39.7783 16.5000 3671.4432 0.0873 0.0458 -0.2133 2.9059 5.0000 11.1613 0.0007 
39.7800 16.5000 3672.5039 0.0869 0.0459 -0.2093 2.9057 5.0000 11.2406 0.0008 
39.7797 16.5000 3672.3055 0.0874 0.0463 -0.2105 2.9061 6.0000 11.4171 0.0007 
39.7744 16.5000 3670.7014 0.0858 0.0454 -0.2111 2.9064 5.0000 11.3915 0.0007 
39.7786 16.5000 3671.3277 0.0875 0.0454 -0.2149 2.9074 5.0000 11.4621 0.0008 
39.7769 16.5000 3670.4770 0.0882 0.0459 -0.2143 2.9067 5.0000 11.3299 0.0007 
39.7739 16.5000 3668.4587 0.0875 0.0461 -0.2109 2.9074 5.0000 11.1984 0.0008 
39.7761 16.5000 3670.2247 0.0823 0.0458 -0.2005 2.9046 5.0000 11.4589 0.0008 
39.7733 16.5000 3668.2452 0.0862 0.0455 -0.2113 2.9056 5.0000 11.0648 0.0007 
39.7741 16.5000 3669.1719 0.0860 0.0460 -0.2106 2.9056 5.0000 11.2996 0.0007 
39.7789 16.5000 3672.6981 0.0864 0.0457 -0.2118 2.9041 5.0000 11.3448 0.0007 
39.7783 16.5000 3670.2931 0.0892 0.0461 -0.2162 2.9061 6.0000 11.3030 0.0006 
39.7767 16.5000 3670.1572 0.0855 0.0457 -0.2070 2.9073 5.0000 11.4475 0.0007 
39.7800 16.5000 3672.1606 0.0826 0.0454 -0.2045 2.9071 5.0000 11.5191 0.0007 
39.7772 16.5000 3670.4276 0.0860 0.0458 -0.2090 2.9076 5.0000 11.4130 0.0007 
39.7764 16.5000 3670.4108 0.0863 0.0458 -0.2105 2.9044 5.0000 11.2287 0.0007 
39.7775 16.5000 3670.5627 0.0885 0.0459 -0.2177 2.9076 5.0000 11.1287 0.0007 
39.7783 16.5000 3672.0028 0.0843 0.0457 -0.2043 2.9051 5.0000 10.8523 0.0007 
39.7786 16.5000 3670.4946 0.0868 0.0456 -0.2097 2.9074 5.0000 10.7382 0.0007 
39.7786 16.5000 3670.3962 0.0848 0.0455 -0.2091 2.9041 6.0000 10.9227 0.0007 
39.7783 16.5000 3671.0957 0.0849 0.0452 -0.2094 2.9076 5.0000 10.8242 0.0006 
39.7795 16.5000 3671.7083 0.0872 0.0457 -0.2142 2.9059 5.0000 10.7031 0.0007 
39.7803 16.5000 3672.8129 0.0872 0.0455 -0.2157 2.9058 5.0000 10.8788 0.0007 
39.7781 16.5000 3670.9581 0.0856 0.0458 -0.2082 2.9061 5.0000 10.8508 0.0008 
39.7761 16.5000 3669.5704 0.0870 0.0455 -0.2141 2.9054 5.0000 10.8204 0.0007 
39.7736 16.5000 3669.0556 0.0881 0.0459 -0.2131 2.9069 5.0000 11.0908 0.0007 
39.7775 16.5000 3670.5521 0.0872 0.0458 -0.2142 2.9063 5.0000 10.8006 0.0007 
39.7769 16.5000 3670.1970 0.0861 0.0460 -0.2144 2.9058 5.0000 10.7693 0.0008 
39.7769 16.5000 3670.2707 0.0852 0.0456 -0.2103 2.9075 6.0000 10.8772 0.0007 
39.7750 16.5000 3670.3699 0.0826 0.0453 -0.2059 2.9054 6.0000 11.3134 0.0008 
39.7797 16.5000 3671.5396 0.0883 0.0462 -0.2141 2.9065 5.0000 11.4249 0.0006 
39.7730 16.5000 3668.6056 0.0865 0.0455 -0.2146 2.9061 5.0000 11.5936 0.0007 
39.7811 16.5000 3672.4859 0.0867 0.0459 -0.2106 2.9069 6.0000 11.2430 0.0008 
39.7781 16.5000 3670.2096 0.0878 0.0463 -0.2132 2.9078 6.0000 11.3556 0.0008 
39.7755 16.5000 3669.5107 0.0873 0.0459 -0.2135 2.9054 5.0000 11.0312 0.0008 
39.7736 16.5000 3669.2229 0.0880 0.0458 -0.2145 2.9057 5.0000 9.5738 0.0008 
