39.5747 4.0000 3608.3919 0.3368 0.1122 -0.5824 2.9719 5.0000 7.9938 0.0065 
39.5624 4.0000 3606.6217 0.3337 0.1107 -0.5803 2.9659 5.0000 7.8496 0.0062 
39.5801 4.0000 3610.8354 0.3337 0.1118 -0.5781 2.9756 6.0000 7.8223 0.0062 
39.5485 4.0000 3599.4823 0.3362 0.1130 -0.5742 2.9691 5.0000 8.0973 0.0070 
39.6166 4.0000 3621.1961 0.3359 0.1101 -0.5836 2.9651 5.0000 8.0971 0.0070 
39.5306 4.0000 3589.1428 0.3352 0.1117 -0.5801 2.9746 5.0000 8.0463 0.0070 
39.5753 4.0000 3608.5177 0.3361 0.1110 -0.5827 2.9684 5.0000 8.0254 0.0056 
39.6072 4.0000 3616.2957 0.3387 0.1124 -0.5840 2.9701 5.0000 8.2116 0.0062 
39.5835 4.0000 3611.3562 0.3386 0.1130 -0.5806 2.9672 5.0000 8.2223 0.0062 
39.5612 4.0000 3602.6854 0.3354 0.1118 -0.5775 2.9731 6.0000 8.2666 0.0061 
39.6204 4.0000 3623.9846 0.3358 0.1119 -0.5802 2.9733 5.0000 8.2048 0.0054 
39.5662 4.0000 3605.2869 0.3354 0.1126 -0.5787 2.9706 5.0000 8.2465 0.0053 
39.5905 4.0000 3614.0520 0.3365 0.1134 -0.5805 2.9693 5.0000 8.1121 0.0059 
39.5946 4.0000 3615.8071 0.3359 0.1113 -0.5810 2.9693 5.0000 8.3635 0.0065 
39.5728 4.0000 3610.5183 0.3375 0.1124 -0.5808 2.9703 5.0000 8.0970 0.0050 
39.6069 4.0000 3621.0782 0.3312 0.1103 -0.5789 2.9691 5.0000 8.1810 0.0051 
39.5489 4.0000 3595.8997 0.3400 0.1129 -0.5815 2.9705 5.0000 8.1589 0.0049 
39.6031 4.0000 3618.6576 0.3348 0.1121 -0.5770 2.9675 5.0000 8.2273 0.0048 
39.6119 4.0000 3621.8011 0.3346 0.1120 -0.5794 2.9770 5.0000 8.5360 0.0054 
39.6144 4.0000 3626.5949 0.3343 0.1101 -0.5810 2.9736 5.0000 8.8292 0.0064 
39.5936 4.0000 3616.9546 0.3396 0.1120 -0.5856 2.9678 5.0000 8.9665 0.0064 
39.5533 4.0000 3605.9079 0.3362 0.1109 -0.5800 2.9663 5.0000 8.7068 0.0061 
39.5508 4.0000 3598.9064 0.3391 0.1147 -0.5849 2.9741 5.0000 8.8868 0.0068 
39.5659 4.0000 3603.4549 0.3344 0.1132 -0.5768 2.9679 5.0000 8.7588 0.0045 
39.5388 4.0000 3594.4660 0.3364 0.1109 -0.5817 2.9740 5.0000 8.2207 0.0053 
39.6283 4.0000 3630.2528 0.3377 0.1124 -0.5795 2.9682 5.0000 8.4077 0.0068 
39.5971 4.0000 3616.5397 0.3383 0.1126 -0.5821 2.9704 5.0000 8.3055 0.0068 
39.5385 4.0000 3587.5050 0.3389 0.1135 -0.5882 2.9713 5.0000 8.2679 0.0058 
39.5848 4.0000 3613.8947 0.3350 0.1125 -0.5804 2.9728 5.0000 8.4620 0.0059 
39.5747 4.0000 3610.4136 0.3373 0.1140 -0.5822 2.9788 5.0000 8.4206 0.0059 
39.5706 4.0000 3610.4253 0.3363 0.1115 -0.5824 2.9726 5.0000 8.3910 0.0067 
39.5984 4.0000 3615.1321 0.3387 0.1109 -0.5843 2.9681 5.0000 8.4234 0.0062 
39.5416 4.0000 3594.5019 0.3380 0.1116 -0.5843 2.9729 6.0000 8.3656 0.0062 
39.5596 4.0000 3603.2323 0.3378 0.1127 -0.5835 2.9705 5.0000 8.9115 0.0064 
39.5709 4.0000 3604.4899 0.3384 0.1122 -0.5855 2.9636 5.0000 8.7308 0.0066 
39.5526 4.0000 3605.6838 0.3340 0.1109 -0.5817 2.9683 6.0000 9.1214 0.0054 
39.5454 4.0000 3597.2998 0.3363 0.1122 -0.5862 2.9743 5.0000 8.8518 0.0054 
39.5911 4.0000 3616.2311 0.3351 0.1115 -0.5798 2.9709 5.0000 8.8047 0.0054 
39.5914 4.0000 3614.9395 0.3391 0.1142 -0.5813 2.9786 5.0000 8.9929 0.0051 
39.5908 4.0000 3611.1100 0.3371 0.1126 -0.5842 2.9679 5.0000 8.8734 0.0050 
39.6044 4.0000 3618.3711 0.3339 0.1131 -0.5759 2.9739 5.0000 8.7564 0.0052 
39.6084 4.0000 3618.3578 0.3357 0.1107 -0.5832 2.9710 5.0000 8.8571 0.0066 
39.6015 4.0000 3618.7774 0.3373 0.1112 -0.5828 2.9653 5.0000 8.9108 0.0055 
39.5454 4.0000 3598.9593 0.3370 0.1108 -0.5827 2.9680 5.0000 8.7844 0.0057 
39.5867 4.0000 3614.1103 0.3321 0.1128 -0.5743 2.9739 6.0000 9.0645 0.0059 
39.5813 4.0000 3612.1655 0.3365 0.1116 -0.5820 2.9688 5.0000 8.5652 0.0067 
39.5738 4.0000 3607.7185 0.3362 0.1118 -0.5818 2.9698 6.0000 9.2302 0.0062 
39.5422 4.0000 3593.3944 0.3358 0.1127 -0.5813 2.9713 5.0000 10.4660 0.0056 
39.5605 4.0000 3604.8260 0.3361 0.1133 -0.5830 2.9753 5.0000 14.1762 0.0055 
39.5845 4.0000 3610.6661 0.3359 0.1114 -0.5800 2.9710 5.0000 13.9930 0.0072 
39.5864 4.0000 3609.8131 0.3350 0.1111 -0.5810 2.9721 5.0000 14.0243 0.0064 
39.5227 4.0000 3586.8991 0.3352 0.1113 -0.5838 2.9680 5.0000 13.9335 0.0063 
39.5530 4.0000 3601.6699 0.3360 0.1096 -0.5828 2.9716 5.0000 13.9576 0.0070 
39.5552 4.0000 3600.3143 0.3361 0.1116 -0.5846 2.9651 5.0000 14.0756 0.0058 
39.5293 4.0000 3586.3610 0.3359 0.1132 -0.5865 2.9754 5.0000 14.0185 0.0054 
39.5772 4.0000 3614.6201 0.3342 0.1121 -0.5782 2.9686 5.0000 14.2612 0.0058 
39.5921 4.0000 3615.8014 0.3390 0.1130 -0.5808 2.9679 5.0000 14.5369 0.0058 
39.5750 4.0000 3610.9177 0.3330 0.1092 -0.5792 2.9630 5.0000 14.0707 0.0059 
39.5747 4.0000 3606.6340 0.3417 0.1139 -0.5874 2.9711 5.0000 14.0460 0.0058 
39.5722 4.0000 3608.7503 0.3356 0.1112 -0.5843 2.9666 5.0000 13.8955 0.0056 
39.5772 4.0000 3608.1986 0.3350 0.1105 -0.5803 2.9718 5.0000 12.7266 0.0061 
39.5861 4.0000 3613.6980 0.3379 0.1123 -0.5843 2.9711 5.0000 12.8891 0.0051 
39.5627 4.0000 3600.5810 0.3377 0.1131 -0.5817 2.9712 5.0000 13.3148 0.0067 
39.6040 4.0000 3622.6661 0.3340 0.1095 -0.5814 2.9669 5.0000 16.1187 0.0056 
39.5391 4.0000 3595.5445 0.3361 0.1133 -0.5832 2.9703 5.0000 16.2540 0.0057 
39.5845 4.0000 3607.0167 0.3367 0.1122 -0.5839 2.9720 5.0000 15.8266 0.0053 
39.5801 4.0000 3611.3745 0.3348 0.1120 -0.5773 2.9688 5.0000 14.0159 0.0059 
39.5955 4.0000 3613.4215 0.3350 0.1128 -0.5829 2.9698 5.0000 13.5706 0.0057 
39.5738 4.0000 3605.4098 0.3398 0.1155 -0.5859 2.9741 5.0000 14.0141 0.0055 
39.5817 4.0000 3612.2374 0.3358 0.1105 -0.5800 2.9651 5.0000 11.8165 0.0058 
39.5867 4.0000 3614.3547 0.3367 0.1110 -0.5812 2.9706 5.0000 12.9349 0.0055 
39.5776 4.0000 3608.7207 0.3352 0.1121 -0.5788 2.9685 5.0000 13.1788 0.0055 
39.5867 4.0000 3614.5353 0.3393 0.1117 -0.5843 2.9679 5.0000 15.9736 0.0063 
39.5864 4.0000 3615.7380 0.3391 0.1131 -0.5822 2.9655 5.0000 15.9339 0.0055 
39.5561 4.0000 3601.2282 0.3337 0.1110 -0.5817 2.9658 5.0000 15.9982 0.0052 
39.5892 4.0000 3615.9288 0.3358 0.1107 -0.5838 2.9671 5.0000 15.4047 0.0057 
39.5980 4.0000 3619.5977 0.3352 0.1107 -0.5818 2.9673 5.0000 15.8145 0.0056 
39.5810 4.0000 3610.0246 0.3353 0.1134 -0.5781 2.9755 5.0000 15.3274 0.0060 
39.5829 4.0000 3612.0445 0.3349 0.1110 -0.5805 2.9729 6.0000 14.8097 0.0049 
39.5697 4.0000 3604.0413 0.3359 0.1125 -0.5785 2.9749 5.0000 15.5501 0.0053 
39.6100 4.0000 3621.2431 0.3364 0.1120 -0.5805 2.9703 5.0000 17.5104 0.0068 
39.5962 4.0000 3618.1416 0.3357 0.1103 -0.5803 2.9627 5.0000 16.5920 0.0056 
39.5375 4.0000 3587.9461 0.3383 0.1130 -0.5881 2.9742 5.0000 18.7007 0.0056 
39.5823 4.0000 3612.2390 0.3410 0.1128 -0.5854 2.9716 5.0000 17.5364 0.0059 
39.5826 4.0000 3615.9776 0.3339 0.1111 -0.5799 2.9704 5.0000 14.1034 0.0055 
39.5722 4.0000 3607.4943 0.3352 0.1134 -0.5795 2.9639 5.0000 14.1752 0.0059 
39.5886 4.0000 3616.5722 0.3374 0.1126 -0.5795 2.9716 5.0000 14.4279 0.0055 
39.5728 4.0000 3608.4669 0.3378 0.1130 -0.5815 2.9745 5.0000 14.3960 0.0055 
39.5895 4.0000 3612.9086 0.3351 0.1123 -0.5840 2.9756 5.0000 15.1426 0.0055 
39.5870 4.0000 3611.6176 0.3359 0.1114 -0.5837 2.9674 5.0000 14.6556 0.0063 
39.5876 4.0000 3612.9767 0.3384 0.1130 -0.5837 2.9659 5.0000 14.7411 0.0054 
39.5583 4.0000 3603.0977 0.3366 0.1125 -0.5838 2.9750 5.0000 13.8151 0.0071 
39.5914 4.0000 3616.9038 0.3345 0.1114 -0.5815 2.9698 5.0000 13.7971 0.0063 
39.5236 4.0000 3591.7279 0.3369 0.1136 -0.5826 2.9709 5.0000 13.8266 0.0064 
39.5567 4.0000 3603.3474 0.3337 0.1109 -0.5770 2.9710 6.0000 18.7604 0.0061 
39.5545 4.0000 3602.4795 0.3378 0.1127 -0.5816 2.9672 5.0000 20.1975 0.0070 
39.5640 4.0000 3604.9042 0.3377 0.1127 -0.5812 2.9732 6.0000 16.6290 0.0062 
39.5281 4.0000 3590.5303 0.3367 0.1113 -0.5794 2.9730 5.0000 18.7185 0.0063 
39.5596 4.0000 3606.6113 0.3378 0.1138 -0.5791 2.9701 5.0000 16.4331 0.0063 
39.5549 4.0000 3598.2661 0.3361 0.1137 -0.5795 2.9720 5.0000 15.4703 0.0063 
