39.5738 4.0000 3609.3357 0.4904 0.1831 -0.6336 3.1199 6.0000 12.0372 0.0044 
39.6179 4.0000 3625.9029 0.4943 0.1817 -0.6352 3.1112 6.0000 11.8778 0.0047 
39.6323 4.0000 3626.6585 0.4941 0.1843 -0.6402 3.1227 6.0000 12.2052 0.0052 
39.6005 4.0000 3619.5271 0.4949 0.1859 -0.6372 3.1144 6.0000 12.2359 0.0056 
39.5831 4.0000 3611.3407 0.4897 0.1803 -0.6404 3.1154 6.0000 12.3683 0.0050 
39.6081 4.0000 3620.4532 0.4895 0.1836 -0.6319 3.1160 6.0000 12.3741 0.0059 
39.5735 4.0000 3612.8860 0.4941 0.1823 -0.6424 3.1142 6.0000 12.4867 0.0056 
39.5859 4.0000 3612.1622 0.4906 0.1809 -0.6417 3.1146 6.0000 12.4443 0.0042 
39.6388 4.0000 3633.5417 0.4932 0.1830 -0.6367 3.1121 6.0000 13.0698 0.0061 
39.6025 4.0000 3613.5024 0.4930 0.1848 -0.6344 3.1205 6.0000 12.7118 0.0051 
39.5654 4.0000 3608.3929 0.4912 0.1825 -0.6380 3.1184 6.0000 12.9050 0.0054 
39.5934 4.0000 3616.4245 0.4947 0.1839 -0.6391 3.1068 6.0000 12.7114 0.0054 
39.6134 4.0000 3626.5544 0.4961 0.1832 -0.6379 3.1177 6.0000 13.1093 0.0040 
39.6255 4.0000 3623.4477 0.4879 0.1787 -0.6342 3.1125 6.0000 12.8845 0.0046 
39.6467 4.0000 3635.8792 0.4983 0.1821 -0.6419 3.1170 6.0000 12.6888 0.0064 
39.5533 4.0000 3606.9518 0.4933 0.1826 -0.6412 3.1172 6.0000 13.0312 0.0055 
39.5887 4.0000 3614.1324 0.4949 0.1886 -0.6342 3.1216 6.0000 12.6908 0.0047 
39.6187 4.0000 3624.5750 0.4903 0.1814 -0.6308 3.1096 6.0000 12.7061 0.0054 
39.5902 4.0000 3614.6038 0.4941 0.1826 -0.6377 3.1193 6.0000 12.5525 0.0050 
39.6086 4.0000 3625.0820 0.4933 0.1845 -0.6371 3.1199 6.0000 13.3997 0.0054 
39.5902 4.0000 3616.1125 0.4948 0.1829 -0.6367 3.1175 6.0000 13.1701 0.0047 
39.6212 4.0000 3624.9435 0.4900 0.1795 -0.6408 3.1041 6.0000 13.1459 0.0049 
39.6134 4.0000 3622.6782 0.4898 0.1796 -0.6377 3.1103 6.0000 12.6719 0.0066 
39.5458 4.0000 3596.9216 0.4948 0.1812 -0.6403 3.1121 6.0000 13.1981 0.0051 
39.6053 4.0000 3621.9851 0.4897 0.1816 -0.6382 3.1119 6.0000 12.5889 0.0050 
39.6063 4.0000 3622.1753 0.4921 0.1836 -0.6377 3.1154 6.0000 13.1417 0.0055 
39.5889 4.0000 3615.8822 0.4969 0.1825 -0.6356 3.1150 6.0000 13.0630 0.0053 
39.5955 4.0000 3617.5950 0.4960 0.1831 -0.6425 3.1139 6.0000 12.8489 0.0057 
39.5791 4.0000 3610.2388 0.4933 0.1836 -0.6406 3.1172 6.0000 13.2169 0.0051 
39.6045 4.0000 3621.7629 0.4911 0.1860 -0.6307 3.1215 6.0000 12.9515 0.0054 
39.5909 4.0000 3612.7682 0.4920 0.1814 -0.6361 3.1119 6.0000 13.2203 0.0059 
39.5720 4.0000 3611.9483 0.4931 0.1869 -0.6334 3.1175 6.0000 13.2418 0.0053 
39.5942 4.0000 3614.7478 0.4944 0.1836 -0.6412 3.1174 6.0000 13.2185 0.0053 
39.5960 4.0000 3620.4351 0.4954 0.1836 -0.6342 3.1155 6.0000 13.1707 0.0047 
39.6179 4.0000 3625.6946 0.4935 0.1833 -0.6359 3.1135 6.0000 12.7682 0.0057 
39.5818 4.0000 3611.2192 0.4926 0.1799 -0.6415 3.1164 6.0000 12.8787 0.0054 
39.5932 4.0000 3615.5758 0.4933 0.1804 -0.6441 3.1154 6.0000 12.8784 0.0057 
39.5783 4.0000 3612.5352 0.4909 0.1816 -0.6361 3.1080 6.0000 12.9034 0.0056 
39.5846 4.0000 3615.1528 0.4921 0.1837 -0.6367 3.1103 6.0000 12.7388 0.0060 
39.5692 4.0000 3602.6683 0.4944 0.1845 -0.6403 3.1221 6.0000 13.2360 0.0051 
39.6050 4.0000 3619.0081 0.4945 0.1825 -0.6428 3.1156 6.0000 13.1148 0.0045 
39.6257 4.0000 3626.8348 0.4978 0.1852 -0.6395 3.1193 6.0000 12.5859 0.0043 
39.6335 4.0000 3630.6784 0.4928 0.1846 -0.6335 3.1164 6.0000 13.4929 0.0055 
39.5899 4.0000 3611.6873 0.4995 0.1870 -0.6474 3.1189 6.0000 12.7680 0.0060 
39.5700 4.0000 3606.2547 0.4920 0.1823 -0.6365 3.1100 6.0000 13.2472 0.0060 
39.5695 4.0000 3607.3064 0.4894 0.1804 -0.6345 3.1081 6.0000 12.9468 0.0052 
39.5995 4.0000 3620.3735 0.4872 0.1798 -0.6342 3.1100 6.0000 13.1280 0.0048 
39.6166 4.0000 3623.0552 0.4917 0.1803 -0.6398 3.1120 6.0000 12.6858 0.0046 
39.6227 4.0000 3629.9238 0.4944 0.1826 -0.6389 3.1129 6.0000 13.0116 0.0053 
39.5957 4.0000 3618.6333 0.4927 0.1818 -0.6438 3.1188 6.0000 12.9762 0.0057 
39.5801 4.0000 3610.5110 0.4931 0.1836 -0.6397 3.1165 6.0000 13.0422 0.0049 
39.6126 4.0000 3622.4240 0.4925 0.1846 -0.6315 3.1137 6.0000 13.0776 0.0056 
39.5823 4.0000 3614.8956 0.4926 0.1812 -0.6412 3.1131 6.0000 12.8652 0.0050 
39.6068 4.0000 3622.0078 0.4918 0.1812 -0.6384 3.1100 6.0000 12.6627 0.0054 
39.5904 4.0000 3612.6578 0.4916 0.1796 -0.6413 3.1070 6.0000 12.7938 0.0052 
39.6008 4.0000 3617.7538 0.4948 0.1832 -0.6406 3.1233 6.0000 12.7196 0.0046 
39.6237 4.0000 3625.4328 0.4878 0.1785 -0.6370 3.1065 6.0000 12.7639 0.0040 
39.6492 4.0000 3637.1692 0.4911 0.1803 -0.6378 3.1102 6.0000 12.8818 0.0062 
39.5617 4.0000 3602.4340 0.4898 0.1834 -0.6358 3.1163 6.0000 12.6167 0.0052 
39.6000 4.0000 3623.6774 0.4937 0.1852 -0.6312 3.1183 6.0000 12.9577 0.0048 
39.6156 4.0000 3626.2943 0.4935 0.1817 -0.6414 3.1180 6.0000 12.9656 0.0047 
39.6199 4.0000 3621.3397 0.4943 0.1826 -0.6387 3.1180 6.0000 12.8733 0.0047 
39.6179 4.0000 3623.3369 0.4919 0.1804 -0.6396 3.1181 6.0000 13.0059 0.0060 
39.5702 4.0000 3611.3463 0.4913 0.1837 -0.6365 3.1142 6.0000 12.9182 0.0062 
39.5594 4.0000 3601.2240 0.4930 0.1829 -0.6419 3.1176 6.0000 13.4579 0.0054 
39.5932 4.0000 3613.6003 0.4930 0.1844 -0.6335 3.1214 6.0000 12.7834 0.0054 
39.5899 4.0000 3613.4116 0.4910 0.1803 -0.6414 3.1140 6.0000 12.9291 0.0047 
39.6202 4.0000 3630.1072 0.4924 0.1814 -0.6402 3.1083 6.0000 13.1964 0.0053 
39.5955 4.0000 3614.2633 0.4948 0.1835 -0.6441 3.1184 6.0000 12.8537 0.0045 
39.6267 4.0000 3626.3385 0.4912 0.1817 -0.6375 3.1126 6.0000 13.0321 0.0051 
39.6023 4.0000 3619.0638 0.4881 0.1793 -0.6342 3.1140 6.0000 12.5734 0.0054 
39.5904 4.0000 3613.7647 0.4928 0.1799 -0.6464 3.1102 6.0000 13.2570 0.0050 
39.6068 4.0000 3622.7929 0.4948 0.1828 -0.6389 3.1161 6.0000 12.8082 0.0061 
39.5634 4.0000 3606.6570 0.4936 0.1804 -0.6512 3.1152 6.0000 13.5212 0.0042 
39.6388 4.0000 3633.0858 0.4941 0.1837 -0.6404 3.1149 6.0000 12.7154 0.0060 
39.5665 4.0000 3603.0689 0.4912 0.1833 -0.6378 3.1163 6.0000 13.3392 0.0058 
39.5776 4.0000 3606.9188 0.4898 0.1817 -0.6396 3.1187 6.0000 12.9145 0.0046 
39.6227 4.0000 3628.6131 0.4947 0.1837 -0.6370 3.1167 6.0000 13.0596 0.0050 
39.6058 4.0000 3618.6726 0.4892 0.1824 -0.6301 3.1160 6.0000 13.0111 0.0056 
39.5826 4.0000 3612.4573 0.4963 0.1864 -0.6443 3.1218 6.0000 13.2072 0.0059 
39.5710 4.0000 3608.9291 0.4905 0.1817 -0.6374 3.1231 6.0000 13.0504 0.0054 
39.5917 4.0000 3615.1453 0.4945 0.1829 -0.6394 3.1168 6.0000 13.1074 0.0053 
39.5977 4.0000 3618.4421 0.4895 0.1808 -0.6388 3.1209 6.0000 13.5384 0.0046 
39.6232 4.0000 3631.7839 0.4920 0.1813 -0.6370 3.1139 6.0000 12.6921 0.0056 
39.5831 4.0000 3612.4762 0.4960 0.1833 -0.6468 3.1109 6.0000 13.0502 0.0058 
39.5763 4.0000 3611.3985 0.4951 0.1856 -0.6380 3.1194 6.0000 13.2459 0.0039 
39.6499 4.0000 3637.2926 0.4918 0.1813 -0.6378 3.1123 6.0000 13.0675 0.0044 
39.6298 4.0000 3630.1311 0.4949 0.1820 -0.6366 3.1108 6.0000 13.0371 0.0052 
39.5997 4.0000 3617.8300 0.4899 0.1771 -0.6394 3.1123 6.0000 13.2060 0.0047 
39.6199 4.0000 3629.1387 0.4947 0.1818 -0.6403 3.1099 6.0000 13.1405 0.0054 
39.5929 4.0000 3618.7859 0.4946 0.1817 -0.6360 3.1103 6.0000 13.2752 0.0051 
39.6045 4.0000 3619.1425 0.4917 0.1817 -0.6315 3.1148 6.0000 12.7323 0.0049 
39.6106 4.0000 3624.8648 0.4934 0.1832 -0.6346 3.1149 6.0000 13.1470 0.0050 
39.6088 4.0000 3625.4631 0.4953 0.1802 -0.6427 3.1136 6.0000 12.7990 0.0047 
39.6194 4.0000 3625.0631 0.4946 0.1838 -0.6421 3.1117 6.0000 13.3516 0.0054 
39.5912 4.0000 3613.2999 0.4934 0.1850 -0.6362 3.1139 6.0000 12.7851 0.0055 
39.5892 4.0000 3614.4890 0.4873 0.1794 -0.6367 3.1057 6.0000 13.0380 0.0052 
39.5985 4.0000 3618.5170 0.4904 0.1791 -0.6374 3.1076 6.0000 12.2862 0.0052 
39.5889 4.0000 3616.9720 0.4936 0.1820 -0.6381 3.1151 6.0000 13.3293 0.0049 
39.6106 4.0000 3620.7624 0.4926 0.1822 -0.6400 3.1114 6.0000 13.1596 0.0049 
