38.1665 16.5000 3186.8045 0.4172 0.2600 -0.4756 2.3828 4.0000 0.1556 0.0463 
37.9470 16.5000 3154.6810 0.4150 0.2531 -0.5091 2.3749 4.0000 0.1357 0.0430 
37.9193 16.5000 3122.5675 0.4073 0.2611 -0.4501 2.3954 4.0000 0.1555 0.0463 
38.0454 16.5000 3165.9395 0.4193 0.2625 -0.4881 2.3885 4.0000 0.0981 0.0441 
38.1236 16.5000 3170.5624 0.4068 0.2595 -0.4643 2.4022 4.0000 0.1052 0.0506 
38.1967 16.5000 3196.4666 0.4123 0.2621 -0.4605 2.3873 4.0000 0.1064 0.0506 
37.8890 16.5000 3134.8525 0.3994 0.2626 -0.4326 2.3989 4.0000 0.1130 0.0476 
37.9596 16.5000 3146.4061 0.4100 0.2597 -0.4778 2.3868 4.0000 0.1517 0.0505 
37.9975 16.5000 3147.7100 0.4060 0.2579 -0.4654 2.3874 4.0000 0.1424 0.0505 
37.8916 16.5000 3115.8008 0.4063 0.2633 -0.4345 2.3977 4.0000 0.1063 0.0491 
37.8411 16.5000 3123.2837 0.4083 0.2558 -0.4686 2.3898 4.0000 0.1020 0.0443 
37.9445 16.5000 3145.7932 0.4088 0.2547 -0.4829 2.3843 4.0000 0.1413 0.0507 
38.1185 16.5000 3184.3001 0.4082 0.2632 -0.4511 2.3878 4.0000 0.1031 0.0507 
37.8840 16.5000 3131.1324 0.4085 0.2568 -0.4898 2.3891 4.0000 0.0989 0.0537 
37.9647 16.5000 3157.4048 0.4139 0.2539 -0.5009 2.3828 4.0000 0.1021 0.0465 
37.7781 16.5000 3098.1967 0.4082 0.2588 -0.4710 2.3972 4.0000 0.1043 0.0465 
38.0353 16.5000 3164.5397 0.4143 0.2590 -0.4841 2.3871 4.0000 0.1016 0.0529 
37.9369 16.5000 3155.5738 0.4095 0.2563 -0.4682 2.3850 5.0000 0.1059 0.0471 
37.8058 16.5000 3119.0618 0.4160 0.2560 -0.5016 2.3868 4.0000 0.1036 0.0471 
38.0151 16.5000 3162.2144 0.4075 0.2593 -0.4565 2.3944 4.0000 0.1053 0.0502 
37.9899 16.5000 3170.4237 0.4109 0.2601 -0.4557 2.3860 5.0000 0.1043 0.0481 
37.9042 16.5000 3142.4540 0.4129 0.2654 -0.4532 2.3917 4.0000 0.1069 0.0481 
37.9773 16.5000 3145.5082 0.4061 0.2620 -0.4507 2.3982 4.0000 0.1038 0.0535 
37.9697 16.5000 3148.5296 0.4062 0.2635 -0.4409 2.4001 4.0000 0.1046 0.0467 
37.7831 16.5000 3093.2459 0.4012 0.2592 -0.4532 2.3993 4.0000 0.1050 0.0467 
38.0303 16.0000 3168.2799 0.4137 0.2591 -0.4733 2.3888 4.0000 0.1046 0.0480 
37.9571 16.5000 3137.9142 0.4125 0.2618 -0.4765 2.3894 4.0000 0.1089 0.0493 
37.9823 16.5000 3134.4414 0.4084 0.2598 -0.4617 2.3888 4.0000 0.1151 0.0519 
37.9344 16.5000 3147.2535 0.4052 0.2615 -0.4533 2.3937 4.0000 0.1023 0.0503 
37.8411 16.5000 3128.2648 0.4047 0.2602 -0.4547 2.4016 4.0000 0.0968 0.0500 
37.8991 16.5000 3136.3733 0.4135 0.2559 -0.4998 2.3867 4.0000 0.0954 0.0492 
37.9117 16.5000 3135.0214 0.4065 0.2504 -0.4908 2.3932 4.0000 0.0966 0.0455 
37.9395 16.5000 3140.2446 0.4056 0.2573 -0.4629 2.3962 4.0000 0.0971 0.0491 
38.0731 16.5000 3182.1866 0.4086 0.2688 -0.4244 2.3951 4.0000 0.0963 0.0470 
37.9445 16.5000 3146.6557 0.4209 0.2619 -0.4919 2.3858 4.0000 0.0966 0.0521 
38.0202 16.5000 3171.9672 0.4144 0.2551 -0.4866 2.3853 4.0000 0.0972 0.0456 
37.8335 16.5000 3103.8613 0.4097 0.2583 -0.4693 2.3935 4.0000 0.0963 0.0456 
38.0681 16.5000 3174.7541 0.4105 0.2621 -0.4612 2.3866 4.0000 0.0985 0.0447 
37.9874 16.0000 3157.1375 0.4050 0.2534 -0.4661 2.3988 4.0000 0.0968 0.0471 
38.1009 16.5000 3173.8512 0.4145 0.2606 -0.4796 2.3928 5.0000 0.0985 0.0466 
38.0151 16.5000 3162.9332 0.4074 0.2574 -0.4712 2.3873 4.0000 0.1038 0.0465 
38.0328 16.5000 3173.3972 0.4095 0.2640 -0.4512 2.3867 4.0000 0.1261 0.0474 
38.0378 16.5000 3171.1929 0.4151 0.2536 -0.4968 2.3833 4.0000 0.1174 0.0474 
38.0050 16.5000 3153.8941 0.4097 0.2585 -0.4712 2.3867 5.0000 0.1005 0.0438 
37.8613 16.5000 3121.0870 0.4136 0.2622 -0.4673 2.3974 4.0000 0.1032 0.0425 
38.1337 16.5000 3218.9231 0.4097 0.2593 -0.4617 2.3914 4.0000 0.1064 0.0425 
38.1841 16.5000 3211.9723 0.4147 0.2563 -0.4818 2.3808 4.0000 0.1012 0.0524 
37.8739 16.5000 3134.3884 0.4126 0.2592 -0.4723 2.3904 4.0000 0.1025 0.0471 
37.8235 16.5000 3117.1904 0.4085 0.2569 -0.4741 2.3927 4.0000 0.1058 0.0471 
38.0151 16.5000 3155.4855 0.4096 0.2586 -0.4627 2.3880 4.0000 0.1032 0.0530 
38.0353 16.5000 3166.5977 0.4152 0.2621 -0.4715 2.3849 4.0000 0.1053 0.0514 
37.8008 16.5000 3108.9937 0.4102 0.2672 -0.4408 2.3918 5.0000 0.1136 0.0477 
37.8588 16.5000 3122.8676 0.4052 0.2556 -0.4701 2.3783 4.0000 0.1168 0.0523 
37.9924 16.5000 3130.8398 0.4121 0.2561 -0.4924 2.3843 4.0000 0.1013 0.0484 
37.8260 16.5000 3121.1122 0.4039 0.2607 -0.4526 2.3996 4.0000 0.0987 0.0487 
37.9672 16.5000 3158.1488 0.4043 0.2602 -0.4526 2.3962 4.0000 0.0969 0.0502 
37.9571 16.5000 3153.8159 0.4101 0.2559 -0.4834 2.3959 4.0000 0.0965 0.0461 
37.9042 16.5000 3131.0567 0.4028 0.2578 -0.4475 2.4026 4.0000 0.0970 0.0467 
38.0504 16.5000 3166.8878 0.4071 0.2618 -0.4459 2.3889 4.0000 0.0962 0.0434 
38.0303 16.5000 3173.6721 0.4089 0.2560 -0.4734 2.3883 5.0000 0.0974 0.0482 
38.1513 16.5000 3195.3417 0.4163 0.2606 -0.4661 2.3766 4.0000 0.0962 0.0495 
37.9748 16.5000 3133.7856 0.4089 0.2536 -0.4792 2.3933 4.0000 0.0974 0.0477 
37.9294 16.5000 3150.6406 0.4099 0.2509 -0.4908 2.3810 4.0000 0.0993 0.0515 
37.9950 16.5000 3161.3720 0.4121 0.2625 -0.4675 2.3856 4.0000 0.0988 0.0467 
37.8562 16.5000 3119.0265 0.4011 0.2532 -0.4635 2.3986 4.0000 0.0965 0.0502 
38.0303 16.5000 3164.1690 0.4116 0.2651 -0.4513 2.3903 4.0000 0.1002 0.0434 
37.9016 16.5000 3115.1223 0.4088 0.2553 -0.4796 2.3846 4.0000 0.1091 0.0532 
38.1488 16.5000 3191.0063 0.4164 0.2615 -0.4754 2.3852 4.0000 0.0988 0.0532 
37.7957 16.5000 3102.3682 0.3992 0.2598 -0.4445 2.3944 4.0000 0.1105 0.0503 
37.9723 16.5000 3158.3178 0.4122 0.2570 -0.4873 2.3940 4.0000 0.1059 0.0542 
37.8991 16.5000 3118.5120 0.4059 0.2597 -0.4628 2.3957 4.0000 0.1051 0.0542 
37.7579 16.5000 3105.5586 0.4107 0.2606 -0.4585 2.3913 4.0000 0.1051 0.0470 
37.8285 16.5000 3118.5977 0.4103 0.2616 -0.4538 2.3892 4.0000 0.1083 0.0486 
38.0202 16.5000 3165.5662 0.4050 0.2653 -0.4481 2.4012 4.0000 0.1030 0.0486 
37.9622 16.5000 3146.5145 0.4125 0.2586 -0.4645 2.3824 4.0000 0.1034 0.0498 
38.2900 16.5000 3222.6532 0.4142 0.2576 -0.4710 2.3814 5.0000 0.1079 0.0503 
37.9168 16.5000 3129.4805 0.4030 0.2577 -0.4582 2.3971 4.0000 0.1113 0.0503 
37.8991 16.5000 3120.4414 0.4051 0.2642 -0.4478 2.4034 4.0000 0.1081 0.0469 
37.9950 16.5000 3157.6066 0.4100 0.2638 -0.4481 2.3891 4.0000 0.1055 0.0515 
38.0227 16.5000 3141.2106 0.4066 0.2628 -0.4496 2.3935 4.0000 0.1040 0.0515 
37.8562 16.5000 3127.8108 0.4092 0.2587 -0.4699 2.3865 4.0000 0.0972 0.0488 
37.9168 16.5000 3153.1072 0.4157 0.2529 -0.4963 2.3885 4.0000 0.0990 0.0488 
37.9521 16.5000 3155.1980 0.4058 0.2600 -0.4450 2.3980 5.0000 0.0997 0.0477 
37.9924 16.5000 3158.0429 0.4141 0.2576 -0.4958 2.3969 5.0000 0.1230 0.0486 
38.0429 16.5000 3158.8449 0.4140 0.2554 -0.4904 2.3890 4.0000 0.0990 0.0486 
37.9596 16.5000 3153.2257 0.4065 0.2611 -0.4490 2.3879 4.0000 0.0993 0.0486 
37.9117 16.5000 3136.9155 0.4106 0.2589 -0.4637 2.3897 4.0000 0.1029 0.0499 
37.8916 16.5000 3119.4199 0.4079 0.2593 -0.4698 2.3879 4.0000 0.1023 0.0499 
37.9142 16.5000 3119.6368 0.4098 0.2557 -0.4840 2.3889 5.0000 0.1018 0.0499 
37.8890 16.5000 3133.1854 0.4099 0.2546 -0.4822 2.3849 4.0000 0.1048 0.0495 
37.8436 16.5000 3113.5107 0.4033 0.2538 -0.4746 2.3930 4.0000 0.1019 0.0495 
37.9294 16.5000 3144.4161 0.4189 0.2567 -0.5018 2.3865 4.0000 0.1017 0.0495 
37.8588 16.5000 3124.1816 0.4071 0.2597 -0.4630 2.4019 4.0000 0.1050 0.0470 
37.9849 16.5000 3154.7894 0.4060 0.2587 -0.4578 2.3959 5.0000 0.1058 0.0470 
38.0177 16.5000 3169.3544 0.4187 0.2590 -0.4934 2.3850 4.0000 0.1110 0.0470 
38.0984 16.5000 3185.7730 0.4095 0.2611 -0.4581 2.3849 4.0000 0.1029 0.0463 
38.0202 16.5000 3180.9710 0.4068 0.2592 -0.4542 2.3976 5.0000 0.1181 0.0450 
38.0454 16.5000 3175.7503 0.4125 0.2552 -0.4843 2.3842 4.0000 0.1087 0.0450 
38.0908 16.5000 3183.5410 0.4106 0.2547 -0.4783 2.3844 4.0000 0.1022 0.0510 
37.8739 16.5000 3123.2963 0.4083 0.2522 -0.4886 2.3870 4.0000 0.1050 0.0510 
