39.6542 16.5000 3631.7526 0.3256 0.1005 -0.5750 3.0429 6.0000 15.9437 0.0030 
39.6866 16.5000 3648.1770 0.3243 0.0994 -0.5700 3.0460 6.0000 15.8533 0.0030 
39.6659 16.5000 3638.2373 0.3247 0.0995 -0.5735 3.0441 6.0000 16.1520 0.0038 
39.6556 16.5000 3634.7633 0.3231 0.0997 -0.5725 3.0500 6.0000 15.8737 0.0038 
39.6669 16.5000 3638.9561 0.3229 0.0993 -0.5717 3.0430 6.0000 16.6108 0.0029 
39.6902 16.5000 3649.8645 0.3268 0.1008 -0.5751 3.0475 6.0000 16.4936 0.0029 
39.6579 16.5000 3636.0238 0.3242 0.1007 -0.5725 3.0488 6.0000 16.4732 0.0028 
39.6595 16.5000 3635.5440 0.3239 0.0996 -0.5700 3.0472 6.0000 16.0903 0.0037 
39.6939 16.5000 3650.1215 0.3268 0.1019 -0.5731 3.0467 6.0000 16.0245 0.0036 
39.6646 16.5000 3638.4219 0.3240 0.1022 -0.5709 3.0551 6.0000 16.8611 0.0040 
39.6483 16.5000 3634.2419 0.3258 0.1013 -0.5727 3.0492 6.0000 16.8152 0.0035 
39.6664 16.5000 3639.6918 0.3218 0.0995 -0.5680 3.0493 6.0000 16.7604 0.0034 
39.6696 16.5000 3640.9151 0.3252 0.1013 -0.5677 3.0474 6.0000 16.7249 0.0035 
39.6666 16.5000 3641.0694 0.3284 0.1006 -0.5717 3.0424 6.0000 16.7741 0.0035 
39.6678 16.5000 3639.0056 0.3216 0.1003 -0.5666 3.0505 6.0000 16.8872 0.0034 
39.6724 16.5000 3641.5192 0.3235 0.0992 -0.5746 3.0450 5.0000 17.2070 0.0036 
39.6632 16.5000 3635.5811 0.3258 0.1011 -0.5709 3.0475 6.0000 16.6884 0.0034 
39.6703 16.5000 3638.0094 0.3256 0.1014 -0.5757 3.0520 6.0000 17.0183 0.0031 
39.6827 16.5000 3645.1397 0.3260 0.1016 -0.5706 3.0452 5.0000 17.2066 0.0043 
39.6361 16.5000 3627.5674 0.3260 0.0999 -0.5734 3.0454 6.0000 16.7438 0.0039 
39.6494 16.5000 3633.0201 0.3251 0.1030 -0.5698 3.0533 6.0000 16.9426 0.0030 
39.6863 16.5000 3648.3299 0.3245 0.1015 -0.5664 3.0494 6.0000 16.8629 0.0038 
39.6549 16.5000 3637.0900 0.3237 0.1006 -0.5717 3.0470 6.0000 17.1726 0.0037 
39.6577 16.5000 3634.0963 0.3249 0.1017 -0.5720 3.0490 6.0000 16.8832 0.0031 
39.6831 16.5000 3646.7628 0.3238 0.1005 -0.5689 3.0491 6.0000 16.8995 0.0040 
39.6471 16.5000 3633.3560 0.3275 0.1027 -0.5726 3.0542 6.0000 16.9704 0.0035 
39.6655 16.5000 3640.5931 0.3241 0.1019 -0.5685 3.0515 6.0000 16.5788 0.0038 
39.6536 16.5000 3636.3923 0.3243 0.1001 -0.5697 3.0480 6.0000 16.9015 0.0035 
39.6675 16.5000 3641.1159 0.3229 0.1003 -0.5682 3.0482 6.0000 16.8758 0.0030 
39.6866 16.5000 3647.3023 0.3261 0.1018 -0.5719 3.0482 6.0000 17.3568 0.0039 
39.6503 16.5000 3633.3358 0.3245 0.1010 -0.5722 3.0459 6.0000 16.9429 0.0040 
39.6478 16.5000 3634.4216 0.3262 0.1013 -0.5712 3.0499 6.0000 17.1952 0.0035 
39.6666 16.5000 3640.5418 0.3230 0.0994 -0.5705 3.0470 6.0000 16.7740 0.0039 
39.6522 16.5000 3633.7826 0.3276 0.1016 -0.5754 3.0432 6.0000 16.8086 0.0037 
39.6584 16.5000 3638.2543 0.3245 0.1007 -0.5727 3.0491 6.0000 16.9373 0.0031 
39.6824 16.5000 3645.8290 0.3234 0.1005 -0.5693 3.0475 6.0000 17.3568 0.0035 
39.6657 16.5000 3637.9172 0.3254 0.0999 -0.5741 3.0480 5.0000 16.7741 0.0037 
39.6595 16.5000 3636.6131 0.3212 0.0986 -0.5694 3.0444 6.0000 17.6258 0.0036 
39.6641 16.5000 3640.2366 0.3247 0.1017 -0.5722 3.0534 6.0000 16.8531 0.0042 
39.6387 16.5000 3630.5526 0.3268 0.1019 -0.5749 3.0497 6.0000 17.4323 0.0032 
39.6779 16.5000 3642.3517 0.3231 0.1000 -0.5700 3.0451 6.0000 17.0828 0.0027 
39.6994 16.5000 3653.5148 0.3236 0.0991 -0.5707 3.0455 6.0000 17.1960 0.0040 
39.6483 16.5000 3630.6899 0.3269 0.1003 -0.5755 3.0485 6.0000 17.4542 0.0033 
39.6758 16.5000 3644.4235 0.3257 0.1006 -0.5762 3.0479 6.0000 16.8622 0.0040 
39.6462 16.5000 3631.9170 0.3274 0.1012 -0.5739 3.0520 6.0000 16.8208 0.0039 
39.6499 16.5000 3633.7377 0.3258 0.1018 -0.5710 3.0500 6.0000 16.9872 0.0035 
39.6669 16.5000 3639.7886 0.3250 0.1010 -0.5729 3.0512 5.0000 16.9783 0.0035 
39.6685 16.5000 3639.6602 0.3243 0.1011 -0.5738 3.0538 5.0000 16.9159 0.0040 
39.6485 16.5000 3633.9865 0.3244 0.1014 -0.5734 3.0515 6.0000 17.2128 0.0029 
39.6893 16.5000 3649.7058 0.3232 0.1003 -0.5720 3.0424 6.0000 17.0667 0.0033 
39.6742 16.5000 3641.7985 0.3229 0.0994 -0.5683 3.0453 6.0000 16.9849 0.0037 
39.6586 16.5000 3638.5322 0.3273 0.1003 -0.5782 3.0450 5.0000 17.1348 0.0040 
39.6460 16.5000 3633.1627 0.3247 0.1007 -0.5734 3.0517 6.0000 16.7964 0.0034 
39.6694 16.5000 3640.6624 0.3268 0.1016 -0.5721 3.0484 6.0000 17.1584 0.0032 
39.6769 16.5000 3644.6789 0.3235 0.1002 -0.5683 3.0455 6.0000 16.7734 0.0035 
39.6682 16.5000 3638.5209 0.3280 0.1013 -0.5766 3.0467 6.0000 17.0307 0.0036 
39.6616 16.5000 3638.0906 0.3251 0.1010 -0.5698 3.0486 6.0000 16.9920 0.0026 
39.7008 16.5000 3652.5980 0.3232 0.1009 -0.5713 3.0471 6.0000 16.7234 0.0030 
39.6863 16.5000 3648.5085 0.3258 0.1011 -0.5748 3.0446 6.0000 17.1510 0.0044 
39.6309 16.5000 3626.5019 0.3210 0.0991 -0.5704 3.0457 6.0000 17.2232 0.0029 
39.6889 16.5000 3649.6790 0.3250 0.1018 -0.5699 3.0489 5.0000 17.0212 0.0039 
39.6524 16.5000 3634.3574 0.3235 0.1003 -0.5740 3.0475 6.0000 17.5007 0.0040 
39.6476 16.5000 3633.9972 0.3240 0.0999 -0.5721 3.0434 6.0000 17.1908 0.0037 
39.6577 16.5000 3636.1610 0.3238 0.1004 -0.5689 3.0501 5.0000 17.2871 0.0033 
39.6744 16.5000 3642.1898 0.3231 0.1006 -0.5692 3.0515 6.0000 17.1754 0.0036 
39.6634 16.5000 3638.0050 0.3259 0.1018 -0.5714 3.0469 6.0000 16.9655 0.0036 
39.6630 16.5000 3638.3501 0.3251 0.1008 -0.5723 3.0473 5.0000 17.2596 0.0037 
39.6593 16.5000 3638.8706 0.3244 0.1023 -0.5666 3.0498 6.0000 17.0546 0.0038 
39.6545 16.5000 3636.1272 0.3244 0.1006 -0.5756 3.0553 6.0000 16.9757 0.0031 
39.6822 16.5000 3645.2608 0.3262 0.1010 -0.5754 3.0481 6.0000 17.4783 0.0040 
39.6478 16.5000 3632.1885 0.3273 0.1017 -0.5747 3.0483 6.0000 17.4237 0.0033 
39.6753 16.5000 3643.0675 0.3231 0.1003 -0.5693 3.0492 6.0000 17.5397 0.0036 
39.6630 16.5000 3639.1948 0.3266 0.0995 -0.5733 3.0471 5.0000 17.2345 0.0038 
39.6563 16.5000 3635.1512 0.3278 0.1013 -0.5770 3.0482 6.0000 17.1201 0.0038 
39.6554 16.5000 3636.1621 0.3244 0.0997 -0.5718 3.0484 6.0000 17.2611 0.0034 
39.6728 16.5000 3641.9115 0.3239 0.1006 -0.5653 3.0483 6.0000 17.3363 0.0033 
39.6735 16.5000 3642.4498 0.3252 0.1008 -0.5716 3.0467 6.0000 17.4659 0.0036 
39.6636 16.5000 3637.4582 0.3238 0.0995 -0.5710 3.0457 6.0000 17.3829 0.0038 
39.6542 16.5000 3635.8950 0.3245 0.1002 -0.5729 3.0474 6.0000 16.9061 0.0036 
39.6625 16.5000 3637.1803 0.3209 0.0976 -0.5708 3.0458 6.0000 17.2470 0.0036 
39.6618 16.5000 3638.5425 0.3255 0.1014 -0.5737 3.0497 6.0000 17.3698 0.0042 
39.6405 16.5000 3632.3453 0.3283 0.1008 -0.5783 3.0452 6.0000 17.2931 0.0035 
39.6664 16.5000 3640.7520 0.3229 0.1007 -0.5653 3.0443 6.0000 16.9809 0.0036 
39.6623 16.5000 3638.5079 0.3237 0.1007 -0.5722 3.0447 6.0000 17.7814 0.0032 
39.6795 16.5000 3645.6001 0.3250 0.1019 -0.5698 3.0450 6.0000 17.1255 0.0038 
39.6545 16.5000 3634.4613 0.3259 0.1011 -0.5710 3.0454 6.0000 17.3921 0.0038 
39.6547 16.5000 3636.3407 0.3279 0.1018 -0.5707 3.0448 6.0000 17.4484 0.0037 
39.6607 16.5000 3638.4803 0.3266 0.1007 -0.5746 3.0496 6.0000 17.3696 0.0036 
39.6632 16.5000 3638.0257 0.3248 0.1017 -0.5730 3.0514 6.0000 16.9041 0.0038 
39.6559 16.5000 3635.3617 0.3250 0.1005 -0.5729 3.0483 6.0000 17.1284 0.0034 
39.6714 16.5000 3641.4976 0.3232 0.1006 -0.5668 3.0468 6.0000 17.0589 0.0038 
39.6549 16.5000 3634.6982 0.3234 0.1008 -0.5737 3.0536 6.0000 17.0951 0.0039 
39.6497 16.5000 3633.7813 0.3249 0.1016 -0.5736 3.0487 5.0000 16.9072 0.0039 
39.6524 16.5000 3634.0390 0.3268 0.1014 -0.5746 3.0536 6.0000 17.2037 0.0033 
39.6744 16.5000 3641.8370 0.3290 0.1020 -0.5764 3.0479 6.0000 16.8610 0.0040 
39.6460 16.5000 3632.9971 0.3255 0.1015 -0.5738 3.0484 6.0000 17.4415 0.0038 
39.6545 16.5000 3637.5985 0.3242 0.1018 -0.5646 3.0476 6.0000 17.4763 0.0040 
39.6469 16.5000 3629.1689 0.3241 0.1005 -0.5729 3.0467 6.0000 17.6639 0.0031 
39.6847 16.5000 3647.2817 0.3233 0.1007 -0.5704 3.0494 6.0000 16.4659 0.0032 
39.6774 16.5000 3644.0837 0.3246 0.0994 -0.5737 3.0453 6.0000 15.6625 0.0032 
