31.0540 1.0000 3007.9546 0.3310 0.1107 -0.2877 3.5070 8.0000 24.9010 0.0011 
31.0599 1.0000 3010.7276 0.3331 0.1098 -0.2897 3.5068 8.0000 25.4530 0.0011 
31.0553 1.0000 3008.4403 0.3327 0.1095 -0.2908 3.5085 9.0000 22.9870 0.0011 
31.0511 1.0000 3006.0480 0.3314 0.1092 -0.2908 3.5067 8.0000 25.7681 0.0010 
31.0546 1.0000 3008.1674 0.3322 0.1092 -0.2906 3.5058 8.0000 21.9160 0.0011 
31.0549 1.0000 3008.6340 0.3308 0.1100 -0.2880 3.5083 8.0000 25.3838 0.0012 
31.0559 1.0000 3009.3797 0.3315 0.1106 -0.2868 3.5042 8.0000 24.1961 0.0008 
31.0554 1.0000 3008.5986 0.3304 0.1092 -0.2891 3.5064 9.0000 10.6918 0.0010 
31.0535 1.0000 3008.0689 0.3329 0.1094 -0.2915 3.5067 8.0000 8.6400 0.0011 
31.0507 1.0000 3006.2099 0.3322 0.1107 -0.2881 3.5084 9.0000 12.0063 0.0009 
31.0538 1.0000 3008.0278 0.3317 0.1098 -0.2891 3.5073 9.0000 12.2535 0.0011 
31.0625 1.0000 3011.5208 0.3322 0.1106 -0.2872 3.5061 8.0000 11.3196 0.0010 
31.0534 1.0000 3007.8708 0.3315 0.1088 -0.2902 3.5058 9.0000 10.4890 0.0010 
31.0542 1.0000 3007.5867 0.3306 0.1104 -0.2873 3.5064 8.0000 11.6906 0.0012 
31.0591 1.0000 3010.2636 0.3330 0.1108 -0.2880 3.5051 8.0000 12.7870 0.0011 
31.0515 1.0000 3006.5388 0.3313 0.1103 -0.2873 3.5104 8.0000 10.6423 0.0012 
31.0525 1.0000 3006.8186 0.3316 0.1095 -0.2883 3.5107 8.0000 12.7779 0.0010 
31.0499 1.0000 3006.4286 0.3324 0.1102 -0.2870 3.5057 8.0000 13.2459 0.0009 
31.0567 1.0000 3008.9754 0.3293 0.1093 -0.2854 3.5033 8.0000 13.0900 0.0009 
31.0512 1.0000 3006.5335 0.3329 0.1100 -0.2914 3.5071 8.0000 12.6555 0.0012 
31.0497 1.0000 3005.7339 0.3310 0.1096 -0.2887 3.5057 7.0000 8.8629 0.0012 
31.0538 1.0000 3007.9833 0.3314 0.1094 -0.2879 3.5052 8.0000 12.9477 0.0010 
31.0560 1.0000 3008.5107 0.3327 0.1097 -0.2903 3.5107 8.0000 12.3064 0.0009 
31.0581 1.0000 3009.5985 0.3306 0.1095 -0.2864 3.5127 9.0000 11.9486 0.0013 
31.0572 1.0000 3009.3805 0.3324 0.1100 -0.2882 3.5071 8.0000 10.7536 0.0009 
31.0489 1.0000 3005.5310 0.3300 0.1088 -0.2898 3.5076 8.0000 12.1179 0.0014 
31.0502 1.0000 3006.3712 0.3320 0.1099 -0.2913 3.5064 8.0000 12.4583 0.0011 
31.0547 1.0000 3008.1554 0.3308 0.1089 -0.2896 3.5080 8.0000 12.2827 0.0012 
31.0583 1.0000 3009.5480 0.3315 0.1095 -0.2886 3.5102 8.0000 12.2842 0.0012 
31.0470 1.0000 3004.4783 0.3302 0.1095 -0.2872 3.5046 8.0000 12.6814 0.0010 
31.0583 1.0000 3009.7035 0.3314 0.1091 -0.2888 3.5057 8.0000 13.2519 0.0009 
31.0421 1.0000 3002.4124 0.3311 0.1102 -0.2888 3.5134 9.0000 12.2127 0.0011 
31.0513 1.0000 3006.4424 0.3326 0.1114 -0.2858 3.5077 8.0000 12.7591 0.0010 
31.0498 1.0000 3005.5387 0.3346 0.1098 -0.2923 3.5068 8.0000 11.2968 0.0011 
31.0496 1.0000 3005.7562 0.3337 0.1099 -0.2898 3.5066 9.0000 11.1977 0.0012 
31.0562 1.0000 3008.6507 0.3318 0.1107 -0.2861 3.5098 10.0000 12.0439 0.0012 
31.0586 1.0000 3009.8951 0.3320 0.1096 -0.2901 3.5098 8.0000 10.0796 0.0012 
31.0560 1.0000 3008.8623 0.3328 0.1100 -0.2896 3.5060 7.0000 12.9194 0.0014 
31.0532 1.0000 3006.9850 0.3309 0.1087 -0.2908 3.5053 8.0000 12.9271 0.0009 
31.0530 1.0000 3007.0998 0.3312 0.1093 -0.2903 3.5043 8.0000 12.6813 0.0010 
31.0494 1.0000 3005.8044 0.3309 0.1101 -0.2888 3.5045 8.0000 11.1749 0.0010 
31.0478 1.0000 3004.7566 0.3331 0.1109 -0.2896 3.5090 8.0000 10.9201 0.0010 
31.0505 1.0000 3006.4837 0.3312 0.1097 -0.2884 3.5077 7.0000 12.3934 0.0012 
31.0436 1.0000 3003.3860 0.3326 0.1114 -0.2871 3.5080 9.0000 11.2870 0.0011 
31.0569 1.0000 3009.3144 0.3306 0.1081 -0.2899 3.5022 8.0000 13.3334 0.0011 
31.0587 1.0000 3009.7383 0.3298 0.1092 -0.2883 3.5070 8.0000 13.4388 0.0009 
31.0567 1.0000 3008.7125 0.3338 0.1111 -0.2902 3.5107 8.0000 12.0572 0.0008 
31.0559 1.0000 3008.2463 0.3331 0.1101 -0.2903 3.5062 8.0000 11.5333 0.0009 
31.0603 1.0000 3011.0426 0.3309 0.1104 -0.2864 3.5095 8.0000 10.3591 0.0010 
31.0485 1.0000 3005.3507 0.3334 0.1104 -0.2892 3.5077 7.0000 11.5919 0.0012 
31.0517 1.0000 3007.2776 0.3319 0.1103 -0.2893 3.5070 9.0000 11.3280 0.0010 
31.0538 1.0000 3007.9166 0.3316 0.1096 -0.2888 3.5068 8.0000 12.4022 0.0010 
31.0576 1.0000 3009.5107 0.3356 0.1121 -0.2901 3.5086 8.0000 11.5222 0.0011 
31.0542 1.0000 3007.5237 0.3295 0.1085 -0.2893 3.5010 8.0000 11.7593 0.0011 
31.0588 1.0000 3009.8506 0.3323 0.1107 -0.2865 3.5053 8.0000 8.2486 0.0009 
31.0501 1.0000 3005.7239 0.3319 0.1111 -0.2861 3.5091 8.0000 11.9962 0.0013 
31.0547 1.0000 3008.0762 0.3317 0.1096 -0.2893 3.5083 8.0000 13.0270 0.0010 
31.0571 1.0000 3009.0430 0.3306 0.1095 -0.2889 3.5060 9.0000 12.7238 0.0009 
31.0531 1.0000 3007.7394 0.3312 0.1116 -0.2851 3.5097 8.0000 8.6013 0.0009 
31.0546 1.0000 3007.8152 0.3295 0.1092 -0.2862 3.5077 9.0000 8.5982 0.0011 
31.0537 1.0000 3007.6368 0.3324 0.1099 -0.2894 3.5084 8.0000 8.7197 0.0010 
31.0475 1.0000 3004.3617 0.3321 0.1102 -0.2904 3.5089 8.0000 12.1338 0.0011 
31.0569 1.0000 3008.6815 0.3307 0.1092 -0.2894 3.5067 8.0000 11.7283 0.0011 
31.0581 1.0000 3009.6895 0.3331 0.1101 -0.2904 3.5102 9.0000 12.3398 0.0012 
31.0578 1.0000 3009.3034 0.3301 0.1104 -0.2861 3.5064 7.0000 8.1785 0.0011 
31.0559 1.0000 3008.9791 0.3313 0.1101 -0.2880 3.5065 8.0000 12.1365 0.0010 
31.0526 1.0000 3007.1784 0.3314 0.1100 -0.2875 3.5049 8.0000 11.8865 0.0012 
31.0527 1.0000 3007.3576 0.3318 0.1091 -0.2904 3.5050 8.0000 8.2278 0.0011 
31.0528 1.0000 3007.2533 0.3320 0.1120 -0.2845 3.5109 9.0000 9.7260 0.0010 
31.0502 1.0000 3006.1679 0.3323 0.1096 -0.2899 3.5053 8.0000 11.7473 0.0010 
31.0525 1.0000 3007.3227 0.3325 0.1105 -0.2870 3.5056 8.0000 10.5187 0.0013 
31.0575 1.0000 3009.3973 0.3334 0.1102 -0.2895 3.5070 8.0000 12.3023 0.0009 
31.0559 1.0000 3008.7910 0.3326 0.1100 -0.2902 3.5076 8.0000 12.0158 0.0009 
31.0498 1.0000 3006.1328 0.3329 0.1102 -0.2892 3.5082 8.0000 11.8723 0.0011 
31.0558 1.0000 3008.4449 0.3300 0.1092 -0.2876 3.5082 9.0000 11.8085 0.0009 
31.0544 1.0000 3007.6662 0.3306 0.1087 -0.2895 3.5059 8.0000 11.7169 0.0009 
31.0467 1.0000 3004.9982 0.3325 0.1091 -0.2898 3.5045 8.0000 11.6640 0.0011 
31.0574 1.0000 3009.4554 0.3316 0.1096 -0.2882 3.5107 8.0000 12.1733 0.0011 
31.0530 1.0000 3007.7342 0.3315 0.1101 -0.2887 3.5080 8.0000 9.3975 0.0011 
31.0528 1.0000 3007.5293 0.3319 0.1097 -0.2897 3.5094 8.0000 13.0212 0.0011 
31.0596 1.0000 3010.1135 0.3321 0.1102 -0.2881 3.5060 8.0000 11.0343 0.0009 
31.0577 1.0000 3009.1934 0.3301 0.1086 -0.2901 3.5070 8.0000 12.5118 0.0011 
31.0517 1.0000 3007.0625 0.3333 0.1096 -0.2921 3.5008 9.0000 8.5084 0.0010 
31.0534 1.0000 3008.4898 0.3317 0.1110 -0.2872 3.5072 9.0000 12.4685 0.0012 
31.0524 1.0000 3007.5654 0.3339 0.1105 -0.2905 3.5079 8.0000 8.3836 0.0011 
31.0533 1.0000 3007.4917 0.3294 0.1081 -0.2894 3.5029 8.0000 11.9794 0.0011 
31.0541 1.0000 3008.1836 0.3311 0.1098 -0.2886 3.5040 8.0000 12.1607 0.0010 
31.0586 1.0000 3009.6069 0.3312 0.1087 -0.2901 3.5080 8.0000 12.7779 0.0009 
31.0516 1.0000 3006.5614 0.3325 0.1096 -0.2914 3.5073 8.0000 12.7427 0.0010 
31.0488 1.0000 3005.7364 0.3332 0.1096 -0.2910 3.5088 8.0000 12.6791 0.0009 
31.0529 1.0000 3007.0241 0.3305 0.1098 -0.2875 3.5063 8.0000 12.6451 0.0010 
31.0584 1.0000 3009.6451 0.3314 0.1091 -0.2896 3.5080 8.0000 12.1706 0.0009 
31.0523 1.0000 3006.8720 0.3331 0.1102 -0.2901 3.5066 8.0000 8.1736 0.0010 
31.0543 1.0000 3008.4507 0.3325 0.1114 -0.2864 3.5130 8.0000 11.9721 0.0009 
31.0551 1.0000 3008.7363 0.3322 0.1097 -0.2900 3.5110 8.0000 11.9518 0.0009 
31.0571 1.0000 3008.9359 0.3322 0.1100 -0.2890 3.5122 9.0000 12.1626 0.0009 
31.0543 1.0000 3008.2940 0.3317 0.1103 -0.2886 3.5087 8.0000 11.8459 0.0009 
31.0574 1.0000 3009.2391 0.3311 0.1094 -0.2889 3.5056 8.0000 11.8592 0.0009 
31.0544 1.0000 3008.1833 0.3312 0.1105 -0.2880 3.5079 8.0000 11.8997 0.0009 
31.0572 1.0000 3009.2226 0.3300 0.1093 -0.2883 3.5078 8.0000 8.5444 0.0009 
