39.6692 16.5000 3642.7945 0.4983 0.1798 -0.6397 3.1932 6.0000 27.6554 0.0027 
39.6983 16.5000 3653.8731 0.4952 0.1788 -0.6336 3.1878 6.0000 27.8999 0.0035 
39.6518 16.5000 3635.9556 0.4990 0.1824 -0.6309 3.1897 6.0000 27.7980 0.0027 
39.6657 16.5000 3642.0171 0.4963 0.1772 -0.6431 3.1844 6.0000 28.5269 0.0036 
39.6490 16.5000 3637.2773 0.4961 0.1815 -0.6296 3.1865 6.0000 28.0629 0.0036 
39.6650 16.5000 3642.0749 0.4952 0.1776 -0.6336 3.1840 6.0000 28.2677 0.0036 
39.6622 16.5000 3641.5984 0.4980 0.1793 -0.6349 3.1893 6.0000 31.6290 0.0038 
39.6851 16.5000 3646.4873 0.4972 0.1803 -0.6305 3.1876 6.0000 32.0425 0.0038 
39.6545 16.5000 3638.0056 0.4957 0.1800 -0.6339 3.1902 6.0000 32.1270 0.0038 
39.6554 16.5000 3638.3725 0.4992 0.1811 -0.6362 3.1902 6.0000 29.0762 0.0033 
39.6514 16.5000 3636.3804 0.4961 0.1795 -0.6347 3.1823 6.0000 29.2759 0.0046 
39.6758 16.5000 3642.9561 0.4994 0.1814 -0.6358 3.1829 6.0000 28.9309 0.0038 
39.6535 16.5000 3640.6427 0.4973 0.1787 -0.6367 3.1867 6.0000 29.1722 0.0033 
39.6252 16.5000 3623.6083 0.4972 0.1836 -0.6322 3.1953 6.0000 29.1111 0.0035 
39.6741 16.5000 3643.7020 0.4990 0.1798 -0.6314 3.1848 6.0000 29.1141 0.0038 
39.6653 16.5000 3640.9658 0.4960 0.1786 -0.6323 3.1816 6.0000 29.2464 0.0030 
39.6537 16.5000 3635.2849 0.4965 0.1800 -0.6373 3.1852 6.0000 29.2030 0.0031 
39.6861 16.5000 3647.2267 0.4957 0.1791 -0.6332 3.1934 6.0000 29.5032 0.0045 
39.6826 16.5000 3646.9605 0.4917 0.1778 -0.6304 3.1841 6.0000 31.6802 0.0038 
39.6287 16.5000 3625.8219 0.4974 0.1820 -0.6335 3.1877 6.0000 31.8340 0.0041 
39.6570 16.5000 3636.4866 0.4973 0.1815 -0.6312 3.1909 6.0000 32.3237 0.0045 
39.6444 16.5000 3630.2534 0.4942 0.1768 -0.6327 3.1823 6.0000 28.9365 0.0040 
39.6273 16.5000 3626.2260 0.4966 0.1798 -0.6360 3.1852 6.0000 29.4942 0.0038 
39.6490 16.5000 3634.5508 0.4918 0.1772 -0.6351 3.1866 6.0000 29.6477 0.0041 
39.6554 16.5000 3637.6754 0.4961 0.1806 -0.6316 3.1911 6.0000 29.0116 0.0036 
39.6432 16.5000 3632.2801 0.4953 0.1778 -0.6373 3.1803 6.0000 29.3224 0.0036 
39.6628 16.5000 3640.1554 0.4977 0.1813 -0.6324 3.1831 6.0000 29.7032 0.0038 
39.6646 16.5000 3636.8073 0.4945 0.1784 -0.6301 3.1878 6.0000 29.3354 0.0039 
39.6539 16.5000 3634.9968 0.4931 0.1776 -0.6342 3.1949 6.0000 29.2141 0.0034 
39.6514 16.5000 3634.1141 0.4993 0.1805 -0.6334 3.1919 6.0000 29.4351 0.0042 
39.6694 16.5000 3644.2439 0.5000 0.1808 -0.6383 3.1831 6.0000 29.4336 0.0039 
39.6392 16.5000 3630.4101 0.4933 0.1816 -0.6256 3.1930 6.0000 29.1560 0.0038 
39.6520 16.5000 3635.3029 0.4953 0.1786 -0.6378 3.1864 6.0000 29.5800 0.0040 
39.6558 16.5000 3639.4564 0.4964 0.1804 -0.6335 3.1841 6.0000 32.1910 0.0033 
39.6473 16.5000 3634.4179 0.4951 0.1791 -0.6345 3.1888 6.0000 32.3728 0.0037 
39.6764 16.5000 3642.2668 0.5018 0.1819 -0.6368 3.1925 6.0000 32.5043 0.0042 
39.6609 16.5000 3637.4374 0.4955 0.1801 -0.6333 3.1889 6.0000 29.2247 0.0035 
39.6407 16.5000 3631.9534 0.4949 0.1815 -0.6307 3.1886 6.0000 29.5692 0.0033 
39.6677 16.5000 3641.2806 0.4967 0.1799 -0.6393 3.1859 6.0000 29.9904 0.0031 
39.6750 16.5000 3641.9959 0.4912 0.1777 -0.6286 3.1893 6.0000 32.4897 0.0033 
39.6812 16.5000 3646.1760 0.4959 0.1778 -0.6303 3.1884 6.0000 32.4846 0.0045 
39.6731 16.5000 3643.1867 0.4967 0.1802 -0.6320 3.1884 6.0000 32.5948 0.0031 
39.6283 16.5000 3628.3131 0.4990 0.1810 -0.6345 3.1928 6.0000 29.1198 0.0045 
39.6818 16.5000 3645.1704 0.4998 0.1829 -0.6390 3.1862 6.0000 29.5033 0.0040 
39.6260 16.5000 3623.2158 0.4933 0.1786 -0.6313 3.1946 6.0000 30.3084 0.0034 
39.6485 16.5000 3633.2116 0.4956 0.1819 -0.6270 3.1894 6.0000 32.9259 0.0037 
39.6719 16.5000 3642.7568 0.5007 0.1829 -0.6327 3.1978 6.0000 32.9308 0.0033 
39.6609 16.5000 3637.8485 0.4969 0.1797 -0.6352 3.1905 6.0000 32.8807 0.0036 
39.6729 16.5000 3643.4975 0.4925 0.1784 -0.6313 3.1832 6.0000 32.5663 0.0035 
39.6636 16.5000 3639.9466 0.4970 0.1793 -0.6338 3.1880 6.0000 32.8087 0.0034 
39.6651 16.5000 3641.0703 0.4965 0.1788 -0.6355 3.1849 6.0000 32.7163 0.0038 
39.6690 16.5000 3640.6579 0.4969 0.1792 -0.6311 3.1845 6.0000 32.7590 0.0038 
39.6554 16.5000 3637.5986 0.4925 0.1760 -0.6261 3.1812 6.0000 32.8037 0.0028 
39.6533 16.5000 3635.1931 0.4919 0.1765 -0.6325 3.1820 6.0000 32.6323 0.0033 
39.6939 16.5000 3652.9623 0.5002 0.1798 -0.6424 3.1830 6.0000 29.4914 0.0049 
39.6745 16.5000 3643.8188 0.4980 0.1799 -0.6370 3.1910 6.0000 29.2916 0.0027 
39.6135 16.5000 3623.2936 0.4954 0.1797 -0.6314 3.1805 6.0000 29.7208 0.0041 
39.6968 16.5000 3653.1363 0.4959 0.1792 -0.6376 3.1921 6.0000 29.7203 0.0035 
39.6432 16.5000 3634.4914 0.4951 0.1785 -0.6341 3.1821 6.0000 29.6520 0.0044 
39.6688 16.5000 3639.6665 0.4968 0.1778 -0.6392 3.1879 6.0000 29.3293 0.0038 
39.6302 16.5000 3629.6419 0.4936 0.1806 -0.6289 3.1848 6.0000 28.9788 0.0041 
39.6562 16.5000 3636.7987 0.4924 0.1784 -0.6261 3.1873 6.0000 29.3440 0.0022 
39.6417 16.5000 3632.9431 0.5016 0.1837 -0.6369 3.1840 6.0000 29.0571 0.0036 
39.7171 16.5000 3658.0625 0.4926 0.1757 -0.6315 3.1786 6.0000 29.2904 0.0035 
39.6618 16.5000 3637.1935 0.4998 0.1800 -0.6401 3.1936 6.0000 29.4794 0.0038 
39.6686 16.5000 3641.7705 0.4942 0.1785 -0.6330 3.1910 6.0000 29.2508 0.0033 
39.6537 16.5000 3635.5305 0.4952 0.1776 -0.6359 3.1868 6.0000 29.5942 0.0041 
39.6743 16.5000 3643.3802 0.4976 0.1783 -0.6395 3.1941 6.0000 29.6910 0.0035 
39.6450 16.5000 3630.2029 0.4943 0.1783 -0.6356 3.1908 6.0000 29.1118 0.0036 
39.6677 16.5000 3642.2757 0.4983 0.1809 -0.6289 3.1912 6.0000 29.4557 0.0035 
39.6620 16.5000 3639.6551 0.4939 0.1767 -0.6346 3.1803 6.0000 29.6196 0.0036 
39.6673 16.5000 3644.7979 0.4988 0.1790 -0.6350 3.1828 6.0000 29.2096 0.0036 
39.6624 16.5000 3639.9868 0.4921 0.1776 -0.6337 3.1949 6.0000 29.8799 0.0038 
39.6613 16.5000 3636.9229 0.4997 0.1828 -0.6331 3.1866 6.0000 30.2799 0.0041 
39.6547 16.5000 3635.9655 0.4989 0.1817 -0.6377 3.1855 6.0000 29.4862 0.0037 
39.6438 16.5000 3633.4948 0.4950 0.1754 -0.6349 3.1818 6.0000 33.0467 0.0037 
39.6580 16.5000 3638.0960 0.4933 0.1788 -0.6268 3.1854 6.0000 32.5885 0.0036 
39.6587 16.5000 3638.0277 0.4918 0.1778 -0.6327 3.1818 6.0000 32.2201 0.0031 
39.6617 16.5000 3638.5184 0.4967 0.1811 -0.6333 3.1863 6.0000 29.6234 0.0034 
39.6820 16.5000 3647.8656 0.4979 0.1813 -0.6336 3.1876 6.0000 29.7893 0.0040 
39.6692 16.5000 3642.1781 0.4971 0.1788 -0.6359 3.1879 6.0000 29.1688 0.0040 
39.6485 16.5000 3634.1597 0.5012 0.1813 -0.6363 3.1819 6.0000 29.2851 0.0035 
39.6209 16.5000 3626.7006 0.4963 0.1792 -0.6362 3.1846 6.0000 29.9457 0.0033 
39.6657 16.5000 3641.4017 0.4980 0.1793 -0.6401 3.1829 6.0000 29.4447 0.0036 
39.6613 16.5000 3638.1663 0.4949 0.1790 -0.6258 3.1861 6.0000 29.2475 0.0043 
39.6731 16.5000 3642.1861 0.4938 0.1779 -0.6292 3.1902 6.0000 29.3678 0.0037 
39.6362 16.5000 3628.2365 0.4955 0.1820 -0.6314 3.1960 6.0000 29.6777 0.0031 
39.6609 16.5000 3638.5240 0.4964 0.1779 -0.6349 3.1830 6.0000 29.3892 0.0033 
39.6836 16.5000 3646.5415 0.4953 0.1788 -0.6292 3.1893 6.0000 29.3656 0.0035 
39.6741 16.5000 3646.1740 0.4963 0.1796 -0.6327 3.1876 6.0000 29.5778 0.0028 
39.6665 16.5000 3638.8544 0.4973 0.1793 -0.6381 3.1811 6.0000 29.3285 0.0033 
39.6960 16.5000 3650.7060 0.4980 0.1782 -0.6369 3.1834 6.0000 29.3006 0.0036 
39.6760 16.5000 3644.5077 0.4992 0.1769 -0.6348 3.1847 6.0000 29.7986 0.0039 
39.6622 16.5000 3637.9496 0.4964 0.1790 -0.6336 3.1906 6.0000 29.4302 0.0035 
39.6494 16.5000 3637.2542 0.4940 0.1793 -0.6308 3.1885 6.0000 29.4985 0.0043 
39.6665 16.5000 3642.5529 0.4953 0.1778 -0.6380 3.1928 6.0000 29.3135 0.0036 
39.6364 16.5000 3631.9517 0.4994 0.1803 -0.6373 3.1870 6.0000 29.4416 0.0038 
39.6636 16.5000 3640.6846 0.4997 0.1817 -0.6360 3.1929 6.0000 29.2701 0.0035 
39.6554 16.5000 3638.7525 0.4930 0.1780 -0.6306 3.1815 6.0000 29.4449 0.0035 
39.6655 16.5000 3640.8511 0.4968 0.1802 -0.6328 3.1992 6.0000 19.3816 0.0035 
