39.4893 4.0000 3581.8718 0.3149 0.1127 -0.5585 2.8815 5.0000 4.2843 0.0080 
39.4935 4.0000 3571.0282 0.3191 0.1126 -0.5710 2.8863 5.0000 4.2234 0.0080 
39.4691 4.0000 3566.8869 0.3190 0.1134 -0.5688 2.8838 5.0000 4.2653 0.0080 
39.4552 4.0000 3555.0521 0.3170 0.1127 -0.5695 2.8903 5.0000 3.9959 0.0076 
39.4573 4.0000 3556.5784 0.3150 0.1122 -0.5650 2.8881 5.0000 4.0650 0.0086 
39.5048 4.0000 3586.1097 0.3184 0.1108 -0.5675 2.8848 5.0000 4.0318 0.0086 
39.4649 4.0000 3561.3859 0.3189 0.1130 -0.5677 2.8928 5.0000 3.9180 0.0100 
39.4603 4.0000 3566.4515 0.3170 0.1135 -0.5683 2.8908 5.0000 4.0260 0.0081 
39.4115 4.0000 3547.0656 0.3188 0.1122 -0.5710 2.8848 5.0000 3.9473 0.0081 
39.4876 4.0000 3581.2224 0.3186 0.1118 -0.5656 2.8864 5.0000 4.1507 0.0088 
39.4388 4.0000 3549.4712 0.3143 0.1114 -0.5666 2.8833 5.0000 4.1346 0.0074 
39.4569 4.0000 3569.1030 0.3194 0.1122 -0.5709 2.8915 5.0000 4.1695 0.0081 
39.5145 4.0000 3592.6696 0.3193 0.1110 -0.5730 2.8754 5.0000 4.2019 0.0072 
39.4872 4.0000 3575.0084 0.3164 0.1115 -0.5696 2.8841 5.0000 4.2380 0.0087 
39.5200 4.0000 3587.7987 0.3175 0.1124 -0.5654 2.8836 5.0000 4.2347 0.0102 
39.4628 4.0000 3567.0223 0.3196 0.1122 -0.5706 2.8865 5.0000 4.1197 0.0074 
39.4044 4.0000 3544.9281 0.3185 0.1119 -0.5694 2.8833 5.0000 4.2328 0.0085 
39.5145 4.0000 3587.3619 0.3189 0.1126 -0.5638 2.8853 5.0000 4.1322 0.0085 
39.4695 4.0000 3566.7100 0.3140 0.1099 -0.5682 2.8819 5.0000 4.1965 0.0070 
39.5246 4.0000 3598.9214 0.3197 0.1131 -0.5672 2.8813 5.0000 4.2313 0.0077 
39.5309 4.0000 3588.7591 0.3192 0.1121 -0.5674 2.8782 5.0000 4.2611 0.0077 
39.5011 4.0000 3575.2438 0.3186 0.1149 -0.5689 2.8841 5.0000 3.9963 0.0078 
39.4212 4.0000 3551.5939 0.3145 0.1120 -0.5685 2.8891 5.0000 3.9867 0.0093 
39.4960 4.0000 3571.1408 0.3200 0.1117 -0.5702 2.8828 5.0000 4.0234 0.0093 
39.4397 4.0000 3556.8659 0.3170 0.1111 -0.5663 2.8871 5.0000 4.1607 0.0069 
39.4632 4.0000 3573.0866 0.3172 0.1096 -0.5680 2.8843 5.0000 4.0969 0.0092 
39.5326 4.0000 3594.5536 0.3157 0.1133 -0.5619 2.8835 5.0000 4.2036 0.0079 
39.4439 4.0000 3550.5195 0.3176 0.1139 -0.5696 2.8891 5.0000 4.1089 0.0073 
39.4931 4.0000 3579.0862 0.3175 0.1109 -0.5706 2.8835 5.0000 4.1142 0.0080 
39.5170 4.0000 3594.3022 0.3198 0.1115 -0.5662 2.8837 5.0000 4.2680 0.0072 
39.4918 4.0000 3575.3329 0.3161 0.1131 -0.5604 2.8842 5.0000 4.2715 0.0074 
39.5229 4.0000 3590.4073 0.3166 0.1122 -0.5618 2.8846 5.0000 4.2518 0.0083 
39.5124 4.0000 3587.3279 0.3167 0.1122 -0.5693 2.8824 5.0000 4.2863 0.0088 
39.4784 4.0000 3581.7776 0.3179 0.1132 -0.5681 2.8862 5.0000 3.9848 0.0101 
39.4590 4.0000 3566.4788 0.3163 0.1131 -0.5654 2.8851 5.0000 3.9796 0.0074 
39.4086 4.0000 3539.0870 0.3182 0.1136 -0.5723 2.8937 5.0000 4.0887 0.0079 
39.5124 4.0000 3590.8138 0.3195 0.1120 -0.5705 2.8823 5.0000 3.9613 0.0080 
39.4931 4.0000 3579.5700 0.3185 0.1115 -0.5698 2.8841 5.0000 3.9695 0.0088 
39.4884 4.0000 3569.8230 0.3198 0.1139 -0.5689 2.8891 5.0000 3.9538 0.0082 
39.4599 4.0000 3554.1963 0.3155 0.1124 -0.5657 2.8848 5.0000 4.2620 0.0080 
39.4817 4.0000 3569.9672 0.3143 0.1144 -0.5580 2.8922 5.0000 4.1660 0.0086 
39.4889 4.0000 3575.3817 0.3196 0.1127 -0.5678 2.8829 5.0000 4.1863 0.0090 
39.4683 4.0000 3566.3350 0.3164 0.1123 -0.5681 2.8859 5.0000 4.2423 0.0083 
39.4489 4.0000 3557.3838 0.3158 0.1138 -0.5647 2.8834 5.0000 4.2053 0.0093 
39.4763 4.0000 3574.6709 0.3186 0.1120 -0.5652 2.8829 5.0000 4.1912 0.0082 
39.4393 4.0000 3553.7537 0.3172 0.1114 -0.5684 2.8813 5.0000 4.3446 0.0075 
39.4817 4.0000 3581.1332 0.3191 0.1130 -0.5651 2.8873 5.0000 4.3037 0.0075 
39.5107 4.0000 3589.3199 0.3164 0.1142 -0.5635 2.8851 5.0000 4.3501 0.0093 
39.4830 4.0000 3574.1227 0.3152 0.1139 -0.5633 2.8870 5.0000 4.0225 0.0080 
39.4380 4.0000 3550.1265 0.3171 0.1127 -0.5671 2.8863 5.0000 4.0099 0.0080 
39.4889 4.0000 3573.2194 0.3175 0.1134 -0.5625 2.8912 5.0000 4.0116 0.0082 
39.4834 4.0000 3576.4014 0.3188 0.1142 -0.5664 2.8877 5.0000 4.1729 0.0078 
39.4826 4.0000 3578.8533 0.3138 0.1108 -0.5622 2.8904 5.0000 4.2129 0.0078 
39.4968 4.0000 3569.5481 0.3180 0.1138 -0.5675 2.8874 5.0000 4.0885 0.0086 
39.4842 4.0000 3574.9428 0.3178 0.1108 -0.5665 2.8872 5.0000 4.2795 0.0084 
39.4674 4.0000 3571.4548 0.3183 0.1127 -0.5676 2.8906 5.0000 4.3715 0.0083 
39.4758 4.0000 3576.2573 0.3183 0.1133 -0.5690 2.8836 5.0000 4.2970 0.0072 
39.4775 4.0000 3562.5237 0.3168 0.1121 -0.5687 2.8866 5.0000 4.1946 0.0103 
39.5225 4.0000 3586.4174 0.3155 0.1123 -0.5626 2.8855 5.0000 4.1648 0.0093 
39.3997 4.0000 3537.8533 0.3194 0.1129 -0.5735 2.8907 5.0000 4.1567 0.0091 
39.4388 4.0000 3557.0517 0.3174 0.1113 -0.5692 2.8791 5.0000 4.1083 0.0086 
39.4460 4.0000 3549.5784 0.3166 0.1140 -0.5661 2.8915 5.0000 4.2569 0.0101 
39.4666 4.0000 3565.8861 0.3183 0.1116 -0.5694 2.8852 5.0000 4.2729 0.0082 
39.4065 4.0000 3538.7684 0.3172 0.1135 -0.5674 2.8894 5.0000 4.0467 0.0085 
39.4838 4.0000 3570.6570 0.3178 0.1141 -0.5643 2.8855 5.0000 4.0149 0.0073 
39.4691 4.0000 3568.5872 0.3191 0.1142 -0.5664 2.8835 5.0000 4.0090 0.0077 
39.5179 4.0000 3586.8386 0.3168 0.1131 -0.5663 2.8860 5.0000 4.0785 0.0083 
39.5023 4.0000 3579.9908 0.3176 0.1128 -0.5654 2.8855 5.0000 4.1180 0.0085 
39.4771 4.0000 3574.5696 0.3168 0.1121 -0.5622 2.8898 5.0000 4.0542 0.0086 
39.4716 4.0000 3574.0156 0.3174 0.1118 -0.5718 2.8870 5.0000 4.2578 0.0089 
39.4657 4.0000 3566.9765 0.3187 0.1110 -0.5714 2.8843 5.0000 4.2247 0.0089 
39.4536 4.0000 3558.7890 0.3191 0.1148 -0.5661 2.8888 5.0000 4.3557 0.0095 
39.4552 4.0000 3560.7158 0.3177 0.1118 -0.5730 2.8907 5.0000 4.1320 0.0074 
39.4321 4.0000 3548.7062 0.3144 0.1147 -0.5606 2.8950 5.0000 4.1616 0.0092 
39.5141 4.0000 3587.6272 0.3159 0.1126 -0.5621 2.8872 5.0000 4.2474 0.0085 
39.4414 4.0000 3557.7684 0.3147 0.1114 -0.5626 2.8874 5.0000 4.0087 0.0072 
39.4704 4.0000 3572.2488 0.3155 0.1103 -0.5646 2.8875 5.0000 4.0688 0.0089 
39.5216 4.0000 3590.1736 0.3174 0.1123 -0.5665 2.8865 5.0000 4.2497 0.0091 
39.4531 4.0000 3563.6747 0.3164 0.1112 -0.5661 2.8863 5.0000 4.1752 0.0080 
39.4477 4.0000 3559.8277 0.3204 0.1137 -0.5696 2.8939 5.0000 4.1983 0.0077 
39.4880 4.0000 3577.8323 0.3166 0.1115 -0.5639 2.8847 5.0000 4.0073 0.0076 
39.5023 4.0000 3592.0593 0.3142 0.1107 -0.5638 2.8820 5.0000 4.1776 0.0085 
39.5074 4.0000 3589.3308 0.3190 0.1129 -0.5646 2.8866 5.0000 4.1162 0.0089 
39.4720 4.0000 3567.5687 0.3145 0.1119 -0.5637 2.8878 5.0000 4.0838 0.0084 
39.4548 4.0000 3569.3813 0.3199 0.1144 -0.5682 2.8903 5.0000 4.2236 0.0080 
39.4729 4.0000 3559.7297 0.3190 0.1152 -0.5727 2.8893 5.0000 4.2065 0.0093 
39.4893 4.0000 3574.9096 0.3143 0.1113 -0.5636 2.8856 5.0000 4.2115 0.0089 
39.4405 4.0000 3557.7537 0.3189 0.1123 -0.5673 2.8859 5.0000 4.1892 0.0074 
39.4531 4.0000 3570.8583 0.3186 0.1123 -0.5680 2.8821 5.0000 4.1676 0.0089 
39.5153 4.0000 3594.1080 0.3183 0.1113 -0.5664 2.8784 5.0000 4.1853 0.0081 
39.4536 4.0000 3564.9849 0.3166 0.1114 -0.5671 2.8872 5.0000 4.1986 0.0081 
39.4847 4.0000 3577.6982 0.3181 0.1132 -0.5666 2.8880 5.0000 4.0689 0.0101 
39.4863 4.0000 3575.1627 0.3172 0.1131 -0.5691 2.8879 5.0000 4.1886 0.0087 
39.4061 4.0000 3546.3951 0.3162 0.1132 -0.5663 2.8871 5.0000 4.1010 0.0082 
39.4607 4.0000 3564.2551 0.3177 0.1115 -0.5688 2.8836 5.0000 4.0614 0.0087 
39.4817 4.0000 3578.7222 0.3170 0.1115 -0.5654 2.8846 5.0000 4.1037 0.0075 
39.4611 4.0000 3564.2173 0.3161 0.1138 -0.5628 2.8948 5.0000 4.1608 0.0074 
39.5099 4.0000 3585.6852 0.3179 0.1136 -0.5681 2.8845 5.0000 4.1066 0.0074 
39.5120 4.0000 3586.5595 0.3184 0.1114 -0.5650 2.8851 5.0000 4.0579 0.0076 
39.5074 4.0000 3583.5881 0.3171 0.1133 -0.5683 2.8876 5.0000 3.6329 0.0076 
