39.6448 4.0000 3631.1606 0.3352 0.1024 -0.5807 3.0777 6.0000 27.3621 0.0040 
39.6690 4.0000 3639.6711 0.3334 0.1029 -0.5791 3.0742 6.0000 27.3990 0.0040 
39.6774 4.0000 3644.4384 0.3350 0.1041 -0.5790 3.0747 6.0000 26.8057 0.0032 
39.6486 4.0000 3632.5841 0.3381 0.1043 -0.5831 3.0738 6.0000 27.6946 0.0027 
39.6868 4.0000 3647.2442 0.3318 0.1033 -0.5720 3.0759 6.0000 27.8207 0.0034 
39.6982 4.0000 3650.0731 0.3341 0.1029 -0.5786 3.0714 6.0000 28.3038 0.0036 
39.6704 4.0000 3639.7106 0.3338 0.1042 -0.5789 3.0784 6.0000 28.1152 0.0034 
39.6623 4.0000 3638.8241 0.3356 0.1056 -0.5749 3.0803 6.0000 27.8856 0.0027 
39.6728 4.0000 3642.7079 0.3363 0.1051 -0.5769 3.0736 6.0000 27.6858 0.0029 
39.7001 4.0000 3652.0084 0.3333 0.1031 -0.5743 3.0732 6.0000 28.6481 0.0031 
39.6900 4.0000 3649.0086 0.3341 0.1028 -0.5744 3.0782 6.0000 28.3645 0.0031 
39.6814 4.0000 3644.1223 0.3355 0.1048 -0.5783 3.0811 6.0000 28.2908 0.0027 
39.6980 4.0000 3650.9424 0.3352 0.1040 -0.5752 3.0742 6.0000 28.2995 0.0033 
39.6679 4.0000 3640.1127 0.3339 0.1031 -0.5761 3.0758 6.0000 28.6952 0.0028 
39.6747 4.0000 3641.8020 0.3359 0.1037 -0.5759 3.0727 6.0000 28.4567 0.0028 
39.6946 4.0000 3649.4342 0.3354 0.1041 -0.5763 3.0754 6.0000 28.5229 0.0031 
39.6818 4.0000 3646.2602 0.3327 0.1029 -0.5747 3.0761 6.0000 29.0125 0.0033 
39.6980 4.0000 3652.7919 0.3350 0.1033 -0.5770 3.0724 6.0000 29.2168 0.0033 
39.6757 4.0000 3642.5773 0.3346 0.1046 -0.5722 3.0789 6.0000 29.3810 0.0033 
39.6881 4.0000 3647.4989 0.3330 0.1037 -0.5762 3.0775 6.0000 29.2817 0.0031 
39.6740 4.0000 3642.9792 0.3313 0.1011 -0.5786 3.0729 6.0000 29.7880 0.0029 
39.6818 4.0000 3645.2543 0.3335 0.1041 -0.5778 3.0791 6.0000 28.4473 0.0029 
39.6906 4.0000 3648.2999 0.3343 0.1022 -0.5771 3.0790 6.0000 28.5874 0.0028 
39.6889 4.0000 3647.4498 0.3343 0.1048 -0.5764 3.0784 6.0000 29.1947 0.0030 
39.6965 4.0000 3650.2419 0.3349 0.1041 -0.5767 3.0741 6.0000 30.1421 0.0031 
39.6868 4.0000 3649.3033 0.3347 0.1034 -0.5767 3.0715 6.0000 30.2976 0.0033 
39.6837 4.0000 3644.4899 0.3336 0.1041 -0.5738 3.0743 6.0000 30.6623 0.0035 
39.6740 4.0000 3643.2974 0.3344 0.1029 -0.5766 3.0737 6.0000 30.3743 0.0038 
39.6665 4.0000 3637.1124 0.3359 0.1043 -0.5793 3.0785 6.0000 30.3053 0.0029 
39.6536 4.0000 3637.4594 0.3365 0.1047 -0.5775 3.0770 6.0000 30.6044 0.0036 
39.6896 4.0000 3646.0620 0.3338 0.1044 -0.5734 3.0809 6.0000 28.7110 0.0029 
39.6620 4.0000 3637.8264 0.3347 0.1027 -0.5754 3.0732 6.0000 28.6024 0.0034 
39.6919 4.0000 3650.1091 0.3335 0.1016 -0.5782 3.0691 6.0000 29.5901 0.0032 
39.6711 4.0000 3641.7848 0.3342 0.1041 -0.5743 3.0762 6.0000 30.2822 0.0029 
39.6780 4.0000 3645.2062 0.3362 0.1035 -0.5779 3.0728 6.0000 30.5629 0.0032 
39.6921 4.0000 3648.9586 0.3341 0.1031 -0.5797 3.0740 6.0000 30.2751 0.0027 
39.6772 4.0000 3645.0647 0.3341 0.1043 -0.5747 3.0721 6.0000 29.1013 0.0033 
39.6969 4.0000 3650.9336 0.3331 0.1040 -0.5745 3.0790 6.0000 29.0465 0.0032 
39.6759 4.0000 3644.5900 0.3324 0.1032 -0.5750 3.0757 6.0000 28.7891 0.0033 
39.6774 4.0000 3641.7282 0.3359 0.1047 -0.5785 3.0758 6.0000 29.2120 0.0031 
39.6744 4.0000 3641.8720 0.3353 0.1031 -0.5792 3.0758 6.0000 28.6661 0.0033 
39.6826 4.0000 3646.4943 0.3366 0.1036 -0.5798 3.0739 6.0000 28.5155 0.0026 
39.6742 4.0000 3643.9214 0.3350 0.1031 -0.5766 3.0748 6.0000 29.9354 0.0028 
39.7009 4.0000 3652.0174 0.3329 0.1026 -0.5782 3.0758 6.0000 30.0661 0.0036 
39.6936 4.0000 3649.0591 0.3351 0.1042 -0.5770 3.0745 6.0000 29.6938 0.0024 
39.6646 4.0000 3638.6948 0.3343 0.1034 -0.5802 3.0719 6.0000 28.9553 0.0034 
39.7087 4.0000 3656.2406 0.3365 0.1042 -0.5753 3.0767 6.0000 28.8576 0.0032 
39.6692 4.0000 3639.2526 0.3310 0.1019 -0.5779 3.0775 6.0000 29.2316 0.0032 
39.6799 4.0000 3647.5467 0.3341 0.1033 -0.5768 3.0717 6.0000 30.2358 0.0032 
39.6778 4.0000 3643.6419 0.3351 0.1033 -0.5773 3.0752 6.0000 30.7657 0.0037 
39.6776 4.0000 3642.5422 0.3361 0.1035 -0.5798 3.0767 6.0000 30.6432 0.0036 
39.6599 4.0000 3637.6887 0.3343 0.1025 -0.5781 3.0743 6.0000 28.9611 0.0039 
39.6629 4.0000 3639.3621 0.3365 0.1050 -0.5795 3.0743 6.0000 28.9728 0.0038 
39.6501 4.0000 3634.7919 0.3358 0.1037 -0.5778 3.0741 6.0000 29.3688 0.0029 
39.6559 4.0000 3635.1311 0.3359 0.1057 -0.5744 3.0784 6.0000 28.7657 0.0039 
39.6900 4.0000 3646.9271 0.3361 0.1027 -0.5762 3.0721 6.0000 28.9346 0.0027 
39.6515 4.0000 3635.9166 0.3340 0.1027 -0.5803 3.0728 6.0000 29.0317 0.0036 
39.6967 4.0000 3650.4592 0.3345 0.1021 -0.5804 3.0739 6.0000 29.1258 0.0038 
39.6629 4.0000 3640.5427 0.3358 0.1042 -0.5777 3.0752 6.0000 29.1131 0.0029 
39.6562 4.0000 3636.3562 0.3355 0.1046 -0.5782 3.0734 6.0000 28.9749 0.0029 
39.6906 4.0000 3649.3176 0.3356 0.1045 -0.5754 3.0807 6.0000 28.9201 0.0032 
39.6894 4.0000 3644.5706 0.3382 0.1039 -0.5824 3.0773 6.0000 28.5033 0.0033 
39.6782 4.0000 3644.1192 0.3348 0.1038 -0.5774 3.0758 6.0000 29.3289 0.0036 
39.6761 4.0000 3646.6053 0.3359 0.1037 -0.5746 3.0742 6.0000 28.9560 0.0036 
39.6616 4.0000 3639.6841 0.3328 0.1036 -0.5740 3.0739 6.0000 28.7617 0.0034 
39.6648 4.0000 3638.3298 0.3345 0.1040 -0.5765 3.0743 6.0000 29.0439 0.0036 
39.6717 4.0000 3641.0847 0.3361 0.1043 -0.5797 3.0766 6.0000 29.1616 0.0027 
39.6623 4.0000 3635.9222 0.3341 0.1036 -0.5794 3.0759 6.0000 28.8952 0.0033 
39.6984 4.0000 3652.2844 0.3331 0.1018 -0.5771 3.0784 6.0000 29.5060 0.0028 
39.6751 4.0000 3642.9529 0.3343 0.1030 -0.5800 3.0757 6.0000 29.0684 0.0036 
39.6957 4.0000 3651.5656 0.3345 0.1028 -0.5800 3.0752 6.0000 28.8206 0.0030 
39.6633 4.0000 3637.3466 0.3336 0.1021 -0.5809 3.0754 6.0000 29.4137 0.0032 
39.6883 4.0000 3648.8537 0.3349 0.1035 -0.5761 3.0756 6.0000 29.2316 0.0036 
39.6793 4.0000 3644.3102 0.3346 0.1024 -0.5764 3.0721 6.0000 29.3365 0.0028 
39.6631 4.0000 3638.0519 0.3340 0.1036 -0.5775 3.0780 6.0000 29.1966 0.0035 
39.6940 4.0000 3650.8064 0.3366 0.1063 -0.5750 3.0787 6.0000 29.5934 0.0040 
39.6656 4.0000 3637.4435 0.3342 0.1023 -0.5802 3.0757 6.0000 29.4424 0.0031 
39.6463 4.0000 3631.5979 0.3333 0.1036 -0.5750 3.0755 6.0000 29.6347 0.0029 
39.6824 4.0000 3644.2091 0.3339 0.1027 -0.5770 3.0763 6.0000 29.5001 0.0031 
39.6902 4.0000 3648.1368 0.3346 0.1032 -0.5784 3.0755 6.0000 29.3730 0.0031 
39.6845 4.0000 3644.9233 0.3342 0.1030 -0.5764 3.0760 6.0000 28.9899 0.0029 
39.6864 4.0000 3647.6375 0.3324 0.1034 -0.5725 3.0757 6.0000 29.2122 0.0036 
39.6925 4.0000 3651.4834 0.3368 0.1038 -0.5784 3.0760 5.0000 29.3336 0.0038 
39.6637 4.0000 3637.0135 0.3358 0.1041 -0.5811 3.0788 6.0000 29.3098 0.0032 
39.6568 4.0000 3638.0649 0.3344 0.1035 -0.5767 3.0743 6.0000 28.9041 0.0027 
39.6799 4.0000 3643.8119 0.3380 0.1028 -0.5821 3.0778 6.0000 29.3670 0.0030 
39.6995 4.0000 3652.0631 0.3361 0.1033 -0.5770 3.0747 6.0000 28.8942 0.0037 
39.6873 4.0000 3647.1627 0.3341 0.1029 -0.5762 3.0739 6.0000 29.4588 0.0032 
39.6604 4.0000 3635.0555 0.3346 0.1039 -0.5785 3.0769 6.0000 29.4511 0.0031 
39.6774 4.0000 3644.8251 0.3365 0.1051 -0.5768 3.0767 6.0000 28.7496 0.0036 
39.6810 4.0000 3644.6768 0.3318 0.1024 -0.5736 3.0745 6.0000 29.3133 0.0030 
39.6639 4.0000 3638.6620 0.3339 0.1038 -0.5764 3.0736 6.0000 29.1895 0.0029 
39.6852 4.0000 3646.1572 0.3351 0.1037 -0.5745 3.0764 6.0000 29.1822 0.0033 
39.6908 4.0000 3648.7579 0.3335 0.1022 -0.5779 3.0736 6.0000 29.0525 0.0031 
39.6742 4.0000 3644.6839 0.3343 0.1038 -0.5768 3.0787 6.0000 28.9888 0.0031 
39.6812 4.0000 3645.6780 0.3351 0.1036 -0.5798 3.0710 6.0000 29.3932 0.0026 
39.6839 4.0000 3644.9100 0.3350 0.1031 -0.5819 3.0722 6.0000 28.5726 0.0036 
39.7039 4.0000 3654.1915 0.3363 0.1032 -0.5802 3.0695 6.0000 29.2485 0.0035 
39.6644 4.0000 3640.0725 0.3313 0.1026 -0.5742 3.0776 6.0000 28.6760 0.0035 
39.6656 4.0000 3639.4971 0.3349 0.1039 -0.5763 3.0746 6.0000 19.8316 0.0035 
