39.5211 4.0000 3588.7714 0.4867 0.1840 -0.6381 3.0503 5.0000 7.7944 0.0070 
39.5287 4.0000 3585.6784 0.4875 0.1892 -0.6384 3.0512 6.0000 7.7295 0.0070 
39.5344 4.0000 3594.8417 0.4823 0.1832 -0.6313 3.0446 5.0000 7.7786 0.0070 
39.5574 4.0000 3608.1340 0.4801 0.1784 -0.6418 3.0441 5.0000 7.7769 0.0063 
39.4956 4.0000 3584.3581 0.4816 0.1822 -0.6324 3.0388 6.0000 7.8953 0.0068 
39.5583 4.0000 3610.4048 0.4803 0.1786 -0.6440 3.0429 6.0000 7.8773 0.0068 
39.5353 4.0000 3602.6107 0.4861 0.1857 -0.6326 3.0495 6.0000 7.8683 0.0060 
39.5110 4.0000 3593.8260 0.4877 0.1857 -0.6371 3.0527 5.0000 7.9836 0.0056 
39.5678 4.0000 3613.9653 0.4845 0.1813 -0.6334 3.0591 5.0000 8.1028 0.0066 
39.5835 4.0000 3618.0259 0.4836 0.1842 -0.6337 3.0430 5.0000 7.9429 0.0069 
39.5429 4.0000 3600.4089 0.4808 0.1784 -0.6342 3.0418 5.0000 8.0509 0.0063 
39.5315 4.0000 3600.5987 0.4891 0.1853 -0.6425 3.0496 5.0000 8.1638 0.0068 
39.5567 4.0000 3606.6579 0.4860 0.1848 -0.6384 3.0505 5.0000 8.2015 0.0068 
39.5350 4.0000 3594.5504 0.4889 0.1843 -0.6448 3.0535 5.0000 8.4080 0.0071 
39.5369 4.0000 3593.1242 0.4854 0.1844 -0.6330 3.0455 6.0000 8.4948 0.0086 
39.5249 4.0000 3596.9896 0.4848 0.1844 -0.6410 3.0560 5.0000 8.0434 0.0072 
39.4650 4.0000 3573.9319 0.4805 0.1866 -0.6384 3.0527 5.0000 8.1970 0.0067 
39.5227 4.0000 3592.4382 0.4860 0.1843 -0.6399 3.0481 5.0000 8.3014 0.0072 
39.5419 4.0000 3602.4912 0.4867 0.1873 -0.6383 3.0468 5.0000 8.1712 0.0071 
39.5202 4.0000 3588.0281 0.4886 0.1824 -0.6463 3.0520 6.0000 8.2347 0.0064 
39.5252 4.0000 3594.6018 0.4879 0.1838 -0.6442 3.0532 5.0000 8.1354 0.0076 
39.5514 4.0000 3603.6485 0.4885 0.1804 -0.6459 3.0422 6.0000 8.2651 0.0074 
39.5069 4.0000 3590.0634 0.4877 0.1832 -0.6434 3.0462 5.0000 8.4077 0.0091 
39.5132 4.0000 3587.5025 0.4868 0.1817 -0.6441 3.0512 6.0000 8.3511 0.0070 
39.4480 4.0000 3562.8326 0.4868 0.1870 -0.6397 3.0567 5.0000 8.4786 0.0069 
39.5303 4.0000 3597.7648 0.4857 0.1818 -0.6419 3.0584 5.0000 8.4327 0.0063 
39.5312 4.0000 3600.8682 0.4854 0.1801 -0.6417 3.0452 6.0000 8.4225 0.0074 
39.5558 4.0000 3607.0955 0.4856 0.1832 -0.6399 3.0466 5.0000 8.2729 0.0073 
39.5145 4.0000 3588.5192 0.4798 0.1812 -0.6438 3.0492 5.0000 8.2893 0.0073 
39.5173 4.0000 3592.3020 0.4838 0.1810 -0.6504 3.0476 6.0000 8.3328 0.0068 
39.5164 4.0000 3587.9294 0.4889 0.1866 -0.6414 3.0545 6.0000 8.2855 0.0066 
39.5356 4.0000 3598.1955 0.4839 0.1834 -0.6399 3.0541 6.0000 8.2973 0.0063 
39.5435 4.0000 3597.5158 0.4827 0.1843 -0.6403 3.0499 6.0000 8.1992 0.0069 
39.5567 4.0000 3607.7765 0.4811 0.1823 -0.6297 3.0484 5.0000 8.2273 0.0070 
39.5344 4.0000 3596.0794 0.4879 0.1831 -0.6499 3.0410 6.0000 8.2465 0.0061 
39.5287 4.0000 3597.4968 0.4859 0.1848 -0.6324 3.0456 6.0000 8.2517 0.0073 
39.5653 4.0000 3608.8168 0.4810 0.1838 -0.6350 3.0628 6.0000 8.5337 0.0066 
39.5161 4.0000 3593.0788 0.4892 0.1850 -0.6437 3.0504 5.0000 8.7273 0.0065 
39.5435 4.0000 3596.0331 0.4850 0.1860 -0.6422 3.0504 5.0000 8.7748 0.0069 
39.5470 4.0000 3603.8629 0.4842 0.1825 -0.6410 3.0465 5.0000 8.0026 0.0068 
39.5331 4.0000 3592.5419 0.4860 0.1817 -0.6491 3.0443 6.0000 8.2202 0.0072 
39.5381 4.0000 3598.1012 0.4880 0.1851 -0.6424 3.0489 6.0000 8.2617 0.0067 
39.5227 4.0000 3587.8348 0.4827 0.1838 -0.6376 3.0425 5.0000 8.5994 0.0055 
39.5413 4.0000 3603.5593 0.4862 0.1854 -0.6398 3.0558 5.0000 8.8417 0.0061 
39.5864 4.0000 3616.7333 0.4883 0.1881 -0.6331 3.0532 6.0000 8.8819 0.0064 
39.5634 4.0000 3611.3026 0.4843 0.1835 -0.6331 3.0347 5.0000 8.2139 0.0076 
39.5508 4.0000 3602.6491 0.4830 0.1838 -0.6350 3.0496 5.0000 8.3655 0.0074 
39.5069 4.0000 3583.4795 0.4835 0.1822 -0.6439 3.0533 5.0000 8.5360 0.0061 
39.5139 4.0000 3588.4537 0.4851 0.1823 -0.6456 3.0528 6.0000 8.5829 0.0069 
39.5631 4.0000 3607.8395 0.4845 0.1826 -0.6376 3.0470 5.0000 8.7576 0.0070 
39.5340 4.0000 3598.6920 0.4865 0.1832 -0.6422 3.0455 6.0000 8.6345 0.0088 
39.5303 4.0000 3597.4338 0.4902 0.1853 -0.6403 3.0449 5.0000 8.2005 0.0078 
39.4596 4.0000 3569.8723 0.4865 0.1857 -0.6451 3.0448 6.0000 8.3234 0.0060 
39.4984 4.0000 3582.5287 0.4871 0.1859 -0.6427 3.0565 5.0000 8.2367 0.0068 
39.5672 4.0000 3611.3282 0.4833 0.1821 -0.6418 3.0334 5.0000 8.0518 0.0073 
39.5369 4.0000 3598.2440 0.4915 0.1855 -0.6477 3.0477 5.0000 8.2059 0.0073 
39.5173 4.0000 3588.2532 0.4918 0.1896 -0.6412 3.0566 6.0000 8.2060 0.0082 
39.5180 4.0000 3586.7979 0.4816 0.1824 -0.6413 3.0631 6.0000 8.1174 0.0073 
39.4830 4.0000 3576.0917 0.4841 0.1821 -0.6400 3.0418 5.0000 8.1075 0.0070 
39.5183 4.0000 3597.4316 0.4872 0.1854 -0.6401 3.0528 6.0000 8.1859 0.0079 
39.5299 4.0000 3593.8042 0.4813 0.1833 -0.6376 3.0552 5.0000 8.1175 0.0064 
39.4940 4.0000 3584.7926 0.4884 0.1852 -0.6438 3.0529 5.0000 8.1976 0.0088 
39.5545 4.0000 3600.9316 0.4902 0.1865 -0.6463 3.0409 6.0000 8.3109 0.0078 
39.4587 4.0000 3563.3509 0.4844 0.1836 -0.6438 3.0488 5.0000 8.1659 0.0074 
39.4984 4.0000 3585.8736 0.4822 0.1844 -0.6375 3.0544 6.0000 8.4022 0.0070 
39.5132 4.0000 3586.3036 0.4840 0.1852 -0.6427 3.0484 5.0000 8.2326 0.0077 
39.5290 4.0000 3593.3436 0.4866 0.1840 -0.6378 3.0556 5.0000 8.0414 0.0079 
39.5025 4.0000 3589.2182 0.4831 0.1823 -0.6408 3.0438 5.0000 8.4092 0.0070 
39.4946 4.0000 3576.6207 0.4844 0.1838 -0.6357 3.0484 6.0000 8.5886 0.0059 
39.5293 4.0000 3602.6996 0.4855 0.1831 -0.6504 3.0459 6.0000 8.8127 0.0065 
39.5738 4.0000 3609.7194 0.4867 0.1829 -0.6418 3.0469 5.0000 8.8349 0.0066 
39.5470 4.0000 3595.1542 0.4814 0.1874 -0.6385 3.0563 5.0000 8.7255 0.0060 
39.5432 4.0000 3599.0530 0.4923 0.1853 -0.6446 3.0513 6.0000 8.2984 0.0061 
39.5681 4.0000 3610.5463 0.4847 0.1828 -0.6300 3.0483 5.0000 8.3082 0.0066 
39.5646 4.0000 3609.7336 0.4884 0.1872 -0.6382 3.0438 6.0000 8.4083 0.0071 
39.5460 4.0000 3598.3925 0.4815 0.1818 -0.6438 3.0404 6.0000 8.7023 0.0068 
39.5236 4.0000 3597.3033 0.4809 0.1810 -0.6374 3.0428 6.0000 8.7497 0.0083 
39.5356 4.0000 3599.7809 0.4899 0.1868 -0.6348 3.0445 6.0000 8.6976 0.0062 
39.4795 4.0000 3582.7282 0.4866 0.1827 -0.6398 3.0416 5.0000 8.7224 0.0083 
39.5612 4.0000 3601.0271 0.4871 0.1826 -0.6463 3.0471 6.0000 8.5032 0.0063 
39.4776 4.0000 3572.4051 0.4845 0.1848 -0.6390 3.0487 6.0000 8.5804 0.0062 
39.5561 4.0000 3594.3411 0.4890 0.1863 -0.6370 3.0500 5.0000 8.1288 0.0066 
39.5593 4.0000 3609.9117 0.4842 0.1822 -0.6386 3.0449 5.0000 8.2093 0.0076 
39.5457 4.0000 3599.9915 0.4862 0.1861 -0.6327 3.0537 5.0000 8.5380 0.0079 
39.5041 4.0000 3589.6195 0.4852 0.1862 -0.6387 3.0466 6.0000 8.2766 0.0065 
39.4937 4.0000 3592.0523 0.4865 0.1824 -0.6446 3.0420 5.0000 8.1921 0.0070 
39.5501 4.0000 3602.6037 0.4860 0.1845 -0.6379 3.0491 6.0000 8.2522 0.0076 
39.5293 4.0000 3593.8430 0.4847 0.1828 -0.6352 3.0431 5.0000 8.5250 0.0063 
39.5060 4.0000 3586.6189 0.4823 0.1814 -0.6461 3.0483 6.0000 8.5512 0.0064 
39.5567 4.0000 3605.8890 0.4893 0.1895 -0.6432 3.0468 6.0000 8.7180 0.0075 
39.5536 4.0000 3598.6018 0.4888 0.1838 -0.6444 3.0448 6.0000 8.2760 0.0075 
39.5082 4.0000 3586.1813 0.4839 0.1799 -0.6431 3.0527 6.0000 8.2249 0.0064 
39.5082 4.0000 3585.7059 0.4796 0.1813 -0.6395 3.0454 5.0000 8.3794 0.0094 
39.5508 4.0000 3604.8777 0.4919 0.1868 -0.6440 3.0472 6.0000 8.1461 0.0077 
39.4351 4.0000 3558.0400 0.4818 0.1832 -0.6436 3.0497 6.0000 8.3035 0.0060 
39.5028 4.0000 3584.9719 0.4870 0.1840 -0.6440 3.0575 5.0000 8.3859 0.0073 
39.5672 4.0000 3608.1624 0.4774 0.1824 -0.6319 3.0459 6.0000 8.1488 0.0067 
39.5180 4.0000 3589.0769 0.4778 0.1774 -0.6462 3.0463 6.0000 8.1127 0.0073 
39.5410 4.0000 3602.7856 0.4839 0.1849 -0.6329 3.0454 6.0000 8.0481 0.0073 
39.5167 4.0000 3591.2610 0.4853 0.1844 -0.6393 3.0594 6.0000 7.1140 0.0073 
