39.6754 4.0000 3645.9184 0.4423 0.1517 -0.6217 3.1831 6.0000 38.0881 0.0031 
39.6556 4.0000 3640.9485 0.4418 0.1512 -0.6225 3.1732 6.0000 37.9602 0.0031 
39.6831 4.0000 3647.4968 0.4412 0.1512 -0.6175 3.1726 6.0000 38.4299 0.0028 
39.6761 4.0000 3643.3318 0.4431 0.1512 -0.6177 3.1741 6.0000 36.2063 0.0038 
39.6948 4.0000 3652.7247 0.4418 0.1495 -0.6180 3.1736 6.0000 36.4208 0.0028 
39.6561 4.0000 3635.9600 0.4451 0.1506 -0.6304 3.1729 6.0000 36.2832 0.0028 
39.6959 4.0000 3649.4970 0.4471 0.1513 -0.6265 3.1697 6.0000 37.0333 0.0034 
39.7078 4.0000 3652.1602 0.4443 0.1528 -0.6204 3.1747 6.0000 36.2809 0.0037 
39.6581 4.0000 3636.0023 0.4394 0.1494 -0.6198 3.1745 6.0000 36.8159 0.0029 
39.6707 4.0000 3642.7509 0.4434 0.1518 -0.6222 3.1749 6.0000 36.5089 0.0031 
39.6918 4.0000 3650.3812 0.4395 0.1489 -0.6198 3.1711 6.0000 37.1623 0.0034 
39.6815 4.0000 3645.8418 0.4446 0.1520 -0.6245 3.1763 6.0000 36.3278 0.0034 
39.6725 4.0000 3643.1699 0.4379 0.1484 -0.6231 3.1680 6.0000 35.9553 0.0035 
39.6712 4.0000 3643.1104 0.4403 0.1500 -0.6185 3.1695 6.0000 36.5486 0.0031 
39.6664 4.0000 3640.3390 0.4403 0.1504 -0.6240 3.1767 6.0000 37.0622 0.0034 
39.6811 4.0000 3644.9476 0.4448 0.1517 -0.6214 3.1709 6.0000 36.5128 0.0030 
39.6711 4.0000 3644.1320 0.4426 0.1529 -0.6197 3.1730 6.0000 37.9605 0.0029 
39.6851 4.0000 3650.1656 0.4406 0.1505 -0.6179 3.1729 6.0000 37.4868 0.0028 
39.6889 4.0000 3647.4931 0.4407 0.1512 -0.6205 3.1723 6.0000 36.9015 0.0030 
39.6963 4.0000 3650.6233 0.4432 0.1537 -0.6155 3.1748 6.0000 36.4555 0.0032 
39.6869 4.0000 3648.3963 0.4418 0.1495 -0.6254 3.1742 6.0000 38.0238 0.0035 
39.6799 4.0000 3646.2488 0.4453 0.1521 -0.6224 3.1744 6.0000 37.4189 0.0034 
39.6683 4.0000 3638.9436 0.4431 0.1502 -0.6249 3.1736 6.0000 36.7380 0.0035 
39.6718 4.0000 3640.7038 0.4445 0.1500 -0.6262 3.1712 6.0000 37.4025 0.0034 
39.6656 4.0000 3639.9418 0.4392 0.1518 -0.6170 3.1794 6.0000 37.9399 0.0028 
39.6703 4.0000 3641.9126 0.4419 0.1517 -0.6205 3.1735 6.0000 38.0728 0.0022 
39.6932 4.0000 3648.3174 0.4417 0.1475 -0.6225 3.1699 6.0000 37.0702 0.0033 
39.7175 4.0000 3658.2926 0.4404 0.1496 -0.6202 3.1722 6.0000 37.3969 0.0031 
39.6734 4.0000 3642.4556 0.4446 0.1519 -0.6243 3.1758 6.0000 38.7420 0.0033 
39.6819 4.0000 3645.6741 0.4378 0.1477 -0.6204 3.1711 6.0000 37.2604 0.0032 
39.6732 4.0000 3641.5215 0.4456 0.1527 -0.6213 3.1798 6.0000 37.5103 0.0035 
39.6793 4.0000 3644.8498 0.4426 0.1485 -0.6226 3.1686 6.0000 37.9178 0.0029 
39.6658 4.0000 3640.6001 0.4441 0.1526 -0.6219 3.1759 6.0000 36.4763 0.0035 
39.6665 4.0000 3640.7507 0.4403 0.1514 -0.6155 3.1764 6.0000 37.2621 0.0037 
39.6896 4.0000 3648.3698 0.4400 0.1501 -0.6168 3.1710 6.0000 36.4700 0.0032 
39.6599 4.0000 3639.7955 0.4428 0.1514 -0.6235 3.1721 6.0000 38.1702 0.0038 
39.6790 4.0000 3645.5161 0.4415 0.1507 -0.6196 3.1774 6.0000 38.9438 0.0033 
39.6566 4.0000 3634.3079 0.4425 0.1500 -0.6263 3.1755 6.0000 36.3233 0.0033 
39.6757 4.0000 3640.0286 0.4404 0.1497 -0.6217 3.1723 6.0000 37.9426 0.0028 
39.6756 4.0000 3646.1738 0.4428 0.1494 -0.6262 3.1722 6.0000 37.2976 0.0032 
39.6939 4.0000 3648.2373 0.4414 0.1491 -0.6199 3.1714 6.0000 38.0665 0.0032 
39.6774 4.0000 3645.1072 0.4429 0.1505 -0.6199 3.1768 6.0000 36.6585 0.0030 
39.6790 4.0000 3643.2909 0.4444 0.1509 -0.6248 3.1757 6.0000 37.4813 0.0032 
39.6883 4.0000 3646.4315 0.4411 0.1497 -0.6220 3.1727 6.0000 37.1979 0.0030 
39.6770 4.0000 3643.2477 0.4451 0.1509 -0.6260 3.1784 6.0000 38.0338 0.0036 
39.6885 4.0000 3646.8964 0.4420 0.1513 -0.6197 3.1779 6.0000 40.1931 0.0030 
39.6620 4.0000 3639.3234 0.4420 0.1506 -0.6233 3.1770 6.0000 40.3654 0.0031 
39.6862 4.0000 3647.4837 0.4459 0.1530 -0.6262 3.1809 6.0000 40.6856 0.0033 
39.6838 4.0000 3649.5540 0.4435 0.1505 -0.6208 3.1681 6.0000 38.1301 0.0033 
39.6759 4.0000 3643.2158 0.4418 0.1512 -0.6219 3.1725 6.0000 37.7922 0.0032 
39.6766 4.0000 3642.8393 0.4416 0.1495 -0.6225 3.1764 6.0000 37.8736 0.0029 
39.6772 4.0000 3644.6179 0.4435 0.1495 -0.6233 3.1729 6.0000 38.3309 0.0033 
39.6894 4.0000 3648.3925 0.4412 0.1478 -0.6215 3.1701 6.0000 36.8704 0.0033 
39.6763 4.0000 3644.0935 0.4441 0.1517 -0.6209 3.1746 6.0000 37.8424 0.0029 
39.6660 4.0000 3638.0169 0.4408 0.1512 -0.6200 3.1749 6.0000 37.8824 0.0024 
39.6898 4.0000 3647.6882 0.4424 0.1513 -0.6254 3.1750 6.0000 37.6331 0.0024 
39.7091 4.0000 3655.8119 0.4389 0.1482 -0.6223 3.1686 6.0000 37.9524 0.0035 
39.6930 4.0000 3648.6583 0.4406 0.1500 -0.6188 3.1740 6.0000 37.5429 0.0034 
39.6656 4.0000 3637.2711 0.4404 0.1499 -0.6192 3.1764 6.0000 37.3601 0.0034 
39.6692 4.0000 3641.4015 0.4437 0.1505 -0.6246 3.1690 6.0000 37.5694 0.0035 
39.6628 4.0000 3637.1373 0.4406 0.1498 -0.6207 3.1680 6.0000 40.2140 0.0035 
39.6655 4.0000 3640.7554 0.4371 0.1473 -0.6151 3.1713 6.0000 39.9754 0.0035 
39.6658 4.0000 3639.7948 0.4411 0.1506 -0.6200 3.1756 6.0000 39.4830 0.0036 
39.6456 4.0000 3632.8078 0.4427 0.1516 -0.6245 3.1783 6.0000 37.4205 0.0032 
39.6633 4.0000 3639.2270 0.4446 0.1513 -0.6249 3.1693 6.0000 37.8557 0.0028 
39.6783 4.0000 3643.6559 0.4408 0.1487 -0.6238 3.1729 6.0000 37.7591 0.0032 
39.6956 4.0000 3648.9874 0.4430 0.1514 -0.6248 3.1729 6.0000 36.9650 0.0029 
39.6784 4.0000 3642.9211 0.4398 0.1493 -0.6232 3.1711 6.0000 37.5379 0.0028 
39.6914 4.0000 3650.6595 0.4400 0.1483 -0.6218 3.1649 6.0000 38.0117 0.0037 
39.6934 4.0000 3648.0800 0.4412 0.1481 -0.6248 3.1725 6.0000 37.5633 0.0030 
39.6592 4.0000 3637.5610 0.4418 0.1506 -0.6216 3.1729 6.0000 37.4742 0.0027 
39.6880 4.0000 3647.6995 0.4449 0.1504 -0.6253 3.1794 6.0000 37.9437 0.0034 
39.6981 4.0000 3649.6820 0.4453 0.1513 -0.6224 3.1661 6.0000 38.2661 0.0025 
39.6691 4.0000 3638.2848 0.4415 0.1504 -0.6209 3.1759 6.0000 37.6273 0.0037 
39.7055 4.0000 3653.4624 0.4432 0.1522 -0.6216 3.1779 6.0000 38.1925 0.0034 
39.6590 4.0000 3636.4003 0.4473 0.1504 -0.6307 3.1715 6.0000 38.0779 0.0032 
39.6729 4.0000 3641.5882 0.4460 0.1518 -0.6258 3.1728 6.0000 37.2103 0.0029 
39.6910 4.0000 3647.4257 0.4411 0.1499 -0.6264 3.1753 6.0000 37.7688 0.0031 
39.6808 4.0000 3645.4878 0.4403 0.1499 -0.6181 3.1698 6.0000 37.2524 0.0030 
39.6844 4.0000 3647.5356 0.4402 0.1497 -0.6162 3.1763 6.0000 37.6818 0.0029 
39.6876 4.0000 3648.2938 0.4372 0.1481 -0.6169 3.1744 6.0000 37.4816 0.0031 
39.6891 4.0000 3650.1310 0.4423 0.1500 -0.6228 3.1713 6.0000 37.8962 0.0032 
39.6826 4.0000 3643.3855 0.4411 0.1500 -0.6231 3.1731 6.0000 37.1003 0.0032 
39.6781 4.0000 3644.2329 0.4398 0.1493 -0.6231 3.1731 6.0000 37.5095 0.0030 
39.6709 4.0000 3644.0659 0.4381 0.1500 -0.6225 3.1777 6.0000 38.2832 0.0030 
39.6856 4.0000 3649.1072 0.4424 0.1523 -0.6180 3.1748 6.0000 37.9854 0.0030 
39.6856 4.0000 3646.3679 0.4381 0.1477 -0.6218 3.1684 6.0000 36.9367 0.0035 
39.6799 4.0000 3643.4075 0.4422 0.1519 -0.6223 3.1724 6.0000 37.9322 0.0031 
39.6660 4.0000 3639.7400 0.4409 0.1515 -0.6206 3.1716 6.0000 37.8219 0.0031 
39.6842 4.0000 3647.1502 0.4427 0.1510 -0.6203 3.1738 6.0000 37.4310 0.0031 
39.6797 4.0000 3643.9197 0.4427 0.1519 -0.6177 3.1734 6.0000 37.4270 0.0031 
39.6846 4.0000 3647.2075 0.4411 0.1506 -0.6163 3.1666 6.0000 37.4213 0.0031 
39.6824 4.0000 3646.3698 0.4408 0.1494 -0.6239 3.1708 6.0000 37.5663 0.0032 
39.6624 4.0000 3637.8514 0.4418 0.1514 -0.6178 3.1777 6.0000 37.5560 0.0037 
39.6784 4.0000 3645.1495 0.4434 0.1509 -0.6261 3.1758 6.0000 37.1158 0.0037 
39.6599 4.0000 3636.9499 0.4429 0.1502 -0.6214 3.1757 6.0000 37.8540 0.0030 
39.7042 4.0000 3654.9418 0.4421 0.1525 -0.6173 3.1728 6.0000 37.6215 0.0031 
39.6880 4.0000 3647.3109 0.4407 0.1502 -0.6231 3.1783 6.0000 37.7259 0.0032 
39.6835 4.0000 3646.8638 0.4421 0.1493 -0.6210 3.1695 6.0000 37.4457 0.0032 
39.6777 4.0000 3645.0092 0.4431 0.1508 -0.6219 3.1685 6.0000 24.0964 0.0032 
