39.7314 4.0000 3661.8342 0.1970 0.0564 -0.4418 3.0109 6.0000 22.7337 0.0019 
39.7266 4.0000 3658.5019 0.1963 0.0560 -0.4422 3.0090 6.0000 22.6704 0.0019 
39.7175 4.0000 3656.6747 0.1976 0.0564 -0.4445 3.0114 6.0000 22.6726 0.0019 
39.7335 4.0000 3661.7505 0.1941 0.0562 -0.4390 3.0111 6.0000 25.3876 0.0021 
39.7186 4.0000 3656.3928 0.1950 0.0557 -0.4420 3.0085 6.0000 25.8329 0.0015 
39.7236 4.0000 3658.3031 0.1990 0.0568 -0.4458 3.0118 5.0000 25.5348 0.0021 
39.7465 4.0000 3666.2657 0.1938 0.0553 -0.4383 3.0070 6.0000 23.0810 0.0018 
39.7289 4.0000 3659.7934 0.1946 0.0561 -0.4409 3.0103 6.0000 23.4855 0.0018 
39.7348 4.0000 3662.3031 0.1965 0.0553 -0.4431 3.0101 6.0000 23.7159 0.0019 
39.7339 4.0000 3661.6206 0.1945 0.0554 -0.4393 3.0098 6.0000 23.3752 0.0018 
39.7314 4.0000 3660.4678 0.1957 0.0553 -0.4400 3.0074 5.0000 23.5649 0.0017 
39.7362 4.0000 3662.8869 0.1934 0.0555 -0.4381 3.0100 6.0000 23.3807 0.0017 
39.7383 4.0000 3663.8697 0.1944 0.0552 -0.4389 3.0115 6.0000 23.2549 0.0018 
39.7137 4.0000 3653.9723 0.1942 0.0552 -0.4384 3.0077 6.0000 23.3837 0.0012 
39.7327 4.0000 3661.1543 0.1959 0.0559 -0.4428 3.0078 6.0000 23.6045 0.0017 
39.7562 4.0000 3670.6059 0.1955 0.0555 -0.4409 3.0080 6.0000 23.8164 0.0017 
39.7367 4.0000 3663.2095 0.1948 0.0557 -0.4419 3.0128 6.0000 23.7945 0.0021 
39.7400 4.0000 3663.9851 0.1954 0.0560 -0.4404 3.0100 6.0000 23.8867 0.0016 
39.7232 4.0000 3658.3115 0.1950 0.0557 -0.4433 3.0087 6.0000 24.0019 0.0019 
39.7440 4.0000 3666.0084 0.1944 0.0556 -0.4390 3.0121 6.0000 23.9703 0.0020 
39.7316 4.0000 3660.9554 0.1947 0.0551 -0.4401 3.0087 6.0000 24.0021 0.0017 
39.7257 4.0000 3658.9586 0.1943 0.0552 -0.4416 3.0063 6.0000 24.1935 0.0013 
39.7398 4.0000 3663.4174 0.1958 0.0554 -0.4433 3.0102 6.0000 23.9123 0.0020 
39.7526 4.0000 3669.1875 0.1951 0.0553 -0.4402 3.0089 6.0000 24.1517 0.0021 
39.7278 4.0000 3658.6883 0.1951 0.0560 -0.4420 3.0118 6.0000 24.2132 0.0019 
39.7232 4.0000 3657.7854 0.1939 0.0553 -0.4412 3.0103 6.0000 23.8388 0.0019 
39.7293 4.0000 3660.1509 0.1958 0.0555 -0.4428 3.0128 6.0000 24.1778 0.0017 
39.7375 4.0000 3663.3939 0.1955 0.0554 -0.4429 3.0102 6.0000 24.2936 0.0023 
39.7367 4.0000 3663.1402 0.1953 0.0563 -0.4384 3.0127 6.0000 24.1696 0.0023 
39.7129 4.0000 3654.1860 0.1950 0.0555 -0.4399 3.0094 5.0000 23.8786 0.0018 
39.7261 4.0000 3659.2411 0.1956 0.0551 -0.4396 3.0106 6.0000 24.3546 0.0016 
39.7335 4.0000 3662.8850 0.1957 0.0560 -0.4402 3.0092 5.0000 24.2981 0.0016 
39.7440 4.0000 3664.9285 0.1939 0.0552 -0.4411 3.0089 6.0000 23.8251 0.0016 
39.7196 4.0000 3656.7364 0.1966 0.0561 -0.4425 3.0123 6.0000 24.1839 0.0019 
39.7356 4.0000 3663.3756 0.1955 0.0561 -0.4406 3.0093 5.0000 24.1482 0.0019 
39.7287 4.0000 3660.9481 0.1943 0.0565 -0.4404 3.0099 5.0000 24.2500 0.0019 
39.7383 4.0000 3663.1257 0.1956 0.0561 -0.4409 3.0133 6.0000 24.2575 0.0020 
39.7316 4.0000 3661.0727 0.1961 0.0551 -0.4439 3.0101 6.0000 24.1210 0.0020 
39.7251 4.0000 3658.5393 0.1951 0.0551 -0.4399 3.0069 6.0000 24.1946 0.0023 
39.7144 4.0000 3654.9971 0.1941 0.0554 -0.4423 3.0085 5.0000 23.8813 0.0019 
39.7152 4.0000 3655.1683 0.1957 0.0564 -0.4421 3.0099 6.0000 24.1374 0.0021 
39.7320 4.0000 3660.4079 0.1941 0.0555 -0.4395 3.0083 6.0000 24.3855 0.0015 
39.7215 4.0000 3656.0168 0.1961 0.0558 -0.4438 3.0086 6.0000 23.9384 0.0017 
39.7455 4.0000 3667.1391 0.1956 0.0558 -0.4413 3.0089 5.0000 24.1345 0.0016 
39.7388 4.0000 3664.4687 0.1963 0.0556 -0.4402 3.0106 6.0000 24.2443 0.0017 
39.7440 4.0000 3665.4836 0.1947 0.0555 -0.4430 3.0083 6.0000 24.0499 0.0019 
39.7377 4.0000 3663.5813 0.1938 0.0550 -0.4374 3.0104 6.0000 24.2653 0.0022 
39.7301 4.0000 3660.5948 0.1951 0.0552 -0.4416 3.0079 6.0000 24.2841 0.0017 
39.7190 4.0000 3655.4588 0.1965 0.0557 -0.4423 3.0106 6.0000 25.3529 0.0018 
39.7402 4.0000 3664.1290 0.1949 0.0554 -0.4409 3.0095 6.0000 25.4358 0.0017 
39.7339 4.0000 3661.4029 0.1948 0.0552 -0.4428 3.0093 6.0000 25.3383 0.0020 
39.7373 4.0000 3663.4601 0.1955 0.0559 -0.4392 3.0124 6.0000 24.0354 0.0020 
39.7276 4.0000 3659.6036 0.1946 0.0550 -0.4414 3.0069 6.0000 24.1838 0.0022 
39.7259 4.0000 3659.4515 0.1950 0.0554 -0.4402 3.0087 6.0000 24.2113 0.0019 
39.7192 4.0000 3653.6301 0.1958 0.0556 -0.4444 3.0089 6.0000 23.8967 0.0018 
39.7295 4.0000 3659.9945 0.1940 0.0553 -0.4378 3.0091 6.0000 24.3497 0.0019 
39.7358 4.0000 3661.7119 0.1959 0.0554 -0.4440 3.0073 6.0000 24.1069 0.0020 
39.7314 4.0000 3660.6152 0.1949 0.0557 -0.4401 3.0107 6.0000 24.0080 0.0018 
39.7276 4.0000 3659.4401 0.1939 0.0553 -0.4388 3.0115 6.0000 24.2657 0.0018 
39.7327 4.0000 3662.1919 0.1962 0.0561 -0.4413 3.0123 6.0000 24.3674 0.0019 
39.7335 4.0000 3661.9477 0.1953 0.0552 -0.4397 3.0106 6.0000 24.0305 0.0018 
39.7320 4.0000 3661.0969 0.1954 0.0556 -0.4405 3.0111 6.0000 24.2719 0.0021 
39.7331 4.0000 3661.5605 0.1953 0.0559 -0.4366 3.0129 6.0000 24.3046 0.0020 
39.7209 4.0000 3657.4857 0.1961 0.0552 -0.4428 3.0087 6.0000 23.9046 0.0020 
39.7278 4.0000 3659.7390 0.1955 0.0550 -0.4414 3.0085 5.0000 24.2782 0.0019 
39.7282 4.0000 3660.1652 0.1938 0.0552 -0.4408 3.0095 6.0000 24.2434 0.0015 
39.7289 4.0000 3660.8499 0.1953 0.0553 -0.4403 3.0068 6.0000 23.9021 0.0022 
39.7444 4.0000 3665.7558 0.1949 0.0552 -0.4398 3.0092 6.0000 24.2145 0.0019 
39.7201 4.0000 3657.2524 0.1961 0.0554 -0.4416 3.0100 6.0000 24.2150 0.0018 
39.7295 4.0000 3660.0368 0.1953 0.0558 -0.4397 3.0112 6.0000 25.0119 0.0019 
39.7356 4.0000 3661.7346 0.1956 0.0551 -0.4430 3.0097 6.0000 25.2908 0.0020 
39.7316 4.0000 3662.0412 0.1947 0.0558 -0.4412 3.0099 6.0000 25.2823 0.0019 
39.7270 4.0000 3660.3367 0.1948 0.0556 -0.4398 3.0106 6.0000 23.8209 0.0020 
39.7318 4.0000 3661.4853 0.1947 0.0553 -0.4416 3.0113 6.0000 23.9817 0.0020 
39.7247 4.0000 3658.8668 0.1945 0.0556 -0.4405 3.0104 6.0000 24.4307 0.0018 
39.7274 4.0000 3657.8525 0.1956 0.0555 -0.4406 3.0096 6.0000 23.9444 0.0024 
39.7331 4.0000 3661.9542 0.1947 0.0552 -0.4398 3.0085 6.0000 24.2005 0.0017 
39.7095 4.0000 3653.1410 0.1943 0.0555 -0.4410 3.0098 6.0000 24.2711 0.0020 
39.7364 4.0000 3662.8728 0.1954 0.0555 -0.4409 3.0075 6.0000 23.9440 0.0019 
39.7261 4.0000 3660.0748 0.1973 0.0562 -0.4426 3.0096 6.0000 23.9507 0.0019 
39.7320 4.0000 3661.4908 0.1955 0.0560 -0.4394 3.0114 6.0000 24.3996 0.0018 
39.7299 4.0000 3661.0456 0.1949 0.0554 -0.4418 3.0082 6.0000 23.8726 0.0018 
39.7331 4.0000 3661.9065 0.1979 0.0557 -0.4416 3.0109 6.0000 23.8918 0.0019 
39.7337 4.0000 3661.4931 0.1977 0.0560 -0.4437 3.0084 6.0000 24.4283 0.0020 
39.7310 4.0000 3661.6473 0.1951 0.0560 -0.4427 3.0123 6.0000 24.0425 0.0017 
39.7251 4.0000 3659.9470 0.1952 0.0555 -0.4420 3.0096 6.0000 24.1844 0.0022 
39.7392 4.0000 3664.1421 0.1944 0.0554 -0.4406 3.0090 6.0000 24.0515 0.0018 
39.7192 4.0000 3657.4334 0.1949 0.0554 -0.4398 3.0082 6.0000 24.2427 0.0021 
39.7354 4.0000 3662.9529 0.1960 0.0562 -0.4421 3.0097 6.0000 23.7672 0.0018 
39.7240 4.0000 3659.6299 0.1944 0.0557 -0.4416 3.0116 6.0000 23.8803 0.0019 
39.7335 4.0000 3661.0441 0.1947 0.0549 -0.4394 3.0085 6.0000 23.9796 0.0020 
39.7316 4.0000 3661.8090 0.1947 0.0551 -0.4382 3.0083 6.0000 23.9788 0.0018 
39.7253 4.0000 3658.4584 0.1957 0.0553 -0.4422 3.0082 6.0000 23.7269 0.0020 
39.7329 4.0000 3662.2072 0.1950 0.0551 -0.4407 3.0078 6.0000 24.6702 0.0019 
39.7249 4.0000 3658.2402 0.1953 0.0557 -0.4420 3.0111 6.0000 24.0289 0.0019 
39.7316 4.0000 3660.2465 0.1948 0.0552 -0.4420 3.0080 6.0000 24.3646 0.0020 
39.7295 4.0000 3661.0385 0.1974 0.0564 -0.4435 3.0107 6.0000 23.9104 0.0017 
39.7249 4.0000 3659.5977 0.1940 0.0554 -0.4416 3.0118 6.0000 24.0289 0.0014 
39.7394 4.0000 3664.7957 0.1955 0.0558 -0.4409 3.0090 6.0000 23.9541 0.0014 
39.7503 4.0000 3667.8527 0.1956 0.0555 -0.4409 3.0095 6.0000 16.5881 0.0014 
