39.7280 4.0000 3660.3763 0.2293 0.0622 -0.4873 3.0629 6.0000 35.4967 0.0016 
39.7415 4.0000 3666.1998 0.2270 0.0621 -0.4839 3.0605 6.0000 35.5735 0.0016 
39.7427 4.0000 3666.0377 0.2283 0.0611 -0.4874 3.0627 6.0000 35.8143 0.0016 
39.7600 4.0000 3672.7546 0.2301 0.0630 -0.4882 3.0632 6.0000 36.0598 0.0021 
39.7319 4.0000 3662.1103 0.2290 0.0626 -0.4849 3.0635 6.0000 35.7812 0.0021 
39.7204 4.0000 3657.2967 0.2294 0.0633 -0.4876 3.0640 6.0000 36.5145 0.0016 
39.7269 4.0000 3660.4585 0.2292 0.0625 -0.4881 3.0645 6.0000 35.9324 0.0020 
39.7411 4.0000 3664.6943 0.2283 0.0617 -0.4860 3.0605 6.0000 36.0116 0.0020 
39.7276 4.0000 3659.6561 0.2300 0.0623 -0.4892 3.0644 6.0000 36.6866 0.0019 
39.7337 4.0000 3664.2288 0.2316 0.0626 -0.4904 3.0622 6.0000 39.8072 0.0019 
39.7305 4.0000 3661.9130 0.2283 0.0621 -0.4858 3.0625 6.0000 39.5406 0.0019 
39.7287 4.0000 3661.0603 0.2288 0.0622 -0.4872 3.0613 6.0000 39.7832 0.0017 
39.7265 4.0000 3659.4487 0.2301 0.0621 -0.4876 3.0629 6.0000 36.2538 0.0018 
39.7390 4.0000 3663.9605 0.2295 0.0619 -0.4876 3.0624 6.0000 36.7670 0.0015 
39.7345 4.0000 3662.9256 0.2292 0.0623 -0.4858 3.0609 6.0000 36.6870 0.0018 
39.7446 4.0000 3666.1834 0.2302 0.0625 -0.4890 3.0636 6.0000 39.7893 0.0017 
39.7359 4.0000 3662.7501 0.2287 0.0619 -0.4874 3.0630 6.0000 40.0901 0.0012 
39.7391 4.0000 3664.3657 0.2302 0.0625 -0.4882 3.0621 6.0000 39.7440 0.0018 
39.7599 4.0000 3672.6114 0.2312 0.0631 -0.4883 3.0631 6.0000 36.2744 0.0017 
39.7341 4.0000 3663.1654 0.2288 0.0629 -0.4875 3.0655 6.0000 36.8109 0.0019 
39.7390 4.0000 3664.0712 0.2303 0.0624 -0.4886 3.0680 6.0000 36.6613 0.0019 
39.7312 4.0000 3660.9009 0.2298 0.0628 -0.4892 3.0666 6.0000 36.3030 0.0016 
39.7307 4.0000 3660.7436 0.2313 0.0626 -0.4897 3.0631 6.0000 36.8580 0.0017 
39.7413 4.0000 3665.1198 0.2311 0.0628 -0.4878 3.0646 6.0000 36.5853 0.0014 
39.7397 4.0000 3665.1666 0.2290 0.0624 -0.4852 3.0630 6.0000 36.8576 0.0020 
39.7500 4.0000 3668.4596 0.2310 0.0622 -0.4879 3.0621 6.0000 36.7608 0.0017 
39.7264 4.0000 3659.7179 0.2305 0.0625 -0.4867 3.0632 6.0000 36.7186 0.0019 
39.7384 4.0000 3664.1893 0.2293 0.0622 -0.4869 3.0616 6.0000 40.4933 0.0017 
39.7303 4.0000 3660.0490 0.2303 0.0627 -0.4911 3.0644 6.0000 40.7009 0.0015 
39.7393 4.0000 3664.9551 0.2308 0.0617 -0.4883 3.0621 6.0000 39.7352 0.0015 
39.7460 4.0000 3667.1196 0.2279 0.0623 -0.4857 3.0645 6.0000 36.7990 0.0018 
39.7494 4.0000 3668.7132 0.2297 0.0622 -0.4880 3.0593 6.0000 36.6483 0.0019 
39.7332 4.0000 3661.2828 0.2305 0.0630 -0.4874 3.0668 6.0000 36.7516 0.0019 
39.7285 4.0000 3660.5077 0.2314 0.0630 -0.4917 3.0631 6.0000 37.3299 0.0015 
39.7413 4.0000 3664.8800 0.2312 0.0627 -0.4881 3.0651 6.0000 36.9990 0.0018 
39.7456 4.0000 3666.8570 0.2294 0.0624 -0.4870 3.0631 6.0000 37.3839 0.0014 
39.7354 4.0000 3662.9024 0.2304 0.0628 -0.4896 3.0651 6.0000 40.3569 0.0018 
39.7489 4.0000 3667.8966 0.2295 0.0626 -0.4867 3.0623 6.0000 39.9695 0.0018 
39.7355 4.0000 3663.7064 0.2313 0.0626 -0.4894 3.0642 6.0000 40.4556 0.0016 
39.7354 4.0000 3663.0177 0.2304 0.0621 -0.4893 3.0636 6.0000 36.5588 0.0016 
39.7424 4.0000 3665.7691 0.2289 0.0623 -0.4870 3.0616 6.0000 36.8057 0.0019 
39.7417 4.0000 3666.0524 0.2307 0.0625 -0.4888 3.0648 6.0000 36.8981 0.0019 
39.7312 4.0000 3661.6361 0.2290 0.0623 -0.4886 3.0654 6.0000 39.8781 0.0017 
39.7307 4.0000 3660.9960 0.2300 0.0621 -0.4870 3.0625 6.0000 40.2788 0.0014 
39.7400 4.0000 3665.1715 0.2283 0.0627 -0.4825 3.0666 6.0000 40.5980 0.0020 
39.7510 4.0000 3668.6741 0.2288 0.0623 -0.4857 3.0630 6.0000 37.1616 0.0018 
39.7276 4.0000 3660.8795 0.2301 0.0624 -0.4868 3.0607 6.0000 36.7549 0.0015 
39.7354 4.0000 3662.2153 0.2305 0.0620 -0.4892 3.0626 6.0000 36.7865 0.0015 
39.7444 4.0000 3666.4884 0.2298 0.0624 -0.4878 3.0629 6.0000 39.5043 0.0018 
39.7455 4.0000 3666.9514 0.2291 0.0624 -0.4871 3.0639 6.0000 39.1714 0.0017 
39.7339 4.0000 3661.7748 0.2306 0.0624 -0.4869 3.0646 6.0000 39.5533 0.0017 
39.7366 4.0000 3661.9360 0.2309 0.0633 -0.4903 3.0656 6.0000 40.3853 0.0019 
39.7390 4.0000 3663.6410 0.2304 0.0625 -0.4880 3.0622 6.0000 40.4552 0.0014 
39.7318 4.0000 3662.2873 0.2290 0.0622 -0.4905 3.0639 6.0000 40.4452 0.0019 
39.7505 4.0000 3667.9614 0.2279 0.0625 -0.4864 3.0662 6.0000 36.6921 0.0016 
39.7316 4.0000 3662.0998 0.2302 0.0626 -0.4874 3.0650 6.0000 36.9742 0.0018 
39.7413 4.0000 3664.7737 0.2295 0.0621 -0.4876 3.0626 6.0000 37.1090 0.0019 
39.7341 4.0000 3661.7840 0.2288 0.0618 -0.4865 3.0630 6.0000 40.3440 0.0017 
39.7319 4.0000 3661.2742 0.2286 0.0622 -0.4858 3.0643 6.0000 40.4183 0.0016 
39.7377 4.0000 3663.9663 0.2290 0.0620 -0.4881 3.0624 6.0000 40.3623 0.0018 
39.7417 4.0000 3665.6438 0.2298 0.0621 -0.4872 3.0600 6.0000 37.8990 0.0021 
39.7354 4.0000 3663.2556 0.2292 0.0620 -0.4874 3.0645 6.0000 37.5973 0.0020 
39.7211 4.0000 3658.4378 0.2279 0.0617 -0.4871 3.0597 6.0000 37.7361 0.0018 
39.7264 4.0000 3660.8325 0.2282 0.0620 -0.4850 3.0629 6.0000 36.7708 0.0020 
39.7330 4.0000 3661.3605 0.2293 0.0620 -0.4902 3.0653 6.0000 36.4423 0.0017 
39.7271 4.0000 3659.3005 0.2270 0.0617 -0.4859 3.0650 6.0000 37.1009 0.0017 
39.7386 4.0000 3663.8784 0.2286 0.0619 -0.4881 3.0595 6.0000 36.8640 0.0017 
39.7363 4.0000 3661.9283 0.2303 0.0621 -0.4883 3.0611 6.0000 36.5529 0.0017 
39.7372 4.0000 3664.1106 0.2298 0.0622 -0.4867 3.0632 6.0000 36.7700 0.0014 
39.7409 4.0000 3664.9569 0.2285 0.0622 -0.4849 3.0679 6.0000 36.6248 0.0020 
39.7483 4.0000 3666.7984 0.2298 0.0625 -0.4852 3.0644 6.0000 36.4188 0.0020 
39.7273 4.0000 3659.9623 0.2297 0.0622 -0.4859 3.0636 6.0000 36.7980 0.0013 
39.7366 4.0000 3663.2549 0.2301 0.0615 -0.4899 3.0617 6.0000 36.6892 0.0019 
39.7539 4.0000 3669.5458 0.2302 0.0632 -0.4875 3.0616 6.0000 37.1308 0.0014 
39.7298 4.0000 3661.4641 0.2300 0.0619 -0.4878 3.0619 6.0000 36.4873 0.0017 
39.7505 4.0000 3667.9903 0.2283 0.0615 -0.4863 3.0610 6.0000 36.3965 0.0018 
39.7373 4.0000 3663.7372 0.2306 0.0623 -0.4883 3.0641 6.0000 37.0239 0.0017 
39.7359 4.0000 3662.2409 0.2304 0.0626 -0.4880 3.0655 6.0000 36.7443 0.0018 
39.7364 4.0000 3662.8694 0.2290 0.0629 -0.4868 3.0661 6.0000 36.2423 0.0018 
39.7343 4.0000 3662.8319 0.2302 0.0620 -0.4874 3.0638 6.0000 36.9756 0.0017 
39.7330 4.0000 3661.9915 0.2288 0.0623 -0.4878 3.0649 6.0000 37.0404 0.0020 
39.7379 4.0000 3663.6593 0.2294 0.0618 -0.4875 3.0603 6.0000 36.3239 0.0016 
39.7278 4.0000 3660.4637 0.2310 0.0624 -0.4915 3.0623 6.0000 37.1399 0.0015 
39.7415 4.0000 3664.9710 0.2297 0.0624 -0.4874 3.0635 6.0000 36.8745 0.0016 
39.7444 4.0000 3665.7642 0.2296 0.0625 -0.4886 3.0638 6.0000 37.1291 0.0018 
39.7422 4.0000 3666.1346 0.2284 0.0619 -0.4877 3.0617 6.0000 37.1852 0.0020 
39.7361 4.0000 3662.4889 0.2299 0.0623 -0.4880 3.0636 6.0000 37.5202 0.0018 
39.7269 4.0000 3659.7930 0.2286 0.0618 -0.4858 3.0632 6.0000 37.5947 0.0020 
39.7348 4.0000 3662.8696 0.2293 0.0625 -0.4846 3.0635 6.0000 37.0583 0.0022 
39.7282 4.0000 3661.0548 0.2305 0.0624 -0.4875 3.0613 6.0000 37.1831 0.0013 
39.7188 4.0000 3656.8035 0.2282 0.0624 -0.4847 3.0659 6.0000 36.9366 0.0013 
39.7550 4.0000 3670.7028 0.2292 0.0615 -0.4871 3.0631 6.0000 36.5624 0.0015 
39.7528 4.0000 3668.9582 0.2294 0.0623 -0.4845 3.0609 6.0000 36.7654 0.0015 
39.7480 4.0000 3668.1396 0.2295 0.0627 -0.4870 3.0598 6.0000 37.5048 0.0018 
39.7469 4.0000 3668.0292 0.2298 0.0623 -0.4867 3.0634 6.0000 36.3526 0.0017 
39.7323 4.0000 3661.7201 0.2287 0.0622 -0.4858 3.0646 6.0000 36.5583 0.0019 
39.7382 4.0000 3664.2362 0.2302 0.0625 -0.4893 3.0655 6.0000 37.3379 0.0017 
39.7287 4.0000 3659.5273 0.2299 0.0627 -0.4878 3.0643 6.0000 37.4379 0.0017 
39.7372 4.0000 3663.7871 0.2324 0.0624 -0.4929 3.0619 6.0000 37.0563 0.0017 
39.7391 4.0000 3664.8278 0.2303 0.0624 -0.4887 3.0641 6.0000 23.6920 0.0017 
