39.6987 16.5000 3650.3967 0.2483 0.0724 -0.5071 3.0112 6.0000 31.8780 0.0027 
39.6928 16.5000 3648.0575 0.2506 0.0726 -0.5091 3.0139 5.0000 32.4736 0.0027 
39.7006 16.5000 3651.0226 0.2490 0.0715 -0.5099 3.0113 6.0000 32.6524 0.0029 
39.6918 16.5000 3646.8421 0.2473 0.0719 -0.5053 3.0106 6.0000 32.2297 0.0029 
39.7033 16.5000 3653.0829 0.2483 0.0720 -0.5053 3.0072 6.0000 35.4332 0.0029 
39.6932 16.5000 3648.6243 0.2472 0.0721 -0.5055 3.0115 5.0000 34.8233 0.0028 
39.6907 16.5000 3647.2127 0.2496 0.0726 -0.5072 3.0113 6.0000 41.0182 0.0024 
39.7088 16.5000 3653.2287 0.2463 0.0728 -0.5019 3.0105 6.0000 41.0621 0.0026 
39.7015 16.5000 3651.2184 0.2506 0.0728 -0.5082 3.0108 6.0000 25.9695 0.0031 
39.6808 16.5000 3644.5920 0.2499 0.0733 -0.5065 3.0155 5.0000 25.5217 0.0031 
39.6733 16.5000 3642.0420 0.2489 0.0721 -0.5072 3.0124 5.0000 16.4640 0.0026 
39.7038 16.5000 3652.0443 0.2485 0.0723 -0.5050 3.0151 6.0000 16.4652 0.0026 
39.6941 16.5000 3650.2566 0.2493 0.0733 -0.5047 3.0146 6.0000 17.3876 0.0027 
39.6980 16.5000 3649.9000 0.2470 0.0724 -0.5039 3.0128 6.0000 17.3213 0.0027 
39.6953 16.5000 3648.1254 0.2503 0.0730 -0.5088 3.0154 6.0000 22.5382 0.0029 
39.6893 16.5000 3646.5714 0.2484 0.0733 -0.5041 3.0124 6.0000 22.6753 0.0029 
39.7129 16.5000 3655.6820 0.2480 0.0728 -0.5055 3.0079 6.0000 30.4880 0.0030 
39.6866 16.5000 3646.8848 0.2474 0.0728 -0.5047 3.0114 6.0000 30.8866 0.0023 
39.7132 16.5000 3656.3214 0.2466 0.0726 -0.5031 3.0107 6.0000 32.7000 0.0024 
39.7107 16.5000 3653.8519 0.2497 0.0736 -0.5065 3.0114 5.0000 32.9667 0.0026 
39.7033 16.5000 3650.7543 0.2469 0.0716 -0.5055 3.0103 6.0000 31.8707 0.0027 
39.6971 16.5000 3650.3075 0.2510 0.0726 -0.5066 3.0122 6.0000 32.5498 0.0027 
39.6985 16.5000 3650.1256 0.2508 0.0735 -0.5101 3.0159 6.0000 22.3446 0.0032 
39.6797 16.5000 3644.8754 0.2482 0.0722 -0.5043 3.0101 6.0000 21.6969 0.0028 
39.6946 16.5000 3649.6721 0.2487 0.0724 -0.5037 3.0108 6.0000 20.1424 0.0032 
39.6788 16.5000 3642.2137 0.2479 0.0724 -0.5043 3.0141 6.0000 20.3498 0.0028 
39.6955 16.5000 3648.7906 0.2494 0.0731 -0.5053 3.0105 6.0000 20.8033 0.0024 
39.7095 16.5000 3654.2958 0.2494 0.0719 -0.5095 3.0095 6.0000 20.4116 0.0027 
39.7001 16.5000 3651.2046 0.2457 0.0722 -0.5023 3.0129 6.0000 16.1650 0.0023 
39.7143 16.5000 3655.8177 0.2483 0.0723 -0.5065 3.0104 6.0000 16.3785 0.0027 
39.6974 16.5000 3649.3062 0.2488 0.0724 -0.5055 3.0121 5.0000 15.8799 0.0031 
39.6818 16.5000 3643.7661 0.2483 0.0724 -0.5058 3.0116 6.0000 17.6283 0.0023 
39.7141 16.5000 3656.1137 0.2477 0.0725 -0.5050 3.0134 6.0000 37.9398 0.0029 
39.6891 16.5000 3647.3314 0.2492 0.0726 -0.5075 3.0101 6.0000 37.7402 0.0028 
39.6932 16.5000 3648.6846 0.2500 0.0729 -0.5074 3.0108 6.0000 41.4152 0.0027 
39.6967 16.5000 3649.8854 0.2480 0.0725 -0.5062 3.0117 6.0000 41.9936 0.0034 
39.6721 16.5000 3641.4211 0.2470 0.0728 -0.5035 3.0119 6.0000 38.3855 0.0027 
39.6978 16.5000 3649.4839 0.2488 0.0720 -0.5043 3.0114 5.0000 36.3567 0.0026 
39.7015 16.5000 3649.8952 0.2457 0.0720 -0.5050 3.0114 6.0000 21.0834 0.0024 
39.7102 16.5000 3654.6062 0.2517 0.0734 -0.5096 3.0128 6.0000 20.8385 0.0029 
39.6916 16.5000 3647.7389 0.2477 0.0730 -0.5055 3.0145 6.0000 16.1369 0.0029 
39.6889 16.5000 3645.8074 0.2492 0.0734 -0.5080 3.0174 6.0000 16.4205 0.0028 
39.6930 16.5000 3648.1681 0.2489 0.0724 -0.5076 3.0112 6.0000 15.8405 0.0029 
39.6900 16.5000 3649.1322 0.2482 0.0727 -0.5073 3.0139 6.0000 16.1660 0.0021 
39.7219 16.5000 3658.9960 0.2494 0.0718 -0.5052 3.0119 6.0000 15.0577 0.0027 
39.7006 16.5000 3651.0455 0.2498 0.0727 -0.5067 3.0108 6.0000 15.5236 0.0030 
39.6861 16.5000 3645.1929 0.2487 0.0721 -0.5057 3.0094 6.0000 15.1976 0.0033 
39.6767 16.5000 3640.0938 0.2486 0.0721 -0.5062 3.0119 6.0000 15.7016 0.0031 
39.6829 16.5000 3643.9892 0.2495 0.0733 -0.5059 3.0117 6.0000 15.7864 0.0029 
39.6912 16.5000 3647.6992 0.2488 0.0722 -0.5071 3.0134 6.0000 15.9355 0.0030 
39.6857 16.5000 3642.8644 0.2502 0.0729 -0.5091 3.0139 6.0000 16.2513 0.0029 
39.6898 16.5000 3648.0112 0.2476 0.0719 -0.5057 3.0130 6.0000 16.4696 0.0034 
39.6724 16.5000 3640.9997 0.2475 0.0724 -0.5031 3.0123 6.0000 15.7421 0.0030 
39.6861 16.5000 3647.2734 0.2478 0.0722 -0.5054 3.0107 6.0000 16.2726 0.0026 
39.7010 16.5000 3651.2166 0.2488 0.0728 -0.5051 3.0106 5.0000 15.9500 0.0026 
39.7012 16.5000 3651.3390 0.2486 0.0727 -0.5044 3.0103 6.0000 16.3130 0.0027 
39.6994 16.5000 3650.4301 0.2487 0.0720 -0.5058 3.0112 6.0000 17.3112 0.0024 
39.7093 16.5000 3654.6211 0.2489 0.0726 -0.5047 3.0138 6.0000 17.5396 0.0026 
39.7022 16.5000 3651.6405 0.2487 0.0729 -0.5074 3.0120 6.0000 18.9232 0.0028 
39.6946 16.5000 3648.1337 0.2489 0.0713 -0.5055 3.0091 6.0000 19.3494 0.0022 
39.7184 16.5000 3658.3719 0.2476 0.0719 -0.5042 3.0116 6.0000 20.6181 0.0027 
39.6992 16.5000 3650.7961 0.2469 0.0726 -0.5024 3.0149 6.0000 20.8416 0.0026 
39.7038 16.5000 3651.4321 0.2472 0.0722 -0.5041 3.0114 6.0000 22.0778 0.0029 
39.6909 16.5000 3649.5589 0.2486 0.0729 -0.5055 3.0144 6.0000 24.4727 0.0030 
39.6875 16.5000 3646.2350 0.2481 0.0721 -0.5068 3.0103 6.0000 27.1111 0.0026 
39.7033 16.5000 3652.1976 0.2463 0.0720 -0.5008 3.0106 6.0000 25.2037 0.0032 
39.6795 16.5000 3644.3870 0.2487 0.0728 -0.5025 3.0131 6.0000 25.6600 0.0026 
39.7038 16.5000 3652.1862 0.2469 0.0713 -0.5068 3.0115 6.0000 25.8322 0.0026 
39.7033 16.5000 3653.0927 0.2481 0.0718 -0.5057 3.0084 6.0000 21.3800 0.0028 
39.6960 16.5000 3649.6407 0.2490 0.0723 -0.5043 3.0114 6.0000 21.4797 0.0022 
39.7187 16.5000 3658.0901 0.2487 0.0719 -0.5006 3.0102 6.0000 22.4117 0.0027 
39.6990 16.5000 3650.5746 0.2474 0.0730 -0.5052 3.0116 6.0000 23.1327 0.0021 
39.7210 16.5000 3658.5957 0.2479 0.0729 -0.5017 3.0106 6.0000 23.2521 0.0024 
39.7090 16.5000 3655.1563 0.2499 0.0718 -0.5067 3.0101 6.0000 22.1693 0.0030 
39.6857 16.5000 3646.4434 0.2490 0.0724 -0.5054 3.0134 6.0000 19.2710 0.0028 
39.6930 16.5000 3648.0443 0.2471 0.0724 -0.5024 3.0119 5.0000 19.0959 0.0029 
39.6898 16.5000 3647.2814 0.2462 0.0722 -0.5019 3.0088 6.0000 18.9592 0.0028 
39.6957 16.5000 3649.3981 0.2483 0.0724 -0.5036 3.0088 6.0000 18.9502 0.0034 
39.6712 16.5000 3641.4536 0.2465 0.0725 -0.5047 3.0129 6.0000 19.9136 0.0031 
39.6811 16.5000 3641.6980 0.2474 0.0725 -0.5052 3.0124 6.0000 20.9381 0.0024 
39.7107 16.5000 3654.2261 0.2463 0.0716 -0.5027 3.0123 6.0000 25.8642 0.0023 
39.7145 16.5000 3655.9255 0.2502 0.0725 -0.5065 3.0142 6.0000 27.2636 0.0026 
39.7019 16.5000 3652.6108 0.2499 0.0725 -0.5060 3.0107 6.0000 23.7417 0.0028 
39.6962 16.5000 3647.5958 0.2491 0.0730 -0.5030 3.0095 6.0000 22.5244 0.0031 
39.6824 16.5000 3644.6358 0.2470 0.0720 -0.5030 3.0123 6.0000 20.8445 0.0024 
39.7090 16.5000 3655.9780 0.2510 0.0732 -0.5077 3.0136 6.0000 20.7011 0.0034 
39.6701 16.5000 3639.1095 0.2479 0.0733 -0.5051 3.0132 5.0000 23.6545 0.0027 
39.6983 16.5000 3650.0663 0.2492 0.0728 -0.5080 3.0147 5.0000 22.7042 0.0026 
39.7010 16.5000 3650.6019 0.2504 0.0724 -0.5060 3.0107 6.0000 19.0853 0.0031 
39.6824 16.5000 3645.4252 0.2487 0.0727 -0.5052 3.0104 6.0000 19.5758 0.0029 
39.6909 16.5000 3647.7389 0.2497 0.0721 -0.5038 3.0118 6.0000 19.1935 0.0023 
39.7155 16.5000 3655.1794 0.2495 0.0738 -0.5053 3.0141 5.0000 19.6227 0.0026 
39.7026 16.5000 3652.1912 0.2493 0.0727 -0.5075 3.0155 6.0000 18.0969 0.0027 
39.6987 16.5000 3648.9795 0.2497 0.0717 -0.5041 3.0113 6.0000 18.3690 0.0028 
39.6935 16.5000 3648.6257 0.2478 0.0732 -0.5041 3.0127 6.0000 17.1197 0.0030 
39.6854 16.5000 3646.0741 0.2494 0.0724 -0.5076 3.0098 6.0000 16.9931 0.0027 
39.6967 16.5000 3650.2511 0.2496 0.0726 -0.5064 3.0129 6.0000 19.9245 0.0027 
39.6976 16.5000 3647.9053 0.2485 0.0724 -0.5073 3.0150 6.0000 21.1402 0.0024 
39.7086 16.5000 3652.7050 0.2485 0.0725 -0.5049 3.0094 6.0000 23.7347 0.0032 
39.6776 16.5000 3643.3750 0.2476 0.0723 -0.5033 3.0125 6.0000 21.9346 0.0032 
