39.6820 4.0000 3644.4556 0.4228 0.1391 -0.6220 3.1604 6.0000 35.0980 0.0031 
39.6891 4.0000 3647.9043 0.4223 0.1420 -0.6132 3.1642 6.0000 35.7856 0.0030 
39.6903 4.0000 3648.4347 0.4231 0.1401 -0.6171 3.1596 6.0000 36.3209 0.0028 
39.6873 4.0000 3646.7186 0.4279 0.1416 -0.6236 3.1627 6.0000 37.8773 0.0033 
39.6950 4.0000 3651.7314 0.4246 0.1418 -0.6133 3.1604 6.0000 37.7831 0.0033 
39.6741 4.0000 3642.5947 0.4224 0.1409 -0.6182 3.1625 6.0000 37.5695 0.0034 
39.6754 4.0000 3642.3423 0.4234 0.1425 -0.6156 3.1658 6.0000 37.7506 0.0028 
39.6723 4.0000 3641.1342 0.4278 0.1421 -0.6232 3.1612 6.0000 37.2555 0.0028 
39.6948 4.0000 3649.2551 0.4246 0.1440 -0.6133 3.1631 6.0000 37.2104 0.0033 
39.6730 4.0000 3642.9850 0.4248 0.1415 -0.6201 3.1632 6.0000 37.4844 0.0030 
39.7017 4.0000 3652.1684 0.4251 0.1417 -0.6187 3.1680 6.0000 36.5979 0.0034 
39.6692 4.0000 3641.1897 0.4272 0.1423 -0.6199 3.1579 6.0000 36.7118 0.0026 
39.7024 4.0000 3652.5475 0.4234 0.1405 -0.6182 3.1634 6.0000 36.8848 0.0032 
39.6871 4.0000 3647.8831 0.4236 0.1393 -0.6158 3.1617 6.0000 37.2213 0.0036 
39.6806 4.0000 3646.0438 0.4258 0.1410 -0.6187 3.1641 6.0000 36.8877 0.0036 
39.6611 4.0000 3637.6156 0.4245 0.1426 -0.6151 3.1668 6.0000 36.6723 0.0031 
39.7046 4.0000 3652.8752 0.4246 0.1411 -0.6165 3.1635 6.0000 37.6192 0.0032 
39.6844 4.0000 3645.5046 0.4232 0.1407 -0.6198 3.1670 6.0000 37.7064 0.0032 
39.6786 4.0000 3642.1938 0.4251 0.1424 -0.6118 3.1655 6.0000 37.3015 0.0029 
39.7118 4.0000 3655.7932 0.4253 0.1417 -0.6153 3.1609 6.0000 37.4671 0.0027 
39.6916 4.0000 3648.2747 0.4218 0.1418 -0.6165 3.1653 6.0000 37.8303 0.0031 
39.6993 4.0000 3651.4219 0.4233 0.1415 -0.6141 3.1624 6.0000 37.9073 0.0028 
39.6838 4.0000 3646.6523 0.4234 0.1399 -0.6177 3.1619 6.0000 37.0598 0.0032 
39.6936 4.0000 3650.3479 0.4229 0.1426 -0.6122 3.1674 6.0000 37.5720 0.0033 
39.6795 4.0000 3646.9989 0.4238 0.1419 -0.6135 3.1597 6.0000 36.9961 0.0036 
39.6730 4.0000 3642.2531 0.4284 0.1451 -0.6166 3.1683 6.0000 37.4530 0.0027 
39.6649 4.0000 3639.9987 0.4235 0.1430 -0.6080 3.1639 6.0000 38.1189 0.0026 
39.6988 4.0000 3650.7046 0.4241 0.1411 -0.6153 3.1601 6.0000 37.7232 0.0028 
39.7011 4.0000 3652.8346 0.4254 0.1431 -0.6134 3.1608 6.0000 37.6535 0.0034 
39.6961 4.0000 3651.4783 0.4275 0.1416 -0.6190 3.1582 6.0000 37.6970 0.0033 
39.6725 4.0000 3641.7674 0.4252 0.1411 -0.6180 3.1589 6.0000 37.4316 0.0028 
39.6748 4.0000 3641.3486 0.4254 0.1410 -0.6172 3.1603 6.0000 37.3621 0.0034 
39.6943 4.0000 3647.6112 0.4253 0.1420 -0.6159 3.1625 6.0000 37.6501 0.0029 
39.6714 4.0000 3641.3077 0.4238 0.1430 -0.6115 3.1628 6.0000 37.8559 0.0027 
39.6898 4.0000 3648.2077 0.4230 0.1404 -0.6161 3.1664 6.0000 37.6803 0.0029 
39.6968 4.0000 3652.1196 0.4256 0.1427 -0.6178 3.1626 6.0000 37.1894 0.0034 
39.6894 4.0000 3649.1011 0.4262 0.1430 -0.6141 3.1643 6.0000 38.3661 0.0029 
39.6703 4.0000 3641.9924 0.4236 0.1411 -0.6173 3.1618 6.0000 37.8095 0.0031 
39.6923 4.0000 3649.1481 0.4242 0.1432 -0.6171 3.1627 6.0000 38.8906 0.0026 
39.6840 4.0000 3646.0124 0.4239 0.1430 -0.6135 3.1654 6.0000 40.8142 0.0027 
39.7029 4.0000 3653.8674 0.4284 0.1446 -0.6137 3.1632 6.0000 40.5062 0.0027 
39.6999 4.0000 3652.6819 0.4263 0.1431 -0.6193 3.1620 6.0000 41.1604 0.0033 
39.6779 4.0000 3644.2389 0.4249 0.1416 -0.6178 3.1656 6.0000 37.6264 0.0027 
39.6768 4.0000 3641.9587 0.4238 0.1430 -0.6092 3.1597 6.0000 38.3691 0.0032 
39.6979 4.0000 3651.3486 0.4248 0.1441 -0.6093 3.1629 6.0000 37.8217 0.0023 
39.6793 4.0000 3645.2996 0.4222 0.1416 -0.6131 3.1621 6.0000 37.4503 0.0028 
39.7137 4.0000 3657.9973 0.4225 0.1390 -0.6165 3.1617 6.0000 37.9398 0.0029 
39.6939 4.0000 3649.8681 0.4244 0.1404 -0.6225 3.1589 6.0000 37.7656 0.0029 
39.6901 4.0000 3648.4441 0.4225 0.1389 -0.6188 3.1549 6.0000 36.9129 0.0025 
39.6889 4.0000 3648.2119 0.4257 0.1425 -0.6159 3.1654 6.0000 38.1308 0.0032 
39.7065 4.0000 3654.1229 0.4267 0.1424 -0.6221 3.1581 6.0000 37.7513 0.0026 
39.6804 4.0000 3645.1070 0.4270 0.1401 -0.6218 3.1622 6.0000 37.3823 0.0035 
39.7040 4.0000 3654.1189 0.4241 0.1408 -0.6164 3.1609 6.0000 37.2356 0.0023 
39.6671 4.0000 3641.1468 0.4253 0.1433 -0.6122 3.1602 6.0000 37.4295 0.0033 
39.7125 4.0000 3657.5239 0.4238 0.1439 -0.6084 3.1608 6.0000 37.6031 0.0035 
39.6745 4.0000 3643.8222 0.4232 0.1408 -0.6173 3.1621 6.0000 37.1271 0.0028 
39.6687 4.0000 3640.7977 0.4262 0.1427 -0.6160 3.1626 6.0000 37.3384 0.0027 
39.6959 4.0000 3649.9827 0.4261 0.1416 -0.6189 3.1631 6.0000 40.0296 0.0033 
39.6979 4.0000 3651.6410 0.4228 0.1418 -0.6137 3.1590 6.0000 40.6978 0.0029 
39.6752 4.0000 3643.2405 0.4240 0.1407 -0.6163 3.1643 6.0000 40.2337 0.0027 
39.6901 4.0000 3648.9038 0.4218 0.1407 -0.6144 3.1639 6.0000 37.4191 0.0031 
39.6984 4.0000 3650.7898 0.4235 0.1398 -0.6198 3.1614 6.0000 37.9990 0.0031 
39.6835 4.0000 3647.1238 0.4232 0.1414 -0.6166 3.1598 6.0000 37.4115 0.0030 
39.6831 4.0000 3649.4233 0.4229 0.1413 -0.6122 3.1667 6.0000 36.9222 0.0033 
39.6874 4.0000 3646.9045 0.4242 0.1422 -0.6126 3.1653 6.0000 38.0684 0.0030 
39.6743 4.0000 3642.1364 0.4253 0.1430 -0.6141 3.1684 6.0000 38.1672 0.0031 
39.6878 4.0000 3645.6871 0.4279 0.1448 -0.6155 3.1618 6.0000 37.5954 0.0031 
39.6811 4.0000 3646.3331 0.4247 0.1411 -0.6183 3.1606 6.0000 37.4311 0.0027 
39.6835 4.0000 3646.5680 0.4227 0.1407 -0.6146 3.1598 6.0000 37.8900 0.0029 
39.7001 4.0000 3651.6248 0.4241 0.1403 -0.6168 3.1624 6.0000 37.9886 0.0031 
39.6914 4.0000 3648.2297 0.4215 0.1425 -0.6165 3.1680 6.0000 37.8168 0.0034 
39.6828 4.0000 3645.9429 0.4216 0.1405 -0.6153 3.1656 6.0000 37.7634 0.0035 
39.6729 4.0000 3643.4264 0.4250 0.1431 -0.6158 3.1632 6.0000 37.5362 0.0038 
39.6660 4.0000 3640.5255 0.4268 0.1426 -0.6173 3.1648 6.0000 37.1661 0.0029 
39.6556 4.0000 3636.9551 0.4244 0.1436 -0.6118 3.1632 6.0000 37.1835 0.0028 
39.6923 4.0000 3649.6341 0.4249 0.1412 -0.6163 3.1630 6.0000 38.1859 0.0026 
39.6963 4.0000 3651.7725 0.4223 0.1411 -0.6155 3.1586 6.0000 37.5872 0.0025 
39.7026 4.0000 3653.2718 0.4256 0.1430 -0.6116 3.1662 6.0000 37.3320 0.0036 
39.7049 4.0000 3653.1544 0.4245 0.1418 -0.6158 3.1660 6.0000 36.9032 0.0028 
39.6611 4.0000 3638.0566 0.4254 0.1401 -0.6210 3.1611 6.0000 37.6019 0.0033 
39.6930 4.0000 3648.9717 0.4230 0.1412 -0.6165 3.1614 6.0000 37.2204 0.0033 
39.6743 4.0000 3641.6356 0.4250 0.1418 -0.6158 3.1629 6.0000 40.6195 0.0031 
39.6732 4.0000 3641.2891 0.4270 0.1427 -0.6201 3.1637 6.0000 40.5147 0.0031 
39.6815 4.0000 3646.4104 0.4230 0.1411 -0.6160 3.1607 6.0000 41.2247 0.0034 
39.6831 4.0000 3644.3888 0.4227 0.1385 -0.6182 3.1643 6.0000 41.6039 0.0032 
39.6714 4.0000 3641.4929 0.4230 0.1411 -0.6175 3.1648 6.0000 40.8320 0.0028 
39.6786 4.0000 3644.5622 0.4247 0.1412 -0.6148 3.1587 6.0000 41.1927 0.0031 
39.6930 4.0000 3649.0113 0.4223 0.1397 -0.6174 3.1629 6.0000 40.9249 0.0026 
39.6837 4.0000 3648.5190 0.4235 0.1418 -0.6154 3.1614 6.0000 41.3131 0.0027 
39.7015 4.0000 3652.2302 0.4258 0.1430 -0.6139 3.1623 6.0000 41.4842 0.0028 
39.7002 4.0000 3652.0301 0.4250 0.1429 -0.6165 3.1665 6.0000 38.1310 0.0033 
39.6936 4.0000 3650.9449 0.4229 0.1414 -0.6114 3.1591 6.0000 37.4490 0.0029 
39.6739 4.0000 3641.9946 0.4226 0.1424 -0.6147 3.1659 6.0000 38.3757 0.0033 
39.6898 4.0000 3649.5453 0.4279 0.1430 -0.6180 3.1634 6.0000 38.0006 0.0025 
39.6734 4.0000 3640.6366 0.4257 0.1420 -0.6174 3.1645 6.0000 37.5727 0.0031 
39.7067 4.0000 3653.1328 0.4230 0.1407 -0.6163 3.1586 6.0000 37.9716 0.0030 
39.6844 4.0000 3646.1848 0.4222 0.1406 -0.6149 3.1602 6.0000 37.9339 0.0029 
39.6883 4.0000 3647.1385 0.4207 0.1399 -0.6171 3.1626 6.0000 39.0573 0.0028 
39.6901 4.0000 3648.4835 0.4223 0.1387 -0.6208 3.1593 6.0000 38.2908 0.0028 
39.6932 4.0000 3650.2081 0.4246 0.1417 -0.6178 3.1578 6.0000 24.8698 0.0028 
