39.5079 4.0000 3577.1100 0.4319 0.1583 -0.6333 3.0255 5.0000 19.2352 0.0070 
39.5296 4.0000 3591.6255 0.4288 0.1557 -0.6243 3.0159 5.0000 20.7163 0.0076 
39.4997 4.0000 3578.9549 0.4295 0.1585 -0.6282 3.0200 5.0000 20.8909 0.0070 
39.5066 4.0000 3587.2500 0.4342 0.1554 -0.6338 3.0140 5.0000 19.5103 0.0081 
39.5274 4.0000 3595.7185 0.4338 0.1564 -0.6260 3.0158 5.0000 19.8186 0.0074 
39.4861 4.0000 3581.9322 0.4305 0.1552 -0.6331 3.0144 6.0000 19.3112 0.0074 
39.5129 4.0000 3587.8471 0.4371 0.1560 -0.6374 3.0170 6.0000 20.8187 0.0080 
39.5126 4.0000 3584.7522 0.4334 0.1548 -0.6378 3.0182 5.0000 20.0460 0.0066 
39.4896 4.0000 3579.3547 0.4328 0.1586 -0.6292 3.0201 5.0000 20.1733 0.0073 
39.5445 4.0000 3599.0262 0.4330 0.1556 -0.6300 3.0169 5.0000 20.4714 0.0067 
39.5183 4.0000 3574.5675 0.4341 0.1587 -0.6339 3.0224 6.0000 20.5621 0.0066 
39.5397 4.0000 3600.2333 0.4325 0.1554 -0.6253 3.0180 5.0000 20.9863 0.0063 
39.5457 4.0000 3601.7219 0.4338 0.1558 -0.6342 3.0133 6.0000 17.0297 0.0065 
39.5574 4.0000 3605.9004 0.4330 0.1570 -0.6258 3.0222 6.0000 16.0517 0.0064 
39.5514 4.0000 3604.8916 0.4311 0.1547 -0.6338 3.0168 5.0000 15.6217 0.0075 
39.5504 4.0000 3601.3358 0.4369 0.1586 -0.6308 3.0190 5.0000 8.3436 0.0063 
39.5104 4.0000 3585.6822 0.4326 0.1578 -0.6332 3.0172 5.0000 8.3187 0.0075 
39.5549 4.0000 3604.7667 0.4285 0.1535 -0.6230 3.0188 5.0000 8.4376 0.0059 
39.5101 4.0000 3591.9912 0.4318 0.1565 -0.6298 3.0214 5.0000 8.1498 0.0061 
39.5735 4.0000 3612.6970 0.4304 0.1544 -0.6283 3.0183 5.0000 8.2590 0.0070 
39.5659 4.0000 3609.3562 0.4308 0.1570 -0.6255 3.0240 5.0000 8.2904 0.0059 
39.5296 4.0000 3594.8815 0.4310 0.1590 -0.6146 3.0146 5.0000 8.3263 0.0077 
39.5735 4.0000 3608.1031 0.4292 0.1561 -0.6215 3.0152 5.0000 8.4070 0.0070 
39.5019 4.0000 3585.2333 0.4347 0.1576 -0.6336 3.0223 5.0000 8.2964 0.0062 
39.5293 4.0000 3595.8969 0.4337 0.1583 -0.6281 3.0124 5.0000 8.1368 0.0068 
39.5612 4.0000 3604.4029 0.4330 0.1551 -0.6302 3.0155 5.0000 8.3361 0.0063 
39.5353 4.0000 3597.0041 0.4290 0.1521 -0.6308 3.0184 5.0000 8.4142 0.0074 
39.5552 4.0000 3603.3282 0.4311 0.1567 -0.6277 3.0175 6.0000 8.2108 0.0064 
39.5139 4.0000 3590.0571 0.4369 0.1598 -0.6240 3.0173 5.0000 8.3640 0.0058 
39.5526 4.0000 3606.1642 0.4329 0.1560 -0.6234 3.0138 6.0000 8.3112 0.0069 
39.5766 4.0000 3612.2264 0.4320 0.1570 -0.6322 3.0173 5.0000 8.2241 0.0068 
39.5337 4.0000 3592.9827 0.4290 0.1535 -0.6245 3.0145 5.0000 8.4508 0.0059 
39.5359 4.0000 3600.3846 0.4302 0.1556 -0.6265 3.0152 5.0000 8.3636 0.0076 
39.5716 4.0000 3612.2550 0.4267 0.1528 -0.6275 3.0071 5.0000 12.4557 0.0058 
39.5038 4.0000 3586.0921 0.4332 0.1549 -0.6298 3.0169 5.0000 13.9209 0.0064 
39.5769 4.0000 3607.2415 0.4315 0.1575 -0.6234 3.0166 5.0000 14.1720 0.0069 
39.5533 4.0000 3602.7497 0.4297 0.1564 -0.6286 3.0238 5.0000 17.5408 0.0070 
39.5331 4.0000 3599.6419 0.4305 0.1566 -0.6253 3.0164 5.0000 18.5726 0.0064 
39.5293 4.0000 3594.6264 0.4329 0.1554 -0.6382 3.0111 5.0000 18.4909 0.0060 
39.5542 4.0000 3607.6756 0.4305 0.1533 -0.6324 3.0069 6.0000 20.6196 0.0070 
39.5684 4.0000 3606.4369 0.4306 0.1544 -0.6249 3.0128 5.0000 19.7121 0.0071 
39.5303 4.0000 3597.3852 0.4348 0.1583 -0.6225 3.0230 5.0000 17.1529 0.0073 
39.5186 4.0000 3592.6201 0.4278 0.1537 -0.6249 3.0152 5.0000 9.6724 0.0062 
39.5255 4.0000 3599.5722 0.4290 0.1558 -0.6207 3.0155 6.0000 9.5253 0.0063 
39.5621 4.0000 3604.9499 0.4278 0.1527 -0.6195 3.0141 6.0000 8.7588 0.0063 
39.5549 4.0000 3601.0712 0.4318 0.1570 -0.6271 3.0139 5.0000 8.3070 0.0064 
39.5564 4.0000 3606.1466 0.4294 0.1547 -0.6246 3.0163 5.0000 8.3287 0.0066 
39.5517 4.0000 3601.7418 0.4341 0.1572 -0.6296 3.0122 5.0000 8.2481 0.0046 
39.5441 4.0000 3592.5199 0.4318 0.1591 -0.6258 3.0168 6.0000 8.4554 0.0069 
39.6245 4.0000 3628.5492 0.4322 0.1585 -0.6232 3.0190 5.0000 8.6022 0.0051 
39.5325 4.0000 3593.7409 0.4327 0.1561 -0.6349 3.0122 5.0000 8.4720 0.0074 
39.6025 4.0000 3622.2450 0.4306 0.1547 -0.6234 3.0098 5.0000 8.4607 0.0063 
39.5142 4.0000 3581.2595 0.4283 0.1574 -0.6232 3.0153 5.0000 8.5145 0.0068 
39.5552 4.0000 3603.2910 0.4313 0.1560 -0.6275 3.0191 5.0000 8.3607 0.0072 
39.5363 4.0000 3599.5643 0.4312 0.1554 -0.6281 3.0156 5.0000 8.3243 0.0061 
39.5199 4.0000 3585.9678 0.4300 0.1554 -0.6304 3.0151 6.0000 8.2999 0.0065 
39.5646 4.0000 3606.2456 0.4307 0.1538 -0.6283 3.0181 6.0000 8.5188 0.0051 
39.5470 4.0000 3603.4007 0.4318 0.1590 -0.6268 3.0258 5.0000 8.2966 0.0073 
39.6056 4.0000 3623.5735 0.4295 0.1542 -0.6269 3.0103 5.0000 8.2852 0.0062 
39.5177 4.0000 3590.5120 0.4357 0.1579 -0.6331 3.0175 5.0000 8.4804 0.0063 
39.5605 4.0000 3605.8528 0.4353 0.1564 -0.6303 3.0230 6.0000 8.2015 0.0071 
39.5580 4.0000 3602.2610 0.4348 0.1589 -0.6255 3.0239 6.0000 8.2016 0.0070 
39.5271 4.0000 3595.1778 0.4323 0.1572 -0.6307 3.0176 6.0000 8.2796 0.0063 
39.5284 4.0000 3594.1132 0.4289 0.1517 -0.6298 3.0127 5.0000 8.4080 0.0058 
39.5567 4.0000 3602.6999 0.4325 0.1567 -0.6302 3.0144 6.0000 8.1672 0.0078 
39.5744 4.0000 3608.8291 0.4293 0.1562 -0.6186 3.0212 6.0000 8.3681 0.0068 
39.4991 4.0000 3588.9174 0.4275 0.1557 -0.6212 3.0140 6.0000 8.3323 0.0069 
39.5356 4.0000 3595.6315 0.4332 0.1561 -0.6348 3.0178 5.0000 8.1570 0.0069 
39.5331 4.0000 3598.6731 0.4306 0.1539 -0.6320 3.0150 5.0000 8.4190 0.0081 
39.5183 4.0000 3591.3704 0.4278 0.1556 -0.6231 3.0136 5.0000 8.3487 0.0062 
39.4861 4.0000 3579.7434 0.4297 0.1559 -0.6259 3.0146 5.0000 8.2824 0.0062 
39.5599 4.0000 3605.0426 0.4297 0.1563 -0.6287 3.0184 6.0000 8.3379 0.0071 
39.5823 4.0000 3614.8575 0.4333 0.1547 -0.6347 3.0084 5.0000 8.8779 0.0063 
39.5252 4.0000 3596.4827 0.4334 0.1567 -0.6334 3.0201 5.0000 8.8643 0.0063 
39.5555 4.0000 3604.7093 0.4283 0.1540 -0.6250 3.0131 6.0000 8.8303 0.0052 
39.5804 4.0000 3616.2043 0.4316 0.1570 -0.6241 3.0226 5.0000 8.2917 0.0054 
39.5993 4.0000 3619.9685 0.4309 0.1551 -0.6236 3.0152 5.0000 8.5532 0.0063 
39.5921 4.0000 3618.4492 0.4319 0.1546 -0.6280 3.0127 5.0000 8.5878 0.0068 
39.5564 4.0000 3601.6444 0.4317 0.1541 -0.6339 3.0179 5.0000 8.2189 0.0071 
39.5366 4.0000 3600.9540 0.4315 0.1580 -0.6279 3.0180 6.0000 8.3805 0.0067 
39.5243 4.0000 3594.7011 0.4311 0.1532 -0.6278 3.0199 5.0000 8.5054 0.0062 
39.5416 4.0000 3597.7093 0.4298 0.1575 -0.6260 3.0167 5.0000 8.9665 0.0070 
39.5621 4.0000 3595.7727 0.4322 0.1568 -0.6277 3.0182 6.0000 8.8659 0.0067 
39.5287 4.0000 3596.5965 0.4318 0.1557 -0.6302 3.0124 5.0000 8.9207 0.0064 
39.5394 4.0000 3601.2166 0.4329 0.1558 -0.6245 3.0164 6.0000 8.8604 0.0068 
39.5514 4.0000 3602.7122 0.4349 0.1583 -0.6313 3.0254 5.0000 8.8593 0.0064 
39.5375 4.0000 3599.8824 0.4293 0.1546 -0.6278 3.0203 5.0000 8.7171 0.0077 
39.5545 4.0000 3597.2402 0.4330 0.1543 -0.6326 3.0180 5.0000 8.4210 0.0063 
39.5025 4.0000 3584.3449 0.4278 0.1536 -0.6243 3.0079 5.0000 8.1823 0.0071 
39.5583 4.0000 3599.2305 0.4299 0.1548 -0.6292 3.0221 5.0000 8.3651 0.0062 
39.5246 4.0000 3595.6838 0.4255 0.1533 -0.6254 3.0184 5.0000 8.2810 0.0068 
39.5602 4.0000 3605.9351 0.4307 0.1543 -0.6283 3.0157 5.0000 8.2609 0.0081 
39.5359 4.0000 3598.1516 0.4295 0.1541 -0.6314 3.0153 5.0000 8.3269 0.0082 
39.4871 4.0000 3583.1847 0.4331 0.1589 -0.6275 3.0162 6.0000 8.4411 0.0057 
39.4839 4.0000 3576.1873 0.4363 0.1585 -0.6335 3.0206 5.0000 8.4191 0.0057 
39.5820 4.0000 3619.2932 0.4340 0.1572 -0.6271 3.0129 5.0000 8.3450 0.0063 
39.5794 4.0000 3606.6602 0.4301 0.1563 -0.6282 3.0215 6.0000 8.5367 0.0063 
39.5583 4.0000 3605.2648 0.4293 0.1558 -0.6235 3.0182 5.0000 8.5069 0.0063 
39.5583 4.0000 3599.5943 0.4298 0.1570 -0.6236 3.0231 5.0000 8.0508 0.0070 
39.5274 4.0000 3595.1939 0.4310 0.1556 -0.6314 3.0246 5.0000 6.4188 0.0070 
