31.0567 1.0000 3009.2386 0.3502 0.1177 -0.2867 3.5214 8.0000 25.6855 0.0009 
31.0501 1.0000 3006.1021 0.3470 0.1183 -0.2853 3.5206 8.0000 21.8794 0.0012 
31.0563 1.0000 3008.7574 0.3493 0.1191 -0.2856 3.5226 8.0000 25.2093 0.0010 
31.0523 1.0000 3007.5671 0.3479 0.1192 -0.2816 3.5173 9.0000 24.4051 0.0012 
31.0553 1.0000 3008.5641 0.3501 0.1204 -0.2830 3.5183 8.0000 21.5436 0.0011 
31.0505 1.0000 3006.3833 0.3510 0.1204 -0.2840 3.5170 8.0000 25.7128 0.0013 
31.0560 1.0000 3009.1256 0.3496 0.1204 -0.2813 3.5173 9.0000 24.0405 0.0012 
31.0467 1.0000 3004.8198 0.3521 0.1198 -0.2862 3.5200 8.0000 12.0323 0.0013 
31.0540 1.0000 3007.9118 0.3522 0.1204 -0.2856 3.5209 8.0000 8.0901 0.0012 
31.0506 1.0000 3006.1350 0.3512 0.1197 -0.2854 3.5164 9.0000 11.8076 0.0011 
31.0556 1.0000 3008.3376 0.3504 0.1208 -0.2823 3.5216 8.0000 12.9321 0.0013 
31.0532 1.0000 3008.0945 0.3502 0.1205 -0.2832 3.5225 8.0000 12.4981 0.0011 
31.0596 1.0000 3010.0237 0.3503 0.1192 -0.2853 3.5199 8.0000 11.8367 0.0011 
31.0497 1.0000 3005.6838 0.3485 0.1184 -0.2834 3.5185 8.0000 11.4844 0.0012 
31.0493 1.0000 3006.1544 0.3502 0.1192 -0.2840 3.5178 8.0000 10.0971 0.0012 
31.0522 1.0000 3007.5784 0.3488 0.1194 -0.2833 3.5209 8.0000 14.3237 0.0013 
31.0459 1.0000 3004.4128 0.3502 0.1214 -0.2806 3.5259 9.0000 8.3256 0.0014 
31.0512 1.0000 3006.5708 0.3490 0.1186 -0.2845 3.5163 8.0000 13.0368 0.0010 
31.0511 1.0000 3006.5989 0.3502 0.1188 -0.2859 3.5182 8.0000 17.4559 0.0011 
31.0473 1.0000 3004.6828 0.3478 0.1181 -0.2846 3.5187 8.0000 17.5426 0.0012 
31.0502 1.0000 3005.9638 0.3491 0.1214 -0.2795 3.5224 8.0000 12.5052 0.0012 
31.0441 1.0000 3003.4125 0.3504 0.1207 -0.2838 3.5204 8.0000 12.0038 0.0012 
31.0467 1.0000 3004.5218 0.3508 0.1210 -0.2823 3.5226 8.0000 8.0143 0.0011 
31.0566 1.0000 3009.5911 0.3488 0.1174 -0.2880 3.5176 9.0000 12.4283 0.0012 
31.0493 1.0000 3005.8623 0.3494 0.1194 -0.2840 3.5184 8.0000 11.9709 0.0011 
31.0517 1.0000 3006.8788 0.3506 0.1199 -0.2851 3.5213 8.0000 9.4490 0.0010 
31.0507 1.0000 3006.2936 0.3492 0.1189 -0.2844 3.5163 8.0000 12.1678 0.0014 
31.0534 1.0000 3007.5826 0.3511 0.1193 -0.2864 3.5233 8.0000 11.7365 0.0010 
31.0507 1.0000 3006.3057 0.3491 0.1191 -0.2844 3.5236 9.0000 8.5197 0.0011 
31.0506 1.0000 3006.8419 0.3522 0.1190 -0.2884 3.5151 9.0000 11.6139 0.0011 
31.0561 1.0000 3009.0291 0.3524 0.1201 -0.2860 3.5189 8.0000 11.8915 0.0011 
31.0518 1.0000 3007.0605 0.3503 0.1195 -0.2837 3.5222 8.0000 10.1509 0.0010 
31.0444 1.0000 3004.0257 0.3529 0.1218 -0.2836 3.5189 8.0000 11.8090 0.0011 
31.0551 1.0000 3008.7305 0.3487 0.1199 -0.2823 3.5176 8.0000 11.5195 0.0012 
31.0527 1.0000 3007.4906 0.3502 0.1185 -0.2872 3.5177 8.0000 11.8752 0.0012 
31.0513 1.0000 3006.2824 0.3512 0.1208 -0.2838 3.5159 8.0000 11.9188 0.0010 
31.0520 1.0000 3007.3065 0.3500 0.1193 -0.2852 3.5178 8.0000 11.6358 0.0010 
31.0560 1.0000 3008.7618 0.3492 0.1204 -0.2810 3.5170 8.0000 11.6415 0.0011 
31.0515 1.0000 3006.9318 0.3492 0.1190 -0.2849 3.5246 8.0000 8.1550 0.0011 
31.0480 1.0000 3005.2865 0.3479 0.1187 -0.2833 3.5195 9.0000 11.9922 0.0012 
31.0455 1.0000 3004.4081 0.3511 0.1208 -0.2850 3.5232 8.0000 17.9453 0.0010 
31.0559 1.0000 3009.1542 0.3462 0.1180 -0.2823 3.5181 8.0000 17.9463 0.0010 
31.0535 1.0000 3008.0605 0.3507 0.1191 -0.2868 3.5220 8.0000 13.0187 0.0012 
31.0551 1.0000 3008.8792 0.3497 0.1192 -0.2841 3.5187 8.0000 8.4682 0.0011 
31.0509 1.0000 3006.1885 0.3521 0.1204 -0.2844 3.5251 9.0000 8.1679 0.0012 
31.0497 1.0000 3006.0663 0.3500 0.1206 -0.2829 3.5200 8.0000 12.5250 0.0013 
31.0570 1.0000 3008.9287 0.3471 0.1168 -0.2868 3.5132 8.0000 11.8976 0.0010 
31.0547 1.0000 3008.6373 0.3511 0.1198 -0.2838 3.5185 8.0000 8.4461 0.0009 
31.0507 1.0000 3005.8345 0.3504 0.1205 -0.2833 3.5216 9.0000 11.9916 0.0013 
31.0531 1.0000 3007.5718 0.3509 0.1182 -0.2876 3.5198 8.0000 11.8400 0.0013 
31.0502 1.0000 3006.0600 0.3501 0.1191 -0.2850 3.5220 8.0000 11.4479 0.0013 
31.0466 1.0000 3004.5828 0.3489 0.1190 -0.2865 3.5201 8.0000 11.5242 0.0010 
31.0593 1.0000 3010.3915 0.3503 0.1184 -0.2869 3.5195 8.0000 11.6139 0.0010 
31.0477 1.0000 3005.2168 0.3501 0.1208 -0.2825 3.5179 8.0000 11.8822 0.0011 
31.0543 1.0000 3008.1025 0.3493 0.1184 -0.2857 3.5153 8.0000 12.8059 0.0010 
31.0466 1.0000 3004.7802 0.3511 0.1195 -0.2862 3.5215 8.0000 12.9252 0.0009 
31.0453 1.0000 3004.8228 0.3538 0.1192 -0.2878 3.5162 8.0000 10.7693 0.0012 
31.0564 1.0000 3008.9398 0.3487 0.1190 -0.2843 3.5216 8.0000 13.0262 0.0009 
31.0552 1.0000 3008.2665 0.3500 0.1209 -0.2817 3.5215 9.0000 12.5004 0.0010 
31.0527 1.0000 3006.8343 0.3488 0.1190 -0.2833 3.5180 8.0000 12.8734 0.0012 
31.0556 1.0000 3008.3900 0.3499 0.1184 -0.2861 3.5194 8.0000 12.9520 0.0008 
31.0581 1.0000 3009.7119 0.3512 0.1202 -0.2857 3.5207 8.0000 13.1296 0.0013 
31.0502 1.0000 3005.8609 0.3523 0.1208 -0.2851 3.5178 8.0000 12.6442 0.0013 
31.0591 1.0000 3010.0558 0.3493 0.1209 -0.2819 3.5219 8.0000 12.5365 0.0011 
31.0493 1.0000 3006.2214 0.3477 0.1203 -0.2820 3.5176 8.0000 12.7534 0.0012 
31.0562 1.0000 3008.9888 0.3510 0.1198 -0.2847 3.5217 8.0000 8.1749 0.0008 
31.0606 1.0000 3010.6281 0.3491 0.1189 -0.2861 3.5179 8.0000 12.4826 0.0011 
31.0475 1.0000 3005.1991 0.3481 0.1199 -0.2811 3.5155 8.0000 12.5341 0.0010 
31.0491 1.0000 3005.6600 0.3518 0.1200 -0.2863 3.5216 8.0000 16.6802 0.0009 
31.0619 1.0000 3010.9996 0.3491 0.1192 -0.2839 3.5157 8.0000 16.4704 0.0009 
31.0510 1.0000 3006.7783 0.3477 0.1198 -0.2809 3.5191 8.0000 12.3080 0.0011 
31.0507 1.0000 3005.7218 0.3505 0.1186 -0.2869 3.5126 8.0000 12.4114 0.0010 
31.0510 1.0000 3006.3986 0.3513 0.1181 -0.2888 3.5204 8.0000 12.9347 0.0012 
31.0557 1.0000 3008.0362 0.3485 0.1188 -0.2856 3.5207 8.0000 12.3829 0.0011 
31.0600 1.0000 3009.8700 0.3490 0.1190 -0.2830 3.5170 8.0000 8.2920 0.0012 
31.0600 1.0000 3009.9051 0.3511 0.1205 -0.2842 3.5195 8.0000 10.2495 0.0010 
31.0535 1.0000 3007.7678 0.3507 0.1207 -0.2822 3.5208 8.0000 12.8990 0.0009 
31.0558 1.0000 3008.8685 0.3512 0.1217 -0.2804 3.5228 8.0000 9.4998 0.0013 
31.0494 1.0000 3006.0385 0.3508 0.1204 -0.2834 3.5173 8.0000 12.4406 0.0010 
31.0489 1.0000 3005.5401 0.3521 0.1193 -0.2872 3.5193 8.0000 12.9390 0.0013 
31.0513 1.0000 3006.6339 0.3488 0.1193 -0.2832 3.5189 9.0000 12.8491 0.0010 
31.0542 1.0000 3007.9350 0.3458 0.1170 -0.2862 3.5161 8.0000 12.4717 0.0011 
31.0476 1.0000 3005.1378 0.3501 0.1192 -0.2844 3.5202 8.0000 8.1525 0.0012 
31.0578 1.0000 3009.8492 0.3510 0.1197 -0.2849 3.5185 8.0000 11.5489 0.0009 
31.0554 1.0000 3008.2915 0.3492 0.1201 -0.2824 3.5218 8.0000 12.9521 0.0009 
31.0542 1.0000 3007.8245 0.3489 0.1179 -0.2851 3.5136 9.0000 7.9844 0.0010 
31.0468 1.0000 3004.7894 0.3510 0.1193 -0.2847 3.5198 8.0000 11.6447 0.0010 
31.0512 1.0000 3006.2825 0.3503 0.1201 -0.2836 3.5194 8.0000 12.0075 0.0010 
31.0481 1.0000 3005.2763 0.3501 0.1206 -0.2825 3.5217 8.0000 12.5817 0.0009 
31.0583 1.0000 3009.3873 0.3510 0.1205 -0.2847 3.5184 8.0000 12.5140 0.0009 
31.0496 1.0000 3006.3312 0.3499 0.1195 -0.2839 3.5197 8.0000 14.2007 0.0010 
31.0540 1.0000 3008.0724 0.3529 0.1218 -0.2829 3.5272 8.0000 13.9424 0.0012 
31.0534 1.0000 3007.3339 0.3472 0.1181 -0.2833 3.5179 8.0000 16.2847 0.0010 
31.0561 1.0000 3008.7693 0.3486 0.1186 -0.2831 3.5242 9.0000 11.1694 0.0013 
31.0571 1.0000 3009.0637 0.3519 0.1210 -0.2846 3.5181 8.0000 11.9778 0.0010 
31.0576 1.0000 3009.0725 0.3509 0.1188 -0.2864 3.5181 9.0000 11.9955 0.0010 
31.0565 1.0000 3008.7064 0.3497 0.1208 -0.2810 3.5229 9.0000 11.5331 0.0010 
31.0505 1.0000 3006.5261 0.3487 0.1204 -0.2813 3.5204 8.0000 11.2071 0.0010 
31.0459 1.0000 3004.4626 0.3515 0.1193 -0.2880 3.5224 8.0000 12.6899 0.0010 
31.0546 1.0000 3007.6780 0.3507 0.1198 -0.2848 3.5205 9.0000 8.4034 0.0010 
