31.0542 1.0000 3007.2264 0.2592 0.0754 -0.2954 3.4656 9.0000 27.7657 0.0010 
31.0664 1.0000 3012.7967 0.2606 0.0744 -0.2985 3.4644 8.0000 27.6959 0.0007 
31.0519 1.0000 3006.4048 0.2598 0.0744 -0.2982 3.4637 8.0000 26.2275 0.0007 
31.0622 1.0000 3011.0007 0.2587 0.0747 -0.2970 3.4640 8.0000 27.6402 0.0010 
31.0541 1.0000 3007.4608 0.2607 0.0741 -0.3005 3.4655 8.0000 22.6677 0.0008 
31.0526 1.0000 3007.2806 0.2605 0.0759 -0.2962 3.4707 8.0000 26.5989 0.0010 
31.0646 1.0000 3011.7050 0.2596 0.0746 -0.2981 3.4642 8.0000 28.5562 0.0007 
31.0564 1.0000 3008.5293 0.2601 0.0737 -0.3003 3.4622 8.0000 9.7604 0.0008 
31.0560 1.0000 3008.1287 0.2602 0.0740 -0.3000 3.4650 9.0000 12.4023 0.0008 
31.0554 1.0000 3007.8185 0.2610 0.0738 -0.3018 3.4638 8.0000 17.8487 0.0008 
31.0616 1.0000 3010.7471 0.2575 0.0741 -0.2968 3.4669 8.0000 14.9217 0.0007 
31.0636 1.0000 3011.4606 0.2600 0.0742 -0.2981 3.4642 8.0000 11.1702 0.0010 
31.0649 1.0000 3012.0518 0.2601 0.0746 -0.2983 3.4665 8.0000 17.1357 0.0006 
31.0630 1.0000 3011.4224 0.2604 0.0752 -0.2962 3.4645 7.0000 17.1837 0.0009 
31.0623 1.0000 3010.8435 0.2593 0.0740 -0.2979 3.4620 8.0000 13.3875 0.0010 
31.0614 1.0000 3010.3901 0.2590 0.0737 -0.2997 3.4625 8.0000 13.2122 0.0008 
31.0648 1.0000 3011.8703 0.2595 0.0749 -0.2971 3.4651 8.0000 12.8251 0.0009 
31.0686 1.0000 3013.7010 0.2587 0.0739 -0.2978 3.4650 8.0000 13.3129 0.0009 
31.0556 1.0000 3007.9935 0.2587 0.0746 -0.2963 3.4662 8.0000 9.0032 0.0009 
31.0583 1.0000 3009.4413 0.2590 0.0753 -0.2955 3.4682 8.0000 12.9324 0.0008 
31.0562 1.0000 3008.6502 0.2601 0.0746 -0.2977 3.4635 8.0000 12.2692 0.0008 
31.0580 1.0000 3008.9498 0.2603 0.0745 -0.2986 3.4643 9.0000 12.1637 0.0009 
31.0587 1.0000 3009.6516 0.2591 0.0734 -0.2989 3.4630 8.0000 12.7688 0.0010 
31.0623 1.0000 3011.3598 0.2575 0.0743 -0.2960 3.4661 8.0000 13.3184 0.0008 
31.0600 1.0000 3010.2652 0.2573 0.0741 -0.2966 3.4650 9.0000 13.2759 0.0008 
31.0606 1.0000 3010.2135 0.2589 0.0743 -0.2977 3.4636 8.0000 11.3237 0.0008 
31.0624 1.0000 3011.2807 0.2587 0.0744 -0.2980 3.4636 8.0000 13.5295 0.0010 
31.0593 1.0000 3009.8408 0.2596 0.0744 -0.2980 3.4637 8.0000 13.7625 0.0010 
31.0618 1.0000 3010.5556 0.2602 0.0740 -0.2998 3.4654 8.0000 14.3701 0.0008 
31.0560 1.0000 3008.3997 0.2580 0.0745 -0.2958 3.4641 8.0000 14.2938 0.0008 
31.0603 1.0000 3010.1712 0.2588 0.0742 -0.2970 3.4673 8.0000 13.8702 0.0008 
31.0611 1.0000 3010.7402 0.2593 0.0746 -0.2975 3.4643 8.0000 13.5743 0.0009 
31.0556 1.0000 3007.8857 0.2586 0.0736 -0.2989 3.4655 8.0000 13.3051 0.0008 
31.0566 1.0000 3008.7723 0.2594 0.0741 -0.2995 3.4669 8.0000 13.3140 0.0007 
31.0583 1.0000 3009.1125 0.2589 0.0735 -0.2989 3.4621 8.0000 9.1763 0.0009 
31.0584 1.0000 3009.3151 0.2567 0.0731 -0.2976 3.4648 9.0000 13.2750 0.0010 
31.0609 1.0000 3010.3003 0.2605 0.0747 -0.2987 3.4654 8.0000 9.0220 0.0009 
31.0600 1.0000 3009.6867 0.2594 0.0741 -0.2986 3.4649 7.0000 16.3649 0.0009 
31.0621 1.0000 3010.6351 0.2564 0.0729 -0.2984 3.4627 8.0000 13.0333 0.0009 
31.0615 1.0000 3010.2833 0.2580 0.0736 -0.2968 3.4622 8.0000 19.0230 0.0010 
31.0634 1.0000 3011.2572 0.2567 0.0727 -0.2986 3.4642 8.0000 18.8858 0.0010 
31.0572 1.0000 3008.9534 0.2593 0.0751 -0.2978 3.4666 8.0000 11.1461 0.0009 
31.0564 1.0000 3008.6163 0.2589 0.0734 -0.3000 3.4616 8.0000 14.5085 0.0008 
31.0574 1.0000 3008.7971 0.2569 0.0733 -0.2966 3.4655 8.0000 13.8612 0.0008 
31.0512 1.0000 3005.9867 0.2587 0.0747 -0.2959 3.4633 8.0000 15.2542 0.0011 
31.0590 1.0000 3009.3988 0.2587 0.0749 -0.2955 3.4699 8.0000 14.6885 0.0008 
31.0562 1.0000 3008.0623 0.2585 0.0740 -0.2966 3.4630 8.0000 9.9876 0.0009 
31.0651 1.0000 3012.4054 0.2615 0.0742 -0.3013 3.4641 8.0000 14.3349 0.0007 
31.0620 1.0000 3010.9818 0.2569 0.0732 -0.2982 3.4595 8.0000 16.7094 0.0008 
31.0619 1.0000 3010.5153 0.2589 0.0744 -0.2969 3.4650 8.0000 14.1297 0.0007 
31.0520 1.0000 3006.2393 0.2597 0.0743 -0.2993 3.4629 8.0000 12.0985 0.0009 
31.0627 1.0000 3011.5177 0.2616 0.0746 -0.2999 3.4640 8.0000 10.9175 0.0010 
31.0609 1.0000 3010.5547 0.2605 0.0742 -0.2993 3.4608 8.0000 17.7479 0.0010 
31.0661 1.0000 3012.6602 0.2573 0.0736 -0.2967 3.4655 8.0000 17.5579 0.0007 
31.0581 1.0000 3008.7693 0.2584 0.0741 -0.2980 3.4672 8.0000 12.7980 0.0009 
31.0645 1.0000 3011.7449 0.2601 0.0746 -0.2985 3.4644 7.0000 12.9355 0.0010 
31.0596 1.0000 3009.6031 0.2594 0.0737 -0.2981 3.4659 8.0000 14.3073 0.0009 
31.0567 1.0000 3008.6283 0.2594 0.0738 -0.2988 3.4604 8.0000 10.9393 0.0007 
31.0584 1.0000 3009.1048 0.2581 0.0748 -0.2952 3.4658 8.0000 9.3882 0.0011 
31.0565 1.0000 3008.7437 0.2604 0.0733 -0.3015 3.4626 7.0000 13.1790 0.0009 
31.0641 1.0000 3011.7043 0.2609 0.0755 -0.2969 3.4642 8.0000 12.7567 0.0010 
31.0560 1.0000 3008.1080 0.2596 0.0742 -0.2990 3.4646 8.0000 12.8682 0.0011 
31.0649 1.0000 3012.5804 0.2600 0.0749 -0.2954 3.4636 8.0000 12.8790 0.0008 
31.0590 1.0000 3009.1858 0.2580 0.0742 -0.2970 3.4687 8.0000 13.3185 0.0008 
31.0529 1.0000 3006.8233 0.2599 0.0743 -0.2988 3.4638 9.0000 13.3403 0.0010 
31.0564 1.0000 3008.2908 0.2601 0.0739 -0.3001 3.4635 8.0000 13.2371 0.0009 
31.0578 1.0000 3008.9040 0.2585 0.0742 -0.2954 3.4652 8.0000 13.0816 0.0009 
31.0602 1.0000 3010.5388 0.2589 0.0738 -0.2990 3.4628 8.0000 12.8849 0.0008 
31.0535 1.0000 3007.2245 0.2607 0.0743 -0.3012 3.4666 8.0000 13.2507 0.0011 
31.0605 1.0000 3010.2230 0.2601 0.0754 -0.2974 3.4689 8.0000 12.8236 0.0010 
31.0560 1.0000 3007.7493 0.2591 0.0744 -0.2985 3.4657 8.0000 12.8326 0.0007 
31.0614 1.0000 3010.7848 0.2577 0.0729 -0.2991 3.4643 8.0000 13.1630 0.0010 
31.0586 1.0000 3009.5449 0.2581 0.0742 -0.2976 3.4650 9.0000 13.1879 0.0008 
31.0589 1.0000 3009.3864 0.2591 0.0743 -0.2983 3.4638 8.0000 8.8235 0.0009 
31.0537 1.0000 3007.2417 0.2593 0.0743 -0.2980 3.4657 8.0000 13.1094 0.0007 
31.0542 1.0000 3007.7312 0.2591 0.0742 -0.2982 3.4656 8.0000 14.2269 0.0008 
31.0633 1.0000 3011.2591 0.2591 0.0747 -0.2969 3.4619 8.0000 13.0817 0.0010 
31.0568 1.0000 3008.6649 0.2580 0.0743 -0.2979 3.4646 8.0000 13.1389 0.0010 
31.0622 1.0000 3011.2208 0.2589 0.0739 -0.2983 3.4654 8.0000 12.8888 0.0007 
31.0580 1.0000 3009.3217 0.2587 0.0737 -0.2998 3.4659 8.0000 13.2537 0.0008 
31.0637 1.0000 3011.3161 0.2599 0.0743 -0.2990 3.4657 8.0000 13.1321 0.0008 
31.0627 1.0000 3011.0528 0.2579 0.0730 -0.2989 3.4615 8.0000 10.5351 0.0008 
31.0561 1.0000 3008.2507 0.2578 0.0740 -0.2978 3.4672 8.0000 12.8290 0.0009 
31.0547 1.0000 3007.7882 0.2604 0.0746 -0.2988 3.4660 8.0000 13.7967 0.0011 
31.0638 1.0000 3011.2727 0.2584 0.0745 -0.2966 3.4654 8.0000 13.1585 0.0006 
31.0604 1.0000 3009.9422 0.2600 0.0752 -0.2971 3.4654 8.0000 9.4023 0.0009 
31.0609 1.0000 3010.0310 0.2587 0.0745 -0.2965 3.4632 8.0000 14.3084 0.0010 
31.0604 1.0000 3009.9993 0.2590 0.0739 -0.2978 3.4639 8.0000 13.8093 0.0009 
31.0586 1.0000 3009.1894 0.2589 0.0740 -0.2982 3.4665 8.0000 12.9770 0.0011 
31.0519 1.0000 3006.2730 0.2588 0.0739 -0.2980 3.4642 9.0000 12.9390 0.0012 
31.0680 1.0000 3013.1818 0.2593 0.0741 -0.2986 3.4656 8.0000 9.0536 0.0010 
31.0573 1.0000 3008.5508 0.2602 0.0740 -0.3003 3.4663 7.0000 12.7560 0.0011 
31.0587 1.0000 3009.4351 0.2584 0.0732 -0.2989 3.4627 7.0000 13.3079 0.0011 
31.0545 1.0000 3007.3869 0.2612 0.0738 -0.3018 3.4617 8.0000 8.9712 0.0007 
31.0537 1.0000 3006.9515 0.2591 0.0742 -0.2980 3.4663 8.0000 13.2527 0.0007 
31.0551 1.0000 3007.8538 0.2606 0.0752 -0.2993 3.4636 8.0000 12.8015 0.0007 
31.0501 1.0000 3005.5784 0.2604 0.0742 -0.2996 3.4641 7.0000 13.7651 0.0007 
31.0525 1.0000 3006.3114 0.2588 0.0749 -0.2974 3.4651 8.0000 14.0888 0.0007 
31.0562 1.0000 3008.2940 0.2610 0.0751 -0.2976 3.4685 8.0000 12.1945 0.0007 
31.0636 1.0000 3011.4018 0.2559 0.0725 -0.2973 3.4618 7.0000 16.1170 0.0007 
