31.0639 1.0000 3011.2377 0.3095 0.0984 -0.2931 3.4913 8.0000 27.2001 0.0009 
31.0551 1.0000 3008.0986 0.3081 0.0967 -0.2944 3.4911 8.0000 23.2489 0.0011 
31.0580 1.0000 3009.3732 0.3108 0.0980 -0.2971 3.4933 8.0000 26.7322 0.0008 
31.0522 1.0000 3006.8008 0.3088 0.0980 -0.2946 3.4859 8.0000 25.2641 0.0007 
31.0602 1.0000 3010.2889 0.3103 0.0997 -0.2920 3.4954 8.0000 26.3762 0.0009 
31.0524 1.0000 3007.0558 0.3098 0.0987 -0.2928 3.4942 8.0000 21.4438 0.0009 
31.0569 1.0000 3009.2033 0.3074 0.0975 -0.2947 3.4962 8.0000 26.7252 0.0010 
31.0592 1.0000 3009.7310 0.3081 0.0973 -0.2948 3.4906 9.0000 8.4520 0.0012 
31.0574 1.0000 3009.3137 0.3084 0.0987 -0.2925 3.4913 8.0000 12.4001 0.0010 
31.0608 1.0000 3010.8404 0.3083 0.0980 -0.2924 3.4901 8.0000 12.3300 0.0009 
31.0523 1.0000 3006.8819 0.3080 0.0988 -0.2912 3.4946 8.0000 8.2805 0.0009 
31.0552 1.0000 3008.5048 0.3096 0.0991 -0.2927 3.4972 8.0000 8.3013 0.0009 
31.0577 1.0000 3009.1364 0.3082 0.0974 -0.2952 3.4906 8.0000 12.0978 0.0011 
31.0500 1.0000 3005.8017 0.3086 0.0989 -0.2913 3.4925 8.0000 12.1035 0.0011 
31.0572 1.0000 3009.4373 0.3093 0.0974 -0.2965 3.4954 8.0000 12.4706 0.0010 
31.0573 1.0000 3009.3764 0.3086 0.0977 -0.2932 3.4917 8.0000 8.4874 0.0012 
31.0569 1.0000 3008.5411 0.3088 0.0983 -0.2943 3.4951 9.0000 12.1899 0.0010 
31.0584 1.0000 3009.6290 0.3082 0.0980 -0.2922 3.4924 8.0000 12.5416 0.0009 
31.0528 1.0000 3007.6044 0.3093 0.0976 -0.2943 3.4917 8.0000 12.1969 0.0009 
31.0521 1.0000 3006.7350 0.3075 0.0975 -0.2923 3.4946 9.0000 12.2037 0.0008 
31.0563 1.0000 3009.0075 0.3098 0.0980 -0.2941 3.4904 8.0000 12.1286 0.0012 
31.0556 1.0000 3008.6296 0.3101 0.0990 -0.2923 3.4942 9.0000 12.4148 0.0012 
31.0618 1.0000 3010.8003 0.3110 0.0974 -0.2978 3.4943 9.0000 8.3965 0.0010 
31.0504 1.0000 3006.3888 0.3102 0.0985 -0.2945 3.4943 9.0000 8.4007 0.0011 
31.0575 1.0000 3008.8987 0.3075 0.0966 -0.2954 3.4878 8.0000 12.3936 0.0010 
31.0587 1.0000 3009.7603 0.3104 0.0980 -0.2949 3.4907 8.0000 12.5177 0.0010 
31.0486 1.0000 3005.4650 0.3098 0.0977 -0.2966 3.4912 8.0000 12.0624 0.0010 
31.0493 1.0000 3006.0815 0.3101 0.0986 -0.2931 3.4908 8.0000 11.9423 0.0010 
31.0541 1.0000 3007.8284 0.3095 0.0988 -0.2915 3.4956 8.0000 8.3988 0.0010 
31.0533 1.0000 3007.3691 0.3078 0.0981 -0.2926 3.4972 8.0000 12.4604 0.0011 
31.0551 1.0000 3008.3888 0.3074 0.0969 -0.2948 3.4925 7.0000 12.1981 0.0011 
31.0557 1.0000 3008.5475 0.3068 0.0982 -0.2899 3.4926 8.0000 11.3807 0.0009 
31.0560 1.0000 3008.6161 0.3052 0.0962 -0.2933 3.4908 8.0000 16.8573 0.0009 
31.0547 1.0000 3007.6035 0.3086 0.0974 -0.2933 3.4887 8.0000 14.8820 0.0011 
31.0549 1.0000 3008.3029 0.3087 0.0979 -0.2935 3.4934 8.0000 12.9740 0.0012 
31.0524 1.0000 3006.7692 0.3087 0.0971 -0.2944 3.4908 8.0000 12.9027 0.0012 
31.0578 1.0000 3008.7761 0.3084 0.0982 -0.2932 3.4956 8.0000 13.0033 0.0010 
31.0520 1.0000 3006.5783 0.3083 0.0977 -0.2941 3.4915 9.0000 12.0423 0.0012 
31.0527 1.0000 3007.4676 0.3093 0.0981 -0.2934 3.4938 9.0000 11.9816 0.0007 
31.0572 1.0000 3009.1681 0.3095 0.0992 -0.2917 3.4949 8.0000 10.3235 0.0010 
31.0483 1.0000 3005.1029 0.3080 0.0993 -0.2910 3.5013 8.0000 12.6291 0.0008 
31.0500 1.0000 3006.1257 0.3107 0.0992 -0.2933 3.4956 9.0000 12.0864 0.0013 
31.0551 1.0000 3008.0584 0.3092 0.0980 -0.2937 3.4940 8.0000 12.0943 0.0009 
31.0482 1.0000 3005.3420 0.3102 0.0987 -0.2951 3.4948 9.0000 12.1697 0.0009 
31.0636 1.0000 3011.7244 0.3109 0.0987 -0.2941 3.4901 8.0000 8.3059 0.0011 
31.0570 1.0000 3008.7812 0.3085 0.0984 -0.2924 3.4918 8.0000 12.3486 0.0010 
31.0604 1.0000 3010.5492 0.3082 0.0987 -0.2909 3.4956 8.0000 12.0989 0.0009 
31.0472 1.0000 3004.8663 0.3105 0.0997 -0.2934 3.4938 8.0000 12.3534 0.0011 
31.0578 1.0000 3009.1811 0.3099 0.0992 -0.2916 3.4973 8.0000 13.2893 0.0010 
31.0537 1.0000 3007.5437 0.3086 0.0996 -0.2903 3.4929 8.0000 12.1782 0.0010 
31.0597 1.0000 3010.3194 0.3090 0.0983 -0.2938 3.4938 8.0000 12.4759 0.0009 
31.0571 1.0000 3009.2663 0.3090 0.0972 -0.2949 3.4929 7.0000 12.0737 0.0010 
31.0556 1.0000 3008.5177 0.3062 0.0969 -0.2932 3.4883 8.0000 12.3504 0.0009 
31.0587 1.0000 3009.7799 0.3083 0.0986 -0.2913 3.4933 9.0000 12.0137 0.0011 
31.0521 1.0000 3006.6239 0.3087 0.0980 -0.2939 3.4921 8.0000 8.4668 0.0010 
31.0540 1.0000 3007.5509 0.3061 0.0977 -0.2924 3.4934 8.0000 12.6403 0.0008 
31.0554 1.0000 3008.9746 0.3107 0.0991 -0.2928 3.4922 7.0000 13.4196 0.0010 
31.0532 1.0000 3007.3245 0.3097 0.0985 -0.2942 3.4915 8.0000 12.1193 0.0010 
31.0543 1.0000 3007.3313 0.3099 0.0980 -0.2950 3.4905 8.0000 8.4248 0.0010 
31.0588 1.0000 3010.0984 0.3085 0.0981 -0.2916 3.4940 8.0000 12.2258 0.0009 
31.0547 1.0000 3007.5968 0.3078 0.0978 -0.2930 3.4923 8.0000 12.1718 0.0011 
31.0611 1.0000 3010.5549 0.3079 0.0979 -0.2943 3.4949 8.0000 12.4362 0.0010 
31.0546 1.0000 3008.1361 0.3107 0.0995 -0.2933 3.4975 8.0000 12.3976 0.0009 
31.0562 1.0000 3008.8807 0.3086 0.0983 -0.2938 3.4941 8.0000 8.2657 0.0008 
31.0556 1.0000 3007.7555 0.3076 0.0979 -0.2915 3.4937 8.0000 12.0184 0.0011 
31.0529 1.0000 3007.4151 0.3102 0.0990 -0.2932 3.4941 8.0000 12.1298 0.0010 
31.0599 1.0000 3010.1806 0.3091 0.0974 -0.2957 3.4910 8.0000 12.0924 0.0014 
31.0565 1.0000 3009.1351 0.3082 0.0978 -0.2930 3.4970 8.0000 12.1034 0.0010 
31.0605 1.0000 3010.2301 0.3088 0.0980 -0.2932 3.4919 8.0000 8.4117 0.0010 
31.0575 1.0000 3009.4646 0.3080 0.0987 -0.2913 3.4923 7.0000 12.4305 0.0011 
31.0422 1.0000 3003.0203 0.3096 0.0983 -0.2943 3.4921 8.0000 12.4657 0.0011 
31.0510 1.0000 3006.7352 0.3110 0.0991 -0.2922 3.4931 7.0000 11.9985 0.0008 
31.0551 1.0000 3008.6022 0.3095 0.0985 -0.2932 3.4944 8.0000 12.9482 0.0010 
31.0566 1.0000 3008.8301 0.3080 0.0972 -0.2942 3.4905 9.0000 12.5066 0.0010 
31.0547 1.0000 3008.0965 0.3100 0.0972 -0.2973 3.4892 8.0000 12.8730 0.0009 
31.0515 1.0000 3006.3092 0.3125 0.0994 -0.2953 3.4961 8.0000 8.4537 0.0011 
31.0511 1.0000 3006.0809 0.3116 0.0996 -0.2951 3.4943 8.0000 12.3232 0.0009 
31.0604 1.0000 3010.2619 0.3106 0.0985 -0.2957 3.4946 8.0000 8.6561 0.0011 
31.0565 1.0000 3008.5528 0.3075 0.0976 -0.2931 3.4962 9.0000 13.3525 0.0010 
31.0568 1.0000 3009.1374 0.3088 0.0979 -0.2937 3.4947 8.0000 12.9211 0.0010 
31.0592 1.0000 3010.2038 0.3090 0.0980 -0.2944 3.4887 8.0000 12.7534 0.0010 
31.0538 1.0000 3007.6173 0.3079 0.0985 -0.2918 3.4954 8.0000 9.1060 0.0010 
31.0585 1.0000 3009.6710 0.3077 0.0966 -0.2954 3.4881 7.0000 13.1065 0.0010 
31.0522 1.0000 3006.2738 0.3082 0.0984 -0.2939 3.4954 7.0000 12.5676 0.0010 
31.0560 1.0000 3008.1902 0.3088 0.0955 -0.2977 3.4909 8.0000 12.4844 0.0010 
31.0569 1.0000 3009.0172 0.3096 0.0974 -0.2951 3.4960 8.0000 8.5517 0.0009 
31.0553 1.0000 3008.1302 0.3077 0.0989 -0.2902 3.4949 8.0000 12.3022 0.0009 
31.0549 1.0000 3008.3117 0.3067 0.0976 -0.2924 3.4925 8.0000 12.2256 0.0008 
31.0553 1.0000 3008.5837 0.3079 0.0974 -0.2939 3.4943 8.0000 12.4711 0.0011 
31.0542 1.0000 3007.4243 0.3062 0.0966 -0.2941 3.4936 8.0000 8.4924 0.0010 
31.0555 1.0000 3008.8277 0.3090 0.0972 -0.2950 3.4901 9.0000 11.9982 0.0011 
31.0564 1.0000 3008.7828 0.3083 0.0980 -0.2929 3.4907 9.0000 8.4952 0.0009 
31.0574 1.0000 3009.2087 0.3050 0.0968 -0.2922 3.4936 8.0000 12.6237 0.0009 
31.0587 1.0000 3009.9571 0.3111 0.0974 -0.2972 3.4894 8.0000 12.1383 0.0009 
31.0609 1.0000 3010.6343 0.3077 0.0973 -0.2943 3.4920 8.0000 12.7868 0.0009 
31.0533 1.0000 3007.5261 0.3086 0.0983 -0.2935 3.4946 8.0000 12.8342 0.0009 
31.0595 1.0000 3009.6222 0.3069 0.0970 -0.2936 3.4883 8.0000 13.2487 0.0009 
31.0534 1.0000 3007.2549 0.3069 0.0974 -0.2915 3.4931 8.0000 13.6156 0.0009 
31.0592 1.0000 3010.1722 0.3093 0.0972 -0.2947 3.4910 8.0000 11.9877 0.0009 
31.0585 1.0000 3009.4324 0.3084 0.0974 -0.2957 3.4932 8.0000 8.4056 0.0009 
