39.6329 16.5000 3628.6826 0.4218 0.1451 -0.6242 3.1042 5.0000 15.4245 0.0056 
39.5832 16.5000 3611.7054 0.4271 0.1459 -0.6245 3.1061 6.0000 15.4970 0.0056 
39.6611 16.5000 3639.6144 0.4248 0.1466 -0.6240 3.0940 6.0000 16.0628 0.0044 
39.6295 16.5000 3627.5467 0.4218 0.1427 -0.6209 3.1012 6.0000 15.8661 0.0044 
39.6348 16.5000 3627.8971 0.4213 0.1443 -0.6225 3.0964 6.0000 16.4158 0.0036 
39.6646 16.5000 3643.0077 0.4274 0.1467 -0.6214 3.0952 6.0000 16.4932 0.0047 
39.6215 16.5000 3624.5989 0.4239 0.1466 -0.6205 3.1005 6.0000 16.4539 0.0050 
39.6082 16.5000 3620.9309 0.4236 0.1453 -0.6206 3.0942 6.0000 16.3027 0.0050 
39.6471 16.5000 3635.0451 0.4249 0.1462 -0.6190 3.0992 6.0000 16.4241 0.0048 
39.6162 16.5000 3624.9765 0.4260 0.1466 -0.6204 3.0976 6.0000 16.5860 0.0042 
39.6396 16.5000 3633.3929 0.4260 0.1465 -0.6216 3.1028 6.0000 16.0220 0.0037 
39.6604 16.5000 3636.8139 0.4265 0.1459 -0.6221 3.0978 6.0000 16.8052 0.0047 
39.6180 16.5000 3624.3370 0.4233 0.1456 -0.6252 3.1015 6.0000 16.2520 0.0041 
39.6444 16.5000 3634.8360 0.4289 0.1480 -0.6235 3.0960 6.0000 16.8984 0.0041 
39.6423 16.5000 3631.2576 0.4228 0.1434 -0.6220 3.0954 6.0000 16.5338 0.0042 
39.6398 16.5000 3631.6657 0.4273 0.1461 -0.6239 3.0974 6.0000 17.0272 0.0042 
39.6398 16.5000 3632.4840 0.4278 0.1449 -0.6228 3.0941 6.0000 16.7327 0.0044 
39.6313 16.5000 3630.6871 0.4225 0.1438 -0.6189 3.0952 6.0000 17.3295 0.0041 
39.6428 16.5000 3634.5205 0.4266 0.1472 -0.6204 3.1016 6.0000 17.4017 0.0046 
39.6242 16.5000 3625.7150 0.4273 0.1471 -0.6253 3.1016 6.0000 16.8582 0.0035 
39.6682 16.5000 3640.6156 0.4247 0.1452 -0.6218 3.1054 6.0000 17.4953 0.0044 
39.6320 16.5000 3629.8675 0.4243 0.1444 -0.6219 3.0998 6.0000 17.0309 0.0042 
39.6375 16.5000 3629.1760 0.4250 0.1442 -0.6256 3.0973 6.0000 17.3815 0.0042 
39.6409 16.5000 3632.7188 0.4254 0.1448 -0.6223 3.1011 6.0000 17.1265 0.0036 
39.6646 16.5000 3639.8973 0.4259 0.1439 -0.6199 3.0968 6.0000 17.4332 0.0052 
39.5997 16.5000 3618.5636 0.4242 0.1473 -0.6187 3.0963 6.0000 17.6501 0.0041 
39.6442 16.5000 3634.8836 0.4276 0.1471 -0.6177 3.1004 6.0000 17.6418 0.0044 
39.6325 16.5000 3628.8178 0.4251 0.1444 -0.6241 3.0991 6.0000 17.3253 0.0041 
39.6428 16.5000 3631.8223 0.4244 0.1443 -0.6181 3.1006 6.0000 17.2358 0.0044 
39.6306 16.5000 3627.7746 0.4219 0.1460 -0.6184 3.0962 6.0000 16.9662 0.0042 
39.6412 16.5000 3627.6953 0.4224 0.1443 -0.6212 3.0975 6.0000 17.0179 0.0053 
39.5972 16.5000 3615.9193 0.4257 0.1485 -0.6222 3.1015 6.0000 16.7723 0.0047 
39.6194 16.5000 3624.9708 0.4228 0.1465 -0.6141 3.1016 6.0000 17.0390 0.0045 
39.6272 16.5000 3627.7767 0.4245 0.1438 -0.6230 3.0969 6.0000 17.1263 0.0046 
39.6249 16.5000 3628.9024 0.4256 0.1441 -0.6203 3.0954 6.0000 16.6013 0.0049 
39.6137 16.5000 3617.7762 0.4225 0.1465 -0.6173 3.1035 6.0000 17.0763 0.0042 
39.6403 16.5000 3632.4017 0.4210 0.1436 -0.6184 3.1022 6.0000 16.7943 0.0041 
39.6432 16.5000 3635.1808 0.4239 0.1461 -0.6163 3.0979 6.0000 17.2251 0.0046 
39.6254 16.5000 3626.1082 0.4278 0.1457 -0.6244 3.0999 6.0000 17.2587 0.0040 
39.6487 16.5000 3633.3608 0.4242 0.1448 -0.6207 3.1024 6.0000 16.5704 0.0048 
39.6173 16.5000 3623.9759 0.4215 0.1466 -0.6139 3.1041 6.0000 16.8762 0.0037 
39.6591 16.5000 3637.6281 0.4268 0.1449 -0.6262 3.0985 6.0000 16.8981 0.0038 
39.6542 16.5000 3637.6753 0.4296 0.1459 -0.6251 3.0951 6.0000 17.2625 0.0040 
39.6478 16.5000 3635.8833 0.4254 0.1464 -0.6220 3.1031 6.0000 17.4233 0.0035 
39.6671 16.5000 3642.2164 0.4263 0.1441 -0.6256 3.1007 6.0000 17.3424 0.0044 
39.6329 16.5000 3631.6217 0.4241 0.1454 -0.6221 3.1023 6.0000 17.1413 0.0045 
39.6274 16.5000 3627.0572 0.4232 0.1446 -0.6211 3.1019 6.0000 17.3643 0.0039 
39.6517 16.5000 3637.8769 0.4264 0.1449 -0.6223 3.1003 6.0000 17.4786 0.0040 
39.6465 16.5000 3631.7654 0.4252 0.1449 -0.6241 3.0982 6.0000 17.1985 0.0040 
39.6481 16.5000 3633.8505 0.4257 0.1448 -0.6230 3.1007 6.0000 17.2926 0.0038 
39.6556 16.5000 3637.2402 0.4275 0.1446 -0.6242 3.1033 6.0000 16.9798 0.0039 
39.6522 16.5000 3636.5510 0.4271 0.1465 -0.6233 3.0971 6.0000 16.9664 0.0042 
39.6384 16.5000 3634.4104 0.4258 0.1453 -0.6203 3.1050 6.0000 16.9819 0.0040 
39.6465 16.5000 3634.3877 0.4249 0.1477 -0.6143 3.0980 6.0000 16.9321 0.0050 
39.6068 16.5000 3620.8252 0.4247 0.1478 -0.6213 3.1004 6.0000 16.7552 0.0041 
39.6448 16.5000 3635.4438 0.4228 0.1458 -0.6171 3.1004 6.0000 16.9620 0.0045 
39.6270 16.5000 3625.8136 0.4291 0.1499 -0.6211 3.1028 6.0000 16.9295 0.0048 
39.6144 16.5000 3622.6906 0.4246 0.1455 -0.6207 3.1022 6.0000 17.2649 0.0049 
39.6105 16.5000 3617.7673 0.4207 0.1442 -0.6201 3.0973 6.0000 17.0263 0.0046 
39.6217 16.5000 3624.2630 0.4243 0.1457 -0.6219 3.1000 6.0000 16.9100 0.0042 
39.6387 16.5000 3628.9790 0.4277 0.1462 -0.6234 3.0989 6.0000 17.3432 0.0036 
39.6632 16.5000 3638.9141 0.4209 0.1434 -0.6195 3.0975 6.0000 17.6097 0.0042 
39.6407 16.5000 3631.2739 0.4250 0.1462 -0.6186 3.1056 6.0000 17.2563 0.0042 
39.6403 16.5000 3634.8495 0.4228 0.1441 -0.6191 3.0987 6.0000 16.8749 0.0041 
39.6416 16.5000 3633.0503 0.4265 0.1470 -0.6205 3.0989 6.0000 17.0020 0.0052 
39.6001 16.5000 3615.1698 0.4252 0.1464 -0.6248 3.1029 6.0000 17.4950 0.0039 
39.6506 16.5000 3634.3448 0.4225 0.1437 -0.6155 3.0962 6.0000 16.7745 0.0040 
39.6487 16.5000 3635.0556 0.4265 0.1483 -0.6179 3.0998 6.0000 17.5792 0.0039 
39.6499 16.5000 3636.3448 0.4266 0.1468 -0.6204 3.0985 6.0000 17.7157 0.0045 
39.6279 16.5000 3628.6003 0.4235 0.1470 -0.6180 3.0977 6.0000 16.5176 0.0038 
39.6540 16.5000 3636.9478 0.4249 0.1454 -0.6182 3.0902 6.0000 17.3175 0.0042 
39.6387 16.5000 3632.1064 0.4244 0.1468 -0.6199 3.1021 6.0000 17.2349 0.0042 
39.6412 16.5000 3631.9200 0.4229 0.1457 -0.6214 3.0966 6.0000 17.3050 0.0048 
39.6146 16.5000 3623.2097 0.4223 0.1439 -0.6204 3.1007 6.0000 16.7772 0.0043 
39.6338 16.5000 3629.8640 0.4257 0.1459 -0.6198 3.1022 6.0000 16.7218 0.0041 
39.6416 16.5000 3632.9267 0.4252 0.1460 -0.6213 3.1018 6.0000 16.7744 0.0049 
39.6127 16.5000 3616.7351 0.4253 0.1430 -0.6304 3.0945 6.0000 16.9063 0.0034 
39.6717 16.5000 3643.8111 0.4257 0.1458 -0.6231 3.0990 6.0000 17.3697 0.0049 
39.6125 16.5000 3622.1772 0.4203 0.1437 -0.6186 3.0984 6.0000 17.2355 0.0047 
39.6196 16.5000 3622.9215 0.4258 0.1464 -0.6267 3.1032 6.0000 17.6701 0.0043 
39.6341 16.5000 3628.4478 0.4259 0.1450 -0.6234 3.0933 6.0000 16.9917 0.0048 
39.6176 16.5000 3626.6376 0.4252 0.1450 -0.6242 3.0962 6.0000 17.4067 0.0041 
39.6414 16.5000 3632.2786 0.4250 0.1454 -0.6261 3.1047 6.0000 17.6087 0.0050 
39.6086 16.5000 3618.9909 0.4213 0.1464 -0.6170 3.1040 6.0000 16.6357 0.0044 
39.6297 16.5000 3628.7539 0.4240 0.1436 -0.6235 3.0984 6.0000 17.0400 0.0043 
39.6361 16.5000 3632.9364 0.4274 0.1478 -0.6183 3.1090 6.0000 17.1813 0.0038 
39.6549 16.5000 3635.2569 0.4220 0.1450 -0.6154 3.0978 6.0000 17.0454 0.0044 
39.6299 16.5000 3626.8800 0.4250 0.1457 -0.6204 3.1003 6.0000 17.1695 0.0036 
39.6639 16.5000 3639.8388 0.4243 0.1472 -0.6204 3.1071 6.0000 17.3318 0.0037 
39.6581 16.5000 3639.6607 0.4281 0.1473 -0.6238 3.0987 6.0000 16.9475 0.0043 
39.6336 16.5000 3629.7437 0.4229 0.1444 -0.6203 3.0946 6.0000 16.9220 0.0045 
39.6274 16.5000 3625.2704 0.4287 0.1497 -0.6214 3.0969 6.0000 17.2478 0.0043 
39.6350 16.5000 3629.9138 0.4233 0.1448 -0.6220 3.0995 6.0000 17.2107 0.0036 
39.6630 16.5000 3639.1549 0.4230 0.1451 -0.6203 3.0919 6.0000 17.2968 0.0045 
39.6274 16.5000 3627.7538 0.4238 0.1447 -0.6218 3.0968 6.0000 17.3244 0.0032 
39.6783 16.5000 3642.8220 0.4287 0.1493 -0.6213 3.1136 6.0000 17.2360 0.0048 
39.6157 16.5000 3623.8108 0.4322 0.1496 -0.6276 3.1057 6.0000 17.3849 0.0048 
39.6139 16.5000 3627.1166 0.4266 0.1455 -0.6198 3.0945 6.0000 17.4871 0.0060 
39.5703 16.5000 3606.0835 0.4289 0.1468 -0.6256 3.1017 6.0000 17.3279 0.0044 
39.6302 16.5000 3628.7527 0.4249 0.1446 -0.6233 3.1039 6.0000 16.4496 0.0044 
