39.6573 16.5000 3639.3255 0.2844 0.0896 -0.5366 2.9762 5.0000 11.6702 0.0043 
39.6318 16.5000 3628.3239 0.2877 0.0899 -0.5404 2.9803 5.0000 11.6211 0.0037 
39.6424 16.5000 3633.4564 0.2848 0.0889 -0.5426 2.9730 5.0000 11.4764 0.0037 
39.6337 16.5000 3628.8595 0.2854 0.0894 -0.5423 2.9784 6.0000 12.5276 0.0041 
39.6340 16.5000 3628.0359 0.2857 0.0908 -0.5403 2.9827 6.0000 12.7439 0.0038 
39.6452 16.5000 3631.9274 0.2872 0.0894 -0.5428 2.9771 5.0000 12.6612 0.0038 
39.6564 16.5000 3637.6088 0.2829 0.0885 -0.5373 2.9730 5.0000 13.1100 0.0039 
39.6290 16.5000 3628.1967 0.2865 0.0894 -0.5429 2.9786 6.0000 12.9762 0.0048 
39.6494 16.5000 3632.3615 0.2809 0.0882 -0.5354 2.9804 6.0000 12.8927 0.0039 
39.6138 16.5000 3621.9955 0.2851 0.0893 -0.5434 2.9820 5.0000 13.0981 0.0039 
39.6514 16.5000 3635.7116 0.2846 0.0896 -0.5385 2.9761 5.0000 13.1492 0.0047 
39.6508 16.5000 3636.8519 0.2865 0.0896 -0.5395 2.9767 6.0000 13.3693 0.0045 
39.6183 16.5000 3625.0483 0.2869 0.0904 -0.5426 2.9807 5.0000 11.4933 0.0043 
39.6265 16.5000 3621.6898 0.2844 0.0877 -0.5425 2.9756 5.0000 11.6646 0.0041 
39.6363 16.5000 3630.1763 0.2865 0.0884 -0.5450 2.9761 5.0000 11.6631 0.0053 
39.6430 16.5000 3631.3925 0.2853 0.0899 -0.5376 2.9821 5.0000 11.1674 0.0038 
39.5953 16.5000 3616.7586 0.2842 0.0896 -0.5387 2.9778 6.0000 11.5288 0.0041 
39.6545 16.5000 3638.2567 0.2869 0.0911 -0.5394 2.9786 5.0000 11.5703 0.0042 
39.6419 16.5000 3631.0901 0.2861 0.0895 -0.5408 2.9756 5.0000 14.2608 0.0034 
39.6374 16.5000 3628.3901 0.2842 0.0899 -0.5403 2.9773 5.0000 14.1290 0.0043 
39.6690 16.5000 3641.8391 0.2870 0.0894 -0.5421 2.9770 5.0000 14.6947 0.0044 
39.6346 16.5000 3627.5648 0.2867 0.0901 -0.5401 2.9799 5.0000 13.4919 0.0048 
39.6309 16.5000 3625.9445 0.2854 0.0892 -0.5438 2.9785 6.0000 13.2460 0.0046 
39.6147 16.5000 3622.3312 0.2873 0.0906 -0.5442 2.9790 5.0000 13.1699 0.0044 
39.6231 16.5000 3624.1701 0.2878 0.0907 -0.5441 2.9768 5.0000 11.7167 0.0033 
39.6298 16.5000 3626.3349 0.2879 0.0906 -0.5416 2.9775 5.0000 11.6007 0.0044 
39.6738 16.5000 3641.4463 0.2876 0.0893 -0.5432 2.9813 5.0000 12.1822 0.0051 
39.6323 16.5000 3626.3878 0.2874 0.0886 -0.5462 2.9775 5.0000 12.7724 0.0046 
39.6024 16.5000 3615.8310 0.2871 0.0891 -0.5439 2.9738 5.0000 12.7565 0.0050 
39.6228 16.5000 3624.9671 0.2844 0.0901 -0.5411 2.9826 5.0000 12.3012 0.0038 
39.6082 16.5000 3621.8554 0.2864 0.0890 -0.5429 2.9760 5.0000 12.2190 0.0038 
39.6564 16.5000 3635.7775 0.2847 0.0907 -0.5392 2.9804 5.0000 12.1032 0.0038 
39.6567 16.5000 3635.9227 0.2853 0.0903 -0.5396 2.9784 6.0000 12.1429 0.0042 
39.6435 16.5000 3632.5677 0.2873 0.0885 -0.5433 2.9727 5.0000 12.1688 0.0043 
39.6407 16.5000 3632.1247 0.2870 0.0891 -0.5440 2.9759 5.0000 12.1792 0.0043 
39.6346 16.5000 3630.0810 0.2860 0.0886 -0.5414 2.9775 5.0000 12.1485 0.0046 
39.6200 16.5000 3619.4903 0.2877 0.0910 -0.5449 2.9807 5.0000 11.1440 0.0040 
39.6231 16.5000 3623.2689 0.2863 0.0890 -0.5429 2.9778 5.0000 11.1289 0.0040 
39.6475 16.5000 3629.4782 0.2863 0.0891 -0.5440 2.9778 6.0000 11.2044 0.0036 
39.6508 16.5000 3634.1101 0.2845 0.0896 -0.5395 2.9766 6.0000 11.2626 0.0039 
39.6637 16.5000 3642.1897 0.2875 0.0898 -0.5427 2.9786 5.0000 11.2653 0.0039 
39.6525 16.5000 3636.2612 0.2856 0.0887 -0.5418 2.9782 5.0000 11.3344 0.0042 
39.6503 16.5000 3633.6270 0.2870 0.0902 -0.5426 2.9786 5.0000 11.3280 0.0045 
39.6399 16.5000 3629.5029 0.2849 0.0886 -0.5391 2.9732 5.0000 11.2324 0.0045 
39.6265 16.5000 3626.4299 0.2876 0.0903 -0.5431 2.9808 5.0000 11.2814 0.0043 
39.6690 16.5000 3641.7217 0.2838 0.0882 -0.5349 2.9844 6.0000 12.1775 0.0049 
39.6360 16.5000 3628.4977 0.2872 0.0899 -0.5434 2.9774 5.0000 12.2545 0.0049 
39.6119 16.5000 3615.7285 0.2869 0.0911 -0.5407 2.9798 5.0000 12.1955 0.0051 
39.6660 16.5000 3640.2466 0.2876 0.0895 -0.5434 2.9796 5.0000 11.6843 0.0044 
39.6052 16.5000 3617.8114 0.2828 0.0902 -0.5381 2.9775 5.0000 11.9540 0.0047 
39.6326 16.5000 3627.8237 0.2867 0.0897 -0.5411 2.9784 6.0000 11.8859 0.0044 
39.6197 16.5000 3621.3558 0.2834 0.0890 -0.5417 2.9788 5.0000 12.2498 0.0042 
39.6298 16.5000 3624.4548 0.2887 0.0897 -0.5472 2.9765 5.0000 12.3473 0.0036 
39.6410 16.5000 3630.3898 0.2834 0.0891 -0.5386 2.9791 6.0000 12.6650 0.0048 
39.6626 16.5000 3637.5320 0.2901 0.0904 -0.5474 2.9790 5.0000 11.3717 0.0042 
39.6172 16.5000 3623.8885 0.2844 0.0893 -0.5421 2.9753 5.0000 11.3508 0.0048 
39.6385 16.5000 3630.2676 0.2878 0.0907 -0.5413 2.9772 5.0000 11.0960 0.0037 
39.6155 16.5000 3621.1599 0.2878 0.0902 -0.5386 2.9800 6.0000 11.6784 0.0038 
39.6584 16.5000 3638.2085 0.2848 0.0885 -0.5421 2.9757 6.0000 11.7870 0.0035 
39.6553 16.5000 3635.4323 0.2850 0.0888 -0.5386 2.9793 6.0000 11.7897 0.0049 
39.6665 16.5000 3640.2637 0.2866 0.0907 -0.5395 2.9783 5.0000 11.2018 0.0044 
39.6113 16.5000 3618.0776 0.2839 0.0896 -0.5402 2.9803 5.0000 11.2740 0.0044 
39.6321 16.5000 3625.8036 0.2888 0.0906 -0.5441 2.9796 6.0000 11.1417 0.0039 
39.6307 16.5000 3623.6276 0.2857 0.0900 -0.5426 2.9789 6.0000 10.9927 0.0045 
39.6531 16.5000 3636.9295 0.2854 0.0893 -0.5399 2.9776 6.0000 11.0952 0.0044 
39.6284 16.5000 3620.2830 0.2856 0.0899 -0.5397 2.9787 6.0000 11.2076 0.0041 
39.6309 16.5000 3629.2221 0.2858 0.0893 -0.5412 2.9759 6.0000 11.3467 0.0046 
39.6438 16.5000 3629.9913 0.2870 0.0887 -0.5438 2.9793 5.0000 11.0474 0.0047 
39.6237 16.5000 3622.5434 0.2848 0.0895 -0.5431 2.9792 6.0000 11.0556 0.0044 
39.6180 16.5000 3622.6117 0.2833 0.0885 -0.5393 2.9792 5.0000 11.1994 0.0052 
39.6321 16.5000 3624.2788 0.2875 0.0894 -0.5435 2.9797 6.0000 11.1519 0.0047 
39.6012 16.5000 3614.3971 0.2861 0.0888 -0.5435 2.9756 6.0000 11.0214 0.0042 
39.6192 16.5000 3623.8355 0.2884 0.0902 -0.5439 2.9769 5.0000 11.2975 0.0037 
39.6399 16.5000 3630.7872 0.2867 0.0902 -0.5429 2.9787 5.0000 11.1552 0.0036 
39.6598 16.5000 3638.0384 0.2865 0.0896 -0.5409 2.9739 5.0000 11.2308 0.0046 
39.6612 16.5000 3637.7341 0.2861 0.0897 -0.5441 2.9823 5.0000 11.4458 0.0044 
39.6223 16.5000 3624.2819 0.2849 0.0892 -0.5386 2.9775 6.0000 11.3322 0.0044 
39.6298 16.5000 3627.6407 0.2859 0.0901 -0.5395 2.9762 5.0000 11.1427 0.0035 
39.6542 16.5000 3637.1240 0.2855 0.0901 -0.5407 2.9810 6.0000 11.2230 0.0047 
39.6671 16.5000 3637.6906 0.2851 0.0894 -0.5430 2.9820 5.0000 11.2123 0.0047 
39.6214 16.5000 3623.8016 0.2864 0.0894 -0.5424 2.9792 5.0000 10.9770 0.0041 
39.6578 16.5000 3636.8617 0.2888 0.0892 -0.5406 2.9773 5.0000 11.0644 0.0048 
39.6444 16.5000 3630.9797 0.2879 0.0904 -0.5419 2.9781 6.0000 11.1939 0.0046 
39.6166 16.5000 3622.0275 0.2854 0.0909 -0.5397 2.9827 6.0000 10.9768 0.0042 
39.6248 16.5000 3623.4415 0.2865 0.0897 -0.5458 2.9819 5.0000 11.5869 0.0039 
39.6407 16.5000 3632.6697 0.2850 0.0875 -0.5420 2.9728 5.0000 11.4020 0.0039 
39.6497 16.5000 3632.8567 0.2867 0.0900 -0.5420 2.9798 5.0000 11.3886 0.0042 
39.6166 16.5000 3622.9312 0.2850 0.0898 -0.5372 2.9800 6.0000 11.5199 0.0042 
39.6382 16.5000 3629.7024 0.2858 0.0893 -0.5401 2.9763 6.0000 11.6605 0.0049 
39.6382 16.5000 3630.0642 0.2852 0.0901 -0.5411 2.9798 5.0000 11.4982 0.0031 
39.6130 16.5000 3622.2147 0.2840 0.0882 -0.5394 2.9790 5.0000 11.2833 0.0037 
39.6828 16.5000 3648.1496 0.2850 0.0894 -0.5380 2.9775 5.0000 11.2185 0.0037 
39.6587 16.5000 3637.7842 0.2839 0.0885 -0.5357 2.9727 6.0000 11.2439 0.0044 
39.6180 16.5000 3622.5165 0.2883 0.0903 -0.5473 2.9782 5.0000 11.2576 0.0041 
39.6298 16.5000 3624.7824 0.2869 0.0909 -0.5410 2.9780 5.0000 11.3305 0.0045 
39.6435 16.5000 3632.4044 0.2860 0.0906 -0.5357 2.9818 5.0000 11.1784 0.0045 
39.6284 16.5000 3626.4924 0.2855 0.0901 -0.5409 2.9811 5.0000 11.2574 0.0036 
39.6270 16.5000 3626.2175 0.2876 0.0900 -0.5434 2.9834 6.0000 11.2976 0.0040 
39.6615 16.5000 3638.0036 0.2873 0.0901 -0.5421 2.9791 5.0000 11.1709 0.0036 
39.6464 16.5000 3631.1610 0.2876 0.0909 -0.5422 2.9800 5.0000 8.1331 0.0040 
