31.0717 1.0000 3013.9586 0.1156 0.0290 -0.2233 3.4077 8.0000 34.5044 0.0006 
31.0730 1.0000 3013.9846 0.1150 0.0288 -0.2229 3.4060 8.0000 35.8186 0.0005 
31.0697 1.0000 3012.7479 0.1131 0.0289 -0.2202 3.4045 7.0000 33.6719 0.0006 
31.0708 1.0000 3013.2962 0.1146 0.0286 -0.2224 3.4068 8.0000 35.4967 0.0007 
31.0708 1.0000 3013.5870 0.1151 0.0288 -0.2236 3.4060 8.0000 35.5947 0.0006 
31.0699 1.0000 3013.1802 0.1136 0.0286 -0.2208 3.4055 8.0000 36.5447 0.0006 
31.0659 1.0000 3011.1712 0.1143 0.0288 -0.2221 3.4082 8.0000 30.8691 0.0005 
31.0716 1.0000 3013.7228 0.1138 0.0285 -0.2226 3.4067 8.0000 17.7889 0.0005 
31.0654 1.0000 3009.9891 0.1133 0.0284 -0.2224 3.4060 8.0000 12.0102 0.0006 
31.0668 1.0000 3011.7912 0.1125 0.0286 -0.2213 3.4062 8.0000 11.7684 0.0006 
31.0678 1.0000 3011.9880 0.1122 0.0284 -0.2205 3.4080 8.0000 14.1699 0.0005 
31.0689 1.0000 3012.4752 0.1128 0.0283 -0.2214 3.4061 7.0000 13.5186 0.0005 
31.0729 1.0000 3014.4741 0.1133 0.0282 -0.2224 3.4083 8.0000 19.0164 0.0005 
31.0698 1.0000 3012.6926 0.1091 0.0278 -0.2171 3.4059 7.0000 19.6151 0.0005 
31.0701 1.0000 3012.8683 0.1123 0.0283 -0.2202 3.4047 8.0000 16.7324 0.0005 
31.0705 1.0000 3013.2808 0.1134 0.0282 -0.2230 3.4064 8.0000 18.0341 0.0006 
31.0673 1.0000 3011.6402 0.1147 0.0283 -0.2240 3.4060 8.0000 17.2707 0.0006 
31.0691 1.0000 3012.4667 0.1135 0.0284 -0.2217 3.4093 8.0000 11.7906 0.0005 
31.0712 1.0000 3013.5475 0.1115 0.0281 -0.2203 3.4056 8.0000 17.5499 0.0005 
31.0720 1.0000 3014.1087 0.1126 0.0284 -0.2203 3.4055 8.0000 17.3284 0.0005 
31.0703 1.0000 3013.0108 0.1125 0.0283 -0.2213 3.4073 8.0000 17.2423 0.0005 
31.0715 1.0000 3013.7434 0.1124 0.0283 -0.2210 3.4062 8.0000 18.5139 0.0005 
31.0688 1.0000 3012.1319 0.1129 0.0283 -0.2206 3.4072 8.0000 12.1254 0.0006 
31.0684 1.0000 3012.0646 0.1136 0.0285 -0.2211 3.4075 8.0000 17.3127 0.0006 
31.0724 1.0000 3013.9253 0.1135 0.0283 -0.2217 3.4068 8.0000 16.7168 0.0006 
31.0721 1.0000 3014.1208 0.1130 0.0285 -0.2214 3.4058 8.0000 16.2818 0.0006 
31.0709 1.0000 3013.0834 0.1130 0.0284 -0.2215 3.4071 7.0000 16.2554 0.0006 
31.0687 1.0000 3012.1522 0.1128 0.0283 -0.2227 3.4061 8.0000 16.1367 0.0006 
31.0710 1.0000 3013.7288 0.1121 0.0282 -0.2209 3.4071 8.0000 11.6015 0.0005 
31.0681 1.0000 3011.7494 0.1130 0.0283 -0.2216 3.4071 8.0000 16.9014 0.0006 
31.0681 1.0000 3012.1724 0.1136 0.0284 -0.2225 3.4052 8.0000 21.4559 0.0005 
31.0681 1.0000 3011.5054 0.1090 0.0276 -0.2166 3.4045 8.0000 20.4699 0.0006 
31.0676 1.0000 3011.3720 0.1144 0.0285 -0.2231 3.4047 8.0000 16.8345 0.0006 
31.0685 1.0000 3011.7302 0.1141 0.0284 -0.2230 3.4052 8.0000 16.2459 0.0005 
31.0700 1.0000 3013.2846 0.1148 0.0285 -0.2236 3.4058 8.0000 16.2309 0.0005 
31.0694 1.0000 3012.8346 0.1126 0.0283 -0.2211 3.4068 8.0000 16.2543 0.0005 
31.0702 1.0000 3013.4109 0.1131 0.0285 -0.2212 3.4082 8.0000 11.5976 0.0005 
31.0668 1.0000 3011.4458 0.1136 0.0284 -0.2224 3.4073 7.0000 16.7264 0.0006 
31.0685 1.0000 3011.9636 0.1138 0.0282 -0.2231 3.4060 8.0000 16.8591 0.0004 
31.0725 1.0000 3013.9213 0.1138 0.0285 -0.2228 3.4055 8.0000 16.2954 0.0006 
31.0698 1.0000 3013.0302 0.1129 0.0284 -0.2211 3.4075 7.0000 17.2157 0.0006 
31.0696 1.0000 3012.5394 0.1135 0.0282 -0.2222 3.4062 7.0000 17.2892 0.0005 
31.0694 1.0000 3012.7436 0.1125 0.0284 -0.2206 3.4045 8.0000 11.8837 0.0005 
31.0703 1.0000 3013.0524 0.1124 0.0283 -0.2202 3.4072 8.0000 11.8446 0.0006 
31.0692 1.0000 3012.5073 0.1125 0.0283 -0.2210 3.4056 7.0000 17.7719 0.0007 
31.0727 1.0000 3014.2199 0.1136 0.0285 -0.2220 3.4073 8.0000 16.4487 0.0006 
31.0686 1.0000 3012.1131 0.1126 0.0283 -0.2208 3.4086 8.0000 17.5549 0.0006 
31.0695 1.0000 3012.7570 0.1118 0.0285 -0.2198 3.4062 8.0000 16.8332 0.0006 
31.0653 1.0000 3009.7377 0.1117 0.0282 -0.2200 3.4051 8.0000 16.4518 0.0006 
31.0696 1.0000 3012.9435 0.1113 0.0283 -0.2192 3.4064 8.0000 18.1071 0.0005 
31.0683 1.0000 3011.5924 0.1126 0.0284 -0.2208 3.4041 8.0000 16.8564 0.0005 
31.0687 1.0000 3012.5620 0.1131 0.0284 -0.2215 3.4061 8.0000 16.4138 0.0004 
31.0683 1.0000 3012.0123 0.1139 0.0286 -0.2221 3.4047 8.0000 16.6936 0.0007 
31.0692 1.0000 3012.6856 0.1129 0.0281 -0.2218 3.4051 8.0000 15.3180 0.0005 
31.0688 1.0000 3012.4624 0.1124 0.0283 -0.2207 3.4063 8.0000 16.7880 0.0005 
31.0721 1.0000 3014.1980 0.1128 0.0284 -0.2219 3.4047 7.0000 16.6970 0.0005 
31.0696 1.0000 3012.9606 0.1121 0.0281 -0.2208 3.4052 7.0000 14.0809 0.0005 
31.0737 1.0000 3015.0935 0.1135 0.0284 -0.2216 3.4072 8.0000 12.9529 0.0005 
31.0698 1.0000 3013.0392 0.1144 0.0284 -0.2233 3.4075 8.0000 13.8708 0.0006 
31.0658 1.0000 3010.9259 0.1137 0.0284 -0.2232 3.4052 8.0000 15.1396 0.0005 
31.0699 1.0000 3013.1448 0.1136 0.0284 -0.2228 3.4065 8.0000 17.6503 0.0006 
31.0722 1.0000 3014.2736 0.1124 0.0284 -0.2213 3.4082 8.0000 17.1360 0.0005 
31.0712 1.0000 3013.8364 0.1133 0.0282 -0.2223 3.4041 8.0000 11.5595 0.0008 
31.0699 1.0000 3013.0842 0.1138 0.0283 -0.2226 3.4087 8.0000 14.7361 0.0006 
31.0706 1.0000 3012.9344 0.1131 0.0283 -0.2220 3.4080 8.0000 16.5507 0.0005 
31.0686 1.0000 3012.4552 0.1124 0.0282 -0.2211 3.4052 8.0000 16.2932 0.0005 
31.0666 1.0000 3011.2402 0.1127 0.0283 -0.2211 3.4071 8.0000 15.6754 0.0007 
31.0697 1.0000 3012.8837 0.1121 0.0281 -0.2200 3.4053 8.0000 15.1213 0.0006 
31.0632 1.0000 3008.0695 0.1124 0.0284 -0.2207 3.4081 8.0000 16.3604 0.0006 
31.0668 1.0000 3011.0636 0.1129 0.0284 -0.2208 3.4074 8.0000 17.4325 0.0006 
31.0712 1.0000 3013.6995 0.1131 0.0282 -0.2222 3.4041 7.0000 16.7954 0.0005 
31.0722 1.0000 3014.0287 0.1130 0.0286 -0.2216 3.4082 8.0000 14.2326 0.0005 
31.0635 1.0000 3008.1784 0.1144 0.0284 -0.2229 3.4062 9.0000 17.2055 0.0006 
31.0668 1.0000 3011.4445 0.1133 0.0283 -0.2223 3.4082 9.0000 16.8122 0.0005 
31.0694 1.0000 3013.1114 0.1118 0.0282 -0.2198 3.4068 8.0000 11.4683 0.0005 
31.0674 1.0000 3011.2297 0.1139 0.0284 -0.2225 3.4072 8.0000 16.0137 0.0005 
31.0693 1.0000 3012.6993 0.1139 0.0284 -0.2229 3.4056 8.0000 16.0965 0.0005 
31.0717 1.0000 3014.0687 0.1132 0.0284 -0.2223 3.4064 8.0000 11.3923 0.0006 
31.0703 1.0000 3013.0194 0.1139 0.0284 -0.2225 3.4057 8.0000 16.5896 0.0005 
31.0712 1.0000 3013.5061 0.1131 0.0285 -0.2213 3.4056 8.0000 16.2534 0.0004 
31.0699 1.0000 3012.7422 0.1126 0.0283 -0.2217 3.4073 8.0000 17.1258 0.0006 
31.0703 1.0000 3013.1514 0.1132 0.0282 -0.2224 3.4066 8.0000 17.4626 0.0005 
31.0706 1.0000 3013.4020 0.1135 0.0285 -0.2225 3.4081 8.0000 16.1742 0.0005 
31.0734 1.0000 3014.7885 0.1131 0.0282 -0.2209 3.4034 8.0000 11.4921 0.0005 
31.0690 1.0000 3012.2635 0.1136 0.0286 -0.2222 3.4066 8.0000 16.9458 0.0005 
31.0708 1.0000 3013.3447 0.1128 0.0283 -0.2218 3.4076 8.0000 16.7225 0.0007 
31.0676 1.0000 3011.9347 0.1147 0.0283 -0.2245 3.4066 8.0000 16.8170 0.0007 
31.0714 1.0000 3013.6641 0.1113 0.0285 -0.2196 3.4062 8.0000 16.2554 0.0005 
31.0705 1.0000 3013.5259 0.1123 0.0282 -0.2217 3.4054 8.0000 11.5410 0.0005 
31.0710 1.0000 3013.5904 0.1125 0.0283 -0.2215 3.4036 8.0000 16.1278 0.0005 
31.0663 1.0000 3011.3007 0.1136 0.0284 -0.2222 3.4072 9.0000 16.5320 0.0005 
31.0705 1.0000 3013.4550 0.1122 0.0283 -0.2201 3.4065 8.0000 16.8729 0.0006 
31.0712 1.0000 3013.5986 0.1133 0.0285 -0.2206 3.4066 7.0000 11.5523 0.0006 
31.0661 1.0000 3010.0121 0.1133 0.0283 -0.2224 3.4055 8.0000 14.7176 0.0005 
31.0722 1.0000 3014.0884 0.1136 0.0285 -0.2219 3.4047 7.0000 16.2987 0.0005 
31.0721 1.0000 3014.1575 0.1119 0.0282 -0.2191 3.4074 8.0000 15.7873 0.0005 
31.0695 1.0000 3012.8981 0.1133 0.0287 -0.2213 3.4072 7.0000 14.0293 0.0005 
31.0678 1.0000 3011.6139 0.1119 0.0284 -0.2206 3.4080 9.0000 15.8058 0.0005 
31.0686 1.0000 3012.5550 0.1121 0.0283 -0.2201 3.4053 7.0000 13.3390 0.0005 
31.0717 1.0000 3013.8845 0.1131 0.0283 -0.2221 3.4054 8.0000 16.6366 0.0005 
