39.3564 16.5000 3524.6325 0.3257 0.1226 -0.5760 2.8439 5.0000 2.7824 0.0116 
39.3478 16.5000 3511.3251 0.3212 0.1228 -0.5699 2.8391 5.0000 2.8852 0.0121 
39.4063 16.5000 3547.8557 0.3218 0.1203 -0.5665 2.8321 5.0000 2.8587 0.0121 
39.3311 16.5000 3500.6875 0.3267 0.1218 -0.5817 2.8426 5.0000 2.5262 0.0116 
39.3811 16.5000 3532.1478 0.3277 0.1252 -0.5765 2.8435 5.0000 2.5215 0.0107 
39.3503 16.5000 3527.5773 0.3229 0.1216 -0.5672 2.8420 5.0000 2.5171 0.0107 
39.3826 16.5000 3543.1223 0.3248 0.1200 -0.5711 2.8341 5.0000 2.6111 0.0107 
39.4108 16.5000 3542.0888 0.3252 0.1230 -0.5685 2.8415 5.0000 2.6585 0.0116 
39.3856 16.5000 3541.2807 0.3221 0.1190 -0.5669 2.8394 5.0000 2.6699 0.0116 
39.3483 16.5000 3524.9246 0.3231 0.1204 -0.5726 2.8418 5.0000 2.4684 0.0101 
39.3286 16.5000 3514.9670 0.3231 0.1207 -0.5755 2.8390 5.0000 2.4891 0.0135 
39.4073 16.5000 3545.6282 0.3251 0.1228 -0.5716 2.8463 5.0000 2.4890 0.0135 
39.2757 16.5000 3502.6184 0.3250 0.1218 -0.5734 2.8382 5.0000 2.7164 0.0118 
39.3554 16.5000 3524.0671 0.3255 0.1245 -0.5695 2.8442 5.0000 2.7808 0.0117 
39.3417 16.5000 3509.0300 0.3293 0.1255 -0.5781 2.8469 5.0000 2.7789 0.0117 
39.3473 16.5000 3523.4129 0.3273 0.1230 -0.5792 2.8416 5.0000 2.5357 0.0103 
39.3715 16.5000 3525.9067 0.3210 0.1213 -0.5656 2.8454 5.0000 2.5433 0.0092 
39.3997 16.5000 3552.5004 0.3263 0.1224 -0.5736 2.8415 5.0000 2.5474 0.0092 
39.4446 16.5000 3569.4805 0.3234 0.1223 -0.5644 2.8360 5.0000 2.7041 0.0109 
39.3417 16.5000 3515.1647 0.3269 0.1227 -0.5763 2.8395 5.0000 2.7233 0.0125 
39.3760 16.5000 3544.2270 0.3234 0.1196 -0.5718 2.8350 5.0000 2.7009 0.0125 
39.3125 16.5000 3498.6209 0.3262 0.1209 -0.5772 2.8398 5.0000 2.5179 0.0126 
39.3574 16.5000 3520.3955 0.3265 0.1241 -0.5735 2.8449 5.0000 2.5295 0.0091 
39.3115 16.5000 3508.2699 0.3254 0.1220 -0.5793 2.8405 5.0000 2.5386 0.0091 
39.4472 16.5000 3569.8754 0.3246 0.1205 -0.5726 2.8309 5.0000 2.7971 0.0119 
39.3488 16.5000 3522.9372 0.3253 0.1215 -0.5741 2.8387 5.0000 2.8562 0.0114 
39.3372 16.5000 3521.5990 0.3248 0.1214 -0.5710 2.8403 5.0000 2.8248 0.0114 
39.3569 16.5000 3529.5718 0.3275 0.1235 -0.5727 2.8401 5.0000 2.5590 0.0111 
39.4119 16.5000 3541.2494 0.3276 0.1225 -0.5739 2.8442 5.0000 2.5607 0.0115 
39.3680 16.5000 3519.1975 0.3242 0.1238 -0.5696 2.8446 5.0000 2.5683 0.0115 
39.3513 16.5000 3528.9644 0.3248 0.1222 -0.5720 2.8412 5.0000 2.6942 0.0112 
39.3634 16.5000 3522.0207 0.3258 0.1235 -0.5728 2.8414 5.0000 2.7356 0.0106 
39.3634 16.5000 3528.1846 0.3223 0.1218 -0.5699 2.8396 5.0000 2.7301 0.0106 
39.3897 16.5000 3536.2779 0.3277 0.1221 -0.5727 2.8379 5.0000 2.5692 0.0092 
39.3478 16.5000 3521.7105 0.3244 0.1205 -0.5756 2.8380 5.0000 2.5755 0.0108 
39.4436 16.5000 3561.6156 0.3245 0.1211 -0.5736 2.8403 5.0000 2.5627 0.0108 
39.3796 16.5000 3520.7117 0.3284 0.1236 -0.5772 2.8405 5.0000 2.8160 0.0104 
39.3861 16.5000 3528.5760 0.3283 0.1229 -0.5780 2.8414 5.0000 2.8222 0.0132 
39.3957 16.5000 3548.1120 0.3277 0.1230 -0.5694 2.8407 5.0000 2.8532 0.0132 
39.2883 16.5000 3503.8668 0.3237 0.1215 -0.5721 2.8417 5.0000 2.5603 0.0116 
39.3180 16.5000 3510.3339 0.3262 0.1256 -0.5715 2.8357 5.0000 2.5807 0.0116 
39.3493 16.5000 3524.5695 0.3260 0.1236 -0.5731 2.8405 5.0000 2.5781 0.0116 
39.3498 16.5000 3521.9596 0.3274 0.1237 -0.5717 2.8418 5.0000 2.7168 0.0087 
39.3907 16.5000 3543.2550 0.3250 0.1238 -0.5751 2.8415 5.0000 2.7093 0.0113 
39.4613 16.5000 3564.7011 0.3289 0.1240 -0.5758 2.8371 5.0000 2.6968 0.0113 
39.3624 16.5000 3526.3985 0.3234 0.1189 -0.5767 2.8395 5.0000 2.5354 0.0106 
39.3821 16.5000 3537.1037 0.3242 0.1192 -0.5709 2.8371 5.0000 2.5940 0.0115 
39.3876 16.5000 3545.2711 0.3283 0.1226 -0.5761 2.8368 5.0000 2.5740 0.0115 
39.3533 16.5000 3513.7483 0.3269 0.1227 -0.5753 2.8377 5.0000 2.7967 0.0116 
39.3947 16.5000 3546.6028 0.3274 0.1207 -0.5741 2.8369 5.0000 2.8074 0.0112 
39.3503 16.5000 3523.1707 0.3241 0.1231 -0.5720 2.8442 5.0000 2.8473 0.0112 
39.3644 16.5000 3527.2071 0.3280 0.1221 -0.5682 2.8392 5.0000 2.5571 0.0114 
39.3876 16.5000 3546.4494 0.3250 0.1211 -0.5698 2.8408 5.0000 2.5257 0.0117 
39.3584 16.5000 3533.6363 0.3242 0.1204 -0.5669 2.8402 5.0000 2.5386 0.0117 
39.3438 16.5000 3511.8905 0.3250 0.1226 -0.5707 2.8430 5.0000 2.7189 0.0109 
39.4265 16.5000 3560.8933 0.3259 0.1218 -0.5701 2.8356 5.0000 2.6840 0.0096 
39.3765 16.5000 3526.3026 0.3276 0.1213 -0.5776 2.8325 5.0000 2.7673 0.0116 
39.4255 16.5000 3555.8900 0.3270 0.1231 -0.5729 2.8392 5.0000 2.5427 0.0105 
39.3508 16.5000 3523.6494 0.3242 0.1215 -0.5768 2.8488 5.0000 2.5184 0.0115 
39.3927 16.5000 3535.5652 0.3275 0.1231 -0.5731 2.8396 5.0000 2.5145 0.0100 
39.3518 16.5000 3524.5806 0.3244 0.1205 -0.5748 2.8422 5.0000 2.7653 0.0115 
39.4098 16.5000 3545.8305 0.3252 0.1210 -0.5710 2.8358 5.0000 2.7748 0.0100 
39.3513 16.5000 3518.9796 0.3252 0.1237 -0.5710 2.8425 5.0000 2.7978 0.0119 
39.4108 16.5000 3545.1385 0.3257 0.1236 -0.5695 2.8435 5.0000 2.5369 0.0104 
39.3372 16.5000 3520.9266 0.3258 0.1220 -0.5691 2.8407 5.0000 2.5449 0.0115 
39.3952 16.5000 3536.2003 0.3281 0.1213 -0.5753 2.8363 5.0000 2.5254 0.0127 
39.3523 16.5000 3510.8383 0.3247 0.1244 -0.5735 2.8443 5.0000 2.6946 0.0120 
39.3069 16.5000 3511.5299 0.3257 0.1209 -0.5762 2.8417 5.0000 2.6441 0.0100 
39.3357 16.5000 3517.5344 0.3279 0.1241 -0.5713 2.8440 5.0000 2.6498 0.0109 
39.4119 16.5000 3541.3700 0.3253 0.1219 -0.5729 2.8402 5.0000 2.5505 0.0106 
39.3750 16.5000 3541.4446 0.3276 0.1224 -0.5781 2.8466 5.0000 2.5464 0.0108 
39.3902 16.5000 3542.6532 0.3236 0.1203 -0.5702 2.8388 5.0000 2.5329 0.0098 
39.3816 16.5000 3520.6850 0.3251 0.1234 -0.5724 2.8404 5.0000 2.7957 0.0100 
39.4179 16.5000 3555.8870 0.3272 0.1221 -0.5713 2.8365 5.0000 2.7728 0.0106 
39.4113 16.5000 3542.0979 0.3264 0.1217 -0.5738 2.8387 5.0000 2.8237 0.0112 
39.3871 16.5000 3535.1021 0.3253 0.1230 -0.5715 2.8418 5.0000 2.5389 0.0095 
39.3634 16.5000 3509.7427 0.3275 0.1227 -0.5770 2.8343 5.0000 2.5410 0.0118 
39.4325 16.5000 3555.0396 0.3240 0.1234 -0.5689 2.8409 5.0000 2.5469 0.0117 
39.3427 16.5000 3520.7758 0.3269 0.1224 -0.5758 2.8437 5.0000 2.7377 0.0113 
39.3463 16.5000 3525.5400 0.3241 0.1224 -0.5704 2.8407 5.0000 2.7143 0.0109 
39.3624 16.5000 3536.1644 0.3269 0.1239 -0.5742 2.8436 5.0000 2.6880 0.0098 
39.3760 16.5000 3535.4895 0.3226 0.1228 -0.5696 2.8444 5.0000 2.5255 0.0108 
39.4184 16.5000 3544.2789 0.3261 0.1225 -0.5739 2.8398 5.0000 2.5684 0.0106 
39.3816 16.5000 3540.1781 0.3279 0.1224 -0.5708 2.8436 5.0000 2.5716 0.0121 
39.3887 16.5000 3546.9735 0.3268 0.1234 -0.5719 2.8421 5.0000 2.8411 0.0111 
39.3306 16.5000 3519.9198 0.3269 0.1218 -0.5766 2.8401 5.0000 2.8641 0.0100 
39.3690 16.5000 3529.6106 0.3267 0.1225 -0.5709 2.8395 5.0000 2.8800 0.0108 
39.4108 16.5000 3554.7460 0.3269 0.1243 -0.5705 2.8340 5.0000 2.5343 0.0108 
39.3786 16.5000 3540.6411 0.3259 0.1226 -0.5734 2.8446 5.0000 2.5137 0.0119 
39.3796 16.5000 3526.1271 0.3266 0.1253 -0.5732 2.8459 5.0000 2.5061 0.0103 
39.3377 16.5000 3500.7667 0.3266 0.1249 -0.5721 2.8495 5.0000 2.8538 0.0121 
39.4003 16.5000 3540.2219 0.3231 0.1229 -0.5660 2.8408 5.0000 2.7036 0.0120 
39.3286 16.5000 3506.9311 0.3259 0.1228 -0.5803 2.8444 5.0000 2.7492 0.0111 
39.3347 16.5000 3536.2643 0.3267 0.1218 -0.5712 2.8387 5.0000 2.5796 0.0114 
39.3680 16.5000 3523.2469 0.3240 0.1232 -0.5655 2.8440 5.0000 2.5459 0.0114 
39.3554 16.5000 3531.5122 0.3240 0.1222 -0.5694 2.8438 5.0000 2.5795 0.0114 
39.3579 16.5000 3524.9382 0.3231 0.1216 -0.5707 2.8481 5.0000 2.8327 0.0092 
39.3559 16.5000 3529.5021 0.3291 0.1241 -0.5723 2.8456 5.0000 2.7963 0.0104 
39.4446 16.5000 3555.2066 0.3315 0.1222 -0.5782 2.8384 5.0000 2.8163 0.0104 
39.3952 16.5000 3532.3319 0.3261 0.1239 -0.5744 2.8404 5.0000 2.3679 0.0104 
