39.6566 4.0000 3637.7577 0.4903 0.1729 -0.6336 3.2032 6.0000 41.6274 0.0032 
39.6698 4.0000 3640.4315 0.4932 0.1800 -0.6293 3.2043 6.0000 41.7690 0.0032 
39.6711 4.0000 3643.7597 0.4888 0.1748 -0.6278 3.2064 6.0000 41.3193 0.0038 
39.6790 4.0000 3646.3174 0.4899 0.1746 -0.6259 3.2048 6.0000 40.4729 0.0034 
39.6720 4.0000 3641.6449 0.4929 0.1762 -0.6288 3.2034 6.0000 40.8466 0.0036 
39.6692 4.0000 3640.4410 0.4912 0.1757 -0.6333 3.2023 6.0000 40.7269 0.0036 
39.6649 4.0000 3640.7040 0.4894 0.1752 -0.6322 3.1982 6.0000 40.5582 0.0033 
39.6748 4.0000 3643.1582 0.4916 0.1766 -0.6306 3.2086 6.0000 40.9488 0.0037 
39.6738 4.0000 3640.5356 0.4913 0.1752 -0.6344 3.2027 6.0000 40.8515 0.0037 
39.6588 4.0000 3638.4430 0.4942 0.1767 -0.6354 3.2095 6.0000 40.7896 0.0029 
39.6772 4.0000 3644.4412 0.4939 0.1773 -0.6320 3.2015 6.0000 41.6340 0.0042 
39.6905 4.0000 3649.4968 0.4905 0.1751 -0.6305 3.2114 6.0000 41.6454 0.0042 
39.6381 4.0000 3630.3023 0.4925 0.1765 -0.6306 3.2072 6.0000 41.0091 0.0032 
39.6871 4.0000 3647.4770 0.4867 0.1714 -0.6278 3.2030 6.0000 41.2832 0.0029 
39.6777 4.0000 3644.9688 0.4923 0.1791 -0.6251 3.2076 6.0000 41.2706 0.0029 
39.6900 4.0000 3648.0641 0.4907 0.1756 -0.6340 3.2029 6.0000 41.6158 0.0033 
39.6676 4.0000 3642.4650 0.4889 0.1728 -0.6371 3.2029 6.0000 40.7855 0.0037 
39.6739 4.0000 3643.3958 0.4975 0.1786 -0.6383 3.2063 6.0000 41.5453 0.0028 
39.6597 4.0000 3637.4450 0.4877 0.1749 -0.6305 3.2077 6.0000 43.3372 0.0032 
39.6937 4.0000 3649.6723 0.4916 0.1774 -0.6320 3.2080 6.0000 43.3821 0.0033 
39.6784 4.0000 3643.7750 0.4932 0.1758 -0.6344 3.2135 6.0000 43.9195 0.0030 
39.6752 4.0000 3642.7024 0.4959 0.1758 -0.6418 3.2071 6.0000 41.4257 0.0036 
39.6865 4.0000 3647.6611 0.4934 0.1763 -0.6327 3.2068 6.0000 41.6216 0.0034 
39.6635 4.0000 3638.2989 0.4911 0.1757 -0.6303 3.2070 6.0000 41.8489 0.0035 
39.6711 4.0000 3640.8417 0.4930 0.1756 -0.6370 3.2094 6.0000 41.1012 0.0035 
39.6676 4.0000 3643.1074 0.4928 0.1729 -0.6355 3.1960 6.0000 41.8820 0.0042 
39.6674 4.0000 3642.6062 0.4980 0.1807 -0.6361 3.2130 6.0000 41.7365 0.0037 
39.6402 4.0000 3629.9281 0.4937 0.1773 -0.6309 3.2039 6.0000 41.6655 0.0033 
39.6586 4.0000 3635.8667 0.4922 0.1766 -0.6273 3.2117 6.0000 41.9811 0.0037 
39.6748 4.0000 3646.9011 0.4879 0.1728 -0.6302 3.2003 6.0000 42.1759 0.0040 
39.6581 4.0000 3638.1277 0.4920 0.1788 -0.6292 3.2032 6.0000 42.3463 0.0036 
39.6475 4.0000 3635.1818 0.4917 0.1764 -0.6324 3.2014 6.0000 42.2679 0.0037 
39.6635 4.0000 3640.5015 0.4899 0.1746 -0.6250 3.2057 6.0000 42.1288 0.0029 
39.6606 4.0000 3640.2724 0.4950 0.1808 -0.6287 3.2093 6.0000 42.0756 0.0031 
39.6927 4.0000 3648.3852 0.4972 0.1785 -0.6385 3.2008 6.0000 41.7293 0.0031 
39.6833 4.0000 3645.3208 0.4918 0.1748 -0.6308 3.2078 6.0000 41.7559 0.0035 
39.6820 4.0000 3645.6905 0.4935 0.1765 -0.6344 3.2036 6.0000 41.4815 0.0032 
39.6658 4.0000 3639.5658 0.4921 0.1772 -0.6302 3.2125 6.0000 41.2299 0.0028 
39.6786 4.0000 3646.0270 0.4933 0.1746 -0.6345 3.2018 6.0000 41.2350 0.0033 
39.6930 4.0000 3648.8144 0.4894 0.1754 -0.6310 3.2061 6.0000 42.0652 0.0034 
39.6752 4.0000 3642.3444 0.4904 0.1744 -0.6338 3.2078 6.0000 41.7549 0.0027 
39.6723 4.0000 3644.6379 0.4909 0.1751 -0.6268 3.2017 6.0000 41.4184 0.0040 
39.6986 4.0000 3651.6302 0.4943 0.1757 -0.6375 3.2077 6.0000 42.0221 0.0037 
39.6453 4.0000 3632.8256 0.4896 0.1742 -0.6354 3.2039 6.0000 42.3828 0.0033 
39.6604 4.0000 3637.2726 0.4933 0.1776 -0.6365 3.2121 6.0000 42.5785 0.0040 
39.6754 4.0000 3642.8137 0.4890 0.1730 -0.6343 3.2018 6.0000 42.0332 0.0031 
39.6476 4.0000 3631.6680 0.4940 0.1785 -0.6308 3.2116 6.0000 42.1881 0.0032 
39.6813 4.0000 3645.8988 0.4915 0.1755 -0.6300 3.2015 6.0000 41.9837 0.0040 
39.6770 4.0000 3647.7795 0.4917 0.1744 -0.6307 3.1992 6.0000 41.8416 0.0030 
39.6471 4.0000 3634.2695 0.4918 0.1747 -0.6320 3.2049 6.0000 41.8130 0.0032 
39.6883 4.0000 3644.8561 0.4930 0.1748 -0.6346 3.2050 6.0000 41.8774 0.0029 
39.6779 4.0000 3644.9000 0.4936 0.1798 -0.6266 3.2056 6.0000 41.5186 0.0029 
39.6901 4.0000 3648.8957 0.4895 0.1762 -0.6261 3.1985 6.0000 42.2266 0.0026 
39.6901 4.0000 3648.1901 0.4937 0.1761 -0.6348 3.2150 6.0000 41.7657 0.0028 
39.7020 4.0000 3650.2569 0.4880 0.1729 -0.6311 3.1924 6.0000 41.6702 0.0033 
39.6950 4.0000 3649.1221 0.4971 0.1793 -0.6368 3.2060 6.0000 41.8926 0.0033 
39.6756 4.0000 3643.0858 0.4919 0.1727 -0.6365 3.1991 6.0000 41.7554 0.0034 
39.6752 4.0000 3647.5372 0.4994 0.1768 -0.6413 3.2031 6.0000 42.0177 0.0031 
39.6701 4.0000 3642.2594 0.4920 0.1756 -0.6335 3.2037 6.0000 41.4347 0.0033 
39.6819 4.0000 3647.5325 0.4947 0.1769 -0.6308 3.1957 6.0000 41.6547 0.0030 
39.6743 4.0000 3645.5448 0.4890 0.1739 -0.6269 3.2059 6.0000 41.4336 0.0032 
39.6858 4.0000 3648.8339 0.4903 0.1762 -0.6256 3.2050 6.0000 41.8057 0.0031 
39.6793 4.0000 3646.3889 0.4927 0.1757 -0.6317 3.2027 6.0000 41.7310 0.0036 
39.6819 4.0000 3644.2043 0.4930 0.1757 -0.6309 3.2082 6.0000 41.9840 0.0040 
39.6637 4.0000 3638.7620 0.4949 0.1776 -0.6304 3.2137 6.0000 41.3388 0.0034 
39.6455 4.0000 3630.7582 0.4890 0.1741 -0.6335 3.2017 6.0000 42.1914 0.0033 
39.6707 4.0000 3642.2023 0.4912 0.1768 -0.6274 3.2040 6.0000 42.4214 0.0036 
39.6741 4.0000 3641.6213 0.4920 0.1749 -0.6322 3.2075 6.0000 42.4324 0.0033 
39.6615 4.0000 3636.5320 0.4956 0.1783 -0.6358 3.2044 6.0000 42.7305 0.0037 
39.6743 4.0000 3643.4284 0.4939 0.1771 -0.6325 3.2016 6.0000 41.5801 0.0028 
39.6583 4.0000 3636.8072 0.4924 0.1749 -0.6334 3.2068 6.0000 41.8197 0.0039 
39.6945 4.0000 3648.0330 0.4908 0.1750 -0.6364 3.2032 6.0000 41.9373 0.0035 
39.6498 4.0000 3632.1520 0.4975 0.1788 -0.6378 3.2095 6.0000 42.0661 0.0036 
39.6655 4.0000 3639.9070 0.4941 0.1767 -0.6343 3.2092 6.0000 41.6400 0.0036 
39.6646 4.0000 3639.6222 0.4919 0.1758 -0.6323 3.1983 6.0000 41.9400 0.0032 
39.6628 4.0000 3641.4869 0.4911 0.1742 -0.6352 3.2076 6.0000 42.1322 0.0033 
39.6779 4.0000 3644.7678 0.4895 0.1740 -0.6309 3.2021 6.0000 41.5897 0.0039 
39.6757 4.0000 3643.5833 0.4918 0.1760 -0.6286 3.2030 6.0000 41.4457 0.0033 
39.6518 4.0000 3634.3136 0.4919 0.1746 -0.6368 3.2068 6.0000 43.3161 0.0035 
39.6759 4.0000 3644.2261 0.4968 0.1780 -0.6326 3.2037 6.0000 42.6255 0.0026 
39.6651 4.0000 3639.7552 0.4906 0.1744 -0.6333 3.2056 6.0000 42.7927 0.0028 
39.7011 4.0000 3652.5226 0.4916 0.1719 -0.6345 3.2007 6.0000 41.4221 0.0035 
39.6959 4.0000 3651.6022 0.4884 0.1747 -0.6281 3.2031 6.0000 41.3944 0.0031 
39.6682 4.0000 3640.8499 0.4936 0.1776 -0.6307 3.2143 6.0000 42.2145 0.0031 
39.6835 4.0000 3643.1420 0.4874 0.1709 -0.6340 3.2046 6.0000 41.8791 0.0026 
39.6828 4.0000 3646.1328 0.4972 0.1780 -0.6381 3.2025 6.0000 41.8011 0.0034 
39.7019 4.0000 3653.5464 0.4914 0.1756 -0.6319 3.2010 6.0000 42.2774 0.0040 
39.6716 4.0000 3640.7901 0.4902 0.1743 -0.6359 3.1986 6.0000 41.8543 0.0036 
39.6485 4.0000 3633.3507 0.4937 0.1755 -0.6327 3.2010 6.0000 41.5823 0.0034 
39.6642 4.0000 3638.0730 0.4931 0.1756 -0.6342 3.2079 6.0000 41.7357 0.0029 
39.6720 4.0000 3641.7997 0.4907 0.1730 -0.6331 3.2041 6.0000 43.7682 0.0034 
39.6925 4.0000 3646.4316 0.4908 0.1769 -0.6282 3.2141 6.0000 43.8668 0.0028 
39.6723 4.0000 3643.2672 0.4926 0.1758 -0.6331 3.2057 6.0000 43.8994 0.0034 
39.6945 4.0000 3649.7388 0.4943 0.1742 -0.6415 3.2102 6.0000 41.8443 0.0037 
39.6712 4.0000 3643.5939 0.4911 0.1761 -0.6326 3.2048 6.0000 41.9755 0.0036 
39.6583 4.0000 3638.1773 0.4902 0.1770 -0.6276 3.2065 6.0000 41.9011 0.0040 
39.6615 4.0000 3636.7856 0.4907 0.1766 -0.6297 3.2067 6.0000 41.8057 0.0034 
39.6485 4.0000 3634.0025 0.4894 0.1767 -0.6285 3.2048 6.0000 41.8032 0.0027 
39.6720 4.0000 3643.1818 0.4890 0.1754 -0.6316 3.1971 6.0000 41.4519 0.0027 
39.6972 4.0000 3650.8746 0.4935 0.1737 -0.6357 3.2028 6.0000 28.6855 0.0027 
