39.5349 16.5000 3596.5422 0.3736 0.1325 -0.5962 2.9553 5.0000 5.7524 0.0080 
39.4891 16.5000 3582.0515 0.3729 0.1310 -0.6067 2.9508 5.0000 5.7738 0.0080 
39.5749 16.5000 3615.2182 0.3720 0.1308 -0.5978 2.9462 5.0000 5.7424 0.0080 
39.4898 16.5000 3578.2954 0.3774 0.1318 -0.6119 2.9577 5.0000 5.7267 0.0078 
39.4549 16.5000 3570.0598 0.3763 0.1325 -0.6109 2.9532 5.0000 5.7272 0.0078 
39.4977 16.5000 3579.3331 0.3766 0.1350 -0.6068 2.9545 5.0000 5.7138 0.0078 
39.5331 16.5000 3584.0634 0.3714 0.1322 -0.6067 2.9508 5.0000 5.6097 0.0073 
39.5298 16.5000 3592.1427 0.3712 0.1318 -0.6007 2.9598 5.0000 5.8239 0.0082 
39.5186 16.5000 3594.7800 0.3781 0.1331 -0.6115 2.9549 5.0000 5.6198 0.0073 
39.5410 16.5000 3593.6397 0.3727 0.1322 -0.6029 2.9509 5.0000 5.6096 0.0078 
39.4812 16.5000 3579.5522 0.3740 0.1303 -0.6067 2.9491 5.0000 5.6595 0.0078 
39.4967 16.5000 3581.7676 0.3718 0.1292 -0.6088 2.9437 5.0000 5.7543 0.0077 
39.5518 16.5000 3603.0823 0.3743 0.1315 -0.6046 2.9433 5.0000 5.6406 0.0068 
39.5003 16.5000 3581.5878 0.3720 0.1330 -0.6048 2.9507 5.0000 5.6567 0.0081 
39.5385 16.5000 3596.5304 0.3722 0.1294 -0.6024 2.9534 5.0000 5.8531 0.0078 
39.4859 16.5000 3575.7060 0.3729 0.1315 -0.6099 2.9564 5.0000 5.7342 0.0070 
39.4977 16.5000 3578.2562 0.3712 0.1309 -0.6004 2.9521 5.0000 5.7290 0.0071 
39.5298 16.5000 3595.7373 0.3743 0.1300 -0.6034 2.9515 5.0000 5.8053 0.0070 
39.5251 16.5000 3588.5167 0.3726 0.1310 -0.6068 2.9475 5.0000 5.8896 0.0069 
39.5291 16.5000 3592.0169 0.3743 0.1322 -0.6072 2.9485 5.0000 5.9486 0.0078 
39.5345 16.5000 3594.1708 0.3731 0.1305 -0.6078 2.9492 5.0000 6.0587 0.0075 
39.4959 16.5000 3586.3192 0.3726 0.1318 -0.6047 2.9521 5.0000 5.7323 0.0073 
39.5114 16.5000 3592.4850 0.3756 0.1320 -0.6025 2.9487 5.0000 5.7215 0.0075 
39.5186 16.5000 3594.2792 0.3742 0.1320 -0.6083 2.9530 5.0000 5.6929 0.0094 
39.5089 16.5000 3584.2403 0.3725 0.1320 -0.6041 2.9561 5.0000 5.8009 0.0077 
39.4340 16.5000 3548.7483 0.3739 0.1342 -0.6084 2.9554 5.0000 5.7152 0.0077 
39.5006 16.5000 3582.5786 0.3728 0.1301 -0.6087 2.9568 5.0000 5.8814 0.0074 
39.5233 16.5000 3590.8788 0.3715 0.1310 -0.6057 2.9537 5.0000 5.9009 0.0080 
39.5140 16.5000 3589.6271 0.3719 0.1295 -0.6048 2.9499 5.0000 5.8914 0.0080 
39.4902 16.5000 3580.8294 0.3727 0.1325 -0.5995 2.9516 5.0000 5.9534 0.0074 
39.5305 16.5000 3597.1544 0.3745 0.1322 -0.6087 2.9600 5.0000 5.8089 0.0079 
39.5150 16.5000 3593.9016 0.3756 0.1328 -0.6100 2.9492 5.0000 5.7867 0.0079 
39.4952 16.5000 3582.2382 0.3740 0.1319 -0.6082 2.9561 5.0000 5.8717 0.0074 
39.5421 16.5000 3600.7952 0.3784 0.1325 -0.6076 2.9481 5.0000 5.7542 0.0079 
39.5125 16.5000 3582.4237 0.3742 0.1331 -0.6063 2.9500 5.0000 5.7305 0.0079 
39.4931 16.5000 3572.0663 0.3720 0.1357 -0.5987 2.9639 5.0000 5.8434 0.0081 
39.5096 16.5000 3581.2401 0.3753 0.1344 -0.6058 2.9559 5.0000 5.7494 0.0076 
39.4873 16.5000 3568.4878 0.3713 0.1336 -0.6016 2.9618 5.0000 5.8206 0.0076 
39.5075 16.5000 3588.7685 0.3748 0.1306 -0.6071 2.9495 5.0000 5.9750 0.0064 
39.5295 16.5000 3593.7316 0.3726 0.1320 -0.6034 2.9526 5.0000 5.7797 0.0072 
39.5532 16.5000 3607.5183 0.3690 0.1281 -0.6039 2.9528 6.0000 5.8499 0.0073 
39.5215 16.5000 3584.1877 0.3747 0.1323 -0.6108 2.9567 5.0000 5.9290 0.0078 
39.5161 16.5000 3587.4066 0.3739 0.1309 -0.6061 2.9548 5.0000 5.7488 0.0062 
39.4988 16.5000 3586.4111 0.3734 0.1337 -0.6066 2.9603 5.0000 5.7846 0.0068 
39.5619 16.5000 3602.4140 0.3733 0.1322 -0.6077 2.9539 5.0000 5.9004 0.0070 
39.5374 16.5000 3598.8244 0.3718 0.1301 -0.5975 2.9492 5.0000 5.6975 0.0084 
39.5277 16.5000 3595.6909 0.3753 0.1304 -0.6095 2.9537 5.0000 5.7940 0.0073 
39.4750 16.5000 3576.2886 0.3756 0.1310 -0.6094 2.9544 5.0000 5.9532 0.0081 
39.5172 16.5000 3585.3562 0.3769 0.1335 -0.6050 2.9584 5.0000 5.9502 0.0072 
39.4869 16.5000 3576.5743 0.3773 0.1338 -0.6108 2.9569 5.0000 6.0135 0.0079 
39.5208 16.5000 3590.8211 0.3749 0.1331 -0.6045 2.9541 5.0000 6.1662 0.0063 
39.4956 16.5000 3584.0205 0.3724 0.1312 -0.6075 2.9586 5.0000 5.9984 0.0067 
39.5554 16.5000 3605.2131 0.3718 0.1308 -0.6027 2.9565 5.0000 6.0244 0.0076 
39.5399 16.5000 3595.1803 0.3699 0.1287 -0.6030 2.9540 5.0000 5.9377 0.0080 
39.5039 16.5000 3580.9076 0.3726 0.1310 -0.6090 2.9540 5.0000 6.0737 0.0099 
39.4913 16.5000 3580.0742 0.3713 0.1291 -0.6112 2.9501 5.0000 6.1874 0.0077 
39.4142 16.5000 3538.9216 0.3724 0.1348 -0.6073 2.9632 5.0000 6.1263 0.0074 
39.4999 16.5000 3578.5988 0.3754 0.1325 -0.6043 2.9543 5.0000 6.0253 0.0089 
39.5147 16.5000 3584.7145 0.3744 0.1344 -0.6052 2.9537 5.0000 5.9831 0.0073 
39.4563 16.5000 3561.1295 0.3713 0.1351 -0.6058 2.9589 5.0000 6.1040 0.0061 
39.5176 16.5000 3589.3111 0.3698 0.1297 -0.6100 2.9529 5.0000 5.8878 0.0067 
39.5626 16.5000 3604.0847 0.3728 0.1302 -0.6047 2.9554 5.0000 6.1469 0.0061 
39.5403 16.5000 3598.5311 0.3725 0.1320 -0.6056 2.9514 6.0000 6.2025 0.0072 
39.5648 16.5000 3608.3426 0.3758 0.1352 -0.6006 2.9485 5.0000 5.7914 0.0085 
39.5197 16.5000 3584.6928 0.3747 0.1333 -0.6048 2.9510 5.0000 6.0271 0.0083 
39.4693 16.5000 3568.0994 0.3736 0.1340 -0.6054 2.9536 5.0000 5.8122 0.0066 
39.4790 16.5000 3576.9393 0.3739 0.1319 -0.6046 2.9427 5.0000 5.9971 0.0075 
39.5467 16.5000 3598.0526 0.3733 0.1335 -0.6022 2.9552 5.0000 6.0382 0.0086 
39.5096 16.5000 3589.6087 0.3755 0.1333 -0.6008 2.9549 5.0000 5.8645 0.0085 
39.4660 16.5000 3569.8314 0.3732 0.1327 -0.6028 2.9501 5.0000 5.6698 0.0077 
39.4704 16.5000 3575.9442 0.3722 0.1306 -0.6010 2.9500 5.0000 5.9400 0.0081 
39.5024 16.5000 3584.0104 0.3753 0.1334 -0.6037 2.9554 5.0000 5.7084 0.0083 
39.4877 16.5000 3582.3751 0.3699 0.1317 -0.6005 2.9589 5.0000 5.8160 0.0072 
39.4779 16.5000 3570.1546 0.3715 0.1316 -0.6050 2.9556 5.0000 5.8800 0.0083 
39.5208 16.5000 3593.3897 0.3714 0.1303 -0.6066 2.9523 5.0000 5.7966 0.0077 
39.4765 16.5000 3574.1960 0.3720 0.1312 -0.6065 2.9579 5.0000 5.8053 0.0071 
39.5032 16.5000 3585.3731 0.3714 0.1335 -0.6016 2.9580 5.0000 5.8729 0.0071 
39.5233 16.5000 3590.5296 0.3753 0.1337 -0.6070 2.9570 5.0000 5.9389 0.0074 
39.5262 16.5000 3589.8818 0.3716 0.1294 -0.6051 2.9481 5.0000 6.0160 0.0059 
39.5125 16.5000 3585.2131 0.3731 0.1294 -0.6085 2.9525 5.0000 5.9837 0.0083 
39.5712 16.5000 3610.1946 0.3710 0.1283 -0.6012 2.9478 5.0000 5.7788 0.0081 
39.4787 16.5000 3572.0274 0.3719 0.1300 -0.6078 2.9539 5.0000 5.7693 0.0067 
39.4862 16.5000 3577.7528 0.3730 0.1317 -0.6014 2.9543 5.0000 5.9858 0.0074 
39.5413 16.5000 3600.0764 0.3758 0.1323 -0.6086 2.9518 5.0000 5.9484 0.0085 
39.5122 16.5000 3586.2450 0.3745 0.1330 -0.6059 2.9567 5.0000 5.7300 0.0070 
39.4686 16.5000 3568.8398 0.3751 0.1312 -0.6083 2.9594 5.0000 5.7849 0.0087 
39.5287 16.5000 3596.4810 0.3741 0.1333 -0.6072 2.9450 5.0000 5.6912 0.0072 
39.4628 16.5000 3570.1794 0.3744 0.1320 -0.6088 2.9558 5.0000 5.6179 0.0061 
39.5201 16.5000 3584.9433 0.3716 0.1327 -0.6024 2.9531 5.0000 5.8029 0.0072 
39.5637 16.5000 3613.1865 0.3730 0.1296 -0.6048 2.9483 5.0000 5.8690 0.0074 
39.5201 16.5000 3587.4905 0.3708 0.1318 -0.6028 2.9524 5.0000 6.0271 0.0089 
39.5150 16.5000 3589.2156 0.3750 0.1332 -0.6065 2.9485 5.0000 6.2003 0.0062 
39.4549 16.5000 3560.6568 0.3725 0.1320 -0.6072 2.9649 6.0000 6.2124 0.0078 
39.5601 16.5000 3606.4738 0.3760 0.1340 -0.6013 2.9640 5.0000 6.0100 0.0079 
39.4959 16.5000 3578.4695 0.3762 0.1337 -0.6052 2.9523 5.0000 6.1186 0.0074 
39.4931 16.5000 3579.6289 0.3724 0.1330 -0.6031 2.9514 5.0000 6.0659 0.0085 
39.5122 16.5000 3588.5898 0.3727 0.1316 -0.6022 2.9477 5.0000 5.9181 0.0074 
39.4696 16.5000 3568.0429 0.3812 0.1371 -0.6087 2.9586 5.0000 5.8946 0.0086 
39.5136 16.5000 3588.1121 0.3735 0.1332 -0.6075 2.9574 5.0000 5.7414 0.0086 
39.4653 16.5000 3574.5466 0.3761 0.1306 -0.6086 2.9519 5.0000 5.1611 0.0086 
