39.3792 4.0000 3534.2636 0.5291 0.2220 -0.6519 2.9935 5.0000 3.9601 0.0098 
39.4187 4.0000 3550.8390 0.5301 0.2217 -0.6481 3.0015 6.0000 3.9850 0.0098 
39.3745 4.0000 3540.0408 0.5260 0.2206 -0.6539 3.0022 5.0000 4.0306 0.0123 
39.3232 4.0000 3526.2551 0.5276 0.2200 -0.6453 3.0104 5.0000 3.8090 0.0101 
39.3501 4.0000 3532.2224 0.5300 0.2231 -0.6554 2.9983 5.0000 3.9183 0.0119 
39.4073 4.0000 3564.1698 0.5224 0.2160 -0.6398 2.9850 5.0000 3.8493 0.0119 
39.3363 4.0000 3525.0740 0.5178 0.2125 -0.6486 2.9935 5.0000 4.0449 0.0092 
39.2963 4.0000 3512.7654 0.5210 0.2189 -0.6485 2.9889 5.0000 4.1039 0.0122 
39.4443 4.0000 3567.0374 0.5216 0.2115 -0.6510 2.9898 6.0000 4.1024 0.0122 
39.3279 4.0000 3508.5225 0.5216 0.2169 -0.6392 2.9924 5.0000 4.1170 0.0097 
39.4691 4.0000 3586.2539 0.5319 0.2184 -0.6558 2.9890 6.0000 4.0739 0.0113 
39.4245 4.0000 3559.7940 0.5246 0.2151 -0.6441 2.9880 5.0000 4.0904 0.0113 
39.3594 4.0000 3534.1736 0.5255 0.2197 -0.6431 3.0018 5.0000 4.2307 0.0097 
39.3884 4.0000 3541.0954 0.5246 0.2141 -0.6503 2.9904 5.0000 4.2160 0.0116 
39.4220 4.0000 3554.2346 0.5220 0.2188 -0.6382 2.9867 5.0000 4.3420 0.0109 
39.3501 4.0000 3532.9475 0.5287 0.2156 -0.6554 2.9923 5.0000 3.8755 0.0102 
39.3775 4.0000 3549.0345 0.5251 0.2153 -0.6510 2.9830 5.0000 3.9095 0.0103 
39.4040 4.0000 3551.9311 0.5241 0.2149 -0.6472 2.9863 5.0000 3.9404 0.0106 
39.4006 4.0000 3550.5347 0.5227 0.2164 -0.6487 2.9857 5.0000 3.9781 0.0109 
39.3897 4.0000 3547.3312 0.5220 0.2136 -0.6503 2.9904 5.0000 4.0228 0.0106 
39.3779 4.0000 3544.2249 0.5281 0.2185 -0.6519 2.9983 5.0000 4.0316 0.0116 
39.3876 4.0000 3549.9470 0.5196 0.2106 -0.6536 2.9863 5.0000 4.2332 0.0116 
39.3497 4.0000 3528.8016 0.5265 0.2148 -0.6569 2.9796 5.0000 4.2588 0.0118 
39.3493 4.0000 3526.5792 0.5225 0.2150 -0.6511 2.9832 5.0000 4.3394 0.0094 
39.3417 4.0000 3528.0399 0.5187 0.2140 -0.6365 2.9900 5.0000 4.0890 0.0088 
39.4338 4.0000 3567.3161 0.5177 0.2108 -0.6445 2.9880 5.0000 4.1177 0.0101 
39.4599 4.0000 3575.1707 0.5250 0.2192 -0.6393 2.9842 5.0000 4.1205 0.0096 
39.4065 4.0000 3555.7222 0.5268 0.2187 -0.6491 2.9966 6.0000 3.9309 0.0097 
39.4271 4.0000 3569.1862 0.5279 0.2189 -0.6418 2.9743 5.0000 3.9634 0.0117 
39.4229 4.0000 3575.3001 0.5250 0.2158 -0.6484 3.0017 5.0000 3.9073 0.0090 
39.3451 4.0000 3534.2884 0.5241 0.2173 -0.6569 2.9932 5.0000 4.0517 0.0109 
39.4523 4.0000 3555.6948 0.5227 0.2126 -0.6531 2.9961 5.0000 4.0704 0.0101 
39.3758 4.0000 3544.7982 0.5211 0.2180 -0.6452 2.9953 5.0000 3.9668 0.0104 
39.4065 4.0000 3551.2648 0.5244 0.2149 -0.6427 2.9826 5.0000 3.9705 0.0115 
39.3943 4.0000 3555.5881 0.5263 0.2176 -0.6461 2.9814 5.0000 4.2318 0.0107 
39.3518 4.0000 3532.9950 0.5248 0.2187 -0.6546 2.9939 5.0000 3.9780 0.0088 
39.4586 4.0000 3566.6671 0.5271 0.2146 -0.6511 2.9986 5.0000 4.1368 0.0117 
39.3829 4.0000 3538.3577 0.5297 0.2184 -0.6558 2.9802 5.0000 4.2102 0.0118 
39.3451 4.0000 3517.8222 0.5266 0.2177 -0.6533 2.9991 5.0000 4.2973 0.0099 
39.3413 4.0000 3524.6019 0.5221 0.2174 -0.6532 2.9860 6.0000 3.9650 0.0116 
39.4161 4.0000 3543.3531 0.5269 0.2148 -0.6580 2.9901 5.0000 4.0332 0.0110 
39.3480 4.0000 3535.4166 0.5225 0.2133 -0.6530 2.9905 5.0000 4.1159 0.0103 
39.3712 4.0000 3536.7457 0.5295 0.2212 -0.6494 3.0156 6.0000 4.0397 0.0090 
39.3985 4.0000 3549.1034 0.5192 0.2135 -0.6469 2.9808 5.0000 4.1126 0.0114 
39.4523 4.0000 3575.1299 0.5241 0.2143 -0.6469 2.9901 5.0000 4.1209 0.0093 
39.3577 4.0000 3527.9676 0.5193 0.2151 -0.6497 2.9807 5.0000 4.2735 0.0107 
39.4405 4.0000 3560.8852 0.5236 0.2156 -0.6510 3.0093 5.0000 4.1520 0.0098 
39.3829 4.0000 3526.0361 0.5262 0.2190 -0.6511 3.0024 5.0000 4.1136 0.0102 
39.4178 4.0000 3554.9613 0.5171 0.2141 -0.6482 2.9985 6.0000 4.2034 0.0096 
39.4027 4.0000 3540.5372 0.5256 0.2150 -0.6537 2.9830 5.0000 4.1481 0.0102 
39.4279 4.0000 3557.3796 0.5194 0.2120 -0.6417 2.9862 5.0000 4.2042 0.0114 
39.4023 4.0000 3556.2022 0.5258 0.2165 -0.6491 2.9908 5.0000 4.3301 0.0118 
39.3565 4.0000 3543.4868 0.5313 0.2191 -0.6508 2.9906 5.0000 4.2738 0.0100 
39.3434 4.0000 3536.1169 0.5256 0.2108 -0.6590 2.9843 5.0000 4.3289 0.0090 
39.4132 4.0000 3555.2644 0.5300 0.2178 -0.6530 2.9915 5.0000 4.0371 0.0116 
39.4523 4.0000 3569.1135 0.5285 0.2159 -0.6462 2.9943 5.0000 4.0819 0.0092 
39.3485 4.0000 3532.1782 0.5219 0.2162 -0.6460 2.9909 5.0000 4.1925 0.0104 
39.4422 4.0000 3559.5683 0.5254 0.2163 -0.6475 2.9953 5.0000 3.9995 0.0102 
39.3951 4.0000 3556.6919 0.5207 0.2087 -0.6510 2.9951 5.0000 4.0535 0.0098 
39.4023 4.0000 3552.1311 0.5215 0.2143 -0.6534 2.9829 5.0000 4.0274 0.0098 
39.4203 4.0000 3552.3901 0.5218 0.2147 -0.6492 2.9921 5.0000 4.3554 0.0095 
39.4208 4.0000 3565.3401 0.5316 0.2188 -0.6486 2.9921 5.0000 4.2757 0.0090 
39.4300 4.0000 3560.8684 0.5266 0.2166 -0.6603 2.9758 5.0000 4.2589 0.0107 
39.4506 4.0000 3582.2051 0.5247 0.2151 -0.6466 2.9749 5.0000 4.2228 0.0106 
39.3829 4.0000 3537.2560 0.5237 0.2137 -0.6562 2.9961 5.0000 4.1774 0.0099 
39.3884 4.0000 3554.5935 0.5274 0.2202 -0.6484 2.9969 5.0000 4.2320 0.0133 
39.4174 4.0000 3562.5998 0.5242 0.2142 -0.6475 2.9796 5.0000 4.2218 0.0103 
39.2842 4.0000 3506.4065 0.5271 0.2206 -0.6455 3.0057 5.0000 4.2599 0.0117 
39.4010 4.0000 3551.2480 0.5223 0.2141 -0.6526 2.9928 5.0000 4.2373 0.0112 
39.3443 4.0000 3524.4393 0.5195 0.2172 -0.6483 2.9897 5.0000 4.0583 0.0093 
39.3636 4.0000 3531.6150 0.5221 0.2161 -0.6494 2.9903 5.0000 4.0235 0.0088 
39.4401 4.0000 3563.9117 0.5287 0.2185 -0.6568 2.9822 5.0000 4.1602 0.0112 
39.4586 4.0000 3567.0761 0.5254 0.2103 -0.6527 2.9851 5.0000 4.0962 0.0100 
39.3649 4.0000 3550.8100 0.5305 0.2157 -0.6548 2.9855 5.0000 4.0926 0.0087 
39.4128 4.0000 3534.9996 0.5223 0.2182 -0.6413 2.9864 5.0000 4.0407 0.0097 
39.4632 4.0000 3577.5296 0.5219 0.2119 -0.6544 2.9861 5.0000 4.3126 0.0088 
39.4250 4.0000 3556.1665 0.5245 0.2160 -0.6508 2.9849 5.0000 4.2742 0.0125 
39.4578 4.0000 3569.0101 0.5302 0.2132 -0.6588 2.9854 5.0000 4.2579 0.0114 
39.3144 4.0000 3528.2568 0.5246 0.2139 -0.6531 2.9833 5.0000 4.1261 0.0101 
39.3560 4.0000 3530.5649 0.5199 0.2123 -0.6451 2.9762 5.0000 4.1411 0.0114 
39.4069 4.0000 3555.0071 0.5311 0.2184 -0.6630 2.9947 5.0000 4.1258 0.0104 
39.3569 4.0000 3531.0135 0.5220 0.2189 -0.6387 2.9900 5.0000 4.0062 0.0111 
39.3947 4.0000 3549.4283 0.5287 0.2218 -0.6447 3.0052 5.0000 4.1554 0.0099 
39.3686 4.0000 3533.3195 0.5220 0.2159 -0.6482 2.9912 5.0000 4.1024 0.0100 
39.4161 4.0000 3557.7158 0.5298 0.2182 -0.6525 3.0012 5.0000 4.0406 0.0117 
39.4103 4.0000 3560.0748 0.5240 0.2156 -0.6511 2.9967 5.0000 3.9256 0.0106 
39.3468 4.0000 3535.5242 0.5254 0.2149 -0.6497 2.9997 5.0000 3.9513 0.0096 
39.3892 4.0000 3547.5359 0.5298 0.2158 -0.6521 2.9880 5.0000 4.1689 0.0126 
39.4279 4.0000 3547.8045 0.5254 0.2215 -0.6508 3.0021 5.0000 4.1802 0.0103 
39.3098 4.0000 3511.4826 0.5291 0.2233 -0.6551 2.9973 5.0000 4.1717 0.0123 
39.4006 4.0000 3552.5120 0.5347 0.2215 -0.6571 2.9885 5.0000 4.1915 0.0099 
39.3211 4.0000 3515.6868 0.5293 0.2194 -0.6580 2.9938 5.0000 4.1647 0.0095 
39.4170 4.0000 3554.6759 0.5291 0.2173 -0.6563 2.9891 5.0000 4.1370 0.0108 
39.4296 4.0000 3564.7797 0.5259 0.2144 -0.6446 2.9848 5.0000 4.0754 0.0112 
39.3821 4.0000 3554.6255 0.5250 0.2161 -0.6536 2.9809 5.0000 4.0793 0.0108 
39.3653 4.0000 3540.5914 0.5241 0.2147 -0.6565 3.0017 5.0000 4.0495 0.0104 
39.3800 4.0000 3547.8024 0.5255 0.2158 -0.6444 2.9938 5.0000 3.9767 0.0095 
39.3976 4.0000 3549.6662 0.5287 0.2176 -0.6509 2.9858 5.0000 3.9947 0.0132 
39.4321 4.0000 3560.1921 0.5141 0.2137 -0.6385 3.0079 5.0000 4.1481 0.0132 
39.2884 4.0000 3493.9340 0.5197 0.2165 -0.6478 2.9937 5.0000 3.6802 0.0132 
