39.7396 16.5000 3663.7621 0.1993 0.0555 -0.4501 3.0323 6.0000 33.1753 0.0018 
39.7352 16.5000 3662.7558 0.2038 0.0568 -0.4533 3.0320 6.0000 32.4410 0.0014 
39.7503 16.5000 3668.3197 0.2017 0.0559 -0.4507 3.0332 6.0000 33.2655 0.0018 
39.7338 16.5000 3661.6174 0.2045 0.0562 -0.4564 3.0323 6.0000 33.2106 0.0015 
39.7435 16.5000 3665.6638 0.2046 0.0568 -0.4567 3.0329 6.0000 33.9840 0.0016 
39.7445 16.5000 3665.3745 0.2034 0.0560 -0.4566 3.0337 6.0000 33.8300 0.0016 
39.7433 16.5000 3665.5259 0.2045 0.0563 -0.4553 3.0324 6.0000 33.6052 0.0014 
39.7280 16.5000 3659.8221 0.2060 0.0566 -0.4578 3.0353 6.0000 34.4175 0.0018 
39.7488 16.5000 3667.8985 0.2023 0.0557 -0.4522 3.0325 6.0000 33.9695 0.0018 
39.7332 16.5000 3660.9138 0.2049 0.0562 -0.4577 3.0357 6.0000 34.5149 0.0019 
39.7375 16.5000 3663.4137 0.2054 0.0566 -0.4570 3.0330 6.0000 34.3826 0.0014 
39.7311 16.5000 3661.6201 0.2030 0.0564 -0.4504 3.0329 6.0000 34.4333 0.0019 
39.7505 16.5000 3668.8880 0.2043 0.0561 -0.4574 3.0318 6.0000 35.6755 0.0016 
39.7321 16.5000 3661.5127 0.2037 0.0560 -0.4547 3.0331 6.0000 35.6091 0.0017 
39.7441 16.5000 3665.8685 0.2029 0.0562 -0.4526 3.0346 6.0000 35.5548 0.0017 
39.7379 16.5000 3663.4826 0.2049 0.0567 -0.4566 3.0338 6.0000 35.0672 0.0017 
39.7315 16.5000 3661.8533 0.2038 0.0563 -0.4538 3.0320 6.0000 34.4443 0.0016 
39.7400 16.5000 3664.4317 0.2050 0.0569 -0.4560 3.0348 6.0000 34.8643 0.0015 
39.7406 16.5000 3665.0327 0.2039 0.0568 -0.4555 3.0338 6.0000 33.9987 0.0018 
39.7466 16.5000 3666.8575 0.2038 0.0562 -0.4544 3.0335 6.0000 33.6851 0.0015 
39.7356 16.5000 3663.0534 0.2034 0.0560 -0.4556 3.0338 6.0000 33.4056 0.0016 
39.7464 16.5000 3666.9041 0.2048 0.0567 -0.4561 3.0341 6.0000 33.8024 0.0017 
39.7422 16.5000 3665.9523 0.2046 0.0564 -0.4533 3.0340 6.0000 33.9717 0.0016 
39.7385 16.5000 3664.0384 0.2045 0.0564 -0.4528 3.0322 6.0000 33.2834 0.0016 
39.7429 16.5000 3665.1227 0.2039 0.0565 -0.4550 3.0325 6.0000 34.6184 0.0019 
39.7391 16.5000 3663.6219 0.2052 0.0564 -0.4578 3.0309 6.0000 34.0477 0.0019 
39.7321 16.5000 3661.3124 0.2043 0.0567 -0.4560 3.0324 6.0000 34.1788 0.0019 
39.7528 16.5000 3669.5784 0.2045 0.0567 -0.4544 3.0329 6.0000 34.4053 0.0019 
39.7350 16.5000 3662.4553 0.2036 0.0566 -0.4566 3.0319 6.0000 33.9745 0.0019 
39.7286 16.5000 3660.4369 0.2074 0.0571 -0.4599 3.0338 6.0000 34.0418 0.0019 
39.7381 16.5000 3663.8873 0.2033 0.0565 -0.4555 3.0331 6.0000 33.5826 0.0020 
39.7426 16.5000 3665.4793 0.2032 0.0563 -0.4525 3.0345 6.0000 34.5438 0.0016 
39.7272 16.5000 3659.8531 0.2063 0.0573 -0.4586 3.0353 6.0000 34.4182 0.0016 
39.7412 16.5000 3664.9698 0.2041 0.0573 -0.4547 3.0364 6.0000 33.7422 0.0016 
39.7472 16.5000 3666.8336 0.2036 0.0561 -0.4553 3.0342 6.0000 34.5164 0.0017 
39.7426 16.5000 3664.9095 0.2031 0.0566 -0.4524 3.0362 6.0000 34.5991 0.0017 
39.7375 16.5000 3663.2981 0.2028 0.0563 -0.4525 3.0345 6.0000 33.6846 0.0019 
39.7540 16.5000 3669.6359 0.2046 0.0558 -0.4560 3.0313 6.0000 33.9820 0.0017 
39.7284 16.5000 3660.0510 0.2037 0.0567 -0.4522 3.0339 6.0000 35.0721 0.0018 
39.7391 16.5000 3663.5978 0.2027 0.0557 -0.4560 3.0315 6.0000 34.0147 0.0016 
39.7354 16.5000 3662.5640 0.2046 0.0563 -0.4562 3.0334 6.0000 34.0787 0.0020 
39.7410 16.5000 3664.9797 0.2050 0.0562 -0.4552 3.0321 6.0000 34.5033 0.0015 
39.7257 16.5000 3659.6192 0.2039 0.0568 -0.4531 3.0326 6.0000 34.0089 0.0014 
39.7447 16.5000 3666.7888 0.2040 0.0565 -0.4550 3.0347 6.0000 34.0477 0.0019 
39.7493 16.5000 3667.2593 0.2047 0.0564 -0.4558 3.0315 6.0000 34.0313 0.0017 
39.7305 16.5000 3660.5754 0.2040 0.0563 -0.4532 3.0334 6.0000 34.4882 0.0015 
39.7383 16.5000 3664.4978 0.2036 0.0568 -0.4521 3.0337 6.0000 34.3286 0.0021 
39.7460 16.5000 3666.3863 0.2042 0.0566 -0.4527 3.0357 6.0000 34.4608 0.0019 
39.7237 16.5000 3658.1449 0.2033 0.0562 -0.4526 3.0329 6.0000 34.4829 0.0021 
39.7315 16.5000 3661.3976 0.2031 0.0559 -0.4535 3.0333 6.0000 34.3251 0.0018 
39.7228 16.5000 3657.2127 0.2043 0.0567 -0.4536 3.0335 6.0000 34.4057 0.0015 
39.7360 16.5000 3662.3801 0.2036 0.0564 -0.4548 3.0339 6.0000 34.1199 0.0013 
39.7455 16.5000 3665.3738 0.2061 0.0569 -0.4573 3.0339 6.0000 34.3064 0.0013 
39.7534 16.5000 3669.3815 0.2044 0.0564 -0.4555 3.0325 6.0000 34.2612 0.0015 
39.7528 16.5000 3669.0191 0.2029 0.0559 -0.4536 3.0313 6.0000 34.1654 0.0020 
39.7472 16.5000 3667.3487 0.2033 0.0571 -0.4520 3.0327 5.0000 34.2022 0.0015 
39.7263 16.5000 3659.8991 0.2060 0.0568 -0.4572 3.0335 6.0000 34.6560 0.0015 
39.7453 16.5000 3665.9965 0.2052 0.0567 -0.4555 3.0325 6.0000 34.5389 0.0015 
39.7470 16.5000 3665.6318 0.2045 0.0566 -0.4580 3.0326 6.0000 34.0381 0.0017 
39.7445 16.5000 3666.2051 0.2049 0.0566 -0.4545 3.0350 6.0000 34.2669 0.0017 
39.7387 16.5000 3664.0314 0.2048 0.0564 -0.4575 3.0341 6.0000 34.2477 0.0013 
39.7383 16.5000 3663.6795 0.2046 0.0566 -0.4542 3.0342 6.0000 34.1510 0.0016 
39.7550 16.5000 3670.0165 0.2044 0.0566 -0.4537 3.0348 6.0000 34.3769 0.0018 
39.7429 16.5000 3665.1105 0.2046 0.0570 -0.4556 3.0360 6.0000 33.7600 0.0018 
39.7342 16.5000 3661.5825 0.2037 0.0556 -0.4567 3.0333 6.0000 33.8255 0.0015 
39.7332 16.5000 3661.3718 0.2044 0.0563 -0.4565 3.0318 6.0000 34.2329 0.0015 
39.7453 16.5000 3665.6147 0.2041 0.0564 -0.4573 3.0349 6.0000 33.6652 0.0016 
39.7462 16.5000 3667.2899 0.2027 0.0559 -0.4537 3.0347 6.0000 34.4041 0.0016 
39.7424 16.5000 3665.2622 0.2052 0.0567 -0.4548 3.0365 6.0000 34.3738 0.0016 
39.7422 16.5000 3664.6243 0.2031 0.0570 -0.4510 3.0349 6.0000 33.8968 0.0016 
39.7422 16.5000 3665.2172 0.2045 0.0561 -0.4574 3.0333 6.0000 33.8976 0.0018 
39.7420 16.5000 3664.8298 0.2036 0.0566 -0.4525 3.0349 6.0000 34.1605 0.0019 
39.7334 16.5000 3662.1519 0.2040 0.0569 -0.4530 3.0341 6.0000 34.0689 0.0015 
39.7298 16.5000 3660.7343 0.2038 0.0562 -0.4537 3.0355 6.0000 34.5026 0.0017 
39.7447 16.5000 3667.0544 0.2039 0.0559 -0.4543 3.0330 6.0000 34.5576 0.0016 
39.7391 16.5000 3664.9070 0.2044 0.0565 -0.4556 3.0351 6.0000 33.9139 0.0017 
39.7408 16.5000 3664.0035 0.2023 0.0562 -0.4521 3.0321 6.0000 33.9008 0.0017 
39.7402 16.5000 3664.4513 0.2061 0.0569 -0.4569 3.0341 6.0000 34.1377 0.0019 
39.7393 16.5000 3664.9694 0.2052 0.0560 -0.4567 3.0340 6.0000 34.1014 0.0014 
39.7309 16.5000 3660.5095 0.2042 0.0570 -0.4557 3.0356 6.0000 34.1397 0.0019 
39.7509 16.5000 3667.7131 0.2032 0.0564 -0.4545 3.0345 6.0000 34.3301 0.0018 
39.7313 16.5000 3660.0700 0.2043 0.0562 -0.4551 3.0356 6.0000 34.6924 0.0020 
39.7354 16.5000 3662.8507 0.2053 0.0561 -0.4577 3.0318 6.0000 34.4069 0.0015 
39.7257 16.5000 3658.5597 0.2054 0.0561 -0.4581 3.0344 6.0000 34.2903 0.0016 
39.7455 16.5000 3667.9141 0.2048 0.0561 -0.4561 3.0313 6.0000 33.9651 0.0017 
39.7418 16.5000 3665.0168 0.2050 0.0560 -0.4563 3.0357 6.0000 33.9761 0.0018 
39.7400 16.5000 3663.9278 0.2036 0.0562 -0.4562 3.0335 6.0000 34.2231 0.0014 
39.7354 16.5000 3662.9440 0.2050 0.0565 -0.4569 3.0331 6.0000 33.9603 0.0020 
39.7486 16.5000 3666.8430 0.2055 0.0563 -0.4569 3.0319 6.0000 33.9619 0.0017 
39.7282 16.5000 3659.4172 0.2043 0.0564 -0.4565 3.0362 6.0000 34.0663 0.0021 
39.7365 16.5000 3662.9708 0.2050 0.0563 -0.4593 3.0324 6.0000 33.8741 0.0020 
39.7230 16.5000 3657.5522 0.2064 0.0568 -0.4569 3.0338 6.0000 33.9620 0.0018 
39.7272 16.5000 3660.2411 0.2058 0.0562 -0.4571 3.0321 6.0000 34.0462 0.0018 
39.7362 16.5000 3662.8691 0.2052 0.0568 -0.4573 3.0351 6.0000 33.3765 0.0017 
39.7336 16.5000 3661.2131 0.2038 0.0562 -0.4546 3.0341 6.0000 34.5416 0.0018 
39.7379 16.5000 3664.2433 0.2055 0.0568 -0.4545 3.0346 6.0000 34.2009 0.0015 
39.7354 16.5000 3661.9001 0.2051 0.0565 -0.4570 3.0356 6.0000 34.7100 0.0014 
39.7443 16.5000 3666.1339 0.2042 0.0566 -0.4545 3.0354 6.0000 34.0077 0.0017 
39.7497 16.5000 3667.9660 0.2038 0.0562 -0.4560 3.0328 6.0000 33.7187 0.0017 
39.7396 16.5000 3664.0698 0.2054 0.0563 -0.4566 3.0346 6.0000 25.9571 0.0017 
