39.3770 4.0000 3542.9798 0.5262 0.2182 -0.6481 2.9936 5.0000 3.9893 0.0074 
39.5153 4.0000 3595.7890 0.5293 0.2183 -0.6461 2.9862 5.0000 4.1207 0.0094 
39.3897 4.0000 3544.1618 0.5263 0.2182 -0.6527 2.9891 5.0000 4.0686 0.0094 
39.4363 4.0000 3565.8886 0.5213 0.2162 -0.6423 2.9990 5.0000 4.0560 0.0108 
39.2867 4.0000 3496.4376 0.5229 0.2216 -0.6444 3.0045 5.0000 4.0150 0.0108 
39.3792 4.0000 3548.6553 0.5213 0.2158 -0.6470 2.9959 5.0000 4.0588 0.0100 
39.3586 4.0000 3533.0454 0.5262 0.2171 -0.6529 2.9928 5.0000 3.7962 0.0104 
39.4124 4.0000 3536.6099 0.5167 0.2163 -0.6496 3.0044 5.0000 3.8385 0.0104 
39.3972 4.0000 3551.8979 0.5315 0.2215 -0.6478 2.9916 5.0000 3.7868 0.0104 
39.3976 4.0000 3558.6751 0.5207 0.2154 -0.6437 2.9897 5.0000 3.8463 0.0114 
39.3678 4.0000 3538.7974 0.5271 0.2165 -0.6496 3.0121 5.0000 3.9311 0.0103 
39.3560 4.0000 3532.2358 0.5253 0.2143 -0.6516 3.0021 5.0000 4.0063 0.0117 
39.3989 4.0000 3559.4813 0.5263 0.2168 -0.6512 2.9841 5.0000 4.0620 0.0103 
39.3464 4.0000 3544.5839 0.5322 0.2193 -0.6499 2.9994 5.0000 4.1186 0.0103 
39.4018 4.0000 3544.8499 0.5257 0.2214 -0.6435 3.0024 5.0000 4.1683 0.0100 
39.4002 4.0000 3548.4653 0.5310 0.2190 -0.6533 2.9922 5.0000 4.0274 0.0115 
39.4124 4.0000 3559.8831 0.5267 0.2160 -0.6499 2.9908 5.0000 3.9861 0.0131 
39.3531 4.0000 3528.4893 0.5240 0.2180 -0.6415 3.0131 6.0000 4.0412 0.0114 
39.2905 4.0000 3498.7894 0.5248 0.2204 -0.6480 2.9962 5.0000 3.8353 0.0119 
39.3577 4.0000 3528.7285 0.5254 0.2182 -0.6398 2.9948 5.0000 3.8787 0.0115 
39.3371 4.0000 3535.7364 0.5294 0.2229 -0.6563 3.0157 5.0000 3.8848 0.0104 
39.3518 4.0000 3521.0034 0.5308 0.2216 -0.6525 2.9987 5.0000 4.2507 0.0109 
39.3947 4.0000 3560.7331 0.5344 0.2199 -0.6464 2.9888 5.0000 4.1335 0.0113 
39.3754 4.0000 3551.4813 0.5248 0.2161 -0.6474 3.0031 5.0000 4.1733 0.0108 
39.3611 4.0000 3531.3401 0.5286 0.2199 -0.6545 2.9877 5.0000 4.1207 0.0105 
39.3804 4.0000 3552.1770 0.5305 0.2203 -0.6517 2.9935 5.0000 4.0246 0.0105 
39.3934 4.0000 3555.8075 0.5276 0.2159 -0.6539 2.9938 5.0000 4.0414 0.0096 
39.3594 4.0000 3538.3359 0.5227 0.2149 -0.6451 2.9807 5.0000 4.1647 0.0097 
39.4279 4.0000 3556.6927 0.5282 0.2159 -0.6560 3.0053 5.0000 4.0724 0.0082 
39.4826 4.0000 3576.6162 0.5284 0.2182 -0.6448 2.9886 5.0000 4.1631 0.0123 
39.4229 4.0000 3556.5586 0.5333 0.2200 -0.6548 2.9997 5.0000 3.9324 0.0126 
39.3237 4.0000 3521.0689 0.5284 0.2210 -0.6558 3.0007 6.0000 3.9429 0.0093 
39.3102 4.0000 3519.3296 0.5302 0.2201 -0.6596 3.0094 5.0000 4.0196 0.0085 
39.4384 4.0000 3574.1795 0.5265 0.2185 -0.6424 2.9951 5.0000 3.9903 0.0115 
39.4712 4.0000 3578.9693 0.5243 0.2139 -0.6480 2.9818 5.0000 3.9547 0.0083 
39.3518 4.0000 3535.8878 0.5278 0.2197 -0.6473 2.9954 5.0000 3.9331 0.0094 
39.4792 4.0000 3584.9714 0.5326 0.2158 -0.6499 2.9879 5.0000 4.1933 0.0093 
39.4367 4.0000 3552.6200 0.5291 0.2201 -0.6480 2.9960 5.0000 4.1129 0.0093 
39.4409 4.0000 3569.6461 0.5318 0.2171 -0.6613 3.0029 5.0000 4.1830 0.0102 
39.3380 4.0000 3527.1513 0.5227 0.2156 -0.6471 2.9839 5.0000 4.0462 0.0104 
39.4044 4.0000 3561.1459 0.5255 0.2182 -0.6477 2.9837 5.0000 4.0906 0.0115 
39.3972 4.0000 3549.4372 0.5267 0.2196 -0.6532 2.9941 5.0000 4.1813 0.0120 
39.3527 4.0000 3529.3052 0.5326 0.2210 -0.6572 2.9958 5.0000 4.0886 0.0100 
39.3333 4.0000 3539.2497 0.5277 0.2188 -0.6552 2.9851 5.0000 4.2801 0.0104 
39.4107 4.0000 3557.7827 0.5262 0.2173 -0.6395 2.9970 5.0000 4.2609 0.0093 
39.3947 4.0000 3547.9264 0.5284 0.2181 -0.6488 2.9892 5.0000 3.9128 0.0108 
39.4376 4.0000 3562.8567 0.5247 0.2170 -0.6547 2.9984 5.0000 3.9636 0.0116 
39.3800 4.0000 3542.1345 0.5336 0.2195 -0.6531 2.9845 5.0000 3.9267 0.0115 
39.3485 4.0000 3525.9933 0.5257 0.2198 -0.6525 2.9868 5.0000 3.9824 0.0108 
39.3522 4.0000 3534.9046 0.5324 0.2189 -0.6582 2.9947 5.0000 4.0287 0.0123 
39.3792 4.0000 3549.6944 0.5204 0.2170 -0.6428 2.9978 5.0000 3.9754 0.0105 
39.3237 4.0000 3516.3090 0.5314 0.2220 -0.6508 2.9969 5.0000 4.2137 0.0096 
39.3909 4.0000 3538.6822 0.5318 0.2233 -0.6590 3.0005 5.0000 4.1384 0.0100 
39.4275 4.0000 3556.1232 0.5243 0.2157 -0.6445 2.9938 5.0000 4.1838 0.0096 
39.4107 4.0000 3547.8705 0.5275 0.2205 -0.6451 2.9910 5.0000 4.1462 0.0096 
39.4254 4.0000 3562.0921 0.5306 0.2157 -0.6512 2.9942 5.0000 4.1645 0.0115 
39.4288 4.0000 3557.4174 0.5249 0.2171 -0.6479 2.9975 5.0000 4.1080 0.0102 
39.3539 4.0000 3526.6532 0.5193 0.2124 -0.6477 2.9978 5.0000 3.9490 0.0114 
39.4044 4.0000 3546.8924 0.5248 0.2153 -0.6382 3.0018 5.0000 4.0207 0.0092 
39.3586 4.0000 3535.3993 0.5326 0.2215 -0.6521 2.9949 5.0000 3.9757 0.0105 
39.4435 4.0000 3568.5528 0.5259 0.2147 -0.6467 2.9929 5.0000 4.1962 0.0089 
39.3922 4.0000 3555.8478 0.5312 0.2212 -0.6450 2.9910 5.0000 4.1354 0.0110 
39.4540 4.0000 3568.9529 0.5254 0.2153 -0.6431 2.9864 5.0000 4.0675 0.0110 
39.3728 4.0000 3532.0979 0.5259 0.2174 -0.6525 2.9843 5.0000 4.4157 0.0094 
39.3716 4.0000 3530.7352 0.5247 0.2181 -0.6518 2.9862 5.0000 4.2537 0.0106 
39.4351 4.0000 3569.1555 0.5268 0.2124 -0.6498 2.9851 5.0000 4.2170 0.0099 
39.3867 4.0000 3553.7121 0.5316 0.2199 -0.6534 2.9936 5.0000 4.1439 0.0096 
39.4145 4.0000 3546.6150 0.5250 0.2185 -0.6499 2.9883 5.0000 4.0930 0.0101 
39.4266 4.0000 3571.3733 0.5310 0.2219 -0.6453 2.9907 5.0000 4.0988 0.0108 
39.4069 4.0000 3554.8798 0.5253 0.2166 -0.6378 2.9926 5.0000 4.1788 0.0106 
39.3808 4.0000 3552.7877 0.5190 0.2139 -0.6398 2.9945 5.0000 4.1397 0.0094 
39.3892 4.0000 3545.1265 0.5323 0.2190 -0.6626 2.9880 5.0000 4.1192 0.0124 
39.4338 4.0000 3550.9395 0.5256 0.2191 -0.6529 2.9930 5.0000 3.9321 0.0111 
39.3190 4.0000 3532.0870 0.5305 0.2193 -0.6588 2.9842 5.0000 3.9785 0.0100 
39.3691 4.0000 3545.7650 0.5277 0.2135 -0.6489 2.9969 5.0000 3.9750 0.0091 
39.4124 4.0000 3557.7234 0.5224 0.2147 -0.6507 2.9930 5.0000 4.0570 0.0097 
39.4472 4.0000 3572.0597 0.5250 0.2143 -0.6466 2.9880 5.0000 4.0143 0.0116 
39.4216 4.0000 3555.2480 0.5273 0.2182 -0.6556 2.9910 5.0000 4.0145 0.0107 
39.3489 4.0000 3535.7919 0.5328 0.2195 -0.6544 2.9892 5.0000 4.2165 0.0093 
39.3859 4.0000 3551.5952 0.5200 0.2174 -0.6351 2.9822 5.0000 4.1473 0.0093 
39.4384 4.0000 3570.9706 0.5282 0.2134 -0.6532 2.9793 5.0000 4.1632 0.0104 
39.4309 4.0000 3567.8600 0.5219 0.2146 -0.6509 2.9864 5.0000 4.1759 0.0127 
39.3960 4.0000 3547.5410 0.5269 0.2141 -0.6568 2.9906 5.0000 4.1080 0.0115 
39.3531 4.0000 3531.6566 0.5272 0.2164 -0.6467 2.9872 5.0000 4.0354 0.0103 
39.3064 4.0000 3511.5528 0.5305 0.2172 -0.6525 3.0013 5.0000 4.0236 0.0100 
39.4006 4.0000 3554.5372 0.5304 0.2190 -0.6544 2.9900 5.0000 4.0850 0.0104 
39.4103 4.0000 3539.2530 0.5220 0.2185 -0.6471 2.9899 5.0000 3.9603 0.0104 
39.3947 4.0000 3537.2959 0.5248 0.2215 -0.6358 2.9914 5.0000 4.1215 0.0115 
39.4540 4.0000 3577.5473 0.5291 0.2197 -0.6384 2.9947 5.0000 4.1092 0.0096 
39.3535 4.0000 3535.7835 0.5272 0.2178 -0.6520 2.9907 5.0000 4.0995 0.0096 
39.4288 4.0000 3565.7562 0.5192 0.2128 -0.6438 2.9827 5.0000 4.1494 0.0088 
39.3493 4.0000 3533.4527 0.5267 0.2157 -0.6571 2.9980 5.0000 4.1381 0.0088 
39.4582 4.0000 3569.6675 0.5223 0.2215 -0.6372 2.9958 5.0000 4.0725 0.0088 
39.4082 4.0000 3559.1337 0.5245 0.2174 -0.6560 2.9909 5.0000 4.1997 0.0085 
39.4027 4.0000 3545.9142 0.5267 0.2203 -0.6482 3.0053 5.0000 4.2352 0.0085 
39.4704 4.0000 3580.4586 0.5305 0.2089 -0.6547 2.9756 5.0000 4.1937 0.0085 
39.3325 4.0000 3513.1547 0.5247 0.2167 -0.6511 3.0058 5.0000 4.0731 0.0115 
39.4254 4.0000 3567.5914 0.5243 0.2177 -0.6380 2.9965 5.0000 4.0960 0.0114 
39.3514 4.0000 3526.2022 0.5240 0.2165 -0.6454 2.9892 5.0000 4.0180 0.0115 
39.3565 4.0000 3537.6793 0.5278 0.2170 -0.6491 3.0041 5.0000 3.4400 0.0114 
