39.7541 4.0000 3675.9407 0.1981 0.1264 -0.2439 2.4709 5.0000 0.4179 0.0013 
39.7427 4.0000 3668.8689 0.1990 0.1276 -0.2431 2.4789 5.0000 0.4161 0.0013 
39.7503 4.0000 3676.0908 0.2033 0.1263 -0.2610 2.4772 5.0000 0.4161 0.0013 
39.7541 4.0000 3676.2434 0.2026 0.1265 -0.2510 2.4731 5.0000 0.4707 0.0018 
39.7516 4.0000 3676.1021 0.2043 0.1285 -0.2450 2.4769 5.0000 0.4245 0.0016 
39.7427 4.0000 3669.2648 0.1998 0.1279 -0.2410 2.4769 5.0000 0.5382 0.0013 
39.7339 4.0000 3670.7718 0.2100 0.1272 -0.2718 2.4719 5.0000 0.3958 0.0009 
39.7541 4.0000 3674.2812 0.1994 0.1276 -0.2485 2.4741 5.0000 0.3948 0.0021 
39.7718 4.0000 3682.6608 0.1989 0.1282 -0.2419 2.4744 5.0000 0.3909 0.0015 
39.7226 4.0000 3666.7945 0.2041 0.1294 -0.2536 2.4765 4.0000 0.3785 0.0012 
39.7453 4.0000 3672.6343 0.2109 0.1288 -0.2756 2.4776 5.0000 0.3761 0.0017 
39.7579 4.0000 3676.0555 0.1998 0.1270 -0.2464 2.4728 4.0000 0.3695 0.0018 
39.7377 4.0000 3670.1463 0.1973 0.1265 -0.2418 2.4725 5.0000 0.3669 0.0013 
39.7352 4.0000 3671.5687 0.2052 0.1266 -0.2642 2.4768 5.0000 0.3671 0.0012 
39.7554 4.0000 3674.1148 0.1989 0.1274 -0.2426 2.4770 5.0000 0.3658 0.0012 
39.7591 4.0000 3677.5082 0.1976 0.1282 -0.2244 2.4749 5.0000 0.3660 0.0015 
39.7566 4.0000 3675.4754 0.1935 0.1274 -0.2234 2.4737 5.0000 0.3669 0.0010 
39.7478 4.0000 3672.6230 0.1955 0.1280 -0.2260 2.4742 5.0000 0.3692 0.0008 
39.7654 4.0000 3678.7415 0.2050 0.1287 -0.2547 2.4763 5.0000 0.3926 0.0014 
39.7730 4.0000 3682.2749 0.2037 0.1278 -0.2616 2.4713 5.0000 0.3762 0.0015 
39.7516 4.0000 3673.5284 0.1927 0.1271 -0.2192 2.4764 5.0000 0.3844 0.0014 
39.7478 4.0000 3673.5662 0.1917 0.1268 -0.2213 2.4705 5.0000 0.3652 0.0011 
39.7516 4.0000 3673.6847 0.2001 0.1279 -0.2363 2.4730 5.0000 0.3687 0.0015 
39.7629 4.0000 3677.6431 0.2011 0.1268 -0.2514 2.4742 4.0000 0.3700 0.0013 
39.7478 4.0000 3670.3165 0.1963 0.1274 -0.2313 2.4776 5.0000 0.3675 0.0010 
39.7528 4.0000 3673.9798 0.1962 0.1282 -0.2265 2.4765 5.0000 0.3798 0.0017 
39.7654 4.0000 3680.1009 0.2068 0.1281 -0.2560 2.4730 5.0000 0.3754 0.0014 
39.7377 4.0000 3667.8449 0.1929 0.1282 -0.2185 2.4736 5.0000 0.3886 0.0015 
39.7491 4.0000 3671.6797 0.1986 0.1282 -0.2368 2.4745 5.0000 0.3730 0.0012 
39.7453 4.0000 3670.5536 0.2062 0.1270 -0.2683 2.4745 5.0000 0.3694 0.0011 
39.7579 4.0000 3677.3090 0.2055 0.1279 -0.2551 2.4697 4.0000 0.3882 0.0015 
39.7604 4.0000 3680.2484 0.2025 0.1271 -0.2545 2.4739 5.0000 0.3812 0.0015 
39.7453 4.0000 3669.4779 0.2049 0.1268 -0.2541 2.4731 5.0000 0.3961 0.0014 
39.7465 4.0000 3675.9142 0.1971 0.1280 -0.2322 2.4767 5.0000 0.3921 0.0011 
39.7491 4.0000 3675.6393 0.1995 0.1294 -0.2367 2.4722 5.0000 0.3941 0.0017 
39.7617 4.0000 3678.9950 0.2002 0.1275 -0.2453 2.4721 5.0000 0.3953 0.0011 
39.7390 4.0000 3669.0479 0.1983 0.1289 -0.2335 2.4766 5.0000 0.3743 0.0010 
39.7617 4.0000 3678.5763 0.2019 0.1289 -0.2420 2.4720 5.0000 0.3762 0.0012 
39.7654 4.0000 3680.2837 0.1955 0.1267 -0.2264 2.4728 5.0000 0.3718 0.0010 
39.7566 4.0000 3675.9029 0.1916 0.1260 -0.2180 2.4729 5.0000 0.3652 0.0012 
39.7667 4.0000 3680.9369 0.2019 0.1278 -0.2504 2.4748 5.0000 0.3673 0.0013 
39.7566 4.0000 3677.0202 0.1990 0.1284 -0.2380 2.4732 5.0000 0.3704 0.0012 
39.7541 4.0000 3677.5057 0.2075 0.1291 -0.2613 2.4703 5.0000 0.3743 0.0012 
39.7579 4.0000 3674.6646 0.1963 0.1279 -0.2356 2.4799 5.0000 0.3714 0.0010 
39.7566 4.0000 3676.7213 0.2060 0.1293 -0.2554 2.4756 5.0000 0.3678 0.0016 
39.7680 4.0000 3681.7339 0.2136 0.1297 -0.2703 2.4738 5.0000 0.3658 0.0012 
39.7427 4.0000 3669.8298 0.1989 0.1274 -0.2439 2.4800 5.0000 0.3722 0.0018 
39.7579 4.0000 3676.4035 0.1956 0.1269 -0.2338 2.4746 5.0000 0.3653 0.0013 
39.7352 4.0000 3668.4061 0.2047 0.1270 -0.2630 2.4710 5.0000 0.3698 0.0014 
39.7541 4.0000 3673.5549 0.1983 0.1265 -0.2429 2.4736 5.0000 0.3684 0.0014 
39.7516 4.0000 3673.6217 0.1966 0.1274 -0.2398 2.4733 4.0000 0.3718 0.0019 
39.7503 4.0000 3673.8285 0.2088 0.1285 -0.2588 2.4778 5.0000 0.3835 0.0018 
39.7289 4.0000 3665.7390 0.2034 0.1285 -0.2473 2.4757 5.0000 0.3813 0.0011 
39.7327 4.0000 3668.9773 0.1980 0.1279 -0.2385 2.4755 5.0000 0.3712 0.0020 
39.7617 4.0000 3679.3455 0.2014 0.1285 -0.2332 2.4727 5.0000 0.3732 0.0012 
39.7264 4.0000 3665.8890 0.2022 0.1278 -0.2420 2.4799 5.0000 0.3876 0.0011 
39.7579 4.0000 3672.6406 0.2073 0.1288 -0.2656 2.4743 5.0000 0.3900 0.0015 
39.7604 4.0000 3676.3039 0.2038 0.1281 -0.2572 2.4753 5.0000 0.3856 0.0015 
39.7478 4.0000 3674.9798 0.1963 0.1277 -0.2417 2.4748 5.0000 0.3874 0.0016 
39.7453 4.0000 3672.0101 0.2011 0.1281 -0.2400 2.4786 5.0000 0.3864 0.0015 
39.7427 4.0000 3673.5435 0.1970 0.1274 -0.2368 2.4768 4.0000 0.3786 0.0013 
39.7465 4.0000 3670.2825 0.1979 0.1287 -0.2391 2.4739 5.0000 0.3769 0.0015 
39.7528 4.0000 3675.6482 0.1998 0.1280 -0.2466 2.4730 4.0000 0.3799 0.0013 
39.7453 4.0000 3669.8789 0.1951 0.1274 -0.2356 2.4773 5.0000 0.3694 0.0013 
39.7541 4.0000 3676.1967 0.1969 0.1287 -0.2328 2.4773 5.0000 0.3687 0.0010 
39.7554 4.0000 3673.4590 0.1957 0.1278 -0.2317 2.4742 5.0000 0.3709 0.0018 
39.7667 4.0000 3678.9079 0.1959 0.1266 -0.2240 2.4763 5.0000 0.3691 0.0015 
39.7327 4.0000 3667.0088 0.1975 0.1276 -0.2444 2.4741 5.0000 0.3675 0.0014 
39.7453 4.0000 3674.4578 0.2088 0.1289 -0.2727 2.4799 5.0000 0.3739 0.0016 
39.7503 4.0000 3676.2686 0.2060 0.1289 -0.2498 2.4747 5.0000 0.3695 0.0014 
39.7415 4.0000 3670.5952 0.2010 0.1279 -0.2484 2.4716 5.0000 0.3662 0.0015 
39.7503 4.0000 3674.2863 0.2062 0.1283 -0.2671 2.4743 5.0000 0.3681 0.0012 
39.7478 4.0000 3668.8184 0.1949 0.1277 -0.2234 2.4763 5.0000 0.3678 0.0017 
39.7591 4.0000 3677.1198 0.1971 0.1275 -0.2370 2.4765 5.0000 0.3653 0.0011 
39.7402 4.0000 3671.1362 0.2060 0.1278 -0.2607 2.4746 5.0000 0.3743 0.0014 
39.7617 4.0000 3677.6885 0.1970 0.1272 -0.2323 2.4718 5.0000 0.3838 0.0014 
39.7491 4.0000 3673.7566 0.2002 0.1292 -0.2436 2.4774 5.0000 0.3834 0.0012 
39.7503 4.0000 3670.6305 0.2007 0.1286 -0.2508 2.4785 5.0000 0.3841 0.0009 
39.7579 4.0000 3674.5839 0.2028 0.1276 -0.2450 2.4740 5.0000 0.3756 0.0013 
39.7692 4.0000 3681.7806 0.1992 0.1263 -0.2402 2.4742 5.0000 0.3824 0.0018 
39.7528 4.0000 3674.3834 0.2059 0.1290 -0.2550 2.4733 4.0000 0.3811 0.0014 
39.7339 4.0000 3666.1803 0.2023 0.1282 -0.2410 2.4741 5.0000 0.3930 0.0010 
39.7491 4.0000 3676.7755 0.2056 0.1288 -0.2585 2.4738 5.0000 0.3973 0.0016 
39.7680 4.0000 3681.2043 0.1952 0.1258 -0.2411 2.4720 5.0000 0.4097 0.0013 
39.7415 4.0000 3671.1387 0.2082 0.1288 -0.2735 2.4757 5.0000 0.3926 0.0013 
39.7554 4.0000 3676.9811 0.2067 0.1285 -0.2642 2.4757 4.0000 0.3853 0.0012 
39.7554 4.0000 3673.8991 0.2103 0.1287 -0.2635 2.4715 5.0000 0.3789 0.0016 
39.7566 4.0000 3673.8386 0.1925 0.1264 -0.2241 2.4764 5.0000 0.3695 0.0016 
39.7427 4.0000 3668.9206 0.1968 0.1277 -0.2371 2.4787 5.0000 0.3699 0.0013 
39.7440 4.0000 3675.3354 0.2070 0.1281 -0.2574 2.4740 5.0000 0.3693 0.0015 
39.7554 4.0000 3673.2926 0.2088 0.1272 -0.2707 2.4745 5.0000 0.3768 0.0013 
39.7478 4.0000 3670.1286 0.1967 0.1271 -0.2353 2.4773 5.0000 0.3683 0.0016 
39.7541 4.0000 3677.2459 0.1990 0.1282 -0.2362 2.4762 5.0000 0.3682 0.0017 
39.7415 4.0000 3670.7945 0.1898 0.1270 -0.2138 2.4721 5.0000 0.3652 0.0018 
39.7402 4.0000 3669.3216 0.2021 0.1278 -0.2559 2.4759 5.0000 0.3693 0.0012 
39.7327 4.0000 3669.4855 0.2064 0.1282 -0.2647 2.4775 5.0000 0.3693 0.0011 
39.7579 4.0000 3675.5032 0.2017 0.1287 -0.2456 2.4734 5.0000 0.3733 0.0014 
39.7629 4.0000 3676.8285 0.2052 0.1284 -0.2553 2.4772 5.0000 0.3681 0.0013 
39.7491 4.0000 3674.9912 0.2124 0.1276 -0.2786 2.4751 5.0000 0.3670 0.0013 
39.7554 4.0000 3674.5977 0.1976 0.1284 -0.2392 2.4732 5.0000 0.3661 0.0013 
