39.1747 4.0000 3448.0555 0.3274 0.1325 -0.5771 2.7821 5.0000 1.8115 0.0161 
39.1734 4.0000 3473.0328 0.3272 0.1320 -0.5639 2.7811 5.0000 1.8007 0.0161 
39.3001 4.0000 3499.0265 0.3257 0.1317 -0.5708 2.7762 5.0000 1.7972 0.0161 
39.2831 4.0000 3512.6393 0.3320 0.1342 -0.5683 2.7779 5.0000 1.5414 0.0139 
39.2522 4.0000 3493.9332 0.3337 0.1340 -0.5790 2.7788 5.0000 1.5390 0.0139 
39.2617 4.0000 3499.5397 0.3309 0.1348 -0.5723 2.7826 5.0000 1.5548 0.0139 
39.2989 4.0000 3521.0700 0.3313 0.1333 -0.5697 2.7713 5.0000 1.5653 0.0166 
39.1791 4.0000 3450.4899 0.3300 0.1360 -0.5681 2.7886 5.0000 1.5587 0.0166 
39.1545 4.0000 3448.4899 0.3309 0.1345 -0.5734 2.7825 5.0000 1.5720 0.0166 
39.1488 4.0000 3449.5845 0.3337 0.1350 -0.5794 2.7823 5.0000 1.6285 0.0167 
39.1274 4.0000 3431.7188 0.3314 0.1338 -0.5762 2.7856 5.0000 1.6264 0.0167 
39.1526 4.0000 3451.9357 0.3339 0.1339 -0.5743 2.7813 5.0000 1.6219 0.0167 
39.1627 4.0000 3467.4136 0.3319 0.1340 -0.5701 2.7780 5.0000 1.5437 0.0141 
39.1929 4.0000 3464.3878 0.3333 0.1318 -0.5781 2.7770 5.0000 1.5379 0.0141 
39.2509 4.0000 3491.3663 0.3345 0.1351 -0.5782 2.7765 5.0000 1.5420 0.0141 
39.1929 4.0000 3484.4697 0.3357 0.1349 -0.5718 2.7771 5.0000 1.5794 0.0124 
39.1955 4.0000 3471.0032 0.3325 0.1340 -0.5713 2.7736 5.0000 1.5715 0.0124 
39.3197 4.0000 3520.2339 0.3316 0.1320 -0.5766 2.7806 5.0000 1.5546 0.0124 
39.2818 4.0000 3488.9395 0.3297 0.1357 -0.5687 2.7847 5.0000 1.7520 0.0139 
39.2768 4.0000 3506.7661 0.3343 0.1334 -0.5734 2.7700 5.0000 1.7558 0.0139 
39.2604 4.0000 3491.7774 0.3343 0.1338 -0.5753 2.7816 5.0000 1.7792 0.0139 
39.1841 4.0000 3449.8979 0.3310 0.1338 -0.5811 2.7845 5.0000 1.5332 0.0137 
39.2648 4.0000 3497.4288 0.3310 0.1322 -0.5736 2.7719 5.0000 1.5439 0.0137 
39.2661 4.0000 3476.2238 0.3302 0.1350 -0.5764 2.7785 5.0000 1.5497 0.0167 
39.1520 4.0000 3444.0454 0.3350 0.1335 -0.5830 2.7813 5.0000 1.5293 0.0134 
39.2522 4.0000 3488.5126 0.3319 0.1336 -0.5735 2.7827 5.0000 1.5509 0.0134 
39.2806 4.0000 3494.8499 0.3308 0.1318 -0.5729 2.7783 5.0000 1.5459 0.0146 
39.2339 4.0000 3496.8789 0.3329 0.1356 -0.5702 2.7778 5.0000 1.5938 0.0148 
39.1627 4.0000 3443.2156 0.3310 0.1344 -0.5742 2.7876 5.0000 1.6273 0.0144 
39.2264 4.0000 3476.4754 0.3301 0.1324 -0.5757 2.7898 5.0000 1.6047 0.0144 
39.2415 4.0000 3481.0549 0.3294 0.1340 -0.5670 2.7811 5.0000 1.5989 0.0143 
39.3266 4.0000 3522.2598 0.3357 0.1327 -0.5740 2.7730 5.0000 1.6349 0.0153 
39.2446 4.0000 3478.5120 0.3302 0.1332 -0.5701 2.7797 5.0000 1.6343 0.0153 
39.2043 4.0000 3483.7043 0.3370 0.1354 -0.5751 2.7845 5.0000 1.5376 0.0145 
39.1955 4.0000 3476.4905 0.3339 0.1350 -0.5728 2.7821 5.0000 1.5682 0.0159 
39.2371 4.0000 3477.4306 0.3321 0.1361 -0.5688 2.7842 5.0000 1.5645 0.0159 
39.1841 4.0000 3465.0265 0.3332 0.1349 -0.5747 2.7807 5.0000 1.5784 0.0154 
39.2188 4.0000 3466.0271 0.3300 0.1346 -0.5724 2.7851 5.0000 1.6472 0.0156 
39.2024 4.0000 3451.3953 0.3322 0.1357 -0.5759 2.7890 5.0000 1.6050 0.0156 
39.1942 4.0000 3451.3922 0.3334 0.1346 -0.5698 2.7814 5.0000 1.7235 0.0147 
39.1646 4.0000 3457.3897 0.3309 0.1349 -0.5743 2.7839 5.0000 1.7231 0.0147 
39.2276 4.0000 3476.1841 0.3309 0.1345 -0.5746 2.7802 5.0000 1.7220 0.0147 
39.2308 4.0000 3486.1753 0.3325 0.1348 -0.5745 2.7789 5.0000 1.5385 0.0175 
39.1873 4.0000 3455.7434 0.3315 0.1333 -0.5725 2.7816 5.0000 1.5511 0.0160 
39.1204 4.0000 3429.6677 0.3322 0.1352 -0.5783 2.7855 5.0000 1.5507 0.0160 
39.1784 4.0000 3452.6406 0.3317 0.1346 -0.5776 2.7863 5.0000 1.5751 0.0174 
39.2055 4.0000 3458.3916 0.3326 0.1356 -0.5756 2.7831 5.0000 1.6271 0.0142 
39.1267 4.0000 3431.1917 0.3314 0.1338 -0.5790 2.7821 5.0000 1.5729 0.0142 
39.2497 4.0000 3475.0227 0.3313 0.1365 -0.5726 2.7845 5.0000 1.6507 0.0168 
39.1538 4.0000 3437.7995 0.3301 0.1328 -0.5780 2.7819 5.0000 1.6350 0.0149 
39.1482 4.0000 3437.3991 0.3269 0.1334 -0.5669 2.7846 5.0000 1.6370 0.0149 
39.2201 4.0000 3472.2068 0.3297 0.1347 -0.5657 2.7732 5.0000 1.5534 0.0169 
39.1349 4.0000 3445.3443 0.3302 0.1337 -0.5740 2.7781 5.0000 1.5728 0.0130 
39.1444 4.0000 3440.0895 0.3348 0.1365 -0.5781 2.7881 5.0000 1.5658 0.0130 
39.2957 4.0000 3506.3928 0.3351 0.1353 -0.5726 2.7797 5.0000 1.5425 0.0156 
39.1740 4.0000 3447.9142 0.3286 0.1345 -0.5731 2.7889 5.0000 1.5621 0.0143 
39.1942 4.0000 3475.9124 0.3316 0.1316 -0.5692 2.7784 5.0000 1.5639 0.0143 
39.2427 4.0000 3484.5353 0.3300 0.1335 -0.5717 2.7828 5.0000 1.6025 0.0159 
39.2245 4.0000 3476.4061 0.3340 0.1327 -0.5772 2.7782 5.0000 1.7803 0.0174 
39.1810 4.0000 3470.8916 0.3337 0.1363 -0.5733 2.7782 5.0000 1.7673 0.0174 
39.1267 4.0000 3444.1185 0.3329 0.1328 -0.5725 2.7843 5.0000 1.7209 0.0158 
39.1879 4.0000 3469.5813 0.3330 0.1331 -0.5784 2.7844 5.0000 1.6130 0.0154 
39.1583 4.0000 3448.6444 0.3298 0.1375 -0.5665 2.7955 5.0000 1.5976 0.0154 
39.2018 4.0000 3460.0448 0.3328 0.1340 -0.5768 2.7828 5.0000 1.5610 0.0176 
39.2736 4.0000 3490.4483 0.3340 0.1354 -0.5719 2.7804 5.0000 1.5746 0.0155 
39.1166 4.0000 3429.0958 0.3323 0.1370 -0.5762 2.7855 5.0000 1.5882 0.0155 
39.1986 4.0000 3460.8544 0.3316 0.1359 -0.5729 2.7844 5.0000 1.5800 0.0162 
39.2623 4.0000 3512.0479 0.3331 0.1337 -0.5741 2.7697 5.0000 1.6049 0.0158 
39.1728 4.0000 3463.3701 0.3322 0.1352 -0.5748 2.7804 5.0000 1.6073 0.0158 
39.1879 4.0000 3470.4149 0.3357 0.1363 -0.5721 2.7809 5.0000 1.6154 0.0162 
39.2163 4.0000 3473.1576 0.3325 0.1352 -0.5723 2.7831 5.0000 1.6199 0.0160 
39.1715 4.0000 3453.1406 0.3325 0.1344 -0.5740 2.7879 5.0000 1.6444 0.0134 
39.1784 4.0000 3457.7383 0.3321 0.1350 -0.5695 2.7852 5.0000 1.5523 0.0161 
39.2812 4.0000 3508.0567 0.3296 0.1321 -0.5716 2.7767 5.0000 1.5533 0.0156 
39.1753 4.0000 3450.1248 0.3303 0.1326 -0.5703 2.7773 5.0000 1.5569 0.0115 
39.1936 4.0000 3468.5567 0.3309 0.1324 -0.5740 2.7855 5.0000 1.5778 0.0173 
39.3544 4.0000 3536.7049 0.3346 0.1355 -0.5699 2.7753 5.0000 1.5890 0.0168 
39.1293 4.0000 3431.4842 0.3317 0.1342 -0.5762 2.7867 5.0000 1.5941 0.0152 
39.1463 4.0000 3444.5883 0.3285 0.1327 -0.5728 2.7873 5.0000 1.7313 0.0157 
39.2100 4.0000 3459.0454 0.3336 0.1367 -0.5818 2.7799 5.0000 1.7290 0.0162 
39.1898 4.0000 3461.3178 0.3331 0.1346 -0.5733 2.7839 5.0000 1.7230 0.0138 
39.1721 4.0000 3449.5378 0.3343 0.1341 -0.5800 2.7821 5.0000 1.5572 0.0138 
39.2636 4.0000 3484.2472 0.3283 0.1341 -0.5709 2.7802 5.0000 1.5545 0.0150 
39.2623 4.0000 3493.8632 0.3338 0.1333 -0.5729 2.7728 5.0000 1.5677 0.0142 
39.2163 4.0000 3468.1028 0.3371 0.1385 -0.5793 2.7827 5.0000 1.5519 0.0160 
39.2503 4.0000 3507.3878 0.3336 0.1320 -0.5735 2.7760 5.0000 1.5729 0.0151 
39.1797 4.0000 3470.3216 0.3295 0.1342 -0.5660 2.7778 5.0000 1.5706 0.0116 
39.2131 4.0000 3457.3909 0.3286 0.1334 -0.5726 2.7851 5.0000 1.6709 0.0140 
39.3506 4.0000 3518.9306 0.3330 0.1332 -0.5756 2.7799 5.0000 1.6288 0.0166 
39.2547 4.0000 3491.9464 0.3317 0.1344 -0.5700 2.7809 5.0000 1.6390 0.0157 
39.1545 4.0000 3448.1507 0.3314 0.1327 -0.5753 2.7774 5.0000 1.5515 0.0166 
39.1923 4.0000 3486.0082 0.3311 0.1317 -0.5710 2.7758 5.0000 1.5524 0.0156 
39.1564 4.0000 3440.2957 0.3335 0.1327 -0.5831 2.7839 5.0000 1.5685 0.0155 
39.1936 4.0000 3468.2270 0.3309 0.1340 -0.5700 2.7828 5.0000 1.5532 0.0141 
39.1974 4.0000 3463.6709 0.3306 0.1341 -0.5751 2.7850 5.0000 1.5504 0.0149 
39.2509 4.0000 3475.6658 0.3308 0.1355 -0.5742 2.7833 5.0000 1.5738 0.0157 
39.2219 4.0000 3487.6217 0.3317 0.1327 -0.5724 2.7750 5.0000 1.5834 0.0176 
39.1923 4.0000 3447.3146 0.3298 0.1325 -0.5791 2.7850 5.0000 1.6949 0.0162 
39.1166 4.0000 3432.5776 0.3263 0.1325 -0.5727 2.7837 5.0000 1.7056 0.0162 
39.1696 4.0000 3455.0233 0.3285 0.1348 -0.5662 2.7862 5.0000 1.6449 0.0162 
