39.7221 16.5000 3658.0896 0.2168 0.0635 -0.4679 2.9978 6.0000 15.2975 0.0028 
39.6930 16.5000 3647.6235 0.2167 0.0631 -0.4708 2.9988 6.0000 15.3474 0.0028 
39.7164 16.5000 3654.4815 0.2155 0.0632 -0.4661 3.0007 6.0000 15.8021 0.0024 
39.7086 16.5000 3653.6004 0.2176 0.0629 -0.4709 2.9983 6.0000 15.7212 0.0024 
39.7093 16.5000 3654.2536 0.2146 0.0627 -0.4659 2.9988 5.0000 16.0595 0.0020 
39.7253 16.5000 3659.7615 0.2175 0.0627 -0.4680 2.9985 6.0000 16.2425 0.0020 
39.6983 16.5000 3649.1533 0.2155 0.0631 -0.4699 2.9993 6.0000 15.8645 0.0024 
39.7086 16.5000 3653.2491 0.2152 0.0626 -0.4652 2.9951 6.0000 15.9376 0.0025 
39.7051 16.5000 3652.0913 0.2151 0.0632 -0.4642 2.9949 6.0000 16.0394 0.0024 
39.7093 16.5000 3654.0548 0.2171 0.0628 -0.4649 2.9957 6.0000 16.0317 0.0027 
39.6987 16.5000 3647.3447 0.2163 0.0628 -0.4679 2.9977 5.0000 16.6277 0.0024 
39.6999 16.5000 3650.0525 0.2158 0.0631 -0.4652 2.9991 6.0000 15.8948 0.0027 
39.7090 16.5000 3653.3422 0.2150 0.0628 -0.4669 2.9977 6.0000 16.2438 0.0019 
39.7285 16.5000 3661.8368 0.2154 0.0626 -0.4651 2.9954 5.0000 16.3060 0.0025 
39.7056 16.5000 3652.6610 0.2156 0.0630 -0.4697 2.9969 6.0000 17.0563 0.0020 
39.7049 16.5000 3652.2316 0.2156 0.0622 -0.4649 2.9972 6.0000 16.1673 0.0025 
39.7251 16.5000 3659.4046 0.2166 0.0627 -0.4679 2.9966 6.0000 16.3388 0.0027 
39.6969 16.5000 3650.0041 0.2132 0.0621 -0.4655 2.9992 5.0000 17.0709 0.0027 
39.6967 16.5000 3649.6813 0.2158 0.0626 -0.4672 2.9958 5.0000 16.1505 0.0024 
39.7120 16.5000 3655.5646 0.2146 0.0619 -0.4652 2.9934 6.0000 16.7006 0.0025 
39.7054 16.5000 3652.9861 0.2170 0.0626 -0.4683 2.9954 6.0000 15.8661 0.0025 
39.7054 16.5000 3651.8019 0.2157 0.0628 -0.4658 2.9946 6.0000 16.6976 0.0025 
39.7056 16.5000 3651.3028 0.2168 0.0624 -0.4685 2.9977 5.0000 16.2332 0.0022 
39.7166 16.5000 3656.5005 0.2146 0.0620 -0.4675 2.9986 5.0000 16.6400 0.0026 
39.7035 16.5000 3651.2507 0.2155 0.0620 -0.4658 2.9971 5.0000 16.3437 0.0025 
39.7051 16.5000 3651.7418 0.2160 0.0620 -0.4656 2.9954 6.0000 16.8912 0.0024 
39.7093 16.5000 3653.8407 0.2152 0.0627 -0.4659 2.9976 6.0000 16.3063 0.0021 
39.7207 16.5000 3658.3297 0.2167 0.0622 -0.4671 2.9961 5.0000 16.6655 0.0023 
39.7125 16.5000 3655.0077 0.2154 0.0638 -0.4648 2.9983 5.0000 16.6804 0.0024 
39.7118 16.5000 3653.4357 0.2162 0.0629 -0.4680 2.9996 6.0000 16.4248 0.0023 
39.7134 16.5000 3655.3181 0.2167 0.0630 -0.4670 2.9983 6.0000 16.4242 0.0023 
39.7134 16.5000 3655.5857 0.2144 0.0623 -0.4655 2.9941 5.0000 16.5085 0.0029 
39.6921 16.5000 3644.7325 0.2151 0.0633 -0.4657 2.9990 6.0000 16.5011 0.0024 
39.7116 16.5000 3654.9430 0.2178 0.0626 -0.4671 2.9982 6.0000 16.1233 0.0027 
39.6967 16.5000 3648.7610 0.2158 0.0625 -0.4671 2.9960 6.0000 16.3574 0.0024 
39.7109 16.5000 3653.8221 0.2142 0.0625 -0.4660 2.9949 6.0000 16.4193 0.0028 
39.6932 16.5000 3648.7708 0.2146 0.0621 -0.4666 2.9977 6.0000 16.0832 0.0025 
39.7061 16.5000 3652.8839 0.2165 0.0625 -0.4669 2.9945 6.0000 16.5508 0.0024 
39.7095 16.5000 3653.7473 0.2160 0.0631 -0.4686 2.9976 6.0000 16.6509 0.0027 
39.6980 16.5000 3650.6411 0.2164 0.0618 -0.4665 2.9973 5.0000 16.6040 0.0025 
39.7074 16.5000 3653.3830 0.2163 0.0625 -0.4672 2.9983 6.0000 16.6422 0.0027 
39.6985 16.5000 3650.8048 0.2150 0.0624 -0.4674 2.9953 5.0000 16.3088 0.0026 
39.7022 16.5000 3650.4157 0.2164 0.0634 -0.4691 2.9978 6.0000 15.8152 0.0023 
39.7132 16.5000 3654.9809 0.2165 0.0631 -0.4647 2.9964 6.0000 16.1057 0.0026 
39.7019 16.5000 3651.3406 0.2153 0.0625 -0.4670 2.9954 6.0000 16.2984 0.0021 
39.7207 16.5000 3657.8755 0.2166 0.0630 -0.4649 2.9976 6.0000 16.4633 0.0026 
39.7015 16.5000 3651.4678 0.2155 0.0621 -0.4676 2.9978 6.0000 16.9697 0.0027 
39.6980 16.5000 3647.4449 0.2158 0.0622 -0.4697 2.9965 6.0000 16.4451 0.0020 
39.7281 16.5000 3660.2988 0.2176 0.0628 -0.4706 2.9959 6.0000 16.0621 0.0026 
39.7010 16.5000 3650.1250 0.2141 0.0627 -0.4662 2.9946 6.0000 17.2765 0.0023 
39.7159 16.5000 3657.2441 0.2165 0.0620 -0.4666 2.9951 6.0000 16.3943 0.0022 
39.7203 16.5000 3656.8245 0.2160 0.0625 -0.4645 2.9963 6.0000 16.2991 0.0023 
39.7141 16.5000 3656.5865 0.2141 0.0629 -0.4628 2.9975 5.0000 17.0955 0.0018 
39.7359 16.5000 3663.5889 0.2168 0.0628 -0.4674 2.9977 6.0000 15.9806 0.0024 
39.7123 16.5000 3654.9944 0.2160 0.0621 -0.4669 2.9948 5.0000 16.7135 0.0025 
39.7074 16.5000 3652.2884 0.2151 0.0627 -0.4664 2.9981 6.0000 16.5299 0.0023 
39.7150 16.5000 3655.8501 0.2134 0.0625 -0.4662 2.9975 6.0000 16.1021 0.0029 
39.6893 16.5000 3646.7245 0.2168 0.0637 -0.4686 3.0009 6.0000 17.1655 0.0021 
39.7233 16.5000 3659.9805 0.2169 0.0629 -0.4689 2.9970 5.0000 16.2689 0.0022 
39.7166 16.5000 3655.7677 0.2158 0.0626 -0.4693 2.9962 6.0000 16.4200 0.0026 
39.7042 16.5000 3651.6900 0.2144 0.0618 -0.4654 2.9946 6.0000 16.5485 0.0025 
39.7074 16.5000 3653.5834 0.2160 0.0624 -0.4682 2.9965 6.0000 16.6854 0.0024 
39.7109 16.5000 3654.3272 0.2152 0.0622 -0.4663 2.9977 5.0000 16.4566 0.0025 
39.7056 16.5000 3650.7958 0.2149 0.0628 -0.4648 2.9986 6.0000 16.8064 0.0023 
39.7145 16.5000 3655.8732 0.2157 0.0618 -0.4682 2.9975 6.0000 16.9211 0.0025 
39.7047 16.5000 3653.2466 0.2160 0.0632 -0.4648 2.9980 5.0000 17.0687 0.0026 
39.7012 16.5000 3651.2656 0.2159 0.0624 -0.4657 2.9964 6.0000 17.6328 0.0021 
39.7210 16.5000 3659.4325 0.2158 0.0624 -0.4673 2.9941 5.0000 16.8433 0.0024 
39.7111 16.5000 3653.5935 0.2160 0.0626 -0.4670 2.9961 6.0000 16.8857 0.0026 
39.7040 16.5000 3651.6767 0.2136 0.0616 -0.4652 2.9934 6.0000 16.6520 0.0023 
39.7150 16.5000 3656.3609 0.2162 0.0627 -0.4690 2.9986 6.0000 16.5350 0.0021 
39.7219 16.5000 3654.6346 0.2153 0.0628 -0.4640 2.9993 6.0000 16.6314 0.0024 
39.7100 16.5000 3653.9308 0.2162 0.0628 -0.4655 2.9989 6.0000 16.9993 0.0026 
39.7012 16.5000 3647.4974 0.2166 0.0624 -0.4712 2.9967 6.0000 16.4198 0.0024 
39.7095 16.5000 3654.2648 0.2164 0.0625 -0.4667 2.9982 5.0000 17.0765 0.0026 
39.7026 16.5000 3651.6139 0.2162 0.0627 -0.4676 2.9973 6.0000 16.5390 0.0023 
39.7136 16.5000 3655.3225 0.2170 0.0634 -0.4667 2.9975 6.0000 16.6004 0.0024 
39.7107 16.5000 3653.8053 0.2150 0.0619 -0.4670 2.9984 6.0000 16.3771 0.0025 
39.7081 16.5000 3652.1795 0.2176 0.0631 -0.4662 2.9945 6.0000 16.8645 0.0024 
39.7100 16.5000 3654.3187 0.2154 0.0628 -0.4668 2.9983 6.0000 16.4774 0.0021 
39.7212 16.5000 3656.6748 0.2161 0.0634 -0.4668 2.9971 6.0000 16.7455 0.0020 
39.7269 16.5000 3660.4285 0.2166 0.0624 -0.4651 2.9935 6.0000 16.6580 0.0023 
39.7152 16.5000 3655.6680 0.2157 0.0630 -0.4659 3.0000 6.0000 16.7357 0.0025 
39.7072 16.5000 3653.3094 0.2162 0.0626 -0.4675 2.9982 6.0000 16.7074 0.0022 
39.7196 16.5000 3655.7742 0.2158 0.0631 -0.4668 2.9944 6.0000 16.6893 0.0026 
39.7008 16.5000 3650.5716 0.2157 0.0624 -0.4671 2.9986 6.0000 16.3755 0.0024 
39.7093 16.5000 3654.4120 0.2165 0.0624 -0.4675 2.9957 5.0000 16.8484 0.0024 
39.7116 16.5000 3654.4512 0.2142 0.0619 -0.4640 2.9967 6.0000 16.6493 0.0025 
39.7049 16.5000 3651.7214 0.2158 0.0626 -0.4668 3.0012 6.0000 16.0283 0.0029 
39.6923 16.5000 3646.7848 0.2164 0.0629 -0.4679 2.9981 6.0000 16.6245 0.0023 
39.7155 16.5000 3656.3201 0.2161 0.0631 -0.4666 2.9953 6.0000 16.4766 0.0023 
39.7127 16.5000 3655.4140 0.2164 0.0624 -0.4686 2.9996 6.0000 16.4130 0.0021 
39.7235 16.5000 3657.8769 0.2150 0.0626 -0.4659 2.9982 5.0000 17.3530 0.0020 
39.7249 16.5000 3659.3287 0.2157 0.0627 -0.4666 2.9965 6.0000 16.1789 0.0025 
39.7051 16.5000 3653.4456 0.2167 0.0626 -0.4675 2.9977 6.0000 16.2864 0.0023 
39.7129 16.5000 3655.2163 0.2153 0.0629 -0.4665 2.9959 5.0000 16.3876 0.0024 
39.7097 16.5000 3655.1824 0.2180 0.0628 -0.4700 2.9950 6.0000 17.0548 0.0022 
39.7191 16.5000 3656.3240 0.2173 0.0633 -0.4677 2.9984 6.0000 16.1522 0.0024 
39.7120 16.5000 3655.0460 0.2132 0.0615 -0.4668 2.9948 6.0000 17.1130 0.0025 
39.7070 16.5000 3653.3479 0.2166 0.0629 -0.4685 3.0006 6.0000 16.0743 0.0025 
