39.4747 16.5000 3571.5615 0.4696 0.1822 -0.6382 3.0039 5.0000 5.6686 0.0083 
39.4668 16.5000 3568.2273 0.4708 0.1807 -0.6396 3.0079 5.0000 5.4695 0.0087 
39.4635 16.5000 3564.3099 0.4787 0.1837 -0.6479 3.0139 5.0000 5.5664 0.0095 
39.4322 16.5000 3559.8663 0.4743 0.1814 -0.6401 2.9963 5.0000 5.5505 0.0093 
39.4765 16.5000 3589.0409 0.4770 0.1843 -0.6277 3.0039 5.0000 5.5768 0.0081 
39.4405 16.5000 3561.3882 0.4736 0.1806 -0.6430 3.0104 5.0000 5.6479 0.0077 
39.4859 16.5000 3576.7044 0.4805 0.1845 -0.6431 3.0136 5.0000 5.5821 0.0094 
39.5032 16.5000 3588.8049 0.4743 0.1837 -0.6372 2.9995 5.0000 5.5528 0.0083 
39.4351 16.5000 3559.9798 0.4765 0.1845 -0.6448 2.9993 5.0000 5.7665 0.0092 
39.4787 16.5000 3576.4136 0.4716 0.1812 -0.6464 3.0099 5.0000 5.7280 0.0076 
39.4419 16.5000 3563.1479 0.4759 0.1827 -0.6450 3.0033 5.0000 5.7536 0.0103 
39.5053 16.5000 3586.7890 0.4762 0.1802 -0.6401 3.0025 5.0000 5.7336 0.0076 
39.4015 16.5000 3550.6345 0.4735 0.1805 -0.6490 3.0106 5.0000 5.8149 0.0079 
39.5060 16.5000 3589.9651 0.4801 0.1841 -0.6465 3.0073 5.0000 5.9136 0.0083 
39.4923 16.5000 3583.2048 0.4834 0.1882 -0.6440 3.0090 5.0000 5.9074 0.0078 
39.4797 16.5000 3574.0068 0.4754 0.1796 -0.6429 3.0008 5.0000 6.0295 0.0071 
39.4985 16.5000 3578.8435 0.4828 0.1879 -0.6456 3.0196 5.0000 6.0890 0.0077 
39.5255 16.5000 3592.7206 0.4753 0.1818 -0.6392 2.9926 5.0000 6.0716 0.0108 
39.4999 16.5000 3584.0238 0.4775 0.1816 -0.6367 3.0005 5.0000 6.0472 0.0095 
39.3821 16.5000 3548.5444 0.4696 0.1794 -0.6333 3.0094 6.0000 6.1221 0.0090 
39.4315 16.5000 3545.1648 0.4743 0.1846 -0.6438 3.0166 5.0000 6.0551 0.0095 
39.4513 16.5000 3555.5709 0.4733 0.1829 -0.6460 3.0042 5.0000 6.0911 0.0095 
39.4311 16.5000 3558.1996 0.4779 0.1869 -0.6385 3.0064 5.0000 6.0120 0.0074 
39.4311 16.5000 3544.6856 0.4785 0.1875 -0.6408 3.0283 5.0000 5.9904 0.0095 
39.5129 16.5000 3587.5467 0.4768 0.1822 -0.6483 3.0048 6.0000 6.0053 0.0089 
39.4311 16.5000 3542.8485 0.4691 0.1827 -0.6430 3.0109 5.0000 6.1676 0.0082 
39.4545 16.5000 3569.1220 0.4741 0.1814 -0.6401 3.0013 5.0000 6.2166 0.0083 
39.4812 16.5000 3586.4014 0.4736 0.1809 -0.6379 3.0088 5.0000 6.1602 0.0076 
39.4783 16.5000 3576.4954 0.4752 0.1823 -0.6475 3.0061 5.0000 6.0674 0.0073 
39.5071 16.5000 3597.3403 0.4805 0.1853 -0.6404 3.0092 5.0000 6.1357 0.0080 
39.5183 16.5000 3593.6584 0.4720 0.1815 -0.6360 2.9954 5.0000 6.0300 0.0076 
39.4895 16.5000 3572.7887 0.4728 0.1814 -0.6458 3.0052 5.0000 6.1356 0.0074 
39.5064 16.5000 3586.9660 0.4701 0.1783 -0.6374 3.0013 5.0000 5.9114 0.0070 
39.5143 16.5000 3592.8265 0.4765 0.1818 -0.6483 3.0000 5.0000 6.0285 0.0077 
39.5302 16.5000 3593.3691 0.4727 0.1809 -0.6398 3.0067 5.0000 6.0971 0.0075 
39.5028 16.5000 3580.7191 0.4710 0.1799 -0.6429 3.0136 5.0000 6.2314 0.0081 
39.5093 16.5000 3591.9067 0.4758 0.1806 -0.6434 3.0094 5.0000 6.1371 0.0089 
39.4866 16.5000 3578.6046 0.4717 0.1809 -0.6415 3.0109 6.0000 6.1342 0.0092 
39.4549 16.5000 3563.2949 0.4719 0.1842 -0.6384 2.9989 5.0000 6.1617 0.0091 
39.4423 16.5000 3571.6923 0.4763 0.1817 -0.6478 2.9998 6.0000 5.9934 0.0083 
39.4484 16.5000 3559.9420 0.4747 0.1807 -0.6476 3.0090 5.0000 5.9096 0.0075 
39.4787 16.5000 3569.5597 0.4692 0.1801 -0.6364 2.9956 5.0000 5.9452 0.0083 
39.5114 16.5000 3589.4624 0.4784 0.1818 -0.6471 3.0009 6.0000 5.9509 0.0086 
39.4787 16.5000 3569.9870 0.4759 0.1840 -0.6447 3.0081 5.0000 5.9927 0.0099 
39.4678 16.5000 3568.3823 0.4804 0.1842 -0.6489 3.0084 5.0000 5.9760 0.0073 
39.4149 16.5000 3542.9562 0.4781 0.1845 -0.6485 3.0063 5.0000 6.0263 0.0064 
39.5168 16.5000 3592.6420 0.4723 0.1775 -0.6404 3.0005 6.0000 5.8421 0.0074 
39.5540 16.5000 3602.0368 0.4750 0.1815 -0.6352 3.0012 5.0000 5.9874 0.0086 
39.5140 16.5000 3592.7354 0.4746 0.1810 -0.6417 3.0060 5.0000 5.7594 0.0085 
39.4650 16.5000 3573.4841 0.4776 0.1848 -0.6438 3.0105 5.0000 5.8604 0.0079 
39.4686 16.5000 3578.5531 0.4752 0.1808 -0.6434 2.9963 5.0000 5.8975 0.0074 
39.4952 16.5000 3581.4329 0.4789 0.1840 -0.6368 2.9988 5.0000 6.0922 0.0076 
39.5147 16.5000 3587.0715 0.4839 0.1855 -0.6494 3.0035 5.0000 6.0909 0.0091 
39.5068 16.5000 3585.0726 0.4816 0.1864 -0.6500 3.0098 5.0000 6.1068 0.0075 
39.4462 16.5000 3562.2861 0.4816 0.1850 -0.6435 2.9982 5.0000 5.9263 0.0076 
39.5100 16.5000 3585.5449 0.4760 0.1799 -0.6453 3.0078 5.0000 5.9508 0.0082 
39.5050 16.5000 3586.8881 0.4727 0.1795 -0.6380 3.0025 5.0000 6.0355 0.0084 
39.4812 16.5000 3578.1380 0.4755 0.1808 -0.6429 3.0034 5.0000 5.7517 0.0070 
39.4725 16.5000 3569.6019 0.4761 0.1865 -0.6394 3.0115 5.0000 5.7023 0.0085 
39.5273 16.5000 3599.7813 0.4809 0.1821 -0.6451 3.0038 6.0000 5.8445 0.0077 
39.4704 16.5000 3566.5296 0.4802 0.1856 -0.6445 3.0061 5.0000 6.0341 0.0087 
39.5032 16.5000 3574.0569 0.4735 0.1804 -0.6398 3.0041 5.0000 5.9478 0.0078 
39.4628 16.5000 3570.1726 0.4745 0.1805 -0.6423 3.0077 5.0000 6.0391 0.0085 
39.4985 16.5000 3578.4288 0.4721 0.1832 -0.6345 3.0037 5.0000 5.7930 0.0093 
39.4686 16.5000 3576.4669 0.4691 0.1813 -0.6370 3.0065 5.0000 5.6885 0.0088 
39.4397 16.5000 3566.6464 0.4700 0.1834 -0.6313 3.0033 5.0000 5.7869 0.0072 
39.4592 16.5000 3570.7145 0.4779 0.1847 -0.6447 3.0080 5.0000 6.2286 0.0069 
39.5212 16.5000 3593.9207 0.4802 0.1871 -0.6404 3.0130 5.0000 6.0442 0.0069 
39.5338 16.5000 3604.8319 0.4781 0.1797 -0.6417 2.9990 5.0000 6.1106 0.0072 
39.5168 16.5000 3586.6132 0.4749 0.1810 -0.6431 3.0067 5.0000 6.0138 0.0085 
39.5197 16.5000 3600.7573 0.4756 0.1817 -0.6405 3.0062 5.0000 5.9533 0.0085 
39.4718 16.5000 3571.6202 0.4727 0.1821 -0.6357 3.0048 5.0000 6.0335 0.0087 
39.5262 16.5000 3598.2407 0.4780 0.1827 -0.6445 3.0079 5.0000 6.1022 0.0079 
39.4628 16.5000 3566.4669 0.4761 0.1822 -0.6444 3.0034 5.0000 6.1314 0.0069 
39.4949 16.5000 3585.6015 0.4760 0.1840 -0.6402 3.0120 5.0000 6.1194 0.0090 
39.5331 16.5000 3595.1702 0.4666 0.1762 -0.6399 3.0020 6.0000 5.9967 0.0084 
39.4524 16.5000 3561.6174 0.4710 0.1802 -0.6382 2.9978 5.0000 6.1267 0.0075 
39.4747 16.5000 3579.5550 0.4757 0.1854 -0.6407 3.0038 5.0000 6.0010 0.0076 
39.5089 16.5000 3593.8494 0.4731 0.1798 -0.6437 2.9994 5.0000 6.0153 0.0079 
39.5071 16.5000 3593.4289 0.4743 0.1817 -0.6378 2.9980 5.0000 6.1361 0.0089 
39.4945 16.5000 3580.9829 0.4754 0.1809 -0.6405 3.0024 5.0000 6.1145 0.0079 
39.4563 16.5000 3573.2391 0.4728 0.1817 -0.6366 3.0074 5.0000 5.8276 0.0072 
39.4956 16.5000 3582.2536 0.4760 0.1828 -0.6386 2.9980 5.0000 5.9536 0.0086 
39.5208 16.5000 3590.2295 0.4785 0.1824 -0.6449 3.0042 5.0000 6.0207 0.0075 
39.4682 16.5000 3572.4540 0.4730 0.1795 -0.6410 2.9974 5.0000 5.9266 0.0079 
39.5111 16.5000 3585.7856 0.4749 0.1808 -0.6442 3.0093 5.0000 6.0804 0.0064 
39.4920 16.5000 3584.8557 0.4709 0.1786 -0.6438 3.0076 5.0000 6.0781 0.0083 
39.5518 16.5000 3598.2508 0.4713 0.1810 -0.6398 3.0166 5.0000 6.2056 0.0080 
39.4797 16.5000 3572.6860 0.4805 0.1846 -0.6476 3.0094 5.0000 6.1522 0.0075 
39.4909 16.5000 3588.0984 0.4737 0.1816 -0.6419 3.0044 5.0000 6.1729 0.0100 
39.5111 16.5000 3583.6199 0.4743 0.1816 -0.6499 3.0030 5.0000 5.7532 0.0086 
39.4098 16.5000 3547.3929 0.4777 0.1826 -0.6475 2.9987 5.0000 5.8595 0.0091 
39.4678 16.5000 3567.9229 0.4744 0.1786 -0.6451 3.0072 5.0000 5.9385 0.0092 
39.4487 16.5000 3564.0234 0.4760 0.1836 -0.6421 3.0019 5.0000 6.0326 0.0079 
39.4441 16.5000 3561.9024 0.4717 0.1816 -0.6351 2.9990 5.0000 5.9551 0.0072 
39.4934 16.5000 3588.5714 0.4793 0.1828 -0.6452 3.0009 5.0000 6.0285 0.0084 
39.5194 16.5000 3589.9679 0.4700 0.1816 -0.6377 3.0013 5.0000 6.0747 0.0088 
39.4747 16.5000 3576.8979 0.4728 0.1819 -0.6395 2.9971 6.0000 6.0107 0.0104 
39.4578 16.5000 3569.5467 0.4776 0.1845 -0.6386 3.0001 5.0000 5.8918 0.0104 
39.3947 16.5000 3544.3567 0.4740 0.1824 -0.6369 2.9997 5.0000 4.8607 0.0104 
