39.2686 16.5000 3504.2023 0.3602 0.1374 -0.5964 2.8514 5.0000 2.8151 0.0123 
39.3226 16.5000 3524.4575 0.3586 0.1395 -0.5938 2.8609 5.0000 2.8239 0.0123 
39.3549 16.5000 3540.3097 0.3568 0.1363 -0.5906 2.8543 5.0000 2.7703 0.0123 
39.2499 16.5000 3493.0265 0.3608 0.1377 -0.6021 2.8537 5.0000 2.4581 0.0093 
39.2565 16.5000 3495.7897 0.3613 0.1386 -0.6040 2.8588 5.0000 2.5235 0.0123 
39.4396 16.5000 3556.3576 0.3624 0.1364 -0.6041 2.8475 5.0000 2.5208 0.0123 
39.3226 16.5000 3508.2250 0.3571 0.1357 -0.5976 2.8521 5.0000 2.7708 0.0111 
39.3458 16.5000 3531.9924 0.3612 0.1378 -0.5975 2.8513 5.0000 2.7843 0.0122 
39.3675 16.5000 3535.6873 0.3585 0.1379 -0.5972 2.8544 5.0000 2.8502 0.0113 
39.3256 16.5000 3516.3309 0.3602 0.1379 -0.5969 2.8556 5.0000 2.5731 0.0114 
39.3604 16.5000 3531.0235 0.3593 0.1352 -0.5956 2.8537 5.0000 2.5356 0.0130 
39.3554 16.5000 3528.0893 0.3605 0.1380 -0.5957 2.8567 5.0000 2.5697 0.0107 
39.2938 16.5000 3503.3997 0.3622 0.1393 -0.6001 2.8631 5.0000 2.6927 0.0111 
39.3826 16.5000 3540.2628 0.3627 0.1408 -0.5997 2.8624 5.0000 2.6458 0.0111 
39.3700 16.5000 3534.5004 0.3591 0.1385 -0.5959 2.8515 5.0000 2.7246 0.0115 
39.3034 16.5000 3512.0383 0.3591 0.1379 -0.6004 2.8550 5.0000 2.5022 0.0116 
39.3533 16.5000 3524.6588 0.3619 0.1393 -0.6008 2.8546 5.0000 2.4909 0.0116 
39.3478 16.5000 3517.3301 0.3585 0.1357 -0.6019 2.8547 5.0000 2.5348 0.0113 
39.3584 16.5000 3529.8209 0.3597 0.1376 -0.5979 2.8593 5.0000 2.8206 0.0118 
39.3604 16.5000 3540.3264 0.3610 0.1352 -0.5961 2.8492 5.0000 2.8371 0.0118 
39.3397 16.5000 3521.9470 0.3573 0.1365 -0.5979 2.8576 5.0000 2.7810 0.0123 
39.3266 16.5000 3526.3516 0.3623 0.1379 -0.6022 2.8571 5.0000 2.5075 0.0105 
39.3221 16.5000 3521.1596 0.3605 0.1365 -0.6007 2.8572 5.0000 2.5108 0.0105 
39.3922 16.5000 3540.6789 0.3590 0.1368 -0.5999 2.8560 5.0000 2.5535 0.0099 
39.3367 16.5000 3533.3770 0.3598 0.1370 -0.5961 2.8550 5.0000 2.6340 0.0099 
39.4139 16.5000 3558.9342 0.3573 0.1358 -0.5911 2.8534 5.0000 2.6281 0.0099 
39.4164 16.5000 3558.7642 0.3594 0.1341 -0.5953 2.8563 5.0000 2.6800 0.0109 
39.3508 16.5000 3528.6739 0.3593 0.1350 -0.5986 2.8510 5.0000 2.5326 0.0108 
39.3755 16.5000 3539.0663 0.3606 0.1388 -0.5919 2.8527 5.0000 2.5273 0.0108 
39.3821 16.5000 3528.4772 0.3563 0.1357 -0.6021 2.8586 5.0000 2.5606 0.0107 
39.3337 16.5000 3504.7087 0.3585 0.1372 -0.5977 2.8564 5.0000 2.7405 0.0092 
39.3826 16.5000 3544.5811 0.3586 0.1353 -0.6016 2.8507 5.0000 2.7693 0.0103 
39.4416 16.5000 3566.9458 0.3625 0.1362 -0.5912 2.8472 5.0000 2.7089 0.0120 
39.4003 16.5000 3549.9238 0.3577 0.1345 -0.5986 2.8490 5.0000 2.5521 0.0111 
39.3352 16.5000 3515.8961 0.3629 0.1394 -0.6004 2.8652 5.0000 2.5481 0.0104 
39.3695 16.5000 3536.3723 0.3547 0.1376 -0.5928 2.8526 5.0000 2.5605 0.0121 
39.3942 16.5000 3543.7564 0.3639 0.1388 -0.6003 2.8558 5.0000 2.6629 0.0114 
39.3291 16.5000 3520.7359 0.3570 0.1360 -0.5945 2.8535 5.0000 2.7179 0.0082 
39.3564 16.5000 3527.4805 0.3611 0.1380 -0.5984 2.8558 5.0000 2.6484 0.0095 
39.4805 16.5000 3579.4366 0.3609 0.1340 -0.6005 2.8459 5.0000 2.5230 0.0120 
39.4305 16.5000 3550.0131 0.3575 0.1363 -0.5954 2.8543 5.0000 2.5468 0.0105 
39.3357 16.5000 3521.5607 0.3584 0.1378 -0.6008 2.8564 5.0000 2.5386 0.0133 
39.3912 16.5000 3535.6237 0.3591 0.1378 -0.6016 2.8608 5.0000 2.7608 0.0113 
39.2852 16.5000 3497.5627 0.3620 0.1389 -0.6018 2.8603 5.0000 2.7110 0.0131 
39.3594 16.5000 3530.4908 0.3612 0.1371 -0.6009 2.8513 5.0000 2.7340 0.0114 
39.2903 16.5000 3506.6396 0.3598 0.1368 -0.5979 2.8529 5.0000 2.4872 0.0113 
39.3584 16.5000 3534.9347 0.3576 0.1365 -0.5950 2.8524 5.0000 2.4921 0.0128 
39.3604 16.5000 3535.4850 0.3605 0.1354 -0.5992 2.8465 5.0000 2.5483 0.0112 
39.3014 16.5000 3496.3551 0.3572 0.1375 -0.6000 2.8573 5.0000 2.6182 0.0130 
39.3634 16.5000 3541.3750 0.3582 0.1359 -0.5976 2.8474 5.0000 2.6369 0.0115 
39.2933 16.5000 3515.1168 0.3598 0.1355 -0.5973 2.8484 5.0000 2.6555 0.0119 
39.3549 16.5000 3533.7503 0.3592 0.1369 -0.5978 2.8529 5.0000 2.4761 0.0113 
39.3367 16.5000 3531.0270 0.3604 0.1343 -0.6039 2.8494 5.0000 2.4804 0.0099 
39.3619 16.5000 3536.5175 0.3577 0.1394 -0.5962 2.8553 5.0000 2.4788 0.0123 
39.4164 16.5000 3554.1544 0.3656 0.1379 -0.6039 2.8523 5.0000 2.7697 0.0123 
39.3206 16.5000 3513.0784 0.3571 0.1368 -0.6001 2.8506 5.0000 2.7694 0.0110 
39.3226 16.5000 3517.9561 0.3610 0.1384 -0.5982 2.8543 5.0000 2.7627 0.0137 
39.3745 16.5000 3534.4812 0.3627 0.1392 -0.6028 2.8544 5.0000 2.5183 0.0117 
39.2681 16.5000 3490.7475 0.3578 0.1346 -0.6032 2.8497 5.0000 2.5197 0.0119 
39.3438 16.5000 3523.7594 0.3579 0.1384 -0.5973 2.8617 5.0000 2.5529 0.0132 
39.3392 16.5000 3529.3367 0.3607 0.1372 -0.6021 2.8558 5.0000 2.7265 0.0133 
39.2878 16.5000 3501.0633 0.3594 0.1386 -0.6023 2.8631 5.0000 2.7283 0.0135 
39.2827 16.5000 3519.6747 0.3621 0.1371 -0.5994 2.8524 5.0000 2.7146 0.0115 
39.2752 16.5000 3503.1354 0.3588 0.1357 -0.6017 2.8510 5.0000 2.5568 0.0109 
39.3523 16.5000 3524.4661 0.3583 0.1362 -0.5995 2.8617 5.0000 2.5738 0.0127 
39.3770 16.5000 3542.3163 0.3580 0.1386 -0.5944 2.8544 5.0000 2.5600 0.0114 
39.3069 16.5000 3515.1475 0.3630 0.1352 -0.6062 2.8540 5.0000 2.8527 0.0121 
39.3569 16.5000 3519.9788 0.3607 0.1376 -0.5962 2.8533 5.0000 2.7703 0.0121 
39.3306 16.5000 3519.5617 0.3628 0.1360 -0.6047 2.8446 5.0000 2.8054 0.0122 
39.3609 16.5000 3521.7180 0.3587 0.1355 -0.5961 2.8530 5.0000 2.5156 0.0118 
39.3241 16.5000 3506.7364 0.3619 0.1383 -0.5959 2.8563 5.0000 2.4991 0.0118 
39.3402 16.5000 3525.3660 0.3623 0.1396 -0.5979 2.8580 5.0000 2.5575 0.0121 
39.3216 16.5000 3511.4386 0.3595 0.1393 -0.6016 2.8624 5.0000 2.6898 0.0125 
39.3311 16.5000 3522.6230 0.3613 0.1357 -0.6012 2.8514 5.0000 2.6523 0.0125 
39.3150 16.5000 3504.1972 0.3596 0.1362 -0.5993 2.8602 5.0000 2.6527 0.0120 
39.3332 16.5000 3507.4406 0.3554 0.1350 -0.6023 2.8500 5.0000 2.5459 0.0124 
39.3498 16.5000 3523.6721 0.3578 0.1346 -0.5973 2.8483 5.0000 2.5442 0.0124 
39.3165 16.5000 3519.3130 0.3596 0.1391 -0.5969 2.8507 5.0000 2.5756 0.0116 
39.3503 16.5000 3529.7180 0.3595 0.1389 -0.5911 2.8584 5.0000 2.8001 0.0113 
39.4189 16.5000 3555.2832 0.3655 0.1369 -0.6028 2.8555 5.0000 2.8011 0.0113 
39.3599 16.5000 3521.5460 0.3578 0.1364 -0.5999 2.8600 5.0000 2.7038 0.0120 
39.2958 16.5000 3509.1546 0.3611 0.1376 -0.5978 2.8589 5.0000 2.5084 0.0123 
39.3337 16.5000 3524.7057 0.3550 0.1376 -0.5929 2.8616 5.0000 2.5280 0.0123 
39.3236 16.5000 3527.0305 0.3585 0.1359 -0.5957 2.8470 5.0000 2.5689 0.0110 
39.3881 16.5000 3543.3861 0.3583 0.1361 -0.6046 2.8482 5.0000 2.6969 0.0109 
39.3715 16.5000 3531.8678 0.3623 0.1382 -0.6044 2.8494 5.0000 2.6912 0.0109 
39.3765 16.5000 3531.4441 0.3583 0.1347 -0.5944 2.8511 5.0000 2.6887 0.0106 
39.3624 16.5000 3539.8093 0.3632 0.1377 -0.6012 2.8561 5.0000 2.5526 0.0132 
39.3892 16.5000 3536.4126 0.3628 0.1392 -0.6045 2.8539 5.0000 2.5512 0.0132 
39.2878 16.5000 3504.7364 0.3592 0.1347 -0.5990 2.8573 5.0000 2.6183 0.0120 
39.3649 16.5000 3525.4794 0.3598 0.1376 -0.6003 2.8536 5.0000 2.7483 0.0110 
39.3352 16.5000 3522.4358 0.3621 0.1368 -0.6012 2.8535 5.0000 2.7166 0.0110 
39.3745 16.5000 3518.6830 0.3590 0.1366 -0.6040 2.8584 5.0000 2.7731 0.0107 
39.2842 16.5000 3500.0671 0.3630 0.1367 -0.6046 2.8525 5.0000 2.4834 0.0114 
39.3851 16.5000 3540.7480 0.3582 0.1386 -0.5929 2.8511 5.0000 2.4873 0.0114 
39.3554 16.5000 3517.4346 0.3591 0.1368 -0.5993 2.8570 5.0000 2.4590 0.0092 
39.3090 16.5000 3511.8986 0.3622 0.1392 -0.6002 2.8606 5.0000 2.6868 0.0128 
39.4431 16.5000 3567.7412 0.3623 0.1366 -0.6006 2.8508 5.0000 2.7599 0.0115 
39.3034 16.5000 3518.9619 0.3622 0.1363 -0.5978 2.8532 5.0000 2.6988 0.0115 
39.3533 16.5000 3521.5203 0.3615 0.1378 -0.6023 2.8543 5.0000 2.3556 0.0115 
