38.5637 4.0000 3272.8172 0.4603 0.2268 -0.6296 2.6175 5.0000 0.4355 0.0356 
38.4565 4.0000 3216.6847 0.4560 0.2279 -0.6223 2.6285 5.0000 0.4457 0.0356 
38.4376 4.0000 3226.0895 0.4695 0.2358 -0.6440 2.6477 5.0000 0.4355 0.0356 
38.6129 4.0000 3291.2144 0.4626 0.2285 -0.6342 2.6235 5.0000 0.4061 0.0319 
38.5069 4.0000 3256.3064 0.4692 0.2267 -0.6525 2.6222 5.0000 0.4070 0.0319 
38.5750 4.0000 3320.3670 0.4613 0.2258 -0.6214 2.6162 5.0000 0.4214 0.0331 
38.5322 4.0000 3260.3657 0.4522 0.2278 -0.6191 2.6270 5.0000 0.3968 0.0354 
38.6557 4.0000 3342.3695 0.4694 0.2258 -0.6322 2.6007 5.0000 0.3915 0.0354 
38.4439 4.0000 3221.2799 0.4648 0.2302 -0.6447 2.6254 5.0000 0.4047 0.0394 
38.6255 4.0000 3282.9433 0.4631 0.2255 -0.6407 2.6170 5.0000 0.3923 0.0346 
38.2951 4.0000 3212.6595 0.4608 0.2255 -0.6256 2.6217 5.0000 0.3826 0.0346 
38.4741 4.0000 3225.9433 0.4676 0.2296 -0.6455 2.6258 5.0000 0.3825 0.0334 
38.6053 4.0000 3282.8991 0.4635 0.2302 -0.6404 2.6339 5.0000 0.4050 0.0342 
38.5183 4.0000 3261.3153 0.4513 0.2248 -0.6184 2.6302 5.0000 0.3964 0.0342 
38.4893 4.0000 3251.3985 0.4602 0.2295 -0.6195 2.6256 5.0000 0.4064 0.0316 
38.3203 4.0000 3168.0731 0.4537 0.2292 -0.6309 2.6449 5.0000 0.3762 0.0280 
38.5876 4.0000 3338.1261 0.4551 0.2253 -0.6153 2.6148 5.0000 0.3758 0.0280 
38.7213 4.0000 3388.5284 0.4628 0.2222 -0.6234 2.5981 5.0000 0.3725 0.0297 
38.7226 4.0000 3347.5599 0.4627 0.2279 -0.6261 2.6200 5.0000 0.3893 0.0352 
38.6583 4.0000 3316.5675 0.4696 0.2313 -0.6314 2.6169 5.0000 0.3923 0.0352 
38.4515 4.0000 3240.4830 0.4623 0.2293 -0.6317 2.6404 5.0000 0.3918 0.0292 
38.5359 4.0000 3307.1980 0.4594 0.2247 -0.6289 2.6193 5.0000 0.3777 0.0293 
38.6747 4.0000 3310.9042 0.4601 0.2299 -0.6239 2.6333 5.0000 0.3776 0.0293 
38.6734 4.0000 3291.0643 0.4604 0.2252 -0.6292 2.6130 5.0000 0.3760 0.0334 
38.3707 4.0000 3196.5485 0.4523 0.2259 -0.6353 2.6330 5.0000 0.3774 0.0384 
38.5195 4.0000 3273.7024 0.4591 0.2264 -0.6224 2.6104 5.0000 0.3797 0.0384 
38.3354 4.0000 3192.1148 0.4625 0.2322 -0.6304 2.6248 5.0000 0.3751 0.0331 
38.5259 4.0000 3273.1967 0.4619 0.2338 -0.6127 2.6341 5.0000 0.3968 0.0379 
38.5296 4.0000 3246.6835 0.4597 0.2284 -0.6387 2.6231 5.0000 0.3894 0.0379 
38.3518 4.0000 3221.9319 0.4619 0.2285 -0.6371 2.6374 5.0000 0.3827 0.0379 
38.5826 4.0000 3281.7781 0.4597 0.2275 -0.6204 2.6246 5.0000 0.4035 0.0307 
38.5170 4.0000 3284.7503 0.4607 0.2243 -0.6273 2.6132 5.0000 0.3950 0.0307 
38.6217 4.0000 3299.4729 0.4517 0.2227 -0.6228 2.6235 5.0000 0.4030 0.0330 
38.5044 4.0000 3248.4187 0.4537 0.2299 -0.6137 2.6313 5.0000 0.3965 0.0305 
38.5334 4.0000 3259.9887 0.4544 0.2221 -0.6248 2.6255 5.0000 0.3993 0.0305 
38.6293 4.0000 3291.1791 0.4653 0.2277 -0.6358 2.6220 5.0000 0.3951 0.0390 
38.3115 4.0000 3171.5246 0.4599 0.2331 -0.6284 2.6423 5.0000 0.3867 0.0321 
38.4716 4.0000 3243.4615 0.4585 0.2259 -0.6361 2.6207 5.0000 0.3759 0.0321 
38.5675 4.0000 3296.6040 0.4606 0.2269 -0.6252 2.6183 5.0000 0.3883 0.0351 
38.7680 4.0000 3334.8209 0.4529 0.2237 -0.6192 2.6180 5.0000 0.3790 0.0330 
38.4565 4.0000 3231.5675 0.4559 0.2290 -0.6194 2.6292 5.0000 0.3785 0.0330 
38.5359 4.0000 3278.0391 0.4606 0.2256 -0.6298 2.6137 5.0000 0.3755 0.0341 
38.4931 4.0000 3245.4704 0.4559 0.2288 -0.6262 2.6308 5.0000 0.3791 0.0341 
38.4426 4.0000 3231.5145 0.4561 0.2242 -0.6261 2.6149 5.0000 0.3830 0.0341 
38.4931 4.0000 3253.4023 0.4611 0.2316 -0.6206 2.6265 5.0000 0.3764 0.0295 
38.6633 4.0000 3347.5372 0.4645 0.2254 -0.6170 2.6161 5.0000 0.3757 0.0341 
38.5813 4.0000 3314.4161 0.4650 0.2238 -0.6318 2.6085 5.0000 0.3775 0.0341 
38.4918 4.0000 3239.6192 0.4572 0.2298 -0.6322 2.6299 5.0000 0.3782 0.0374 
38.5385 4.0000 3261.6179 0.4589 0.2281 -0.6330 2.6226 5.0000 0.3779 0.0334 
38.3695 4.0000 3219.4527 0.4662 0.2266 -0.6447 2.6381 5.0000 0.3739 0.0334 
38.5183 4.0000 3270.9004 0.4674 0.2279 -0.6324 2.6278 5.0000 0.3791 0.0337 
38.5069 4.0000 3279.7680 0.4606 0.2273 -0.6245 2.6186 5.0000 0.3978 0.0339 
38.4502 4.0000 3211.3834 0.4509 0.2246 -0.6372 2.6267 5.0000 0.3917 0.0339 
38.4994 4.0000 3305.7781 0.4638 0.2291 -0.6170 2.6284 5.0000 0.3948 0.0311 
38.5939 4.0000 3263.1702 0.4641 0.2307 -0.6400 2.6301 5.0000 0.4023 0.0316 
38.6040 4.0000 3286.2573 0.4460 0.2234 -0.6116 2.6258 5.0000 0.3985 0.0316 
38.5876 4.0000 3290.4830 0.4668 0.2335 -0.6299 2.6184 5.0000 0.3908 0.0316 
38.5939 4.0000 3319.9622 0.4539 0.2318 -0.5982 2.6240 5.0000 0.4057 0.0330 
38.4641 4.0000 3246.0883 0.4578 0.2260 -0.6320 2.6230 5.0000 0.3977 0.0330 
38.5334 4.0000 3300.8499 0.4595 0.2268 -0.6265 2.6233 5.0000 0.3973 0.0330 
38.2850 4.0000 3194.9811 0.4623 0.2330 -0.6294 2.6419 5.0000 0.3915 0.0384 
38.4691 4.0000 3246.9105 0.4622 0.2267 -0.6350 2.6180 5.0000 0.3867 0.0384 
38.3342 4.0000 3173.6129 0.4613 0.2294 -0.6329 2.6350 5.0000 0.3933 0.0384 
38.5069 4.0000 3243.9168 0.4587 0.2291 -0.6283 2.6245 5.0000 0.3816 0.0339 
38.4338 4.0000 3218.9029 0.4629 0.2359 -0.6092 2.6352 5.0000 0.3815 0.0339 
38.5006 4.0000 3240.6658 0.4686 0.2315 -0.6291 2.6267 5.0000 0.3774 0.0339 
38.4729 4.0000 3215.2106 0.4529 0.2277 -0.6268 2.6406 5.0000 0.3786 0.0359 
38.4515 4.0000 3234.7591 0.4596 0.2266 -0.6421 2.6334 5.0000 0.3808 0.0359 
38.4262 4.0000 3225.4351 0.4684 0.2279 -0.6581 2.6290 5.0000 0.3797 0.0359 
38.4805 4.0000 3241.7201 0.4671 0.2323 -0.6286 2.6456 5.0000 0.3797 0.0265 
38.5195 4.0000 3247.8172 0.4627 0.2289 -0.6377 2.6230 5.0000 0.3816 0.0265 
38.7768 4.0000 3332.3001 0.4614 0.2253 -0.6291 2.6226 5.0000 0.3823 0.0265 
38.5511 4.0000 3302.8752 0.4596 0.2255 -0.6180 2.6223 5.0000 0.3822 0.0326 
38.6570 4.0000 3321.8600 0.4694 0.2302 -0.6265 2.6236 5.0000 0.3789 0.0326 
38.5498 4.0000 3322.7881 0.4686 0.2208 -0.6376 2.6151 5.0000 0.3776 0.0326 
38.5435 4.0000 3268.8676 0.4529 0.2247 -0.6184 2.6274 5.0000 0.4001 0.0352 
38.3657 4.0000 3242.9546 0.4594 0.2252 -0.6212 2.6203 5.0000 0.3963 0.0352 
38.4527 4.0000 3260.7453 0.4514 0.2252 -0.6153 2.6192 5.0000 0.3901 0.0352 
38.3367 4.0000 3183.3480 0.4610 0.2268 -0.6317 2.6241 5.0000 0.4051 0.0351 
38.8033 4.0000 3350.6646 0.4687 0.2276 -0.6393 2.6144 5.0000 0.3918 0.0351 
38.4578 4.0000 3270.8651 0.4656 0.2260 -0.6333 2.6230 5.0000 0.4018 0.0351 
38.6040 4.0000 3297.3064 0.4533 0.2229 -0.6280 2.6213 5.0000 0.4028 0.0370 
38.5712 4.0000 3287.3695 0.4673 0.2275 -0.6379 2.6174 5.0000 0.3987 0.0370 
38.3846 4.0000 3228.9155 0.4565 0.2222 -0.6406 2.6186 5.0000 0.4089 0.0335 
38.5170 4.0000 3246.9193 0.4529 0.2239 -0.6371 2.6265 5.0000 0.3864 0.0344 
38.6078 4.0000 3301.7390 0.4618 0.2224 -0.6328 2.6117 5.0000 0.3845 0.0344 
38.4817 4.0000 3246.5574 0.4605 0.2263 -0.6290 2.6271 5.0000 0.3862 0.0309 
38.6116 4.0000 3292.4805 0.4579 0.2228 -0.6332 2.6266 5.0000 0.4458 0.0327 
38.3821 4.0000 3231.5422 0.4626 0.2314 -0.6144 2.6325 5.0000 0.5039 0.0290 
38.5435 4.0000 3277.5334 0.4625 0.2284 -0.6275 2.6299 5.0000 0.5706 0.0362 
38.6822 4.0000 3358.1047 0.4629 0.2244 -0.6228 2.6105 5.0000 0.3934 0.0355 
38.4136 4.0000 3226.1576 0.4583 0.2265 -0.6227 2.6271 5.0000 0.4073 0.0271 
38.4401 4.0000 3242.4943 0.4630 0.2283 -0.6347 2.6351 5.0000 0.3797 0.0325 
38.7554 4.0000 3358.0353 0.4767 0.2297 -0.6451 2.6263 5.0000 0.3802 0.0315 
38.5536 4.0000 3274.5322 0.4582 0.2269 -0.6273 2.6287 5.0000 0.3776 0.0319 
38.5902 4.0000 3310.5069 0.4676 0.2272 -0.6330 2.6236 5.0000 0.3802 0.0345 
38.5738 4.0000 3281.4464 0.4564 0.2287 -0.6127 2.6157 5.0000 0.3865 0.0367 
38.4767 4.0000 3254.6154 0.4593 0.2295 -0.6254 2.6322 5.0000 0.3864 0.0286 
38.3972 4.0000 3217.9584 0.4546 0.2225 -0.6269 2.6189 5.0000 0.3913 0.0286 
38.6974 4.0000 3293.3758 0.4565 0.2300 -0.6173 2.6248 5.0000 0.4174 0.0286 
