39.6272 4.0000 3629.7609 0.4236 0.1457 -0.6218 3.0722 6.0000 12.0045 0.0046 
39.6235 4.0000 3627.3823 0.4236 0.1484 -0.6214 3.0669 6.0000 12.0353 0.0046 
39.6230 4.0000 3626.9435 0.4280 0.1491 -0.6221 3.0756 6.0000 12.7613 0.0056 
39.5849 4.0000 3614.1649 0.4274 0.1463 -0.6309 3.0733 5.0000 12.6097 0.0056 
39.6083 4.0000 3619.2469 0.4291 0.1481 -0.6265 3.0708 5.0000 12.7896 0.0039 
39.6129 4.0000 3620.0676 0.4287 0.1467 -0.6304 3.0714 6.0000 12.4481 0.0049 
39.6512 4.0000 3639.2580 0.4320 0.1500 -0.6277 3.0788 5.0000 12.4860 0.0057 
39.5806 4.0000 3610.2552 0.4308 0.1513 -0.6237 3.0764 6.0000 12.5872 0.0052 
39.5990 4.0000 3615.5902 0.4275 0.1506 -0.6221 3.0787 6.0000 12.6401 0.0052 
39.5992 4.0000 3619.0820 0.4252 0.1486 -0.6205 3.0767 6.0000 12.8869 0.0050 
39.6081 4.0000 3619.2272 0.4288 0.1495 -0.6211 3.0747 6.0000 12.6402 0.0052 
39.5982 4.0000 3617.2827 0.4290 0.1493 -0.6248 3.0797 6.0000 13.0548 0.0048 
39.6151 4.0000 3622.3233 0.4283 0.1505 -0.6294 3.0745 6.0000 12.9577 0.0053 
39.5962 4.0000 3616.4903 0.4287 0.1515 -0.6229 3.0797 6.0000 13.0368 0.0039 
39.6497 4.0000 3636.9090 0.4260 0.1476 -0.6235 3.0685 6.0000 12.8719 0.0053 
39.5965 4.0000 3621.1798 0.4289 0.1501 -0.6238 3.0761 6.0000 13.0737 0.0044 
39.6333 4.0000 3628.0456 0.4274 0.1515 -0.6216 3.0761 6.0000 13.2302 0.0049 
39.6106 4.0000 3619.0320 0.4288 0.1479 -0.6274 3.0740 5.0000 13.2986 0.0040 
39.6487 4.0000 3636.6830 0.4258 0.1470 -0.6272 3.0722 6.0000 13.0970 0.0057 
39.5811 4.0000 3614.9339 0.4278 0.1492 -0.6232 3.0786 6.0000 13.4924 0.0056 
39.5849 4.0000 3615.6784 0.4255 0.1468 -0.6244 3.0776 6.0000 13.2954 0.0056 
39.5836 4.0000 3607.6212 0.4295 0.1508 -0.6162 3.0812 6.0000 13.2543 0.0057 
39.5816 4.0000 3609.9849 0.4316 0.1524 -0.6215 3.0805 6.0000 13.0863 0.0050 
39.6093 4.0000 3618.2880 0.4315 0.1504 -0.6337 3.0698 6.0000 13.6979 0.0050 
39.6058 4.0000 3617.5188 0.4298 0.1502 -0.6213 3.0824 6.0000 13.2232 0.0043 
39.6358 4.0000 3631.4161 0.4240 0.1479 -0.6177 3.0727 5.0000 13.4693 0.0041 
39.6419 4.0000 3631.5965 0.4285 0.1491 -0.6300 3.0830 6.0000 13.4123 0.0050 
39.6093 4.0000 3619.8779 0.4296 0.1503 -0.6235 3.0781 6.0000 13.1949 0.0046 
39.6222 4.0000 3630.2242 0.4271 0.1486 -0.6227 3.0782 6.0000 13.0126 0.0050 
39.6063 4.0000 3624.6509 0.4238 0.1464 -0.6189 3.0760 5.0000 13.1878 0.0046 
39.6235 4.0000 3629.9314 0.4269 0.1479 -0.6244 3.0782 5.0000 13.3813 0.0049 
39.6131 4.0000 3623.4212 0.4296 0.1492 -0.6253 3.0777 6.0000 13.7550 0.0043 
39.6335 4.0000 3628.2048 0.4287 0.1498 -0.6270 3.0841 6.0000 13.1970 0.0045 
39.6277 4.0000 3628.6497 0.4270 0.1475 -0.6264 3.0728 6.0000 13.5899 0.0055 
39.5889 4.0000 3612.2913 0.4312 0.1497 -0.6320 3.0755 6.0000 13.1686 0.0042 
39.6409 4.0000 3632.5566 0.4306 0.1519 -0.6211 3.0748 6.0000 13.5208 0.0055 
39.5892 4.0000 3613.9821 0.4264 0.1495 -0.6262 3.0754 6.0000 13.0514 0.0054 
39.5934 4.0000 3615.3251 0.4293 0.1486 -0.6267 3.0740 6.0000 13.2765 0.0050 
39.6083 4.0000 3622.6426 0.4315 0.1491 -0.6232 3.0754 6.0000 13.0071 0.0038 
39.6535 4.0000 3635.8625 0.4260 0.1474 -0.6223 3.0685 6.0000 13.5207 0.0048 
39.6146 4.0000 3622.1849 0.4312 0.1527 -0.6244 3.0815 6.0000 13.0337 0.0052 
39.6018 4.0000 3619.7122 0.4280 0.1490 -0.6255 3.0754 6.0000 13.3314 0.0048 
39.6154 4.0000 3625.1632 0.4259 0.1465 -0.6236 3.0732 6.0000 12.8959 0.0056 
39.5831 4.0000 3611.1607 0.4269 0.1494 -0.6208 3.0752 5.0000 13.3911 0.0046 
39.6232 4.0000 3625.2550 0.4279 0.1501 -0.6232 3.0818 6.0000 13.1373 0.0037 
39.6575 4.0000 3638.7700 0.4281 0.1475 -0.6293 3.0758 6.0000 13.3569 0.0042 
39.6404 4.0000 3632.2023 0.4279 0.1489 -0.6225 3.0787 6.0000 13.0202 0.0051 
39.6045 4.0000 3622.5049 0.4268 0.1486 -0.6212 3.0694 6.0000 13.3569 0.0041 
39.6451 4.0000 3635.4996 0.4312 0.1487 -0.6230 3.0716 6.0000 13.2016 0.0051 
39.6055 4.0000 3621.3816 0.4235 0.1455 -0.6265 3.0743 6.0000 13.3866 0.0054 
39.5929 4.0000 3615.1733 0.4249 0.1468 -0.6217 3.0819 6.0000 13.3993 0.0048 
39.6146 4.0000 3623.4593 0.4295 0.1510 -0.6202 3.0759 5.0000 13.5874 0.0055 
39.5889 4.0000 3614.5997 0.4310 0.1480 -0.6295 3.0736 6.0000 13.1270 0.0048 
39.6144 4.0000 3625.5690 0.4296 0.1506 -0.6269 3.0803 6.0000 13.2731 0.0040 
39.6456 4.0000 3636.2676 0.4232 0.1483 -0.6179 3.0787 5.0000 13.2097 0.0049 
39.6113 4.0000 3616.5576 0.4284 0.1494 -0.6260 3.0784 6.0000 13.2867 0.0047 
39.6199 4.0000 3623.1329 0.4234 0.1480 -0.6223 3.0848 6.0000 13.3355 0.0046 
39.6232 4.0000 3624.9644 0.4248 0.1495 -0.6157 3.0746 6.0000 12.9571 0.0051 
39.6035 4.0000 3618.3970 0.4300 0.1503 -0.6273 3.0778 6.0000 13.2349 0.0053 
39.5977 4.0000 3619.6545 0.4277 0.1491 -0.6229 3.0718 6.0000 13.1304 0.0048 
39.6154 4.0000 3623.7153 0.4255 0.1468 -0.6243 3.0775 6.0000 13.1110 0.0054 
39.5919 4.0000 3613.1531 0.4256 0.1484 -0.6244 3.0739 6.0000 13.4367 0.0045 
39.6277 4.0000 3629.4235 0.4272 0.1514 -0.6218 3.0783 6.0000 13.1282 0.0051 
39.6045 4.0000 3621.4595 0.4267 0.1472 -0.6233 3.0797 6.0000 13.4706 0.0049 
39.6131 4.0000 3624.0772 0.4286 0.1480 -0.6260 3.0787 6.0000 13.0780 0.0054 
39.5919 4.0000 3613.4835 0.4295 0.1497 -0.6349 3.0682 6.0000 13.5901 0.0046 
39.6235 4.0000 3626.3498 0.4267 0.1499 -0.6231 3.0822 6.0000 12.7891 0.0048 
39.6154 4.0000 3618.5836 0.4241 0.1471 -0.6216 3.0821 6.0000 13.6285 0.0042 
39.6376 4.0000 3631.2194 0.4288 0.1477 -0.6228 3.0765 6.0000 13.2897 0.0050 
39.6058 4.0000 3620.6313 0.4302 0.1481 -0.6276 3.0732 6.0000 13.1991 0.0050 
39.6073 4.0000 3623.1097 0.4281 0.1493 -0.6237 3.0706 6.0000 13.3495 0.0049 
39.6101 4.0000 3621.5430 0.4296 0.1485 -0.6283 3.0746 6.0000 13.1399 0.0049 
39.6119 4.0000 3622.1876 0.4278 0.1466 -0.6250 3.0714 6.0000 13.2397 0.0050 
39.6058 4.0000 3621.6156 0.4273 0.1495 -0.6240 3.0776 6.0000 13.3568 0.0046 
39.6242 4.0000 3624.0820 0.4275 0.1461 -0.6297 3.0747 5.0000 13.5464 0.0050 
39.6086 4.0000 3622.0025 0.4259 0.1487 -0.6214 3.0700 6.0000 13.4015 0.0034 
39.6709 4.0000 3644.0517 0.4277 0.1483 -0.6230 3.0722 6.0000 13.6318 0.0047 
39.6192 4.0000 3625.9758 0.4265 0.1469 -0.6227 3.0754 6.0000 13.3810 0.0055 
39.5869 4.0000 3615.5576 0.4241 0.1451 -0.6234 3.0766 6.0000 13.1854 0.0048 
39.6149 4.0000 3623.3521 0.4245 0.1483 -0.6193 3.0744 6.0000 13.3609 0.0051 
39.6033 4.0000 3621.4446 0.4282 0.1494 -0.6209 3.0697 5.0000 13.2212 0.0056 
39.5844 4.0000 3612.4116 0.4228 0.1473 -0.6210 3.0740 6.0000 13.4847 0.0050 
39.6058 4.0000 3620.2913 0.4254 0.1476 -0.6208 3.0741 6.0000 12.9994 0.0050 
39.6093 4.0000 3621.4822 0.4286 0.1494 -0.6277 3.0768 5.0000 13.4591 0.0052 
39.6005 4.0000 3620.0923 0.4273 0.1488 -0.6276 3.0740 6.0000 13.0705 0.0054 
39.5902 4.0000 3614.2199 0.4279 0.1481 -0.6290 3.0746 6.0000 13.6888 0.0053 
39.5972 4.0000 3615.0212 0.4267 0.1493 -0.6226 3.0780 6.0000 13.3133 0.0046 
39.6255 4.0000 3625.8414 0.4307 0.1489 -0.6288 3.0786 6.0000 13.5298 0.0050 
39.6058 4.0000 3621.5213 0.4250 0.1486 -0.6196 3.0737 6.0000 13.5496 0.0055 
39.5894 4.0000 3614.5929 0.4263 0.1482 -0.6280 3.0798 6.0000 13.3254 0.0042 
39.6378 4.0000 3633.1879 0.4301 0.1487 -0.6271 3.0743 6.0000 13.1139 0.0047 
39.6189 4.0000 3626.2472 0.4276 0.1494 -0.6191 3.0768 6.0000 13.3008 0.0057 
39.5821 4.0000 3611.0875 0.4246 0.1497 -0.6148 3.0858 6.0000 13.5212 0.0050 
39.6078 4.0000 3618.9881 0.4258 0.1486 -0.6252 3.0750 6.0000 13.1495 0.0048 
39.6156 4.0000 3622.8545 0.4315 0.1507 -0.6312 3.0765 6.0000 13.1974 0.0047 
39.6179 4.0000 3623.5004 0.4245 0.1484 -0.6232 3.0740 5.0000 13.2451 0.0041 
39.6431 4.0000 3634.3291 0.4289 0.1487 -0.6203 3.0729 6.0000 13.0723 0.0051 
39.6020 4.0000 3617.8658 0.4241 0.1468 -0.6238 3.0724 6.0000 12.9963 0.0043 
39.6363 4.0000 3627.7395 0.4294 0.1509 -0.6224 3.0789 6.0000 13.0995 0.0059 
39.5728 4.0000 3608.6366 0.4287 0.1476 -0.6239 3.0668 6.0000 11.5995 0.0059 
