39.0712 4.0000 3396.8695 0.5118 0.2361 -0.6577 2.8702 5.0000 1.6116 0.0169 
39.1450 4.0000 3463.1734 0.5055 0.2254 -0.6371 2.8548 5.0000 1.5924 0.0169 
39.1475 4.0000 3465.9067 0.5081 0.2264 -0.6368 2.8603 5.0000 1.6596 0.0161 
39.1841 4.0000 3481.4660 0.5099 0.2211 -0.6454 2.8534 5.0000 1.5178 0.0175 
39.1740 4.0000 3484.1652 0.5130 0.2276 -0.6408 2.8622 5.0000 1.5218 0.0175 
39.1204 4.0000 3456.4016 0.5075 0.2285 -0.6355 2.8651 5.0000 1.5649 0.0176 
39.2806 4.0000 3521.3972 0.5107 0.2259 -0.6452 2.8639 5.0000 1.6926 0.0171 
39.1185 4.0000 3462.5542 0.5103 0.2276 -0.6412 2.8581 5.0000 1.7034 0.0184 
39.1381 4.0000 3447.2478 0.5104 0.2329 -0.6482 2.8799 5.0000 1.6814 0.0192 
39.0876 4.0000 3426.3165 0.5125 0.2303 -0.6524 2.8801 5.0000 1.5371 0.0158 
39.0542 4.0000 3442.6425 0.5061 0.2235 -0.6433 2.8601 5.0000 1.5264 0.0158 
39.1879 4.0000 3452.1349 0.5161 0.2326 -0.6559 2.8681 5.0000 1.5264 0.0176 
39.1223 4.0000 3430.2421 0.5073 0.2244 -0.6586 2.8597 5.0000 1.5059 0.0130 
39.1173 4.0000 3465.5448 0.5291 0.2361 -0.6597 2.8655 5.0000 1.5134 0.0145 
39.2938 4.0000 3541.5195 0.5068 0.2218 -0.6395 2.8480 5.0000 1.5111 0.0183 
39.2371 4.0000 3524.2245 0.5165 0.2257 -0.6372 2.8572 5.0000 1.5708 0.0214 
39.0914 4.0000 3425.9811 0.5086 0.2264 -0.6469 2.8613 5.0000 1.5787 0.0193 
38.9716 4.0000 3412.0498 0.5145 0.2312 -0.6568 2.8755 5.0000 1.6100 0.0168 
39.0504 4.0000 3403.4061 0.5196 0.2315 -0.6607 2.8696 5.0000 1.5967 0.0175 
39.1494 4.0000 3446.2604 0.5137 0.2318 -0.6473 2.8666 5.0000 1.6077 0.0168 
39.1230 4.0000 3437.3890 0.5135 0.2315 -0.6490 2.8668 5.0000 1.5827 0.0151 
39.1475 4.0000 3459.8518 0.5131 0.2298 -0.6452 2.8584 5.0000 1.5362 0.0186 
39.2119 4.0000 3478.4968 0.5082 0.2271 -0.6503 2.8607 5.0000 1.5310 0.0199 
39.0801 4.0000 3462.2226 0.5135 0.2251 -0.6452 2.8661 5.0000 1.5297 0.0168 
39.0290 4.0000 3396.5744 0.5088 0.2318 -0.6451 2.8793 5.0000 1.5663 0.0162 
39.1488 4.0000 3438.1116 0.5103 0.2321 -0.6485 2.8757 5.0000 1.5798 0.0183 
39.1715 4.0000 3475.5410 0.5228 0.2304 -0.6618 2.8598 5.0000 1.5943 0.0184 
39.0921 4.0000 3434.0202 0.5091 0.2267 -0.6514 2.8613 5.0000 1.7154 0.0148 
39.0883 4.0000 3445.1129 0.5084 0.2277 -0.6442 2.8568 5.0000 1.7082 0.0157 
39.2251 4.0000 3508.6929 0.5031 0.2224 -0.6398 2.8454 5.0000 1.7273 0.0168 
39.1898 4.0000 3487.2793 0.5061 0.2252 -0.6437 2.8559 5.0000 1.5386 0.0159 
39.1475 4.0000 3463.4180 0.5079 0.2262 -0.6448 2.8595 5.0000 1.5453 0.0198 
39.1816 4.0000 3471.1375 0.5194 0.2293 -0.6577 2.8557 5.0000 1.5440 0.0174 
39.0340 4.0000 3405.8260 0.5143 0.2341 -0.6507 2.8792 5.0000 1.5787 0.0150 
39.1242 4.0000 3459.1412 0.5119 0.2299 -0.6374 2.8698 5.0000 1.5789 0.0184 
39.2156 4.0000 3470.8695 0.5114 0.2297 -0.6418 2.8786 5.0000 1.5756 0.0138 
39.0870 4.0000 3424.9546 0.5226 0.2355 -0.6647 2.8727 5.0000 1.6442 0.0180 
39.2654 4.0000 3493.8146 0.5154 0.2289 -0.6482 2.8717 5.0000 1.6828 0.0200 
39.1028 4.0000 3446.9590 0.5125 0.2297 -0.6454 2.8690 5.0000 1.6258 0.0162 
39.0271 4.0000 3419.5076 0.5146 0.2303 -0.6609 2.8615 5.0000 1.5569 0.0170 
39.1715 4.0000 3488.1456 0.5101 0.2286 -0.6361 2.8567 5.0000 1.5714 0.0168 
39.1400 4.0000 3476.6179 0.5138 0.2253 -0.6505 2.8720 5.0000 1.5621 0.0186 
39.1475 4.0000 3446.6602 0.5076 0.2321 -0.6368 2.8668 5.0000 1.5460 0.0160 
39.0782 4.0000 3434.6992 0.5087 0.2292 -0.6526 2.8517 5.0000 1.5584 0.0196 
39.1797 4.0000 3475.4578 0.5105 0.2276 -0.6416 2.8640 5.0000 1.5473 0.0196 
39.0397 4.0000 3401.8745 0.5129 0.2319 -0.6472 2.8765 5.0000 1.6320 0.0132 
39.1116 4.0000 3433.5776 0.5122 0.2315 -0.6608 2.8672 5.0000 1.6111 0.0168 
39.2875 4.0000 3510.8953 0.5165 0.2254 -0.6552 2.8593 5.0000 1.6761 0.0199 
39.1469 4.0000 3475.0612 0.5137 0.2282 -0.6480 2.8510 5.0000 1.7186 0.0177 
39.0290 4.0000 3407.2522 0.5095 0.2301 -0.6456 2.8725 5.0000 1.6945 0.0147 
39.1116 4.0000 3446.1362 0.5121 0.2296 -0.6449 2.8685 5.0000 1.6297 0.0147 
39.2282 4.0000 3498.9433 0.5176 0.2322 -0.6491 2.8564 5.0000 1.5462 0.0155 
39.2024 4.0000 3490.5895 0.5205 0.2313 -0.6426 2.8641 5.0000 1.5673 0.0165 
39.1986 4.0000 3500.0744 0.5143 0.2263 -0.6428 2.8523 5.0000 1.5472 0.0165 
39.1583 4.0000 3455.1003 0.5016 0.2244 -0.6410 2.8560 5.0000 1.6728 0.0181 
39.0769 4.0000 3433.8090 0.5109 0.2301 -0.6462 2.8745 5.0000 1.5950 0.0181 
39.0971 4.0000 3436.5523 0.5156 0.2308 -0.6561 2.8809 5.0000 1.5820 0.0181 
39.0958 4.0000 3433.9578 0.5092 0.2323 -0.6356 2.8702 5.0000 1.6248 0.0157 
39.0719 4.0000 3439.6198 0.5051 0.2258 -0.6391 2.8630 5.0000 1.6074 0.0157 
39.1892 4.0000 3492.7749 0.5180 0.2284 -0.6358 2.8538 5.0000 1.6230 0.0157 
39.0599 4.0000 3416.1810 0.5146 0.2307 -0.6498 2.8796 5.0000 1.5380 0.0196 
39.2837 4.0000 3514.2503 0.5061 0.2220 -0.6399 2.8539 5.0000 1.5608 0.0196 
39.0397 4.0000 3403.7913 0.5029 0.2273 -0.6474 2.8546 5.0000 1.5477 0.0187 
39.0763 4.0000 3433.7970 0.5101 0.2279 -0.6519 2.8644 5.0000 1.5403 0.0175 
39.1860 4.0000 3484.7654 0.5096 0.2241 -0.6469 2.8603 5.0000 1.5833 0.0155 
39.1204 4.0000 3471.3770 0.5218 0.2321 -0.6486 2.8716 5.0000 1.5903 0.0155 
39.1967 4.0000 3468.4823 0.5064 0.2247 -0.6403 2.8641 5.0000 1.7415 0.0180 
39.1166 4.0000 3460.1059 0.5164 0.2294 -0.6564 2.8581 5.0000 1.7278 0.0153 
39.1003 4.0000 3446.2957 0.5151 0.2295 -0.6484 2.8637 5.0000 1.7565 0.0188 
39.2049 4.0000 3493.5662 0.5156 0.2301 -0.6454 2.8683 5.0000 1.5417 0.0162 
39.0719 4.0000 3407.6450 0.5129 0.2293 -0.6509 2.8665 5.0000 1.5323 0.0185 
39.1728 4.0000 3473.1154 0.5100 0.2282 -0.6485 2.8739 5.0000 1.5437 0.0181 
39.0820 4.0000 3457.0448 0.5174 0.2312 -0.6421 2.8702 5.0000 1.5376 0.0170 
39.0977 4.0000 3432.7333 0.5101 0.2353 -0.6371 2.8828 5.0000 1.5287 0.0132 
39.1406 4.0000 3464.5895 0.5117 0.2311 -0.6383 2.8631 5.0000 1.5479 0.0188 
39.2888 4.0000 3492.1072 0.5088 0.2306 -0.6478 2.8733 5.0000 1.6978 0.0176 
39.0700 4.0000 3432.5511 0.5196 0.2350 -0.6517 2.8659 5.0000 1.6557 0.0176 
39.1192 4.0000 3427.3455 0.5123 0.2311 -0.6514 2.8837 5.0000 1.6981 0.0202 
39.1526 4.0000 3489.7144 0.5139 0.2282 -0.6509 2.8593 5.0000 1.5416 0.0182 
39.0170 4.0000 3421.5359 0.5130 0.2319 -0.6606 2.8631 5.0000 1.5433 0.0182 
39.0946 4.0000 3442.3455 0.5177 0.2307 -0.6458 2.8674 5.0000 1.5366 0.0195 
39.0782 4.0000 3433.9439 0.5086 0.2283 -0.6526 2.8574 5.0000 1.5357 0.0140 
39.0429 4.0000 3408.1942 0.5166 0.2337 -0.6503 2.8759 5.0000 1.5299 0.0140 
39.2573 4.0000 3503.0914 0.5204 0.2324 -0.6534 2.8669 5.0000 1.5522 0.0154 
39.2011 4.0000 3460.1620 0.5155 0.2310 -0.6480 2.8613 5.0000 1.6095 0.0192 
39.1192 4.0000 3437.8380 0.5139 0.2318 -0.6542 2.8587 5.0000 1.5770 0.0160 
39.1778 4.0000 3465.7636 0.5126 0.2279 -0.6548 2.8569 5.0000 1.5735 0.0182 
39.0555 4.0000 3419.8676 0.5149 0.2304 -0.6666 2.8654 5.0000 1.6925 0.0155 
39.0939 4.0000 3451.7390 0.5155 0.2309 -0.6498 2.8814 5.0000 1.7006 0.0148 
39.1986 4.0000 3478.2673 0.5135 0.2263 -0.6587 2.8621 5.0000 1.7002 0.0172 
39.2264 4.0000 3491.1835 0.5117 0.2278 -0.6486 2.8598 5.0000 1.5318 0.0155 
39.1343 4.0000 3459.7812 0.5161 0.2304 -0.6562 2.8581 5.0000 1.5245 0.0168 
39.1999 4.0000 3477.0725 0.5138 0.2305 -0.6505 2.8627 5.0000 1.5378 0.0192 
39.1482 4.0000 3439.0990 0.5100 0.2289 -0.6533 2.8633 5.0000 1.5654 0.0169 
39.0555 4.0000 3409.4218 0.5011 0.2322 -0.6279 2.8713 5.0000 1.5483 0.0169 
39.1431 4.0000 3469.4943 0.5070 0.2237 -0.6515 2.8588 5.0000 1.5651 0.0144 
39.1387 4.0000 3449.6444 0.5137 0.2296 -0.6578 2.8586 5.0000 1.6159 0.0170 
39.2402 4.0000 3513.7465 0.5142 0.2281 -0.6509 2.8472 5.0000 1.6455 0.0135 
39.1400 4.0000 3443.1822 0.5085 0.2283 -0.6484 2.8481 5.0000 1.6156 0.0135 
39.2768 4.0000 3532.8285 0.5114 0.2238 -0.6453 2.8560 5.0000 1.4702 0.0135 
