37.1627 16.5000 2939.7881 0.4553 0.2566 -0.5834 2.3951 4.0000 0.1565 0.0672 
36.7894 16.5000 2846.7844 0.4413 0.2629 -0.5478 2.4254 4.0000 0.1262 0.0631 
37.4426 16.5000 3019.0694 0.4579 0.2607 -0.5809 2.3962 4.0000 0.1566 0.0672 
37.2989 16.5000 2976.6810 0.4590 0.2592 -0.5904 2.3968 4.0000 0.0943 0.0618 
37.3190 16.5000 2993.8764 0.4556 0.2612 -0.5822 2.4061 4.0000 0.0955 0.0756 
37.4880 16.5000 2998.9634 0.4577 0.2652 -0.5632 2.4097 4.0000 0.0970 0.0756 
37.0063 16.5000 2869.3518 0.4509 0.2629 -0.5731 2.4172 4.0000 0.0944 0.0706 
37.1425 16.5000 2909.1677 0.4424 0.2617 -0.5478 2.4083 4.0000 0.0971 0.0681 
37.1803 16.5000 2971.1980 0.4522 0.2637 -0.5500 2.3867 4.0000 0.0959 0.0681 
37.2686 16.5000 2952.6986 0.4413 0.2633 -0.5336 2.4115 4.0000 0.0940 0.0685 
37.0593 16.5000 2896.9458 0.4492 0.2658 -0.5522 2.4158 4.0000 0.0976 0.0654 
37.2535 16.5000 2967.5965 0.4494 0.2605 -0.5678 2.4063 4.0000 0.1005 0.0654 
37.3619 16.5000 2971.5460 0.4588 0.2637 -0.5998 2.4086 4.0000 0.1052 0.0738 
37.0769 16.5000 2904.1816 0.4524 0.2619 -0.5702 2.4142 4.0000 0.1219 0.0662 
37.0694 16.5000 2902.9533 0.4542 0.2639 -0.5810 2.4192 4.0000 0.1153 0.0662 
37.3342 16.5000 2961.3317 0.4618 0.2624 -0.5894 2.4014 4.0000 0.1226 0.0701 
37.1400 16.5000 2931.4729 0.4551 0.2626 -0.5738 2.4161 4.0000 0.1088 0.0705 
37.1980 16.5000 2929.7478 0.4620 0.2698 -0.5723 2.4196 4.0000 0.1381 0.0709 
37.1854 16.5000 2926.7137 0.4536 0.2717 -0.5540 2.4045 4.0000 0.1182 0.0726 
37.1702 16.5000 2928.4893 0.4496 0.2536 -0.5960 2.3915 4.0000 0.1045 0.0690 
37.1122 16.5000 2902.0933 0.4463 0.2680 -0.5496 2.4132 4.0000 0.1227 0.0706 
37.2358 16.5000 2940.6709 0.4479 0.2659 -0.5514 2.4158 4.0000 0.1388 0.0643 
37.1803 16.5000 2936.8172 0.4554 0.2634 -0.5618 2.4135 4.0000 0.1028 0.0673 
37.2963 16.5000 2960.5801 0.4521 0.2616 -0.5813 2.4095 4.0000 0.1011 0.0697 
37.4023 16.5000 3002.2547 0.4561 0.2620 -0.5713 2.3949 4.0000 0.1052 0.0667 
37.2106 16.5000 2927.6267 0.4564 0.2663 -0.5813 2.4163 4.0000 0.1050 0.0737 
37.3165 16.5000 2984.7566 0.4541 0.2592 -0.5690 2.3980 4.0000 0.1028 0.0838 
37.0744 16.5000 2884.6835 0.4490 0.2647 -0.5649 2.4200 4.0000 0.1192 0.0743 
36.7289 16.5000 2818.0832 0.4490 0.2563 -0.5981 2.4198 4.0000 0.1035 0.0743 
37.0542 16.5000 2886.1816 0.4406 0.2620 -0.5628 2.4085 4.0000 0.1044 0.0665 
37.1576 16.5000 2931.3317 0.4484 0.2599 -0.5769 2.4013 4.0000 0.0970 0.0715 
37.3241 16.5000 2971.8537 0.4566 0.2640 -0.5828 2.3969 4.0000 0.0961 0.0715 
37.1501 16.5000 2926.8424 0.4542 0.2607 -0.5881 2.3990 4.0000 0.0937 0.0754 
37.4325 16.5000 2973.7654 0.4498 0.2683 -0.5635 2.4145 4.0000 0.0947 0.0681 
37.0164 16.5000 2886.2245 0.4445 0.2750 -0.5098 2.4237 4.0000 0.0949 0.0681 
37.2686 16.5000 2951.6393 0.4511 0.2618 -0.5762 2.4143 5.0000 0.0943 0.0702 
37.2383 16.5000 2946.4691 0.4611 0.2682 -0.5534 2.4156 4.0000 0.0957 0.0631 
37.1955 16.5000 2945.1148 0.4525 0.2654 -0.5386 2.4116 4.0000 0.0954 0.0631 
37.4426 16.5000 3016.6003 0.4599 0.2593 -0.5767 2.3876 4.0000 0.0943 0.0681 
37.0240 16.5000 2907.0744 0.4541 0.2586 -0.5800 2.4101 4.0000 0.0957 0.0719 
37.2686 16.5000 2968.3153 0.4485 0.2590 -0.5768 2.4058 4.0000 0.0956 0.0719 
37.1349 16.5000 2923.9546 0.4516 0.2650 -0.5600 2.4064 4.0000 0.0955 0.0673 
37.0013 16.5000 2876.9710 0.4552 0.2609 -0.5896 2.4077 4.0000 0.1108 0.0734 
37.2963 16.5000 2957.5006 0.4571 0.2593 -0.5859 2.4160 5.0000 0.0980 0.0661 
37.3367 16.5000 2978.4086 0.4535 0.2668 -0.5658 2.4035 4.0000 0.0980 0.0681 
37.0845 16.5000 2895.4174 0.4494 0.2665 -0.5695 2.4349 4.0000 0.1001 0.0614 
37.2686 16.5000 2954.7919 0.4545 0.2664 -0.5721 2.4186 4.0000 0.1026 0.0729 
37.5032 16.5000 3038.2623 0.4523 0.2600 -0.5626 2.3871 4.0000 0.0990 0.0573 
37.0996 16.5000 2906.0504 0.4513 0.2680 -0.5691 2.4086 4.0000 0.1023 0.0683 
37.6494 16.5000 3059.5334 0.4569 0.2615 -0.5705 2.3890 4.0000 0.0985 0.0671 
37.2610 16.5000 2941.9193 0.4467 0.2571 -0.5736 2.3992 4.0000 0.1003 0.0652 
37.3014 16.5000 2951.5057 0.4529 0.2637 -0.5612 2.4183 4.0000 0.1159 0.0647 
37.3695 16.5000 2980.7037 0.4607 0.2692 -0.5654 2.4035 4.0000 0.1035 0.0647 
37.3871 16.5000 2979.6747 0.4664 0.2664 -0.5898 2.4037 4.0000 0.1039 0.0735 
37.0870 16.5000 2891.7074 0.4414 0.2659 -0.5432 2.4162 4.0000 0.0947 0.0693 
37.0820 16.5000 2925.1047 0.4630 0.2701 -0.5632 2.4175 4.0000 0.0958 0.0693 
37.2257 16.5000 2948.1438 0.4539 0.2650 -0.5617 2.4170 4.0000 0.0947 0.0770 
37.2610 16.5000 2950.7137 0.4443 0.2618 -0.5535 2.4017 5.0000 0.0952 0.0622 
36.9609 16.5000 2891.4048 0.4506 0.2571 -0.5884 2.4083 4.0000 0.0948 0.0622 
37.4754 16.5000 2986.7692 0.4596 0.2676 -0.5841 2.4215 4.0000 0.0968 0.0635 
37.2560 16.5000 2971.6948 0.4457 0.2600 -0.5576 2.4047 5.0000 0.0949 0.0739 
37.4300 16.5000 2998.7743 0.4527 0.2653 -0.5711 2.4003 4.0000 0.0969 0.0739 
37.0668 16.5000 2897.7982 0.4485 0.2582 -0.5871 2.4075 4.0000 0.0937 0.0741 
37.1148 16.5000 2930.9483 0.4468 0.2660 -0.5575 2.4076 4.0000 0.0948 0.0729 
37.0593 16.5000 2921.1122 0.4507 0.2572 -0.5792 2.3981 4.0000 0.0945 0.0729 
37.1021 16.5000 2916.2926 0.4499 0.2572 -0.5991 2.4067 4.0000 0.0935 0.0651 
37.3745 16.5000 2981.8966 0.4545 0.2598 -0.5903 2.3926 4.0000 0.0971 0.0742 
37.3745 16.5000 2992.1135 0.4608 0.2635 -0.5824 2.3973 4.0000 0.1048 0.0758 
37.0567 16.5000 2893.5032 0.4441 0.2613 -0.5521 2.4079 4.0000 0.0980 0.0758 
37.0013 16.5000 2882.5876 0.4498 0.2627 -0.5716 2.4107 4.0000 0.1025 0.0686 
37.3090 16.5000 2954.6456 0.4405 0.2653 -0.5335 2.4099 4.0000 0.1040 0.0590 
37.2509 16.5000 2948.2194 0.4530 0.2637 -0.5741 2.4130 4.0000 0.1001 0.0590 
37.5889 16.5000 3029.8890 0.4613 0.2642 -0.5743 2.3854 4.0000 0.1005 0.0737 
37.5259 16.5000 3002.8979 0.4596 0.2639 -0.5770 2.4141 5.0000 0.1023 0.0716 
37.0719 16.5000 2921.8941 0.4462 0.2580 -0.5727 2.3993 4.0000 0.1005 0.0716 
37.1450 16.5000 2950.0883 0.4597 0.2611 -0.5873 2.4017 4.0000 0.1037 0.0689 
37.5738 16.5000 3033.8134 0.4483 0.2652 -0.5512 2.4070 5.0000 0.1092 0.0711 
37.2383 16.5000 2948.4918 0.4479 0.2692 -0.5344 2.4116 5.0000 0.1070 0.0711 
37.1627 16.5000 2911.9294 0.4538 0.2614 -0.5897 2.4150 4.0000 0.0955 0.0734 
37.2081 16.5000 2942.5044 0.4464 0.2598 -0.5608 2.4059 4.0000 0.0952 0.0758 
37.0845 16.5000 2911.7957 0.4513 0.2612 -0.5779 2.4066 4.0000 0.0957 0.0758 
37.0013 16.5000 2857.5334 0.4517 0.2739 -0.5538 2.4331 4.0000 0.0942 0.0721 
37.3871 16.5000 2981.4855 0.4569 0.2603 -0.5918 2.4042 4.0000 0.0940 0.0658 
37.1299 16.5000 2919.9294 0.4508 0.2626 -0.5733 2.4116 4.0000 0.1026 0.0720 
37.3493 16.5000 2973.5813 0.4571 0.2610 -0.5797 2.3948 4.0000 0.0944 0.0711 
37.1324 16.5000 2951.5259 0.4514 0.2657 -0.5546 2.4060 4.0000 0.0931 0.0725 
37.1652 16.5000 2909.1475 0.4622 0.2651 -0.5893 2.4078 5.0000 0.0946 0.0746 
37.1148 16.5000 2925.0542 0.4561 0.2641 -0.5764 2.3993 4.0000 0.0945 0.0746 
37.0416 16.5000 2878.6028 0.4507 0.2679 -0.5734 2.4198 4.0000 0.0936 0.0722 
37.0441 16.5000 2911.0265 0.4453 0.2639 -0.5555 2.4176 5.0000 0.0952 0.0696 
37.1248 16.5000 2912.5649 0.4475 0.2599 -0.5724 2.3992 4.0000 0.1002 0.0676 
37.2156 16.5000 2951.0668 0.4460 0.2662 -0.5391 2.4184 4.0000 0.0975 0.0701 
37.2837 16.5000 2934.7793 0.4585 0.2724 -0.5466 2.4061 4.0000 0.0965 0.0671 
37.1980 16.5000 2963.3821 0.4527 0.2626 -0.5685 2.3989 4.0000 0.0998 0.0653 
37.3014 16.5000 2960.1236 0.4604 0.2601 -0.5915 2.3955 4.0000 0.1003 0.0762 
37.3644 16.5000 2995.3216 0.4527 0.2631 -0.5576 2.3929 4.0000 0.0977 0.0723 
36.9861 16.5000 2884.1337 0.4507 0.2556 -0.5946 2.4079 4.0000 0.0999 0.0777 
37.1223 16.5000 2923.0391 0.4487 0.2625 -0.5623 2.4161 4.0000 0.1013 0.0654 
36.9357 16.5000 2866.9760 0.4515 0.2566 -0.5991 2.4016 4.0000 0.1087 0.0654 
37.3619 16.5000 2986.6583 0.4559 0.2636 -0.5710 2.4071 4.0000 0.1007 0.0654 
