39.6874 4.0000 3648.7011 0.4324 0.1451 -0.6205 3.1746 6.0000 36.7744 0.0027 
39.6988 4.0000 3652.2733 0.4347 0.1459 -0.6214 3.1634 6.0000 37.1038 0.0026 
39.6801 4.0000 3643.3954 0.4317 0.1438 -0.6213 3.1640 6.0000 37.1201 0.0026 
39.7006 4.0000 3653.0753 0.4358 0.1464 -0.6190 3.1665 6.0000 35.6279 0.0026 
39.6874 4.0000 3650.0533 0.4326 0.1447 -0.6177 3.1641 6.0000 36.1360 0.0036 
39.7024 4.0000 3653.3457 0.4357 0.1451 -0.6225 3.1645 6.0000 36.4964 0.0030 
39.6635 4.0000 3639.4934 0.4347 0.1484 -0.6169 3.1679 6.0000 36.2701 0.0032 
39.6853 4.0000 3645.9769 0.4315 0.1447 -0.6211 3.1656 6.0000 36.5452 0.0027 
39.6772 4.0000 3644.5448 0.4315 0.1454 -0.6164 3.1646 6.0000 35.9641 0.0027 
39.6997 4.0000 3655.2095 0.4311 0.1429 -0.6168 3.1615 6.0000 36.0561 0.0032 
39.6838 4.0000 3645.5014 0.4332 0.1457 -0.6200 3.1627 6.0000 36.6260 0.0032 
39.6801 4.0000 3646.0128 0.4352 0.1474 -0.6222 3.1644 6.0000 36.5962 0.0032 
39.6801 4.0000 3647.2434 0.4326 0.1454 -0.6201 3.1694 6.0000 36.9883 0.0030 
39.6586 4.0000 3637.2864 0.4362 0.1461 -0.6201 3.1673 6.0000 36.1190 0.0032 
39.6856 4.0000 3645.9611 0.4306 0.1450 -0.6166 3.1710 6.0000 36.9016 0.0026 
39.6786 4.0000 3646.2578 0.4311 0.1469 -0.6121 3.1693 6.0000 36.6556 0.0028 
39.7017 4.0000 3653.3556 0.4373 0.1474 -0.6212 3.1663 6.0000 37.1128 0.0034 
39.6937 4.0000 3649.9204 0.4298 0.1437 -0.6193 3.1651 6.0000 37.8535 0.0023 
39.6698 4.0000 3641.2409 0.4342 0.1461 -0.6244 3.1636 6.0000 37.4147 0.0035 
39.7143 4.0000 3655.9007 0.4340 0.1463 -0.6179 3.1671 6.0000 37.0547 0.0039 
39.6658 4.0000 3641.9315 0.4359 0.1462 -0.6240 3.1653 6.0000 37.3424 0.0025 
39.6502 4.0000 3636.3520 0.4323 0.1459 -0.6215 3.1689 6.0000 37.4203 0.0031 
39.7058 4.0000 3654.4071 0.4332 0.1445 -0.6198 3.1652 6.0000 37.1885 0.0028 
39.6826 4.0000 3647.0908 0.4359 0.1495 -0.6153 3.1670 6.0000 37.2104 0.0035 
39.6954 4.0000 3649.9342 0.4330 0.1449 -0.6211 3.1672 6.0000 37.9470 0.0035 
39.6658 4.0000 3641.3226 0.4325 0.1465 -0.6154 3.1647 6.0000 36.8796 0.0028 
39.6932 4.0000 3648.3608 0.4328 0.1474 -0.6179 3.1671 6.0000 37.2898 0.0035 
39.6658 4.0000 3640.7247 0.4318 0.1472 -0.6173 3.1702 6.0000 37.2385 0.0035 
39.6655 4.0000 3641.8636 0.4365 0.1459 -0.6250 3.1626 6.0000 37.1726 0.0033 
39.6673 4.0000 3641.6619 0.4381 0.1485 -0.6208 3.1737 6.0000 37.9696 0.0027 
39.6754 4.0000 3642.9750 0.4292 0.1433 -0.6198 3.1636 6.0000 37.5065 0.0031 
39.6975 4.0000 3653.0508 0.4310 0.1455 -0.6166 3.1657 6.0000 36.9718 0.0031 
39.6813 4.0000 3646.8737 0.4301 0.1453 -0.6166 3.1688 6.0000 37.9352 0.0032 
39.7017 4.0000 3652.8852 0.4360 0.1463 -0.6197 3.1680 6.0000 37.1759 0.0030 
39.6788 4.0000 3642.9883 0.4335 0.1457 -0.6215 3.1602 6.0000 37.8129 0.0035 
39.6864 4.0000 3646.1315 0.4327 0.1439 -0.6237 3.1688 6.0000 37.2741 0.0026 
39.6673 4.0000 3640.3163 0.4331 0.1461 -0.6259 3.1741 6.0000 37.3201 0.0032 
39.7015 4.0000 3653.9751 0.4320 0.1452 -0.6177 3.1649 6.0000 37.0727 0.0035 
39.6806 4.0000 3643.6496 0.4297 0.1447 -0.6127 3.1676 6.0000 37.7415 0.0033 
39.6660 4.0000 3638.4210 0.4337 0.1472 -0.6209 3.1750 6.0000 37.0266 0.0032 
39.6738 4.0000 3640.8276 0.4314 0.1442 -0.6188 3.1649 6.0000 37.4032 0.0031 
39.6806 4.0000 3646.5104 0.4351 0.1482 -0.6173 3.1699 6.0000 37.8260 0.0026 
39.6835 4.0000 3644.2084 0.4385 0.1474 -0.6252 3.1676 6.0000 37.3102 0.0030 
39.7040 4.0000 3655.0832 0.4373 0.1464 -0.6250 3.1613 6.0000 37.3519 0.0025 
39.6871 4.0000 3647.0317 0.4342 0.1484 -0.6153 3.1630 6.0000 37.4682 0.0028 
39.7056 4.0000 3654.4347 0.4335 0.1455 -0.6221 3.1695 6.0000 37.2778 0.0029 
39.6945 4.0000 3649.7692 0.4316 0.1455 -0.6167 3.1671 6.0000 37.7178 0.0036 
39.6916 4.0000 3649.7211 0.4326 0.1468 -0.6153 3.1727 6.0000 37.4556 0.0035 
39.6622 4.0000 3638.7471 0.4356 0.1458 -0.6200 3.1646 6.0000 40.6583 0.0024 
39.6689 4.0000 3642.1593 0.4370 0.1486 -0.6192 3.1699 6.0000 40.0806 0.0030 
39.7109 4.0000 3655.4169 0.4354 0.1478 -0.6163 3.1654 6.0000 40.9482 0.0026 
39.6867 4.0000 3644.6103 0.4321 0.1453 -0.6196 3.1714 6.0000 37.5959 0.0031 
39.7017 4.0000 3654.0755 0.4353 0.1465 -0.6239 3.1683 6.0000 37.6818 0.0031 
39.6838 4.0000 3645.5242 0.4370 0.1466 -0.6224 3.1665 6.0000 38.2926 0.0028 
39.6813 4.0000 3645.4468 0.4314 0.1471 -0.6111 3.1663 6.0000 37.8584 0.0035 
39.6943 4.0000 3650.0695 0.4335 0.1441 -0.6219 3.1634 6.0000 37.8406 0.0027 
39.6685 4.0000 3641.6013 0.4309 0.1452 -0.6220 3.1656 6.0000 36.8787 0.0032 
39.6979 4.0000 3651.5891 0.4320 0.1459 -0.6146 3.1716 6.0000 36.9076 0.0037 
39.6781 4.0000 3643.8771 0.4312 0.1447 -0.6186 3.1675 6.0000 37.6076 0.0032 
39.6599 4.0000 3637.0223 0.4295 0.1466 -0.6147 3.1708 6.0000 38.1720 0.0032 
39.6770 4.0000 3643.7934 0.4319 0.1455 -0.6191 3.1693 6.0000 37.3822 0.0031 
39.6777 4.0000 3642.3707 0.4363 0.1461 -0.6245 3.1698 6.0000 38.2671 0.0028 
39.6813 4.0000 3644.2533 0.4306 0.1450 -0.6158 3.1668 6.0000 38.0357 0.0032 
39.6941 4.0000 3650.4504 0.4326 0.1458 -0.6188 3.1660 6.0000 40.7359 0.0038 
39.6784 4.0000 3643.6330 0.4354 0.1475 -0.6165 3.1723 6.0000 40.8636 0.0032 
39.6536 4.0000 3636.1719 0.4334 0.1493 -0.6176 3.1769 6.0000 40.3346 0.0031 
39.6804 4.0000 3643.0146 0.4309 0.1443 -0.6196 3.1661 6.0000 38.0252 0.0027 
39.6811 4.0000 3645.1283 0.4362 0.1488 -0.6163 3.1645 6.0000 37.8752 0.0033 
39.6979 4.0000 3652.0686 0.4367 0.1475 -0.6188 3.1655 6.0000 37.9281 0.0042 
39.6748 4.0000 3643.8570 0.4314 0.1435 -0.6173 3.1667 6.0000 37.9020 0.0038 
39.6408 4.0000 3630.2774 0.4316 0.1458 -0.6185 3.1685 6.0000 37.6627 0.0034 
39.6556 4.0000 3635.8654 0.4328 0.1463 -0.6185 3.1659 6.0000 38.4829 0.0027 
39.6729 4.0000 3641.7932 0.4350 0.1469 -0.6218 3.1657 6.0000 38.0275 0.0038 
39.6993 4.0000 3651.6075 0.4317 0.1445 -0.6187 3.1649 6.0000 38.4698 0.0028 
39.6570 4.0000 3638.5977 0.4365 0.1461 -0.6239 3.1624 6.0000 38.0039 0.0029 
39.6957 4.0000 3649.9759 0.4303 0.1463 -0.6174 3.1720 6.0000 38.6020 0.0028 
39.6912 4.0000 3649.5522 0.4334 0.1456 -0.6163 3.1660 6.0000 37.7710 0.0027 
39.6956 4.0000 3651.2607 0.4326 0.1469 -0.6152 3.1606 6.0000 37.0560 0.0028 
39.6983 4.0000 3651.5370 0.4332 0.1466 -0.6153 3.1600 6.0000 38.2919 0.0032 
39.6948 4.0000 3650.9467 0.4352 0.1454 -0.6206 3.1677 6.0000 37.5820 0.0030 
39.6808 4.0000 3647.9110 0.4348 0.1482 -0.6166 3.1662 6.0000 36.9801 0.0032 
39.6851 4.0000 3647.6532 0.4296 0.1447 -0.6131 3.1694 6.0000 37.6238 0.0035 
39.6772 4.0000 3643.2859 0.4368 0.1457 -0.6268 3.1684 6.0000 37.8652 0.0032 
39.6660 4.0000 3639.8872 0.4343 0.1469 -0.6209 3.1701 6.0000 37.0650 0.0034 
39.6799 4.0000 3645.8164 0.4337 0.1460 -0.6197 3.1714 6.0000 37.8574 0.0030 
39.6712 4.0000 3642.3041 0.4317 0.1473 -0.6154 3.1647 6.0000 37.0970 0.0031 
39.6858 4.0000 3647.7683 0.4337 0.1465 -0.6168 3.1682 6.0000 37.6793 0.0036 
39.6831 4.0000 3644.8879 0.4325 0.1456 -0.6183 3.1658 6.0000 37.2394 0.0032 
39.6611 4.0000 3636.5774 0.4356 0.1469 -0.6232 3.1746 6.0000 38.0723 0.0030 
39.6795 4.0000 3641.6037 0.4348 0.1453 -0.6236 3.1700 6.0000 37.5889 0.0029 
39.6882 4.0000 3647.9968 0.4311 0.1458 -0.6185 3.1701 6.0000 37.7304 0.0030 
39.6912 4.0000 3647.6462 0.4326 0.1447 -0.6186 3.1681 6.0000 37.0609 0.0033 
39.6849 4.0000 3644.5839 0.4350 0.1470 -0.6233 3.1670 6.0000 37.8683 0.0027 
39.6748 4.0000 3640.8609 0.4349 0.1469 -0.6242 3.1683 6.0000 37.6300 0.0030 
39.6988 4.0000 3651.7408 0.4328 0.1453 -0.6164 3.1632 6.0000 37.9973 0.0026 
39.6853 4.0000 3647.0153 0.4334 0.1454 -0.6232 3.1677 6.0000 38.4160 0.0026 
39.7026 4.0000 3651.9517 0.4286 0.1431 -0.6191 3.1612 6.0000 38.2729 0.0032 
39.7042 4.0000 3653.5504 0.4334 0.1447 -0.6210 3.1686 6.0000 37.9881 0.0036 
39.6806 4.0000 3645.5086 0.4317 0.1438 -0.6212 3.1641 6.0000 37.6369 0.0036 
39.6638 4.0000 3640.0222 0.4317 0.1469 -0.6148 3.1749 6.0000 23.6136 0.0036 
