39.7673 4.0000 3667.9332 0.0995 0.0788 -0.0957 2.6859 5.0000 1.6755 0.0009 
39.7642 4.0000 3666.2654 0.1004 0.0795 -0.0948 2.6850 5.0000 1.7088 0.0008 
39.7711 4.0000 3670.1318 0.1035 0.0795 -0.1082 2.6833 5.0000 1.6963 0.0009 
39.7749 4.0000 3672.9206 0.1015 0.0788 -0.1062 2.6854 5.0000 1.6780 0.0008 
39.7686 4.0000 3667.6797 0.1011 0.0789 -0.1019 2.6857 5.0000 1.6652 0.0008 
39.7724 4.0000 3670.2875 0.1017 0.0798 -0.1006 2.6871 5.0000 1.6355 0.0008 
39.7755 4.0000 3672.6602 0.1031 0.0801 -0.1066 2.6886 5.0000 1.5129 0.0008 
39.7686 4.0000 3669.0069 0.0985 0.0793 -0.0818 2.6858 5.0000 1.5098 0.0008 
39.7724 4.0000 3670.5246 0.1018 0.0801 -0.0981 2.6892 5.0000 1.5025 0.0008 
39.7680 4.0000 3668.3682 0.1005 0.0789 -0.0978 2.6846 5.0000 1.5096 0.0009 
39.7699 4.0000 3669.4502 0.0990 0.0792 -0.0866 2.6880 5.0000 1.5114 0.0009 
39.7673 4.0000 3667.9016 0.1003 0.0790 -0.0981 2.6847 5.0000 1.5142 0.0009 
39.7680 4.0000 3669.6778 0.0992 0.0793 -0.0919 2.6853 5.0000 1.5825 0.0010 
39.7736 4.0000 3671.6721 0.1003 0.0797 -0.0922 2.6818 5.0000 1.5908 0.0010 
39.7673 4.0000 3668.8102 0.1020 0.0799 -0.0985 2.6879 5.0000 1.5730 0.0010 
39.7743 4.0000 3671.8052 0.0997 0.0798 -0.0884 2.6872 5.0000 1.5182 0.0008 
39.7793 4.0000 3676.3298 0.0980 0.0789 -0.0803 2.6870 5.0000 1.5213 0.0008 
39.7749 4.0000 3671.2282 0.1014 0.0788 -0.1053 2.6883 5.0000 1.5111 0.0008 
39.7736 4.0000 3671.9458 0.1004 0.0788 -0.0958 2.6853 5.0000 1.4940 0.0009 
39.7743 4.0000 3672.1513 0.1034 0.0792 -0.1127 2.6841 5.0000 1.5082 0.0009 
39.7718 4.0000 3670.1652 0.0976 0.0796 -0.0780 2.6886 5.0000 1.4945 0.0009 
39.7743 4.0000 3671.5656 0.1043 0.0791 -0.1142 2.6875 5.0000 1.5163 0.0008 
39.7781 4.0000 3673.7024 0.1013 0.0796 -0.0952 2.6856 5.0000 1.5488 0.0009 
39.7730 4.0000 3671.3815 0.0988 0.0798 -0.0811 2.6863 5.0000 1.5333 0.0009 
39.7711 4.0000 3669.8424 0.0996 0.0796 -0.0891 2.6890 5.0000 1.6446 0.0009 
39.7774 4.0000 3675.2005 0.0989 0.0794 -0.0849 2.6847 5.0000 1.6501 0.0008 
39.7711 4.0000 3669.8115 0.1016 0.0798 -0.1002 2.6839 5.0000 1.6612 0.0008 
39.7724 4.0000 3670.7251 0.1018 0.0801 -0.0974 2.6872 5.0000 1.4931 0.0008 
39.7718 4.0000 3670.2503 0.0983 0.0802 -0.0767 2.6861 5.0000 1.4892 0.0009 
39.7743 4.0000 3671.3909 0.0981 0.0791 -0.0829 2.6870 5.0000 1.4842 0.0009 
39.7686 4.0000 3668.5120 0.0994 0.0792 -0.0908 2.6853 5.0000 1.5032 0.0007 
39.7705 4.0000 3670.8625 0.1010 0.0789 -0.0964 2.6864 5.0000 1.5416 0.0009 
39.7774 4.0000 3675.2598 0.0998 0.0799 -0.0871 2.6847 5.0000 1.5036 0.0009 
39.7705 4.0000 3669.1671 0.0978 0.0791 -0.0790 2.6880 5.0000 1.5695 0.0010 
39.7762 4.0000 3674.5322 0.1009 0.0793 -0.0974 2.6846 5.0000 1.5722 0.0010 
39.7673 4.0000 3667.9502 0.1039 0.0801 -0.1067 2.6864 5.0000 1.5656 0.0010 
39.7680 4.0000 3669.4716 0.0957 0.0804 -0.0587 2.6865 5.0000 1.4708 0.0009 
39.7768 4.0000 3673.8405 0.1034 0.0794 -0.1093 2.6850 5.0000 1.4677 0.0007 
39.7699 4.0000 3669.4288 0.0974 0.0795 -0.0771 2.6876 5.0000 1.4777 0.0007 
39.7768 4.0000 3672.0265 0.1031 0.0790 -0.1145 2.6852 5.0000 1.4666 0.0010 
39.7730 4.0000 3671.3159 0.0990 0.0799 -0.0844 2.6908 5.0000 1.4713 0.0008 
39.7680 4.0000 3669.1936 0.1006 0.0795 -0.0954 2.6871 5.0000 1.4864 0.0009 
39.7724 4.0000 3669.9660 0.1021 0.0789 -0.1064 2.6859 5.0000 1.5127 0.0009 
39.7711 4.0000 3668.9660 0.1016 0.0799 -0.0966 2.6866 5.0000 1.5303 0.0008 
39.7705 4.0000 3669.7642 0.1017 0.0790 -0.1034 2.6855 5.0000 1.5266 0.0009 
39.7724 4.0000 3669.7100 0.0997 0.0792 -0.0892 2.6849 5.0000 1.6338 0.0007 
39.7711 4.0000 3669.9382 0.1028 0.0799 -0.1027 2.6857 5.0000 1.6066 0.0008 
39.7774 4.0000 3674.6438 0.0971 0.0791 -0.0756 2.6840 5.0000 1.6435 0.0008 
39.7730 4.0000 3671.9111 0.1012 0.0801 -0.0920 2.6846 5.0000 1.4832 0.0006 
39.7749 4.0000 3672.3317 0.0982 0.0792 -0.0818 2.6857 5.0000 1.4798 0.0009 
39.7812 4.0000 3675.5832 0.1010 0.0790 -0.0991 2.6868 5.0000 1.4969 0.0008 
39.7711 4.0000 3671.1784 0.0993 0.0797 -0.0830 2.6836 5.0000 1.5081 0.0008 
39.7736 4.0000 3672.1507 0.0994 0.0795 -0.0923 2.6866 5.0000 1.4998 0.0008 
39.7749 4.0000 3672.0574 0.1013 0.0798 -0.0984 2.6866 5.0000 1.5240 0.0007 
39.7730 4.0000 3670.6141 0.0979 0.0790 -0.0834 2.6832 5.0000 1.5811 0.0008 
39.7762 4.0000 3673.5542 0.1007 0.0801 -0.0890 2.6872 5.0000 1.5598 0.0008 
39.7743 4.0000 3673.0076 0.0995 0.0785 -0.0959 2.6841 5.0000 1.5786 0.0010 
39.7749 4.0000 3672.8178 0.1002 0.0802 -0.0879 2.6860 5.0000 1.4930 0.0008 
39.7673 4.0000 3668.6532 0.0981 0.0802 -0.0728 2.6874 5.0000 1.4972 0.0008 
39.7743 4.0000 3671.7320 0.1007 0.0791 -0.0988 2.6856 5.0000 1.4925 0.0007 
39.7718 4.0000 3670.2604 0.1025 0.0807 -0.0988 2.6856 5.0000 1.4986 0.0010 
39.7762 4.0000 3673.2037 0.1008 0.0797 -0.0953 2.6839 5.0000 1.4908 0.0010 
39.7673 4.0000 3667.4830 0.1008 0.0793 -0.0991 2.6821 5.0000 1.4946 0.0008 
39.7736 4.0000 3671.1438 0.1007 0.0789 -0.0934 2.6863 5.0000 1.5348 0.0010 
39.7724 4.0000 3672.0668 0.1032 0.0794 -0.1117 2.6885 5.0000 1.5284 0.0010 
39.7667 4.0000 3667.3821 0.0990 0.0795 -0.0883 2.6867 5.0000 1.5650 0.0008 
39.7743 4.0000 3672.2913 0.1001 0.0802 -0.0882 2.6861 5.0000 1.6515 0.0010 
39.7724 4.0000 3670.7251 0.1010 0.0797 -0.0983 2.6858 5.0000 1.6330 0.0010 
39.7667 4.0000 3668.4187 0.1023 0.0797 -0.1018 2.6871 5.0000 1.6428 0.0009 
39.7699 4.0000 3670.1318 0.1014 0.0799 -0.0984 2.6875 5.0000 1.5029 0.0010 
39.7718 4.0000 3672.0511 0.0983 0.0795 -0.0831 2.6866 5.0000 1.4895 0.0010 
39.7661 4.0000 3667.1816 0.1006 0.0796 -0.0951 2.6842 5.0000 1.5010 0.0009 
39.7680 4.0000 3667.8625 0.0997 0.0794 -0.0903 2.6852 5.0000 1.5230 0.0010 
39.7705 4.0000 3669.4962 0.1013 0.0797 -0.0943 2.6853 5.0000 1.5271 0.0010 
39.7673 4.0000 3668.1356 0.1020 0.0792 -0.1081 2.6860 5.0000 1.5693 0.0009 
39.7705 4.0000 3668.0372 0.0963 0.0792 -0.0754 2.6880 5.0000 1.5831 0.0009 
39.7711 4.0000 3669.8544 0.0996 0.0793 -0.0958 2.6866 5.0000 1.5953 0.0009 
39.7692 4.0000 3669.7573 0.0999 0.0791 -0.0935 2.6853 5.0000 1.5804 0.0009 
39.7699 4.0000 3668.6614 0.1042 0.0806 -0.1053 2.6847 5.0000 1.4953 0.0009 
39.7705 4.0000 3670.5126 0.0997 0.0799 -0.0859 2.6879 5.0000 1.5065 0.0010 
39.7711 4.0000 3670.9565 0.0992 0.0801 -0.0813 2.6881 5.0000 1.5032 0.0009 
39.7680 4.0000 3669.0536 0.0994 0.0788 -0.0894 2.6844 5.0000 1.4877 0.0008 
39.7711 4.0000 3669.6835 0.1010 0.0800 -0.0965 2.6855 5.0000 1.5003 0.0007 
39.7755 4.0000 3672.5208 0.0983 0.0789 -0.0862 2.6866 5.0000 1.5142 0.0010 
39.7762 4.0000 3673.3594 0.1020 0.0797 -0.1043 2.6851 5.0000 1.6160 0.0009 
39.7654 4.0000 3664.9048 0.1011 0.0798 -0.0961 2.6875 5.0000 1.6598 0.0010 
39.7699 4.0000 3668.1816 0.0992 0.0802 -0.0812 2.6869 5.0000 1.6799 0.0009 
39.7680 4.0000 3667.5523 0.0999 0.0790 -0.0927 2.6843 5.0000 1.5753 0.0009 
39.7686 4.0000 3668.1986 0.1006 0.0788 -0.0972 2.6852 5.0000 1.5335 0.0007 
39.7711 4.0000 3671.0069 0.0985 0.0800 -0.0798 2.6861 5.0000 1.5148 0.0011 
39.7774 4.0000 3674.2863 0.0982 0.0803 -0.0722 2.6872 5.0000 1.4989 0.0009 
39.7636 4.0000 3666.2591 0.1041 0.0807 -0.1047 2.6867 5.0000 1.5030 0.0008 
39.7718 4.0000 3669.2352 0.1003 0.0792 -0.0936 2.6851 5.0000 1.5229 0.0009 
39.7730 4.0000 3671.4199 0.0994 0.0798 -0.0851 2.6851 5.0000 1.5133 0.0009 
39.7711 4.0000 3669.2623 0.1009 0.0792 -0.0973 2.6861 5.0000 1.5631 0.0009 
39.7686 4.0000 3668.8323 0.1024 0.0799 -0.1023 2.6857 5.0000 1.5504 0.0009 
39.7711 4.0000 3670.0069 0.1019 0.0803 -0.1010 2.6863 5.0000 1.5606 0.0009 
39.7711 4.0000 3669.9596 0.1005 0.0805 -0.0893 2.6850 5.0000 1.5651 0.0008 
39.7699 4.0000 3669.9924 0.0989 0.0796 -0.0813 2.6857 5.0000 1.5487 0.0008 
39.7730 4.0000 3670.7440 0.0992 0.0794 -0.0887 2.6873 5.0000 1.4340 0.0008 
