39.6900 4.0000 3649.7271 0.4806 0.1711 -0.6266 3.1999 6.0000 40.1235 0.0035 
39.6959 4.0000 3651.8523 0.4793 0.1697 -0.6292 3.1975 6.0000 40.3897 0.0035 
39.6680 4.0000 3642.9688 0.4796 0.1705 -0.6269 3.1994 6.0000 40.2351 0.0035 
39.6714 4.0000 3642.4936 0.4840 0.1723 -0.6303 3.1957 6.0000 40.8651 0.0030 
39.6783 4.0000 3646.0886 0.4831 0.1713 -0.6345 3.1999 6.0000 40.9075 0.0030 
39.6865 4.0000 3650.1974 0.4847 0.1711 -0.6358 3.1992 6.0000 40.7960 0.0030 
39.6602 4.0000 3638.7276 0.4791 0.1722 -0.6254 3.2031 6.0000 41.6558 0.0036 
39.6498 4.0000 3634.6217 0.4816 0.1690 -0.6381 3.1915 6.0000 41.4059 0.0036 
39.6628 4.0000 3638.0380 0.4858 0.1716 -0.6293 3.2045 6.0000 41.2763 0.0036 
39.6720 4.0000 3641.4515 0.4835 0.1716 -0.6344 3.1958 6.0000 41.2227 0.0032 
39.6837 4.0000 3646.7433 0.4810 0.1717 -0.6281 3.1953 6.0000 41.9575 0.0037 
39.6777 4.0000 3643.0277 0.4813 0.1711 -0.6304 3.2037 6.0000 41.6753 0.0037 
39.6574 4.0000 3638.7818 0.4829 0.1715 -0.6307 3.2018 6.0000 41.6277 0.0035 
39.6712 4.0000 3642.8181 0.4820 0.1696 -0.6324 3.1931 6.0000 41.5896 0.0032 
39.6660 4.0000 3640.4970 0.4833 0.1693 -0.6355 3.1943 6.0000 41.5087 0.0032 
39.6808 4.0000 3647.7647 0.4824 0.1710 -0.6301 3.1977 6.0000 42.0166 0.0027 
39.6638 4.0000 3639.0623 0.4828 0.1716 -0.6325 3.2009 6.0000 41.8163 0.0028 
39.6988 4.0000 3651.6466 0.4773 0.1674 -0.6285 3.1996 6.0000 41.0908 0.0027 
39.6547 4.0000 3636.9789 0.4825 0.1689 -0.6325 3.1999 6.0000 42.2144 0.0034 
39.6945 4.0000 3651.0585 0.4809 0.1699 -0.6269 3.1980 6.0000 41.9629 0.0034 
39.6696 4.0000 3642.4329 0.4806 0.1698 -0.6280 3.1957 6.0000 41.6895 0.0034 
39.6878 4.0000 3645.6368 0.4822 0.1734 -0.6295 3.2045 6.0000 41.9843 0.0029 
39.6808 4.0000 3643.1787 0.4800 0.1690 -0.6314 3.1990 6.0000 42.1286 0.0029 
39.6907 4.0000 3648.7364 0.4800 0.1699 -0.6308 3.1983 6.0000 41.9749 0.0029 
39.6574 4.0000 3640.6694 0.4852 0.1717 -0.6328 3.2042 6.0000 42.2881 0.0035 
39.6878 4.0000 3645.1874 0.4836 0.1726 -0.6278 3.1976 6.0000 42.1802 0.0035 
39.6583 4.0000 3637.5050 0.4798 0.1694 -0.6280 3.1927 6.0000 41.7004 0.0037 
39.6676 4.0000 3641.4107 0.4845 0.1712 -0.6353 3.1968 6.0000 43.2937 0.0027 
39.6631 4.0000 3641.7134 0.4847 0.1744 -0.6288 3.2001 6.0000 43.1880 0.0031 
39.6992 4.0000 3651.4361 0.4835 0.1709 -0.6303 3.1977 6.0000 43.9228 0.0034 
39.6826 4.0000 3646.0286 0.4792 0.1651 -0.6328 3.1909 6.0000 41.3773 0.0032 
39.6709 4.0000 3643.1083 0.4782 0.1692 -0.6314 3.1910 6.0000 42.1030 0.0035 
39.6799 4.0000 3645.0985 0.4793 0.1692 -0.6287 3.1994 6.0000 41.9531 0.0030 
39.6689 4.0000 3642.8692 0.4783 0.1676 -0.6295 3.1958 6.0000 42.7222 0.0029 
39.6865 4.0000 3649.5810 0.4822 0.1699 -0.6322 3.1906 6.0000 42.1004 0.0033 
39.6921 4.0000 3649.2297 0.4830 0.1701 -0.6268 3.1961 6.0000 42.2607 0.0032 
39.6752 4.0000 3644.1250 0.4816 0.1697 -0.6350 3.1951 6.0000 44.2476 0.0030 
39.6772 4.0000 3643.6091 0.4828 0.1708 -0.6323 3.1929 6.0000 44.8476 0.0032 
39.6858 4.0000 3646.1283 0.4829 0.1698 -0.6343 3.2020 6.0000 44.4608 0.0041 
39.6802 4.0000 3645.6566 0.4834 0.1696 -0.6308 3.1959 6.0000 42.4471 0.0031 
39.6440 4.0000 3630.9775 0.4785 0.1682 -0.6317 3.1983 6.0000 41.9149 0.0031 
39.6826 4.0000 3648.2486 0.4820 0.1694 -0.6369 3.1969 6.0000 42.3976 0.0037 
39.6842 4.0000 3646.9591 0.4808 0.1696 -0.6292 3.1837 6.0000 41.7000 0.0037 
39.6575 4.0000 3635.7202 0.4812 0.1704 -0.6289 3.1991 6.0000 42.1393 0.0033 
39.6597 4.0000 3636.7103 0.4836 0.1705 -0.6309 3.1967 6.0000 42.0326 0.0034 
39.6748 4.0000 3643.0234 0.4792 0.1712 -0.6271 3.1997 6.0000 42.3069 0.0033 
39.6698 4.0000 3642.6040 0.4829 0.1731 -0.6303 3.2007 6.0000 41.6347 0.0033 
39.6750 4.0000 3641.0002 0.4821 0.1709 -0.6299 3.2001 6.0000 41.8384 0.0038 
39.6711 4.0000 3642.0557 0.4812 0.1694 -0.6258 3.1952 6.0000 41.9259 0.0033 
39.6563 4.0000 3634.3835 0.4784 0.1687 -0.6324 3.1962 6.0000 41.8916 0.0033 
39.6752 4.0000 3642.7703 0.4778 0.1678 -0.6341 3.1947 6.0000 41.9827 0.0029 
39.6739 4.0000 3642.8397 0.4825 0.1727 -0.6321 3.1962 6.0000 41.8180 0.0037 
39.6909 4.0000 3648.3565 0.4830 0.1696 -0.6292 3.1912 6.0000 41.8016 0.0037 
39.6584 4.0000 3639.1342 0.4862 0.1709 -0.6386 3.1980 6.0000 41.7562 0.0032 
39.6691 4.0000 3639.9186 0.4799 0.1690 -0.6335 3.1993 6.0000 42.3593 0.0031 
39.6770 4.0000 3642.1641 0.4841 0.1688 -0.6355 3.1907 6.0000 41.9268 0.0031 
39.6817 4.0000 3648.4260 0.4818 0.1693 -0.6304 3.1996 6.0000 41.9561 0.0033 
39.6599 4.0000 3636.1328 0.4828 0.1740 -0.6283 3.2007 6.0000 42.2757 0.0036 
39.6752 4.0000 3642.5815 0.4817 0.1697 -0.6345 3.1972 6.0000 42.0445 0.0036 
39.6638 4.0000 3639.6597 0.4814 0.1689 -0.6317 3.1931 6.0000 41.9114 0.0032 
39.7037 4.0000 3652.5974 0.4782 0.1687 -0.6275 3.1909 6.0000 42.2417 0.0034 
39.6808 4.0000 3645.1733 0.4784 0.1704 -0.6293 3.1922 6.0000 42.3219 0.0034 
39.6703 4.0000 3643.7671 0.4819 0.1681 -0.6334 3.1927 6.0000 41.9836 0.0031 
39.6810 4.0000 3646.2565 0.4782 0.1701 -0.6245 3.1956 6.0000 41.9723 0.0033 
39.6855 4.0000 3649.0998 0.4843 0.1702 -0.6314 3.1992 6.0000 41.8029 0.0033 
39.6754 4.0000 3645.0445 0.4795 0.1688 -0.6293 3.1996 6.0000 41.9609 0.0032 
39.7062 4.0000 3654.6774 0.4793 0.1696 -0.6273 3.2029 6.0000 44.8358 0.0035 
39.6777 4.0000 3645.1540 0.4851 0.1704 -0.6352 3.2001 6.0000 44.8490 0.0035 
39.6655 4.0000 3642.8961 0.4842 0.1722 -0.6260 3.2037 6.0000 44.3707 0.0035 
39.6934 4.0000 3650.1556 0.4798 0.1700 -0.6313 3.1967 6.0000 44.6058 0.0045 
39.6853 4.0000 3646.2338 0.4780 0.1715 -0.6246 3.2021 6.0000 44.6295 0.0045 
39.6275 4.0000 3625.4423 0.4839 0.1694 -0.6371 3.1951 6.0000 44.7804 0.0045 
39.6882 4.0000 3647.8411 0.4810 0.1722 -0.6230 3.2039 6.0000 43.3853 0.0034 
39.6810 4.0000 3646.2077 0.4796 0.1692 -0.6325 3.1923 6.0000 43.2799 0.0034 
39.6727 4.0000 3640.6891 0.4785 0.1683 -0.6279 3.1953 6.0000 43.4193 0.0033 
39.6752 4.0000 3644.0685 0.4844 0.1731 -0.6306 3.1961 6.0000 44.4602 0.0041 
39.6604 4.0000 3638.2218 0.4832 0.1724 -0.6266 3.1967 6.0000 44.3488 0.0041 
39.6422 4.0000 3630.3199 0.4792 0.1675 -0.6332 3.1894 6.0000 44.1193 0.0041 
39.6761 4.0000 3644.4214 0.4826 0.1693 -0.6322 3.1979 6.0000 42.4380 0.0029 
39.6829 4.0000 3647.6314 0.4825 0.1695 -0.6339 3.1942 6.0000 42.3269 0.0029 
39.6905 4.0000 3647.8955 0.4835 0.1715 -0.6282 3.1953 6.0000 42.4000 0.0029 
39.6500 4.0000 3635.1735 0.4836 0.1713 -0.6325 3.1976 6.0000 45.0697 0.0039 
39.6784 4.0000 3645.1284 0.4828 0.1705 -0.6355 3.1922 6.0000 44.9581 0.0039 
39.6494 4.0000 3632.3486 0.4836 0.1692 -0.6362 3.1945 6.0000 44.9470 0.0039 
39.6765 4.0000 3643.9649 0.4794 0.1704 -0.6272 3.1971 6.0000 42.0575 0.0038 
39.6552 4.0000 3633.3743 0.4869 0.1730 -0.6431 3.1978 6.0000 42.3591 0.0039 
39.6309 4.0000 3629.2337 0.4858 0.1711 -0.6364 3.1895 6.0000 42.5419 0.0039 
39.6511 4.0000 3636.1259 0.4788 0.1686 -0.6254 3.1944 6.0000 42.1348 0.0035 
39.6788 4.0000 3644.8271 0.4850 0.1722 -0.6332 3.2057 6.0000 42.5743 0.0035 
39.6676 4.0000 3641.2477 0.4866 0.1702 -0.6335 3.1950 6.0000 42.5451 0.0035 
39.6673 4.0000 3641.3138 0.4812 0.1705 -0.6326 3.1984 6.0000 43.0498 0.0034 
39.6995 4.0000 3652.2290 0.4836 0.1718 -0.6329 3.1914 6.0000 43.3979 0.0031 
39.6691 4.0000 3644.7647 0.4812 0.1700 -0.6325 3.1938 6.0000 43.4882 0.0031 
39.6813 4.0000 3645.4257 0.4810 0.1706 -0.6284 3.1982 6.0000 42.2476 0.0040 
39.6649 4.0000 3640.3221 0.4845 0.1724 -0.6331 3.1955 6.0000 42.2305 0.0034 
39.6480 4.0000 3633.9559 0.4839 0.1734 -0.6309 3.2042 6.0000 42.2688 0.0034 
39.6694 4.0000 3641.2432 0.4835 0.1701 -0.6344 3.1917 6.0000 42.8669 0.0033 
39.6815 4.0000 3644.2360 0.4839 0.1725 -0.6333 3.1955 6.0000 42.9503 0.0030 
39.6732 4.0000 3644.1845 0.4786 0.1680 -0.6290 3.1954 6.0000 43.3270 0.0030 
39.6860 4.0000 3647.7244 0.4820 0.1700 -0.6313 3.2043 6.0000 27.8038 0.0030 
