39.2968 16.5000 3494.4333 0.4861 0.2048 -0.6543 2.9197 5.0000 2.5020 0.0130 
39.3201 16.5000 3517.1480 0.4823 0.2013 -0.6458 2.9058 5.0000 2.5130 0.0130 
39.3765 16.5000 3550.4474 0.4886 0.2002 -0.6520 2.9204 5.0000 2.5286 0.0130 
39.2933 16.5000 3529.0699 0.4836 0.1989 -0.6459 2.9111 5.0000 2.5120 0.0135 
39.3014 16.5000 3507.4346 0.4850 0.2014 -0.6508 2.9148 5.0000 2.4699 0.0135 
39.2767 16.5000 3508.1786 0.4834 0.2037 -0.6476 2.9152 5.0000 2.4877 0.0135 
39.2953 16.5000 3531.1349 0.4882 0.2039 -0.6452 2.9158 5.0000 2.5832 0.0122 
39.2913 16.5000 3508.8656 0.4857 0.2042 -0.6447 2.9145 5.0000 2.6026 0.0121 
39.3276 16.5000 3541.5238 0.4862 0.2024 -0.6577 2.9109 5.0000 2.6055 0.0121 
39.3317 16.5000 3523.2288 0.4822 0.2002 -0.6455 2.9114 5.0000 2.4939 0.0119 
39.3236 16.5000 3518.6704 0.4878 0.2047 -0.6446 2.9227 5.0000 2.5309 0.0153 
39.3377 16.5000 3540.5357 0.4926 0.2040 -0.6515 2.9100 5.0000 2.5139 0.0153 
39.2061 16.5000 3468.9019 0.4840 0.2057 -0.6479 2.9319 5.0000 2.5233 0.0144 
39.2620 16.5000 3495.1697 0.4855 0.2040 -0.6522 2.9214 5.0000 2.5854 0.0141 
39.2424 16.5000 3478.4812 0.4869 0.2046 -0.6495 2.9317 5.0000 2.5855 0.0141 
39.2530 16.5000 3486.1084 0.4799 0.2031 -0.6487 2.9148 5.0000 2.5314 0.0115 
39.2842 16.5000 3497.3377 0.4874 0.2051 -0.6450 2.9169 5.0000 2.6006 0.0127 
39.3528 16.5000 3516.3385 0.4887 0.2001 -0.6587 2.9104 5.0000 2.6287 0.0127 
39.3069 16.5000 3523.1440 0.4884 0.2032 -0.6534 2.9097 5.0000 2.7047 0.0113 
39.2136 16.5000 3483.5702 0.4867 0.2063 -0.6488 2.9259 5.0000 2.7281 0.0128 
39.3614 16.5000 3551.0991 0.4963 0.2026 -0.6601 2.9105 5.0000 2.7212 0.0128 
39.3039 16.5000 3523.9067 0.4889 0.2006 -0.6465 2.9149 5.0000 2.6035 0.0145 
39.2686 16.5000 3490.6683 0.4805 0.2014 -0.6442 2.9111 5.0000 2.5396 0.0153 
39.2353 16.5000 3488.9967 0.4881 0.2025 -0.6466 2.9164 5.0000 2.5650 0.0124 
39.2061 16.5000 3483.9485 0.4810 0.2014 -0.6527 2.9088 5.0000 2.6163 0.0115 
39.3170 16.5000 3530.4136 0.4857 0.2029 -0.6422 2.9119 5.0000 2.5848 0.0140 
39.3544 16.5000 3539.2792 0.4913 0.2026 -0.6546 2.9053 5.0000 2.6181 0.0130 
39.2580 16.5000 3492.7142 0.4845 0.1997 -0.6498 2.9192 5.0000 2.5532 0.0121 
39.2948 16.5000 3514.6073 0.4815 0.2015 -0.6447 2.9132 5.0000 2.5458 0.0120 
39.3291 16.5000 3518.0197 0.4871 0.2074 -0.6444 2.9178 5.0000 2.5796 0.0158 
39.3357 16.5000 3535.2858 0.4853 0.2031 -0.6488 2.9103 5.0000 2.7501 0.0125 
39.1849 16.5000 3454.4661 0.4852 0.2049 -0.6499 2.9253 5.0000 2.7120 0.0130 
39.3130 16.5000 3526.6356 0.4857 0.1985 -0.6481 2.9125 5.0000 2.7355 0.0132 
39.2938 16.5000 3518.4757 0.4825 0.1997 -0.6416 2.9159 5.0000 2.5936 0.0121 
39.2878 16.5000 3513.9253 0.4865 0.2005 -0.6489 2.9093 5.0000 2.5453 0.0121 
39.3296 16.5000 3528.6588 0.4837 0.1997 -0.6423 2.9110 5.0000 2.5953 0.0118 
39.2772 16.5000 3499.1001 0.4845 0.2049 -0.6483 2.9156 5.0000 2.6340 0.0148 
39.3433 16.5000 3529.7564 0.4898 0.2039 -0.6584 2.9140 5.0000 2.6159 0.0148 
39.2262 16.5000 3480.1947 0.4885 0.2058 -0.6572 2.9232 5.0000 2.6417 0.0165 
39.3720 16.5000 3526.8071 0.4868 0.1996 -0.6501 2.9172 5.0000 2.5288 0.0131 
39.1607 16.5000 3468.7970 0.4798 0.2029 -0.6499 2.9218 5.0000 2.5317 0.0131 
39.2928 16.5000 3521.8628 0.4849 0.2016 -0.6459 2.9131 5.0000 2.5550 0.0125 
39.3090 16.5000 3530.1690 0.4805 0.1970 -0.6445 2.9105 5.0000 2.7543 0.0139 
39.3135 16.5000 3525.3301 0.4864 0.2010 -0.6447 2.9142 5.0000 2.6981 0.0139 
39.2590 16.5000 3491.4098 0.4858 0.2012 -0.6462 2.9162 5.0000 2.6995 0.0139 
39.2681 16.5000 3493.2883 0.4863 0.2044 -0.6558 2.9258 5.0000 2.5393 0.0121 
39.2615 16.5000 3499.3786 0.4826 0.2005 -0.6512 2.9076 5.0000 2.5286 0.0121 
39.3306 16.5000 3539.9289 0.4870 0.2002 -0.6468 2.9046 5.0000 2.5445 0.0125 
39.3579 16.5000 3548.1508 0.4850 0.1978 -0.6427 2.9107 5.0000 2.6265 0.0134 
39.3150 16.5000 3516.8005 0.4865 0.2029 -0.6463 2.9191 5.0000 2.6212 0.0134 
39.2777 16.5000 3515.7347 0.4854 0.2013 -0.6441 2.9128 5.0000 2.6448 0.0140 
39.3584 16.5000 3543.3296 0.4909 0.2012 -0.6488 2.9157 5.0000 2.6106 0.0111 
39.2575 16.5000 3509.6237 0.4835 0.2035 -0.6388 2.9239 5.0000 2.6011 0.0111 
39.3700 16.5000 3544.6562 0.4852 0.2026 -0.6479 2.9110 5.0000 2.5786 0.0114 
39.3090 16.5000 3519.9823 0.4852 0.2011 -0.6527 2.9022 5.0000 2.7497 0.0109 
39.3569 16.5000 3524.4096 0.4894 0.2014 -0.6498 2.9014 5.0000 2.7308 0.0109 
39.3755 16.5000 3551.8704 0.4821 0.1993 -0.6504 2.9059 5.0000 2.7218 0.0118 
39.4199 16.5000 3566.3793 0.4822 0.2005 -0.6394 2.9102 5.0000 2.6223 0.0132 
39.3412 16.5000 3513.2035 0.4847 0.2032 -0.6445 2.9145 5.0000 2.5620 0.0135 
39.2736 16.5000 3518.2240 0.4855 0.2001 -0.6482 2.9071 5.0000 2.6014 0.0122 
39.2863 16.5000 3504.5503 0.4891 0.2025 -0.6481 2.9164 5.0000 2.6212 0.0142 
39.3261 16.5000 3526.3440 0.4802 0.1981 -0.6374 2.9150 5.0000 2.5628 0.0142 
39.2479 16.5000 3518.7259 0.4839 0.2003 -0.6468 2.9181 5.0000 2.5852 0.0127 
39.3493 16.5000 3515.6661 0.4900 0.2087 -0.6529 2.9245 5.0000 2.5430 0.0129 
39.3049 16.5000 3498.5493 0.4813 0.2005 -0.6422 2.9257 5.0000 2.5442 0.0129 
39.2999 16.5000 3518.1448 0.4834 0.2047 -0.6379 2.9244 5.0000 2.5121 0.0131 
39.3634 16.5000 3549.6096 0.4929 0.2029 -0.6513 2.9061 5.0000 2.7117 0.0135 
39.2918 16.5000 3513.0224 0.4838 0.2018 -0.6489 2.9105 5.0000 2.7117 0.0135 
39.2762 16.5000 3511.4310 0.4830 0.2022 -0.6381 2.9213 5.0000 2.6986 0.0116 
39.2994 16.5000 3526.7591 0.4846 0.2003 -0.6417 2.9154 5.0000 2.6048 0.0129 
39.3498 16.5000 3543.1844 0.4857 0.2010 -0.6456 2.9107 5.0000 2.5666 0.0129 
39.3004 16.5000 3519.0073 0.4879 0.2044 -0.6419 2.9211 5.0000 2.5793 0.0154 
39.2802 16.5000 3498.4308 0.4919 0.2072 -0.6484 2.9153 5.0000 2.6746 0.0129 
39.2005 16.5000 3471.2600 0.4818 0.2002 -0.6536 2.9234 5.0000 2.6087 0.0129 
39.2984 16.5000 3511.4048 0.4856 0.2006 -0.6495 2.9238 5.0000 2.5945 0.0142 
39.3533 16.5000 3547.0699 0.4909 0.2025 -0.6518 2.9098 5.0000 2.6131 0.0134 
39.2474 16.5000 3489.3427 0.4933 0.2040 -0.6599 2.9282 5.0000 2.5818 0.0134 
39.2812 16.5000 3500.5503 0.4845 0.2023 -0.6491 2.9177 5.0000 2.5904 0.0140 
39.2585 16.5000 3489.9813 0.4835 0.2034 -0.6485 2.9287 5.0000 2.7027 0.0141 
39.2545 16.5000 3500.5624 0.4853 0.2029 -0.6432 2.9110 5.0000 2.6934 0.0141 
39.2540 16.5000 3490.9634 0.4780 0.2006 -0.6454 2.9196 5.0000 2.6994 0.0121 
39.3533 16.5000 3544.6214 0.4879 0.2020 -0.6490 2.9095 5.0000 2.5793 0.0123 
39.3291 16.5000 3529.7412 0.4844 0.2046 -0.6394 2.9116 5.0000 2.6154 0.0123 
39.3206 16.5000 3527.7876 0.4890 0.2010 -0.6513 2.9084 5.0000 2.5727 0.0152 
39.3256 16.5000 3535.6923 0.4934 0.2032 -0.6544 2.9130 5.0000 2.6536 0.0134 
39.2106 16.5000 3466.1564 0.4908 0.2080 -0.6553 2.9222 5.0000 2.6262 0.0134 
39.2787 16.5000 3513.3226 0.4906 0.2052 -0.6547 2.9130 5.0000 2.6440 0.0165 
39.3594 16.5000 3544.6910 0.4875 0.2010 -0.6420 2.9150 5.0000 2.5653 0.0125 
39.1586 16.5000 3462.2910 0.4867 0.2016 -0.6564 2.9150 5.0000 2.5639 0.0125 
39.3130 16.5000 3521.2908 0.4897 0.2024 -0.6542 2.9243 5.0000 2.5552 0.0128 
39.3594 16.5000 3534.4565 0.4793 0.2007 -0.6467 2.9075 5.0000 2.7143 0.0114 
39.3019 16.5000 3519.7962 0.4779 0.1983 -0.6396 2.9088 5.0000 2.7404 0.0114 
39.3559 16.5000 3535.0038 0.4911 0.2030 -0.6554 2.9116 5.0000 2.6979 0.0132 
39.2863 16.5000 3510.3556 0.4888 0.2019 -0.6569 2.9150 5.0000 2.5466 0.0138 
39.3589 16.5000 3526.7021 0.4834 0.2023 -0.6473 2.9185 5.0000 2.5520 0.0138 
39.2656 16.5000 3498.3435 0.4851 0.2028 -0.6498 2.9022 5.0000 2.5780 0.0130 
39.3271 16.5000 3531.4098 0.4848 0.2021 -0.6510 2.9102 5.0000 2.5972 0.0123 
39.2968 16.5000 3527.3367 0.4859 0.2015 -0.6422 2.9112 5.0000 2.6440 0.0114 
39.3231 16.5000 3539.4618 0.4887 0.1999 -0.6502 2.9061 5.0000 2.5796 0.0114 
39.3569 16.5000 3540.7632 0.4825 0.1992 -0.6509 2.9056 5.0000 2.3894 0.0114 
