39.2726 16.5000 3505.7281 0.4568 0.1839 -0.6469 2.8950 5.0000 2.5618 0.0136 
39.4058 16.5000 3559.9228 0.4602 0.1863 -0.6393 2.8936 5.0000 2.6435 0.0136 
39.2560 16.5000 3485.7952 0.4607 0.1895 -0.6484 2.9024 5.0000 2.5744 0.0136 
39.3024 16.5000 3515.5985 0.4660 0.1884 -0.6419 2.8983 5.0000 2.6957 0.0109 
39.2731 16.5000 3503.1364 0.4596 0.1866 -0.6537 2.8976 5.0000 2.7095 0.0109 
39.3781 16.5000 3549.0028 0.4571 0.1830 -0.6445 2.8971 5.0000 2.7271 0.0115 
39.3206 16.5000 3532.2986 0.4599 0.1847 -0.6434 2.8997 5.0000 2.4987 0.0131 
39.3538 16.5000 3524.3415 0.4591 0.1875 -0.6448 2.9056 5.0000 2.5066 0.0131 
39.2893 16.5000 3505.8759 0.4557 0.1896 -0.6423 2.8997 5.0000 2.4750 0.0121 
39.3473 16.5000 3532.2078 0.4655 0.1905 -0.6433 2.9033 5.0000 2.6061 0.0131 
39.3301 16.5000 3533.9677 0.4552 0.1821 -0.6463 2.8904 5.0000 2.6753 0.0122 
39.2928 16.5000 3506.6910 0.4612 0.1914 -0.6349 2.9154 5.0000 2.6691 0.0135 
39.3251 16.5000 3510.7748 0.4592 0.1842 -0.6477 2.9089 5.0000 2.5172 0.0124 
39.2752 16.5000 3484.5725 0.4605 0.1887 -0.6478 2.9057 5.0000 2.4811 0.0102 
39.3185 16.5000 3524.9619 0.4601 0.1893 -0.6386 2.8979 5.0000 2.4909 0.0154 
39.4033 16.5000 3552.7208 0.4616 0.1848 -0.6490 2.8959 5.0000 2.7302 0.0119 
39.2025 16.5000 3478.5544 0.4709 0.1926 -0.6571 2.9078 5.0000 2.7201 0.0113 
39.3387 16.5000 3523.4820 0.4601 0.1849 -0.6473 2.8999 5.0000 2.7175 0.0124 
39.3599 16.5000 3540.5508 0.4601 0.1851 -0.6418 2.8962 5.0000 2.5141 0.0146 
39.3195 16.5000 3502.5407 0.4593 0.1875 -0.6503 2.8988 5.0000 2.5285 0.0135 
39.2333 16.5000 3485.6061 0.4584 0.1904 -0.6437 2.9089 5.0000 2.5206 0.0135 
39.2762 16.5000 3522.2683 0.4603 0.1883 -0.6345 2.9021 5.0000 2.7180 0.0140 
39.2772 16.5000 3508.7506 0.4593 0.1890 -0.6354 2.9013 5.0000 2.6899 0.0140 
39.2580 16.5000 3495.3544 0.4555 0.1861 -0.6438 2.8970 5.0000 2.6889 0.0127 
39.3084 16.5000 3500.6689 0.4565 0.1872 -0.6464 2.9096 5.0000 2.5594 0.0121 
39.3059 16.5000 3524.4449 0.4542 0.1840 -0.6398 2.8987 5.0000 2.5572 0.0121 
39.3301 16.5000 3535.0673 0.4496 0.1858 -0.6302 2.8943 5.0000 2.5660 0.0126 
39.3468 16.5000 3527.8371 0.4636 0.1900 -0.6458 2.9002 5.0000 2.6953 0.0132 
39.3095 16.5000 3522.4076 0.4598 0.1889 -0.6425 2.9060 5.0000 2.7734 0.0138 
39.2888 16.5000 3513.2217 0.4586 0.1846 -0.6444 2.8956 5.0000 2.7478 0.0138 
39.2656 16.5000 3492.9130 0.4614 0.1896 -0.6405 2.9028 5.0000 2.5091 0.0118 
39.3206 16.5000 3526.3465 0.4629 0.1867 -0.6424 2.9027 5.0000 2.5346 0.0106 
39.3427 16.5000 3529.3256 0.4546 0.1847 -0.6462 2.9013 5.0000 2.5139 0.0106 
39.3876 16.5000 3553.4996 0.4657 0.1891 -0.6411 2.9010 5.0000 2.6196 0.0134 
39.3962 16.5000 3547.9369 0.4567 0.1883 -0.6355 2.8987 5.0000 2.7577 0.0107 
39.2782 16.5000 3499.6010 0.4619 0.1877 -0.6473 2.8964 5.0000 2.6583 0.0128 
39.3019 16.5000 3515.4361 0.4632 0.1860 -0.6485 2.8895 5.0000 2.5868 0.0122 
39.3836 16.5000 3539.6282 0.4591 0.1892 -0.6433 2.8925 5.0000 2.5792 0.0130 
39.3246 16.5000 3510.0378 0.4619 0.1876 -0.6544 2.9030 5.0000 2.5992 0.0133 
39.2953 16.5000 3496.5291 0.4590 0.1859 -0.6517 2.8969 5.0000 2.7342 0.0110 
39.2837 16.5000 3515.0981 0.4602 0.1889 -0.6495 2.9073 5.0000 2.7682 0.0132 
39.3710 16.5000 3545.1415 0.4561 0.1879 -0.6423 2.8989 5.0000 2.7085 0.0120 
39.2888 16.5000 3507.5496 0.4619 0.1871 -0.6425 2.9037 5.0000 2.5039 0.0122 
39.3322 16.5000 3538.7092 0.4549 0.1887 -0.6413 2.8934 5.0000 2.5310 0.0128 
39.3251 16.5000 3526.2174 0.4606 0.1898 -0.6401 2.8992 5.0000 2.5361 0.0130 
39.3014 16.5000 3512.8035 0.4577 0.1840 -0.6441 2.8939 5.0000 2.6583 0.0117 
39.2943 16.5000 3513.4058 0.4645 0.1874 -0.6516 2.8953 5.0000 2.6374 0.0137 
39.3463 16.5000 3541.5864 0.4577 0.1835 -0.6403 2.8980 5.0000 2.6606 0.0132 
39.2691 16.5000 3501.1107 0.4598 0.1844 -0.6463 2.8923 5.0000 2.4916 0.0119 
39.2878 16.5000 3522.4111 0.4690 0.1924 -0.6495 2.9066 5.0000 2.4843 0.0137 
39.3367 16.5000 3531.4900 0.4580 0.1871 -0.6427 2.8992 5.0000 2.4723 0.0121 
39.2696 16.5000 3512.3869 0.4638 0.1913 -0.6421 2.9070 5.0000 2.7599 0.0151 
39.3317 16.5000 3527.4522 0.4599 0.1865 -0.6409 2.9044 5.0000 2.8062 0.0113 
39.2151 16.5000 3483.4078 0.4576 0.1864 -0.6494 2.8968 5.0000 2.7628 0.0113 
39.3599 16.5000 3530.5498 0.4578 0.1882 -0.6423 2.8911 5.0000 2.5605 0.0103 
39.3286 16.5000 3518.2497 0.4613 0.1869 -0.6429 2.9009 5.0000 2.5787 0.0120 
39.3987 16.5000 3560.4000 0.4588 0.1856 -0.6470 2.8937 5.0000 2.5567 0.0120 
39.3327 16.5000 3525.1082 0.4658 0.1869 -0.6463 2.9025 5.0000 2.6732 0.0147 
39.2282 16.5000 3479.1375 0.4579 0.1885 -0.6476 2.9071 5.0000 2.7430 0.0113 
39.2736 16.5000 3518.2260 0.4585 0.1854 -0.6454 2.8992 5.0000 2.7013 0.0113 
39.3624 16.5000 3550.2406 0.4605 0.1895 -0.6395 2.8956 5.0000 2.5171 0.0104 
39.3710 16.5000 3548.5453 0.4585 0.1842 -0.6391 2.8990 5.0000 2.5139 0.0146 
39.3962 16.5000 3546.6240 0.4576 0.1851 -0.6389 2.8957 5.0000 2.4986 0.0146 
39.2343 16.5000 3481.4144 0.4613 0.1887 -0.6493 2.9073 5.0000 2.7664 0.0125 
39.2479 16.5000 3508.9095 0.4559 0.1867 -0.6410 2.9060 5.0000 2.8072 0.0099 
39.3145 16.5000 3524.9836 0.4540 0.1840 -0.6436 2.8984 5.0000 2.8720 0.0138 
39.4144 16.5000 3565.9455 0.4573 0.1877 -0.6325 2.8985 5.0000 2.5315 0.0157 
39.2651 16.5000 3513.6938 0.4624 0.1891 -0.6441 2.9067 5.0000 2.5283 0.0138 
39.1919 16.5000 3476.1130 0.4580 0.1892 -0.6452 2.9043 5.0000 2.5249 0.0149 
39.2656 16.5000 3501.3206 0.4591 0.1885 -0.6439 2.9012 5.0000 2.7006 0.0125 
39.2202 16.5000 3461.1687 0.4561 0.1888 -0.6448 2.9072 5.0000 2.6669 0.0128 
39.3155 16.5000 3526.7309 0.4618 0.1863 -0.6394 2.8957 5.0000 2.6900 0.0133 
39.3044 16.5000 3516.1932 0.4597 0.1903 -0.6421 2.9146 5.0000 2.5121 0.0133 
39.2847 16.5000 3512.2734 0.4565 0.1875 -0.6458 2.9052 5.0000 2.5063 0.0130 
39.2852 16.5000 3513.8552 0.4621 0.1902 -0.6496 2.8917 5.0000 2.4986 0.0126 
39.2968 16.5000 3513.2494 0.4589 0.1873 -0.6474 2.8981 5.0000 2.8112 0.0123 
39.3095 16.5000 3523.7009 0.4591 0.1859 -0.6524 2.8997 5.0000 2.8959 0.0123 
39.3206 16.5000 3530.3289 0.4597 0.1848 -0.6429 2.8918 5.0000 2.8593 0.0137 
39.3216 16.5000 3518.4328 0.4616 0.1880 -0.6490 2.9053 5.0000 2.5175 0.0125 
39.2686 16.5000 3509.1082 0.4620 0.1873 -0.6365 2.9080 5.0000 2.4769 0.0125 
39.3145 16.5000 3518.6981 0.4557 0.1836 -0.6497 2.9075 5.0000 2.4871 0.0153 
39.3155 16.5000 3517.6757 0.4650 0.1920 -0.6457 2.8962 5.0000 2.6713 0.0115 
39.2066 16.5000 3478.7037 0.4564 0.1862 -0.6423 2.9002 5.0000 2.6583 0.0138 
39.3518 16.5000 3528.7188 0.4575 0.1854 -0.6461 2.9061 5.0000 2.6550 0.0132 
39.2620 16.5000 3505.8451 0.4600 0.1887 -0.6482 2.9037 5.0000 2.5120 0.0146 
39.2873 16.5000 3504.7289 0.4585 0.1879 -0.6414 2.9008 5.0000 2.4942 0.0129 
39.2343 16.5000 3472.9831 0.4572 0.1864 -0.6524 2.8956 5.0000 2.5055 0.0129 
39.2984 16.5000 3498.4852 0.4607 0.1882 -0.6475 2.8962 5.0000 2.7945 0.0136 
39.2989 16.5000 3520.4807 0.4587 0.1895 -0.6408 2.9139 5.0000 2.7884 0.0128 
39.2731 16.5000 3511.4467 0.4592 0.1885 -0.6499 2.9021 5.0000 2.8868 0.0131 
39.3014 16.5000 3518.2810 0.4584 0.1869 -0.6412 2.9002 5.0000 2.5402 0.0138 
39.2893 16.5000 3508.4424 0.4645 0.1904 -0.6494 2.9032 5.0000 2.5227 0.0145 
39.2641 16.5000 3485.0209 0.4562 0.1872 -0.6461 2.9075 5.0000 2.5292 0.0114 
39.2383 16.5000 3465.7226 0.4551 0.1873 -0.6459 2.8996 5.0000 2.6479 0.0144 
39.3554 16.5000 3530.0863 0.4540 0.1839 -0.6382 2.8979 5.0000 2.6281 0.0120 
39.2393 16.5000 3492.8247 0.4556 0.1854 -0.6453 2.8969 5.0000 2.7080 0.0110 
39.3357 16.5000 3536.1347 0.4628 0.1867 -0.6489 2.8986 5.0000 2.5321 0.0142 
39.3740 16.5000 3552.3803 0.4589 0.1878 -0.6401 2.8958 5.0000 2.4729 0.0116 
39.2489 16.5000 3505.4330 0.4577 0.1871 -0.6395 2.8975 5.0000 2.4844 0.0116 
39.3498 16.5000 3526.5654 0.4598 0.1898 -0.6398 2.9029 5.0000 2.4899 0.0116 
