39.4335 16.5000 3572.6613 0.4383 0.1770 -0.6332 2.8845 5.0000 2.8894 0.0094 
39.3155 16.5000 3526.3748 0.4444 0.1805 -0.6305 2.9001 5.0000 2.9344 0.0132 
39.2807 16.5000 3490.7243 0.4347 0.1755 -0.6380 2.8967 5.0000 2.8518 0.0094 
39.2888 16.5000 3495.2868 0.4345 0.1763 -0.6370 2.8908 5.0000 2.4670 0.0109 
39.2858 16.5000 3516.2431 0.4438 0.1774 -0.6400 2.8856 5.0000 2.4614 0.0109 
39.3755 16.5000 3550.5604 0.4467 0.1818 -0.6347 2.8888 5.0000 2.4966 0.0118 
39.2948 16.5000 3520.9735 0.4440 0.1752 -0.6422 2.8898 5.0000 2.5785 0.0135 
39.3407 16.5000 3525.9657 0.4418 0.1795 -0.6403 2.8963 5.0000 2.6257 0.0118 
39.2741 16.5000 3485.0008 0.4412 0.1807 -0.6391 2.8940 5.0000 2.5963 0.0103 
39.3433 16.5000 3540.6124 0.4410 0.1764 -0.6329 2.8919 5.0000 2.5069 0.0147 
39.4003 16.5000 3544.6784 0.4404 0.1730 -0.6420 2.8848 5.0000 2.4982 0.0103 
39.2282 16.5000 3491.6404 0.4405 0.1757 -0.6389 2.8906 5.0000 2.5183 0.0111 
39.3992 16.5000 3556.8691 0.4411 0.1748 -0.6358 2.8917 5.0000 2.7283 0.0115 
39.3680 16.5000 3539.6938 0.4379 0.1760 -0.6312 2.9000 5.0000 2.6964 0.0115 
39.3513 16.5000 3529.2141 0.4409 0.1790 -0.6384 2.9002 5.0000 2.6942 0.0130 
39.3387 16.5000 3529.0224 0.4460 0.1762 -0.6460 2.8877 5.0000 2.4988 0.0140 
39.2968 16.5000 3507.8784 0.4462 0.1839 -0.6379 2.8950 5.0000 2.4945 0.0140 
39.2550 16.5000 3508.6820 0.4443 0.1764 -0.6422 2.8930 5.0000 2.5382 0.0126 
39.2736 16.5000 3480.7107 0.4400 0.1792 -0.6469 2.8977 5.0000 2.6559 0.0128 
39.3120 16.5000 3522.5342 0.4414 0.1774 -0.6374 2.8938 5.0000 2.5994 0.0128 
39.3019 16.5000 3522.1654 0.4373 0.1755 -0.6268 2.8971 5.0000 2.6263 0.0141 
39.2827 16.5000 3504.3985 0.4420 0.1785 -0.6444 2.8911 5.0000 2.5891 0.0104 
39.2515 16.5000 3487.1163 0.4423 0.1805 -0.6413 2.9012 5.0000 2.5703 0.0104 
39.3957 16.5000 3556.2235 0.4402 0.1749 -0.6332 2.8822 5.0000 2.6146 0.0104 
39.2489 16.5000 3484.7425 0.4419 0.1783 -0.6436 2.8938 5.0000 2.7461 0.0148 
39.3947 16.5000 3544.6280 0.4445 0.1781 -0.6376 2.8879 5.0000 2.8103 0.0130 
39.2257 16.5000 3486.5402 0.4434 0.1790 -0.6411 2.8877 5.0000 2.7932 0.0113 
39.2933 16.5000 3506.0852 0.4394 0.1760 -0.6379 2.8850 5.0000 2.5133 0.0143 
39.3614 16.5000 3533.2308 0.4414 0.1772 -0.6288 2.8958 5.0000 2.5265 0.0118 
39.2434 16.5000 3476.8550 0.4397 0.1800 -0.6419 2.8993 5.0000 2.5199 0.0151 
39.3402 16.5000 3532.5327 0.4464 0.1769 -0.6399 2.8852 5.0000 2.6281 0.0122 
39.2131 16.5000 3468.5897 0.4383 0.1773 -0.6426 2.8912 5.0000 2.6127 0.0120 
39.3241 16.5000 3533.2923 0.4424 0.1755 -0.6414 2.8938 5.0000 2.6666 0.0126 
39.3347 16.5000 3518.5680 0.4477 0.1839 -0.6346 2.9079 5.0000 2.4961 0.0123 
39.3090 16.5000 3525.6368 0.4410 0.1757 -0.6443 2.8868 5.0000 2.5317 0.0138 
39.3206 16.5000 3534.6028 0.4445 0.1751 -0.6463 2.8937 5.0000 2.5072 0.0124 
39.2620 16.5000 3489.7251 0.4401 0.1773 -0.6480 2.8865 5.0000 2.8067 0.0132 
39.3195 16.5000 3535.4462 0.4453 0.1760 -0.6371 2.8786 5.0000 2.7951 0.0135 
39.2888 16.5000 3520.2724 0.4422 0.1772 -0.6434 2.8994 5.0000 2.7466 0.0101 
39.2747 16.5000 3498.7581 0.4381 0.1799 -0.6317 2.8994 5.0000 2.5851 0.0143 
39.4073 16.5000 3546.5084 0.4360 0.1711 -0.6331 2.8830 5.0000 2.6191 0.0126 
39.2439 16.5000 3482.2784 0.4424 0.1777 -0.6450 2.8926 5.0000 2.6222 0.0137 
39.3120 16.5000 3517.7508 0.4398 0.1795 -0.6314 2.9023 5.0000 2.6192 0.0145 
39.2671 16.5000 3497.8714 0.4439 0.1808 -0.6434 2.8879 5.0000 2.6449 0.0099 
39.2383 16.5000 3489.6812 0.4402 0.1774 -0.6382 2.8924 5.0000 2.6193 0.0122 
39.4149 16.5000 3557.8361 0.4427 0.1770 -0.6366 2.8926 5.0000 2.5048 0.0131 
39.3271 16.5000 3516.4192 0.4380 0.1770 -0.6408 2.8953 5.0000 2.5303 0.0123 
39.2893 16.5000 3513.6555 0.4403 0.1794 -0.6266 2.8934 5.0000 2.5419 0.0122 
39.3226 16.5000 3518.0706 0.4385 0.1734 -0.6374 2.8900 5.0000 2.7360 0.0094 
39.3266 16.5000 3520.1281 0.4426 0.1791 -0.6434 2.8943 5.0000 2.7272 0.0125 
39.4340 16.5000 3565.0880 0.4404 0.1747 -0.6340 2.8852 5.0000 2.7813 0.0138 
39.3125 16.5000 3526.6542 0.4459 0.1814 -0.6350 2.8980 5.0000 2.4920 0.0134 
39.2636 16.5000 3499.2979 0.4419 0.1795 -0.6449 2.8926 5.0000 2.5375 0.0132 
39.2797 16.5000 3507.3317 0.4438 0.1767 -0.6435 2.8864 5.0000 2.5505 0.0125 
39.2878 16.5000 3516.1907 0.4376 0.1763 -0.6345 2.8885 5.0000 2.6520 0.0123 
39.3135 16.5000 3506.3506 0.4391 0.1773 -0.6379 2.9013 5.0000 2.6431 0.0143 
39.3226 16.5000 3508.5917 0.4425 0.1800 -0.6333 2.8954 5.0000 2.6777 0.0130 
39.2439 16.5000 3487.4744 0.4408 0.1771 -0.6396 2.8877 5.0000 2.4986 0.0135 
39.2948 16.5000 3518.0550 0.4384 0.1782 -0.6309 2.8924 5.0000 2.5194 0.0104 
39.2747 16.5000 3509.6045 0.4446 0.1774 -0.6489 2.8892 5.0000 2.5112 0.0118 
39.3947 16.5000 3554.8429 0.4421 0.1735 -0.6389 2.8856 5.0000 2.8072 0.0132 
39.3427 16.5000 3547.6545 0.4487 0.1800 -0.6411 2.8879 5.0000 2.7459 0.0134 
39.2883 16.5000 3506.1841 0.4427 0.1789 -0.6405 2.8987 5.0000 2.7816 0.0124 
39.2797 16.5000 3494.8237 0.4412 0.1788 -0.6407 2.8884 5.0000 2.5963 0.0140 
39.3195 16.5000 3523.8855 0.4443 0.1762 -0.6454 2.8993 5.0000 2.5903 0.0136 
39.2560 16.5000 3495.7402 0.4354 0.1741 -0.6426 2.8903 5.0000 2.6187 0.0153 
39.2701 16.5000 3498.5306 0.4363 0.1764 -0.6347 2.8939 5.0000 2.6679 0.0147 
39.2061 16.5000 3465.0472 0.4360 0.1759 -0.6384 2.8945 5.0000 2.6806 0.0112 
39.2288 16.5000 3482.8918 0.4343 0.1763 -0.6416 2.8877 5.0000 2.6330 0.0108 
39.3665 16.5000 3536.5412 0.4457 0.1775 -0.6394 2.8827 5.0000 2.5558 0.0107 
39.3796 16.5000 3544.9937 0.4478 0.1794 -0.6424 2.8898 5.0000 2.6114 0.0107 
39.3851 16.5000 3554.5544 0.4414 0.1773 -0.6331 2.8888 5.0000 2.5461 0.0115 
39.3856 16.5000 3535.6363 0.4348 0.1761 -0.6357 2.8860 5.0000 2.7840 0.0094 
39.3544 16.5000 3525.0547 0.4411 0.1818 -0.6358 2.8929 5.0000 2.7276 0.0158 
39.4356 16.5000 3563.4214 0.4450 0.1795 -0.6376 2.8878 5.0000 2.7398 0.0115 
39.1854 16.5000 3459.4270 0.4382 0.1793 -0.6433 2.8930 5.0000 2.6221 0.0141 
39.3518 16.5000 3536.8323 0.4421 0.1772 -0.6354 2.8998 5.0000 2.6031 0.0152 
39.2504 16.5000 3492.0217 0.4416 0.1752 -0.6424 2.8844 5.0000 2.6325 0.0108 
39.2086 16.5000 3478.0293 0.4406 0.1789 -0.6426 2.8979 5.0000 2.7036 0.0137 
39.3821 16.5000 3559.7266 0.4459 0.1788 -0.6366 2.8884 5.0000 2.6575 0.0122 
39.2681 16.5000 3497.9723 0.4343 0.1764 -0.6375 2.8955 5.0000 2.6625 0.0113 
39.3266 16.5000 3536.7919 0.4429 0.1779 -0.6410 2.8984 5.0000 2.5409 0.0133 
39.3594 16.5000 3531.2525 0.4440 0.1774 -0.6411 2.8990 5.0000 2.5492 0.0143 
39.2837 16.5000 3521.4527 0.4426 0.1778 -0.6320 2.8903 5.0000 2.5623 0.0136 
39.2464 16.5000 3481.9939 0.4406 0.1762 -0.6441 2.8919 5.0000 2.8188 0.0106 
39.2721 16.5000 3518.4076 0.4417 0.1770 -0.6334 2.8871 5.0000 2.7653 0.0127 
39.3897 16.5000 3558.2799 0.4428 0.1779 -0.6328 2.8905 5.0000 2.7443 0.0142 
39.3084 16.5000 3521.1248 0.4413 0.1760 -0.6328 2.8914 5.0000 2.5965 0.0154 
39.2484 16.5000 3474.1654 0.4431 0.1799 -0.6470 2.8974 5.0000 2.5798 0.0154 
39.2005 16.5000 3478.1559 0.4438 0.1774 -0.6410 2.9004 5.0000 2.5841 0.0135 
39.2504 16.5000 3485.4628 0.4419 0.1802 -0.6356 2.8937 5.0000 2.6600 0.0124 
39.2741 16.5000 3498.5755 0.4386 0.1783 -0.6411 2.8993 5.0000 2.6076 0.0124 
39.3180 16.5000 3522.9851 0.4376 0.1754 -0.6395 2.8954 5.0000 2.6209 0.0125 
39.2812 16.5000 3512.5412 0.4422 0.1753 -0.6484 2.8936 5.0000 2.5685 0.0143 
39.3140 16.5000 3513.7912 0.4447 0.1786 -0.6411 2.8951 5.0000 2.6207 0.0133 
39.2439 16.5000 3484.6900 0.4430 0.1792 -0.6423 2.8991 5.0000 2.6061 0.0100 
39.2842 16.5000 3499.4769 0.4477 0.1830 -0.6434 2.9059 5.0000 2.7182 0.0105 
39.4108 16.5000 3556.6204 0.4390 0.1779 -0.6347 2.8908 5.0000 2.7373 0.0119 
39.3912 16.5000 3539.5894 0.4419 0.1791 -0.6351 2.8939 5.0000 2.7289 0.0119 
39.3387 16.5000 3529.6197 0.4381 0.1751 -0.6352 2.8889 5.0000 2.3572 0.0119 
