39.5797 4.0000 3597.2896 0.1886 0.0724 -0.4009 2.8302 5.0000 4.3106 0.0060 
39.5633 4.0000 3591.2459 0.1887 0.0723 -0.4003 2.8268 5.0000 4.2119 0.0060 
39.5700 4.0000 3595.1379 0.1885 0.0734 -0.3998 2.8305 5.0000 4.1694 0.0060 
39.5721 4.0000 3588.4266 0.1858 0.0723 -0.3955 2.8284 5.0000 4.1429 0.0064 
39.5658 4.0000 3591.5204 0.1873 0.0716 -0.3975 2.8304 5.0000 4.1240 0.0064 
39.5544 4.0000 3586.2535 0.1885 0.0731 -0.3989 2.8300 5.0000 4.1410 0.0064 
39.5683 4.0000 3587.8172 0.1865 0.0721 -0.3993 2.8314 5.0000 4.1179 0.0051 
39.5792 4.0000 3594.3842 0.1840 0.0718 -0.3944 2.8292 5.0000 4.1781 0.0051 
39.6049 4.0000 3605.5292 0.1902 0.0734 -0.4014 2.8306 5.0000 4.1124 0.0051 
39.5586 4.0000 3583.7604 0.1874 0.0716 -0.4031 2.8277 5.0000 3.9071 0.0061 
39.5939 4.0000 3602.1164 0.1861 0.0726 -0.3958 2.8303 5.0000 3.8924 0.0061 
39.5633 4.0000 3587.9168 0.1876 0.0718 -0.4009 2.8292 5.0000 3.9181 0.0061 
39.5792 4.0000 3594.9823 0.1871 0.0716 -0.3977 2.8269 5.0000 3.9987 0.0057 
39.5570 4.0000 3586.7003 0.1860 0.0723 -0.3935 2.8262 5.0000 4.0832 0.0052 
39.5792 4.0000 3600.2665 0.1852 0.0727 -0.3960 2.8314 5.0000 4.0182 0.0052 
39.5982 4.0000 3606.4977 0.1867 0.0720 -0.3979 2.8272 5.0000 4.1025 0.0063 
39.5851 4.0000 3601.4439 0.1856 0.0709 -0.3967 2.8270 5.0000 4.3095 0.0057 
39.5561 4.0000 3577.8651 0.1846 0.0726 -0.3952 2.8327 5.0000 4.2102 0.0057 
39.5813 4.0000 3600.7642 0.1878 0.0722 -0.3990 2.8275 5.0000 4.1632 0.0059 
39.5570 4.0000 3588.1156 0.1875 0.0720 -0.3976 2.8287 5.0000 4.1423 0.0051 
39.5734 4.0000 3592.9538 0.1883 0.0720 -0.4026 2.8279 5.0000 4.1112 0.0051 
39.6045 4.0000 3604.0530 0.1876 0.0721 -0.3961 2.8319 5.0000 3.9484 0.0057 
39.5603 4.0000 3588.0786 0.1858 0.0724 -0.3960 2.8268 5.0000 4.1168 0.0053 
39.5788 4.0000 3597.9449 0.1866 0.0723 -0.3937 2.8272 5.0000 4.1625 0.0053 
39.5965 4.0000 3608.5780 0.1871 0.0727 -0.3935 2.8288 5.0000 4.1756 0.0057 
39.6162 4.0000 3605.4611 0.1876 0.0724 -0.3967 2.8258 5.0000 4.0206 0.0054 
39.5805 4.0000 3592.2871 0.1867 0.0722 -0.3978 2.8286 5.0000 4.0077 0.0054 
39.5923 4.0000 3600.5944 0.1878 0.0725 -0.3943 2.8311 5.0000 4.0514 0.0058 
39.5885 4.0000 3597.0824 0.1876 0.0711 -0.4034 2.8255 5.0000 4.0606 0.0059 
39.5776 4.0000 3589.6280 0.1873 0.0731 -0.3984 2.8328 5.0000 4.1036 0.0053 
39.5742 4.0000 3591.6465 0.1911 0.0724 -0.3998 2.8293 5.0000 4.2462 0.0061 
39.5969 4.0000 3604.6381 0.1877 0.0727 -0.3975 2.8294 5.0000 4.1250 0.0055 
39.5637 4.0000 3589.8386 0.1883 0.0716 -0.4022 2.8276 5.0000 4.1974 0.0057 
39.5889 4.0000 3598.2829 0.1874 0.0724 -0.3989 2.8274 5.0000 4.1218 0.0054 
39.5809 4.0000 3598.7541 0.1869 0.0723 -0.3963 2.8313 5.0000 4.0943 0.0054 
39.5931 4.0000 3594.2085 0.1867 0.0726 -0.3976 2.8270 5.0000 4.1730 0.0056 
39.5431 4.0000 3578.7255 0.1871 0.0718 -0.3988 2.8272 5.0000 3.9351 0.0054 
39.5822 4.0000 3593.8075 0.1876 0.0723 -0.3971 2.8298 5.0000 3.9577 0.0057 
39.5923 4.0000 3602.4489 0.1864 0.0720 -0.3967 2.8295 5.0000 3.9062 0.0055 
39.5788 4.0000 3592.3594 0.1871 0.0721 -0.3960 2.8298 5.0000 4.1215 0.0057 
39.5872 4.0000 3595.8466 0.1891 0.0727 -0.4005 2.8284 5.0000 4.1245 0.0051 
39.5792 4.0000 3596.4082 0.1861 0.0717 -0.3956 2.8282 5.0000 4.1113 0.0060 
39.6028 4.0000 3601.4325 0.1854 0.0712 -0.3988 2.8258 5.0000 4.2593 0.0052 
39.5696 4.0000 3591.5229 0.1858 0.0727 -0.3963 2.8306 5.0000 4.2063 0.0052 
39.5994 4.0000 3600.8306 0.1878 0.0717 -0.3992 2.8255 5.0000 4.2066 0.0055 
39.5637 4.0000 3586.5893 0.1877 0.0727 -0.3998 2.8286 5.0000 4.2042 0.0063 
39.5889 4.0000 3599.8159 0.1888 0.0728 -0.4014 2.8295 5.0000 4.2079 0.0063 
39.5557 4.0000 3583.6124 0.1883 0.0720 -0.4005 2.8295 5.0000 4.2498 0.0059 
39.5603 4.0000 3590.7995 0.1866 0.0721 -0.3961 2.8291 5.0000 4.1434 0.0058 
39.5704 4.0000 3595.4132 0.1847 0.0720 -0.3929 2.8251 5.0000 4.2095 0.0053 
39.5750 4.0000 3593.1576 0.1863 0.0715 -0.3964 2.8304 5.0000 4.1850 0.0054 
39.5944 4.0000 3603.9929 0.1867 0.0716 -0.3989 2.8279 6.0000 4.0653 0.0053 
39.5931 4.0000 3596.2514 0.1872 0.0718 -0.3993 2.8263 5.0000 4.0292 0.0053 
39.5977 4.0000 3597.5939 0.1866 0.0717 -0.3993 2.8269 5.0000 4.0388 0.0059 
39.5809 4.0000 3589.4985 0.1870 0.0716 -0.3980 2.8269 5.0000 4.2417 0.0048 
39.5721 4.0000 3591.5788 0.1878 0.0722 -0.3988 2.8280 5.0000 4.1974 0.0048 
39.6166 4.0000 3608.3691 0.1876 0.0729 -0.4005 2.8277 5.0000 4.2115 0.0056 
39.5683 4.0000 3586.9033 0.1869 0.0720 -0.4016 2.8282 5.0000 4.2191 0.0058 
39.5851 4.0000 3599.8167 0.1872 0.0724 -0.3964 2.8295 5.0000 4.2912 0.0054 
39.5763 4.0000 3591.5818 0.1876 0.0718 -0.3986 2.8291 5.0000 4.3123 0.0057 
39.5931 4.0000 3599.8184 0.1875 0.0725 -0.3993 2.8282 5.0000 4.2701 0.0057 
39.5797 4.0000 3598.9071 0.1878 0.0719 -0.3995 2.8302 5.0000 4.3521 0.0058 
39.5809 4.0000 3591.3468 0.1846 0.0727 -0.3940 2.8296 5.0000 4.3602 0.0060 
39.5771 4.0000 3592.9895 0.1872 0.0716 -0.3978 2.8281 5.0000 4.1554 0.0052 
39.5696 4.0000 3588.9058 0.1875 0.0723 -0.3976 2.8308 5.0000 4.1047 0.0056 
39.6007 4.0000 3604.4716 0.1872 0.0725 -0.3987 2.8252 5.0000 4.1710 0.0066 
39.5834 4.0000 3601.7516 0.1893 0.0723 -0.4007 2.8270 5.0000 4.0915 0.0055 
39.5452 4.0000 3584.6179 0.1858 0.0721 -0.3944 2.8286 5.0000 4.0691 0.0060 
39.5876 4.0000 3593.1349 0.1865 0.0709 -0.4019 2.8300 5.0000 4.1093 0.0061 
39.5696 4.0000 3593.9584 0.1867 0.0719 -0.3955 2.8268 5.0000 4.1653 0.0059 
39.5641 4.0000 3595.2959 0.1882 0.0724 -0.4016 2.8269 5.0000 4.2151 0.0058 
39.5734 4.0000 3593.3518 0.1863 0.0726 -0.3937 2.8292 5.0000 4.2233 0.0057 
39.5776 4.0000 3593.4578 0.1873 0.0724 -0.3965 2.8302 5.0000 4.1701 0.0056 
39.5818 4.0000 3595.1505 0.1868 0.0716 -0.3959 2.8261 5.0000 4.2396 0.0059 
39.5834 4.0000 3594.0601 0.1879 0.0723 -0.3999 2.8288 5.0000 4.1688 0.0062 
39.5729 4.0000 3587.7150 0.1871 0.0712 -0.3986 2.8260 5.0000 4.3219 0.0060 
39.5595 4.0000 3589.1467 0.1879 0.0725 -0.4001 2.8262 5.0000 4.3200 0.0064 
39.5687 4.0000 3590.5801 0.1883 0.0717 -0.4005 2.8259 5.0000 4.3831 0.0055 
39.5536 4.0000 3583.6587 0.1866 0.0714 -0.4001 2.8254 5.0000 4.1329 0.0056 
39.5885 4.0000 3598.4069 0.1870 0.0714 -0.3981 2.8283 5.0000 4.1676 0.0056 
39.5834 4.0000 3596.2774 0.1850 0.0714 -0.3958 2.8263 5.0000 4.2026 0.0052 
39.5855 4.0000 3592.8600 0.1875 0.0719 -0.3981 2.8276 5.0000 3.9628 0.0067 
39.5986 4.0000 3600.5549 0.1877 0.0727 -0.3983 2.8290 5.0000 4.0215 0.0053 
39.5397 4.0000 3573.2089 0.1864 0.0719 -0.3978 2.8302 5.0000 4.0508 0.0055 
39.5965 4.0000 3604.0210 0.1879 0.0721 -0.3980 2.8286 5.0000 4.2138 0.0053 
39.5885 4.0000 3598.0652 0.1864 0.0724 -0.3958 2.8300 5.0000 4.2224 0.0043 
39.5944 4.0000 3602.2749 0.1889 0.0726 -0.4010 2.8280 5.0000 4.2158 0.0055 
39.6335 4.0000 3615.9458 0.1883 0.0719 -0.3987 2.8272 5.0000 4.1578 0.0067 
39.5881 4.0000 3597.8764 0.1883 0.0725 -0.4023 2.8273 5.0000 4.1835 0.0053 
39.5414 4.0000 3584.3443 0.1853 0.0719 -0.3985 2.8271 5.0000 4.1481 0.0060 
39.5956 4.0000 3594.6179 0.1876 0.0717 -0.3983 2.8284 5.0000 4.3126 0.0054 
39.5683 4.0000 3586.4603 0.1876 0.0717 -0.4026 2.8306 5.0000 4.3625 0.0067 
39.5918 4.0000 3600.8340 0.1864 0.0723 -0.3950 2.8289 5.0000 4.3142 0.0059 
39.5422 4.0000 3578.2787 0.1861 0.0719 -0.4014 2.8314 5.0000 4.0267 0.0066 
39.5717 4.0000 3589.7646 0.1872 0.0717 -0.4015 2.8251 5.0000 4.1707 0.0068 
39.5443 4.0000 3581.4317 0.1861 0.0727 -0.3954 2.8307 5.0000 4.1333 0.0056 
39.5376 4.0000 3572.8113 0.1890 0.0715 -0.4005 2.8282 5.0000 4.0489 0.0056 
39.5851 4.0000 3592.5553 0.1876 0.0724 -0.3970 2.8289 5.0000 4.0168 0.0064 
39.5834 4.0000 3595.7251 0.1891 0.0716 -0.4004 2.8235 5.0000 4.0618 0.0064 
39.5544 4.0000 3582.6116 0.1871 0.0719 -0.3965 2.8292 5.0000 3.7440 0.0064 
