39.7047 4.0000 3653.8939 0.2990 0.0892 -0.5526 3.0579 6.0000 28.4617 0.0030 
39.6850 4.0000 3645.9859 0.2997 0.0890 -0.5528 3.0617 6.0000 28.3956 0.0030 
39.6919 4.0000 3649.2257 0.3009 0.0902 -0.5526 3.0572 6.0000 28.2759 0.0030 
39.7037 4.0000 3653.4119 0.2994 0.0890 -0.5508 3.0565 6.0000 27.4149 0.0030 
39.7068 4.0000 3654.2314 0.2974 0.0880 -0.5502 3.0560 6.0000 27.9847 0.0031 
39.6881 4.0000 3645.8073 0.2993 0.0892 -0.5525 3.0561 6.0000 27.7822 0.0031 
39.6820 4.0000 3647.9775 0.3007 0.0895 -0.5545 3.0630 6.0000 29.7417 0.0029 
39.6957 4.0000 3650.6543 0.3001 0.0897 -0.5525 3.0601 6.0000 29.6517 0.0028 
39.6925 4.0000 3650.1976 0.2985 0.0896 -0.5527 3.0589 6.0000 29.7329 0.0028 
39.6946 4.0000 3649.6148 0.2993 0.0898 -0.5527 3.0600 6.0000 29.5594 0.0020 
39.7005 4.0000 3652.8516 0.3006 0.0902 -0.5550 3.0593 6.0000 29.4862 0.0025 
39.7282 4.0000 3661.4315 0.2988 0.0897 -0.5503 3.0569 6.0000 29.7613 0.0024 
39.7068 4.0000 3654.1650 0.3028 0.0902 -0.5538 3.0583 6.0000 28.5016 0.0027 
39.7100 4.0000 3655.0855 0.3020 0.0891 -0.5569 3.0553 6.0000 28.6853 0.0031 
39.6992 4.0000 3651.3302 0.2990 0.0889 -0.5542 3.0552 6.0000 28.3433 0.0031 
39.6826 4.0000 3644.4479 0.2992 0.0879 -0.5570 3.0575 6.0000 28.4540 0.0030 
39.6999 4.0000 3651.0237 0.2988 0.0882 -0.5530 3.0533 6.0000 28.7011 0.0028 
39.6881 4.0000 3646.1820 0.2995 0.0890 -0.5527 3.0581 6.0000 28.5700 0.0028 
39.6938 4.0000 3649.5805 0.3002 0.0888 -0.5549 3.0531 6.0000 28.4000 0.0029 
39.6839 4.0000 3643.3766 0.2998 0.0890 -0.5545 3.0594 6.0000 28.5764 0.0033 
39.6925 4.0000 3649.2627 0.2984 0.0887 -0.5504 3.0537 6.0000 28.6799 0.0033 
39.6768 4.0000 3643.9000 0.3015 0.0895 -0.5534 3.0531 6.0000 28.4520 0.0030 
39.6984 4.0000 3650.6562 0.2993 0.0894 -0.5551 3.0558 6.0000 29.1370 0.0026 
39.6858 4.0000 3645.3880 0.2971 0.0881 -0.5516 3.0575 6.0000 28.7310 0.0026 
39.7018 4.0000 3652.6906 0.2971 0.0893 -0.5473 3.0583 6.0000 29.1175 0.0028 
39.6921 4.0000 3646.2409 0.2995 0.0887 -0.5539 3.0547 6.0000 28.6645 0.0028 
39.6934 4.0000 3648.1612 0.3000 0.0894 -0.5493 3.0548 6.0000 29.0326 0.0029 
39.6950 4.0000 3649.1393 0.2998 0.0895 -0.5527 3.0569 6.0000 28.7995 0.0028 
39.6904 4.0000 3646.6681 0.2995 0.0893 -0.5539 3.0588 5.0000 28.6131 0.0025 
39.6963 4.0000 3649.9248 0.2994 0.0894 -0.5540 3.0586 6.0000 29.0001 0.0023 
39.7074 4.0000 3653.3661 0.2986 0.0885 -0.5517 3.0562 6.0000 28.5115 0.0032 
39.7135 4.0000 3655.3924 0.2988 0.0894 -0.5511 3.0613 6.0000 28.4707 0.0027 
39.6786 4.0000 3644.0450 0.3008 0.0891 -0.5529 3.0574 6.0000 28.7909 0.0022 
39.6967 4.0000 3650.4533 0.2992 0.0889 -0.5535 3.0575 6.0000 28.7549 0.0031 
39.7171 4.0000 3659.1421 0.2980 0.0887 -0.5538 3.0559 6.0000 28.7727 0.0032 
39.6814 4.0000 3642.8876 0.2993 0.0898 -0.5541 3.0604 6.0000 28.7637 0.0023 
39.6791 4.0000 3643.2835 0.2994 0.0899 -0.5530 3.0626 6.0000 28.8721 0.0039 
39.7150 4.0000 3657.0183 0.2991 0.0894 -0.5484 3.0542 6.0000 29.0115 0.0031 
39.6528 4.0000 3633.1719 0.3003 0.0893 -0.5568 3.0586 6.0000 28.8717 0.0027 
39.6837 4.0000 3645.8327 0.3000 0.0887 -0.5530 3.0577 6.0000 29.4972 0.0029 
39.7003 4.0000 3652.8995 0.2986 0.0883 -0.5528 3.0581 6.0000 29.4893 0.0025 
39.6925 4.0000 3649.4435 0.3016 0.0894 -0.5549 3.0565 6.0000 29.1862 0.0031 
39.7047 4.0000 3653.5162 0.2986 0.0887 -0.5510 3.0599 6.0000 29.1121 0.0027 
39.6837 4.0000 3646.0416 0.2977 0.0900 -0.5486 3.0581 6.0000 28.6859 0.0030 
39.6971 4.0000 3650.9695 0.2990 0.0881 -0.5548 3.0524 6.0000 29.3549 0.0024 
39.6873 4.0000 3645.8537 0.2982 0.0891 -0.5481 3.0539 6.0000 28.9156 0.0031 
39.7100 4.0000 3655.1736 0.3000 0.0891 -0.5511 3.0600 6.0000 28.9966 0.0030 
39.6812 4.0000 3644.4155 0.2991 0.0889 -0.5532 3.0569 6.0000 29.2265 0.0031 
39.6873 4.0000 3646.9260 0.2995 0.0899 -0.5498 3.0546 6.0000 28.7337 0.0029 
39.6812 4.0000 3645.1278 0.3012 0.0890 -0.5565 3.0590 6.0000 29.1585 0.0026 
39.6889 4.0000 3646.0151 0.2992 0.0896 -0.5516 3.0554 6.0000 28.9129 0.0025 
39.7024 4.0000 3651.8293 0.3001 0.0893 -0.5514 3.0533 6.0000 28.8827 0.0026 
39.7085 4.0000 3656.0769 0.2996 0.0900 -0.5525 3.0632 6.0000 29.2081 0.0033 
39.7041 4.0000 3653.6608 0.3011 0.0882 -0.5560 3.0553 6.0000 28.9069 0.0027 
39.6757 4.0000 3643.4660 0.2992 0.0891 -0.5522 3.0593 6.0000 28.6917 0.0031 
39.6986 4.0000 3650.3649 0.3000 0.0896 -0.5518 3.0558 6.0000 28.7913 0.0032 
39.6818 4.0000 3644.5546 0.2990 0.0894 -0.5534 3.0593 5.0000 29.0108 0.0032 
39.6795 4.0000 3643.5195 0.2984 0.0892 -0.5516 3.0561 6.0000 28.7015 0.0035 
39.6770 4.0000 3643.1042 0.3006 0.0893 -0.5522 3.0589 6.0000 29.1474 0.0036 
39.6681 4.0000 3638.6576 0.2978 0.0890 -0.5538 3.0601 6.0000 29.1547 0.0030 
39.6629 4.0000 3640.1755 0.2987 0.0880 -0.5528 3.0555 6.0000 29.0467 0.0026 
39.6881 4.0000 3647.7524 0.2988 0.0892 -0.5501 3.0578 6.0000 28.6681 0.0030 
39.7022 4.0000 3652.6051 0.2983 0.0895 -0.5508 3.0599 6.0000 28.9463 0.0026 
39.6885 4.0000 3645.7869 0.2981 0.0884 -0.5515 3.0553 6.0000 29.2080 0.0024 
39.7016 4.0000 3652.3897 0.2985 0.0893 -0.5539 3.0575 6.0000 28.9523 0.0029 
39.7093 4.0000 3654.3760 0.2981 0.0892 -0.5495 3.0584 6.0000 29.3412 0.0026 
39.6923 4.0000 3648.4454 0.2999 0.0883 -0.5559 3.0571 6.0000 28.7602 0.0024 
39.7037 4.0000 3653.6595 0.2983 0.0886 -0.5529 3.0541 5.0000 28.7727 0.0034 
39.7112 4.0000 3656.2650 0.3005 0.0897 -0.5530 3.0546 6.0000 28.8199 0.0027 
39.6719 4.0000 3641.1377 0.3017 0.0892 -0.5551 3.0600 6.0000 29.2353 0.0027 
39.6992 4.0000 3652.2087 0.3017 0.0905 -0.5552 3.0618 6.0000 28.7579 0.0029 
39.6986 4.0000 3650.6660 0.2949 0.0890 -0.5488 3.0586 6.0000 28.9316 0.0030 
39.6913 4.0000 3648.5559 0.2970 0.0879 -0.5507 3.0536 6.0000 29.1617 0.0030 
39.6854 4.0000 3645.8182 0.3001 0.0880 -0.5558 3.0561 6.0000 28.6583 0.0030 
39.6883 4.0000 3647.9075 0.3000 0.0894 -0.5519 3.0557 6.0000 29.2288 0.0028 
39.6927 4.0000 3649.1141 0.3002 0.0888 -0.5520 3.0581 6.0000 29.4840 0.0035 
39.6961 4.0000 3649.0441 0.2996 0.0898 -0.5530 3.0592 6.0000 28.9233 0.0032 
39.6786 4.0000 3642.1311 0.2990 0.0901 -0.5521 3.0593 6.0000 29.0531 0.0028 
39.6665 4.0000 3639.8285 0.2990 0.0893 -0.5522 3.0553 6.0000 28.9863 0.0027 
39.6929 4.0000 3648.1194 0.2981 0.0888 -0.5552 3.0587 6.0000 29.3561 0.0034 
39.6976 4.0000 3648.5828 0.2990 0.0890 -0.5532 3.0603 6.0000 28.8383 0.0024 
39.6711 4.0000 3641.5261 0.3023 0.0903 -0.5566 3.0615 6.0000 29.3051 0.0027 
39.7110 4.0000 3655.9092 0.3012 0.0887 -0.5542 3.0571 6.0000 29.0667 0.0026 
39.6982 4.0000 3651.0519 0.3004 0.0892 -0.5531 3.0594 6.0000 28.7833 0.0025 
39.7037 4.0000 3651.2768 0.2998 0.0890 -0.5537 3.0565 6.0000 28.8543 0.0027 
39.7062 4.0000 3653.2119 0.3003 0.0891 -0.5532 3.0570 6.0000 28.9833 0.0028 
39.6982 4.0000 3650.4130 0.2988 0.0892 -0.5529 3.0559 6.0000 28.8733 0.0027 
39.6948 4.0000 3648.7007 0.2983 0.0889 -0.5505 3.0571 6.0000 29.1382 0.0023 
39.7001 4.0000 3651.7699 0.2984 0.0894 -0.5521 3.0584 6.0000 29.0345 0.0028 
39.7125 4.0000 3655.2745 0.3003 0.0891 -0.5547 3.0574 6.0000 29.4276 0.0029 
39.6938 4.0000 3650.2863 0.2979 0.0880 -0.5512 3.0563 6.0000 29.2997 0.0033 
39.6919 4.0000 3649.3464 0.2980 0.0881 -0.5509 3.0551 6.0000 29.2567 0.0032 
39.6736 4.0000 3641.8655 0.2979 0.0902 -0.5508 3.0639 6.0000 29.4479 0.0035 
39.6799 4.0000 3642.7325 0.3003 0.0887 -0.5567 3.0567 6.0000 29.1255 0.0022 
39.6683 4.0000 3638.8172 0.3005 0.0891 -0.5555 3.0577 6.0000 29.0170 0.0030 
39.7169 4.0000 3658.5532 0.3021 0.0889 -0.5529 3.0611 6.0000 29.2141 0.0031 
39.6885 4.0000 3648.6778 0.2986 0.0886 -0.5478 3.0547 6.0000 29.4202 0.0027 
39.6833 4.0000 3643.6206 0.2987 0.0884 -0.5550 3.0600 6.0000 29.2268 0.0027 
39.6988 4.0000 3651.0452 0.3000 0.0904 -0.5511 3.0588 6.0000 28.7077 0.0028 
39.6965 4.0000 3649.7245 0.2993 0.0900 -0.5527 3.0596 6.0000 18.4960 0.0028 
