39.5180 4.0000 3595.7699 0.4389 0.1599 -0.6295 3.0162 6.0000 7.8832 0.0068 
39.5142 4.0000 3583.5735 0.4410 0.1626 -0.6305 3.0291 5.0000 7.8647 0.0068 
39.5372 4.0000 3596.2405 0.4383 0.1596 -0.6255 3.0212 5.0000 7.9028 0.0068 
39.5214 4.0000 3592.2450 0.4391 0.1607 -0.6312 3.0207 5.0000 7.9199 0.0071 
39.5672 4.0000 3609.5032 0.4385 0.1612 -0.6300 3.0268 5.0000 8.0031 0.0071 
39.5268 4.0000 3591.6627 0.4376 0.1591 -0.6284 3.0258 5.0000 7.8906 0.0071 
39.5883 4.0000 3617.2024 0.4404 0.1600 -0.6355 3.0232 6.0000 8.1386 0.0068 
39.5517 4.0000 3600.6655 0.4349 0.1569 -0.6281 3.0204 5.0000 8.1340 0.0068 
39.5356 4.0000 3596.3030 0.4431 0.1639 -0.6316 3.0209 6.0000 8.1709 0.0068 
39.5675 4.0000 3607.7585 0.4444 0.1627 -0.6366 3.0275 6.0000 8.2323 0.0061 
39.5129 4.0000 3585.8682 0.4386 0.1636 -0.6332 3.0226 5.0000 8.2258 0.0061 
39.5646 4.0000 3605.3780 0.4394 0.1601 -0.6262 3.0253 5.0000 8.1964 0.0061 
39.5861 4.0000 3615.5192 0.4413 0.1638 -0.6243 3.0220 5.0000 8.6757 0.0067 
39.4615 4.0000 3570.6025 0.4362 0.1593 -0.6276 3.0177 6.0000 8.6788 0.0067 
39.5413 4.0000 3596.0760 0.4431 0.1619 -0.6378 3.0159 5.0000 8.5631 0.0067 
39.5435 4.0000 3594.4275 0.4391 0.1590 -0.6331 3.0195 5.0000 8.0918 0.0066 
39.5079 4.0000 3585.0526 0.4402 0.1569 -0.6350 3.0190 6.0000 8.0168 0.0066 
39.5438 4.0000 3602.8890 0.4365 0.1580 -0.6247 3.0258 5.0000 8.2909 0.0076 
39.5659 4.0000 3610.1545 0.4406 0.1600 -0.6304 3.0194 5.0000 8.7448 0.0069 
39.5063 4.0000 3583.3364 0.4431 0.1643 -0.6327 3.0325 6.0000 8.7860 0.0060 
39.5318 4.0000 3595.1895 0.4401 0.1587 -0.6365 3.0208 5.0000 8.6931 0.0060 
39.5672 4.0000 3611.0419 0.4371 0.1589 -0.6309 3.0240 6.0000 8.3165 0.0066 
39.5672 4.0000 3605.2178 0.4467 0.1637 -0.6306 3.0241 5.0000 8.1420 0.0066 
39.5463 4.0000 3601.0252 0.4438 0.1631 -0.6321 3.0192 5.0000 8.2863 0.0064 
39.5763 4.0000 3608.1094 0.4402 0.1606 -0.6236 3.0285 5.0000 8.2366 0.0065 
39.5508 4.0000 3600.0608 0.4392 0.1617 -0.6278 3.0292 6.0000 8.3245 0.0067 
39.5501 4.0000 3604.7610 0.4380 0.1572 -0.6237 3.0157 5.0000 8.3060 0.0062 
39.5404 4.0000 3603.9846 0.4404 0.1590 -0.6317 3.0184 5.0000 8.1823 0.0056 
39.5612 4.0000 3605.6857 0.4419 0.1598 -0.6333 3.0245 6.0000 8.2641 0.0069 
39.5823 4.0000 3611.7131 0.4427 0.1614 -0.6282 3.0241 5.0000 8.3825 0.0058 
39.5334 4.0000 3599.0744 0.4399 0.1629 -0.6243 3.0201 6.0000 8.3062 0.0065 
39.5744 4.0000 3610.8666 0.4404 0.1598 -0.6264 3.0233 6.0000 8.2161 0.0055 
39.5489 4.0000 3599.2393 0.4367 0.1557 -0.6329 3.0210 5.0000 8.4182 0.0065 
39.5895 4.0000 3614.4890 0.4443 0.1627 -0.6273 3.0256 6.0000 8.6369 0.0066 
39.5489 4.0000 3604.0558 0.4403 0.1574 -0.6368 3.0213 5.0000 8.7277 0.0062 
39.5448 4.0000 3598.9625 0.4416 0.1625 -0.6288 3.0254 5.0000 8.8316 0.0059 
39.5586 4.0000 3608.7513 0.4402 0.1615 -0.6265 3.0248 5.0000 8.3744 0.0068 
39.5706 4.0000 3606.5501 0.4387 0.1592 -0.6275 3.0191 5.0000 8.3186 0.0075 
39.5372 4.0000 3599.2623 0.4440 0.1601 -0.6347 3.0232 5.0000 8.3742 0.0054 
39.5113 4.0000 3589.8972 0.4420 0.1622 -0.6340 3.0228 6.0000 8.2530 0.0059 
39.5914 4.0000 3613.8994 0.4395 0.1584 -0.6317 3.0227 5.0000 8.2831 0.0071 
39.5728 4.0000 3612.9001 0.4448 0.1626 -0.6247 3.0250 6.0000 8.4678 0.0058 
39.5240 4.0000 3589.7585 0.4402 0.1581 -0.6309 3.0258 5.0000 8.7754 0.0073 
39.5747 4.0000 3607.2084 0.4443 0.1634 -0.6339 3.0296 5.0000 8.7616 0.0076 
39.5186 4.0000 3585.9221 0.4383 0.1601 -0.6298 3.0167 5.0000 8.8086 0.0087 
39.5050 4.0000 3583.2131 0.4441 0.1620 -0.6297 3.0232 5.0000 8.3718 0.0070 
39.4628 4.0000 3570.3266 0.4397 0.1601 -0.6323 3.0194 5.0000 8.2589 0.0070 
39.5299 4.0000 3589.2979 0.4433 0.1625 -0.6333 3.0177 6.0000 8.2441 0.0078 
39.5284 4.0000 3591.8424 0.4368 0.1594 -0.6352 3.0253 5.0000 8.1697 0.0060 
39.4975 4.0000 3583.6245 0.4379 0.1602 -0.6281 3.0285 5.0000 8.5186 0.0070 
39.5690 4.0000 3606.7809 0.4375 0.1589 -0.6305 3.0208 5.0000 8.1930 0.0069 
39.5290 4.0000 3594.7219 0.4453 0.1618 -0.6336 3.0278 6.0000 8.3064 0.0076 
39.5344 4.0000 3591.3584 0.4412 0.1630 -0.6338 3.0275 6.0000 8.3541 0.0054 
39.5057 4.0000 3587.7661 0.4411 0.1615 -0.6342 3.0193 6.0000 8.5616 0.0068 
39.5927 4.0000 3617.9073 0.4417 0.1589 -0.6316 3.0167 5.0000 8.4188 0.0056 
39.5381 4.0000 3600.7191 0.4421 0.1609 -0.6255 3.0205 5.0000 8.3897 0.0060 
39.5835 4.0000 3613.9155 0.4396 0.1583 -0.6268 3.0141 5.0000 8.2990 0.0072 
39.5665 4.0000 3605.8934 0.4388 0.1595 -0.6294 3.0217 5.0000 8.2845 0.0071 
39.5227 4.0000 3585.3528 0.4420 0.1615 -0.6316 3.0217 6.0000 8.2937 0.0080 
39.5243 4.0000 3594.4199 0.4442 0.1608 -0.6355 3.0181 6.0000 8.1433 0.0068 
39.4909 4.0000 3575.9757 0.4417 0.1615 -0.6313 3.0238 6.0000 8.1506 0.0081 
39.5375 4.0000 3592.4016 0.4416 0.1611 -0.6336 3.0180 6.0000 8.2952 0.0064 
39.4864 4.0000 3574.1103 0.4384 0.1618 -0.6279 3.0253 6.0000 8.3527 0.0073 
39.5530 4.0000 3595.1248 0.4409 0.1596 -0.6360 3.0275 5.0000 8.3560 0.0059 
39.5154 4.0000 3590.5690 0.4384 0.1591 -0.6325 3.0234 5.0000 8.2896 0.0079 
39.5712 4.0000 3609.0249 0.4416 0.1610 -0.6279 3.0280 5.0000 8.5055 0.0070 
39.4953 4.0000 3585.1734 0.4416 0.1598 -0.6371 3.0132 5.0000 8.4416 0.0062 
39.5293 4.0000 3586.7147 0.4378 0.1600 -0.6325 3.0236 5.0000 8.4982 0.0059 
39.5618 4.0000 3600.3815 0.4391 0.1614 -0.6328 3.0226 5.0000 8.3630 0.0076 
39.5738 4.0000 3611.1816 0.4399 0.1558 -0.6364 3.0220 5.0000 8.1133 0.0058 
39.5050 4.0000 3591.4994 0.4459 0.1640 -0.6298 3.0260 5.0000 8.1804 0.0064 
39.5760 4.0000 3611.0750 0.4382 0.1601 -0.6320 3.0222 5.0000 8.2496 0.0069 
39.5514 4.0000 3603.8600 0.4411 0.1636 -0.6311 3.0252 5.0000 8.5841 0.0067 
39.5337 4.0000 3596.2257 0.4396 0.1591 -0.6332 3.0211 6.0000 8.5291 0.0086 
39.5422 4.0000 3600.5126 0.4406 0.1609 -0.6275 3.0190 5.0000 8.7466 0.0080 
39.4656 4.0000 3572.4606 0.4354 0.1579 -0.6269 3.0252 5.0000 8.6158 0.0074 
39.4880 4.0000 3576.8115 0.4399 0.1607 -0.6287 3.0255 5.0000 8.7049 0.0072 
39.5129 4.0000 3585.4265 0.4392 0.1613 -0.6321 3.0198 5.0000 8.7048 0.0066 
39.5208 4.0000 3593.1192 0.4425 0.1613 -0.6246 3.0116 5.0000 8.2835 0.0064 
39.5432 4.0000 3600.6479 0.4391 0.1615 -0.6215 3.0190 5.0000 8.4634 0.0069 
39.5526 4.0000 3599.0113 0.4392 0.1606 -0.6301 3.0296 5.0000 8.3789 0.0058 
39.5325 4.0000 3593.9609 0.4401 0.1594 -0.6243 3.0204 5.0000 8.3231 0.0066 
39.5760 4.0000 3605.3383 0.4411 0.1626 -0.6344 3.0240 5.0000 8.2151 0.0068 
39.5457 4.0000 3604.4552 0.4414 0.1588 -0.6326 3.0193 5.0000 8.4116 0.0066 
39.5385 4.0000 3599.6352 0.4464 0.1620 -0.6340 3.0250 5.0000 8.3393 0.0069 
39.5460 4.0000 3598.0110 0.4418 0.1612 -0.6280 3.0227 5.0000 8.4157 0.0067 
39.5318 4.0000 3597.9905 0.4459 0.1625 -0.6353 3.0252 6.0000 8.2842 0.0067 
39.5422 4.0000 3595.9688 0.4406 0.1598 -0.6357 3.0239 6.0000 8.2242 0.0071 
39.5426 4.0000 3598.7759 0.4365 0.1574 -0.6306 3.0190 5.0000 8.1961 0.0063 
39.5271 4.0000 3595.9656 0.4404 0.1612 -0.6310 3.0187 5.0000 8.2626 0.0055 
39.5567 4.0000 3603.6003 0.4394 0.1591 -0.6258 3.0229 6.0000 8.3573 0.0066 
39.5898 4.0000 3619.0605 0.4415 0.1601 -0.6325 3.0176 5.0000 8.3335 0.0068 
39.5463 4.0000 3604.5255 0.4407 0.1608 -0.6309 3.0149 5.0000 8.3848 0.0073 
39.5378 4.0000 3590.1365 0.4422 0.1624 -0.6311 3.0192 6.0000 8.7554 0.0064 
39.5180 4.0000 3587.1160 0.4369 0.1577 -0.6331 3.0173 5.0000 8.6205 0.0051 
39.5536 4.0000 3605.9351 0.4387 0.1577 -0.6314 3.0204 6.0000 8.9106 0.0060 
39.6025 4.0000 3621.3323 0.4400 0.1594 -0.6283 3.0183 5.0000 8.4689 0.0068 
39.5687 4.0000 3610.6646 0.4419 0.1614 -0.6330 3.0180 5.0000 8.5681 0.0073 
39.5366 4.0000 3593.0735 0.4434 0.1624 -0.6297 3.0263 6.0000 8.4238 0.0073 
39.5173 4.0000 3590.8953 0.4400 0.1614 -0.6261 3.0312 6.0000 6.6377 0.0073 
