39.5889 16.5000 3613.5474 0.3826 0.1273 -0.6101 3.0206 5.0000 11.1010 0.0055 
39.5889 16.5000 3610.2533 0.3786 0.1268 -0.6066 3.0230 6.0000 11.1986 0.0055 
39.5878 16.5000 3613.9109 0.3806 0.1293 -0.6068 3.0242 5.0000 11.2138 0.0055 
39.5937 16.5000 3612.4128 0.3824 0.1311 -0.6067 3.0255 5.0000 10.7558 0.0051 
39.5749 16.5000 3607.5511 0.3768 0.1275 -0.6039 3.0193 5.0000 10.8261 0.0049 
39.6057 16.5000 3621.7049 0.3840 0.1299 -0.6071 3.0252 5.0000 10.7665 0.0051 
39.6133 16.5000 3621.6427 0.3829 0.1260 -0.6080 3.0194 6.0000 10.7751 0.0052 
39.5962 16.5000 3615.6007 0.3767 0.1267 -0.6031 3.0189 5.0000 11.0018 0.0042 
39.5987 16.5000 3619.6836 0.3784 0.1266 -0.6044 3.0190 5.0000 11.1527 0.0049 
39.6379 16.5000 3630.2500 0.3846 0.1286 -0.6093 3.0164 6.0000 10.8334 0.0057 
39.6124 16.5000 3622.7135 0.3812 0.1257 -0.6120 3.0198 5.0000 10.9708 0.0048 
39.5813 16.5000 3610.1939 0.3833 0.1305 -0.6104 3.0325 5.0000 11.0887 0.0052 
39.6144 16.5000 3619.4524 0.3832 0.1303 -0.6099 3.0243 5.0000 11.0650 0.0046 
39.6001 16.5000 3615.9756 0.3767 0.1290 -0.6021 3.0270 5.0000 11.1476 0.0060 
39.6225 16.5000 3626.2225 0.3825 0.1315 -0.6052 3.0282 5.0000 11.2513 0.0052 
39.5684 16.5000 3606.5336 0.3815 0.1279 -0.6084 3.0190 5.0000 11.0675 0.0045 
39.5996 16.5000 3615.9271 0.3791 0.1279 -0.6051 3.0184 5.0000 11.0534 0.0053 
39.6256 16.5000 3628.5462 0.3829 0.1301 -0.6095 3.0263 6.0000 10.8809 0.0060 
39.5945 16.5000 3617.0242 0.3806 0.1286 -0.6048 3.0234 5.0000 11.1084 0.0048 
39.5676 16.5000 3604.2735 0.3805 0.1280 -0.6076 3.0187 5.0000 11.1806 0.0059 
39.6147 16.5000 3626.7866 0.3776 0.1269 -0.6036 3.0181 5.0000 11.1606 0.0049 
39.5738 16.5000 3610.5801 0.3786 0.1287 -0.6062 3.0235 5.0000 11.0073 0.0059 
39.6136 16.5000 3622.9693 0.3840 0.1290 -0.6067 3.0182 6.0000 11.0530 0.0062 
39.5710 16.5000 3605.6237 0.3820 0.1291 -0.6024 3.0230 6.0000 11.1560 0.0051 
39.5595 16.5000 3603.1512 0.3790 0.1296 -0.6060 3.0259 6.0000 10.9119 0.0056 
39.6024 16.5000 3616.5655 0.3811 0.1308 -0.6024 3.0303 5.0000 11.0601 0.0051 
39.5858 16.5000 3613.2137 0.3792 0.1297 -0.6058 3.0231 5.0000 11.3606 0.0043 
39.6024 16.5000 3621.9350 0.3781 0.1274 -0.6045 3.0226 6.0000 11.1884 0.0054 
39.6340 16.5000 3630.8553 0.3793 0.1299 -0.6033 3.0239 5.0000 11.2082 0.0054 
39.5909 16.5000 3611.7825 0.3794 0.1281 -0.6067 3.0217 5.0000 11.2392 0.0061 
39.5939 16.5000 3618.9276 0.3799 0.1287 -0.6027 3.0222 6.0000 12.0120 0.0061 
39.5656 16.5000 3608.6513 0.3815 0.1297 -0.6080 3.0185 6.0000 12.0301 0.0055 
39.5656 16.5000 3607.0559 0.3827 0.1289 -0.6071 3.0196 6.0000 12.2974 0.0062 
39.5864 16.5000 3615.4917 0.3816 0.1302 -0.6073 3.0276 5.0000 11.4864 0.0061 
39.5614 16.5000 3599.6960 0.3785 0.1290 -0.6017 3.0269 5.0000 11.4633 0.0050 
39.5642 16.5000 3601.4631 0.3806 0.1291 -0.6052 3.0265 5.0000 11.6458 0.0053 
39.6068 16.5000 3621.4858 0.3824 0.1295 -0.6063 3.0240 5.0000 11.0904 0.0055 
39.5973 16.5000 3617.5284 0.3790 0.1280 -0.6078 3.0210 5.0000 11.3438 0.0057 
39.5861 16.5000 3616.8438 0.3818 0.1278 -0.6086 3.0185 6.0000 11.5192 0.0054 
39.5797 16.5000 3611.8271 0.3798 0.1271 -0.6081 3.0270 6.0000 11.3525 0.0057 
39.5923 16.5000 3612.2645 0.3814 0.1296 -0.6102 3.0215 5.0000 11.3512 0.0050 
39.5811 16.5000 3611.9554 0.3816 0.1284 -0.6072 3.0235 5.0000 11.3625 0.0056 
39.6080 16.5000 3625.3347 0.3812 0.1273 -0.6052 3.0155 6.0000 11.1339 0.0054 
39.5833 16.5000 3610.7255 0.3825 0.1281 -0.6079 3.0222 5.0000 11.2252 0.0059 
39.5925 16.5000 3612.1059 0.3810 0.1303 -0.6057 3.0299 5.0000 11.5742 0.0043 
39.5718 16.5000 3609.5443 0.3847 0.1298 -0.6101 3.0261 6.0000 11.1777 0.0058 
39.6357 16.5000 3633.7257 0.3798 0.1278 -0.6057 3.0236 6.0000 11.5584 0.0047 
39.5760 16.5000 3609.2694 0.3784 0.1271 -0.6082 3.0179 5.0000 11.2804 0.0045 
39.6211 16.5000 3625.1694 0.3814 0.1282 -0.6093 3.0222 5.0000 11.2280 0.0054 
39.6273 16.5000 3631.0977 0.3817 0.1298 -0.6041 3.0247 5.0000 11.3430 0.0044 
39.5931 16.5000 3622.9259 0.3795 0.1286 -0.6084 3.0225 5.0000 11.3268 0.0057 
39.6307 16.5000 3630.2948 0.3819 0.1305 -0.6019 3.0265 6.0000 11.1920 0.0057 
39.5816 16.5000 3612.5232 0.3798 0.1275 -0.6091 3.0220 6.0000 11.3130 0.0044 
39.5816 16.5000 3609.0198 0.3823 0.1316 -0.6051 3.0215 6.0000 11.2556 0.0047 
39.6312 16.5000 3629.3832 0.3815 0.1289 -0.6135 3.0195 6.0000 11.1786 0.0051 
39.6183 16.5000 3627.3182 0.3796 0.1271 -0.6095 3.0157 5.0000 11.6143 0.0050 
39.6057 16.5000 3622.3584 0.3783 0.1293 -0.5997 3.0258 6.0000 11.5048 0.0047 
39.6085 16.5000 3618.9525 0.3802 0.1263 -0.6106 3.0241 6.0000 11.4005 0.0060 
39.6178 16.5000 3627.4443 0.3777 0.1277 -0.6035 3.0194 5.0000 11.3831 0.0055 
39.5670 16.5000 3602.6661 0.3812 0.1299 -0.6051 3.0292 5.0000 11.2593 0.0048 
39.5895 16.5000 3615.0887 0.3796 0.1284 -0.6082 3.0247 5.0000 11.6769 0.0051 
39.6158 16.5000 3624.9587 0.3801 0.1270 -0.6048 3.0264 6.0000 11.8188 0.0050 
39.6021 16.5000 3620.7575 0.3814 0.1276 -0.6058 3.0199 5.0000 11.6739 0.0055 
39.6060 16.5000 3620.0586 0.3818 0.1301 -0.6067 3.0217 6.0000 11.1016 0.0055 
39.5889 16.5000 3612.4330 0.3818 0.1276 -0.6128 3.0210 5.0000 11.2433 0.0061 
39.5883 16.5000 3617.4328 0.3815 0.1289 -0.6072 3.0237 6.0000 11.2708 0.0057 
39.5656 16.5000 3603.4084 0.3799 0.1295 -0.6055 3.0314 6.0000 11.1645 0.0053 
39.5794 16.5000 3610.5588 0.3787 0.1262 -0.6086 3.0234 6.0000 11.5141 0.0062 
39.5979 16.5000 3618.6244 0.3803 0.1276 -0.6070 3.0193 5.0000 11.3841 0.0054 
39.5606 16.5000 3604.3105 0.3812 0.1278 -0.6087 3.0245 5.0000 11.3857 0.0045 
39.5937 16.5000 3612.6286 0.3793 0.1276 -0.6093 3.0205 5.0000 11.3639 0.0058 
39.6293 16.5000 3630.7210 0.3828 0.1297 -0.6057 3.0234 6.0000 11.4691 0.0054 
39.5760 16.5000 3610.3834 0.3786 0.1283 -0.6038 3.0225 6.0000 11.9483 0.0053 
39.5937 16.5000 3617.1848 0.3816 0.1306 -0.6019 3.0217 6.0000 12.1508 0.0062 
39.5979 16.5000 3619.4650 0.3793 0.1294 -0.6085 3.0267 6.0000 12.1250 0.0050 
39.5612 16.5000 3603.1688 0.3786 0.1298 -0.6053 3.0266 6.0000 11.6266 0.0047 
39.6066 16.5000 3618.3811 0.3805 0.1294 -0.6100 3.0298 5.0000 11.4490 0.0056 
39.6203 16.5000 3625.5979 0.3842 0.1288 -0.6107 3.0247 6.0000 11.2820 0.0061 
39.5822 16.5000 3612.9264 0.3771 0.1264 -0.6038 3.0211 5.0000 11.2320 0.0054 
39.5642 16.5000 3607.4578 0.3839 0.1293 -0.6081 3.0206 5.0000 11.3652 0.0059 
39.5920 16.5000 3615.1999 0.3788 0.1278 -0.6083 3.0251 5.0000 11.1788 0.0057 
39.5741 16.5000 3610.0401 0.3798 0.1281 -0.6081 3.0198 5.0000 11.1063 0.0055 
39.5783 16.5000 3610.0479 0.3796 0.1297 -0.6071 3.0272 6.0000 11.3690 0.0053 
39.5881 16.5000 3613.9821 0.3796 0.1272 -0.6053 3.0226 5.0000 11.2486 0.0050 
39.5967 16.5000 3616.9348 0.3816 0.1304 -0.6010 3.0252 5.0000 11.9463 0.0046 
39.6066 16.5000 3616.9164 0.3791 0.1303 -0.6051 3.0307 6.0000 12.2887 0.0045 
39.6234 16.5000 3627.5315 0.3777 0.1281 -0.6072 3.0215 6.0000 12.1592 0.0048 
39.6287 16.5000 3627.5222 0.3811 0.1304 -0.6025 3.0248 5.0000 12.2614 0.0053 
39.6175 16.5000 3626.1679 0.3817 0.1260 -0.6069 3.0158 5.0000 12.2949 0.0061 
39.5959 16.5000 3620.0858 0.3802 0.1274 -0.6063 3.0233 5.0000 12.2712 0.0049 
39.5648 16.5000 3601.0413 0.3836 0.1308 -0.6092 3.0250 6.0000 12.2961 0.0056 
39.6102 16.5000 3623.7097 0.3773 0.1267 -0.6075 3.0229 6.0000 12.2696 0.0056 
39.5853 16.5000 3612.0930 0.3796 0.1285 -0.6075 3.0235 5.0000 11.9609 0.0056 
39.5839 16.5000 3613.0517 0.3826 0.1284 -0.6098 3.0185 6.0000 11.3911 0.0059 
39.5600 16.5000 3605.9933 0.3789 0.1293 -0.6051 3.0230 5.0000 11.5322 0.0051 
39.5724 16.5000 3603.4149 0.3850 0.1298 -0.6139 3.0249 5.0000 11.5337 0.0051 
39.6052 16.5000 3618.6414 0.3827 0.1316 -0.5986 3.0220 6.0000 11.3349 0.0050 
39.6323 16.5000 3630.0482 0.3810 0.1275 -0.6063 3.0272 5.0000 11.5012 0.0057 
39.6066 16.5000 3621.5214 0.3781 0.1269 -0.6024 3.0188 5.0000 11.5381 0.0057 
39.5785 16.5000 3610.7381 0.3787 0.1269 -0.6091 3.0232 5.0000 9.2492 0.0057 
