39.6665 4.0000 3637.8001 0.4454 0.1563 -0.6231 3.1388 6.0000 51.1872 0.0035 
39.6341 4.0000 3627.8607 0.4464 0.1551 -0.6213 3.1390 6.0000 51.0033 0.0035 
39.6602 4.0000 3642.9134 0.4484 0.1558 -0.6250 3.1372 6.0000 52.9739 0.0038 
39.6713 4.0000 3642.3747 0.4480 0.1564 -0.6290 3.1376 6.0000 54.2969 0.0035 
39.6545 4.0000 3637.0870 0.4474 0.1554 -0.6296 3.1348 6.0000 54.6657 0.0037 
39.6370 4.0000 3627.5151 0.4467 0.1553 -0.6250 3.1361 6.0000 51.2180 0.0043 
39.6654 4.0000 3639.4695 0.4505 0.1564 -0.6309 3.1360 6.0000 50.4483 0.0034 
39.6593 4.0000 3639.0431 0.4502 0.1568 -0.6261 3.1426 6.0000 49.1194 0.0034 
39.6692 4.0000 3640.3201 0.4481 0.1568 -0.6287 3.1401 6.0000 50.4726 0.0043 
39.6278 4.0000 3624.7497 0.4457 0.1542 -0.6263 3.1351 6.0000 49.1746 0.0034 
39.6354 4.0000 3628.8823 0.4488 0.1565 -0.6278 3.1350 6.0000 50.4075 0.0048 
39.6696 4.0000 3642.7095 0.4516 0.1569 -0.6242 3.1470 6.0000 49.9621 0.0033 
39.6143 4.0000 3624.1576 0.4495 0.1563 -0.6270 3.1324 6.0000 51.5351 0.0035 
39.6755 4.0000 3642.5990 0.4499 0.1568 -0.6289 3.1330 6.0000 53.8937 0.0045 
39.6688 4.0000 3642.0738 0.4502 0.1544 -0.6274 3.1338 6.0000 51.0333 0.0033 
39.6763 4.0000 3645.4353 0.4474 0.1562 -0.6197 3.1334 6.0000 51.4940 0.0042 
39.6257 4.0000 3631.7215 0.4488 0.1570 -0.6231 3.1343 6.0000 50.7509 0.0045 
39.6406 4.0000 3632.2383 0.4495 0.1561 -0.6282 3.1312 6.0000 52.6696 0.0033 
39.6257 4.0000 3626.8735 0.4476 0.1555 -0.6260 3.1319 6.0000 49.2910 0.0034 
39.6749 4.0000 3644.1187 0.4474 0.1562 -0.6268 3.1360 6.0000 50.3270 0.0034 
39.6717 4.0000 3643.9075 0.4463 0.1550 -0.6234 3.1331 6.0000 50.4940 0.0038 
39.6696 4.0000 3641.3682 0.4455 0.1549 -0.6254 3.1394 6.0000 50.6594 0.0041 
39.6564 4.0000 3634.4021 0.4495 0.1570 -0.6271 3.1417 6.0000 50.8941 0.0039 
39.6427 4.0000 3632.0464 0.4498 0.1558 -0.6293 3.1357 6.0000 50.3344 0.0037 
39.6524 4.0000 3636.0383 0.4499 0.1584 -0.6228 3.1452 6.0000 50.3966 0.0036 
39.6591 4.0000 3639.4649 0.4463 0.1551 -0.6219 3.1410 6.0000 49.8753 0.0033 
39.6629 4.0000 3640.2301 0.4472 0.1547 -0.6252 3.1372 6.0000 50.3691 0.0033 
39.6768 4.0000 3644.4220 0.4465 0.1555 -0.6259 3.1365 6.0000 50.7833 0.0039 
39.6757 4.0000 3645.4678 0.4491 0.1545 -0.6263 3.1296 6.0000 50.0835 0.0046 
39.6505 4.0000 3635.5137 0.4506 0.1557 -0.6269 3.1394 6.0000 50.9446 0.0042 
39.6246 4.0000 3626.7470 0.4467 0.1574 -0.6202 3.1355 6.0000 51.5940 0.0036 
39.6404 4.0000 3631.3342 0.4499 0.1556 -0.6309 3.1347 6.0000 51.1966 0.0042 
39.6616 4.0000 3638.8359 0.4479 0.1570 -0.6241 3.1391 6.0000 50.3461 0.0039 
39.6404 4.0000 3630.8831 0.4503 0.1589 -0.6236 3.1382 6.0000 50.9147 0.0042 
39.6499 4.0000 3635.0259 0.4477 0.1567 -0.6280 3.1413 6.0000 50.1611 0.0036 
39.6402 4.0000 3631.2648 0.4456 0.1549 -0.6255 3.1411 6.0000 49.8962 0.0043 
39.6644 4.0000 3640.5488 0.4472 0.1553 -0.6296 3.1430 6.0000 51.6286 0.0040 
39.6362 4.0000 3629.8552 0.4516 0.1557 -0.6281 3.1349 6.0000 49.8918 0.0041 
39.6435 4.0000 3634.9601 0.4507 0.1555 -0.6306 3.1386 6.0000 52.2635 0.0036 
39.6467 4.0000 3635.6797 0.4476 0.1560 -0.6284 3.1433 6.0000 52.4461 0.0042 
39.6637 4.0000 3641.9729 0.4449 0.1533 -0.6248 3.1338 6.0000 51.7706 0.0041 
39.6379 4.0000 3631.6810 0.4472 0.1575 -0.6212 3.1411 6.0000 52.6939 0.0031 
39.6427 4.0000 3632.9256 0.4506 0.1569 -0.6264 3.1385 6.0000 51.6953 0.0047 
39.6841 4.0000 3646.9182 0.4492 0.1576 -0.6217 3.1383 6.0000 53.9357 0.0039 
39.6196 4.0000 3620.9933 0.4451 0.1561 -0.6223 3.1451 6.0000 53.2077 0.0034 
39.6501 4.0000 3634.4493 0.4473 0.1567 -0.6241 3.1313 6.0000 50.9177 0.0034 
39.6709 4.0000 3642.6047 0.4490 0.1555 -0.6274 3.1338 6.0000 50.7641 0.0039 
39.6709 4.0000 3642.7900 0.4484 0.1566 -0.6239 3.1355 6.0000 51.0187 0.0041 
39.6517 4.0000 3636.0542 0.4525 0.1563 -0.6293 3.1337 6.0000 51.6906 0.0038 
39.6429 4.0000 3630.5620 0.4441 0.1547 -0.6228 3.1381 6.0000 51.9158 0.0036 
39.6557 4.0000 3636.9021 0.4508 0.1547 -0.6274 3.1333 6.0000 53.4851 0.0040 
39.6631 4.0000 3639.4340 0.4477 0.1587 -0.6153 3.1381 6.0000 52.2737 0.0038 
39.6456 4.0000 3631.7396 0.4471 0.1543 -0.6278 3.1374 6.0000 51.9971 0.0036 
39.6566 4.0000 3637.7415 0.4493 0.1548 -0.6288 3.1337 6.0000 52.8394 0.0031 
39.6629 4.0000 3639.3176 0.4531 0.1566 -0.6306 3.1367 6.0000 55.5435 0.0040 
39.6843 4.0000 3646.6076 0.4506 0.1588 -0.6287 3.1373 6.0000 56.6011 0.0035 
39.6467 4.0000 3633.8621 0.4457 0.1559 -0.6181 3.1321 6.0000 55.4287 0.0040 
39.6654 4.0000 3641.0950 0.4497 0.1575 -0.6282 3.1386 6.0000 52.3766 0.0036 
39.6463 4.0000 3632.9704 0.4453 0.1548 -0.6246 3.1399 6.0000 50.6357 0.0036 
39.6620 4.0000 3641.0128 0.4478 0.1558 -0.6260 3.1333 6.0000 51.5556 0.0037 
39.6612 4.0000 3637.3979 0.4538 0.1588 -0.6293 3.1398 6.0000 53.6523 0.0036 
39.6576 4.0000 3636.3037 0.4511 0.1549 -0.6329 3.1308 6.0000 53.3332 0.0043 
39.6625 4.0000 3639.8539 0.4473 0.1561 -0.6186 3.1383 6.0000 53.3764 0.0035 
39.6337 4.0000 3629.1347 0.4507 0.1562 -0.6275 3.1375 6.0000 50.7930 0.0036 
39.6654 4.0000 3640.0288 0.4486 0.1542 -0.6309 3.1350 6.0000 51.5610 0.0042 
39.6627 4.0000 3640.0736 0.4466 0.1572 -0.6212 3.1397 6.0000 51.1244 0.0043 
39.6389 4.0000 3631.7520 0.4457 0.1535 -0.6265 3.1398 6.0000 51.6624 0.0036 
39.6362 4.0000 3629.0172 0.4483 0.1552 -0.6269 3.1413 6.0000 51.8664 0.0038 
39.6646 4.0000 3643.7757 0.4448 0.1547 -0.6178 3.1318 6.0000 51.7809 0.0038 
39.6543 4.0000 3635.0641 0.4489 0.1563 -0.6237 3.1332 6.0000 51.7046 0.0041 
39.6538 4.0000 3638.2320 0.4468 0.1551 -0.6237 3.1377 6.0000 51.3374 0.0036 
39.6438 4.0000 3633.0500 0.4495 0.1569 -0.6252 3.1315 6.0000 52.1575 0.0037 
39.6625 4.0000 3638.9826 0.4513 0.1594 -0.6217 3.1383 6.0000 51.1655 0.0044 
39.6610 4.0000 3639.8071 0.4434 0.1549 -0.6182 3.1343 6.0000 50.4910 0.0031 
39.6303 4.0000 3625.4346 0.4484 0.1533 -0.6323 3.1373 6.0000 50.3886 0.0032 
39.6841 4.0000 3647.4596 0.4494 0.1575 -0.6254 3.1352 6.0000 41.8441 0.0028 
39.6770 4.0000 3646.7255 0.4514 0.1567 -0.6308 3.1360 6.0000 41.5889 0.0034 
39.6936 4.0000 3648.5807 0.4452 0.1546 -0.6214 3.1316 6.0000 39.8308 0.0047 
39.6709 4.0000 3643.2766 0.4447 0.1544 -0.6217 3.1281 6.0000 39.4522 0.0036 
39.6204 4.0000 3624.5839 0.4480 0.1566 -0.6255 3.1406 6.0000 39.0961 0.0041 
39.6650 4.0000 3640.9842 0.4504 0.1578 -0.6258 3.1310 6.0000 39.3652 0.0042 
39.6423 4.0000 3630.0429 0.4532 0.1595 -0.6280 3.1410 6.0000 41.1792 0.0046 
39.6385 4.0000 3631.0738 0.4473 0.1560 -0.6192 3.1351 6.0000 40.6488 0.0042 
39.6244 4.0000 3625.4233 0.4478 0.1551 -0.6330 3.1323 6.0000 40.5963 0.0041 
39.6396 4.0000 3631.9981 0.4483 0.1571 -0.6250 3.1392 6.0000 40.5573 0.0045 
39.6431 4.0000 3632.9239 0.4484 0.1564 -0.6237 3.1372 6.0000 40.5587 0.0037 
39.6276 4.0000 3625.9464 0.4500 0.1580 -0.6281 3.1382 6.0000 40.3856 0.0041 
39.6610 4.0000 3640.9620 0.4521 0.1572 -0.6278 3.1330 6.0000 40.9995 0.0039 
39.6450 4.0000 3633.7028 0.4458 0.1559 -0.6229 3.1322 6.0000 40.3757 0.0039 
39.6522 4.0000 3633.1728 0.4478 0.1575 -0.6268 3.1363 6.0000 40.5817 0.0031 
39.6099 4.0000 3621.6946 0.4486 0.1566 -0.6307 3.1382 6.0000 39.7326 0.0034 
39.6828 4.0000 3646.4569 0.4464 0.1546 -0.6226 3.1340 6.0000 39.9147 0.0038 
39.6709 4.0000 3642.4863 0.4484 0.1541 -0.6335 3.1360 6.0000 39.6827 0.0047 
39.6562 4.0000 3635.3478 0.4522 0.1573 -0.6297 3.1340 6.0000 40.7449 0.0039 
39.6198 4.0000 3625.8312 0.4487 0.1559 -0.6313 3.1374 6.0000 40.5721 0.0039 
39.6513 4.0000 3635.8081 0.4479 0.1567 -0.6197 3.1384 6.0000 40.7715 0.0034 
39.6702 4.0000 3642.1862 0.4462 0.1535 -0.6282 3.1355 6.0000 40.7395 0.0043 
39.6711 4.0000 3643.5261 0.4484 0.1580 -0.6194 3.1410 6.0000 40.6500 0.0043 
39.6358 4.0000 3627.6185 0.4488 0.1557 -0.6240 3.1447 6.0000 39.6449 0.0030 
39.6868 4.0000 3647.9309 0.4480 0.1540 -0.6282 3.1360 6.0000 25.8463 0.0030 
