39.3448 16.5000 3533.5259 0.5278 0.2273 -0.6400 2.9417 5.0000 2.5765 0.0135 
39.2055 16.5000 3484.6557 0.5331 0.2299 -0.6546 2.9444 5.0000 2.5481 0.0135 
39.3125 16.5000 3531.3337 0.5278 0.2229 -0.6530 2.9350 5.0000 2.5032 0.0153 
39.2736 16.5000 3492.1856 0.5184 0.2242 -0.6453 2.9296 5.0000 2.6197 0.0137 
39.1450 16.5000 3459.1531 0.5261 0.2242 -0.6598 2.9359 5.0000 2.6096 0.0137 
39.2696 16.5000 3510.5311 0.5285 0.2269 -0.6494 2.9336 5.0000 2.6502 0.0119 
39.3821 16.5000 3542.5079 0.5315 0.2286 -0.6492 2.9270 5.0000 2.4162 0.0135 
39.3382 16.5000 3545.1496 0.5276 0.2210 -0.6463 2.9266 5.0000 2.4265 0.0137 
39.2752 16.5000 3515.3861 0.5311 0.2252 -0.6475 2.9363 5.0000 2.4326 0.0142 
39.2681 16.5000 3501.8512 0.5348 0.2294 -0.6546 2.9341 5.0000 2.7315 0.0099 
39.2474 16.5000 3490.2230 0.5243 0.2272 -0.6509 2.9478 5.0000 2.7186 0.0099 
39.4154 16.5000 3577.2444 0.5328 0.2266 -0.6423 2.9292 5.0000 2.7282 0.0122 
39.1990 16.5000 3484.6159 0.5326 0.2289 -0.6507 2.9361 5.0000 2.5080 0.0139 
39.3276 16.5000 3540.3470 0.5428 0.2317 -0.6551 2.9403 5.0000 2.5050 0.0139 
39.2590 16.5000 3506.6315 0.5318 0.2338 -0.6396 2.9492 5.0000 2.4942 0.0130 
39.3387 16.5000 3522.2028 0.5296 0.2263 -0.6473 2.9382 5.0000 2.6289 0.0135 
39.2948 16.5000 3524.7369 0.5298 0.2267 -0.6419 2.9447 5.0000 2.6160 0.0135 
39.2767 16.5000 3513.5420 0.5266 0.2264 -0.6512 2.9359 5.0000 2.6152 0.0136 
39.2989 16.5000 3520.0499 0.5352 0.2289 -0.6512 2.9371 5.0000 2.4957 0.0125 
39.2711 16.5000 3504.8918 0.5272 0.2274 -0.6561 2.9426 5.0000 2.5223 0.0115 
39.3150 16.5000 3513.7564 0.5286 0.2260 -0.6542 2.9370 5.0000 2.4718 0.0115 
39.3523 16.5000 3537.4134 0.5295 0.2303 -0.6442 2.9429 5.0000 2.8112 0.0155 
39.2373 16.5000 3488.7985 0.5352 0.2309 -0.6519 2.9465 5.0000 2.7913 0.0155 
39.1995 16.5000 3483.8764 0.5208 0.2284 -0.6432 2.9356 5.0000 2.7528 0.0155 
39.2187 16.5000 3471.7488 0.5262 0.2306 -0.6543 2.9428 5.0000 2.5284 0.0118 
39.3140 16.5000 3523.2288 0.5312 0.2257 -0.6494 2.9386 5.0000 2.5256 0.0118 
39.3422 16.5000 3528.3718 0.5294 0.2263 -0.6476 2.9376 5.0000 2.5526 0.0118 
39.3150 16.5000 3524.5140 0.5309 0.2293 -0.6494 2.9416 5.0000 2.6596 0.0120 
39.3473 16.5000 3540.0953 0.5295 0.2298 -0.6429 2.9297 5.0000 2.6425 0.0120 
39.3357 16.5000 3532.9725 0.5282 0.2298 -0.6452 2.9502 5.0000 2.7106 0.0127 
39.2817 16.5000 3509.4860 0.5301 0.2274 -0.6547 2.9310 5.0000 2.5146 0.0128 
39.3049 16.5000 3514.0651 0.5312 0.2299 -0.6481 2.9448 5.0000 2.5313 0.0128 
39.3009 16.5000 3523.3730 0.5274 0.2282 -0.6429 2.9391 5.0000 2.5037 0.0138 
39.3029 16.5000 3518.8232 0.5346 0.2285 -0.6543 2.9464 5.0000 2.7417 0.0110 
39.2631 16.5000 3521.8159 0.5319 0.2291 -0.6479 2.9357 5.0000 2.8080 0.0130 
39.3720 16.5000 3548.8716 0.5302 0.2260 -0.6494 2.9413 6.0000 2.7156 0.0130 
39.2943 16.5000 3505.8013 0.5281 0.2294 -0.6606 2.9542 5.0000 2.5872 0.0125 
39.3937 16.5000 3567.4285 0.5327 0.2286 -0.6406 2.9465 5.0000 2.5415 0.0125 
39.3155 16.5000 3516.9690 0.5293 0.2272 -0.6556 2.9371 5.0000 2.5669 0.0150 
39.3634 16.5000 3550.1342 0.5318 0.2288 -0.6505 2.9243 5.0000 2.6454 0.0127 
39.2166 16.5000 3470.3990 0.5355 0.2329 -0.6594 2.9450 5.0000 2.6003 0.0127 
39.3074 16.5000 3524.9957 0.5396 0.2310 -0.6571 2.9428 5.0000 2.6858 0.0126 
39.3987 16.5000 3560.6376 0.5381 0.2286 -0.6648 2.9382 5.0000 2.5313 0.0125 
39.3110 16.5000 3528.8651 0.5347 0.2304 -0.6415 2.9298 5.0000 2.5321 0.0125 
39.3125 16.5000 3492.2759 0.5297 0.2284 -0.6561 2.9539 5.0000 2.5253 0.0128 
39.2288 16.5000 3503.1854 0.5289 0.2235 -0.6571 2.9394 5.0000 2.6491 0.0126 
39.3039 16.5000 3531.4759 0.5377 0.2328 -0.6481 2.9492 5.0000 2.8005 0.0107 
39.3095 16.5000 3514.8025 0.5336 0.2282 -0.6522 2.9376 5.0000 2.7692 0.0146 
39.3861 16.5000 3546.9049 0.5312 0.2244 -0.6524 2.9386 5.0000 2.6223 0.0102 
39.2328 16.5000 3493.4154 0.5294 0.2313 -0.6511 2.9463 5.0000 2.5318 0.0124 
39.4053 16.5000 3563.4305 0.5307 0.2279 -0.6418 2.9368 5.0000 2.5323 0.0108 
39.3190 16.5000 3517.5647 0.5342 0.2303 -0.6510 2.9517 5.0000 2.7402 0.0145 
39.3821 16.5000 3549.1561 0.5216 0.2240 -0.6451 2.9370 5.0000 2.6930 0.0145 
39.2358 16.5000 3519.5329 0.5272 0.2235 -0.6465 2.9380 5.0000 2.7264 0.0104 
39.2827 16.5000 3510.4883 0.5439 0.2323 -0.6567 2.9457 5.0000 2.4912 0.0143 
39.3952 16.5000 3566.7087 0.5342 0.2284 -0.6478 2.9352 5.0000 2.4812 0.0143 
39.2464 16.5000 3502.0509 0.5198 0.2222 -0.6490 2.9378 5.0000 2.4798 0.0131 
39.3720 16.5000 3547.9127 0.5251 0.2277 -0.6423 2.9393 5.0000 2.6845 0.0130 
39.2898 16.5000 3511.9158 0.5309 0.2286 -0.6439 2.9361 5.0000 2.7666 0.0134 
39.2933 16.5000 3521.0739 0.5362 0.2324 -0.6614 2.9435 5.0000 2.7451 0.0132 
39.2792 16.5000 3497.9188 0.5339 0.2318 -0.6527 2.9415 5.0000 2.6441 0.0141 
39.2883 16.5000 3511.1112 0.5287 0.2292 -0.6469 2.9452 6.0000 2.5644 0.0141 
39.2504 16.5000 3506.2083 0.5349 0.2282 -0.6605 2.9479 5.0000 2.5339 0.0116 
39.2827 16.5000 3516.4020 0.5316 0.2304 -0.6579 2.9362 5.0000 2.7015 0.0130 
39.3478 16.5000 3544.5685 0.5290 0.2254 -0.6558 2.9385 5.0000 2.6908 0.0130 
39.2968 16.5000 3512.5155 0.5337 0.2293 -0.6515 2.9436 5.0000 2.7229 0.0131 
39.2782 16.5000 3527.3256 0.5315 0.2265 -0.6439 2.9452 5.0000 2.5105 0.0153 
39.2903 16.5000 3527.2106 0.5314 0.2310 -0.6478 2.9503 5.0000 2.5171 0.0153 
39.2071 16.5000 3448.7728 0.5348 0.2355 -0.6571 2.9615 5.0000 2.5217 0.0149 
39.2933 16.5000 3515.7957 0.5390 0.2298 -0.6538 2.9323 5.0000 2.7768 0.0139 
39.2217 16.5000 3497.5738 0.5264 0.2284 -0.6524 2.9388 5.0000 2.7439 0.0139 
39.2615 16.5000 3499.0083 0.5328 0.2286 -0.6561 2.9398 5.0000 2.8242 0.0123 
39.2958 16.5000 3517.5738 0.5284 0.2247 -0.6498 2.9365 5.0000 2.5681 0.0130 
39.3231 16.5000 3519.3377 0.5264 0.2264 -0.6417 2.9307 5.0000 2.5605 0.0130 
39.2963 16.5000 3531.3246 0.5291 0.2276 -0.6515 2.9225 5.0000 2.5423 0.0138 
39.3483 16.5000 3533.9758 0.5300 0.2266 -0.6446 2.9344 5.0000 2.7335 0.0125 
39.2656 16.5000 3507.4900 0.5264 0.2297 -0.6484 2.9342 5.0000 2.7056 0.0125 
39.3160 16.5000 3513.3039 0.5303 0.2293 -0.6534 2.9446 5.0000 2.6981 0.0152 
39.3402 16.5000 3527.2706 0.5365 0.2333 -0.6462 2.9579 5.0000 2.5350 0.0145 
39.2091 16.5000 3481.4769 0.5342 0.2326 -0.6537 2.9379 5.0000 2.5061 0.0145 
39.2363 16.5000 3488.8661 0.5365 0.2340 -0.6538 2.9433 5.0000 2.5154 0.0133 
39.3160 16.5000 3516.3380 0.5282 0.2306 -0.6390 2.9377 5.0000 2.8112 0.0128 
39.2847 16.5000 3505.0658 0.5319 0.2293 -0.6533 2.9389 5.0000 2.7943 0.0128 
39.3014 16.5000 3525.5193 0.5287 0.2263 -0.6492 2.9419 5.0000 2.7810 0.0140 
39.2540 16.5000 3507.3291 0.5244 0.2270 -0.6396 2.9437 5.0000 2.5367 0.0131 
39.2575 16.5000 3488.2058 0.5345 0.2308 -0.6553 2.9405 5.0000 2.5556 0.0131 
39.2918 16.5000 3516.3743 0.5335 0.2300 -0.6531 2.9313 5.0000 2.5249 0.0147 
39.3281 16.5000 3528.3319 0.5215 0.2222 -0.6459 2.9341 5.0000 2.7274 0.0128 
39.2288 16.5000 3492.1246 0.5295 0.2266 -0.6481 2.9463 5.0000 2.7297 0.0128 
39.3034 16.5000 3514.9382 0.5250 0.2242 -0.6458 2.9402 5.0000 2.7261 0.0114 
39.2963 16.5000 3532.5725 0.5296 0.2274 -0.6467 2.9324 5.0000 2.5332 0.0145 
39.3574 16.5000 3552.8832 0.5310 0.2261 -0.6592 2.9352 5.0000 2.5410 0.0145 
39.2383 16.5000 3487.8048 0.5231 0.2262 -0.6545 2.9431 5.0000 2.5081 0.0162 
39.1712 16.5000 3462.5125 0.5306 0.2309 -0.6569 2.9445 5.0000 2.7988 0.0135 
39.2550 16.5000 3505.0366 0.5375 0.2335 -0.6470 2.9490 5.0000 2.7991 0.0135 
39.2747 16.5000 3506.9463 0.5371 0.2363 -0.6505 2.9483 5.0000 2.7875 0.0126 
39.3105 16.5000 3528.3556 0.5330 0.2292 -0.6521 2.9438 5.0000 2.5305 0.0126 
39.3095 16.5000 3508.9740 0.5376 0.2331 -0.6552 2.9463 5.0000 2.5196 0.0126 
39.3115 16.5000 3519.4194 0.5301 0.2289 -0.6489 2.9349 5.0000 2.5119 0.0126 
39.2035 16.5000 3475.8376 0.5334 0.2326 -0.6582 2.9446 5.0000 2.4317 0.0154 
