39.6608 4.0000 3634.5831 0.2765 0.0846 -0.5341 3.0036 5.0000 11.9406 0.0037 
39.6608 4.0000 3636.9160 0.2763 0.0837 -0.5337 3.0001 6.0000 12.1231 0.0037 
39.6878 4.0000 3649.6121 0.2767 0.0848 -0.5340 2.9978 6.0000 12.5360 0.0032 
39.6774 4.0000 3644.4499 0.2773 0.0840 -0.5326 3.0055 6.0000 12.7983 0.0033 
39.6759 4.0000 3642.3876 0.2768 0.0847 -0.5339 3.0026 5.0000 12.7179 0.0034 
39.6714 4.0000 3640.8648 0.2786 0.0844 -0.5357 3.0014 5.0000 12.7131 0.0034 
39.6726 4.0000 3641.8953 0.2750 0.0828 -0.5307 2.9995 6.0000 12.9488 0.0037 
39.6580 4.0000 3635.9450 0.2775 0.0833 -0.5342 2.9973 6.0000 12.5421 0.0037 
39.6444 4.0000 3631.0293 0.2781 0.0844 -0.5351 3.0041 6.0000 12.9823 0.0034 
39.6691 4.0000 3639.8802 0.2775 0.0842 -0.5380 3.0022 6.0000 12.9349 0.0034 
39.6908 4.0000 3648.9619 0.2757 0.0836 -0.5321 3.0030 5.0000 13.1182 0.0035 
39.6653 4.0000 3637.3375 0.2770 0.0850 -0.5331 3.0037 5.0000 13.1009 0.0035 
39.6618 4.0000 3638.4878 0.2783 0.0839 -0.5340 2.9979 6.0000 13.0153 0.0036 
39.6429 4.0000 3631.1243 0.2802 0.0842 -0.5390 2.9996 6.0000 12.8792 0.0036 
39.6747 4.0000 3641.5372 0.2774 0.0841 -0.5341 3.0004 6.0000 12.9027 0.0033 
39.6741 4.0000 3641.6411 0.2785 0.0845 -0.5338 2.9972 5.0000 13.0254 0.0034 
39.6721 4.0000 3642.0794 0.2767 0.0834 -0.5344 3.0032 6.0000 12.9887 0.0038 
39.6542 4.0000 3635.4918 0.2780 0.0844 -0.5334 3.0005 5.0000 12.9149 0.0038 
39.6525 4.0000 3633.8810 0.2773 0.0839 -0.5342 2.9994 5.0000 12.7199 0.0040 
39.6484 4.0000 3632.0923 0.2783 0.0843 -0.5331 3.0049 5.0000 12.6299 0.0040 
39.6646 4.0000 3638.4325 0.2797 0.0845 -0.5369 2.9989 6.0000 12.9465 0.0031 
39.6810 4.0000 3644.9153 0.2750 0.0832 -0.5304 3.0027 6.0000 12.8444 0.0031 
39.6570 4.0000 3634.7889 0.2779 0.0841 -0.5340 2.9993 6.0000 13.2589 0.0035 
39.6678 4.0000 3638.5990 0.2779 0.0855 -0.5379 3.0034 5.0000 13.2693 0.0035 
39.6545 4.0000 3635.0699 0.2760 0.0842 -0.5334 3.0019 6.0000 13.4648 0.0030 
39.6736 4.0000 3643.0275 0.2782 0.0849 -0.5313 3.0047 6.0000 13.1455 0.0033 
39.6878 4.0000 3646.7712 0.2767 0.0844 -0.5312 3.0017 6.0000 13.3207 0.0030 
39.6878 4.0000 3648.6088 0.2763 0.0843 -0.5314 3.0022 6.0000 13.2791 0.0036 
39.6636 4.0000 3638.4875 0.2783 0.0838 -0.5345 2.9980 6.0000 12.6806 0.0036 
39.6613 4.0000 3636.2928 0.2767 0.0836 -0.5352 2.9999 6.0000 12.9558 0.0031 
39.6817 4.0000 3643.0540 0.2772 0.0843 -0.5313 2.9988 6.0000 12.6652 0.0029 
39.6923 4.0000 3649.6262 0.2776 0.0849 -0.5351 2.9983 5.0000 12.7178 0.0034 
39.6721 4.0000 3642.5874 0.2779 0.0839 -0.5364 2.9999 6.0000 12.8804 0.0039 
39.6507 4.0000 3631.0661 0.2756 0.0829 -0.5337 3.0007 5.0000 12.8562 0.0031 
39.6842 4.0000 3644.3828 0.2770 0.0844 -0.5322 2.9984 6.0000 12.9336 0.0030 
39.6885 4.0000 3648.1982 0.2758 0.0834 -0.5326 3.0000 6.0000 12.8015 0.0037 
39.6585 4.0000 3636.1854 0.2765 0.0833 -0.5343 3.0015 6.0000 12.8914 0.0039 
39.6494 4.0000 3632.7765 0.2752 0.0838 -0.5317 3.0012 6.0000 13.1942 0.0038 
39.6540 4.0000 3634.8615 0.2774 0.0840 -0.5340 2.9972 6.0000 13.1085 0.0039 
39.6525 4.0000 3634.5728 0.2777 0.0832 -0.5354 2.9993 5.0000 12.9144 0.0039 
39.6520 4.0000 3632.8477 0.2759 0.0838 -0.5336 2.9990 6.0000 13.4383 0.0034 
39.6694 4.0000 3640.9723 0.2770 0.0829 -0.5360 3.0009 6.0000 12.9017 0.0034 
39.6716 4.0000 3643.0023 0.2787 0.0847 -0.5380 3.0011 5.0000 13.1571 0.0034 
39.6845 4.0000 3645.1206 0.2784 0.0841 -0.5328 3.0025 5.0000 13.0380 0.0034 
39.6941 4.0000 3648.4368 0.2779 0.0845 -0.5336 3.0004 6.0000 12.6029 0.0034 
39.6729 4.0000 3640.5765 0.2777 0.0843 -0.5356 3.0060 5.0000 12.9766 0.0033 
39.6747 4.0000 3642.9982 0.2782 0.0848 -0.5321 3.0060 5.0000 13.0315 0.0035 
39.6651 4.0000 3637.5591 0.2760 0.0840 -0.5330 2.9992 6.0000 13.2318 0.0039 
39.6494 4.0000 3632.2441 0.2774 0.0845 -0.5351 3.0047 5.0000 12.9494 0.0030 
39.6865 4.0000 3647.0752 0.2763 0.0829 -0.5373 2.9979 5.0000 13.0518 0.0036 
39.6625 4.0000 3638.7016 0.2757 0.0830 -0.5330 2.9977 5.0000 12.9451 0.0038 
39.6570 4.0000 3638.7329 0.2785 0.0837 -0.5358 2.9984 5.0000 13.0679 0.0039 
39.6512 4.0000 3632.9032 0.2766 0.0832 -0.5363 3.0018 6.0000 12.8041 0.0037 
39.6593 4.0000 3637.7173 0.2786 0.0845 -0.5329 3.0063 5.0000 12.7185 0.0035 
39.6661 4.0000 3638.4575 0.2784 0.0838 -0.5364 3.0011 6.0000 13.3249 0.0037 
39.6590 4.0000 3635.1178 0.2757 0.0840 -0.5319 3.0030 6.0000 12.8894 0.0031 
39.6847 4.0000 3646.6479 0.2751 0.0834 -0.5316 3.0013 6.0000 13.0257 0.0035 
39.6653 4.0000 3637.2023 0.2762 0.0833 -0.5318 2.9985 6.0000 12.8039 0.0035 
39.6817 4.0000 3648.2257 0.2761 0.0845 -0.5286 3.0017 5.0000 13.0819 0.0035 
39.6658 4.0000 3639.1526 0.2754 0.0845 -0.5328 3.0051 6.0000 12.9230 0.0035 
39.6648 4.0000 3640.0224 0.2787 0.0846 -0.5344 3.0013 5.0000 12.8681 0.0036 
39.6648 4.0000 3636.3359 0.2791 0.0848 -0.5350 3.0048 6.0000 13.0806 0.0039 
39.6527 4.0000 3636.5493 0.2766 0.0833 -0.5357 2.9975 5.0000 12.9140 0.0033 
39.6767 4.0000 3639.5929 0.2781 0.0839 -0.5391 3.0024 5.0000 13.2969 0.0034 
39.6704 4.0000 3641.0509 0.2770 0.0831 -0.5340 3.0015 5.0000 12.9087 0.0029 
39.6921 4.0000 3647.9728 0.2762 0.0832 -0.5318 2.9963 6.0000 12.9806 0.0034 
39.6696 4.0000 3638.8272 0.2759 0.0841 -0.5322 2.9997 5.0000 13.1819 0.0035 
39.6683 4.0000 3640.6174 0.2809 0.0850 -0.5377 3.0037 6.0000 12.9404 0.0034 
39.6699 4.0000 3640.5084 0.2771 0.0843 -0.5336 3.0005 6.0000 13.0102 0.0036 
39.6613 4.0000 3637.9218 0.2792 0.0846 -0.5352 3.0019 6.0000 12.8000 0.0031 
39.6827 4.0000 3645.6893 0.2754 0.0825 -0.5344 2.9994 5.0000 12.6702 0.0037 
39.6595 4.0000 3637.1574 0.2770 0.0843 -0.5316 3.0013 5.0000 12.9932 0.0039 
39.6522 4.0000 3634.1579 0.2763 0.0840 -0.5335 3.0056 6.0000 13.0164 0.0030 
39.6873 4.0000 3646.9677 0.2783 0.0847 -0.5360 3.0029 5.0000 12.7289 0.0041 
39.6444 4.0000 3633.0752 0.2774 0.0838 -0.5373 3.0026 6.0000 12.7658 0.0038 
39.6557 4.0000 3637.0121 0.2769 0.0850 -0.5317 3.0072 6.0000 12.8765 0.0039 
39.6527 4.0000 3633.3185 0.2770 0.0837 -0.5386 2.9993 5.0000 12.8277 0.0031 
39.6825 4.0000 3644.8474 0.2791 0.0836 -0.5345 2.9991 5.0000 13.0025 0.0041 
39.6441 4.0000 3631.3859 0.2759 0.0831 -0.5318 2.9992 6.0000 12.7196 0.0038 
39.6540 4.0000 3633.8489 0.2789 0.0852 -0.5351 3.0025 6.0000 13.2318 0.0038 
39.6555 4.0000 3636.0593 0.2775 0.0831 -0.5345 2.9998 5.0000 12.8693 0.0037 
39.6595 4.0000 3635.5778 0.2765 0.0842 -0.5304 3.0001 6.0000 12.7625 0.0038 
39.6567 4.0000 3634.2494 0.2778 0.0840 -0.5377 3.0033 6.0000 12.6899 0.0035 
39.6681 4.0000 3640.9160 0.2754 0.0835 -0.5293 2.9976 6.0000 12.6374 0.0027 
39.6971 4.0000 3649.5503 0.2787 0.0840 -0.5321 3.0005 6.0000 12.9862 0.0032 
39.6769 4.0000 3643.8033 0.2762 0.0834 -0.5353 2.9992 5.0000 12.4907 0.0036 
39.6620 4.0000 3637.4613 0.2776 0.0836 -0.5369 3.0043 6.0000 13.1229 0.0027 
39.6976 4.0000 3650.8963 0.2758 0.0836 -0.5284 3.0013 5.0000 12.6646 0.0027 
39.6575 4.0000 3635.6361 0.2779 0.0844 -0.5344 2.9999 6.0000 13.1007 0.0042 
39.6847 4.0000 3647.1566 0.2767 0.0839 -0.5330 2.9984 6.0000 12.4781 0.0031 
39.6383 4.0000 3629.6638 0.2772 0.0832 -0.5349 2.9986 5.0000 12.8699 0.0040 
39.6474 4.0000 3632.1276 0.2763 0.0838 -0.5338 2.9994 5.0000 12.7214 0.0041 
39.6434 4.0000 3631.3052 0.2767 0.0841 -0.5363 3.0051 5.0000 12.6913 0.0038 
39.6552 4.0000 3632.7163 0.2763 0.0842 -0.5350 3.0014 5.0000 12.6258 0.0035 
39.6676 4.0000 3639.7223 0.2795 0.0849 -0.5354 3.0019 6.0000 12.8502 0.0032 
39.6797 4.0000 3644.6628 0.2750 0.0844 -0.5264 3.0014 5.0000 12.9190 0.0038 
39.6562 4.0000 3635.4658 0.2736 0.0829 -0.5324 2.9999 5.0000 12.5419 0.0030 
39.6852 4.0000 3643.8633 0.2782 0.0838 -0.5377 3.0067 6.0000 12.5298 0.0036 
39.6648 4.0000 3639.0066 0.2792 0.0843 -0.5359 3.0012 6.0000 12.8535 0.0036 
39.6618 4.0000 3637.1077 0.2775 0.0840 -0.5343 3.0039 6.0000 12.5144 0.0036 
