39.5745 16.5000 3608.6838 0.3081 0.1034 -0.5599 2.9202 5.0000 5.7344 0.0058 
39.5630 16.5000 3605.4181 0.3054 0.1024 -0.5605 2.9218 5.0000 5.9791 0.0068 
39.5385 16.5000 3596.6543 0.3085 0.1040 -0.5582 2.9192 5.0000 5.6771 0.0058 
39.5284 16.5000 3588.6986 0.3083 0.1057 -0.5578 2.9242 5.0000 5.7156 0.0060 
39.5356 16.5000 3587.8779 0.3066 0.1041 -0.5574 2.9218 5.0000 5.7222 0.0060 
39.5680 16.5000 3603.6325 0.3063 0.1027 -0.5598 2.9217 5.0000 5.7928 0.0072 
39.5655 16.5000 3606.7364 0.3060 0.1031 -0.5580 2.9200 5.0000 5.5943 0.0072 
39.5219 16.5000 3590.2684 0.3040 0.1017 -0.5560 2.9183 5.0000 5.5783 0.0072 
39.5208 16.5000 3589.1126 0.3026 0.1025 -0.5558 2.9212 5.0000 5.5267 0.0076 
39.5662 16.5000 3610.3336 0.3079 0.1034 -0.5605 2.9189 5.0000 5.6909 0.0063 
39.5053 16.5000 3582.5037 0.3077 0.1036 -0.5620 2.9229 5.0000 5.6321 0.0063 
39.5572 16.5000 3597.7835 0.3064 0.1039 -0.5567 2.9270 5.0000 5.7232 0.0058 
39.5493 16.5000 3598.5440 0.3058 0.1045 -0.5520 2.9257 5.0000 5.8071 0.0068 
39.5767 16.5000 3606.1247 0.3055 0.1033 -0.5608 2.9208 5.0000 5.8388 0.0068 
39.5370 16.5000 3586.1542 0.3039 0.1031 -0.5586 2.9262 5.0000 5.8319 0.0067 
39.5644 16.5000 3605.3803 0.3065 0.1030 -0.5583 2.9208 5.0000 5.7942 0.0059 
39.5410 16.5000 3598.0317 0.3058 0.1045 -0.5525 2.9175 5.0000 5.9368 0.0069 
39.5716 16.5000 3606.7354 0.3059 0.1038 -0.5549 2.9215 5.0000 5.8943 0.0060 
39.5334 16.5000 3594.3416 0.3055 0.1031 -0.5594 2.9211 5.0000 5.8562 0.0067 
39.5676 16.5000 3601.2308 0.3035 0.1036 -0.5569 2.9244 5.0000 5.9819 0.0075 
39.5406 16.5000 3597.8570 0.3088 0.1034 -0.5600 2.9166 5.0000 5.9983 0.0061 
39.5078 16.5000 3579.9748 0.3056 0.1039 -0.5584 2.9254 5.0000 5.8688 0.0060 
39.5637 16.5000 3598.2223 0.3082 0.1039 -0.5581 2.9261 5.0000 5.9407 0.0072 
39.5702 16.5000 3607.0895 0.3058 0.1025 -0.5561 2.9197 5.0000 6.0001 0.0067 
39.5215 16.5000 3587.5071 0.3083 0.1030 -0.5633 2.9222 5.0000 5.7818 0.0056 
39.5428 16.5000 3599.3716 0.3046 0.1025 -0.5563 2.9177 5.0000 5.6972 0.0056 
39.5857 16.5000 3610.6680 0.3066 0.1039 -0.5594 2.9203 5.0000 5.8147 0.0064 
39.5846 16.5000 3611.2765 0.3060 0.1028 -0.5579 2.9211 5.0000 5.9719 0.0061 
39.5514 16.5000 3596.1196 0.3060 0.1041 -0.5557 2.9247 5.0000 5.9586 0.0069 
39.5648 16.5000 3605.4916 0.3068 0.1034 -0.5562 2.9189 5.0000 6.0803 0.0070 
39.5349 16.5000 3590.6183 0.3071 0.1021 -0.5646 2.9231 5.0000 5.9268 0.0059 
39.5287 16.5000 3588.3981 0.3041 0.1017 -0.5599 2.9215 5.0000 5.9663 0.0067 
39.5734 16.5000 3611.5255 0.3055 0.1035 -0.5547 2.9168 5.0000 6.1164 0.0071 
39.5424 16.5000 3593.2153 0.3069 0.1037 -0.5584 2.9225 5.0000 6.0953 0.0057 
39.5240 16.5000 3590.0652 0.3085 0.1043 -0.5595 2.9217 5.0000 6.0522 0.0061 
39.5806 16.5000 3608.6813 0.3069 0.1032 -0.5589 2.9265 5.0000 5.9963 0.0069 
39.5644 16.5000 3606.9242 0.3079 0.1055 -0.5574 2.9269 5.0000 5.9273 0.0066 
39.5316 16.5000 3598.3697 0.3036 0.1031 -0.5513 2.9211 5.0000 5.9700 0.0061 
39.5435 16.5000 3599.4322 0.3067 0.1031 -0.5539 2.9186 5.0000 6.1479 0.0071 
39.5626 16.5000 3601.7683 0.3067 0.1027 -0.5603 2.9226 6.0000 5.7905 0.0060 
39.5244 16.5000 3594.5815 0.3064 0.1023 -0.5601 2.9194 6.0000 5.7274 0.0064 
39.5666 16.5000 3602.4896 0.3060 0.1041 -0.5534 2.9194 5.0000 5.8080 0.0076 
39.5518 16.5000 3601.4704 0.3066 0.1026 -0.5612 2.9232 5.0000 5.6336 0.0069 
39.5064 16.5000 3584.2281 0.3072 0.1047 -0.5571 2.9223 5.0000 5.6925 0.0068 
39.5338 16.5000 3597.2657 0.3064 0.1044 -0.5561 2.9259 5.0000 5.8206 0.0064 
39.5359 16.5000 3589.5763 0.3059 0.1048 -0.5566 2.9245 5.0000 6.0165 0.0065 
39.5518 16.5000 3604.0068 0.3055 0.1022 -0.5597 2.9199 5.0000 6.0839 0.0056 
39.5500 16.5000 3599.4934 0.3077 0.1033 -0.5589 2.9210 5.0000 6.0834 0.0064 
39.5831 16.5000 3611.2102 0.3029 0.1027 -0.5583 2.9219 5.0000 5.6695 0.0068 
39.5518 16.5000 3600.0940 0.3070 0.1031 -0.5598 2.9217 5.0000 5.6729 0.0068 
39.5367 16.5000 3593.3983 0.3090 0.1035 -0.5612 2.9214 5.0000 5.7662 0.0060 
39.5352 16.5000 3596.5758 0.3035 0.1031 -0.5523 2.9197 5.0000 5.6891 0.0067 
39.5676 16.5000 3604.8409 0.3073 0.1046 -0.5563 2.9221 5.0000 5.7534 0.0067 
39.5428 16.5000 3597.1414 0.3055 0.1039 -0.5577 2.9221 5.0000 5.8711 0.0068 
39.5410 16.5000 3597.9629 0.3061 0.1031 -0.5556 2.9206 5.0000 6.1172 0.0056 
39.5377 16.5000 3590.1942 0.3050 0.1038 -0.5555 2.9228 5.0000 6.0611 0.0060 
39.5831 16.5000 3613.4322 0.3053 0.1022 -0.5572 2.9217 5.0000 6.0579 0.0058 
39.5694 16.5000 3607.4495 0.3058 0.1038 -0.5559 2.9210 5.0000 5.8795 0.0066 
39.5767 16.5000 3606.4587 0.3048 0.1034 -0.5525 2.9209 5.0000 6.0064 0.0059 
39.5449 16.5000 3600.6100 0.3049 0.1036 -0.5592 2.9250 5.0000 5.9435 0.0069 
39.5705 16.5000 3605.0665 0.3063 0.1039 -0.5585 2.9179 5.0000 5.7666 0.0083 
39.5349 16.5000 3592.3311 0.3042 0.1015 -0.5605 2.9227 5.0000 5.7163 0.0068 
39.4765 16.5000 3568.5570 0.3069 0.1029 -0.5605 2.9196 5.0000 5.8046 0.0061 
39.5356 16.5000 3597.5356 0.3057 0.1025 -0.5576 2.9185 5.0000 5.9609 0.0061 
39.5637 16.5000 3606.2331 0.3016 0.1032 -0.5502 2.9290 5.0000 6.0144 0.0073 
39.5651 16.5000 3600.1445 0.3032 0.1022 -0.5579 2.9240 5.0000 6.0975 0.0061 
39.5158 16.5000 3583.6354 0.3070 0.1040 -0.5542 2.9240 5.0000 5.8981 0.0069 
39.5630 16.5000 3603.9802 0.3082 0.1045 -0.5580 2.9183 5.0000 5.8363 0.0072 
39.5345 16.5000 3591.8112 0.3106 0.1054 -0.5600 2.9210 5.0000 5.7824 0.0060 
39.5197 16.5000 3582.1329 0.3067 0.1039 -0.5551 2.9198 5.0000 6.0009 0.0062 
39.5691 16.5000 3608.6129 0.3073 0.1049 -0.5586 2.9220 5.0000 6.0438 0.0069 
39.5597 16.5000 3607.2128 0.3061 0.1045 -0.5579 2.9251 5.0000 5.9697 0.0065 
39.5323 16.5000 3589.6664 0.3078 0.1042 -0.5608 2.9237 5.0000 5.9962 0.0063 
39.5485 16.5000 3597.5943 0.3032 0.1039 -0.5518 2.9210 5.0000 5.9121 0.0060 
39.5565 16.5000 3601.0434 0.3046 0.1043 -0.5564 2.9215 5.0000 5.8389 0.0071 
39.5687 16.5000 3608.7901 0.3062 0.1033 -0.5608 2.9195 5.0000 5.8930 0.0058 
39.5233 16.5000 3585.9582 0.3073 0.1039 -0.5602 2.9222 5.0000 5.8965 0.0064 
39.5774 16.5000 3608.3171 0.3065 0.1029 -0.5545 2.9183 5.0000 5.9671 0.0060 
39.5525 16.5000 3600.7602 0.3056 0.1036 -0.5590 2.9191 5.0000 5.9908 0.0067 
39.5666 16.5000 3601.9478 0.3050 0.1036 -0.5611 2.9221 5.0000 6.0848 0.0076 
39.5410 16.5000 3599.5071 0.3057 0.1043 -0.5571 2.9230 5.0000 5.8384 0.0078 
39.5053 16.5000 3581.6206 0.3093 0.1035 -0.5623 2.9201 5.0000 5.6633 0.0058 
39.4959 16.5000 3573.5320 0.3074 0.1032 -0.5621 2.9205 5.0000 5.7548 0.0072 
39.5777 16.5000 3608.1737 0.3065 0.1032 -0.5608 2.9236 5.0000 5.7689 0.0071 
39.5230 16.5000 3586.9292 0.3076 0.1039 -0.5606 2.9229 5.0000 5.8762 0.0072 
39.5262 16.5000 3595.9369 0.3088 0.1041 -0.5589 2.9223 5.0000 5.8189 0.0072 
39.5226 16.5000 3588.8009 0.3061 0.1039 -0.5588 2.9214 5.0000 5.7870 0.0073 
39.5194 16.5000 3583.9885 0.3045 0.1049 -0.5577 2.9275 5.0000 5.7543 0.0072 
39.5172 16.5000 3589.2387 0.3043 0.1034 -0.5574 2.9262 5.0000 5.6750 0.0059 
39.5208 16.5000 3590.6417 0.3054 0.1033 -0.5560 2.9238 5.0000 5.7263 0.0067 
39.5705 16.5000 3603.7424 0.3075 0.1041 -0.5557 2.9222 5.0000 6.1012 0.0068 
39.5424 16.5000 3596.0540 0.3056 0.1038 -0.5572 2.9236 5.0000 6.2700 0.0059 
39.5363 16.5000 3590.7473 0.3062 0.1030 -0.5585 2.9231 5.0000 6.0404 0.0070 
39.5720 16.5000 3612.6774 0.3018 0.1014 -0.5552 2.9162 5.0000 6.0453 0.0049 
39.5277 16.5000 3588.3534 0.3061 0.1033 -0.5609 2.9223 5.0000 6.0369 0.0059 
39.6098 16.5000 3617.4477 0.3071 0.1026 -0.5620 2.9192 5.0000 6.0829 0.0077 
39.5705 16.5000 3605.3915 0.3081 0.1040 -0.5606 2.9235 5.0000 5.8705 0.0061 
39.5024 16.5000 3576.2818 0.3081 0.1043 -0.5611 2.9198 5.0000 6.1272 0.0072 
39.5633 16.5000 3606.6467 0.3066 0.1019 -0.5600 2.9185 5.0000 5.8950 0.0072 
39.5201 16.5000 3586.5703 0.3058 0.1022 -0.5587 2.9199 5.0000 4.9818 0.0072 
