39.4401 4.0000 3569.3069 0.4308 0.1638 -0.6314 2.9362 5.0000 3.9673 0.0108 
39.3792 4.0000 3539.7495 0.4272 0.1626 -0.6367 2.9410 5.0000 3.9961 0.0099 
39.4603 4.0000 3564.2207 0.4272 0.1605 -0.6292 2.9356 5.0000 3.9106 0.0108 
39.4153 4.0000 3546.6112 0.4277 0.1640 -0.6296 2.9458 5.0000 4.0524 0.0102 
39.4334 4.0000 3556.6347 0.4269 0.1641 -0.6364 2.9386 5.0000 4.0181 0.0102 
39.4023 4.0000 3552.6129 0.4282 0.1641 -0.6305 2.9312 5.0000 4.0433 0.0102 
39.3766 4.0000 3533.2627 0.4291 0.1617 -0.6311 2.9388 6.0000 4.0295 0.0079 
39.4561 4.0000 3572.3039 0.4302 0.1616 -0.6336 2.9335 5.0000 4.0689 0.0079 
39.4926 4.0000 3585.4897 0.4325 0.1668 -0.6263 2.9363 5.0000 4.1048 0.0092 
39.4233 4.0000 3553.7415 0.4279 0.1635 -0.6285 2.9367 5.0000 4.2080 0.0099 
39.4422 4.0000 3557.9878 0.4277 0.1624 -0.6361 2.9342 5.0000 4.2473 0.0094 
39.4149 4.0000 3533.2980 0.4297 0.1640 -0.6379 2.9349 5.0000 4.2359 0.0100 
39.4346 4.0000 3567.7053 0.4260 0.1616 -0.6294 2.9366 5.0000 3.9473 0.0096 
39.4132 4.0000 3547.2577 0.4278 0.1652 -0.6277 2.9378 5.0000 3.9268 0.0094 
39.4275 4.0000 3558.1005 0.4294 0.1616 -0.6325 2.9393 5.0000 4.1295 0.0105 
39.4334 4.0000 3566.6469 0.4291 0.1611 -0.6338 2.9304 5.0000 3.9275 0.0090 
39.3913 4.0000 3540.1021 0.4275 0.1625 -0.6350 2.9379 5.0000 3.9396 0.0093 
39.4489 4.0000 3563.5485 0.4351 0.1651 -0.6357 2.9381 5.0000 3.9068 0.0100 
39.4388 4.0000 3568.2959 0.4301 0.1641 -0.6316 2.9388 5.0000 4.2245 0.0109 
39.4136 4.0000 3548.7617 0.4275 0.1652 -0.6317 2.9325 5.0000 4.2044 0.0103 
39.3779 4.0000 3547.5717 0.4269 0.1625 -0.6294 2.9368 5.0000 4.2340 0.0096 
39.3981 4.0000 3550.3384 0.4315 0.1618 -0.6330 2.9340 5.0000 4.0905 0.0103 
39.4279 4.0000 3559.5418 0.4267 0.1625 -0.6347 2.9487 5.0000 4.0942 0.0097 
39.3981 4.0000 3544.4456 0.4294 0.1643 -0.6361 2.9397 5.0000 4.2528 0.0088 
39.4237 4.0000 3560.3960 0.4286 0.1658 -0.6267 2.9471 5.0000 4.1548 0.0106 
39.4590 4.0000 3563.9563 0.4326 0.1639 -0.6362 2.9414 5.0000 4.1706 0.0076 
39.3901 4.0000 3538.3989 0.4286 0.1620 -0.6395 2.9317 5.0000 4.1908 0.0091 
39.5069 4.0000 3589.8209 0.4263 0.1611 -0.6283 2.9306 5.0000 3.9261 0.0102 
39.4472 4.0000 3569.3472 0.4297 0.1642 -0.6313 2.9382 5.0000 3.9461 0.0088 
39.4023 4.0000 3538.3380 0.4315 0.1660 -0.6348 2.9450 5.0000 4.0061 0.0101 
39.4586 4.0000 3571.4872 0.4249 0.1595 -0.6325 2.9375 5.0000 4.0423 0.0091 
39.4086 4.0000 3555.3657 0.4317 0.1631 -0.6322 2.9406 5.0000 4.0303 0.0108 
39.4468 4.0000 3570.0008 0.4319 0.1635 -0.6362 2.9415 5.0000 4.0251 0.0127 
39.3796 4.0000 3555.2606 0.4273 0.1635 -0.6313 2.9389 5.0000 4.1579 0.0101 
39.3073 4.0000 3502.9912 0.4292 0.1643 -0.6364 2.9382 5.0000 4.1609 0.0096 
39.4069 4.0000 3553.2018 0.4308 0.1642 -0.6326 2.9367 5.0000 4.2868 0.0103 
39.4262 4.0000 3557.1206 0.4300 0.1630 -0.6283 2.9320 5.0000 4.1374 0.0085 
39.3989 4.0000 3539.0063 0.4329 0.1629 -0.6384 2.9250 5.0000 4.1260 0.0093 
39.4720 4.0000 3579.2720 0.4272 0.1627 -0.6359 2.9416 5.0000 4.1665 0.0089 
39.4372 4.0000 3570.1669 0.4305 0.1615 -0.6401 2.9281 5.0000 4.1028 0.0103 
39.4536 4.0000 3558.1690 0.4311 0.1623 -0.6341 2.9320 5.0000 4.1582 0.0099 
39.4002 4.0000 3540.4926 0.4315 0.1647 -0.6308 2.9338 5.0000 4.3251 0.0086 
39.4170 4.0000 3554.4926 0.4303 0.1634 -0.6363 2.9346 5.0000 4.1044 0.0094 
39.4645 4.0000 3568.4590 0.4233 0.1630 -0.6286 2.9336 5.0000 4.1755 0.0111 
39.4334 4.0000 3559.8407 0.4290 0.1653 -0.6294 2.9346 5.0000 4.0524 0.0096 
39.3699 4.0000 3521.1076 0.4252 0.1648 -0.6391 2.9329 5.0000 4.1308 0.0074 
39.4275 4.0000 3562.1135 0.4277 0.1603 -0.6382 2.9404 5.0000 4.1698 0.0103 
39.5128 4.0000 3589.3186 0.4308 0.1635 -0.6300 2.9349 5.0000 4.1210 0.0085 
39.3993 4.0000 3558.3766 0.4314 0.1664 -0.6326 2.9495 5.0000 4.2241 0.0092 
39.4687 4.0000 3569.2224 0.4310 0.1668 -0.6354 2.9414 5.0000 4.3352 0.0115 
39.4430 4.0000 3563.6032 0.4278 0.1633 -0.6285 2.9330 5.0000 4.2810 0.0091 
39.3514 4.0000 3514.5040 0.4276 0.1671 -0.6288 2.9374 5.0000 4.0759 0.0091 
39.4460 4.0000 3559.3211 0.4307 0.1606 -0.6409 2.9308 6.0000 4.1413 0.0093 
39.4485 4.0000 3575.5944 0.4297 0.1614 -0.6316 2.9318 5.0000 4.1291 0.0119 
39.4405 4.0000 3557.5599 0.4305 0.1630 -0.6382 2.9298 5.0000 3.9832 0.0089 
39.3388 4.0000 3510.1555 0.4320 0.1646 -0.6396 2.9390 5.0000 3.9946 0.0097 
39.4548 4.0000 3567.0286 0.4271 0.1632 -0.6344 2.9269 5.0000 4.2678 0.0090 
39.4241 4.0000 3561.6423 0.4296 0.1635 -0.6293 2.9407 5.0000 4.1324 0.0111 
39.4523 4.0000 3573.0349 0.4289 0.1617 -0.6364 2.9301 5.0000 4.0493 0.0095 
39.3682 4.0000 3548.3220 0.4327 0.1628 -0.6320 2.9394 5.0000 3.9519 0.0108 
39.4325 4.0000 3558.5607 0.4311 0.1649 -0.6334 2.9387 5.0000 4.1436 0.0090 
39.3817 4.0000 3532.7566 0.4328 0.1661 -0.6340 2.9351 5.0000 4.1465 0.0118 
39.4502 4.0000 3551.6129 0.4309 0.1614 -0.6410 2.9356 5.0000 4.1416 0.0097 
39.3426 4.0000 3530.2333 0.4347 0.1655 -0.6333 2.9396 5.0000 4.1438 0.0112 
39.4224 4.0000 3555.4737 0.4337 0.1672 -0.6364 2.9370 5.0000 4.1437 0.0082 
39.3640 4.0000 3528.5187 0.4286 0.1645 -0.6347 2.9432 5.0000 4.2009 0.0105 
39.4809 4.0000 3569.1887 0.4308 0.1668 -0.6260 2.9395 5.0000 4.0024 0.0108 
39.3934 4.0000 3541.5990 0.4295 0.1653 -0.6325 2.9410 5.0000 4.1091 0.0096 
39.3817 4.0000 3541.4014 0.4351 0.1661 -0.6356 2.9374 5.0000 4.1094 0.0098 
39.4288 4.0000 3563.6112 0.4323 0.1635 -0.6356 2.9295 5.0000 4.0357 0.0086 
39.4187 4.0000 3554.7869 0.4256 0.1629 -0.6331 2.9362 5.0000 4.0514 0.0107 
39.4662 4.0000 3574.1047 0.4264 0.1630 -0.6331 2.9398 5.0000 4.0595 0.0087 
39.3855 4.0000 3543.7726 0.4248 0.1620 -0.6326 2.9325 5.0000 4.1142 0.0080 
39.4607 4.0000 3575.8773 0.4330 0.1640 -0.6305 2.9314 5.0000 4.1310 0.0087 
39.4880 4.0000 3578.2791 0.4307 0.1670 -0.6266 2.9400 5.0000 4.1360 0.0114 
39.4607 4.0000 3576.2686 0.4281 0.1631 -0.6297 2.9276 5.0000 4.0942 0.0111 
39.3560 4.0000 3540.0042 0.4279 0.1628 -0.6313 2.9370 5.0000 4.1264 0.0086 
39.3674 4.0000 3530.1219 0.4245 0.1626 -0.6338 2.9380 5.0000 4.0993 0.0100 
39.4657 4.0000 3577.1354 0.4313 0.1666 -0.6323 2.9434 5.0000 4.1034 0.0102 
39.4128 4.0000 3557.0933 0.4340 0.1650 -0.6345 2.9441 5.0000 4.1826 0.0091 
39.4027 4.0000 3554.0879 0.4281 0.1628 -0.6355 2.9307 5.0000 4.3023 0.0079 
39.4460 4.0000 3568.4258 0.4314 0.1657 -0.6290 2.9433 5.0000 3.9457 0.0093 
39.4931 4.0000 3582.1261 0.4293 0.1649 -0.6325 2.9340 5.0000 3.9749 0.0089 
39.4380 4.0000 3568.0635 0.4257 0.1608 -0.6325 2.9294 5.0000 4.1379 0.0093 
39.4527 4.0000 3564.4960 0.4344 0.1633 -0.6386 2.9292 5.0000 4.0387 0.0101 
39.4380 4.0000 3568.9903 0.4264 0.1595 -0.6317 2.9305 5.0000 4.1150 0.0110 
39.4065 4.0000 3548.0076 0.4289 0.1627 -0.6361 2.9356 5.0000 4.0337 0.0105 
39.3720 4.0000 3538.9605 0.4267 0.1624 -0.6344 2.9293 5.0000 4.1543 0.0101 
39.3930 4.0000 3541.9550 0.4270 0.1657 -0.6283 2.9406 5.0000 4.2259 0.0105 
39.4082 4.0000 3552.4115 0.4287 0.1650 -0.6269 2.9374 5.0000 4.1256 0.0094 
39.3926 4.0000 3535.3312 0.4304 0.1633 -0.6315 2.9344 5.0000 4.1875 0.0090 
39.4367 4.0000 3564.1913 0.4306 0.1620 -0.6365 2.9348 5.0000 4.1973 0.0124 
39.4523 4.0000 3560.6717 0.4286 0.1655 -0.6309 2.9418 5.0000 4.1760 0.0124 
39.3174 4.0000 3511.8239 0.4298 0.1636 -0.6410 2.9389 5.0000 3.9400 0.0102 
39.3190 4.0000 3513.9983 0.4333 0.1655 -0.6374 2.9409 5.0000 4.2107 0.0088 
39.4056 4.0000 3550.4086 0.4272 0.1594 -0.6347 2.9282 5.0000 4.1613 0.0109 
39.4582 4.0000 3568.7415 0.4277 0.1642 -0.6313 2.9396 5.0000 4.1867 0.0088 
39.3758 4.0000 3543.8184 0.4336 0.1648 -0.6338 2.9398 5.0000 4.1195 0.0104 
39.4573 4.0000 3576.3720 0.4315 0.1600 -0.6428 2.9291 5.0000 4.0689 0.0104 
39.3955 4.0000 3542.8680 0.4245 0.1616 -0.6331 2.9359 5.0000 3.7354 0.0104 
