39.5945 4.0000 3619.9218 0.4772 0.1728 -0.6386 3.1074 6.0000 11.4956 0.0053 
39.5972 4.0000 3614.0605 0.4774 0.1747 -0.6342 3.1031 6.0000 11.6362 0.0049 
39.6103 4.0000 3621.9544 0.4784 0.1761 -0.6320 3.1066 6.0000 12.2033 0.0058 
39.5753 4.0000 3612.5324 0.4761 0.1738 -0.6385 3.1086 6.0000 11.9444 0.0058 
39.6197 4.0000 3622.6522 0.4778 0.1770 -0.6330 3.1016 6.0000 12.1764 0.0060 
39.5700 4.0000 3607.8570 0.4779 0.1756 -0.6342 3.1093 6.0000 12.1743 0.0060 
39.5687 4.0000 3609.0071 0.4766 0.1761 -0.6279 3.1087 6.0000 12.6037 0.0052 
39.5985 4.0000 3621.5516 0.4822 0.1762 -0.6384 3.1028 6.0000 12.3777 0.0052 
39.6098 4.0000 3624.3478 0.4801 0.1749 -0.6365 3.1063 6.0000 12.5963 0.0060 
39.5670 4.0000 3609.5594 0.4795 0.1742 -0.6339 3.1020 6.0000 12.6007 0.0060 
39.5975 4.0000 3613.7705 0.4747 0.1733 -0.6319 3.1047 6.0000 12.7245 0.0056 
39.5856 4.0000 3617.2462 0.4745 0.1690 -0.6416 3.1042 6.0000 12.9996 0.0047 
39.6192 4.0000 3625.2799 0.4739 0.1724 -0.6338 3.0971 6.0000 12.5775 0.0046 
39.6232 4.0000 3628.5271 0.4772 0.1734 -0.6346 3.0978 6.0000 12.6273 0.0046 
39.6237 4.0000 3625.4951 0.4770 0.1749 -0.6308 3.1119 6.0000 12.7021 0.0050 
39.6088 4.0000 3621.0573 0.4784 0.1722 -0.6393 3.1024 6.0000 12.7112 0.0052 
39.5985 4.0000 3620.3148 0.4753 0.1731 -0.6350 3.0968 6.0000 12.9932 0.0055 
39.5879 4.0000 3609.3549 0.4792 0.1769 -0.6355 3.1067 6.0000 12.8262 0.0058 
39.5773 4.0000 3611.6953 0.4787 0.1746 -0.6344 3.1000 6.0000 12.7018 0.0050 
39.6093 4.0000 3625.7087 0.4764 0.1741 -0.6246 3.1051 6.0000 12.9959 0.0060 
39.5687 4.0000 3604.0961 0.4778 0.1751 -0.6374 3.1094 6.0000 12.4449 0.0052 
39.5995 4.0000 3620.4620 0.4741 0.1723 -0.6307 3.1064 6.0000 12.4967 0.0063 
39.5569 4.0000 3605.5438 0.4790 0.1748 -0.6356 3.1097 6.0000 12.7358 0.0050 
39.6068 4.0000 3616.4815 0.4697 0.1721 -0.6293 3.0985 6.0000 12.8497 0.0048 
39.6139 4.0000 3621.1369 0.4799 0.1739 -0.6381 3.1080 6.0000 13.2295 0.0051 
39.6055 4.0000 3622.0570 0.4796 0.1742 -0.6428 3.1080 6.0000 13.1212 0.0057 
39.5791 4.0000 3611.6166 0.4748 0.1724 -0.6395 3.1108 6.0000 12.8530 0.0055 
39.5892 4.0000 3620.3095 0.4766 0.1755 -0.6273 3.1021 6.0000 12.7081 0.0053 
39.5960 4.0000 3615.3811 0.4797 0.1770 -0.6379 3.1083 6.0000 12.5768 0.0055 
39.5871 4.0000 3615.0406 0.4774 0.1752 -0.6293 3.1030 6.0000 12.6832 0.0049 
39.6111 4.0000 3623.7274 0.4771 0.1780 -0.6256 3.1060 6.0000 12.4707 0.0046 
39.6224 4.0000 3627.4971 0.4755 0.1735 -0.6391 3.1054 6.0000 13.2222 0.0052 
39.5982 4.0000 3618.8938 0.4742 0.1720 -0.6378 3.1001 6.0000 12.6986 0.0058 
39.5781 4.0000 3611.1427 0.4725 0.1721 -0.6350 3.1070 6.0000 13.1229 0.0045 
39.6272 4.0000 3623.6182 0.4714 0.1701 -0.6378 3.1034 6.0000 13.0988 0.0054 
39.5929 4.0000 3617.7337 0.4735 0.1733 -0.6274 3.1046 6.0000 12.9599 0.0047 
39.6189 4.0000 3625.1738 0.4799 0.1731 -0.6414 3.1000 6.0000 12.8886 0.0058 
39.5755 4.0000 3606.0451 0.4717 0.1728 -0.6353 3.1087 6.0000 12.8552 0.0047 
39.6187 4.0000 3628.1599 0.4749 0.1748 -0.6332 3.1032 6.0000 13.3049 0.0046 
39.6240 4.0000 3624.8005 0.4778 0.1729 -0.6368 3.1012 6.0000 13.2031 0.0047 
39.6177 4.0000 3624.0055 0.4812 0.1747 -0.6392 3.1070 6.0000 13.1403 0.0051 
39.6020 4.0000 3620.3440 0.4807 0.1754 -0.6351 3.1050 6.0000 13.0822 0.0043 
39.6348 4.0000 3631.4651 0.4799 0.1728 -0.6403 3.1069 6.0000 13.1083 0.0061 
39.5644 4.0000 3603.0974 0.4787 0.1762 -0.6341 3.1024 6.0000 12.9753 0.0052 
39.6003 4.0000 3619.9932 0.4745 0.1722 -0.6297 3.1075 6.0000 13.3974 0.0052 
39.6000 4.0000 3616.2976 0.4741 0.1725 -0.6312 3.1012 6.0000 12.9727 0.0053 
39.5972 4.0000 3616.6106 0.4748 0.1733 -0.6350 3.1032 6.0000 12.7990 0.0050 
39.6086 4.0000 3628.0487 0.4781 0.1760 -0.6334 3.1029 6.0000 12.8904 0.0049 
39.6116 4.0000 3620.9773 0.4740 0.1716 -0.6394 3.1038 6.0000 12.8526 0.0050 
39.6093 4.0000 3622.9458 0.4783 0.1752 -0.6355 3.1101 6.0000 12.9081 0.0042 
39.6411 4.0000 3632.4028 0.4778 0.1731 -0.6407 3.1101 6.0000 12.8811 0.0051 
39.6055 4.0000 3619.9523 0.4750 0.1732 -0.6317 3.1081 6.0000 12.8475 0.0045 
39.6290 4.0000 3630.2290 0.4776 0.1738 -0.6324 3.0975 6.0000 12.5913 0.0048 
39.6166 4.0000 3626.7435 0.4798 0.1723 -0.6415 3.1054 6.0000 13.1257 0.0046 
39.6230 4.0000 3624.4472 0.4760 0.1741 -0.6369 3.1066 6.0000 12.8106 0.0054 
39.5924 4.0000 3614.6608 0.4778 0.1745 -0.6338 3.1024 6.0000 13.2702 0.0064 
39.5526 4.0000 3597.5589 0.4826 0.1787 -0.6457 3.1123 6.0000 13.0872 0.0051 
39.6025 4.0000 3620.1569 0.4799 0.1757 -0.6365 3.1013 6.0000 13.0450 0.0044 
39.6325 4.0000 3627.5402 0.4749 0.1733 -0.6354 3.1004 6.0000 13.0612 0.0047 
39.6182 4.0000 3626.6656 0.4759 0.1736 -0.6294 3.1026 6.0000 13.1414 0.0055 
39.5869 4.0000 3609.6088 0.4810 0.1757 -0.6408 3.1005 6.0000 12.8612 0.0054 
39.5922 4.0000 3616.9755 0.4789 0.1759 -0.6343 3.1028 6.0000 12.9886 0.0044 
39.6313 4.0000 3631.6716 0.4747 0.1723 -0.6267 3.0987 6.0000 12.8790 0.0049 
39.6121 4.0000 3620.6868 0.4791 0.1762 -0.6411 3.1064 6.0000 12.8167 0.0044 
39.6325 4.0000 3629.4255 0.4715 0.1706 -0.6303 3.1114 6.0000 12.8966 0.0060 
39.5672 4.0000 3608.4593 0.4764 0.1716 -0.6373 3.1015 6.0000 12.8230 0.0053 
39.5950 4.0000 3614.4166 0.4751 0.1736 -0.6355 3.1089 6.0000 13.1926 0.0051 
39.6048 4.0000 3619.1846 0.4782 0.1758 -0.6383 3.1080 6.0000 13.0140 0.0056 
39.5831 4.0000 3610.1677 0.4776 0.1748 -0.6339 3.1072 6.0000 12.8361 0.0061 
39.5660 4.0000 3606.2106 0.4759 0.1746 -0.6329 3.1099 6.0000 13.0318 0.0053 
39.5955 4.0000 3615.9062 0.4770 0.1782 -0.6268 3.1061 6.0000 12.8432 0.0051 
39.6023 4.0000 3619.1662 0.4790 0.1769 -0.6362 3.1004 6.0000 13.1601 0.0049 
39.6116 4.0000 3622.0172 0.4746 0.1763 -0.6297 3.1055 6.0000 12.8981 0.0052 
39.6010 4.0000 3620.3705 0.4746 0.1724 -0.6365 3.1025 6.0000 12.9377 0.0049 
39.6119 4.0000 3626.7213 0.4798 0.1728 -0.6385 3.1012 6.0000 12.6274 0.0049 
39.6108 4.0000 3625.7634 0.4761 0.1733 -0.6337 3.0982 6.0000 13.2812 0.0055 
39.5866 4.0000 3612.0517 0.4784 0.1772 -0.6316 3.1050 6.0000 13.2110 0.0049 
39.6101 4.0000 3621.6255 0.4756 0.1753 -0.6373 3.1089 6.0000 13.1089 0.0057 
39.5791 4.0000 3613.4053 0.4803 0.1750 -0.6386 3.1102 6.0000 12.9293 0.0060 
39.5700 4.0000 3609.5084 0.4785 0.1745 -0.6409 3.1066 6.0000 13.1885 0.0049 
39.6124 4.0000 3623.3153 0.4783 0.1760 -0.6324 3.1043 6.0000 12.9714 0.0050 
39.6086 4.0000 3625.2555 0.4805 0.1729 -0.6408 3.0997 6.0000 13.2312 0.0056 
39.5836 4.0000 3614.4303 0.4793 0.1757 -0.6392 3.1063 6.0000 13.4075 0.0051 
39.6040 4.0000 3620.5488 0.4799 0.1743 -0.6423 3.1040 6.0000 13.1125 0.0058 
39.5755 4.0000 3610.9332 0.4787 0.1772 -0.6344 3.1069 6.0000 12.9616 0.0048 
39.6156 4.0000 3628.0217 0.4805 0.1756 -0.6374 3.1106 6.0000 13.1095 0.0063 
39.5581 4.0000 3600.3433 0.4788 0.1741 -0.6358 3.1032 6.0000 13.1239 0.0052 
39.6015 4.0000 3619.7256 0.4812 0.1767 -0.6395 3.0983 6.0000 13.1880 0.0044 
39.6313 4.0000 3627.5026 0.4759 0.1736 -0.6385 3.1136 6.0000 13.2746 0.0063 
39.5549 4.0000 3604.4252 0.4741 0.1719 -0.6364 3.0999 6.0000 12.9637 0.0059 
39.5738 4.0000 3607.9917 0.4796 0.1766 -0.6379 3.1074 6.0000 12.9851 0.0049 
39.6124 4.0000 3621.5962 0.4804 0.1765 -0.6365 3.1050 6.0000 13.0180 0.0052 
39.6010 4.0000 3619.0381 0.4773 0.1720 -0.6387 3.0963 6.0000 12.9958 0.0047 
39.6177 4.0000 3624.1276 0.4767 0.1722 -0.6340 3.0980 6.0000 13.3446 0.0063 
39.5579 4.0000 3601.7854 0.4740 0.1732 -0.6344 3.1023 6.0000 13.2692 0.0057 
39.5806 4.0000 3611.8782 0.4797 0.1760 -0.6374 3.1084 6.0000 13.1736 0.0050 
39.6076 4.0000 3618.4696 0.4769 0.1737 -0.6383 3.1053 6.0000 13.3862 0.0042 
39.6404 4.0000 3634.0358 0.4730 0.1707 -0.6328 3.1013 6.0000 13.1551 0.0054 
39.5919 4.0000 3616.0913 0.4768 0.1724 -0.6374 3.1105 6.0000 13.0390 0.0052 
39.6008 4.0000 3616.2754 0.4773 0.1731 -0.6371 3.0990 6.0000 12.6406 0.0052 
