38.9189 16.5000 3369.8394 0.3324 0.1484 -0.5610 2.7093 5.0000 1.0430 0.0262 
38.8096 16.5000 3316.8104 0.3314 0.1456 -0.5716 2.7061 5.0000 0.9511 0.0257 
39.0172 16.5000 3400.6667 0.3328 0.1448 -0.5656 2.6972 5.0000 0.9605 0.0257 
39.0433 16.5000 3438.8802 0.3336 0.1457 -0.5577 2.6925 5.0000 0.8752 0.0197 
38.7894 16.5000 3318.5574 0.3327 0.1486 -0.5595 2.7032 5.0000 0.8750 0.0197 
39.0349 16.5000 3388.9180 0.3315 0.1473 -0.5606 2.7080 5.0000 0.8860 0.0213 
39.0248 16.5000 3393.4426 0.3360 0.1477 -0.5677 2.7027 5.0000 0.8708 0.0211 
38.9744 16.5000 3394.1261 0.3367 0.1488 -0.5624 2.7014 5.0000 0.8721 0.0211 
38.9819 16.5000 3388.3825 0.3341 0.1451 -0.5724 2.6968 5.0000 0.8845 0.0207 
38.8962 16.5000 3352.4657 0.3287 0.1471 -0.5594 2.7021 5.0000 0.8674 0.0205 
38.9987 16.5000 3390.8474 0.3353 0.1472 -0.5675 2.7001 5.0000 0.8665 0.0205 
39.0071 16.5000 3390.3127 0.3309 0.1447 -0.5711 2.6961 5.0000 0.8576 0.0206 
39.0315 16.5000 3407.3972 0.3341 0.1502 -0.5604 2.6962 5.0000 0.8817 0.0231 
39.0021 16.5000 3389.4704 0.3347 0.1470 -0.5738 2.7004 5.0000 0.8711 0.0231 
38.9079 16.5000 3358.1328 0.3356 0.1497 -0.5651 2.7019 5.0000 0.8652 0.0219 
38.9651 16.5000 3392.7642 0.3308 0.1448 -0.5627 2.7019 5.0000 0.8693 0.0233 
38.9542 16.5000 3380.9617 0.3321 0.1471 -0.5614 2.7057 5.0000 0.8707 0.0233 
38.8987 16.5000 3348.6314 0.3315 0.1443 -0.5746 2.7022 5.0000 0.8550 0.0195 
38.9836 16.5000 3394.4119 0.3329 0.1457 -0.5663 2.6992 5.0000 0.8735 0.0205 
39.0441 16.5000 3422.4338 0.3367 0.1497 -0.5627 2.7017 5.0000 0.8718 0.0205 
39.0080 16.5000 3391.7814 0.3329 0.1457 -0.5620 2.6998 5.0000 0.8608 0.0230 
39.0282 16.5000 3390.1707 0.3356 0.1487 -0.5663 2.7004 5.0000 0.8723 0.0221 
38.9113 16.5000 3374.9844 0.3350 0.1456 -0.5643 2.6922 5.0000 0.8823 0.0221 
38.9433 16.5000 3373.8377 0.3300 0.1478 -0.5577 2.7063 5.0000 0.8617 0.0180 
38.8172 16.5000 3321.1904 0.3361 0.1510 -0.5666 2.6969 5.0000 0.8625 0.0250 
39.1030 16.5000 3440.6532 0.3333 0.1472 -0.5529 2.6990 5.0000 0.8777 0.0250 
38.8356 16.5000 3331.1349 0.3327 0.1449 -0.5717 2.7043 5.0000 0.8634 0.0258 
38.8037 16.5000 3321.0105 0.3281 0.1456 -0.5620 2.7023 5.0000 0.9082 0.0209 
38.9744 16.5000 3390.1429 0.3372 0.1486 -0.5649 2.7011 5.0000 0.9132 0.0239 
38.9903 16.5000 3399.1366 0.3380 0.1504 -0.5633 2.6971 5.0000 0.9112 0.0239 
38.8785 16.5000 3355.9000 0.3325 0.1454 -0.5712 2.7012 5.0000 0.8548 0.0214 
38.9256 16.5000 3362.2186 0.3342 0.1459 -0.5670 2.6972 5.0000 0.8643 0.0183 
38.9727 16.5000 3370.1782 0.3309 0.1477 -0.5620 2.7076 5.0000 0.8650 0.0183 
39.0904 16.5000 3436.0109 0.3326 0.1477 -0.5583 2.7008 5.0000 0.8567 0.0223 
39.0164 16.5000 3384.0294 0.3361 0.1475 -0.5640 2.7014 5.0000 0.8682 0.0221 
38.9374 16.5000 3362.4187 0.3330 0.1463 -0.5684 2.7026 5.0000 0.8663 0.0221 
38.9449 16.5000 3360.1370 0.3335 0.1489 -0.5721 2.7029 5.0000 0.8553 0.0224 
38.9903 16.5000 3411.0492 0.3319 0.1458 -0.5604 2.6985 5.0000 0.8894 0.0225 
38.9323 16.5000 3366.2270 0.3336 0.1458 -0.5757 2.7007 5.0000 0.8716 0.0225 
38.9281 16.5000 3351.7940 0.3370 0.1493 -0.5664 2.7034 5.0000 0.8556 0.0240 
39.0836 16.5000 3409.4636 0.3335 0.1463 -0.5693 2.6976 5.0000 0.8814 0.0216 
38.8726 16.5000 3334.4380 0.3327 0.1471 -0.5701 2.7081 5.0000 0.8683 0.0216 
38.9626 16.5000 3385.6805 0.3290 0.1482 -0.5557 2.7051 5.0000 0.8542 0.0183 
38.9626 16.5000 3393.1089 0.3320 0.1461 -0.5645 2.6930 5.0000 0.8722 0.0196 
39.0904 16.5000 3418.0370 0.3346 0.1469 -0.5643 2.7027 5.0000 0.8786 0.0196 
39.0399 16.5000 3406.0446 0.3339 0.1466 -0.5637 2.7026 5.0000 0.8599 0.0216 
39.0778 16.5000 3435.6242 0.3334 0.1497 -0.5572 2.7042 5.0000 0.8743 0.0211 
38.9660 16.5000 3374.1866 0.3350 0.1476 -0.5707 2.6981 5.0000 0.8752 0.0211 
38.9819 16.5000 3384.8516 0.3353 0.1501 -0.5596 2.7028 5.0000 0.8540 0.0225 
38.8819 16.5000 3353.9109 0.3354 0.1465 -0.5751 2.7014 5.0000 0.8653 0.0191 
38.9315 16.5000 3373.8125 0.3332 0.1468 -0.5651 2.7027 5.0000 0.8801 0.0191 
39.0601 16.5000 3409.3308 0.3329 0.1482 -0.5567 2.7058 5.0000 0.8652 0.0220 
38.9046 16.5000 3363.3686 0.3312 0.1458 -0.5627 2.7013 5.0000 0.8752 0.0207 
38.9508 16.5000 3374.7171 0.3359 0.1481 -0.5680 2.7013 5.0000 0.8711 0.0207 
39.0004 16.5000 3393.8420 0.3324 0.1455 -0.5635 2.7019 5.0000 0.8574 0.0214 
38.9399 16.5000 3365.6385 0.3339 0.1462 -0.5701 2.6945 5.0000 0.8635 0.0208 
38.9702 16.5000 3382.3455 0.3352 0.1476 -0.5722 2.7029 5.0000 0.8720 0.0215 
38.9937 16.5000 3394.5557 0.3370 0.1476 -0.5730 2.7002 5.0000 0.8529 0.0187 
38.9693 16.5000 3378.3026 0.3336 0.1480 -0.5621 2.7048 5.0000 0.8616 0.0214 
39.0736 16.5000 3430.0429 0.3356 0.1493 -0.5585 2.6993 5.0000 0.8601 0.0223 
38.9710 16.5000 3391.4292 0.3313 0.1457 -0.5661 2.6953 5.0000 0.8613 0.0203 
38.9357 16.5000 3370.0757 0.3302 0.1454 -0.5634 2.7019 5.0000 0.8655 0.0210 
39.0147 16.5000 3417.2652 0.3368 0.1479 -0.5640 2.6948 5.0000 0.8644 0.0213 
38.9878 16.5000 3391.1778 0.3317 0.1492 -0.5582 2.7074 5.0000 0.8634 0.0208 
38.9760 16.5000 3390.5456 0.3317 0.1472 -0.5612 2.6961 5.0000 0.8641 0.0191 
38.9929 16.5000 3385.1148 0.3335 0.1476 -0.5616 2.7004 5.0000 0.8613 0.0191 
39.0609 16.5000 3411.2753 0.3343 0.1463 -0.5641 2.6948 5.0000 0.8604 0.0206 
39.1307 16.5000 3460.2102 0.3346 0.1476 -0.5614 2.6955 5.0000 0.8658 0.0235 
39.0013 16.5000 3387.7318 0.3355 0.1516 -0.5688 2.7018 5.0000 0.8574 0.0235 
38.8928 16.5000 3342.7734 0.3327 0.1485 -0.5685 2.7086 5.0000 0.8613 0.0202 
38.9449 16.5000 3368.7692 0.3355 0.1488 -0.5721 2.7044 5.0000 0.8715 0.0219 
39.0181 16.5000 3399.5586 0.3345 0.1514 -0.5638 2.7069 5.0000 0.8709 0.0219 
38.9525 16.5000 3375.0441 0.3318 0.1476 -0.5652 2.7058 5.0000 0.8634 0.0240 
38.9121 16.5000 3353.8369 0.3283 0.1472 -0.5572 2.7019 5.0000 0.8675 0.0199 
38.8726 16.5000 3347.8663 0.3304 0.1461 -0.5642 2.7016 5.0000 0.8653 0.0199 
39.0307 16.5000 3397.7612 0.3328 0.1484 -0.5638 2.7054 5.0000 0.8688 0.0250 
38.9836 16.5000 3377.5359 0.3339 0.1475 -0.5592 2.7073 5.0000 0.8825 0.0246 
38.8348 16.5000 3330.7188 0.3307 0.1459 -0.5675 2.7013 5.0000 0.8794 0.0246 
38.8491 16.5000 3356.9105 0.3316 0.1453 -0.5636 2.6960 5.0000 0.8685 0.0223 
39.0282 16.5000 3408.0597 0.3334 0.1462 -0.5680 2.7022 5.0000 0.8758 0.0203 
38.9365 16.5000 3354.0849 0.3339 0.1471 -0.5757 2.7004 5.0000 0.8692 0.0203 
39.0139 16.5000 3411.1383 0.3331 0.1515 -0.5513 2.7035 5.0000 0.8646 0.0218 
38.9643 16.5000 3372.5456 0.3366 0.1452 -0.5745 2.7006 5.0000 0.8674 0.0227 
38.9567 16.5000 3383.7974 0.3336 0.1476 -0.5691 2.7031 5.0000 0.8869 0.0227 
38.9239 16.5000 3352.7692 0.3319 0.1479 -0.5653 2.6984 5.0000 0.8614 0.0205 
39.0525 16.5000 3398.1984 0.3326 0.1480 -0.5614 2.7024 5.0000 0.8647 0.0216 
39.0080 16.5000 3393.2963 0.3293 0.1448 -0.5637 2.7000 5.0000 0.8652 0.0216 
38.9651 16.5000 3369.5570 0.3350 0.1454 -0.5698 2.6975 5.0000 0.8652 0.0217 
39.0853 16.5000 3429.3577 0.3341 0.1448 -0.5647 2.6956 5.0000 0.8627 0.0225 
38.9592 16.5000 3413.2669 0.3317 0.1469 -0.5574 2.7035 5.0000 0.8622 0.0225 
38.9315 16.5000 3367.6351 0.3306 0.1473 -0.5650 2.7025 5.0000 0.8846 0.0231 
38.9735 16.5000 3398.0160 0.3351 0.1473 -0.5658 2.6943 5.0000 0.8624 0.0220 
38.9054 16.5000 3354.5885 0.3338 0.1473 -0.5747 2.7021 5.0000 0.8611 0.0220 
38.9500 16.5000 3374.3716 0.3356 0.1517 -0.5599 2.7127 5.0000 0.8677 0.0222 
38.9206 16.5000 3354.2917 0.3288 0.1445 -0.5642 2.7032 5.0000 0.8654 0.0241 
38.9416 16.5000 3352.5145 0.3340 0.1506 -0.5625 2.7120 5.0000 0.8622 0.0241 
38.8676 16.5000 3346.7095 0.3348 0.1491 -0.5706 2.7044 5.0000 0.8644 0.0201 
39.0870 16.5000 3425.8344 0.3314 0.1460 -0.5563 2.6991 5.0000 0.8689 0.0212 
39.0198 16.5000 3400.8483 0.3357 0.1455 -0.5723 2.6967 5.0000 0.8634 0.0212 
38.9811 16.5000 3382.6162 0.3344 0.1486 -0.5693 2.7049 5.0000 0.8492 0.0212 
