39.6589 16.5000 3635.3342 0.4493 0.1561 -0.6214 3.1604 6.0000 28.4667 0.0039 
39.6651 16.5000 3640.9714 0.4483 0.1545 -0.6230 3.1593 6.0000 28.3206 0.0039 
39.6681 16.5000 3641.1893 0.4455 0.1545 -0.6190 3.1608 6.0000 27.7893 0.0035 
39.6518 16.5000 3634.8773 0.4477 0.1558 -0.6216 3.1560 6.0000 28.0315 0.0035 
39.6506 16.5000 3635.2007 0.4473 0.1556 -0.6215 3.1569 6.0000 28.6840 0.0039 
39.6657 16.5000 3643.1955 0.4538 0.1560 -0.6276 3.1573 6.0000 28.7805 0.0037 
39.6518 16.5000 3634.8088 0.4516 0.1564 -0.6261 3.1601 6.0000 28.7880 0.0031 
39.6595 16.5000 3640.4196 0.4470 0.1556 -0.6233 3.1510 6.0000 28.6588 0.0042 
39.6842 16.5000 3648.8294 0.4479 0.1555 -0.6198 3.1578 6.0000 28.5421 0.0042 
39.6393 16.5000 3629.4440 0.4482 0.1536 -0.6287 3.1545 6.0000 32.2531 0.0033 
39.6236 16.5000 3623.2079 0.4500 0.1554 -0.6227 3.1576 6.0000 32.3744 0.0032 
39.6743 16.5000 3642.6474 0.4503 0.1541 -0.6282 3.1627 6.0000 32.2726 0.0032 
39.6799 16.5000 3643.0843 0.4483 0.1520 -0.6274 3.1553 6.0000 32.0955 0.0038 
39.6781 16.5000 3644.3907 0.4479 0.1539 -0.6291 3.1586 6.0000 32.3413 0.0032 
39.6562 16.5000 3635.8318 0.4478 0.1547 -0.6240 3.1573 6.0000 32.3464 0.0032 
39.6781 16.5000 3643.7744 0.4522 0.1565 -0.6265 3.1611 6.0000 29.2816 0.0044 
39.6622 16.5000 3637.2378 0.4520 0.1573 -0.6261 3.1649 6.0000 29.4366 0.0038 
39.6304 16.5000 3628.7089 0.4465 0.1548 -0.6210 3.1581 6.0000 29.3686 0.0038 
39.6564 16.5000 3639.9513 0.4487 0.1553 -0.6219 3.1557 6.0000 29.5799 0.0037 
39.6892 16.5000 3649.2116 0.4499 0.1538 -0.6285 3.1557 6.0000 29.3811 0.0035 
39.6587 16.5000 3635.0544 0.4453 0.1519 -0.6234 3.1571 6.0000 29.4468 0.0035 
39.6657 16.5000 3642.0169 0.4508 0.1563 -0.6216 3.1568 6.0000 29.4574 0.0036 
39.6770 16.5000 3646.1424 0.4492 0.1552 -0.6236 3.1581 6.0000 29.3981 0.0036 
39.6620 16.5000 3641.5068 0.4479 0.1556 -0.6227 3.1597 6.0000 29.3593 0.0036 
39.6611 16.5000 3638.8049 0.4490 0.1543 -0.6264 3.1545 6.0000 29.4769 0.0029 
39.6855 16.5000 3645.7082 0.4482 0.1557 -0.6214 3.1592 6.0000 29.1989 0.0029 
39.6892 16.5000 3652.4324 0.4485 0.1544 -0.6245 3.1534 6.0000 29.4565 0.0041 
39.6888 16.5000 3649.4056 0.4504 0.1547 -0.6253 3.1580 6.0000 29.3581 0.0034 
39.6440 16.5000 3632.7733 0.4509 0.1545 -0.6325 3.1564 6.0000 28.9756 0.0036 
39.6696 16.5000 3643.3889 0.4493 0.1552 -0.6248 3.1580 6.0000 29.5363 0.0032 
39.6613 16.5000 3639.2711 0.4503 0.1547 -0.6282 3.1559 6.0000 29.3834 0.0031 
39.6791 16.5000 3644.8441 0.4490 0.1566 -0.6168 3.1534 6.0000 28.7596 0.0031 
39.6818 16.5000 3647.8820 0.4502 0.1553 -0.6274 3.1474 6.0000 29.5863 0.0032 
39.6589 16.5000 3639.1968 0.4509 0.1539 -0.6283 3.1511 6.0000 29.1103 0.0038 
39.6783 16.5000 3646.1604 0.4459 0.1548 -0.6186 3.1566 6.0000 29.0250 0.0038 
39.6564 16.5000 3637.8341 0.4510 0.1569 -0.6232 3.1633 6.0000 29.7925 0.0041 
39.6487 16.5000 3635.4040 0.4485 0.1565 -0.6239 3.1559 6.0000 29.0743 0.0031 
39.6424 16.5000 3632.4435 0.4511 0.1557 -0.6285 3.1527 6.0000 29.0131 0.0031 
39.6832 16.5000 3646.9448 0.4524 0.1569 -0.6250 3.1560 6.0000 29.7757 0.0026 
39.6816 16.5000 3645.1941 0.4469 0.1547 -0.6234 3.1608 6.0000 29.4835 0.0035 
39.7010 16.5000 3652.4522 0.4423 0.1496 -0.6230 3.1565 6.0000 29.3106 0.0035 
39.6665 16.5000 3640.9101 0.4497 0.1536 -0.6275 3.1528 6.0000 29.5587 0.0036 
39.6225 16.5000 3623.5736 0.4455 0.1551 -0.6212 3.1592 6.0000 29.1747 0.0040 
39.6636 16.5000 3639.7848 0.4497 0.1582 -0.6224 3.1600 6.0000 29.2860 0.0045 
39.6467 16.5000 3633.3813 0.4506 0.1554 -0.6209 3.1551 6.0000 29.6291 0.0035 
39.6291 16.5000 3626.6251 0.4499 0.1550 -0.6259 3.1548 6.0000 29.0628 0.0040 
39.6673 16.5000 3640.0712 0.4475 0.1544 -0.6238 3.1596 6.0000 29.6505 0.0038 
39.6457 16.5000 3635.9977 0.4507 0.1568 -0.6215 3.1522 6.0000 29.4290 0.0027 
39.6543 16.5000 3634.0935 0.4490 0.1547 -0.6256 3.1552 6.0000 28.8537 0.0035 
39.6987 16.5000 3652.3896 0.4528 0.1559 -0.6267 3.1519 6.0000 29.6178 0.0033 
39.6663 16.5000 3641.3282 0.4476 0.1537 -0.6292 3.1632 6.0000 29.5818 0.0037 
39.6758 16.5000 3645.5996 0.4500 0.1578 -0.6200 3.1647 6.0000 28.8694 0.0033 
39.6572 16.5000 3637.8285 0.4480 0.1542 -0.6240 3.1597 6.0000 29.9667 0.0039 
39.6739 16.5000 3643.1485 0.4455 0.1517 -0.6250 3.1549 6.0000 29.6604 0.0030 
39.6521 16.5000 3635.4981 0.4447 0.1504 -0.6242 3.1504 6.0000 29.9882 0.0040 
39.6884 16.5000 3646.6202 0.4509 0.1559 -0.6273 3.1545 6.0000 30.6226 0.0038 
39.6477 16.5000 3633.0292 0.4520 0.1586 -0.6242 3.1634 6.0000 30.6586 0.0031 
39.6541 16.5000 3636.5508 0.4455 0.1565 -0.6159 3.1614 6.0000 32.8244 0.0030 
39.6840 16.5000 3647.5212 0.4486 0.1567 -0.6235 3.1590 6.0000 32.5920 0.0041 
39.6873 16.5000 3650.8284 0.4536 0.1578 -0.6233 3.1549 6.0000 32.9047 0.0030 
39.6452 16.5000 3636.2216 0.4504 0.1542 -0.6300 3.1516 6.0000 32.6159 0.0037 
39.6882 16.5000 3646.9685 0.4495 0.1552 -0.6225 3.1576 6.0000 32.9261 0.0030 
39.6593 16.5000 3640.0411 0.4492 0.1551 -0.6207 3.1591 6.0000 32.8462 0.0033 
39.6871 16.5000 3646.9510 0.4495 0.1558 -0.6243 3.1570 6.0000 32.4811 0.0027 
39.6748 16.5000 3641.2174 0.4492 0.1557 -0.6279 3.1534 6.0000 32.6167 0.0033 
39.6995 16.5000 3652.1668 0.4518 0.1554 -0.6290 3.1605 6.0000 32.4208 0.0036 
39.6739 16.5000 3643.3022 0.4502 0.1553 -0.6222 3.1529 6.0000 29.5473 0.0035 
39.6650 16.5000 3638.8274 0.4477 0.1529 -0.6246 3.1528 6.0000 29.0382 0.0044 
39.6688 16.5000 3640.8241 0.4495 0.1542 -0.6268 3.1576 6.0000 29.5448 0.0031 
39.6294 16.5000 3626.6577 0.4482 0.1566 -0.6246 3.1588 6.0000 29.2850 0.0027 
39.6814 16.5000 3646.2716 0.4497 0.1556 -0.6260 3.1591 6.0000 28.9390 0.0040 
39.6987 16.5000 3652.5021 0.4494 0.1545 -0.6232 3.1569 6.0000 29.6328 0.0038 
39.6483 16.5000 3631.3357 0.4497 0.1566 -0.6216 3.1635 6.0000 29.2946 0.0039 
39.6554 16.5000 3633.5641 0.4497 0.1572 -0.6203 3.1613 6.0000 29.1431 0.0036 
39.6531 16.5000 3636.9097 0.4479 0.1566 -0.6242 3.1639 6.0000 29.4831 0.0037 
39.6618 16.5000 3637.2273 0.4468 0.1544 -0.6197 3.1627 6.0000 29.2082 0.0033 
39.6591 16.5000 3636.0520 0.4517 0.1558 -0.6243 3.1587 6.0000 28.9992 0.0034 
39.6754 16.5000 3645.5868 0.4506 0.1567 -0.6228 3.1626 6.0000 29.4510 0.0031 
39.6704 16.5000 3642.4222 0.4525 0.1545 -0.6320 3.1546 6.0000 29.2281 0.0035 
39.6828 16.5000 3647.7350 0.4526 0.1566 -0.6258 3.1594 6.0000 29.0870 0.0042 
39.6651 16.5000 3640.2128 0.4523 0.1581 -0.6219 3.1591 6.0000 29.3455 0.0031 
39.6403 16.5000 3631.4692 0.4501 0.1563 -0.6246 3.1582 6.0000 29.2663 0.0032 
39.6814 16.5000 3645.6974 0.4495 0.1531 -0.6240 3.1598 6.0000 29.1730 0.0037 
39.6774 16.5000 3646.6167 0.4502 0.1560 -0.6204 3.1622 6.0000 29.0977 0.0034 
39.6572 16.5000 3637.7096 0.4465 0.1544 -0.6197 3.1589 6.0000 29.4676 0.0033 
39.6704 16.5000 3640.8717 0.4521 0.1560 -0.6292 3.1588 6.0000 29.2672 0.0038 
39.6737 16.5000 3641.2036 0.4513 0.1552 -0.6241 3.1563 6.0000 29.4232 0.0037 
39.6543 16.5000 3636.6276 0.4500 0.1553 -0.6251 3.1586 6.0000 29.5923 0.0037 
39.6586 16.5000 3635.5986 0.4501 0.1549 -0.6241 3.1606 6.0000 29.3329 0.0029 
39.6601 16.5000 3637.8380 0.4528 0.1564 -0.6283 3.1595 6.0000 29.8016 0.0034 
39.6919 16.5000 3650.4612 0.4519 0.1562 -0.6291 3.1495 6.0000 29.9569 0.0037 
39.6712 16.5000 3642.4709 0.4527 0.1578 -0.6250 3.1632 6.0000 29.4108 0.0037 
39.6609 16.5000 3639.2333 0.4488 0.1548 -0.6258 3.1563 6.0000 29.6411 0.0040 
39.6597 16.5000 3638.3706 0.4521 0.1559 -0.6251 3.1569 6.0000 29.6614 0.0039 
39.6479 16.5000 3634.8005 0.4471 0.1546 -0.6277 3.1597 6.0000 29.3220 0.0034 
39.6492 16.5000 3636.6070 0.4485 0.1539 -0.6232 3.1530 6.0000 29.8655 0.0034 
39.6700 16.5000 3643.5532 0.4508 0.1545 -0.6260 3.1594 6.0000 29.8161 0.0034 
39.6700 16.5000 3640.4707 0.4534 0.1563 -0.6321 3.1546 6.0000 29.5892 0.0033 
39.6702 16.5000 3641.8916 0.4458 0.1512 -0.6244 3.1495 6.0000 28.3459 0.0033 
39.6760 16.5000 3642.8082 0.4527 0.1585 -0.6227 3.1644 6.0000 19.7107 0.0033 
